1	75
2	49
3	36
4	29
5	26
6	21
7	36
8	22
9	35
10	26
16394	1
11	30
12	29
13	42
16397	1
14	35
15	37
16	28
17	25
18	22
19	33
20	20
21	22
22	16
23	23
24	27
16409	1
25	26
26	30
16411	1
27	18
28	25
29	28
30	19
31	31
16415	1
32	17
16416	1
33	32
34	25
35	23
36	24
37	29
38	19
39	18
40	23
16424	2
41	23
42	26
43	30
44	26
45	22
46	15
47	29
16431	2
48	21
49	25
50	23
51	16
52	15
53	22
54	23
55	23
16439	1
56	18
16440	1
57	27
58	29
59	24
60	21
16444	1
61	19
16445	2
16446	2
62	24
63	29
64	17
65	26
66	16
67	17
16451	1
68	20
69	15
70	31
71	27
16456	1
72	24
73	20
74	25
75	29
76	15
77	17
16461	1
78	22
16462	1
79	18
80	25
81	19
16466	1
82	27
83	15
84	16
85	17
86	17
16470	2
87	18
16472	1
88	13
89	16
90	16
91	19
16475	1
16476	2
92	17
93	17
16477	1
94	17
95	18
96	16
16481	1
97	15
98	18
16482	1
99	15
100	17
101	10
102	21
103	8
104	4
105	15
106	15
16490	1
16491	1
107	13
108	12
109	15
110	9
111	12
112	15
113	16
114	11
115	15
116	10
117	11
16501	1
118	12
119	10
16503	1
120	18
121	7
122	7
123	10
124	7
16508	1
125	9
126	13
127	13
16511	1
128	9
129	12
16513	1
130	13
131	9
132	8
133	8
134	9
135	14
136	10
16520	1
137	8
16521	1
138	11
139	10
140	7
16525	1
141	13
142	15
143	10
144	11
145	7
146	8
147	9
16531	1
148	6
149	9
150	8
151	6
16535	1
152	9
153	10
154	9
155	13
156	9
16540	1
16541	1
157	6
158	11
159	4
160	13
161	10
162	7
163	4
164	8
165	5
166	4
16551	1
167	8
168	8
169	9
170	6
171	7
172	8
173	4
16557	1
174	9
175	6
176	10
177	7
178	8
179	7
16564	2
180	6
181	12
182	6
16566	1
183	9
184	3
185	7
186	8
16570	1
187	9
16571	1
188	6
189	6
190	8
16574	1
191	9
192	6
193	2
194	8
195	7
16579	1
196	6
197	5
198	7
199	11
200	12
201	6
202	6
203	8
204	6
16588	1
205	5
206	6
207	7
208	5
209	4
210	9
211	8
212	7
213	1
214	8
215	8
16599	1
216	3
217	5
218	10
16602	1
219	5
220	10
221	2
222	6
16606	1
223	10
16607	1
224	11
225	7
226	8
227	7
228	6
229	3
230	2
231	7
232	5
16616	1
16617	2
233	5
234	9
16618	1
235	5
236	4
237	5
16621	1
238	10
239	4
240	4
16624	1
241	4
242	7
243	7
244	6
16629	1
245	8
246	10
247	8
248	9
249	7
250	12
251	4
252	6
16636	1
253	9
254	5
255	8
256	2
257	7
258	9
259	10
16644	2
260	9
261	5
16645	2
262	4
263	6
264	4
265	3
16649	1
266	7
268	4
269	11
16653	1
270	5
271	5
272	13
273	5
274	6
275	9
276	7
277	4
16661	1
278	6
279	4
280	3
281	5
282	8
283	3
16667	2
284	11
285	2
286	8
16670	1
287	7
288	7
289	7
290	9
291	5
292	9
293	6
294	5
295	5
296	13
16680	1
297	5
298	2
299	6
300	6
301	6
302	12
303	3
304	11
305	10
306	2
307	4
308	6
309	2
310	6
311	8
312	4
313	6
16697	1
314	8
16699	1
315	10
316	7
317	7
318	5
319	5
320	5
321	3
16705	1
322	3
323	4
16707	1
324	3
16708	1
325	9
16709	1
326	4
327	3
328	3
329	6
330	9
331	8
332	4
16716	2
333	11
334	8
335	4
336	4
16720	1
337	9
16721	1
338	8
339	7
340	3
16724	1
341	5
342	5
16726	1
343	8
344	4
345	8
346	6
347	3
348	3
349	6
350	4
16735	1
351	6
352	7
353	5
354	10
355	2
356	3
357	3
358	2
359	7
360	8
16744	2
361	7
362	10
363	7
364	5
16748	1
365	5
366	11
367	3
368	8
369	4
16754	1
370	6
371	2
372	1
16756	1
373	5
374	5
375	5
376	3
377	5
378	10
16762	1
379	2
16764	1
381	4
382	4
383	9
384	9
16768	1
385	7
386	3
387	2
388	7
389	6
390	5
16774	1
391	2
392	5
393	1
394	2
16779	1
395	4
396	7
16780	1
397	2
398	1
399	4
400	3
401	5
402	1
16787	1
403	3
405	4
406	2
407	3
408	3
16792	1
409	2
410	3
16794	1
412	2
16797	2
413	4
414	5
415	5
416	5
417	2
418	2
419	6
420	2
421	4
422	3
16806	2
423	4
424	6
16808	1
425	4
426	5
427	5
16812	1
428	1
429	6
430	5
16815	1
431	4
432	3
433	8
434	5
435	4
436	4
437	5
438	4
439	4
440	6
441	3
442	1
443	4
444	3
445	6
446	1
447	3
448	1
449	1
450	3
451	3
452	5
453	6
16837	1
454	7
455	4
16839	1
456	6
457	5
16841	2
458	2
459	4
460	4
16844	1
461	7
463	4
464	3
465	4
466	6
16851	1
467	1
468	7
469	5
470	4
16854	1
471	3
472	3
16856	1
473	1
16857	2
474	5
475	4
476	9
477	3
478	3
479	3
480	3
16865	1
481	8
482	7
483	3
484	6
485	6
486	4
487	7
488	3
489	2
490	4
491	5
492	6
493	2
494	4
495	4
496	5
497	7
16881	1
498	7
499	3
500	8
501	5
16886	1
502	4
503	7
504	6
16889	1
505	4
506	7
16890	1
507	8
508	8
509	11
510	2
511	3
16895	1
512	5
513	7
514	5
515	4
516	6
517	8
518	5
519	6
520	5
521	3
522	3
523	8
524	12
16909	1
525	8
526	8
16910	2
527	6
528	6
529	7
530	6
531	6
532	6
16916	1
533	8
16917	1
534	7
535	8
536	3
537	3
538	7
16922	1
539	4
540	10
541	7
16926	1
542	1
543	4
544	8
16928	1
545	3
546	9
547	3
548	5
549	6
550	3
551	7
552	11
553	6
554	5
555	8
556	5
557	7
16942	2
558	9
559	9
560	4
561	6
16945	2
16946	1
562	5
563	7
564	9
16948	1
565	3
566	3
567	6
568	6
569	8
570	7
571	6
572	10
573	4
574	9
575	4
16959	1
576	9
577	7
578	8
579	12
580	11
16964	1
581	7
582	5
583	9
16967	1
584	3
585	4
586	7
587	7
588	10
589	9
590	9
591	5
592	6
593	3
594	6
595	6
596	7
597	7
598	5
599	6
600	9
601	6
602	6
603	5
604	9
605	12
16989	1
606	9
16990	1
607	11
608	4
609	10
610	6
16994	2
611	7
612	10
613	8
614	7
615	7
616	11
617	9
17001	1
618	11
619	6
620	11
621	5
622	6
17006	1
623	9
17007	1
624	6
17008	1
625	9
626	6
627	7
628	6
17013	1
629	6
630	8
631	9
632	5
633	7
634	14
635	10
17019	1
636	4
637	12
638	7
639	4
640	5
641	5
642	11
17026	1
643	11
644	8
645	9
646	8
647	3
648	9
649	7
650	7
651	7
17035	1
652	10
653	7
654	9
655	14
656	9
657	7
17041	1
658	2
659	5
660	5
661	9
662	9
663	12
664	6
665	8
17049	1
666	5
667	11
668	9
17052	1
669	5
670	5
671	6
17055	2
672	7
673	9
17057	1
674	11
675	4
17060	1
676	11
677	4
678	6
17062	1
679	7
680	10
681	7
682	5
17066	1
683	11
684	9
685	6
686	12
687	10
688	15
689	8
690	7
691	6
692	9
17076	1
693	5
694	6
17079	1
695	3
696	3
17080	1
697	8
698	6
699	11
700	4
701	8
702	6
17086	1
703	12
704	13
705	8
706	6
17091	1
707	10
708	4
709	6
17093	1
710	13
711	8
17096	1
712	12
713	4
714	8
715	5
17099	1
716	6
717	6
718	10
719	9
720	10
721	5
17105	1
722	8
723	5
724	9
725	7
726	4
727	10
17112	1
728	7
729	5
730	15
731	6
732	3
733	6
734	7
735	7
736	12
737	8
738	8
17122	1
739	7
740	6
741	4
742	10
743	6
744	7
745	6
746	3
747	5
748	10
17132	1
749	9
750	7
751	5
752	5
753	3
754	8
755	9
756	7
757	4
758	10
759	7
760	9
761	8
762	6
763	2
764	2
765	11
766	4
767	6
768	12
769	11
770	7
771	6
772	6
773	10
774	8
775	12
776	6
777	6
17161	1
778	8
17162	1
779	7
780	7
17164	1
781	8
782	7
783	7
784	9
785	4
786	5
787	6
788	8
17172	1
789	7
790	9
791	1
792	6
793	13
794	14
795	7
796	11
797	8
798	8
799	9
800	5
17184	1
801	7
802	11
803	3
804	6
805	7
806	6
807	5
808	5
809	9
17193	1
810	4
811	5
812	7
813	10
814	4
815	5
816	8
817	9
818	9
819	6
820	6
17204	1
821	1
822	3
823	8
17208	1
824	10
825	5
826	11
827	6
828	8
17212	1
829	8
830	6
17214	1
831	7
17216	1
832	7
833	9
834	4
835	5
836	7
17221	1
837	5
838	9
17222	1
839	5
840	14
17224	1
841	7
842	4
17227	1
843	4
844	8
845	4
846	8
17230	1
847	3
848	9
849	4
850	3
17234	1
851	5
852	4
853	6
854	12
855	9
856	6
857	9
858	8
859	8
860	9
861	8
17245	1
862	7
863	6
864	4
865	9
866	6
867	4
868	6
869	8
17253	1
870	6
871	5
872	3
873	9
874	5
875	6
876	6
877	6
878	11
879	6
17263	1
880	7
881	4
882	4
883	2
884	5
17268	1
885	5
886	2
887	6
888	5
889	8
890	10
891	5
892	7
17277	1
893	5
17278	1
894	6
895	6
896	4
897	8
17281	1
898	6
17282	1
899	7
900	5
901	7
902	8
17286	1
903	8
904	6
905	5
906	3
907	10
908	5
909	4
910	5
911	6
17296	3
912	8
913	5
914	10
915	5
916	3
917	7
918	7
919	8
920	7
921	10
922	6
923	5
924	6
925	4
926	11
927	8
928	9
929	13
930	6
931	8
932	9
17316	2
933	3
17317	1
934	11
935	5
936	8
17320	1
937	11
17321	1
938	5
939	8
940	6
941	9
17326	1
942	1
943	4
944	7
945	11
946	13
947	4
948	12
949	2
950	6
17334	1
951	4
952	5
953	5
954	7
17338	1
955	8
956	10
957	7
958	6
959	7
960	8
17344	1
961	11
962	6
963	9
964	5
17348	1
965	11
966	6
967	10
968	4
969	6
970	8
971	14
972	6
973	6
974	2
975	5
976	4
977	5
978	5
979	5
980	9
981	4
982	6
983	8
984	7
985	3
986	10
17370	1
987	7
988	11
989	10
990	6
17374	1
991	7
992	3
993	11
994	6
17378	1
995	5
17380	1
996	13
997	8
17381	2
998	8
999	5
1000	4
1001	5
1002	6
1003	7
1004	7
1005	6
1006	11
17390	1
1007	6
1008	3
1009	4
1010	5
1011	2
1012	10
1013	5
1014	4
1015	14
1016	8
1017	7
1018	6
1019	9
1020	6
1021	5
1022	6
1023	9
1024	7
17408	1
1025	6
17409	2
1026	9
1027	2
1028	17
1029	7
1030	7
1031	6
1032	8
1033	7
1034	6
1035	6
1036	7
17420	2
17421	1
1037	6
1038	7
1039	4
1040	5
1041	12
1042	15
1043	4
1044	6
1045	7
1046	5
1047	8
17431	1
1048	6
1049	3
1050	9
1051	10
1052	6
1053	5
1054	8
1055	3
1056	2
1057	9
1058	6
1059	5
1060	9
17445	1
1061	8
1062	4
1063	5
1064	6
17448	1
1065	9
1066	8
1067	8
1068	4
1069	4
1070	8
1071	6
1072	5
1073	7
1074	8
1075	17
1076	7
1077	9
1078	2
1079	10
1080	7
1081	5
1082	6
1083	4
1084	7
1085	5
1086	4
1087	6
1088	4
1089	9
1090	5
1091	4
1092	8
1093	7
1094	7
1095	4
1096	7
1097	4
1098	16
1099	4
17483	1
1100	2
1101	9
1102	3
1103	6
1104	8
1105	7
1106	6
1107	8
1108	2
1109	6
1110	7
1111	9
1112	9
17496	1
1113	8
1114	6
1115	10
1116	10
1117	7
1118	4
1119	3
1120	8
1121	8
1122	15
1123	5
1124	10
1125	10
17509	1
1126	9
1127	4
17511	1
1128	10
17512	1
1129	6
1130	12
1131	11
1132	4
1133	6
1134	8
1135	5
1136	7
1137	11
1138	7
1139	9
1140	10
1141	11
1142	4
1143	6
17527	1
1144	7
1145	7
1146	11
1147	13
1148	10
17532	1
1149	12
1150	6
17534	1
1151	6
1152	11
1153	5
1154	7
1155	6
1156	11
1157	6
1158	8
1159	6
1160	5
1161	5
1162	8
1163	13
17547	2
1164	4
1165	6
1166	5
1167	6
1168	3
1169	5
1170	7
1171	9
17555	1
1172	8
1173	7
1174	7
1175	6
1176	5
1177	6
17561	1
1178	4
1179	4
1180	7
1181	4
1182	8
1183	12
17567	1
1184	7
1185	6
1186	9
1187	5
1188	6
1189	16
1190	13
1191	7
1192	11
1193	2
1194	8
1195	7
17579	1
1196	8
1197	6
1198	11
1199	4
1200	8
1201	12
1202	4
1203	5
1204	9
1205	11
1206	9
1207	6
1208	8
1209	8
1210	7
17594	1
1211	5
1212	5
1213	7
1214	10
1215	9
1216	5
17600	1
1217	7
1218	5
1219	7
17603	1
1220	5
1221	11
1222	9
17606	1
1223	12
1224	9
1225	11
1226	6
1227	10
1228	8
1229	6
1230	3
1231	4
1232	7
1233	4
17617	1
1234	3
1235	5
1236	10
1237	9
1238	6
1239	6
1240	5
1241	8
1242	8
1243	8
1244	7
1245	10
17629	1
1246	9
1247	5
1248	12
1249	12
1250	6
1251	14
1252	11
1253	9
1254	3
1255	6
1256	6
1257	12
17641	1
1258	12
17642	1
1259	10
1260	4
1261	12
17645	1
1262	8
1263	6
1264	2
1265	7
1266	10
1267	6
1268	14
17652	1
1269	12
1270	7
1271	10
1272	9
1273	10
1274	4
1275	8
1276	3
1277	5
1278	10
1279	10
1280	10
17664	1
1281	9
1282	7
1283	10
17667	1
1284	8
1285	8
1286	7
1287	11
1288	12
17672	1
1289	9
17673	1
1290	6
1291	15
1292	11
1293	8
17677	2
1294	8
1295	10
1296	7
1297	13
1298	14
1299	10
1300	11
1301	15
1302	9
1303	6
1304	8
1305	8
1306	7
1307	8
1308	10
1309	5
17693	1
1310	8
1311	12
1312	6
1313	13
1314	8
1315	3
1316	8
1317	7
1318	12
1319	9
1320	4
1321	10
1322	4
1323	14
1324	12
1325	15
1326	14
1327	5
1328	7
1329	12
17714	1
1330	14
1331	6
1332	12
1333	8
1334	13
1335	10
1336	15
1337	9
1338	8
1339	17
1340	11
1341	9
1342	7
1343	10
1344	7
1345	6
1346	16
1347	13
1348	8
1349	13
1350	3
1351	11
1352	13
17736	1
1353	11
1354	13
1355	14
1356	7
1357	10
1358	8
1359	11
1360	10
1361	11
1362	7
1363	8
1364	9
17748	1
1365	9
1366	10
1367	5
1368	7
17752	1
1369	5
1370	8
1371	7
1372	11
1373	11
1374	4
1375	7
1376	8
17760	1
1377	9
1378	6
1379	13
1380	8
1381	11
1382	3
1383	9
1384	10
1385	11
17769	1
1386	12
1387	8
1388	7
17772	1
1389	8
1390	9
1391	11
1392	2
1393	9
1394	4
1395	11
1396	14
1397	4
1398	12
1399	12
1400	9
1401	9
1402	10
1403	6
1404	11
1405	4
1406	10
1407	13
1408	11
1409	11
1410	5
1411	10
1412	7
1413	7
1414	8
1415	10
1416	9
1417	17
1418	11
1419	9
1420	5
1421	13
1422	5
1423	7
1424	9
1425	5
1426	10
1427	7
1428	7
1429	9
1430	11
1431	11
1432	13
1433	7
1434	6
1435	19
1436	10
1437	9
1438	2
1439	7
1440	8
1441	9
17825	1
1442	11
1443	10
1444	7
1445	6
1446	7
1447	9
1448	10
1449	10
1450	9
17834	1
1451	4
1452	6
1453	9
1454	13
1455	8
1456	7
1457	10
1458	9
1459	11
1460	7
1461	8
17845	1
1462	8
1463	10
1464	13
1465	9
1466	13
17850	1
1467	7
1468	7
1469	8
1470	8
1471	9
17856	1
1472	9
1473	8
17857	1
1474	13
1475	4
1476	8
1477	8
1478	19
1479	2
1480	5
17864	1
1481	6
1482	8
1483	4
1484	12
17868	1
1485	5
1486	10
17870	1
1487	7
17871	1
1488	9
17872	1
1489	6
17874	1
1490	5
1491	8
1492	14
1493	13
1494	8
1495	6
1496	7
1497	12
1498	10
1499	5
1500	5
1501	9
1502	8
1503	10
1504	7
1505	11
1506	17
1507	12
1508	2
1509	7
1510	8
1511	10
1512	4
1513	9
1514	8
1515	9
1516	13
1517	10
1518	3
1519	6
1520	10
1521	10
1522	6
1523	4
1524	8
1525	11
1526	9
1527	11
1528	8
1529	6
1530	9
1531	7
1532	4
1533	11
1534	12
1535	4
1536	8
1537	9
17921	1
1538	9
1539	8
1540	10
1541	12
1542	6
1543	12
1544	11
1545	4
1546	10
1547	6
1548	11
17932	1
1549	12
1550	15
17934	1
1551	10
1552	16
17936	1
1553	9
17938	1
1554	3
1555	13
1556	11
1557	11
1558	11
1559	5
1560	8
1561	6
1562	7
1563	9
1564	10
1565	6
1566	11
1567	8
1568	10
1569	7
1570	6
1571	5
1572	9
1573	9
1574	13
1575	13
1576	6
17960	1
1577	9
1578	5
17962	1
1579	5
1580	8
1581	8
1582	7
1583	4
1584	7
1585	6
17970	1
1586	6
1587	13
17971	1
17972	2
1588	8
1589	7
1590	4
1591	12
1592	8
1593	11
1594	8
1595	2
1596	9
1597	12
1598	3
1599	7
1600	12
1601	7
1602	7
1603	7
1604	7
1605	16
1606	9
1607	7
1608	8
1609	7
1610	5
1611	7
1612	10
1613	12
1614	9
1615	7
1616	7
1617	10
1618	11
18002	1
1619	7
1620	9
1621	6
1622	12
1623	10
1624	6
1625	10
1626	9
1627	13
1628	7
1629	7
1630	9
1631	9
1632	6
1633	12
1634	10
18018	1
1635	7
1636	8
1637	7
1638	6
1639	7
1640	11
18024	1
1641	8
1642	9
1643	9
1644	9
1645	12
1646	9
1647	6
1648	12
1649	7
1650	8
1651	11
1652	10
1653	6
1654	8
1655	8
1656	6
1657	12
1658	9
1659	8
18043	1
1660	6
1661	4
1662	4
1663	5
1664	5
1665	12
1666	5
1667	8
1668	4
1669	7
1670	11
1671	8
1672	13
1673	11
1674	4
1675	5
1676	6
1677	6
1678	10
1679	4
1680	11
1681	5
1682	10
1683	5
1684	14
1685	14
18069	1
1686	11
1687	11
18071	1
1688	15
1689	7
1690	10
1691	7
1692	9
1693	7
1694	9
1695	5
1696	8
1697	8
1698	4
1699	9
18083	1
1700	7
1701	7
1702	7
1703	10
18087	1
1704	8
1705	10
1706	8
1707	5
1708	13
1709	15
1710	6
1711	7
1712	6
18096	1
1713	7
1714	7
18098	1
1715	4
1716	6
1717	8
1718	6
1719	9
1720	11
1721	5
1722	5
1723	4
1724	9
1725	9
1726	7
1727	6
1728	5
1729	9
1730	12
1731	7
1732	3
1733	7
1734	7
1735	6
1736	8
1737	3
1738	10
1739	9
18123	1
1740	9
1741	4
1742	9
1743	8
1744	5
1745	7
1746	7
1747	11
1748	5
1749	5
1750	9
1751	3
1752	7
18136	1
1753	6
1754	7
1755	6
1756	10
1757	3
1758	4
1759	6
1760	10
1761	6
1762	6
1763	14
1764	8
1765	5
1766	6
1767	5
1768	5
1769	7
1770	8
1771	6
18155	1
1772	5
18156	1
1773	6
1774	5
1775	9
1776	3
1777	5
1778	6
1779	6
1780	8
1781	7
1782	10
1783	8
1784	6
1785	5
1786	1
1787	8
1788	5
1789	3
18173	1
1790	4
1791	3
1792	5
1793	10
1794	7
1795	6
1796	9
1797	12
1798	4
1799	7
1800	8
1801	12
1802	8
1803	12
1804	6
1805	4
1806	7
1807	6
1808	6
1809	7
18193	1
1810	12
18194	1
1811	4
1812	11
1813	6
1814	7
1815	12
1816	11
1817	11
1818	5
1819	4
1820	6
1821	6
1822	7
1823	6
1824	7
1825	7
1826	6
18210	1
1827	4
1828	8
1829	5
1830	4
1831	5
1832	8
1833	9
1834	11
18218	1
1835	9
1836	7
1837	7
1838	3
1839	4
1840	10
1841	5
1842	7
1843	6
1844	4
1845	9
1846	7
1847	5
1848	8
1849	4
1850	7
18234	1
1851	7
1852	12
1853	4
1854	7
1855	4
1856	8
18240	1
1857	13
1858	4
1859	7
1860	5
1861	9
1862	6
1863	5
1864	5
1865	5
18250	1
1866	4
1867	10
1868	7
1869	4
1870	6
1871	4
1872	11
1873	2
1874	4
1875	1
1876	7
1877	9
18261	2
1878	5
1879	4
1880	8
1881	5
1882	5
1883	6
18267	1
1884	1
1885	4
1886	9
1887	6
1888	5
1889	4
1890	5
1891	7
1892	8
1893	4
1894	2
1895	8
1896	10
1897	5
1898	6
1899	3
1900	8
1901	7
1902	4
1903	7
1904	4
1905	3
1906	6
1907	7
1908	7
1909	4
1910	4
1911	3
1912	3
1913	6
1914	5
1915	7
1916	6
18300	1
18301	1
1917	6
1918	6
1919	7
1920	12
1921	6
1922	10
1923	4
1924	6
1925	6
1926	9
1927	5
1928	3
1929	8
1930	9
1931	7
18315	1
1932	6
1933	4
1934	4
1935	6
1936	4
1937	5
1938	9
1939	9
18323	1
1940	7
1941	5
1942	6
1943	7
1944	9
1945	9
1946	4
1947	7
1948	8
1949	6
1950	4
1951	8
1952	8
1953	4
18337	1
1954	6
1955	4
1956	8
18340	1
1957	2
1958	6
1959	7
1960	5
1961	4
1962	7
1963	8
1964	4
1965	3
1966	11
1967	10
1968	5
1969	1
1970	3
1971	7
1972	3
1973	9
1974	3
1975	4
1976	11
1977	7
1978	12
1979	3
1980	6
1981	4
1982	2
1983	12
1984	8
1985	5
1986	5
18370	1
1987	5
1988	3
1989	3
1990	1
1991	4
1992	7
1993	3
1994	4
1995	6
1996	1
1997	5
1998	6
1999	5
2000	4
2001	9
2002	10
2003	5
2004	4
2005	6
2006	2
2007	5
2008	5
2009	6
2010	4
2011	6
2012	5
2013	7
2014	8
2015	9
2016	6
2017	5
2018	2
2019	9
2020	10
2021	5
2022	1
2023	5
18408	1
2024	11
2025	3
2026	4
2027	6
2028	6
2029	3
2030	9
2031	6
2032	9
2033	5
2034	2
2035	5
2036	5
2037	2
18421	1
2038	6
2039	12
2040	6
2041	5
2042	5
2043	4
2044	3
2045	5
2046	5
2047	8
2048	7
2049	3
2050	6
2051	6
2052	6
2053	5
2054	2
2055	7
2056	7
2057	4
2058	3
2059	6
2060	10
2061	3
2062	6
2063	6
2064	4
2065	4
2066	5
2067	10
2068	7
2069	3
2070	3
2071	8
2072	2
18456	1
2073	11
18458	1
2074	8
2075	4
2076	4
2077	8
18462	1
2079	3
2080	5
2081	4
2082	3
18466	1
2083	5
2084	6
2085	10
18469	1
2086	3
2087	8
2088	5
2089	7
2090	10
2091	8
2092	7
2093	7
2094	5
2095	10
2096	3
2097	2
2098	10
2099	7
2100	8
2101	5
2102	6
2103	6
2104	7
2105	2
2106	5
2107	4
2108	6
2109	9
2110	6
2111	7
2112	8
2113	3
2114	5
2115	9
2116	6
2117	6
2118	3
2119	4
2120	5
2121	3
2122	14
2123	5
2124	3
2125	5
2126	6
2127	8
2128	5
2129	4
2130	1
2131	6
2132	6
2133	1
2134	9
2135	4
18519	1
2136	2
2137	7
2138	10
2139	6
2140	3
2141	8
2142	4
2143	5
2144	1
2145	4
2146	2
2147	4
2148	4
2149	7
2150	4
2151	3
2152	3
2153	4
2154	4
2155	4
2156	5
2157	5
2158	3
2159	1
2160	7
2161	5
2162	3
2163	6
2164	6
2165	7
2166	5
2167	4
2168	3
2169	7
2170	3
2171	5
2172	9
2173	3
2174	5
2175	5
2176	5
2177	5
2178	5
2179	7
2180	5
2181	2
2182	3
2183	4
2184	3
2185	5
2186	5
2187	6
2188	7
2189	8
2190	7
18574	1
2191	7
2192	7
2193	6
2194	10
2195	4
2196	9
2197	3
2198	5
2199	4
2200	6
2201	4
2202	10
2203	5
2204	3
2205	6
2206	6
2207	5
2208	3
2209	6
2210	2
2211	11
2212	7
2213	7
2214	5
2215	6
2216	2
2217	7
2218	6
2219	1
2220	9
2221	3
2222	2
2223	7
2224	6
2225	7
2226	1
2227	3
2228	3
2229	6
2230	4
2231	5
2232	2
2233	5
2234	6
2235	6
2236	4
2237	7
2238	4
2239	3
2240	5
2241	5
2242	5
2243	5
2244	6
2245	2
2246	6
2247	2
2248	1
2249	3
2250	6
2251	6
2252	3
18636	1
2253	7
2254	6
18638	1
2255	9
2256	2
2257	5
2258	7
2259	3
2260	1
2261	4
2262	8
2263	8
2264	3
2265	3
2266	6
2267	4
18651	1
2268	2
2269	4
2270	1
2271	3
2272	10
2273	7
2274	4
2276	3
2277	3
2278	3
2279	3
2280	8
2281	2
2282	5
2283	3
2284	7
2285	6
2286	3
2287	2
2288	3
2289	8
2290	7
2291	5
2292	4
2293	3
2294	4
2295	5
2296	4
2297	6
2298	4
2299	5
2300	6
2301	4
2302	6
18687	1
2303	6
2304	4
2305	5
2306	3
2307	3
2308	6
2309	4
2310	5
2311	4
2312	4
2313	5
2314	3
2315	4
2316	3
2317	6
2318	2
2319	5
2320	6
2321	6
2322	4
2323	2
2324	5
2325	6
2326	11
2327	8
2328	5
2329	1
2330	4
2331	5
2332	2
2333	5
2334	5
2335	3
2336	6
2337	3
2338	4
2339	4
2340	6
2341	11
2342	4
2343	6
2344	2
2345	8
2346	2
2347	1
2348	5
2349	2
2350	3
2351	3
2352	4
2353	5
2354	1
2355	2
2356	1
2357	6
2358	6
2359	7
2360	9
2361	5
2362	8
2363	5
2364	6
2365	4
2366	2
2367	6
2368	4
2369	4
2370	8
2371	3
18756	1
2372	8
2373	4
2374	3
2375	5
2376	2
2377	6
2378	5
2379	5
2380	4
2381	1
2382	3
2383	4
2384	7
2386	1
18770	1
2387	3
2388	5
2389	7
2390	5
2391	1
2392	7
2393	4
18779	1
2395	6
2396	4
2397	4
2398	4
2399	7
2400	2
2401	3
2402	5
2403	3
2404	2
2405	3
2406	5
2407	4
2408	4
2409	5
2410	3
18794	1
2411	7
2412	2
2413	5
2414	5
2415	1
2416	7
2417	1
2418	2
2419	8
2420	6
2421	9
2422	4
2423	3
2424	5
2425	5
2426	4
2427	4
2429	6
2430	6
2431	3
2432	4
2433	3
2434	3
2435	7
2436	3
2437	5
2438	1
2439	5
2440	1
2441	3
2442	3
2443	3
2444	5
2445	3
2446	5
2447	2
2449	7
2450	3
18834	1
2451	7
2452	7
2453	2
2454	5
2455	3
2456	2
2457	4
18841	1
2458	7
18842	1
2459	7
2460	2
2461	3
2462	4
2463	5
2464	2
2465	2
2466	3
2467	1
2468	2
2469	3
2470	9
2471	3
2472	2
2473	5
2474	3
2475	5
2476	7
2477	7
2478	4
2479	5
2480	5
2481	4
2482	5
2483	1
2484	4
2485	4
2486	2
2487	1
2488	4
2489	2
2490	5
2491	5
2492	5
2493	3
2494	5
2495	3
2496	3
2497	4
2498	5
2499	3
2500	5
2501	4
2502	6
2503	2
2504	2
2505	2
2506	2
2507	5
2508	3
2509	7
2510	1
2511	5
2512	5
2513	5
2514	3
2515	5
2516	11
2517	1
2520	4
2521	5
2522	4
2523	7
2524	1
2525	1
2526	2
2527	7
2528	2
18912	1
2529	4
2530	7
2531	2
2532	4
2533	1
2534	4
2535	4
2536	4
2537	6
2538	4
2539	4
2541	2
2542	5
2543	4
2544	5
2545	5
2546	7
2547	6
2548	5
2549	5
2550	2
2551	4
2552	2
2553	3
2554	2
2555	3
2556	9
2557	1
2558	2
2559	5
2560	5
2561	4
2562	5
2563	7
2564	3
18948	1
2565	1
18949	1
2566	5
2567	7
2568	6
2569	3
2570	1
2571	2
2572	3
2573	5
2574	2
2575	4
2576	10
2577	7
2578	4
2579	3
2581	8
2582	2
2583	2
2584	4
2585	5
18969	1
2586	8
2587	3
2588	1
2589	1
2590	4
2591	2
2593	2
2594	6
2595	3
2596	1
2597	5
2598	2
2599	4
2600	5
2601	3
2602	7
2603	3
2604	3
2605	2
2607	3
18991	1
2608	3
2609	5
2610	4
2611	8
2612	1
2613	8
2614	1
2615	5
2616	1
2617	4
2618	5
2619	5
2620	4
2621	3
2622	5
2623	6
2624	2
2626	3
2627	4
2628	2
2629	4
2630	1
2631	1
2632	2
2633	5
2634	1
2635	8
2636	3
2637	3
2638	4
2639	2
19023	1
2640	4
2641	3
2642	4
2643	3
2645	3
2646	2
2647	2
2648	2
2649	5
2650	4
2651	3
2652	4
2653	5
2654	5
2655	5
2656	7
2657	1
2658	3
19042	1
2659	4
2660	1
2661	5
2662	2
2663	1
2664	4
2665	4
2666	3
2667	3
2668	3
2669	4
2670	1
2671	3
2672	5
2673	2
2674	3
2675	6
2676	2
2677	5
2678	1
2679	2
2680	3
2681	2
2682	2
2683	2
2684	6
2685	3
2686	2
2687	1
2688	5
2689	6
2690	6
2691	3
2692	1
2693	2
2694	8
2695	1
2696	6
2697	3
2698	3
2699	3
2700	3
2701	5
2702	2
2703	3
2704	2
2705	5
2706	4
2707	2
2708	1
2709	3
2710	6
2711	2
2712	6
2713	5
2714	2
2715	4
2717	4
2719	3
2720	1
2721	4
2722	4
2723	5
2724	3
2725	3
2726	2
2727	2
2728	10
2729	4
2730	1
19114	1
2731	3
2732	3
2733	2
2734	1
2735	4
2736	6
2737	1
19121	1
2738	5
2739	4
2740	2
2741	3
2742	4
2743	4
2744	1
2745	1
2746	5
2747	2
2748	4
2749	3
2750	2
2751	3
2752	1
2753	2
2754	4
2755	3
2756	3
2757	2
2758	4
2759	7
2760	6
19144	1
2761	1
2762	3
2763	2
2764	4
2765	2
2766	7
2767	2
2768	1
2769	1
19153	1
2770	5
2771	2
2772	2
2773	3
2774	4
2775	4
2776	8
2777	7
2778	5
2779	7
2781	2
2782	1
2783	2
2784	2
2785	5
2786	1
2787	1
2789	7
2790	5
2791	1
2792	2
2793	5
2794	2
2795	1
2796	2
2797	1
2798	1
2799	1
2800	3
2801	4
2802	5
2803	3
2804	3
2805	5
2806	1
19190	1
2807	3
2808	6
2809	2
2810	6
2811	4
2812	4
2813	6
2814	3
2815	3
2816	1
2817	3
2818	4
2819	1
2820	4
2821	2
2822	2
2823	4
2824	2
2825	3
2826	4
2827	1
2828	1
2829	3
2830	2
2831	4
2832	2
2833	6
2834	4
2835	1
2837	2
2838	6
2839	5
2840	2
2841	3
2842	2
2843	1
2844	3
2845	3
2847	1
2848	1
2849	2
2850	2
2851	1
2852	3
2853	3
2854	3
2856	1
2857	4
19242	1
2859	3
2860	2
2861	5
2862	2
2863	4
2864	3
2865	3
2866	3
2867	3
2868	3
2869	3
2870	3
2871	2
2872	3
2873	2
2874	4
2875	4
2876	7
2877	2
2878	2
2879	2
2880	2
2881	2
2882	3
2883	4
2884	3
2885	2
2886	2
2887	4
2888	3
2889	4
2890	2
2892	1
2893	5
19277	1
2894	3
2895	2
2896	3
19280	1
2897	4
2898	2
2899	5
2900	2
2901	4
2902	1
2903	6
2904	6
2905	5
2906	4
2907	3
2908	5
2909	3
2910	5
2911	4
2912	2
2913	7
2914	4
2915	1
2916	2
2917	3
2918	5
2920	1
2921	1
2922	3
2923	2
2924	1
2925	2
2926	2
2927	3
2928	2
2929	4
2930	1
2931	2
2932	1
2933	3
2934	3
2935	3
2936	3
2937	5
2938	4
2939	2
2941	7
2942	2
2943	4
2944	5
2945	2
2946	2
19330	1
2947	1
2948	2
2949	2
2950	1
2951	1
2952	1
2953	1
2954	1
2955	2
2956	4
2957	5
2958	1
2959	1
2960	3
2961	2
2962	3
2963	5
2964	2
2965	3
2966	5
2967	6
2968	2
2970	3
2971	3
2972	1
2973	5
2974	3
2975	5
2976	4
2977	7
2978	2
2979	1
2980	3
2981	2
2982	2
2983	2
2984	3
2985	4
2986	3
2987	4
2988	4
2989	2
2990	3
2991	1
2992	1
2993	4
19377	1
2994	1
2996	2
2997	4
2998	3
2999	5
3001	2
3002	2
3003	1
3004	2
3005	3
3006	2
3007	4
3008	2
3009	3
3010	2
3011	3
3012	1
3013	2
3014	6
3015	4
3016	2
3017	5
3018	3
3019	2
3020	4
3021	4
3022	1
3023	3
3024	3
3025	2
3026	4
3027	1
3028	1
3029	2
3030	2
3031	6
3032	2
3033	6
3034	2
3035	1
19419	1
3036	3
3037	1
3038	2
3039	2
3040	3
3041	3
3042	2
3043	3
3044	2
3045	2
3047	3
3048	5
3049	9
3050	1
3051	2
19435	1
3053	1
3054	2
3055	5
3056	5
3057	2
3058	4
3059	2
3060	5
3061	3
3062	2
3063	1
3064	1
3065	5
3066	2
3067	3
3068	2
3069	3
3070	1
3071	4
3072	2
3073	1
3074	6
3075	2
3076	2
3077	4
3078	2
3079	3
3080	1
3081	2
3082	3
3083	2
3084	3
3085	7
3086	3
3087	1
3088	1
3089	5
3090	1
3091	1
3092	4
3093	2
3094	2
3095	1
3096	2
3097	3
19481	1
3098	1
3099	2
3100	3
3101	2
3102	2
3103	2
3104	3
3105	5
3106	3
3108	3
3109	2
3110	1
3111	2
3112	2
3113	1
3114	4
3115	4
3116	2
19501	1
3117	1
3118	1
3119	2
3121	3
3123	1
3124	1
3125	1
3126	8
3128	1
3129	1
3130	6
3131	3
3132	1
3133	3
3134	2
3135	1
3136	4
3137	3
3138	1
3139	5
3141	4
3142	4
3143	3
3144	4
3146	2
3147	3
3148	2
3149	2
3150	4
3151	2
3152	1
3153	5
3154	4
3155	2
3156	3
3157	7
3158	1
19543	1
3159	2
3160	1
3161	3
3162	1
3163	1
3164	1
3165	2
3166	1
3167	1
3168	3
3169	1
3170	4
3171	3
3172	1
3174	2
3176	3
3177	1
3178	2
3180	1
3181	2
3182	1
3183	2
3184	3
3185	2
3186	3
3187	3
3189	3
3190	3
3192	2
3193	2
3194	4
3195	5
3196	2
3197	4
3198	1
3199	3
3200	2
3201	1
3202	1
3203	1
3204	1
3205	2
3207	4
3208	2
3209	3
3210	2
3211	4
3212	5
3213	2
3214	3
3215	3
3216	3
3217	1
3218	1
3219	3
3220	1
3222	2
3223	2
3224	1
3225	2
3226	2
3227	1
3229	5
3230	3
3231	3
3232	3
3233	2
3234	4
3235	3
3236	1
3237	1
3238	3
3239	3
3240	2
3241	2
3244	3
3245	3
3247	2
3248	1
3250	1
3251	2
3253	6
3256	2
19641	1
3258	2
3259	5
3260	3
3261	2
3262	2
3263	4
3265	3
3266	1
3268	2
3269	5
3270	5
3271	2
3272	1
3273	2
3274	3
3275	2
3276	5
3277	1
3278	4
3279	1
3280	3
3281	3
3282	2
3283	2
19668	1
3284	1
3285	3
3286	1
3287	1
3289	2
3290	2
3291	2
3292	2
3293	2
3294	1
3295	3
3296	1
3297	3
3298	4
3300	1
3301	3
3302	2
3303	2
3304	2
3305	2
3306	5
3307	3
3308	3
3309	5
3310	2
3313	1
3314	1
3315	1
3316	3
3317	5
3318	1
3320	6
3321	1
3322	4
3324	2
19708	1
3325	3
3326	3
3327	3
3328	3
3329	1
3330	2
3331	2
3332	2
3333	3
3334	3
3335	1
3336	1
3338	3
3339	2
3340	1
3341	4
3342	6
3343	2
3344	2
3345	1
3346	2
3347	3
3349	2
3352	2
3354	4
3355	1
3356	2
3357	2
3358	1
3359	2
3360	5
3361	3
3363	2
3364	3
3365	2
3367	4
3368	3
3369	1
3370	1
3371	3
3372	2
3373	2
3374	2
3375	5
3376	2
3377	3
3378	1
3379	3
3380	1
3382	2
3383	1
3384	2
3386	1
3387	1
3388	1
3389	5
3391	3
3392	2
3393	3
3395	2
3396	3
3397	4
3398	1
3400	1
3401	1
3402	3
3403	4
3404	5
3405	1
3406	2
3407	1
3408	3
3409	2
19793	1
3410	2
3414	2
3415	1
3416	2
3417	1
3420	2
3421	2
3422	2
3424	4
3425	1
3426	2
3427	1
3428	1
3429	2
3430	2
3431	2
3432	1
3433	1
3434	2
3435	3
3436	1
3437	2
3439	2
3441	2
3442	1
3443	1
3444	3
3445	3
3447	5
3448	2
3449	4
3450	1
3451	3
3452	2
3453	2
3454	3
3455	2
3456	1
3457	4
3458	1
3459	1
3461	2
3462	2
3463	4
3464	4
3466	2
3467	1
3468	1
3469	2
3470	1
3471	2
3472	1
3473	2
3474	3
3475	1
3476	2
3479	2
19864	1
3481	4
3482	1
3483	1
3484	2
3485	1
3486	3
3488	3
3489	1
3490	1
3491	1
3493	2
3495	1
3497	1
3498	2
3499	2
3500	3
3501	3
3502	1
3503	1
3505	1
3506	4
3507	2
3508	3
3509	2
3511	1
3512	4
3514	1
3515	3
3516	2
3517	4
3518	1
3519	2
3522	2
3523	1
3525	2
3526	2
3527	4
3528	3
3529	3
3530	1
3532	1
3533	3
3534	1
3535	2
3536	1
3537	3
3538	1
3539	1
3540	1
3541	1
3543	1
3544	4
3545	3
3547	1
3548	2
3551	2
3552	1
3553	1
3554	1
3555	2
3556	2
3557	2
3558	5
3560	2
3561	1
3562	2
3563	2
3564	1
3565	3
3566	1
3567	3
3569	1
3573	1
3574	4
3575	2
3577	1
3578	2
3580	1
3583	3
3584	4
3585	2
3586	3
3587	1
3589	6
3590	2
3591	3
3592	1
3593	1
3594	1
3595	5
3597	1
3598	1
3599	1
3600	1
3602	2
3603	2
3604	2
3605	1
3606	1
19991	1
3607	1
3608	4
3610	2
3611	3
3612	2
3614	3
3615	2
3616	2
3617	2
3618	3
3619	4
3620	4
3621	2
3622	1
3623	3
3624	5
3625	2
3627	1
3628	1
3629	4
3630	3
3631	1
3632	4
3635	3
3636	3
3637	1
3639	2
3640	2
3641	2
3642	3
3643	1
3644	1
3645	1
3646	4
3647	1
3648	2
3649	1
3651	1
3652	4
3653	2
3654	2
3657	1
3658	1
3659	2
3660	2
3663	3
3664	3
3665	2
3666	5
3667	1
3668	1
3669	1
3670	3
3671	4
3672	2
3673	2
3674	1
3675	1
3677	1
3678	1
3679	3
3680	2
3682	2
3683	3
3684	2
3685	2
3686	1
3687	2
3688	3
3689	1
3690	3
3691	3
3694	1
3695	2
3696	3
3698	1
3699	2
3701	3
3702	2
3704	2
3705	2
3706	2
3707	1
3708	2
3709	2
3710	2
3711	1
3712	3
3713	1
3714	1
3716	2
3717	1
3718	2
3719	1
3720	4
3722	3
3723	3
3724	3
3725	3
3726	1
3727	1
3730	3
3731	1
3732	1
3733	3
3737	1
3740	1
3741	2
3743	2
3744	1
3745	1
3747	1
3748	1
3751	1
3752	1
3754	2
3756	1
3757	4
3758	1
3759	2
3760	1
3761	2
3762	1
3764	1
3765	2
3766	1
3767	1
3768	3
3769	1
3770	3
20154	1
3771	2
3772	2
3776	3
3777	3
3778	2
3779	1
3780	2
3781	1
3783	1
3785	2
3786	1
3788	3
3789	1
3790	3
3791	2
3795	1
3797	1
3799	5
3800	3
3801	1
3802	1
3804	1
3807	3
3809	1
3810	1
3811	2
3813	1
3814	1
3817	2
3818	1
3819	2
3820	1
3821	1
3822	3
3823	3
3824	1
3825	1
3827	2
3829	3
3830	4
3831	1
3834	1
3836	1
3839	2
3840	3
3842	2
3843	1
3846	3
3847	1
3848	1
3849	2
3852	3
3853	2
3854	3
3855	2
3856	2
3857	1
3858	5
3860	1
3861	2
3863	2
3864	1
3866	3
3867	1
3869	3
3870	3
3871	1
20256	1
3872	1
3873	1
3874	1
3876	2
3877	2
3878	4
20263	1
3880	1
3881	3
3882	1
3885	1
3886	1
3888	1
3889	1
3890	1
3891	1
3892	2
3893	2
3894	1
3896	1
3897	2
3898	3
3899	1
3900	2
3905	2
3906	1
3907	1
3908	1
3910	2
3911	1
3914	2
3915	1
3916	1
3917	1
3918	1
3919	3
3920	3
3921	2
3922	1
3923	2
3925	2
3927	3
3929	2
3931	1
3932	1
3933	1
3934	2
3935	5
3936	2
3937	3
3939	1
3940	2
3941	1
3943	1
3945	2
3946	2
3947	1
3948	1
3950	1
3952	3
3953	1
3955	3
3956	1
3958	2
3960	1
3961	1
3962	1
3963	2
3964	1
3966	1
3967	1
3968	3
20353	1
3970	1
3971	1
3972	1
3974	3
3975	1
3976	3
3977	2
3978	1
3981	2
3982	2
3983	3
3984	2
3985	2
3986	2
3987	5
3988	2
3989	1
3990	3
3991	1
3992	1
3995	1
3996	2
3997	1
3998	2
3999	2
4000	2
4002	1
4003	1
4004	2
4005	2
4006	1
4007	1
4009	2
4012	1
4014	1
4015	1
4016	1
4017	2
4021	1
4022	2
4023	1
4025	2
4026	1
4027	1
4029	2
4030	3
4031	2
4032	1
4033	3
4034	2
4035	1
4036	2
4037	1
4038	1
4039	2
4043	2
4045	2
4046	2
4048	1
4049	1
4050	1
4051	2
4052	1
20437	1
4054	3
4055	1
4056	1
4058	2
4059	1
4060	1
4061	5
4062	2
4063	1
4064	1
4065	1
4066	2
4067	2
4069	1
4070	1
4071	1
4072	4
4073	1
4075	1
4077	1
4078	1
4080	1
4083	1
4084	1
4086	1
4087	2
4088	1
4089	1
4091	1
4092	1
4093	3
4094	2
4095	3
4097	1
4099	1
4100	2
4103	1
20487	1
4104	1
4105	1
4108	2
4110	2
4113	1
4116	1
4117	1
4118	1
4120	2
4122	1
4123	4
4126	3
4128	1
4130	1
4132	2
4133	2
4135	2
4136	1
4138	2
4139	2
4140	1
4141	1
4142	2
4143	1
4144	1
4146	1
4147	2
4149	1
4150	2
4151	2
4157	3
4158	1
4159	3
4160	2
4161	3
4162	1
4163	1
4164	1
4165	3
4166	1
4167	1
4169	1
4170	1
4177	1
4178	4
4183	2
4184	1
4185	2
4186	3
4187	1
4189	1
4190	1
4192	1
4193	1
4194	2
4196	1
4199	1
4201	1
4202	3
4204	4
4208	2
4209	2
4210	1
4211	1
4214	2
20599	1
4216	1
4217	4
4218	1
4219	1
4220	3
4222	1
4225	1
4226	2
4227	1
4229	2
4231	1
4232	2
4233	3
4234	1
4236	1
4237	1
4238	1
4239	3
4240	1
4243	1
4244	1
4245	1
4246	2
4250	1
4253	2
4255	1
4257	1
4260	2
4261	1
4265	2
4270	2
4271	1
4273	2
4275	4
4277	2
4278	1
4283	2
4286	1
4287	1
4292	1
4293	1
4294	3
4298	1
4299	1
4302	1
4303	1
4304	1
4305	1
4306	2
4307	1
4308	1
4309	1
4311	2
4313	2
4314	2
4316	1
4318	2
4320	1
4321	1
4322	2
4323	1
4324	1
4326	3
4327	1
4328	2
4329	1
4330	2
4331	1
4332	1
4334	1
4336	3
4342	5
4343	2
4344	1
4345	1
4346	2
4347	1
4348	1
4349	1
4350	2
4358	2
4359	1
4360	2
4361	1
4362	1
4363	1
4364	2
4365	2
4367	1
4369	2
4371	2
4378	3
4379	1
4381	3
4382	1
4383	4
4384	1
4385	1
4386	3
4389	2
4390	1
4391	1
4392	2
4396	1
4400	1
4402	1
4403	2
4404	3
4407	1
4409	1
4410	2
4411	1
4412	1
4415	1
4417	3
4418	2
4419	3
4420	1
4421	3
4422	2
4424	1
4425	2
4426	3
4427	1
4428	3
4429	1
4431	4
4432	1
4434	1
4435	1
4442	1
20827	1
4444	1
4446	3
4448	1
4449	1
4451	1
4452	1
4453	2
4454	2
4458	1
4459	1
4460	1
4461	1
4462	1
4463	1
4466	2
4467	2
4471	2
4476	1
4477	1
4479	2
4482	3
4485	2
20869	1
4486	2
4487	2
4488	2
4490	1
4492	2
4493	1
4494	1
4498	1
4499	3
4503	2
4504	1
4505	1
4506	1
4507	2
4511	3
4512	1
4513	1
4514	2
4515	2
4516	1
4517	2
4519	1
4520	1
4521	1
4522	2
4523	1
4525	1
4526	1
4528	1
4529	3
4531	3
4533	1
4541	1
4543	1
4548	1
4549	2
4551	2
4552	2
4553	2
4554	2
4555	2
4556	2
4561	1
4562	1
4563	4
4565	2
4567	1
4569	1
4572	1
4573	2
4574	1
4575	1
4576	1
4577	1
4579	3
4580	1
4583	2
4584	3
4587	2
4589	1
4590	1
4591	4
4592	4
4593	3
4594	2
4595	1
4596	3
4599	2
4600	1
4601	1
4602	1
20988	1
4605	1
4606	1
4607	3
4608	1
4612	1
20996	1
4614	1
4615	1
4617	2
4618	3
4620	1
4621	1
4622	1
4624	2
4625	1
4626	3
4627	4
4628	4
4629	4
4630	3
21014	1
4631	5
4632	7
4633	4
4634	3
4635	5
4636	3
4637	1
4638	5
4639	4
4640	3
4641	2
4643	1
4645	3
4646	3
4647	2
4649	1
4651	2
4653	1
4654	3
4655	2
4659	1
4661	1
4665	1
4669	1
4671	1
4673	2
4675	2
4677	1
4678	2
4679	1
4680	1
4682	1
4684	3
4685	1
4686	4
4687	1
4688	1
4690	1
4691	2
4693	2
4694	1
4696	1
4697	1
4699	2
4700	1
4701	1
4702	2
4703	2
4704	3
4708	1
21096	1
4714	2
4715	2
4716	2
4717	1
4718	2
4721	1
4722	1
4723	1
4724	1
4727	1
4729	1
4730	1
4733	1
4734	2
4735	1
4737	2
4738	1
4739	2
4742	1
4743	1
4746	1
4747	1
4748	1
4750	1
4751	1
4753	1
4756	1
4757	1
4758	1
4761	3
4763	2
4764	2
4765	1
4767	2
4768	2
4774	3
4775	1
4776	2
4777	1
4778	2
4780	1
4782	1
4788	1
4789	1
4794	1
21182	1
4800	2
4803	1
4804	1
4807	2
4809	4
4811	1
4812	1
4813	1
4814	1
4817	2
4819	2
4821	1
4828	2
4831	1
4832	1
4835	2
4838	1
4842	1
4848	2
4849	1
21233	1
4850	1
4851	1
4852	1
4853	1
4855	1
4856	2
4857	1
4859	1
4860	1
4861	1
4862	2
4864	1
4865	1
4868	2
4872	2
4874	2
4876	3
4877	1
4879	1
4881	1
4882	2
4883	3
4884	2
4885	1
4891	1
4892	1
21276	1
4894	1
4896	1
4898	1
4900	1
21284	1
21286	1
4904	2
4906	1
4908	1
4910	1
4911	1
4912	1
4918	1
4919	1
4922	2
4926	1
21312	1
4931	1
4933	1
4935	2
4936	1
4940	1
4943	1
4945	1
4947	1
4950	1
4953	1
4954	1
4956	2
4957	1
4959	1
4960	1
4962	1
4964	1
4966	3
4967	2
4971	2
4972	1
4974	1
4978	1
4980	1
4981	2
4982	1
4984	1
4986	2
4988	2
4989	1
4993	2
4995	1
4996	3
4998	3
5001	1
5003	2
5006	2
5008	1
5012	2
5014	1
5015	1
5023	1
5031	3
5033	2
5034	1
5036	2
5039	1
5041	1
5042	1
5043	3
5046	1
5048	1
5061	1
5063	3
5067	2
5068	1
5073	2
5079	1
5081	2
5082	1
5085	2
5088	1
5090	1
5092	1
5093	1
5094	2
5096	1
5098	1
5099	1
5101	2
5102	1
5103	1
5105	1
5108	1
5111	1
5113	1
5115	2
5116	1
5119	1
5121	2
5131	1
5132	1
5138	1
5140	1
5142	1
5143	1
5148	1
5149	1
5151	1
5152	1
5153	2
5154	1
5157	1
5158	1
5163	1
5164	2
5165	1
5171	2
5172	1
5176	1
5177	3
5180	3
5181	1
5185	1
5186	1
5187	1
5188	1
5194	1
5198	2
5200	1
5204	1
5205	1
5209	1
5211	1
5212	3
5216	1
5218	2
5219	1
5220	1
5222	1
5224	1
5227	1
5230	1
5233	1
5237	2
5238	2
5241	2
5242	1
5243	1
5246	2
5249	1
5251	1
5252	1
21637	1
5253	2
5254	1
5255	1
5263	2
5264	1
5268	4
5269	1
5270	1
21655	1
5272	1
5276	1
5277	1
5280	1
5281	1
5282	2
5284	1
5285	1
5288	2
5293	1
5294	1
5300	1
5305	1
5307	2
5308	1
5309	1
5310	1
5312	2
5313	1
5314	1
5316	1
5317	1
5318	1
5320	3
5324	1
5325	1
5326	1
5335	1
5336	1
5342	1
5344	1
5345	2
5349	1
5350	2
5352	1
5354	1
5356	1
5357	3
5361	1
5364	1
21751	1
5367	1
5368	1
5369	1
5370	1
5371	1
5373	1
5374	2
5377	2
21762	1
5378	2
5379	1
5380	2
5384	1
5385	1
5387	1
5389	1
5390	1
5393	1
5395	1
5397	1
5400	2
5401	1
5402	1
5403	1
5404	2
5406	1
5409	1
5410	1
5411	1
5412	2
5413	1
5415	1
5416	1
5417	1
5420	1
5423	1
5426	1
5429	1
5433	1
5435	2
5437	2
5438	1
5441	1
5442	1
5444	1
5446	1
5449	1
5450	1
5454	2
5459	1
5460	3
5463	1
5464	1
5466	1
5471	1
5472	1
5473	1
5474	1
5481	1
5484	2
5485	1
5486	1
5488	2
5490	1
5491	2
5493	1
5494	1
21879	1
5499	1
5503	1
5505	1
5515	1
5516	2
5520	3
5522	1
5525	1
5526	1
5527	1
5529	1
5530	2
5532	1
5537	1
5540	1
5542	2
5543	1
5547	1
21934	1
5551	1
5552	1
5573	1
5576	1
5577	1
5588	1
5589	1
5598	1
5600	2
5603	3
5608	2
5616	1
5618	1
5619	1
5620	1
5622	2
5623	2
5626	2
5627	2
5631	2
5634	1
5639	1
5641	2
5642	2
5646	1
5647	1
5649	1
5652	1
5653	1
5655	1
5657	1
5659	1
5660	1
5662	1
5663	2
5664	1
5666	1
5667	1
5670	1
5678	1
5689	1
5694	1
5696	1
5703	1
5705	1
5708	1
5716	1
5717	1
5718	1
5719	2
5722	1
5724	2
5725	1
5729	1
5732	1
5733	1
5734	3
5735	1
5740	1
5741	1
5743	1
5745	1
5758	2
5759	2
5760	1
5764	1
5768	1
5772	1
5775	1
5780	1
5781	2
5783	1
5784	1
5786	1
5787	2
5790	2
5792	1
5795	1
5796	1
22180	1
5798	1
5799	1
5800	1
5802	2
5804	1
5807	1
5811	1
5818	1
5820	1
5823	2
5828	1
5834	1
5835	1
5838	1
22226	1
5843	1
5847	1
5850	1
5851	3
5856	3
5857	1
5860	2
5871	1
5872	1
5874	1
5881	1
5882	2
5885	1
5886	1
5891	2
5899	1
5906	2
5907	1
5912	1
5915	1
5918	1
5920	1
5921	2
5927	1
5929	1
5930	1
5934	1
5935	2
5936	2
5937	1
5940	1
5943	1
5944	1
5949	1
5951	2
5952	2
5953	1
5954	1
5955	1
5959	1
5960	1
5961	1
5962	2
5963	1
5964	1
5966	1
5970	1
5972	1
5974	1
5975	1
5977	1
5978	1
5986	2
5987	1
5998	2
5999	1
6005	1
6009	2
6010	1
6013	2
22402	1
6024	1
6025	1
6027	1
6028	1
6029	1
6030	1
6036	1
6046	1
6050	1
6055	1
6061	1
6063	1
6064	1
6065	1
6068	1
6069	1
6071	1
6072	1
6075	1
6076	2
6084	1
6085	1
6093	1
6096	1
6099	1
6104	1
6107	1
6111	1
6112	1
6113	1
6115	1
6119	1
6120	1
6124	1
6125	1
22509	1
6126	2
6129	1
6134	1
6135	1
6137	1
6142	1
6145	1
6155	1
6162	1
6164	1
6168	3
6172	1
6175	2
22563	1
6183	1
6184	2
6186	1
6187	1
22573	1
6189	1
6193	2
6195	1
6196	1
6198	2
6203	1
6204	2
6206	1
6210	2
6214	1
6216	1
6217	1
6219	1
6225	1
6227	1
6233	1
6234	1
6236	1
22623	1
6240	3
6241	2
6245	1
6251	2
22635	1
6255	1
22641	1
6260	2
6262	1
6263	1
6267	1
6283	1
6289	1
6293	2
6294	1
6296	1
6297	1
6298	1
6303	2
6304	1
6305	1
6306	1
6315	1
6327	1
6332	1
6333	2
6334	1
6343	2
6345	1
6351	1
6354	1
6361	2
6363	1
6365	1
6367	1
6368	1
6369	1
6374	1
6375	1
6379	1
6380	1
6383	1
6388	1
6392	1
6393	1
6395	2
6396	1
6397	1
6399	1
6400	1
6401	1
6410	3
6411	1
6416	1
6417	1
6418	1
6419	1
6420	1
6423	1
6428	2
6430	1
6436	1
6439	2
6440	1
6444	1
6451	1
6453	1
6455	1
6458	1
6460	1
6461	1
6473	1
6474	1
6478	1
6481	1
6484	1
6488	1
6491	2
6495	2
6499	1
6500	1
6504	1
6506	1
6509	1
6510	1
6511	1
6515	1
6516	2
6517	1
6519	1
6521	2
6528	1
6537	1
6538	1
6539	1
6541	2
6542	1
6551	1
6553	1
6556	1
6558	1
6559	1
6560	1
6561	1
6562	1
6563	1
6564	1
6567	3
6568	1
22953	1
6571	1
6572	1
6573	1
6574	1
6575	1
6576	1
22960	1
6579	2
6582	1
6587	1
6589	1
6603	2
6605	3
6608	1
6610	1
6613	1
6618	2
6619	1
23004	1
6623	1
6624	1
6627	1
6628	2
6629	1
6639	1
6642	2
23027	1
6645	2
6652	2
6656	2
6659	1
6660	1
6663	1
6665	2
6668	2
6672	1
6676	1
6677	1
6678	1
6679	1
6686	1
6688	1
6689	1
6692	1
6693	1
6698	1
6705	1
6706	1
23096	1
6715	1
6716	1
6724	1
6726	1
6727	1
6731	1
6732	1
6735	1
6737	1
6738	2
6746	1
6747	1
6755	1
6757	1
6759	1
6760	1
6761	1
6762	2
6766	1
6770	2
6771	1
6774	1
6775	1
6778	1
23163	1
6779	1
6787	1
6792	1
6794	2
6797	1
23184	2
6801	1
6802	2
6808	1
6810	1
6815	1
6822	1
6823	2
6824	1
6827	1
6831	1
6835	1
6838	1
6847	1
6848	1
6850	1
6854	1
6858	1
6861	1
6864	1
6877	1
6879	1
6882	1
6887	2
6888	2
6898	2
6899	1
6903	1
6907	1
6910	3
6913	1
6914	1
6915	1
23301	1
6930	1
6934	1
6935	1
6936	1
6937	1
6941	1
6945	1
6950	1
6953	1
6962	1
6964	1
6966	1
6971	2
23358	1
6978	1
6984	2
6986	1
6993	1
6994	1
6995	1
6997	1
6998	2
6999	1
7000	1
7004	1
7007	1
7010	1
7013	1
7017	2
7018	1
7020	1
7029	2
7037	1
7040	1
7042	1
7043	1
7053	1
23438	1
7055	2
7056	2
7058	1
7061	1
7062	1
7064	1
7067	1
7068	1
7069	1
7070	1
7072	1
7074	1
7075	1
7079	1
23465	1
23467	1
7084	1
23469	1
7090	1
7096	2
7106	1
23493	1
7110	2
7112	1
7118	2
7121	1
7125	1
7129	1
7131	1
7151	2
7153	1
23541	1
7163	1
7167	1
7169	1
7170	1
7172	1
7173	1
7176	1
7179	1
7182	1
7187	2
7192	1
7193	2
7200	2
7206	1
7208	2
7209	1
23594	1
7210	1
7211	1
7212	1
7225	1
23610	1
7231	1
7234	1
7236	1
7240	1
7247	1
7251	1
7259	1
7262	1
7263	1
7264	1
23659	1
7278	1
7281	1
7282	1
7290	1
7293	1
7296	1
7299	1
23684	1
7300	1
7306	1
7309	3
7312	1
7315	2
7316	1
7324	1
7330	1
7337	1
7339	1
23726	2
7342	1
23727	1
7343	1
23729	1
23730	1
7346	1
7347	1
23731	1
23732	1
23733	1
7350	1
23734	1
23735	1
23736	1
7356	1
7357	1
7358	1
7359	1
7363	1
7364	1
23750	1
7366	1
7374	1
7376	1
7378	1
7380	2
7382	2
7384	1
7385	1
23770	1
23772	1
23779	1
23785	1
7402	1
7407	1
23793	1
7409	1
7410	1
7411	1
23798	1
7416	2
23801	1
7418	1
7420	1
7426	1
7429	2
7434	1
7438	1
7440	1
23826	1
7443	1
23831	1
7447	1
23832	1
23833	1
23834	1
23835	1
23836	1
23837	1
23838	1
23839	1
23840	2
23841	1
23842	1
23843	1
23844	1
23845	1
23846	1
7462	1
23847	1
7464	1
7466	2
7473	1
7483	1
7500	1
7508	1
23894	1
7512	1
7516	2
7523	1
7530	1
7532	1
23918	1
23919	1
7536	2
7544	1
7551	1
7552	1
23942	1
7559	1
7560	1
7568	1
7573	1
7575	2
23959	1
7577	2
7579	1
23967	1
7583	1
7586	1
7590	1
23976	1
7592	2
7594	1
23987	1
7604	1
7606	1
7611	3
7613	2
7616	1
24000	1
7618	1
7625	1
7629	1
7634	1
24020	1
7637	1
7641	1
7647	1
7649	2
7660	1
7663	1
7665	1
7674	1
7675	1
7683	1
7691	1
7693	1
7697	1
24082	1
7699	1
7702	1
7703	1
7704	1
7706	1
7710	1
7711	1
7713	2
7715	1
7718	1
7720	1
7740	1
7742	1
24138	1
7759	2
7762	1
24147	1
7767	1
7768	1
7771	1
24156	1
7781	1
7791	1
7792	1
7793	1
7794	2
7797	1
7800	1
7803	1
7804	1
7805	1
7807	1
7808	1
7815	1
7818	2
24205	1
7827	1
7830	1
7837	1
7838	1
7847	1
7853	1
7857	1
7860	1
7861	1
7867	1
7868	1
7877	1
7879	1
7880	1
7883	1
7884	2
7887	2
7906	1
7908	1
7910	1
7912	1
7915	1
7922	1
7924	1
7925	1
7929	1
7930	1
7936	1
7937	1
7941	1
7942	1
7943	2
7948	2
7956	1
7957	1
7962	1
7964	1
7972	1
7973	1
7976	2
7977	1
7978	1
7979	1
7986	1
7988	1
24372	1
7993	1
7994	1
7997	1
24381	1
7999	1
8001	1
8006	1
8010	1
8016	1
8021	1
8022	1
8024	1
8027	1
8032	1
8036	1
8038	2
8043	1
8045	2
8054	2
8055	1
8059	1
8063	1
8071	1
8079	1
8080	1
8087	1
8094	1
8096	1
8101	3
8103	1
8107	1
8117	2
8119	1
8126	1
8129	1
24520	1
8140	1
8144	1
8150	1
8157	1
8162	1
8170	1
8171	1
8174	1
24567	1
8186	1
24572	1
8190	1
8191	1
8193	1
8194	1
8199	1
8209	1
8212	1
8219	1
8224	1
8225	1
8234	1
8237	2
24623	1
8239	2
8240	1
8253	1
8256	1
8258	1
8259	1
8260	1
8262	1
8266	1
8274	1
24676	1
8294	1
8297	1
8299	1
8303	2
8305	1
8308	1
8313	1
24697	1
8319	1
8321	1
24713	1
8330	1
8339	1
8348	1
8350	1
8351	1
8356	1
8365	2
24751	1
8371	1
8381	1
8384	1
8385	1
8390	1
8396	1
8400	1
8411	2
8420	1
8422	2
8424	1
8425	1
8429	1
8439	1
8442	1
8444	1
8447	1
8450	1
8457	1
8458	1
8464	1
8468	1
8474	1
8490	1
8494	1
8498	2
8505	1
8506	1
8509	1
8518	1
8522	2
8524	1
24909	1
8527	2
8530	1
8535	1
8549	1
8553	1
8559	1
8561	1
24948	1
8564	1
24950	1
8567	1
8576	1
8577	1
8578	1
8585	1
8597	1
8606	1
8617	1
8618	1
8620	1
8625	1
8629	1
25018	1
8635	1
8641	1
8644	1
8645	2
8648	1
8649	1
8651	1
8652	1
8664	1
8669	1
8689	1
8690	2
8700	1
8701	1
8702	1
8704	1
8709	1
8711	1
8712	1
8713	2
8715	1
8719	3
8726	1
8728	1
8733	1
8738	1
8739	1
8755	1
8760	1
8768	1
8770	1
8771	1
8792	1
8798	1
8803	1
8808	1
8820	1
8829	1
8834	1
8843	1
8857	1
8879	1
8880	1
8888	1
8889	1
8890	1
8892	2
8893	1
8894	1
8895	1
8906	1
8909	1
8912	2
8913	1
8914	1
8916	1
8919	1
8920	1
8927	1
8940	3
8942	1
8945	1
8955	1
8956	1
8959	1
8960	2
8961	1
8976	1
8977	1
8980	1
8985	1
9001	1
9003	1
9005	1
9010	1
9015	1
9030	1
9035	1
9036	1
9047	1
9056	1
9058	1
9070	1
9071	1
9086	1
9092	1
9093	1
9098	1
9099	1
25484	1
9104	1
9110	1
9111	1
9122	1
9129	1
9130	1
9134	1
9142	1
9152	1
9169	1
9171	1
9174	1
9178	1
9179	1
9181	1
9182	1
9186	1
9193	1
9195	1
9199	1
9203	1
9209	1
9210	1
9212	1
9217	1
9218	2
9222	1
9223	1
9226	1
9232	1
9234	2
9235	1
9236	1
9253	1
9254	1
9267	1
9271	2
9278	1
9279	1
9281	1
9282	1
9289	1
9297	1
9298	1
9305	2
9307	1
9315	1
9326	1
9329	1
9330	1
9336	1
25722	1
9341	1
25725	1
9343	1
9347	1
9349	1
9355	1
9356	1
9360	1
9367	1
9378	1
9381	2
25768	1
9393	1
9398	1
9401	1
9403	1
9406	1
9410	1
9415	1
9419	1
9424	1
9436	1
9437	1
9439	2
9444	1
9446	1
9454	1
9459	1
9461	1
9465	1
9467	1
9474	1
9482	1
9484	1
9492	2
9499	1
9500	1
9517	1
9524	1
9530	1
9541	1
9560	2
9580	1
9584	1
9591	1
9594	1
9600	1
9608	1
9609	1
9610	1
9614	1
9618	1
9621	1
9636	1
9641	1
9642	1
9652	1
9653	1
9660	1
9671	1
9685	2
9688	1
9691	1
9697	1
9700	1
9703	1
9704	1
9709	1
9712	1
9714	1
9725	1
9743	1
9745	1
9747	1
9751	2
9762	1
9789	1
9792	1
9806	1
9810	1
9821	2
9845	1
9851	1
9874	1
9878	1
9888	1
9895	1
9897	1
9901	1
9902	1
9904	1
9914	1
9924	1
9935	2
9938	1
9941	1
9959	1
9966	1
9976	1
9977	1
9979	1
9983	1
9990	1
9991	1
9996	1
9997	1
10003	1
10012	1
10013	1
10021	1
10022	1
10056	1
10057	1
10060	1
10064	1
10068	1
10078	2
10104	1
10114	1
10117	1
10120	1
10121	1
10130	1
10134	1
10142	1
10143	1
10147	2
10161	1
10174	1
10179	1
10186	1
10190	1
10191	1
10194	2
10197	2
10201	1
10213	1
10214	1
10217	2
10230	1
10236	1
10252	1
10257	1
10259	1
10274	1
10280	1
10301	1
10307	1
10317	1
10322	1
10325	1
10327	1
10330	1
10332	1
10338	2
10340	1
10342	1
10356	2
10358	1
10359	1
10369	1
10370	1
10379	2
10388	1
10390	1
10404	1
10416	1
10419	1
10425	2
10428	1
10430	1
10438	1
10444	1
10447	1
10448	1
10452	1
10453	1
10455	1
10456	1
10461	1
10465	1
10466	2
10474	1
10478	1
10489	1
10504	1
10507	2
10509	1
10514	2
10515	1
10516	1
10517	1
10518	1
10526	1
10541	1
10549	1
10551	1
10556	1
10560	1
10575	1
10580	1
10582	1
10583	1
10601	1
10605	1
10621	1
10636	1
10639	1
10643	1
10658	1
10660	1
10663	1
10665	1
10687	1
10691	1
10692	1
10694	1
10699	1
10707	1
10713	1
10719	1
10725	1
10733	1
10742	1
10746	1
10753	1
10754	1
10755	1
10766	1
10773	1
10785	1
10791	1
10800	1
10809	1
10811	1
10817	1
10818	1
10821	1
10822	1
10832	1
10842	1
10844	1
10846	1
10853	2
10859	1
10890	1
10938	1
10952	1
10962	1
10967	1
10970	1
10971	1
10976	1
10979	2
10981	1
10987	3
10996	1
10997	1
11002	1
11039	1
11042	1
11054	1
11059	1
11060	1
11061	1
11064	1
11067	1
11070	1
11078	1
11079	1
11091	1
11117	1
11121	1
11124	1
11129	3
11138	1
11148	3
11149	1
11156	1
11159	1
11168	1
11176	1
11185	1
11191	1
11193	1
11194	1
11195	1
11198	1
11209	1
11226	1
11233	1
11237	1
11253	1
11269	1
11280	1
11316	2
11327	1
11328	1
11343	1
11346	2
11350	1
11355	1
11358	1
11367	1
11374	1
11377	1
11386	1
11387	1
11388	1
11389	1
11390	1
11391	1
11395	1
11411	1
11412	1
11413	1
11420	1
11435	1
11444	1
11448	1
11455	1
11458	1
11461	1
11463	1
11465	1
11467	1
11478	1
11484	1
11487	1
11496	1
11526	1
11531	1
11532	1
11535	1
11540	1
11546	1
11548	2
11551	1
11557	1
11561	1
11562	1
11580	1
11581	1
11589	1
11592	1
11595	1
11602	1
11608	1
11609	1
11612	1
11616	1
11622	1
11638	1
11639	1
11650	2
11660	1
11662	1
11671	1
11679	1
11686	1
11687	2
11692	1
11693	1
11700	1
11725	1
11729	1
11733	1
11740	1
11743	1
11748	1
11761	1
11762	1
11766	2
11769	1
11772	1
11774	1
11778	1
11783	1
11784	2
11785	2
11792	2
11800	1
11804	2
11805	1
11817	1
11818	1
11831	2
11833	1
11834	1
11837	1
11839	1
11841	1
11847	1
11855	1
11857	1
11865	2
11873	1
11886	1
11888	1
11899	1
11920	1
11921	1
11926	2
11935	1
11936	1
11951	1
11953	1
11955	1
11973	1
11979	1
11984	1
11985	1
11989	1
11997	1
11998	1
12001	1
12021	1
12036	1
12038	1
12040	1
12047	1
12050	2
12051	1
12056	1
12066	1
12073	2
12102	1
12108	1
12114	2
12116	1
12131	1
12140	1
12154	2
12155	1
12170	1
12181	1
12188	1
12190	1
12197	1
12203	1
12205	1
12212	2
12216	1
12223	2
12225	1
12229	1
12233	1
12238	1
12244	1
12246	1
12249	1
12253	1
12256	1
12266	2
12276	1
12289	1
12292	1
12293	1
12297	1
12301	1
12320	1
12325	1
12326	1
12328	1
12334	1
12340	1
12347	1
12350	1
12358	1
12364	1
12365	1
12369	1
12371	1
12374	1
12376	1
12384	1
12401	1
12402	1
12407	3
12409	1
12410	1
12412	1
12418	2
12419	1
12422	1
12424	1
12428	1
12443	1
12448	2
12458	1
12463	1
12465	1
12468	1
12469	1
12470	1
12472	1
12478	1
12489	1
12496	1
12500	1
12501	1
12527	1
12529	1
12536	1
12540	1
12559	1
12561	1
12564	2
12571	1
12577	1
12586	1
12588	1
12589	1
12590	1
12593	1
12602	2
12614	1
12623	1
12635	1
12648	1
12664	1
12665	1
12666	1
12670	1
12672	1
12675	1
12678	2
12685	1
12695	1
12700	1
12703	1
12704	1
12710	1
12721	1
12731	1
12737	1
12748	1
12758	1
12763	1
12764	1
12768	1
12769	1
12774	1
12780	1
12781	1
12804	1
12809	1
12810	3
12819	1
12828	1
12838	1
12840	1
12844	1
12854	1
12872	1
12908	1
12909	1
12916	1
12924	1
12947	1
12951	1
12954	2
12956	1
12958	1
12960	1
12961	1
12972	1
12975	1
12989	1
12994	1
13002	2
13007	1
13027	1
13028	1
13070	1
13079	1
13084	1
13089	1
13099	1
13106	1
13116	1
13117	1
13125	1
13135	1
13142	1
13150	1
13164	1
13169	1
13171	1
13178	1
13182	1
13185	1
13188	1
13214	1
13237	1
13240	1
13253	1
13270	1
13273	1
13278	1
13287	1
13300	1
13302	1
13310	1
13316	1
13317	2
13325	2
13327	1
13348	1
13351	1
13353	1
13355	1
13358	1
13359	1
13367	1
13401	1
13404	1
13409	1
13445	1
13446	1
13449	1
13457	1
13467	1
13470	1
13476	1
13481	1
13483	1
13486	1
13487	1
13493	1
13494	1
13497	1
13500	1
13508	1
13517	1
13518	1
13537	1
13540	1
13544	1
13545	1
13546	1
13550	1
13554	1
13561	1
13571	1
13576	1
13587	1
13596	1
13598	2
13600	1
13607	1
13610	1
13617	1
13619	1
13634	1
13636	1
13651	1
13678	1
13682	1
13683	1
13684	1
13685	1
13688	1
13720	2
13723	3
13724	1
13727	2
13734	1
13737	1
13757	2
13758	1
13766	1
13767	1
13794	1
13796	1
13800	1
13802	1
13824	1
13834	1
13842	1
13844	1
13851	1
13856	1
13857	1
13863	1
13877	1
13898	1
13899	1
13904	1
13912	1
13923	1
13948	2
13949	1
13951	1
13952	1
13956	1
13957	1
13960	1
13962	1
13979	1
13981	1
13985	1
13993	1
14016	1
14021	1
14027	1
14039	1
14042	1
14045	1
14048	1
14058	1
14061	1
14064	1
14068	1
14079	1
14080	1
14081	1
14087	1
14089	1
14110	1
14112	1
14113	2
14134	1
14139	1
14142	1
14156	1
14159	1
14161	1
14182	1
14185	1
14220	1
14222	1
14231	1
14240	1
14247	1
14250	1
14253	1
14257	1
14266	1
14268	1
14277	1
14284	1
14285	1
14307	1
14312	1
14327	1
14329	1
14332	1
14340	1
14341	1
14349	1
14361	1
14370	1
14374	1
14375	1
14384	1
14387	1
14410	1
14411	1
14417	1
14422	1
14435	1
14441	1
14443	1
14459	1
14462	1
14471	1
14483	1
14490	1
14500	2
14503	1
14505	1
14517	1
14518	1
14524	1
14526	1
14528	1
14529	1
14541	1
14542	1
14578	1
14584	1
14587	1
14588	1
14601	1
14635	1
14648	1
14656	1
14675	1
14676	1
14679	1
14681	1
14685	1
14687	1
14691	1
14693	1
14699	1
14704	1
14707	1
14718	1
14724	1
14726	1
14731	1
14733	1
14741	1
14755	1
14757	1
14761	1
14773	1
14784	1
14790	2
14800	1
14802	1
14810	1
14816	1
14821	1
14827	1
14828	2
14829	2
14837	1
14843	1
14851	1
14852	1
14853	1
14857	1
14858	2
14862	1
14863	1
14865	1
14875	1
14879	1
14890	1
14893	1
14900	1
14903	1
14911	1
14916	1
14926	1
14936	1
14937	3
14939	1
14944	1
14945	2
14948	1
14959	1
14961	1
14969	2
14972	1
14979	1
14980	1
14984	1
15000	1
15002	1
15009	1
15013	1
15015	1
15030	1
15033	1
15036	1
15041	1
15044	1
15047	1
15048	1
15053	1
15067	1
15071	1
15076	1
15086	2
15091	1
15094	1
15098	1
15109	2
15132	1
15137	1
15140	1
15141	1
15148	1
15149	1
15153	1
15156	1
15160	1
15165	1
15168	1
15177	1
15179	1
15180	1
15189	1
15195	1
15198	1
15201	1
15206	1
15209	1
15212	1
15220	1
15232	1
15246	1
15248	1
15252	1
15253	1
15255	1
15261	1
15266	1
15267	1
15270	1
15280	1
15286	1
15290	1
15294	1
15301	1
15303	1
15305	1
15307	1
15310	1
15314	2
15321	1
15326	1
15329	2
15331	1
15336	1
15339	1
15345	1
15347	1
15348	1
15353	1
15359	1
15360	1
15363	1
15374	1
15376	1
15377	1
15379	1
15387	1
15389	1
15402	1
15409	1
15415	2
15419	1
15428	1
15432	2
15439	1
15448	1
15454	2
15456	1
15461	1
15467	1
15469	1
15471	1
15476	1
15477	1
15482	1
15483	1
15487	1
15493	1
15494	1
15495	1
15503	1
15516	1
15521	1
15527	1
15529	1
15530	1
15531	1
15533	2
15534	3
15538	1
15539	1
15541	1
15546	1
15548	1
15552	1
15553	1
15554	1
15556	1
15557	1
15563	2
15564	1
15573	2
15575	1
15578	1
15582	1
15614	1
15617	1
15627	1
15628	1
15635	1
15636	1
15637	1
15646	1
15648	1
15650	1
15660	1
15667	1
15672	1
15680	1
15686	1
15688	1
15692	1
15700	1
15703	1
15714	1
15719	1
15724	1
15731	1
15732	1
15733	1
15745	1
15746	1
15756	1
15765	1
15771	1
15774	1
15780	2
15781	1
15783	3
15784	2
15785	1
15789	1
15795	1
15816	1
15822	3
15823	1
15825	1
15826	1
15829	1
15830	1
15835	1
15853	1
15858	2
15864	1
15871	1
15872	1
15873	1
15875	1
15876	3
15879	1
15888	1
15893	1
15900	1
15902	1
15906	1
15910	1
15915	1
15920	1
15931	1
15941	1
15942	1
15945	3
15951	1
15956	1
15957	1
15959	1
15961	1
15964	1
15965	1
15966	1
15969	1
15970	1
15979	2
15981	1
15984	1
15988	1
15991	1
15996	1
15997	1
15999	1
16000	1
16004	1
16015	1
16021	1
16022	1
16023	1
16024	1
16030	1
16045	1
16047	2
16050	2
16052	1
16062	1
16084	1
16085	2
16086	1
16093	1
16099	1
16115	1
16117	1
16121	1
16124	1
16126	1
16130	1
16139	1
16147	2
16149	2
16154	2
16156	1
16162	1
16170	1
16173	1
16176	1
16193	1
16195	2
16198	1
16201	1
16203	2
16204	1
16205	1
16210	1
16214	1
16217	1
16225	1
16231	1
16232	1
16233	1
16238	1
16241	1
16244	1
16247	1
16250	1
16255	1
16260	2
16261	1
16262	1
16263	1
16268	1
16271	1
16272	2
16273	1
16278	1
16280	1
16291	1
16292	1
16304	1
16306	1
16308	1
16312	1
16317	1
16321	1
16322	1
16330	1
16336	1
16337	1
16343	2
16346	1
16347	1
16354	1
16365	1
16366	1
16368	1
16369	1
16383	1
