1	171
8193	1
2	75
3	79
4	59
5	52
6	33
7	37
8	37
9	35
10	30
11	31
12	23
13	26
14	28
15	20
16	21
17	31
18	19
19	21
20	16
21	22
22	22
23	14
24	17
25	17
8217	1
26	15
27	18
28	15
29	18
30	16
31	17
32	26
33	21
34	17
8226	1
35	18
36	10
37	21
38	25
39	22
40	14
41	19
42	11
43	13
44	21
45	20
46	23
47	17
48	11
49	13
50	19
51	23
52	13
53	5
54	10
55	16
56	13
57	18
58	17
59	17
60	13
61	16
62	20
63	10
64	11
65	23
66	5
67	9
68	18
69	14
70	12
71	17
72	15
73	10
74	13
75	16
76	7
77	12
78	14
79	15
80	11
81	15
82	21
83	12
84	15
85	9
86	10
87	17
88	16
89	13
90	14
91	15
92	12
93	15
94	12
95	14
96	8
97	9
98	6
99	9
100	13
101	18
102	12
103	14
104	5
105	8
106	18
107	11
108	14
109	9
110	11
111	9
112	8
113	10
114	11
115	4
116	8
117	11
118	9
119	12
120	14
121	15
122	8
123	5
124	12
125	12
126	12
127	15
128	8
129	9
130	13
131	14
132	8
133	20
134	12
135	12
136	13
137	15
138	11
139	8
140	10
141	11
142	11
143	9
144	10
145	7
146	15
147	6
148	15
149	13
150	10
151	7
152	10
153	13
154	13
155	10
156	9
157	12
158	9
159	7
160	11
161	17
162	9
163	8
164	15
165	12
166	11
167	6
168	7
169	7
170	4
171	12
172	9
173	14
174	7
175	7
176	14
177	12
178	8
179	9
180	6
181	10
182	7
183	10
184	9
185	9
186	12
187	6
188	7
189	10
190	6
191	8
8383	1
192	10
193	10
194	11
195	9
196	4
197	10
198	7
199	8
200	7
201	13
202	10
203	10
204	11
205	11
206	13
207	11
208	6
209	6
210	8
211	7
212	8
213	9
214	8
215	11
216	8
217	8
218	5
219	10
220	10
221	9
222	10
223	4
224	10
225	8
226	9
227	8
228	3
229	8
230	9
231	5
232	7
233	15
234	10
235	12
236	15
237	5
8429	1
238	8
239	5
240	7
241	14
242	13
243	11
244	10
245	7
246	9
247	5
248	9
249	10
250	5
251	5
252	14
253	11
254	13
255	8
256	1
257	10
258	12
259	9
8451	1
260	7
261	7
262	7
263	6
264	8
265	10
266	7
267	9
268	9
269	10
270	7
271	4
8464	1
272	5
273	7
274	6
275	11
276	9
277	12
278	6
279	7
280	6
281	15
282	7
283	9
284	7
285	9
286	17
287	4
288	9
289	10
290	10
8483	1
291	5
292	5
293	1
294	4
295	7
296	13
297	9
298	7
299	8
8492	1
300	6
301	10
302	9
303	7
8495	1
304	5
305	2
306	14
307	5
308	4
309	6
310	7
311	12
312	8
313	8
314	8
315	15
316	7
317	6
318	6
319	11
320	7
321	9
322	4
323	7
324	8
325	8
326	7
327	4
328	10
329	5
330	8
331	10
332	5
333	6
334	7
335	10
336	7
337	9
338	8
339	8
340	4
341	5
342	4
343	8
344	7
345	6
346	7
347	11
348	10
349	2
350	3
351	11
352	9
353	10
354	8
355	6
356	6
357	10
358	8
359	8
360	5
361	5
362	5
363	9
364	11
365	12
366	5
367	8
368	6
369	5
370	7
371	7
372	4
373	11
374	6
375	6
376	9
377	7
378	11
379	12
380	4
381	4
382	8
383	3
384	7
385	8
386	6
387	12
388	8
389	8
390	5
391	1
392	7
393	5
394	5
395	4
396	9
397	10
398	8
399	10
400	3
401	10
402	7
403	6
404	4
405	7
406	6
407	8
408	9
409	5
410	4
411	9
412	8
413	5
414	3
415	5
8608	1
416	9
417	10
418	9
419	13
420	9
421	7
422	10
423	10
424	9
425	4
426	8
427	12
428	10
429	2
430	6
431	12
432	4
433	5
434	9
435	8
436	5
437	7
438	11
439	5
440	7
441	6
442	6
443	6
444	5
445	10
446	13
447	8
448	9
8640	1
449	7
450	11
451	6
452	8
453	10
454	9
455	8
456	5
457	9
458	6
459	13
460	3
461	11
462	4
463	7
464	9
465	11
466	7
467	9
468	11
469	11
470	6
471	10
472	11
473	7
8666	1
474	6
475	7
476	8
477	5
478	8
479	7
480	4
481	4
482	9
483	9
484	7
485	8
486	9
487	4
488	7
489	8
490	5
491	2
492	9
493	5
494	5
495	6
496	6
497	11
498	10
499	7
500	6
501	10
502	3
503	8
504	6
505	4
506	8
507	7
508	6
509	7
510	4
511	7
512	8
513	11
514	3
515	8
516	5
517	5
518	8
519	7
520	12
521	9
522	16
523	11
524	6
525	11
526	10
527	7
528	9
529	7
530	5
531	9
532	2
533	1
534	10
535	2
536	3
537	6
538	6
539	7
540	6
541	8
542	11
543	6
544	3
545	8
546	10
8738	1
547	7
548	1
549	8
550	12
551	10
552	8
553	5
554	5
555	9
556	6
557	7
558	5
559	8
560	6
561	6
562	12
563	11
564	8
565	9
566	3
567	7
568	7
569	5
570	8
571	8
572	10
573	7
574	3
575	6
576	10
8769	1
577	8
578	5
579	6
580	6
581	5
582	7
583	6
584	6
585	12
586	9
587	5
588	7
589	7
590	2
591	5
592	4
593	5
594	4
595	4
596	7
597	5
598	6
599	7
600	4
601	8
602	11
603	11
604	8
605	5
606	5
607	6
608	4
609	7
610	8
611	4
612	7
613	5
614	11
615	6
616	6
617	4
618	8
619	8
620	12
621	8
622	4
623	4
624	5
625	6
626	11
627	8
628	9
629	7
630	7
631	4
632	7
633	4
634	9
635	7
636	13
637	5
638	4
639	10
640	4
641	5
642	8
643	5
644	7
645	4
646	10
647	4
648	5
649	5
650	8
651	6
652	2
653	8
654	9
655	3
656	9
657	9
658	4
659	10
660	8
661	1
662	6
663	8
664	5
665	5
666	3
667	3
668	6
669	7
670	12
671	5
672	6
673	10
674	9
8866	1
675	9
676	8
677	6
678	10
679	6
680	7
681	7
682	9
683	10
684	2
685	8
686	5
687	10
688	11
689	6
690	4
691	8
692	4
693	4
694	12
695	4
696	3
697	8
698	13
699	6
700	7
701	4
702	4
703	8
704	6
705	6
706	6
707	4
708	7
709	8
710	2
711	3
712	7
713	9
714	3
715	6
716	7
717	4
8910	1
718	3
719	4
720	8
721	5
722	7
723	4
724	7
725	8
726	2
727	7
728	3
729	5
730	10
731	7
732	5
733	4
734	7
735	7
736	6
737	8
738	5
739	7
740	4
741	7
742	6
743	5
744	7
745	6
746	5
747	11
748	7
749	2
750	8
751	5
752	7
753	7
754	10
755	9
756	7
757	6
758	5
759	2
760	7
761	11
762	6
763	6
764	12
765	5
766	4
767	5
768	6
769	3
770	2
771	7
772	8
773	4
8966	2
774	10
775	6
776	8
777	2
778	5
779	6
780	8
781	12
782	4
783	7
784	3
785	3
786	9
787	5
788	3
789	6
790	3
791	4
792	6
793	9
794	6
795	5
8987	1
796	5
797	11
798	8
799	3
800	8
801	8
802	9
803	4
804	5
805	6
806	9
807	4
808	7
809	9
810	7
811	4
812	11
813	9
814	7
815	6
816	6
817	7
818	5
819	10
9011	1
820	8
821	11
822	5
823	6
824	5
825	6
826	6
827	5
828	6
829	7
830	4
831	7
832	9
833	7
834	5
835	2
836	6
837	6
838	6
839	1
840	9
841	6
842	10
843	4
844	1
845	6
846	7
847	7
848	9
849	10
850	8
851	6
852	7
853	4
854	5
855	6
856	4
857	7
858	3
859	5
860	4
861	9
862	7
863	6
864	3
865	8
866	6
867	7
868	11
869	7
870	5
871	4
872	10
9064	1
873	4
874	7
9067	1
875	4
876	6
877	8
878	2
879	4
880	11
881	3
882	2
883	6
884	4
885	6
886	9
887	5
888	3
889	3
890	4
891	7
892	6
893	5
894	8
895	8
896	10
897	4
898	3
899	8
900	6
901	2
902	1
903	6
904	8
905	4
906	6
907	2
908	5
909	9
910	6
911	8
912	8
913	3
914	5
915	7
916	5
917	7
918	2
919	5
920	8
921	5
922	5
923	7
924	11
925	6
926	6
927	7
928	9
929	4
930	9
931	3
932	8
933	1
934	12
935	3
936	8
937	9
938	5
939	11
940	4
941	6
942	4
943	4
944	3
945	5
946	7
947	5
948	7
949	4
950	5
951	1
952	8
953	5
954	2
955	4
956	5
9148	1
957	2
958	4
959	13
960	10
961	4
962	3
963	7
964	6
965	3
966	6
967	6
968	11
969	6
970	7
971	6
972	2
973	2
974	3
975	9
976	5
977	1
978	6
979	9
980	8
981	4
982	6
983	8
984	8
985	5
986	3
987	8
988	6
989	6
990	3
991	2
992	8
993	5
994	6
995	8
996	2
997	6
998	7
999	2
1000	11
1001	5
1002	4
1003	6
1004	5
1005	7
1006	5
1007	4
1008	4
1009	8
1010	7
1011	2
1012	6
1013	9
1014	6
1015	8
1016	14
1017	6
1018	4
1019	4
1020	6
1021	4
1022	4
1023	12
1024	8
1025	5
1026	10
1027	8
1028	3
1029	6
1030	7
1031	5
1032	6
1033	5
1034	6
1035	3
1036	4
1037	6
1038	3
1039	8
1040	9
1041	7
1042	6
1043	3
1044	6
1045	7
1046	6
1047	4
1048	9
1049	5
1050	4
1051	6
1052	8
1053	4
1054	8
1055	3
1056	4
1057	5
1058	7
1059	4
1060	7
1061	8
1062	7
1063	3
1064	8
1065	2
1066	3
1067	2
1068	4
1069	8
1070	7
1071	7
1072	6
1073	5
1074	6
1075	2
1076	3
1077	8
1078	8
1079	7
1080	3
1081	6
1082	3
1083	6
1084	7
1085	4
1086	4
1087	5
1088	9
1089	7
1090	8
1091	5
1092	3
1093	5
1094	7
1095	10
1096	7
1097	4
1098	9
1099	11
1100	10
1101	6
1102	8
1103	1
1104	8
1105	9
1106	5
1107	7
9300	1
1108	7
1109	5
1110	4
1111	8
1112	4
1113	5
1114	7
1115	6
1116	9
1117	6
1118	7
1119	9
1120	6
1121	2
1122	8
1123	5
1124	9
1125	5
1126	4
1127	2
1128	6
1129	6
1130	3
1131	11
1132	6
1133	4
1134	4
1135	3
1136	6
1137	6
1138	6
1139	7
1140	9
1141	1
1142	4
1143	6
1144	5
1145	6
1146	6
1147	8
1148	4
1149	4
1150	4
1151	7
1152	4
1153	6
1154	5
1155	10
1156	11
1157	8
1158	4
1159	1
1160	1
1161	7
1162	6
1163	4
1164	4
1165	7
1166	3
1167	3
1168	10
1169	5
1170	7
1171	7
1172	5
1173	3
1174	3
1175	4
1176	6
1177	4
1178	3
1179	10
1180	2
1181	8
1182	4
1183	12
1184	5
1185	7
1186	5
1187	5
1188	6
1189	3
1190	4
1191	5
1192	13
1193	10
1194	9
1195	3
1196	9
1197	6
1198	7
1199	5
1200	4
1201	6
1202	6
1203	5
1204	4
1205	6
1206	10
1207	4
1208	9
1209	6
1210	6
1211	6
1212	7
1213	1
1214	7
1215	6
1216	5
1217	6
1218	10
1219	10
1220	7
1221	5
1222	2
1223	3
1224	8
1225	5
1226	9
1227	8
1228	5
1229	5
1230	8
1231	2
1232	3
1233	7
1234	4
1235	1
1236	6
1237	5
1238	8
1239	8
1240	7
1241	1
1242	6
1243	1
1244	4
1245	6
9437	1
1246	5
1247	5
1248	2
1249	10
1250	3
1251	6
1252	5
1253	3
1254	2
1255	9
1256	5
1257	4
1258	4
1259	4
1260	6
1261	10
1262	5
1263	2
1264	2
1265	3
1266	3
1267	10
1268	4
1269	7
1270	6
1271	8
1272	5
1273	3
1274	7
1275	3
1276	2
1277	8
1278	5
1279	7
1280	5
1281	4
1282	5
1283	5
1284	2
1285	5
1286	1
1287	7
1288	11
1289	3
1290	6
1291	5
1292	2
1293	1
1294	6
1295	4
9487	1
1296	4
1297	4
1298	5
1299	2
1300	7
1301	6
1302	9
1303	5
1304	3
1305	2
1306	3
1307	11
1308	4
1309	8
1310	6
1311	5
1312	5
1313	5
1314	2
1315	6
1316	12
1317	6
1318	5
1319	6
1320	6
1321	3
1322	2
1323	2
1324	3
1325	10
1326	6
1327	4
1328	3
1329	1
1330	8
1331	5
9523	1
1332	5
1333	8
1334	4
1335	5
1336	2
1337	3
1338	5
1339	6
1340	4
1341	8
1342	7
1343	2
1344	3
1345	9
1346	7
1347	3
1348	3
1349	7
1350	10
1351	3
1352	7
1353	8
1354	5
1355	2
1356	4
1357	5
1358	8
1359	6
1360	4
1361	7
1362	7
1363	5
1364	8
1365	5
1366	3
1367	6
1368	4
1369	9
1370	3
1371	5
1372	4
1373	11
1374	6
1375	8
1376	6
1377	6
1378	6
1379	5
1380	4
1381	2
1382	4
1383	3
1384	7
1385	6
1386	4
1387	5
1388	4
1389	7
1390	4
1391	7
1392	1
1393	1
1394	3
1395	2
1396	2
1397	6
1398	6
1399	7
1400	2
1401	1
1402	3
1403	2
1404	6
1405	4
1406	5
1407	10
1408	5
1409	3
1410	9
1411	6
1412	7
1413	7
1414	8
1415	2
1416	6
1417	4
1418	3
1419	5
1420	4
1421	4
1422	6
9615	1
1423	7
1424	6
1425	7
1426	8
1427	6
1428	14
1429	8
1430	4
1431	6
1432	1
1433	8
1434	4
1435	3
1436	9
1437	2
1438	5
1439	6
1440	7
1441	2
1442	2
1443	1
1444	5
1445	7
1446	12
1447	5
1448	7
1449	2
1450	6
1452	5
1453	5
1454	7
1455	4
1456	5
1457	5
1458	7
1459	5
1460	4
1461	3
1462	9
1463	3
1464	6
1465	6
1466	1
1467	4
1468	3
1469	5
1470	6
1471	4
1472	6
1473	3
1474	7
1475	1
1476	2
1477	5
1478	4
1479	9
1480	8
1481	5
1482	4
1483	7
1484	10
1485	3
1486	3
1487	4
1488	4
1489	4
1490	4
9683	1
1491	7
1492	5
1493	1
1494	2
1495	4
1496	4
1497	10
1498	3
1499	5
1500	8
1501	4
1502	8
1503	4
1504	6
1505	2
1506	4
1507	7
1508	8
1509	5
1510	3
1511	5
1512	8
1513	1
1514	8
1515	6
1516	3
1517	6
1518	4
1519	6
1520	6
1521	6
1523	6
1524	5
1525	5
1526	4
9718	1
1527	3
1528	6
1529	3
1530	6
1531	1
1532	2
1533	8
1534	7
1535	2
1536	1
1537	8
1538	5
1539	4
1540	7
1541	5
1542	7
1543	6
1544	7
1545	9
1546	4
1547	5
1548	6
1549	3
1550	4
1551	6
1552	6
1553	7
1554	5
1555	8
1556	8
1557	3
1558	4
1559	4
1560	2
1561	6
1562	8
1563	6
1564	7
1565	5
1566	3
1567	7
1568	5
1569	4
1570	3
1571	4
1572	3
1573	3
1574	5
1575	5
1576	5
1577	4
1578	6
1579	7
1580	2
1581	7
1582	3
1583	9
1584	6
1585	4
1586	2
1587	4
1588	2
1589	8
1590	5
1591	4
1592	3
9784	1
1593	7
1594	3
1595	3
1596	3
1597	2
1598	4
1599	7
1600	6
1601	11
1602	5
1603	2
1604	10
1605	2
1606	6
1607	6
1608	9
1609	2
1610	5
1611	1
1612	4
1613	2
1614	3
1615	5
1616	4
1617	4
1618	3
1619	4
1620	5
1621	1
1622	2
1623	4
1624	5
1625	3
1626	8
1627	4
1628	2
1629	5
1630	4
1631	4
1632	4
1633	3
1634	3
1635	4
1636	7
1637	6
1638	5
1639	5
1640	7
1641	4
1642	5
1643	2
1644	4
1645	4
1646	5
1647	7
1648	10
1649	6
1650	8
1651	8
1652	4
1653	6
1654	5
1655	6
1656	1
1657	8
1658	1
1659	2
1660	4
9853	1
1661	3
1662	5
1663	2
1664	1
1665	2
1666	4
1667	4
1668	2
1669	7
1670	4
1671	6
1672	8
1673	7
1674	5
1676	4
1677	2
1678	4
1679	3
1680	2
1681	5
1682	6
1683	4
1684	6
1685	2
1686	2
1687	6
1688	7
1689	2
1690	4
1691	7
1692	4
1693	5
1694	6
1695	2
1696	4
1697	4
1698	4
1699	2
1700	9
1701	3
1702	3
1703	5
1704	2
1705	4
1706	1
1707	1
1708	4
1709	5
1710	6
1711	7
1712	4
1713	5
1714	2
9906	1
1715	4
1716	3
1717	5
1718	3
1719	1
1720	3
1721	12
1722	6
1723	6
1724	4
1725	2
1726	5
1727	5
1728	1
1729	7
1730	6
1731	8
1732	2
1733	1
1734	5
1735	4
1736	5
1737	4
1738	9
1739	4
1740	7
1741	7
1742	7
1743	5
1744	6
1745	4
1746	5
1747	2
1748	1
1749	5
1750	5
1751	9
1752	8
1753	6
1754	3
1755	1
1756	3
1757	5
1758	6
1759	5
1760	5
1761	3
1762	4
1763	7
1764	6
1765	8
1766	3
1767	4
1768	4
1769	1
1770	8
1771	3
1772	2
1773	4
1774	6
1775	7
1776	6
1777	6
1778	3
1779	4
1780	8
1781	7
1782	6
1783	2
1784	7
1785	5
1786	5
1787	2
1788	3
1789	7
1790	2
1791	3
1792	2
1793	2
1794	6
1795	4
1796	8
1797	3
1798	3
1799	8
1800	6
1801	7
1802	3
1803	6
1804	6
1805	2
1806	4
1807	1
1809	7
1810	6
1811	1
1812	2
1813	6
1814	6
1815	8
1816	7
1817	3
1818	6
1819	5
1820	1
1821	4
1822	6
1823	1
1824	4
1825	4
1826	5
1827	3
1828	3
1829	4
1830	4
1831	4
1832	7
1833	2
1834	3
1835	3
1836	5
1837	4
1838	4
1839	5
1840	9
1841	2
1842	3
1843	1
1844	4
1845	1
1846	5
1847	6
1848	4
1849	8
1850	5
1851	6
1852	2
1853	4
1854	5
1855	6
1856	5
1857	2
1858	6
1859	5
1860	4
1861	3
1862	3
1863	4
1864	2
1865	6
1866	3
1867	6
1868	7
1869	4
1870	2
1871	6
1872	7
1873	2
1874	2
1875	3
1876	4
1877	4
1878	3
1879	1
1880	3
1881	4
1882	2
1883	6
1884	3
1885	6
1886	2
1887	6
10079	1
1888	3
1889	1
1890	8
1891	2
1892	8
1893	1
1894	6
1895	4
1896	4
1897	5
1898	6
1899	7
1900	3
1901	3
1902	1
1903	3
1904	7
1905	5
1906	1
1907	2
1908	5
1909	7
1910	2
1911	3
1912	5
1913	3
1914	4
1915	1
1916	7
10109	1
1917	7
1918	2
1919	7
1920	4
1921	3
1923	3
1924	3
1925	4
1926	2
1927	9
1928	4
1929	4
1930	3
1931	6
1932	4
1933	6
1934	4
1935	10
1936	3
1937	2
1938	8
1939	2
1940	8
1941	8
1943	2
1944	8
1945	7
1946	5
1947	8
1948	3
1949	2
1950	4
1951	4
1953	5
1954	3
1955	5
1956	5
1957	5
1958	2
1959	3
1960	7
1961	8
1962	4
1963	3
1964	5
1965	5
1966	2
1967	3
1968	5
1969	3
1970	3
1971	11
1972	3
1973	2
1974	6
1975	7
1976	5
1978	6
1979	5
1980	4
1981	6
1982	2
1983	2
1984	4
1985	5
1986	5
1987	4
1988	7
1989	7
1990	4
1991	8
1992	2
1993	5
1994	7
1995	2
1996	1
1997	2
1998	5
1999	4
2000	5
2001	7
2002	3
2003	6
2004	6
2005	3
2006	5
2007	5
2008	2
2009	4
2010	4
2011	3
2012	9
2013	4
2014	3
2015	1
2016	3
2017	6
2018	3
2019	3
2020	2
2021	2
2022	4
2023	7
2024	3
2025	1
2026	4
2027	6
2028	5
2029	2
2030	8
2031	9
2032	4
2033	1
2034	4
2035	4
2036	2
2037	3
2038	6
2039	4
2040	3
2041	6
2042	3
2043	4
2044	4
2045	7
2046	2
2047	3
2048	1
2049	3
2050	8
2051	3
2052	4
2053	4
2054	6
2055	6
2056	3
2057	3
2058	4
2059	6
2060	3
2061	6
2062	5
2063	7
2064	3
2065	2
2066	5
2067	4
2068	3
2069	4
2070	4
2071	1
2072	7
2073	7
2074	8
2075	5
2076	3
2077	5
2079	2
2080	1
2081	3
2082	5
2083	4
2084	2
2085	3
2086	8
2087	9
2088	2
2089	4
2090	7
2091	3
2092	3
2093	6
2094	4
2096	2
2097	6
2098	6
2099	5
2100	2
2101	5
2102	5
2103	5
2104	1
2105	4
2106	4
2107	4
2108	4
2109	6
2110	3
2111	6
2112	5
2113	5
2114	3
2115	6
2116	3
2117	4
2118	5
2119	5
2120	8
2121	4
2122	6
2123	2
2124	2
2125	5
2126	2
2127	4
2128	4
2129	1
2130	2
2131	5
2132	7
2133	4
2134	4
2135	3
2136	6
2137	4
2138	3
2139	4
2140	5
2141	3
2142	4
2143	4
2144	1
2145	7
2146	5
2147	4
2148	2
2149	5
2150	1
2151	5
2153	1
2154	4
2155	3
2156	3
2157	1
2158	5
2159	4
2160	1
2161	5
2162	6
2163	2
2164	2
2165	4
2166	3
2167	5
2168	1
2169	3
2170	3
2171	6
2172	4
2173	5
2174	3
2175	2
2176	4
2177	6
2178	2
2179	3
2180	10
2181	5
2182	5
2183	4
2184	4
2185	2
2186	3
2187	1
2188	5
2189	6
2190	1
2191	2
2192	1
2193	1
2194	3
2195	4
2196	4
2197	1
2198	4
2199	3
2200	6
2201	1
2202	4
2203	3
2204	5
2205	7
2206	3
2207	3
2208	7
2209	6
2210	2
2211	3
2212	4
2213	3
2214	1
2215	4
2216	9
2217	4
2218	6
2219	3
2220	5
2221	5
2222	4
2223	3
2224	2
2225	5
2226	3
2227	3
2228	2
2229	4
2230	2
2231	6
2232	3
2233	7
2234	5
2235	8
2236	5
2237	4
2238	1
2239	2
2240	5
2241	2
2242	6
2243	3
2244	3
2245	6
2246	3
2247	3
2248	2
2249	4
2250	4
2251	4
2252	4
2253	1
2254	2
2255	2
2256	4
2257	3
2258	5
2259	3
2260	2
2261	5
2262	2
2263	2
2264	4
2265	3
2266	4
2267	2
2268	3
2269	3
2270	4
2271	1
2272	1
2273	5
2274	2
2275	3
2276	3
2277	4
2278	3
2279	6
2280	1
2281	6
2282	6
2283	4
2284	4
2285	3
2286	5
2287	2
2288	5
2289	4
2290	6
2291	2
2292	5
2293	2
2294	4
2295	3
2296	4
2297	2
2298	3
2299	1
2300	5
2301	3
2302	3
2303	4
2304	4
2305	3
2306	3
2307	3
2308	2
2309	1
2310	2
2311	5
2312	1
2313	6
2314	2
2315	3
2316	1
2317	7
2318	3
2319	3
2320	4
2322	4
2323	1
2324	2
2325	3
2326	1
2327	4
2328	3
2329	3
2330	2
2331	9
2332	3
2333	2
2334	4
2335	2
2336	1
2337	5
2338	1
2339	2
2340	4
2341	3
2342	4
2343	8
2344	4
2345	10
2346	4
2347	2
2348	5
2349	1
2350	6
2351	1
2352	3
2353	4
2354	3
2355	3
2356	9
2357	1
2358	5
2359	3
2360	8
2361	3
2362	4
2363	1
2364	2
2365	3
2366	7
2367	2
2368	3
2369	4
2370	2
2371	3
2372	6
2373	2
2374	5
2375	2
2376	3
2377	2
2378	2
2379	2
2380	3
2381	7
2382	5
2383	1
2384	4
2385	1
2386	2
2387	5
2388	3
2389	5
2390	5
2391	2
2392	2
2393	5
2394	7
2395	2
2396	6
2397	1
2398	3
2399	9
2400	3
2401	3
2402	9
2403	4
2404	4
2405	5
2406	5
2407	7
2408	4
2409	4
2410	1
2411	5
2412	3
2413	2
2414	1
2415	3
2416	2
2417	3
2418	6
2419	2
2420	3
2421	2
2422	1
2423	1
2424	4
2425	3
2426	2
2427	3
2428	3
2429	3
2430	3
2431	2
2433	5
2434	1
2435	2
2436	2
2437	2
2438	6
2439	4
2440	4
2441	1
2442	2
2443	2
2444	5
2445	4
2446	7
2447	1
2448	3
2449	2
2450	1
2451	2
2453	1
2454	5
2455	2
2456	6
2457	3
2458	5
2459	2
2460	4
2461	7
2462	3
2463	1
2464	1
2465	6
2466	4
2467	3
2468	2
2469	7
2470	4
2471	2
2472	5
2473	4
2474	4
2475	3
2476	4
2478	4
2479	4
2480	7
2482	3
2483	5
2484	3
2485	2
2486	7
2487	1
2488	2
2489	6
2490	1
2491	1
2492	3
2493	5
2494	5
2495	5
2496	4
2497	8
2498	1
2499	1
2500	2
2501	3
2502	6
2503	5
2504	2
2505	4
2506	2
2507	2
2508	1
2509	5
2510	3
2511	5
2512	3
2513	7
2514	6
2515	3
2516	1
2517	1
2518	6
2519	4
2520	2
2521	1
2522	3
2523	3
2524	3
2525	4
2526	3
2527	2
2528	4
2529	3
2530	5
2531	2
2532	4
2533	3
2534	4
2535	1
2536	5
2537	4
2538	6
2539	1
2540	1
2541	5
2542	5
2543	3
2544	4
2545	1
2546	3
2547	4
2548	4
2549	6
2550	3
2551	3
2552	4
2553	6
2554	4
2555	2
2556	3
2557	3
2558	4
2559	3
2560	2
2561	6
2562	5
2563	5
2564	5
2565	5
2566	3
2567	2
2568	4
2570	5
2571	1
2572	4
2573	3
2574	3
2575	4
2577	2
2578	3
2579	3
2580	3
2581	3
2582	3
2583	2
2584	1
2585	4
2586	1
2587	4
2588	4
2589	5
2590	4
2591	1
2592	4
2593	1
2594	1
2596	3
2597	2
2598	4
2599	4
2600	5
2601	6
2602	5
2603	2
2604	4
2605	2
2606	1
2607	3
2608	3
2609	3
2610	3
2611	3
2612	2
2613	1
2614	2
2615	7
2616	3
2617	6
2618	3
2619	6
2620	3
2621	3
2622	1
2623	4
2624	3
2625	2
2626	2
2627	4
2628	4
2629	3
2630	6
2631	4
2633	1
2634	2
2635	6
2636	1
2637	3
2638	3
2639	2
2640	2
2641	3
2642	1
2643	5
2644	5
2646	3
2647	2
2648	4
2649	2
2650	3
2651	7
2652	7
2653	2
2654	4
2655	5
2656	1
2658	3
2659	2
2660	2
2661	2
2662	3
2663	3
2664	2
2665	6
2666	3
2667	1
2668	3
2669	4
2670	3
2671	4
2672	1
2673	7
2674	3
2675	2
2676	2
2677	4
2678	2
2679	2
2680	7
2681	3
2682	2
2683	6
2684	1
2685	5
2686	5
2687	2
2689	2
2690	5
2691	3
2692	3
2693	3
2694	5
2695	3
2696	3
2697	2
2698	4
2699	2
2700	2
2701	5
2702	5
2703	5
2704	5
2706	1
2707	2
2708	3
2709	3
2712	3
2713	3
2714	1
2715	1
2716	4
2717	3
2718	3
2719	3
2720	2
2721	7
2722	1
2723	5
2724	2
2725	1
2726	6
2727	5
2728	1
2729	6
2730	1
2731	4
2732	2
2733	1
2734	4
2735	1
2736	2
2737	6
2738	2
2739	2
2740	3
2741	2
2742	5
2743	3
2745	1
2746	4
2747	3
2748	2
2749	1
2750	3
2751	3
2752	4
2753	3
2754	2
2755	4
2757	3
2758	1
2759	1
2760	3
2761	5
2762	1
2763	2
2764	2
2765	4
2766	3
2767	2
2768	3
2769	3
2770	5
2771	4
2772	1
2773	2
2774	3
2775	5
2776	2
2777	4
2778	7
2779	5
2780	3
2781	4
2782	4
2784	5
2786	1
2787	5
2788	3
2790	3
2791	4
2792	3
2793	5
2794	1
2795	4
2796	4
2797	2
2798	3
2799	1
2800	3
2801	5
2802	3
2803	1
2804	3
2805	4
2806	5
2807	3
2808	5
2809	4
2810	1
2811	1
2812	1
2814	2
2815	4
2816	2
2817	3
2818	3
2819	5
2820	1
2821	4
2822	3
2823	2
2824	2
2825	3
2826	1
2827	3
2828	2
2829	1
2830	5
2831	7
2832	2
2834	4
2835	5
2836	4
2837	4
2839	1
2840	3
2841	1
2842	4
2843	9
2844	2
2846	2
2847	4
2848	3
2849	1
2850	3
2851	2
2852	6
2853	5
2854	5
2855	4
2856	2
2857	6
2858	2
2859	3
2860	3
2861	3
2862	1
2863	3
2864	2
2865	3
2866	3
2867	2
2868	2
2870	3
2872	2
2873	4
2876	4
2877	2
2878	5
2879	3
2880	4
2881	4
2882	6
2883	2
2884	2
2885	2
2886	1
2887	3
2888	4
2889	6
2890	3
2891	1
2892	3
2894	3
2895	3
2897	1
2898	1
2901	4
2902	8
2903	2
2904	1
2905	5
2907	2
2908	5
2909	5
2910	1
2911	2
2912	3
2913	5
2914	4
2915	1
2916	2
2917	2
2918	1
2919	4
2920	3
2921	4
2922	4
2923	3
2924	3
2925	3
2926	5
2927	1
2928	1
2929	3
2930	2
2931	3
2932	2
2933	4
2934	5
2935	6
2936	3
2937	3
2938	3
2939	1
2940	5
2941	5
2942	1
2943	2
2944	1
2945	2
2946	6
2947	2
2948	1
2949	2
2950	1
2951	1
2952	1
2953	2
2954	5
2955	3
2956	9
2957	2
2958	2
2959	3
2960	1
2961	2
2962	3
2963	3
2964	1
2965	5
2966	1
2967	3
2968	2
2969	4
2970	3
2971	6
2972	5
2973	5
2974	2
2975	3
2976	3
2977	5
2979	2
2980	4
2981	2
2983	1
2984	3
2985	4
2986	4
2987	3
2988	2
2989	2
2990	4
2991	2
2993	3
2994	2
2995	3
2996	2
2997	2
2998	1
2999	1
3000	3
3001	2
3002	4
3003	3
3004	2
3005	2
3006	2
3007	6
3008	5
3009	3
3011	2
3012	3
3013	2
3014	3
3015	3
3016	2
3017	3
3018	2
3019	3
3020	3
3021	1
3022	1
3023	7
3024	3
3025	3
3026	3
3027	2
3028	1
3029	2
3030	4
3031	2
3032	3
3033	4
3034	2
3036	4
3037	4
3038	3
3039	4
3040	2
3041	3
3042	2
3043	2
3044	2
3045	1
3046	1
3047	1
3048	2
3050	4
3051	4
3052	1
3053	3
3054	3
3055	3
3057	5
3058	3
3059	3
3060	7
3062	5
3063	1
3067	3
3068	4
3069	1
3070	4
3071	4
3072	6
3073	2
3074	4
3075	6
3076	1
3077	2
3079	3
3080	1
3081	3
3082	6
3084	2
3085	3
3086	5
3087	2
3088	1
3089	4
3091	3
3093	1
3094	4
3095	4
3096	4
3097	5
3098	1
3099	1
3100	1
3101	2
3102	4
3104	1
3105	2
3106	1
3107	1
3108	6
3109	5
3110	5
3111	2
3112	5
3113	1
3114	1
3115	2
3116	3
3117	2
3118	5
3119	2
3120	3
3121	4
3122	7
3123	3
3124	1
3125	1
3126	2
3128	5
3129	1
3131	2
3133	3
3134	3
3135	5
3136	1
3137	2
3138	4
3139	3
3140	4
3141	2
3142	1
3143	1
3144	5
3145	3
3146	4
3147	2
3148	3
3149	4
3150	5
3151	6
3152	4
3154	3
3155	1
3156	1
3157	2
3158	4
3159	4
3160	2
3161	3
3162	3
3163	1
3165	2
3166	2
3167	1
3168	2
3169	4
3170	6
3171	5
3172	2
3173	4
3174	4
3175	3
3176	2
3179	3
3180	6
3181	4
3182	3
3183	5
3184	4
3186	2
3187	2
3188	5
3189	3
3190	2
3191	3
3192	1
3194	1
3195	4
3196	4
3198	1
3199	1
3201	3
3202	2
3203	2
3204	4
3205	4
3206	5
3207	3
3208	2
3209	4
3210	2
3211	3
3212	2
3213	4
3214	2
3215	2
3216	2
3217	4
3218	1
3219	1
3220	1
3221	1
3222	3
3223	3
3224	4
3225	1
3227	4
3228	1
3229	3
3230	4
3231	2
3233	2
3234	3
3235	2
3236	2
3237	3
3238	2
3239	2
3240	2
3241	3
3242	1
3243	5
3244	8
3245	1
3246	4
3247	3
3248	3
3249	4
3250	2
3251	3
3252	1
3253	1
3254	2
3255	1
3256	1
3257	3
3259	1
3260	1
3261	4
3262	1
3264	6
3265	2
3266	5
3267	1
3268	3
3272	1
3273	1
3275	1
3276	4
3277	6
3278	2
3280	1
3281	1
3283	2
3284	1
3285	3
3286	2
3287	3
3288	7
3289	3
3290	2
3291	2
3292	1
3293	2
3294	3
3295	1
3296	1
3298	4
3299	7
3300	4
3301	2
3302	7
3303	1
3304	1
3305	6
3306	1
3307	4
3308	2
3310	2
3311	2
3313	3
3314	3
3315	2
3316	2
3317	5
3318	3
3319	1
3320	4
3321	4
3323	2
3324	1
3325	5
3328	3
3329	2
3330	2
3331	1
3333	1
3334	1
3335	3
3336	4
3337	1
3338	4
3339	8
3341	3
3342	2
3344	1
3345	1
3346	1
3347	2
3348	2
3349	2
3350	3
3351	1
3353	3
3355	2
3356	1
3357	1
3358	3
3359	2
3360	6
3361	3
3362	4
3363	1
3364	1
3365	2
3366	5
3367	2
3368	2
3369	2
3370	1
3371	1
3372	4
3373	4
3374	2
3375	1
3376	1
3377	2
3378	2
3379	4
3380	3
3381	1
3382	2
3384	2
3385	3
3386	1
3387	1
3388	3
3389	4
3391	2
3392	3
3393	2
3394	1
3396	3
3397	2
3398	3
3399	7
3401	2
3402	3
3404	2
3405	2
3406	1
3407	3
3408	5
3409	4
3410	1
3412	5
3413	3
3414	3
3415	3
3416	2
3417	1
3419	1
3420	6
3421	1
3423	1
3424	2
3425	3
3428	2
3430	3
3431	2
3432	1
3433	3
3434	1
3435	1
3436	2
3437	4
3438	3
3439	4
3440	1
3441	1
3442	2
3444	2
3445	1
3446	3
3447	1
3448	1
3449	2
3450	1
3451	4
3452	3
3454	1
3455	2
3456	1
3457	2
3459	4
3460	2
3461	3
3462	2
3463	3
3464	4
3465	3
3466	2
3467	5
3468	1
3469	2
3470	2
3471	1
3473	6
3474	2
3475	1
3476	2
3477	3
3478	2
3479	1
3480	3
3481	2
3482	2
3483	1
3484	4
3485	1
3486	2
3487	1
3488	4
3489	3
3490	1
3491	3
3492	2
3493	3
3494	1
3497	1
3498	4
3499	2
3500	2
3501	1
3502	1
3503	3
3504	2
3505	2
3506	5
3507	4
3508	1
3509	1
3511	4
3512	6
3513	3
3514	4
3515	2
3517	2
3518	1
3519	1
3520	1
3521	3
3522	3
3523	4
3524	1
3525	3
3526	1
3527	1
3529	2
3530	1
3531	3
3532	2
3533	2
3535	1
3536	4
3537	1
3538	3
3539	3
3541	2
3542	2
3543	2
3544	2
3545	2
3546	2
3547	2
3548	3
3549	1
3551	2
3552	1
3554	3
3555	1
3557	1
3558	4
3559	2
3560	1
3561	3
3562	2
3563	1
3564	2
3565	3
3566	1
3567	2
3568	2
3570	2
3571	3
3572	3
3573	3
3574	2
3576	3
3578	2
3579	2
3581	1
3582	4
3583	4
3585	2
3586	2
3587	2
3588	1
3589	3
3590	1
3591	3
3592	2
3593	1
3594	5
3595	3
3596	2
3599	4
3601	1
3602	3
3603	3
3604	3
3605	1
3606	1
3607	2
3608	2
3609	1
3611	2
3612	2
3613	2
3615	3
3616	2
3617	5
3618	3
3619	2
3620	1
3621	2
3622	3
3623	3
3624	4
3625	3
3626	4
3629	3
3630	4
3631	1
3633	1
3635	3
3636	1
3637	1
3638	5
3641	3
3642	5
3643	2
3644	1
3645	3
3647	1
3648	5
3649	1
3650	2
3651	1
3652	2
3653	1
3655	2
3656	6
3657	2
3658	2
3659	1
3660	3
3661	3
3662	2
3663	3
3664	1
3665	7
3666	3
3667	2
3668	3
3669	3
3670	2
3671	5
3672	3
3674	4
3675	2
3676	1
3678	3
3679	1
3680	2
3681	3
3682	3
3683	3
3684	1
3685	5
3687	1
3688	1
3689	2
3691	1
3693	5
3695	1
3696	3
3697	3
3698	1
3699	4
3700	1
3702	4
3703	1
3704	2
3705	2
3706	1
3707	2
3709	3
3710	1
3711	5
3712	1
3713	1
3714	2
3715	1
3716	4
3717	2
3719	1
3721	1
3722	3
3723	2
3725	2
3727	1
3728	1
3729	2
3730	2
3731	3
3732	2
3733	3
3734	5
3735	1
3736	2
3737	2
3738	1
3741	2
3743	1
3744	4
3745	2
3746	1
3747	4
3748	2
3749	2
3750	1
3751	3
3752	2
3753	4
3754	1
3755	1
3756	2
3757	2
3758	3
3760	1
3761	2
3762	3
3763	4
3765	4
3766	3
3768	4
3769	2
3771	2
3772	2
3774	1
3776	2
3777	1
3779	1
3780	1
3782	2
3783	1
3784	1
3788	1
3789	3
3790	1
3791	3
3792	1
3793	4
3794	1
3795	3
3796	3
3797	2
3799	3
3801	1
3802	1
3803	3
3804	3
3805	2
3806	1
3807	1
3808	1
3809	3
3810	1
3811	2
3812	1
3813	1
3814	4
3815	2
3816	2
3817	1
3818	1
3819	2
3821	2
3823	1
3824	2
3825	1
3827	2
3828	3
3829	3
3830	1
3833	2
3834	1
3835	2
3836	2
3837	1
3838	2
3839	2
3840	1
3841	1
3842	4
3844	1
3846	1
3847	2
3849	1
3850	3
3851	3
3852	1
3853	1
3854	2
3855	1
3856	1
3857	2
3858	2
3860	1
3861	1
3863	1
3864	1
3865	1
3866	2
3867	1
3868	4
3869	3
3870	5
3871	4
3872	2
3873	1
3874	3
3875	1
3876	2
3877	1
3878	3
3879	1
3880	2
3882	2
3883	1
3885	1
3886	2
3888	1
3890	2
3891	1
3892	3
3893	3
3894	2
3895	3
3896	2
3898	2
3899	2
3900	4
3901	3
3902	4
3903	3
3904	1
3906	1
3908	2
3909	1
3910	3
3911	4
3913	1
3914	2
3915	1
3916	3
3918	1
3919	2
3921	4
3922	1
3923	2
3924	4
3925	2
3926	1
3927	1
3928	2
3929	2
3931	2
3932	1
3933	1
3934	1
3935	2
3936	1
3937	2
3938	1
3939	2
3940	1
3942	1
3943	2
3944	2
3945	1
3946	1
3947	1
3948	1
3949	1
3952	2
3953	3
3954	2
3955	1
3956	1
3957	1
3959	2
3961	1
3963	2
3964	1
3965	2
3966	1
3967	2
3969	1
3970	2
3972	2
3973	1
3974	1
3975	2
3976	1
3977	4
3979	1
3980	1
3981	3
3982	4
3983	2
3984	1
3985	1
3986	1
3987	1
3989	1
3990	2
3992	1
3993	3
3996	1
3997	3
3998	3
3999	3
4001	1
4002	2
4003	1
4004	1
4005	1
4007	1
4008	4
4009	4
4011	1
4012	1
4013	1
4014	1
4015	2
4017	2
4018	1
4019	2
4020	1
4021	2
4022	1
4024	1
4025	1
4026	1
4027	3
4028	1
4029	3
4030	2
4031	1
4032	2
4034	2
4035	1
4036	1
4037	4
4038	2
4039	1
4042	2
4044	1
4045	2
4046	2
4047	3
4048	1
4049	3
4050	2
4051	5
4052	1
4053	4
4054	3
4055	3
4056	3
4058	3
4059	1
4060	1
4064	1
4065	1
4067	1
4068	1
4069	1
4071	1
4072	4
4073	1
4074	1
4075	3
4077	2
4078	1
4079	1
4080	1
4081	1
4082	1
4083	1
4085	1
4086	1
4087	2
4088	2
4089	2
4090	2
4091	1
4092	1
4093	3
4094	1
4095	3
4097	1
4098	1
4100	4
4102	1
4103	2
4104	1
4105	4
4107	1
4108	1
4109	4
4110	1
4113	1
4115	2
4116	1
4117	1
4118	2
4119	1
4120	3
4122	1
4124	2
4125	2
4126	3
4127	2
4129	1
4130	1
4131	1
4132	2
4133	1
4134	2
4135	1
4136	1
4137	1
4138	4
4139	2
4140	2
4141	3
4142	2
4143	1
4144	2
4145	3
4146	2
4147	3
4148	1
4150	2
4153	1
4155	2
4156	1
4157	1
4158	2
4160	3
4161	3
4162	1
4164	3
4165	2
4166	4
4167	1
4170	3
4171	1
4173	2
4174	1
4175	3
4176	1
4177	2
4178	1
4179	2
4181	1
4182	1
4184	1
4187	3
4188	1
4189	1
4190	2
4193	2
4194	2
4197	3
4199	3
4200	1
4201	2
4202	4
4203	1
4206	1
4207	2
4209	1
4212	1
4213	1
4215	1
4216	5
4218	2
4220	1
4221	1
4222	1
4223	4
4224	1
4225	1
4226	2
4227	1
4229	1
4230	1
4231	3
4232	1
4233	4
4234	2
4235	1
4236	1
4237	3
4238	2
4239	1
4240	1
4241	1
4243	2
4246	3
4248	3
4252	2
4253	1
4254	2
4255	1
4256	1
4257	1
4258	1
4260	2
4261	2
4262	1
4263	2
4264	1
4265	2
4266	2
4267	2
4268	2
4269	1
4270	2
4271	3
4272	1
4273	1
4277	1
4278	2
4279	2
4280	1
4281	2
4282	2
4283	1
4284	1
4287	3
4288	1
4289	1
4290	2
4291	2
4293	1
4294	1
4296	2
4298	1
4300	1
4302	2
4303	1
4304	1
4305	3
4306	5
4307	2
4309	1
4310	3
4311	4
4312	2
4315	2
4316	1
4317	2
4320	1
4321	1
4322	2
4323	1
4324	3
4326	3
4330	5
4332	2
4333	2
4334	3
4336	1
4337	3
4338	2
4339	2
4340	1
4341	3
4342	1
4348	2
4350	1
4352	2
4353	3
4357	3
4358	1
4359	2
4360	1
4361	3
4363	1
4364	2
4365	2
4366	1
4367	2
4368	1
4369	2
4372	1
4373	1
4374	1
4375	2
4376	2
4377	1
4379	4
4381	1
4383	1
4384	2
4385	2
4386	1
4387	1
4390	3
4391	2
4392	2
4395	1
4396	1
4399	1
4400	1
4402	1
4403	1
4404	2
4405	1
4406	1
4409	1
4410	3
4411	1
4412	3
4413	5
4414	1
4416	1
4417	1
4418	1
4419	1
4420	3
4421	1
4422	1
4424	1
4429	3
4431	1
4432	3
4433	1
4434	2
4435	4
4436	3
4438	1
4440	1
4442	1
4443	5
4444	2
4445	2
4446	2
4447	2
4448	1
4449	1
4451	1
4452	1
4454	3
4455	1
4457	1
4458	1
4459	1
4461	3
4462	2
4463	2
4464	1
4465	1
4466	2
4467	2
4468	2
4470	1
4471	2
4472	2
4473	3
4474	1
4475	1
4476	2
4478	2
4479	2
4480	1
4481	2
4484	1
4485	1
4486	1
4487	1
4488	2
4489	4
4490	3
4492	1
4493	1
4494	2
4495	1
4496	4
4498	2
4499	2
4500	1
4501	2
4504	1
4505	2
4507	1
4508	1
4509	1
4510	1
4511	1
4512	3
4513	2
4514	2
4517	4
4518	1
4519	2
4521	2
4522	1
4523	1
4524	2
4525	1
4526	1
4527	1
4528	1
4529	2
4531	1
4532	3
4535	4
4537	2
4538	3
4539	5
4542	1
4543	2
4545	1
4548	1
4549	1
4550	2
4551	1
4552	1
4553	2
4554	2
4555	2
4559	2
4560	1
4561	2
4562	1
4564	1
4565	1
4567	1
4568	3
4569	2
4570	1
4571	2
4572	2
4573	2
4575	2
4579	1
4580	2
4583	1
4584	1
4585	1
4586	2
4587	2
4588	1
4589	1
4590	2
4592	2
4595	2
4596	1
4597	1
4598	2
4599	3
4600	1
4603	1
4605	2
4606	2
4607	2
4609	2
4611	2
4613	1
4614	1
4615	2
4617	1
4618	5
4621	2
4622	1
4625	1
4626	1
4627	2
4628	1
4631	1
4633	1
4634	1
4635	2
4636	1
4637	2
4638	1
4640	3
4642	2
4644	2
4646	1
4648	2
4650	1
4651	1
4653	2
4654	1
4659	2
4660	1
4661	1
4662	5
4663	3
4666	1
4668	1
4669	2
4671	2
4672	1
4673	1
4674	2
4675	1
4676	2
4678	1
4679	1
4681	2
4682	1
4683	1
4684	1
4686	2
4690	1
4691	2
4692	1
4693	2
4695	1
4696	2
4698	1
4699	1
4700	1
4701	2
4704	1
4706	1
4709	1
4710	1
4711	1
4712	1
4714	1
4716	1
4721	1
4722	1
4725	3
4726	1
4731	1
4732	2
4734	2
4735	1
4740	1
4741	1
4743	1
4747	1
4748	1
4749	2
4750	1
4752	1
4753	2
4754	1
4757	2
4758	1
4759	1
4760	2
4763	1
4766	1
4767	1
4768	1
4769	2
4770	2
4771	2
4772	1
4774	2
4775	2
4778	2
4779	1
4780	1
4781	1
4783	1
4784	1
4785	2
4787	1
4789	1
4790	2
4792	1
4793	2
4794	2
4795	1
4796	1
4797	1
4798	1
4799	1
4800	1
4801	1
4806	2
4809	2
4810	1
4813	1
4814	2
4815	1
4816	1
4818	1
4821	3
4826	2
4828	3
4831	1
4836	2
4839	2
4841	1
4842	1
4843	1
4846	1
4848	1
4849	2
4852	3
4855	2
4856	2
4857	1
4858	3
4860	1
4864	2
4867	1
4872	1
4875	1
4876	3
4880	1
4881	1
4882	1
4883	1
4884	2
4887	1
4890	3
4893	1
4894	1
4899	2
4900	1
4901	2
4903	1
4904	2
4905	3
4912	1
4916	1
4919	1
4922	2
4923	1
4924	1
4925	1
4926	1
4927	1
4929	1
4930	1
4931	2
4934	2
4937	1
4938	2
4941	1
4942	1
4943	2
4946	1
4947	1
4951	2
4952	1
4953	1
4956	3
4957	1
4962	1
4963	1
4964	1
4965	2
4966	1
4968	1
4970	2
4971	1
4972	2
4974	2
4977	1
4982	1
4983	1
4984	1
4986	1
4989	1
4994	2
4995	1
4996	1
4997	1
4998	1
5001	1
5002	1
5008	1
5009	1
5010	1
5011	2
5013	1
5018	1
5019	1
5020	1
5021	1
5023	1
5025	1
5028	1
5030	1
5032	1
5033	1
5035	1
5036	1
5037	1
5038	1
5039	1
5040	1
5043	4
5045	1
5048	1
5049	1
5052	3
5055	2
5056	1
5057	1
5059	1
5061	2
5062	1
5063	3
5064	2
5066	2
5067	2
5069	1
5070	1
5073	1
5074	1
5075	2
5076	1
5081	1
5082	2
5089	1
5097	2
5100	2
5101	2
5102	1
5104	3
5105	1
5107	1
5108	1
5111	1
5112	2
5113	1
5114	2
5116	4
5121	1
5124	2
5125	1
5127	1
5128	1
5130	1
5133	2
5136	2
5138	1
5139	2
5148	1
5154	3
5155	1
5156	1
5158	1
5159	1
5160	1
5162	2
5164	1
5166	2
5172	1
5173	2
5174	1
5177	1
5178	1
5180	2
5185	1
5186	1
5187	1
5188	1
5189	1
5190	2
5191	2
5192	2
5194	1
5198	1
5201	2
5204	1
5208	1
5209	1
5210	1
5213	1
5214	2
5215	2
5217	1
5218	1
5221	1
5226	3
5234	1
5235	1
5238	1
5239	1
5241	1
5243	1
5245	1
5247	1
5248	1
5250	1
5251	1
5255	2
5257	1
5265	1
5266	1
5270	1
5271	1
5276	1
5279	1
5280	3
5285	2
5287	1
5295	1
5296	1
5298	1
5302	1
5303	1
5305	1
5307	1
5315	1
5321	1
5322	2
5323	1
5325	1
5333	2
5335	2
5339	1
5340	1
5343	1
5345	1
5347	1
5348	1
5351	1
5353	1
5354	1
5355	1
5357	1
5358	1
5361	2
5362	1
5363	1
5364	1
5365	1
5371	1
5374	1
5375	1
5378	2
5383	2
5385	1
5386	2
5388	1
5390	1
5392	1
5396	1
5397	1
5410	1
5412	1
5414	1
5415	3
5417	1
5420	2
5421	1
5422	2
5424	1
5425	1
5429	1
5430	1
5434	1
5435	1
5440	1
5441	1
5447	1
5448	1
5450	1
5451	1
5452	1
5455	1
5458	1
5459	1
5461	1
5462	1
5465	2
5466	1
5467	1
5471	1
5473	1
5478	1
5479	1
5485	2
5486	1
5491	2
5494	1
5499	3
5502	2
5503	1
5505	1
5506	1
5507	1
5516	3
5519	1
5524	1
5528	1
5529	1
5536	1
5549	1
5552	1
5553	1
5555	1
5557	1
5559	1
5561	1
5564	2
5569	1
5571	2
5575	1
5576	2
5579	1
5582	1
5583	1
5587	1
5588	1
5589	1
5590	1
5592	1
5593	1
5598	1
5601	1
5602	1
5607	1
5611	2
5616	1
5638	1
5639	1
5648	1
5653	1
5656	1
5660	1
5662	1
5666	1
5669	1
5671	1
5683	1
5688	1
5690	2
5694	1
5695	1
5700	1
5704	1
5706	1
5715	1
5721	1
5727	1
5729	2
5730	2
5733	1
5734	2
5736	1
5742	1
5743	3
5745	1
5750	1
5751	1
5758	1
5766	1
5770	1
5775	1
5776	1
5777	1
5780	1
5782	1
5784	1
5785	1
5787	1
5788	1
5790	1
5795	1
5798	1
5801	1
5802	1
5806	1
5810	1
5811	1
5823	2
5824	2
5825	1
5828	1
5834	1
5835	1
5838	1
5841	1
5845	1
5858	1
5866	1
5868	1
5869	1
5878	1
5879	1
5882	1
5889	1
5891	1
5895	1
5896	1
5901	1
5902	1
5904	1
5913	1
5915	1
5925	1
5929	2
5934	1
5935	2
5942	1
5943	1
5945	1
5947	1
5952	1
5954	1
5972	1
5976	1
5981	2
5982	2
5983	1
5986	1
5989	1
5991	1
5997	1
6002	1
6006	4
6008	1
6011	1
6012	1
6019	1
6020	1
6023	1
6026	1
6027	1
6028	1
6032	1
6033	2
6036	1
6038	2
6039	1
6040	1
6041	1
6043	1
6044	1
6047	1
6048	1
6049	1
6052	1
6053	1
6058	1
6069	1
6078	1
6081	1
6084	1
6089	1
6093	1
6111	1
6120	1
6123	2
6125	1
6128	2
6140	1
6144	3
6145	2
6152	1
6161	1
6166	1
6167	1
6170	1
6179	2
6185	1
6192	1
6194	1
6195	1
6197	2
6199	1
6202	1
6205	1
6215	1
6217	2
6220	1
6221	1
6222	2
6224	1
6226	1
6227	1
6230	1
6231	1
6232	1
6233	1
6236	1
6240	1
6243	1
6246	1
6256	2
6258	1
6263	1
6265	1
6269	1
6272	1
6274	1
6284	1
6287	2
6292	1
6293	1
6294	1
6297	1
6301	1
6309	1
6310	1
6312	1
6314	1
6315	1
6320	2
6325	1
6326	1
6330	1
6333	1
6335	1
6351	1
6353	1
6354	1
6356	2
6357	1
6364	1
6374	1
6383	1
6385	1
6387	1
6395	1
6396	1
6406	1
6414	1
6425	1
6427	1
6433	1
6438	1
6442	1
6445	1
6447	1
6448	1
6453	2
6454	1
6455	1
6467	1
6482	1
6485	1
6491	1
6492	1
6493	1
6499	1
6500	1
6501	1
6504	1
6506	1
6516	1
6526	1
6531	1
6538	1
6550	1
6551	1
6552	1
6558	1
6562	1
6568	1
6573	1
6580	1
6592	1
6595	1
6597	1
6601	1
6608	1
6614	1
6618	1
6626	1
6632	2
6633	2
6637	1
6639	1
6642	2
6645	1
6655	1
6657	1
6669	1
6685	1
6686	1
6687	1
6701	1
6711	1
6717	1
6720	1
6740	1
6749	1
6754	1
6755	1
6761	1
6774	1
6777	1
6781	1
6787	1
6797	1
6810	1
6814	1
6819	1
6822	1
6829	1
6835	1
6841	1
6857	1
6862	2
6872	1
6885	1
6888	1
6896	1
6900	1
6909	2
6915	1
6951	1
6960	1
6975	1
6978	1
6980	1
6981	1
7001	1
7013	1
7016	1
7018	1
7021	1
7029	1
7033	1
7034	1
7035	1
7036	1
7044	1
7049	1
7050	1
7054	1
7055	1
7078	1
7086	1
7092	1
7099	1
7110	1
7111	1
7115	1
7120	1
7128	1
7152	1
7164	1
7171	1
7173	1
7189	1
7207	1
7208	1
7216	2
7247	1
7259	1
7276	1
7278	1
7286	2
7300	1
7302	1
7308	1
7310	1
7311	1
7322	1
7330	1
7343	1
7350	1
7352	1
7355	1
7415	1
7419	1
7424	1
7443	1
7447	1
7450	1
7460	1
7471	1
7525	1
7546	1
7551	1
7565	1
7579	1
7582	1
7583	1
7644	1
7647	1
7653	1
7668	1
7676	1
7683	1
7688	1
7698	1
7702	1
7727	1
7740	1
7765	1
7781	1
7792	1
7862	1
7873	1
7883	1
7897	1
7930	1
7933	1
7955	1
7958	1
7988	1
8036	1
8080	1
8086	1
8124	1
