1	1547
2	887
3	689
4	557
5	495
6	443
7	372
8	335
9	317
10	295
11	268
12	233
13	211
14	212
15	192
16	193
17	174
18	161
19	169
20	178
21	164
1045	1
22	155
23	157
24	124
25	163
26	138
27	119
28	113
29	137
30	102
31	112
32	107
33	111
34	93
35	86
36	103
37	87
38	96
39	72
40	90
41	83
1065	1
42	72
43	81
44	91
45	85
46	85
47	54
48	66
49	61
50	83
51	58
52	56
53	63
54	61
55	64
56	58
57	58
58	55
59	49
60	74
61	57
62	58
63	54
64	55
65	43
66	45
67	59
68	57
69	44
70	47
71	49
72	52
73	50
74	43
75	48
76	45
77	42
78	58
79	44
80	29
81	46
82	45
83	43
84	36
85	32
86	30
87	41
88	31
89	34
90	40
91	39
92	35
93	38
94	30
95	30
96	45
97	39
98	28
99	30
100	20
101	26
102	37
103	26
104	35
105	28
106	26
107	38
108	32
1132	1
109	36
110	32
111	28
112	31
113	35
114	25
115	25
116	20
117	21
118	22
119	19
120	24
121	26
122	23
123	24
124	26
125	21
126	23
127	27
128	24
129	32
130	27
131	17
132	23
133	8
134	22
135	24
136	19
137	20
138	14
139	21
140	23
141	25
142	22
143	15
144	17
145	18
146	20
147	19
148	23
149	16
150	16
151	15
152	21
153	16
154	15
155	10
156	21
157	17
158	19
159	15
160	19
161	5
162	15
163	13
164	10
165	21
166	11
167	9
168	7
169	12
170	15
171	17
172	14
173	13
174	17
175	17
176	18
177	12
178	16
179	13
180	22
181	12
182	11
183	11
184	16
185	11
186	8
187	13
188	11
189	13
190	12
191	10
192	12
193	10
194	9
195	12
196	6
197	8
198	11
199	10
200	13
201	7
202	8
203	7
204	8
205	11
206	14
207	10
208	11
209	10
210	11
211	15
212	5
213	10
214	5
215	4
216	11
217	14
218	9
219	8
220	7
221	5
222	6
223	8
224	9
225	10
226	8
227	5
228	8
229	6
230	5
231	9
232	7
233	7
234	8
235	14
236	6
237	6
238	10
239	3
240	5
241	5
242	5
243	7
244	4
245	7
246	5
247	2
248	4
249	5
250	3
251	6
252	10
253	4
254	5
255	2
256	8
257	7
258	5
259	9
260	7
261	7
262	3
263	10
264	7
265	2
266	2
267	5
268	7
269	6
270	4
271	4
272	5
273	3
274	9
275	4
276	5
277	6
278	8
279	2
280	2
281	6
282	4
283	7
284	6
285	2
286	4
287	6
288	6
289	3
290	7
291	7
292	5
293	4
294	5
295	3
296	6
297	2
298	5
299	3
300	2
301	4
302	8
303	4
304	2
305	5
307	6
308	2
309	4
310	3
311	3
312	3
313	5
314	8
316	1
317	1
318	2
319	2
320	3
321	4
322	1
323	4
324	4
325	1
326	4
327	3
328	5
329	3
330	4
331	1
333	3
334	4
335	2
336	6
337	3
338	1
339	1
340	2
341	3
342	4
343	3
345	2
346	2
347	2
348	3
349	1
350	6
351	3
352	3
353	4
354	2
355	3
356	1
357	3
358	3
359	1
360	4
361	3
363	4
364	6
365	2
366	2
367	1
368	2
369	1
370	3
372	2
373	2
374	2
375	5
376	2
377	4
379	1
381	1
382	2
383	5
384	3
385	2
386	4
387	2
388	2
389	2
390	3
393	3
394	2
395	1
396	2
397	2
398	2
399	1
400	3
401	1
402	1
403	2
404	5
405	2
406	2
407	1
408	1
409	1
410	2
412	1
413	1
414	1
415	1
416	4
417	2
418	1
419	1
421	1
422	2
423	2
424	5
425	1
426	1
428	2
429	1
431	1
434	1
435	3
437	4
438	2
439	4
441	2
442	3
443	1
444	3
445	1
446	1
450	2
452	1
454	2
455	2
456	3
457	1
461	1
462	1
463	2
464	2
1488	1
466	1
467	2
470	1
472	2
473	2
474	3
476	2
477	4
478	1
479	2
481	2
483	1
485	1
486	1
487	2
490	3
491	2
493	1
494	1
496	1
497	1
500	1
501	1
502	1
503	1
504	2
505	2
507	4
511	1
515	2
516	2
518	1
521	2
523	1
525	1
526	3
528	1
529	1
530	2
532	1
536	1
538	1
541	2
543	1
544	1
546	1
549	1
559	2
561	1
563	2
568	2
569	1
577	2
579	1
582	1
585	1
590	1
594	1
597	1
598	3
601	1
604	1
612	1
618	2
621	1
626	1
634	2
647	1
651	1
653	2
654	1
658	1
660	1
667	1
674	1
680	1
687	1
692	2
699	1
707	1
709	1
711	1
719	1
736	1
739	1
743	1
755	1
777	1
782	1
787	1
792	1
804	1
812	1
833	1
911	1
923	1
2975	1
944	1
952	1
974	1
