1	905
2	543
3	413
2051	1
4	322
5	276
6	232
7	238
8	230
9	199
10	222
11	185
12	160
13	171
14	167
15	150
16	146
17	140
18	155
19	140
20	137
21	131
22	136
23	119
24	112
25	126
26	95
27	101
28	103
29	110
30	96
31	106
32	117
33	92
34	95
35	98
36	105
37	102
38	104
39	99
40	94
41	71
42	88
43	95
44	86
45	77
46	81
47	83
48	76
49	86
50	83
51	79
52	66
53	76
54	77
55	73
56	61
57	79
58	78
59	81
60	67
61	78
62	53
63	67
64	68
65	59
66	72
67	67
68	59
69	48
70	59
71	58
72	58
73	67
74	70
75	53
76	68
77	67
78	45
79	55
80	59
81	55
82	50
83	51
84	57
85	46
86	51
87	51
88	51
89	46
90	59
91	48
92	47
93	42
94	58
95	49
96	57
97	40
98	44
99	51
100	46
101	52
102	45
103	41
104	39
105	44
106	51
107	32
108	43
109	55
110	37
111	34
112	39
113	40
114	45
115	28
116	46
117	41
118	34
119	35
120	41
121	43
122	36
123	44
124	39
125	36
126	37
127	35
128	34
129	28
130	29
131	40
132	35
133	41
134	27
135	38
136	42
137	35
138	28
139	28
140	36
141	32
142	32
143	25
144	34
145	35
146	25
147	39
148	25
149	27
150	26
151	31
2199	1
152	30
153	25
154	40
155	31
156	37
157	24
158	43
159	16
160	24
161	28
162	33
163	22
164	30
165	35
166	35
167	26
168	23
169	22
170	45
171	24
172	25
173	22
174	28
175	24
176	30
177	21
178	35
179	27
180	30
181	25
182	27
183	18
184	25
185	33
186	27
187	26
188	21
189	25
190	20
191	26
192	23
193	23
194	28
195	18
196	21
197	21
198	24
199	26
200	25
201	25
202	26
203	27
204	21
205	22
206	16
207	16
208	19
209	20
210	18
211	29
212	34
213	19
214	21
215	24
216	15
217	20
218	17
219	17
220	22
221	16
222	19
223	16
224	20
225	28
226	14
227	18
228	19
229	14
230	17
231	23
232	17
233	31
234	29
235	17
236	21
237	20
238	17
239	18
240	19
241	16
242	16
243	20
244	16
245	26
246	18
247	12
248	16
249	21
250	17
251	15
252	20
253	7
254	19
255	16
256	17
257	12
258	14
259	16
260	19
261	15
262	17
263	19
264	9
265	12
266	15
267	16
268	17
269	18
270	15
271	5
272	22
273	14
274	15
275	16
276	23
277	17
278	13
279	15
280	16
281	15
2329	1
282	19
283	17
284	20
285	14
286	17
287	10
288	17
289	15
290	17
291	20
292	15
293	20
294	12
295	12
296	16
297	12
298	14
299	15
300	11
2348	1
301	11
302	10
303	11
304	19
305	21
306	16
307	10
308	16
309	16
310	11
311	7
312	13
313	11
314	7
315	8
316	15
317	18
318	11
319	18
320	9
321	12
322	9
323	6
324	12
325	10
326	7
327	12
328	16
329	14
330	12
331	8
332	17
333	14
334	6
335	11
336	14
337	10
338	9
339	11
340	7
341	9
342	12
343	13
344	8
345	8
2393	1
346	8
347	10
348	8
349	8
350	11
351	12
352	17
353	9
354	7
355	10
356	11
357	6
358	7
359	7
360	13
361	10
362	15
363	4
364	8
365	17
366	14
367	8
368	12
369	11
370	19
371	9
372	11
373	10
374	19
375	9
376	13
377	7
378	11
379	11
380	7
381	5
382	10
383	4
384	4
385	10
386	7
387	7
388	8
389	9
390	6
391	11
392	8
393	7
2441	1
394	8
395	2
396	15
397	5
398	7
399	10
400	7
401	8
402	17
403	3
404	4
405	11
406	7
407	12
408	9
409	7
410	14
411	5
412	3
413	6
414	6
415	7
416	11
417	7
418	7
419	5
420	11
421	10
422	4
423	14
424	9
425	9
426	11
427	6
428	7
429	6
430	6
431	9
432	8
433	3
434	10
435	6
436	6
437	9
438	6
439	11
440	4
441	6
442	5
443	6
444	2
445	6
446	6
447	10
448	6
449	9
450	4
451	9
452	10
453	9
454	8
455	8
456	6
457	6
458	5
459	4
460	9
461	8
462	4
463	6
464	4
465	3
466	4
467	5
468	8
469	5
470	4
471	4
472	7
473	4
474	6
475	7
476	10
477	8
478	8
479	4
480	5
481	13
482	5
483	3
484	5
485	4
486	7
487	3
488	7
489	9
490	8
491	2
492	5
493	5
494	6
495	6
496	5
497	6
498	4
499	12
500	8
501	10
502	3
503	5
504	5
505	1
506	4
507	4
508	9
509	4
510	8
511	2
512	8
513	2
514	7
515	9
516	3
517	7
518	5
519	9
520	6
521	8
522	7
523	3
524	3
525	7
526	2
527	6
528	4
529	5
530	5
531	5
532	7
533	4
534	7
535	3
536	3
537	7
538	4
539	6
540	10
541	4
542	10
543	5
544	9
545	6
546	4
547	6
548	6
549	2
550	6
551	5
552	8
553	4
554	4
555	4
556	8
557	5
558	5
559	5
560	1
561	3
562	6
563	5
564	7
565	3
566	9
567	2
568	2
569	1
570	2
571	8
572	6
573	7
574	7
575	8
576	6
577	6
578	9
579	3
580	6
581	5
582	7
583	6
584	2
585	3
586	2
587	3
588	6
589	2
590	6
591	7
592	6
593	2
594	3
595	8
596	5
597	7
598	1
599	4
600	4
601	5
602	3
603	2
604	1
605	5
606	6
607	5
608	1
609	6
610	3
611	3
612	2
613	4
614	4
615	7
616	1
617	4
618	1
619	7
620	4
621	3
622	4
623	6
624	4
625	4
626	5
627	3
628	3
629	6
630	6
631	3
632	4
633	2
634	4
635	3
636	5
638	4
639	5
2688	1
640	4
641	2
642	4
643	3
644	2
645	1
646	1
647	2
648	1
649	1
650	1
651	1
652	3
653	1
654	8
655	3
656	1
658	2
659	3
660	2
661	2
662	2
664	3
665	4
666	2
667	1
668	4
669	5
670	5
671	1
672	3
673	1
674	1
675	1
676	1
677	6
678	3
679	4
680	3
681	2
682	1
683	2
684	4
685	2
686	6
687	3
688	4
689	3
690	3
691	2
692	3
693	3
694	1
695	1
696	3
697	2
698	2
699	4
700	7
701	4
703	2
704	5
705	2
706	2
707	5
708	3
709	2
710	1
711	4
712	5
713	2
714	2
715	1
716	2
717	4
718	2
719	1
720	2
721	2
722	5
723	6
724	3
725	1
726	2
727	1
728	4
729	3
730	3
731	1
732	2
733	1
734	1
735	4
736	3
737	2
738	3
739	6
740	3
741	6
742	3
744	4
746	1
747	2
748	5
749	1
750	2
752	1
753	1
754	2
755	3
756	3
757	3
758	3
759	3
760	3
761	3
762	4
763	1
764	5
765	4
767	1
768	1
770	2
771	5
773	4
774	2
775	2
776	3
777	2
778	2
779	2
780	3
781	2
782	3
783	4
784	3
785	2
786	2
788	3
789	2
790	2
791	1
792	1
793	2
794	1
795	2
796	2
797	2
798	2
799	4
800	2
801	1
802	3
803	3
805	3
806	2
807	2
808	1
809	1
810	4
811	2
812	1
813	1
814	1
815	1
816	2
817	2
818	2
819	1
820	1
822	2
823	1
824	2
825	3
826	1
827	3
828	1
830	1
831	1
833	1
834	2
835	1
836	2
837	5
839	1
841	1
843	2
844	3
845	3
846	7
848	1
849	2
850	1
852	1
853	3
854	4
855	1
856	3
859	1
861	2
862	3
863	3
864	2
866	1
867	1
868	4
869	2
870	2
871	1
872	1
874	1
875	1
876	2
878	2
879	1
880	3
881	2
882	2
883	1
887	1
888	4
889	3
891	2
892	1
893	1
894	1
895	2
897	2
898	4
900	1
901	2
902	2
903	1
906	1
907	2
908	1
909	2
910	1
911	1
912	1
914	2
915	1
916	1
917	2
919	1
920	3
921	2
922	2
923	2
926	3
928	4
929	1
930	1
931	2
933	1
934	2
936	2
937	1
940	2
941	1
942	5
943	1
945	2
946	1
948	1
949	3
950	1
952	2
953	1
954	3
957	4
959	2
961	1
962	2
963	2
964	2
965	1
966	2
969	1
972	2
973	1
975	1
978	1
981	1
984	1
985	1
986	1
987	1
988	1
990	1
991	3
992	3
994	1
995	1
996	3
997	2
998	2
999	1
1002	1
1003	2
1004	1
1005	1
1009	1
1010	1
1012	1
1015	1
1018	3
1019	1
1020	2
1022	2
1023	1
1025	1
1029	2
1031	1
1032	2
1037	1
1039	2
1040	2
1042	2
1045	2
1046	1
1047	3
1049	1
1054	2
1055	2
1056	1
1058	1
1060	1
1062	1
1067	1
1069	1
1073	2
1074	1
1075	2
1076	1
1077	1
1078	1
1080	1
1081	2
1082	1
1084	1
1085	1
1086	4
1088	1
1091	1
1093	1
1095	1
1099	1
1101	2
1103	1
1105	1
1106	1
1107	1
1113	2
1114	1
1117	1
1119	1
1121	1
1122	1
1124	1
1125	1
1127	1
1128	1
1133	2
1134	1
1135	1
1136	1
1138	1
1147	2
1149	1
1150	1
1151	1
1152	1
1155	2
1157	1
1158	1
1159	2
1164	2
1165	1
1167	1
1168	1
1169	1
1171	1
1173	1
1178	1
1179	1
1185	1
1186	1
1187	1
1189	1
1191	1
1195	2
1198	1
1201	2
1202	1
1206	2
1207	2
1217	1
1221	1
1224	1
1227	2
1229	1
1239	1
1243	1
1245	1
1247	1
1254	1
1255	1
1259	1
1268	2
1274	1
1280	2
1286	1
1287	1
1291	1
1296	1
1301	1
1303	1
1313	1
1317	1
1322	2
1327	1
1331	1
1334	1
1340	1
1347	1
1350	1
1355	1
1356	1
1366	1
1377	1
1379	2
1392	1
1401	1
1403	1
1408	1
1423	1
1429	1
1439	1
1448	1
1449	3
1456	1
1457	1
1466	1
1479	1
1482	2
1516	1
1522	1
1523	1
1529	1
1533	1
1537	1
1561	1
1564	1
1565	1
1576	1
1582	1
1597	1
1598	1
1599	1
1610	1
1614	1
1618	1
1623	1
1625	1
1631	1
1634	1
1668	1
1675	1
1701	1
1721	1
1755	1
1762	1
1920	1
