1	1423
2	923
3	629
4	522
5	417
6	404
7	304
8	327
9	311
10	268
11	240
12	210
13	238
14	202
15	183
16	181
17	174
18	177
19	175
20	138
21	146
22	165
23	161
24	154
25	133
26	141
27	121
28	102
29	118
30	96
31	93
32	107
33	120
34	100
35	103
36	99
37	102
38	82
39	76
40	81
41	87
42	74
43	94
44	71
45	81
46	89
47	67
48	63
49	66
50	58
51	76
52	70
53	65
54	63
55	62
56	69
57	59
58	62
59	64
60	54
61	52
62	58
63	49
64	43
65	62
66	44
67	49
68	55
69	54
70	49
71	58
72	44
73	44
74	47
75	56
76	51
77	47
78	42
79	34
80	33
81	37
82	40
83	33
84	37
85	45
86	43
87	41
88	33
89	51
2137	1
90	28
91	46
92	49
93	43
94	26
95	39
96	27
97	27
98	38
99	31
100	35
101	36
102	29
103	30
104	35
105	39
106	33
107	34
108	33
109	23
110	30
111	25
112	17
113	22
114	20
115	28
116	25
117	28
118	20
119	18
120	30
121	31
122	32
123	32
124	23
125	32
126	23
127	22
128	25
129	27
130	19
131	24
132	20
133	24
134	21
135	24
136	23
137	13
138	21
139	27
140	21
141	17
142	12
143	16
144	14
145	27
146	17
147	27
148	23
149	19
150	19
151	17
152	24
153	18
154	12
155	15
156	18
157	27
158	17
159	22
160	14
161	12
162	17
163	20
164	14
165	14
166	21
167	23
168	19
169	8
170	12
171	18
172	10
173	16
174	15
175	22
176	15
177	19
178	21
179	18
180	15
181	20
182	10
183	10
184	16
185	10
186	9
187	11
188	16
189	17
190	18
191	15
192	22
193	8
194	14
195	12
196	19
197	7
198	18
199	18
200	13
201	14
202	5
203	17
204	14
205	13
206	14
207	13
208	7
209	11
210	8
211	4
212	11
213	15
214	14
215	10
216	15
217	10
218	13
219	9
220	9
221	13
222	11
223	12
224	14
225	6
226	10
227	12
228	9
229	11
230	12
231	14
232	16
233	6
234	9
235	8
236	14
237	10
238	14
239	4
240	10
241	11
242	11
243	10
244	5
245	14
246	14
247	14
248	11
249	7
250	11
251	5
252	11
253	6
254	8
255	8
256	13
257	10
258	4
259	9
260	7
261	6
262	6
263	7
264	6
265	4
266	7
267	10
268	14
269	4
270	8
271	6
272	10
273	7
274	7
275	12
276	10
277	3
278	11
279	9
280	8
281	7
282	6
283	6
284	10
285	10
286	10
287	9
288	4
289	7
290	6
291	12
292	8
293	11
294	1
295	8
296	6
297	6
298	3
299	5
300	5
301	11
302	5
303	2
304	4
305	10
306	2
307	5
308	5
309	6
310	6
311	8
312	3
313	6
314	9
315	8
316	6
317	5
318	10
319	10
320	7
321	4
322	5
323	9
324	4
325	6
326	3
327	5
328	5
329	4
330	6
331	8
332	1
333	3
334	6
335	11
336	3
337	9
338	12
339	4
340	3
341	4
342	4
343	3
344	5
345	3
346	10
347	7
348	3
349	3
350	5
351	2
352	8
353	2
354	5
355	7
356	7
358	3
359	5
360	4
361	7
362	5
363	7
364	8
365	2
366	3
367	4
368	7
369	6
370	4
371	5
372	2
373	6
374	3
375	5
376	4
377	8
378	2
379	8
380	3
381	1
383	3
384	5
385	2
386	3
387	5
388	2
389	6
390	4
391	6
392	2
393	6
394	6
395	8
396	5
397	9
398	2
399	5
400	4
401	2
402	4
403	5
404	7
405	2
407	9
408	5
409	7
410	3
411	2
412	2
413	3
414	5
415	4
416	4
417	2
418	4
419	1
420	6
421	4
422	6
423	2
424	1
425	1
426	2
427	1
428	1
429	8
430	2
431	4
432	3
433	8
434	2
435	6
436	3
437	2
438	5
439	1
440	5
441	3
442	6
443	3
444	5
445	5
446	2
447	3
448	2
449	3
450	4
451	4
452	4
453	5
454	3
455	1
456	4
457	2
458	5
459	1
460	3
461	5
462	5
463	4
464	5
465	3
466	2
467	2
468	1
469	4
470	4
471	5
472	4
473	3
474	3
476	5
477	1
478	2
479	4
480	2
481	2
482	1
483	8
484	3
485	3
486	3
487	2
488	5
489	1
490	4
491	1
492	1
493	1
494	4
495	1
497	2
498	2
499	3
500	2
501	1
502	3
503	4
504	4
505	1
506	1
507	3
508	3
509	4
510	1
511	3
512	4
513	1
514	3
515	3
516	5
517	1
519	2
521	2
522	1
523	3
524	3
525	1
526	4
527	3
528	2
529	6
530	1
531	1
532	1
533	4
534	3
535	6
536	2
537	2
539	4
540	3
541	3
542	2
544	4
545	6
546	1
547	2
548	1
549	1
550	2
551	2
552	1
554	1
555	2
556	2
557	2
558	2
559	1
560	4
561	3
562	1
563	2
564	3
565	1
566	2
567	1
569	5
571	1
572	1
573	2
575	1
576	4
577	4
579	3
580	2
581	2
582	1
583	2
4680	1
584	2
585	1
586	1
587	2
588	1
589	2
592	2
593	1
594	2
595	2
597	2
598	1
599	1
600	3
601	4
602	4
603	1
604	1
605	1
606	1
607	1
608	1
609	1
612	2
613	1
614	3
615	2
616	1
618	1
620	1
621	3
622	1
624	3
625	2
627	1
630	1
631	5
634	2
636	1
637	1
638	3
639	3
640	3
641	1
642	2
643	1
647	2
648	4
649	1
653	2
654	1
655	1
656	3
657	1
658	1
659	1
661	2
664	1
665	2
666	1
667	3
668	1
669	2
670	2
671	2
672	1
674	2
675	2
676	3
677	2
678	4
679	4
680	2
681	2
682	3
683	1
684	2
685	2
686	2
688	2
689	1
691	3
692	5
693	3
694	1
695	2
696	1
697	1
698	4
699	1
700	2
701	2
702	1
703	1
705	2
708	1
709	3
713	1
714	1
715	1
717	3
718	1
719	1
723	2
725	1
728	2
732	1
737	1
739	2
741	1
742	1
743	1
745	3
748	1
750	1
753	2
754	2
755	1
756	2
761	2
762	1
763	1
764	3
765	2
767	2
769	2
770	1
772	1
777	1
780	2
783	2
785	1
786	1
789	2
791	1
792	1
793	1
794	1
804	1
805	1
806	1
808	2
810	1
812	1
813	1
815	3
818	3
819	2
820	1
822	1
823	2
829	1
830	2
834	1
839	1
840	1
841	1
843	1
844	2
850	1
852	1
853	1
858	1
859	1
861	1
862	2
863	1
864	1
868	2
869	1
872	2
873	1
875	1
876	1
884	1
889	1
890	1
893	1
895	1
897	1
899	2
903	1
904	1
905	1
907	1
909	1
912	1
914	1
915	2
917	1
919	1
920	1
921	2
924	1
927	1
930	1
932	1
934	1
937	1
941	1
942	1
943	1
944	1
949	1
954	2
956	3
961	1
964	1
966	1
968	1
969	1
971	1
972	1
973	1
975	1
977	1
981	1
983	1
987	1
989	1
999	1
1001	1
1003	1
1005	1
1016	1
1030	1
1064	1
1065	1
1070	1
1073	1
1076	1
1078	1
1082	1
1087	2
1088	1
1098	1
1105	1
1118	1
1133	1
1136	1
1148	1
1155	1
1164	1
1185	1
1186	1
1195	1
1199	1
1210	1
1217	1
1222	1
1227	1
1232	1
1237	1
1244	1
1250	1
1258	1
1268	1
1290	1
1310	1
1312	1
1316	1
1320	1
1369	1
1386	1
1456	1
1458	1
1555	1
1568	1
1647	1
1709	1
1961	1
