1	284
2	156
3	90
4	92
5	90
6	71
7	66
8	56
9	64
10	57
11	63
12	49
13	47
14	39
15	43
16	34
17	37
18	40
19	22
20	39
21	41
22	35
23	42
24	38
25	25
26	28
27	20
28	27
29	28
30	26
31	30
32	23
33	26
34	32
35	33
36	20
37	21
38	31
39	29
40	21
41	21
42	25
43	22
44	19
45	24
46	19
47	25
48	26
49	17
50	17
51	21
52	27
53	15
54	13
55	27
56	16
57	17
58	24
59	16
60	17
61	18
62	20
63	14
64	24
65	18
66	20
67	16
68	17
69	15
70	22
71	12
72	18
73	26
74	12
75	18
76	7
77	16
78	18
79	13
80	15
81	22
82	14
83	16
84	18
85	18
86	14
87	12
88	25
89	14
90	16
91	21
92	15
93	19
94	15
95	12
96	14
97	14
98	10
99	17
100	18
101	10
102	13
103	13
104	14
105	10
106	16
107	12
108	14
109	17
110	12
111	14
112	21
113	14
114	12
115	11
116	8
117	16
118	13
119	13
120	17
121	9
122	17
123	13
124	15
125	10
126	11
127	17
128	14
129	9
130	9
131	13
132	14
133	18
134	8
135	11
136	17
137	16
138	8
139	8
140	11
141	16
142	8
143	11
144	17
145	15
146	6
147	14
148	17
149	15
150	10
8342	1
151	14
152	11
153	9
154	23
155	7
156	15
157	8
158	11
159	11
160	9
161	17
162	17
163	13
164	13
165	11
166	4
167	13
168	9
169	11
170	16
171	10
172	8
173	14
174	13
175	2
176	13
177	14
178	13
179	15
180	11
181	9
182	7
183	23
184	15
185	22
186	7
187	8
188	9
189	9
190	11
191	14
192	13
193	13
194	12
195	10
196	13
197	16
198	13
199	14
200	9
201	19
202	9
203	14
204	11
205	14
206	13
207	17
208	9
209	7
210	11
211	9
212	9
213	11
214	10
215	14
216	13
217	13
218	8
219	8
220	6
221	8
222	6
223	9
224	11
225	11
226	10
227	11
228	14
229	8
230	7
231	13
232	11
233	7
234	12
235	12
236	8
237	8
238	9
239	18
240	10
241	6
242	8
243	10
244	9
245	11
246	12
247	12
248	11
249	14
250	10
251	18
252	13
253	6
254	16
255	8
256	4
257	10
258	2
259	5
260	9
261	12
262	15
263	12
264	7
265	16
266	5
267	9
268	13
269	9
270	11
271	10
272	9
273	5
274	3
275	18
276	9
277	10
278	13
279	7
280	7
281	8
282	7
283	8
284	13
285	9
286	8
287	10
288	8
289	8
290	10
291	12
292	10
293	10
294	13
295	5
296	12
297	8
298	7
299	7
300	12
301	7
302	11
303	13
304	7
305	11
306	10
307	13
308	7
309	8
310	16
311	7
312	7
313	15
314	5
315	8
316	10
317	10
318	8
319	6
320	14
321	10
322	6
323	12
324	3
325	11
326	9
327	4
328	10
329	15
330	12
331	6
332	9
333	9
334	15
335	5
336	10
337	13
338	7
339	12
340	11
341	12
342	11
343	8
344	5
345	9
346	6
347	5
348	9
349	6
350	10
351	10
352	2
353	12
354	11
355	8
356	12
357	16
358	7
359	7
360	11
361	9
362	9
363	14
364	4
365	13
366	6
367	13
368	6
369	7
370	9
371	8
372	4
373	8
374	11
375	9
376	9
377	7
378	8
379	7
380	9
381	9
382	10
383	3
384	15
385	2
386	8
387	16
388	9
389	7
390	7
391	11
392	11
393	9
394	8
395	9
396	2
397	10
398	11
399	6
400	10
401	8
402	10
403	7
404	11
405	12
406	11
407	14
408	6
409	14
410	5
411	10
412	8
413	8
414	7
415	12
416	10
417	8
418	5
419	6
420	9
421	9
422	10
423	9
424	10
425	6
426	5
427	7
428	11
429	5
430	7
431	6
432	9
433	13
434	9
435	9
436	9
437	4
438	11
439	10
440	11
441	11
442	10
443	9
444	6
445	7
446	13
447	12
448	5
449	9
450	6
451	12
452	11
453	7
454	9
455	6
456	5
457	8
458	10
459	9
460	8
461	7
462	5
463	12
464	10
465	12
466	8
467	7
468	5
469	8
470	11
471	9
472	3
473	15
474	5
475	4
476	8
477	8
478	16
479	12
480	5
481	8
482	9
483	13
484	15
485	8
486	6
487	14
488	4
489	7
490	9
491	6
492	10
493	7
494	10
495	9
496	2
497	8
498	11
499	9
500	11
501	5
502	9
503	7
504	9
505	10
506	8
507	9
508	10
509	13
510	5
511	14
512	7
513	16
514	13
515	5
516	9
517	3
518	12
519	8
520	11
521	10
522	11
523	9
524	13
525	8
526	9
527	8
528	14
529	7
530	5
531	12
532	6
533	15
534	6
535	7
536	5
537	7
538	4
539	7
540	6
541	9
542	7
543	14
544	9
545	8
546	8
547	7
548	7
549	4
550	8
551	8
552	8
553	11
554	12
555	5
556	3
557	5
558	10
559	9
560	5
561	6
562	7
563	6
564	7
565	9
566	8
567	7
568	7
569	7
570	10
571	6
572	10
573	11
574	10
575	9
576	10
577	7
578	15
579	6
580	13
581	6
582	13
583	9
584	8
585	10
586	11
587	8
588	9
589	7
590	8
591	11
592	12
593	12
594	8
595	7
596	4
597	6
598	4
599	8
600	7
601	10
602	8
603	8
604	9
605	12
606	2
607	11
608	2
609	6
610	8
611	7
612	10
613	7
614	6
615	11
616	9
617	8
618	5
619	5
620	11
621	9
622	8
623	8
624	6
625	11
626	7
627	4
628	5
629	6
630	7
631	7
632	11
633	7
634	5
635	7
636	6
637	7
638	10
639	8
640	5
641	11
642	7
643	7
644	8
645	10
646	10
647	5
648	6
649	4
650	10
651	9
652	6
653	9
654	7
655	5
656	7
657	4
658	11
659	5
660	5
661	5
662	8
663	8
664	6
665	4
666	7
667	9
668	9
669	9
670	6
671	14
672	7
673	12
674	13
675	7
676	9
677	11
678	6
679	6
680	9
681	9
682	8
683	6
684	10
685	5
686	13
687	2
688	2
689	8
690	4
691	13
692	13
693	7
694	7
695	7
696	9
697	5
698	12
699	6
700	13
701	12
702	10
703	7
704	9
705	18
706	7
707	3
708	13
709	6
710	10
711	8
712	9
713	7
714	8
715	5
716	7
717	6
718	6
719	6
720	10
721	13
722	5
723	5
724	7
725	6
726	9
727	5
728	4
729	9
730	8
731	8
732	4
733	7
734	2
735	6
736	5
737	8
738	5
739	6
740	2
741	11
742	6
743	9
744	5
745	6
746	6
747	6
748	9
749	10
750	5
751	12
752	6
753	5
754	7
755	16
756	2
757	3
758	7
759	7
760	6
761	7
762	4
763	5
764	6
765	9
766	9
767	8
768	10
769	5
770	8
771	3
772	9
773	5
774	8
775	3
776	4
777	4
778	10
779	7
780	5
781	2
782	6
783	4
784	1
785	6
786	6
787	8
788	8
789	6
790	5
791	9
792	5
793	6
794	1
795	8
796	11
797	4
798	9
799	5
800	5
801	10
802	10
803	7
804	5
805	6
806	7
807	8
808	4
809	5
810	5
811	11
812	4
813	7
814	5
815	3
816	5
817	5
818	7
819	6
820	6
821	8
822	3
823	5
824	9
825	9
826	8
827	9
828	5
829	7
830	8
831	13
832	4
833	8
834	6
835	8
836	6
837	8
838	10
839	6
840	7
841	10
842	7
843	3
844	12
845	4
846	5
847	4
848	13
849	11
850	5
851	8
852	7
853	7
854	6
855	7
856	4
857	8
858	4
859	11
860	4
861	9
862	5
863	9
864	8
865	7
866	5
867	6
868	5
869	13
870	5
871	5
872	9
873	3
874	11
875	4
876	11
877	4
878	4
879	5
880	7
881	12
882	6
883	6
884	4
885	7
886	3
887	4
888	12
889	9
890	8
891	4
892	7
893	5
894	3
895	10
896	4
897	8
898	1
899	5
900	7
901	2
902	7
903	5
904	10
905	9
906	6
907	5
908	6
909	8
910	5
911	8
912	14
913	12
914	5
915	5
916	2
917	5
918	8
919	5
920	10
921	5
922	6
923	7
924	10
925	4
926	7
927	4
928	6
929	5
930	6
931	11
932	7
933	5
934	5
935	6
936	6
937	6
938	7
939	3
940	1
941	7
943	7
944	6
945	5
946	4
947	6
948	8
949	5
950	6
951	7
952	5
953	3
954	2
955	3
956	7
957	8
958	6
959	4
960	3
961	9
962	10
963	5
964	5
965	4
966	8
967	5
968	8
969	5
970	4
971	5
972	6
973	4
974	4
975	5
976	7
977	5
978	5
979	7
980	8
981	5
982	7
983	5
984	3
985	6
986	15
987	7
988	7
989	9
990	6
991	6
992	7
993	4
994	8
995	3
996	8
997	6
998	7
999	7
1000	5
1001	7
1002	3
1003	6
1004	4
1005	5
1006	7
1007	8
1008	3
1009	7
1010	7
1011	13
1012	9
1013	6
1014	5
1015	4
1016	9
1017	7
1018	8
1019	4
1020	6
1021	3
1022	4
1023	7
1024	3
1025	7
1026	12
1027	12
1028	5
1029	2
1030	5
1031	12
1032	12
1033	8
1034	2
1035	10
1036	6
1037	5
1038	6
1039	8
1040	9
1041	4
1042	6
1043	4
1044	5
1045	2
1046	11
1047	6
1048	5
1049	9
1050	5
1051	6
1052	5
1053	5
1054	3
1055	8
1056	8
1057	9
1058	8
1059	4
1060	7
1061	5
1062	7
1063	7
1064	8
1065	7
1066	10
1067	7
1068	5
1069	3
1070	7
1071	6
1072	6
1073	4
1074	3
1075	8
1076	3
1077	5
1078	8
1079	12
1080	3
1081	4
1082	6
1083	6
1084	3
1085	4
1086	9
1087	3
1088	7
1089	9
1090	7
1091	9
1092	6
1093	5
1094	5
1095	7
1096	7
1097	2
1098	7
1099	4
1100	7
1101	6
1102	4
1103	2
1104	5
1105	1
1106	5
1107	8
1108	6
1109	5
1110	5
1111	6
1112	8
1113	4
1114	8
1115	11
1116	6
1117	4
1118	7
1119	12
1120	10
1121	5
1122	5
1123	5
1124	5
1125	3
1126	4
1127	3
1128	5
1129	5
1130	8
1131	2
1132	7
1133	5
1134	11
1135	7
1136	7
1137	4
1138	5
1139	4
1140	8
1141	6
1142	6
1143	9
1144	7
1145	6
1146	7
1147	5
1148	8
1149	9
1150	8
1151	6
1152	8
1153	4
1154	6
1155	8
1156	4
1157	4
1158	3
1159	6
1160	5
1161	3
1162	6
1163	3
1164	4
1165	11
1166	8
1167	10
1168	4
1169	6
1170	6
1171	5
1172	7
1173	4
1174	9
1175	5
1176	6
1177	6
1178	14
1179	9
1180	3
1181	6
1182	3
1183	10
1184	5
1185	5
1186	4
1187	6
1188	6
1189	4
1190	6
1191	6
1192	5
1193	6
1194	7
1195	9
1196	6
1197	3
1198	3
1199	7
1200	2
1201	5
1202	4
1203	5
1204	6
1205	4
1206	10
1207	5
1208	10
1209	7
1210	5
1211	8
1212	9
1213	5
1214	7
1215	1
1216	5
1217	9
1218	6
1219	6
1220	9
1221	6
1222	3
1223	4
1224	2
1225	4
1226	5
1227	8
1228	7
1229	3
1230	3
1231	5
1232	5
1233	2
1234	1
1235	4
1236	8
1237	6
1238	4
1239	8
1240	4
1241	6
1242	6
1243	8
1244	11
1245	6
1246	7
1247	1
1248	8
1249	11
1250	1
1251	5
1252	7
1253	10
1254	3
1255	12
1257	3
1258	8
1259	7
1260	5
1261	6
1262	9
1263	2
1264	6
1265	5
1266	8
1267	4
1268	10
1269	6
1270	5
1271	5
1272	1
1273	4
1274	5
1275	4
1276	6
1277	7
1278	6
1279	3
1280	8
1281	6
1282	5
1283	9
1284	6
1285	5
1286	9
1287	6
1288	4
1289	6
1290	10
1291	9
1292	3
1293	5
1294	4
1295	6
1296	7
1297	2
1298	2
1299	5
1300	5
1301	4
1302	4
1303	5
1304	7
1305	7
1306	4
1307	6
1308	5
1309	9
1310	6
1311	4
1312	5
1313	4
1314	6
1315	4
1316	4
1317	4
1318	4
1319	4
1320	3
1321	2
1322	5
1323	5
1324	6
1325	2
1326	5
1327	8
1328	9
1329	1
1330	4
1331	6
1332	6
1333	7
1334	2
1335	8
1336	5
1337	7
1338	3
1339	5
1340	5
1341	2
1342	1
1343	3
1344	8
1345	8
1346	7
1347	9
1348	4
1349	7
1350	6
1351	4
1352	8
1353	6
1354	8
1355	5
1356	3
1357	8
1358	5
1359	3
1360	2
1361	6
1362	7
1363	4
1364	7
1365	6
1366	3
1367	7
1368	4
1369	4
1370	4
1371	7
1372	5
1373	5
1374	4
1375	5
1376	8
1377	11
1378	1
1379	6
1380	7
1381	3
1382	1
1383	6
1384	5
1385	3
1386	5
1387	3
1388	5
1389	3
1390	6
1391	9
1392	4
1393	7
1394	4
1395	3
1396	7
1397	2
1398	2
1399	4
1400	7
1401	5
1402	6
1403	3
1404	3
1405	9
1406	7
1407	4
1408	7
1409	3
1410	3
1411	6
1412	5
1413	5
1414	9
1415	3
1416	4
1417	5
1418	9
1419	3
1420	6
1421	5
1422	3
1423	5
1424	7
1425	2
1426	5
1427	4
1428	6
1430	3
1431	6
1432	7
1433	5
1435	7
1436	3
1437	7
1438	6
1439	7
1440	6
1441	4
1442	8
1443	4
1444	5
1445	2
1446	4
1447	7
1448	4
1449	6
1450	10
1451	3
1452	9
1453	2
1454	3
1455	7
1456	6
1457	8
1458	6
1459	3
1460	3
1461	7
1462	3
1463	4
1464	3
1465	4
1466	7
1467	4
1468	5
1469	5
1470	5
1471	2
1472	4
1473	2
1474	8
1475	7
1476	6
1477	5
1478	4
1479	5
1480	7
1481	4
1482	3
1483	4
1484	4
1485	1
1486	4
1487	8
1488	2
1489	1
1490	9
1491	2
1492	7
1493	6
1494	4
1495	5
1496	3
1497	8
1498	7
1499	3
1500	7
1501	6
1502	2
1503	3
1504	5
1505	3
1506	5
1507	4
1508	12
1509	3
1510	2
1511	4
1512	4
1513	2
1514	4
1515	8
1516	10
1517	5
1518	7
1519	3
1520	7
1521	4
1522	9
1523	3
1524	2
1525	6
1526	7
1527	5
1528	3
1529	7
1530	3
1531	2
1532	6
1533	4
1534	6
1535	2
1536	6
1537	7
1538	1
1539	7
1540	3
1541	6
1542	8
1543	3
1544	7
1545	1
1546	3
1547	4
1548	4
1549	2
1550	2
1551	3
1552	5
1553	7
1554	3
1555	8
1556	6
1557	6
1558	5
1559	3
1560	8
1561	4
1562	3
1563	1
1564	2
1565	3
1566	4
1567	7
1568	5
1569	5
1570	1
1571	2
1572	4
1573	4
1574	5
1575	6
1576	4
1577	8
1578	2
1579	5
1580	4
1581	10
1582	9
1583	5
1584	2
1585	6
1586	3
1587	2
1588	7
1589	8
1590	7
1591	3
1592	4
1593	3
1594	10
1595	8
1596	6
1597	4
1598	7
1599	4
1600	8
1601	6
1602	8
1603	9
1604	5
1605	3
1606	4
1607	2
1608	5
1609	2
1610	8
1611	3
1612	10
1613	5
1614	4
1615	6
1616	8
1617	6
1618	4
1619	4
1620	6
1621	4
1622	8
1623	4
1624	3
1625	6
1626	6
1627	4
1628	5
1629	6
1630	3
1631	4
1632	5
1633	6
1634	2
1635	4
1636	4
1637	1
1638	3
1639	3
1640	3
1641	6
1642	4
1643	6
1644	4
1645	3
1646	4
1647	4
1648	4
1649	4
1650	2
1651	4
1652	9
1653	4
1654	6
1655	4
1656	2
1657	3
1658	4
1659	6
1660	5
1661	4
1662	5
1663	8
1664	7
1665	6
1666	7
1667	5
1668	3
1669	7
1670	2
1671	4
1672	1
1673	2
1674	2
1675	4
1676	11
1677	3
1678	7
1679	9
1680	1
1681	6
1682	5
1683	3
1684	5
1685	5
1686	3
1687	3
1688	6
1689	2
1690	5
1691	5
1692	3
1693	3
1694	8
1695	3
1696	5
1697	5
1698	8
1699	5
1700	6
1701	6
1702	5
1703	3
1704	9
1705	4
1706	6
1707	6
1708	2
1709	4
1710	3
1711	4
1712	3
1713	3
1714	2
1715	6
1716	4
1717	7
1718	3
1719	1
1720	3
1721	2
1722	3
1723	3
1724	3
1725	5
1726	1
1727	7
1728	3
1729	3
1730	5
1731	3
1732	2
1733	4
1734	4
1735	1
1736	7
1737	4
1738	2
1739	6
1740	4
1741	5
1742	6
1743	3
1744	6
1745	2
1746	5
1747	3
1748	5
1749	2
1750	2
1751	3
1753	7
1755	1
1756	4
1757	6
1758	7
1759	4
1760	9
1762	2
1763	3
1764	4
1765	3
1766	6
1767	1
1768	4
1769	3
1770	4
1771	2
1772	4
1773	6
1774	2
1775	2
1776	3
1777	3
1778	3
1779	4
1780	4
1781	6
1782	4
1783	6
1784	2
1785	2
1786	3
1787	2
1788	6
1789	7
1790	9
1792	1
1793	6
1794	4
1795	3
1796	3
1797	5
1798	5
1799	4
1800	2
1801	5
1802	2
1804	8
1805	8
1806	3
1807	2
1808	5
1809	6
1810	8
1811	3
1812	3
1813	2
1814	3
1815	3
1816	8
1817	2
1818	5
1819	4
1820	2
1821	3
1822	3
1823	4
1824	2
1825	3
1826	2
1827	2
1828	5
1829	3
1830	2
1831	3
1832	2
1833	3
1834	2
1835	7
1836	3
1837	2
1838	4
1839	1
1840	2
1841	4
1842	6
1843	4
1844	1
1845	3
1846	5
1847	4
1848	4
1849	2
1850	8
1851	5
1852	5
1853	8
1854	6
1856	1
1857	4
1858	2
1859	6
1860	5
1861	7
1862	2
1863	3
1864	6
1865	3
1866	3
1867	4
1868	1
1869	6
1870	7
1871	6
1872	2
1873	8
1874	3
1875	4
1876	2
1877	11
1878	3
1879	5
1880	8
1881	1
1882	5
1883	5
1884	4
1885	6
1886	1
1887	6
1888	6
1889	6
1890	8
1891	3
1892	6
1893	5
1894	4
1895	6
1896	5
1897	3
1898	3
1899	2
1900	7
1901	5
1902	4
1903	5
1904	4
1905	1
1906	3
1907	4
1908	4
1909	1
1910	2
1911	4
1912	4
1913	8
1914	6
1915	6
1916	2
1917	8
1918	3
1919	4
1920	3
1921	2
1922	5
1923	8
1924	1
1925	6
1926	7
1927	2
1928	3
1929	4
1930	2
1931	3
1932	8
1933	3
1934	6
1935	1
1936	1
1937	7
1938	2
1939	4
1940	1
1941	1
1943	1
1944	5
1945	8
1946	2
1947	4
1948	1
1949	13
1950	3
1951	2
1952	3
1953	2
1954	1
1955	3
1956	3
1957	7
1958	4
1959	4
1960	4
1961	4
1962	7
1963	6
1964	2
1965	6
1966	4
1967	4
1968	5
1969	3
1970	3
1971	5
1972	5
1973	2
1974	4
1975	3
1976	3
1977	8
1978	2
1979	5
1980	3
1981	5
1982	5
1983	6
1984	4
1985	2
1986	4
1987	3
1988	5
1989	3
1990	3
1991	4
1992	1
1993	2
1994	2
1995	7
1996	4
1997	3
1998	2
1999	5
2000	6
2001	3
2002	5
2003	1
2004	1
2005	3
2006	3
2007	4
2008	3
2009	2
2010	4
2011	1
2012	6
2013	2
2014	6
2015	1
2016	5
2017	4
2018	4
2020	2
2021	7
2022	2
2023	3
2024	6
2025	2
2026	1
2027	7
2028	5
2029	3
2030	5
2031	2
2032	3
2033	9
2034	4
2035	6
2036	2
2037	3
2038	1
2039	2
2040	2
2041	5
2042	3
2043	2
2044	1
2045	3
2046	11
2047	2
2048	4
2049	4
2050	3
2051	8
2052	2
2053	3
2054	5
2055	3
2056	2
2057	2
2058	2
2059	3
2060	5
2061	2
2062	3
2063	4
2064	3
2065	3
2066	2
2067	4
2068	4
2069	2
2070	1
2071	3
2072	3
2073	3
2074	6
2075	3
2076	4
2078	3
2079	4
2080	2
2081	5
2082	10
2083	4
2084	4
2085	5
2086	3
2087	2
2088	5
2089	8
2090	3
2091	7
2092	5
2093	2
2094	2
2095	6
2096	1
2097	2
2098	9
2099	2
2100	6
2101	4
2102	5
2103	3
2104	6
2105	3
2106	8
2107	3
2108	7
2109	4
2110	3
2111	6
2112	4
2113	2
2114	6
2115	3
2116	3
2117	3
2118	4
2119	6
2120	1
2121	4
2122	6
2123	2
2124	1
2125	5
2126	2
2127	4
2128	1
2129	2
2130	3
2131	4
2132	2
2133	3
2134	3
2135	2
2136	4
2137	1
2138	5
2139	1
2140	5
2141	7
2142	3
2143	1
2144	4
2145	1
2146	4
2147	2
2148	4
2149	3
2150	5
2151	4
2152	2
2153	6
2154	5
2155	4
2156	7
2157	8
2158	3
2159	6
2161	3
2162	3
2163	2
2164	1
2165	3
2166	7
2167	3
2168	5
2170	4
2171	5
2172	4
2173	3
2174	8
2175	1
2176	3
2177	4
2178	3
2179	2
2180	2
2181	6
2182	2
2183	2
2184	2
2185	3
2186	3
2187	2
2188	2
2189	4
2190	2
2191	5
2192	4
2193	4
2194	1
2195	3
2196	3
2197	8
2198	2
2199	2
2200	6
2201	5
2202	2
2203	5
2204	2
2205	4
2206	4
2207	2
2208	1
2209	3
2210	2
2211	1
2212	4
2213	5
2214	3
2215	2
2216	3
2217	3
2218	3
2219	2
2220	2
2221	4
2222	1
2223	8
2224	2
2225	2
2226	5
2227	4
2228	2
2229	2
2230	5
2231	1
2232	3
2233	1
2234	3
2235	3
2236	2
2237	6
2238	5
2240	4
2241	4
2242	2
2243	5
2244	3
2245	1
2246	5
2247	6
2248	1
2249	1
2250	4
2251	3
2252	5
2253	3
2254	3
2255	6
2256	6
2257	5
2258	3
2259	2
2260	1
2261	3
2262	7
2263	2
2264	3
2265	4
2266	2
2267	2
2268	4
2269	4
2270	3
2271	3
2272	1
2273	2
2274	5
2275	3
2276	5
2277	1
2278	4
2279	4
2280	3
2281	2
2282	2
2283	4
2284	4
2285	3
2286	1
2287	3
2288	5
2289	1
2290	4
2292	2
2293	8
2294	3
2295	3
2296	3
2298	5
2299	3
2300	2
2301	4
2302	5
2303	2
2305	5
2306	1
2307	4
2308	2
2309	2
2310	3
2311	2
2312	2
2313	4
2314	5
2315	5
2316	3
2317	4
2318	1
2319	1
2320	2
2321	2
2322	4
2323	3
2324	5
2325	1
2326	2
2327	4
2328	6
2329	5
2330	6
2331	4
2332	4
2333	5
2334	1
2335	6
2336	4
2337	1
2338	2
2339	1
2340	3
2341	3
2342	3
2343	4
2344	2
2345	4
2346	7
2347	2
2348	1
2349	3
2350	5
2351	2
2352	1
2353	6
2355	1
2356	3
2357	2
2358	4
2359	4
2360	6
2361	1
2362	2
2363	1
2364	4
2365	4
2366	2
2367	3
2368	1
2369	2
2370	5
2371	3
2372	2
2373	3
2374	1
2375	6
2376	3
2377	3
2378	1
2379	4
2380	4
2381	1
2382	2
2383	3
2384	1
2385	4
2386	3
2387	3
2388	7
2389	2
2390	2
2391	4
2392	3
2393	4
2394	2
2395	2
2396	2
2397	3
2398	2
2399	3
2400	1
2401	2
2402	1
2403	3
2404	2
2405	2
2406	4
2407	6
2408	4
2409	1
2410	1
2411	6
2412	3
2413	2
2414	6
2415	4
2416	1
2417	2
2419	6
2420	3
2421	4
2422	3
2423	2
2424	4
2425	3
2426	2
2427	1
2428	5
2429	1
2430	5
2431	3
2432	2
2433	2
2434	1
2435	2
2436	1
2437	3
2438	2
2439	3
2440	2
2441	3
2442	5
2443	2
2444	6
2445	1
2446	2
2448	1
2449	3
2450	4
2451	2
2452	2
2453	1
2454	6
2455	2
2456	4
2457	4
2458	2
2459	1
2460	2
2461	5
2462	4
2464	1
2465	5
2466	4
2467	2
2468	2
2469	4
2470	3
2471	5
2472	1
2473	4
2474	4
2475	2
2476	1
2477	5
2478	1
2479	3
2480	2
2481	2
2482	1
2483	4
2484	3
2485	3
2486	2
2487	4
2488	3
2489	5
2490	2
2491	2
2492	3
2493	4
2494	1
2495	2
2496	3
2497	5
2498	3
2499	1
2500	4
2502	2
2503	4
2504	2
2505	2
2506	3
2507	1
2508	1
2509	2
2511	5
2512	1
2513	2
2514	1
2515	1
2516	3
2517	3
2518	5
2519	2
2520	2
2521	3
2522	4
2523	7
2524	2
2525	3
2526	2
2527	3
2528	3
2529	3
2530	1
2531	2
2532	2
2533	3
2534	5
2535	2
2536	2
2537	1
2538	2
2539	2
2541	1
2542	1
2543	4
2544	2
2545	2
2546	2
2547	6
2548	3
2549	4
2550	2
2551	2
2552	1
2553	2
2554	7
2556	2
2557	2
2558	3
2559	3
2560	2
2561	5
2562	4
2563	4
2564	2
2565	6
2566	6
2567	1
2568	1
2569	3
2570	4
2571	1
2572	7
2573	5
2574	1
2575	2
2576	2
2577	2
2578	2
2579	3
2580	1
2581	2
2582	2
2583	2
2584	2
2585	4
2587	2
2588	3
2589	3
2590	4
2591	2
2592	3
2593	5
2594	2
2595	1
2598	3
2600	3
2601	3
2602	3
2603	4
2604	1
2605	2
2606	2
2607	4
2609	4
2611	5
2612	1
2613	1
2614	4
2615	3
2618	1
2619	3
2620	3
2621	2
2623	4
2625	2
2627	3
2628	2
2629	3
2630	3
2631	2
2632	2
2633	2
2634	3
2636	3
2637	4
2638	2
2639	3
2640	5
2642	1
2643	1
2644	2
2645	2
2646	4
2647	1
2648	1
2649	2
2650	2
2651	3
2652	1
2653	5
2654	3
2655	2
2656	1
2657	4
2659	2
2660	1
2661	2
2662	2
2663	3
2664	2
2665	3
2666	1
2667	2
2668	1
2669	1
2670	2
2671	3
2672	3
2673	3
2674	1
2675	3
2676	5
2678	3
2679	2
2680	3
2681	2
2682	1
2683	5
2684	5
2685	3
2686	1
2687	3
2688	3
2689	2
2690	5
2691	5
2692	1
2693	3
2694	3
2695	2
2697	5
2698	1
2699	3
2700	2
2701	3
2702	3
2703	2
2704	1
2705	2
2706	2
2707	2
2708	3
2709	2
2711	1
2712	3
2713	2
2714	1
2715	5
2717	3
2718	1
2720	1
2722	1
2723	1
2724	3
2725	3
2726	2
2728	3
2729	1
2730	2
2731	2
2732	2
2733	2
2734	2
2735	3
2736	4
2737	2
2738	2
2739	3
2740	3
2741	2
2742	2
2743	1
2744	5
2745	1
2746	3
2747	2
2748	1
2749	2
2750	3
2751	7
2752	1
2753	2
2754	4
2755	2
2757	2
2758	1
2760	1
2761	1
2762	6
2763	1
2764	3
2765	2
2767	2
2768	5
2769	2
2770	2
2771	2
2772	2
2773	1
2774	1
2775	2
2776	1
2777	1
2778	4
2780	2
2781	4
2782	2
2783	3
2784	3
2785	2
2786	1
2787	3
2788	1
2789	2
2790	1
2791	1
2792	5
2793	2
2794	3
2795	2
2796	2
2797	4
2798	1
2799	2
2800	4
2801	5
2802	3
2803	1
2804	1
2805	3
2806	6
2807	2
2808	3
2809	4
2810	1
2811	3
2812	4
2813	3
2814	3
2815	1
2817	2
2818	3
2819	4
2820	3
2821	1
2822	2
2823	3
2824	2
2825	2
2826	2
2827	1
2828	4
2829	3
2830	2
2831	5
2832	2
2833	1
2834	3
2835	1
2836	2
2837	3
2839	6
2840	4
2841	1
2842	5
2843	5
2844	3
2845	2
2846	1
2849	3
2850	4
2851	1
2852	4
2853	4
2854	1
2855	3
2857	3
2858	1
2859	2
2860	2
2861	1
2862	5
2863	2
2864	1
2865	2
2866	3
2867	1
2868	3
2869	2
2870	1
2871	2
2872	1
2873	1
2874	2
2876	2
2878	2
2879	1
2880	1
2881	3
2882	2
2883	3
2885	3
2886	1
2887	2
2888	2
2889	3
2890	2
2891	3
2893	3
2894	5
2895	2
2896	2
2897	1
2898	2
2899	4
2900	1
2901	4
2902	7
2903	3
2904	4
2905	1
2906	1
2907	1
2908	2
2909	3
2910	4
2911	3
2912	1
2913	1
2914	2
2916	6
2917	4
2918	2
2919	1
2921	2
2922	1
2923	1
2924	1
2925	3
2926	1
2927	2
2928	3
2929	1
2930	3
2931	4
2932	5
2933	1
2934	1
2935	5
2936	3
2937	1
2938	2
2939	3
2940	2
2941	2
2942	1
2943	2
2944	2
2945	2
2947	3
2949	1
2950	1
2951	3
2953	3
2954	5
2955	1
2956	2
2958	1
2959	1
2960	3
2961	4
2962	3
2963	1
2964	5
2965	3
2966	2
2968	5
2971	5
2972	3
2974	5
2975	2
2976	3
2977	2
2979	3
2980	3
2981	2
2982	1
2983	5
2984	1
2985	4
2986	5
2987	2
2988	3
2990	4
2991	1
2992	3
2993	3
2995	2
2996	1
2997	1
2999	1
3000	3
3001	4
3002	1
3003	3
3004	1
3005	1
3006	1
3007	2
3008	1
3009	1
3011	2
3012	2
3013	2
3014	1
3015	1
3016	3
3017	1
3018	1
3020	2
3021	3
3022	2
3023	5
3025	1
3026	7
3027	3
3028	3
3029	6
3030	1
3031	1
3033	2
3034	4
3035	1
3037	5
3038	3
3039	2
3040	3
3042	2
3044	1
3045	3
3046	4
3050	1
3051	2
3052	2
3053	3
3054	5
3055	3
3056	3
3057	1
3058	2
3061	1
3062	1
3063	2
3064	1
3065	1
3066	1
3067	1
3068	2
3069	2
3070	1
3071	4
3072	3
3073	6
3074	1
3075	1
3076	3
3078	2
3079	1
3080	2
3081	4
3082	3
3084	2
3085	4
3086	2
3087	1
3089	1
3090	1
3091	2
3092	2
3093	3
3094	4
3095	5
3096	1
3097	4
3098	2
3099	1
3100	2
3101	1
3103	2
3104	3
3106	1
3107	2
3108	2
3109	3
3110	1
3111	1
3112	2
3113	5
3115	1
3117	1
3118	4
3121	1
3122	1
3123	1
3124	2
3125	1
3126	3
3127	2
3128	1
3129	5
3130	1
3131	6
3132	3
3134	1
3135	2
3136	1
3137	2
3138	1
3139	1
3140	2
3141	3
3142	3
3143	2
3145	4
3146	2
3147	3
3148	1
3149	2
3150	2
3151	2
3152	2
3153	2
3154	2
3155	2
3156	2
3157	2
3158	4
3159	1
3160	4
3162	2
3163	3
3165	3
3167	2
3168	1
3169	2
3170	2
3171	4
3173	4
3174	1
3175	2
3178	2
3180	1
3181	2
3184	1
3185	2
3188	2
3189	2
3190	4
3191	1
3192	2
3193	2
3194	2
3196	1
3197	2
3199	2
3200	1
3201	2
3202	3
3203	3
3204	3
3206	1
3207	1
3209	1
3210	2
3211	3
3213	2
3214	1
3216	4
3218	2
3219	1
3220	2
3221	2
3222	1
3223	2
3224	1
3225	1
3227	1
3228	1
3229	3
3230	1
3233	1
3234	2
3235	1
3236	3
3238	4
3240	4
3241	1
3242	2
3243	1
3244	1
3245	1
3246	1
3248	2
3249	1
3250	2
3251	3
3253	3
3254	3
3258	2
3259	2
3260	1
3261	1
3262	1
3263	5
3266	1
3268	1
3269	1
3270	4
3271	2
3272	1
3273	2
3274	1
3275	1
3276	2
3277	3
3279	3
3281	2
3282	1
3283	1
3284	1
3285	1
3286	2
3287	2
3288	1
3289	2
3290	2
3291	1
3292	2
3293	2
3296	2
3298	2
3300	1
3301	1
3302	2
3303	1
3304	1
3305	1
3306	2
3307	1
3308	1
3309	1
3310	2
3311	1
3312	3
3313	1
3314	1
3315	1
3316	1
3317	5
3318	3
3319	1
3320	2
3321	2
3322	2
3323	2
3324	4
3325	1
3326	1
3327	4
3328	3
3329	1
3330	1
3331	1
3332	2
3333	1
3334	3
3335	3
3337	1
3338	1
3339	1
3341	2
3343	2
3345	2
3347	1
3348	4
3349	2
3351	2
3352	1
3354	1
3355	2
3356	1
3360	2
3361	3
3362	1
3363	3
3364	2
3366	2
3367	1
3368	1
3369	2
3370	4
3371	3
3372	1
3373	1
3374	2
3376	2
3379	3
3380	2
3382	3
3383	1
3386	2
3387	1
3389	1
3390	1
3391	1
3392	1
3393	1
3394	3
3395	1
3396	1
3397	1
3398	2
3399	1
3400	4
3401	2
3402	1
3403	3
3404	3
3405	2
3406	1
3407	1
3409	3
3411	2
3412	3
3413	2
3414	1
3415	1
3416	2
3418	1
3420	3
3421	1
3422	1
3424	1
3425	2
3426	1
3427	3
3429	2
3430	3
3431	1
3432	1
3433	1
3434	1
3435	1
3436	2
3438	2
3439	1
3441	4
3442	1
3443	2
3444	1
3445	1
3446	3
3447	2
3448	1
3451	1
3452	3
3453	3
3454	1
3456	1
3457	1
3458	1
3459	1
3460	3
3461	1
3462	2
3463	1
3466	1
3468	4
3470	2
3472	3
3473	1
3474	1
3475	2
3476	3
3478	1
3479	1
3480	3
3481	1
3483	3
3485	2
3486	2
3487	4
3489	1
3490	2
3491	2
3493	1
3495	1
3497	2
3498	2
3499	1
3500	2
3501	2
3502	2
3504	1
3505	1
3507	2
3509	3
3511	3
3512	1
3513	1
3516	1
3517	2
3518	1
3519	1
3520	1
3522	1
3524	2
3525	2
3526	1
3527	1
3529	2
3531	1
3532	1
3533	1
3534	2
3535	1
3537	2
3539	1
3541	3
3542	2
3543	4
3544	2
3545	3
3546	1
3547	1
3548	1
3550	1
3551	1
3552	3
3553	1
3555	1
3556	2
3558	2
3559	4
3561	1
3562	3
3563	1
3564	2
3565	1
3566	2
3567	2
3569	1
3570	3
3572	4
3573	6
3574	3
3576	2
3577	1
3578	4
3579	1
3581	1
3584	2
3586	1
3587	1
3592	1
3593	1
3594	1
3595	1
3596	1
3597	3
3601	1
3603	2
3604	2
3605	2
3607	3
3608	4
3611	1
3612	1
3613	3
3614	2
3615	1
3616	3
3617	1
3618	1
3619	2
3620	3
3621	2
3623	3
3624	1
3625	2
3626	2
3627	1
3629	2
3630	3
3634	1
3635	1
3638	2
3639	1
3640	1
3641	1
3642	1
3645	3
3646	4
3648	1
3650	3
3651	3
3652	3
3653	2
3654	1
3657	2
3658	2
3661	2
3662	1
3663	1
3665	1
3666	1
3667	4
3668	1
3671	1
3672	1
3673	3
3674	3
3675	3
3676	1
3677	2
3678	1
3681	1
3682	4
3683	1
3684	1
3685	2
3686	2
3688	1
3689	1
3690	1
3691	2
3692	1
3695	2
3696	1
3698	1
3700	1
3701	1
3702	3
3704	2
3706	1
3708	2
3713	1
3714	1
3716	3
3717	2
3719	1
3721	1
3722	1
3723	2
3726	1
3727	1
3728	2
3729	2
3730	2
3731	2
3732	3
3733	1
3734	1
3736	3
3738	1
3739	1
3740	5
3743	2
3746	1
3748	1
3752	2
3753	1
3754	1
3756	2
3757	1
3758	1
3761	1
3763	1
3771	1
3772	1
3773	3
3774	1
3775	1
3779	3
3780	2
3781	2
3782	1
3783	1
3785	1
3786	2
3787	3
3788	1
3789	3
3790	2
3791	3
3792	1
3793	1
3794	1
3795	3
3796	1
3797	2
3798	1
3800	1
3802	2
3803	2
3804	1
3805	2
3806	1
3808	1
3809	1
3811	1
3814	3
3815	1
3816	1
3818	2
3821	3
3822	2
3824	1
3825	1
3826	1
3827	3
3828	1
3829	1
3830	1
3833	2
3834	3
3835	4
3836	2
3837	1
3838	3
3839	1
3840	1
3841	2
3842	3
3845	1
3847	2
3848	1
3849	1
3850	2
3852	2
3853	1
3854	3
3858	1
3859	1
3860	1
3861	2
3864	1
3865	2
3866	3
3867	1
3868	1
3869	1
3871	1
3875	1
3878	1
3879	1
3882	3
3883	1
3885	1
3886	1
3887	3
3888	1
3890	1
3891	1
3892	1
3894	1
3895	2
3899	1
3902	2
3904	2
3908	1
3914	1
3916	2
3917	2
3918	3
3920	2
3926	1
3927	1
3928	1
3929	2
3931	1
3934	2
3935	1
3936	1
3937	1
3939	2
3940	1
3943	2
3944	1
3946	1
3947	1
3949	2
3950	1
3951	3
3952	1
3953	1
3957	1
3958	1
3960	1
3962	1
3963	1
3964	1
3965	2
3967	2
3968	1
3969	1
3970	1
3971	1
3972	1
3973	2
3974	1
3979	1
3983	1
3986	1
3988	2
3990	1
3992	1
3997	2
3999	3
4000	1
4001	2
4002	1
4003	1
4004	1
4005	1
4006	1
4007	2
4009	3
4010	2
4013	2
4014	2
4015	1
4018	1
4021	3
4022	1
4024	2
4028	1
4033	1
4037	1
4038	1
4041	1
4042	1
4043	1
4044	1
4050	2
4052	3
4053	1
4054	1
4055	1
4057	1
4060	1
4061	2
4062	2
4063	1
4064	1
4065	1
4067	1
4069	4
4071	1
4072	3
4074	1
4076	2
4078	3
4079	1
4082	2
4083	1
4084	1
4085	1
4086	1
4088	1
4090	1
4091	1
4094	1
4096	1
4097	1
4098	1
4101	2
4102	1
4103	3
4104	1
4106	3
4110	1
4112	3
4114	1
4115	5
4116	2
4117	1
4119	1
4121	2
4123	1
4125	1
4126	1
4127	2
4130	3
4133	3
4134	1
4136	1
4140	1
4141	2
4142	1
4144	1
4145	1
4156	1
4157	1
4158	1
4159	2
4163	1
4166	2
4167	1
4169	1
4171	1
4174	2
4175	1
4182	1
4183	1
4187	2
4190	2
4191	2
4192	1
4194	1
4195	1
4196	1
4197	1
4199	2
4203	2
4204	2
4206	2
4208	1
4209	1
4211	1
4212	1
4214	1
4215	1
4216	1
4218	1
4219	2
4220	1
4221	2
4222	1
4227	2
4228	2
4229	1
4230	1
4233	1
4234	2
4235	1
4239	2
4242	1
4244	1
4246	1
4251	2
4254	1
4255	1
4256	1
4260	2
4264	2
4265	1
4266	1
4267	2
4269	1
4270	2
4271	1
4273	1
4276	1
4279	2
4281	1
4285	2
4286	1
4287	1
4289	1
4290	2
4295	4
4296	1
4297	1
4298	2
4299	2
4301	1
4303	1
4305	3
4307	1
4310	2
4312	1
4313	1
4315	2
4316	1
4318	1
4319	2
4323	1
4324	1
4327	2
4331	2
4336	1
4344	1
4348	1
4350	1
4352	1
4354	1
4356	1
4359	1
4360	1
4362	1
4363	1
4365	1
4373	2
4376	1
4378	1
4380	2
4381	2
4384	1
4386	1
4387	2
4389	1
4391	1
4393	1
4394	1
4395	1
4396	1
4407	2
4408	1
4412	1
4413	1
4422	1
4428	1
4430	4
4431	1
4434	1
4437	3
4438	1
4440	1
4442	2
4444	2
4445	1
4447	1
4448	2
4452	2
4456	2
4458	1
4464	1
4465	1
4467	2
4469	1
4470	1
4471	2
4474	1
4477	2
4481	1
4482	2
4484	1
4488	1
4489	1
4490	1
4492	1
4493	2
4495	1
4497	1
4498	1
4500	1
4501	1
4504	1
4506	1
4508	3
4515	1
4519	1
4525	1
4526	1
4528	1
4530	1
4532	1
4538	1
4541	1
4547	3
4552	1
4555	1
4556	1
4559	1
4560	1
4566	2
4570	2
4574	1
4578	2
4585	1
4590	1
4591	1
4592	1
4595	1
4596	1
4598	1
4599	1
4600	1
4602	1
4603	1
4606	1
4612	2
4613	1
4617	2
4623	1
4624	1
4625	1
4626	2
4630	2
4633	1
4634	2
4636	1
4645	1
4649	2
4651	2
4652	1
4654	1
4661	1
4664	1
4666	1
4668	1
4669	2
4672	1
4676	2
4677	1
4680	1
4681	1
4683	1
4688	2
4690	2
4697	1
4700	1
4704	1
4707	1
4709	1
4716	1
4723	1
4725	2
4726	1
4734	1
4737	1
4738	1
4740	1
4741	1
4742	1
4743	1
4745	1
4746	1
4749	1
4750	1
4752	1
4763	1
4766	1
4771	1
4772	1
4773	1
4774	1
4776	1
4777	1
4779	1
4784	2
4791	2
4794	1
4795	1
4796	1
4802	1
4803	1
4808	1
4809	2
4810	1
4816	1
4820	1
4823	1
4824	1
4825	1
4829	2
4835	1
4840	1
4852	1
4853	1
4860	1
4867	1
4870	1
4876	1
4884	1
4892	1
4895	2
4897	1
4905	1
4918	1
4920	1
4923	1
4927	1
4928	2
4937	1
4938	1
4940	1
4941	1
4942	1
4943	1
4946	1
4949	1
4952	1
4954	1
4958	2
4961	1
4966	2
4970	1
4972	1
4975	1
4977	1
4978	1
4982	1
4983	1
4989	1
4996	1
4997	1
4998	1
5014	1
5022	1
5036	1
5040	1
5043	1
5053	1
5054	1
5055	1
5065	2
5070	2
5074	1
5082	1
5083	1
5088	1
5093	1
5100	1
5102	1
5107	1
5115	1
5139	1
5146	2
5163	1
5165	1
5171	1
5179	1
5184	1
5186	1
5187	1
5190	2
5192	1
5196	1
5201	1
5204	1
5211	1
5213	2
5220	1
5221	1
5227	1
5229	1
5242	1
5250	1
5251	1
5254	1
5255	1
5256	1
5257	2
5258	1
5270	1
5280	1
5283	1
5314	1
5324	1
5335	1
5341	1
5342	1
5348	1
5349	1
5352	1
5354	1
5358	1
5359	1
5365	1
5379	1
5381	1
5387	2
5388	1
5396	1
5406	1
5419	1
5430	1
5433	2
5440	1
5446	1
5448	1
5449	2
5472	1
5487	1
5489	1
5503	1
5505	1
5508	1
5516	1
5517	1
5523	1
5537	1
5539	1
5544	1
5552	1
5575	1
5612	1
5616	1
5634	1
5646	1
5668	1
5674	1
5676	1
5686	2
5689	1
5694	1
5705	1
5714	1
5726	1
5727	1
5758	1
5762	1
5809	1
5822	1
5834	1
5846	1
5847	1
5855	1
5859	1
5882	1
5899	1
5901	1
5929	1
5951	1
5960	1
5988	1
5993	1
6010	1
6017	1
6061	1
6076	1
6078	1
6088	1
6090	1
6091	1
6111	1
6143	1
6153	1
6175	1
6180	1
6203	1
6217	1
6242	1
6262	2
6263	1
6341	1
6452	1
6465	1
6526	1
6633	1
6664	1
6741	1
6835	1
6916	1
7011	1
7160	1
7215	1
7217	1
7229	1
7240	1
7285	1
7520	1
8161	1
