1	2233
2	1066
3	704
4	539
516	1
5	417
6	311
7	272
8	243
9	229
10	203
11	165
12	153
13	136
14	132
15	125
16	111
17	128
18	90
19	76
20	92
21	82
22	97
23	66
24	67
25	55
26	77
27	58
28	52
29	59
30	52
31	53
32	49
33	44
34	45
35	38
547	1
36	42
37	50
38	39
39	42
40	36
41	31
42	39
43	26
44	42
45	36
46	25
47	23
48	25
49	12
50	27
51	28
52	19
53	26
54	24
55	16
56	23
57	21
58	20
59	22
60	22
61	18
62	20
63	12
64	19
65	13
66	16
67	12
68	19
69	23
70	19
71	24
72	22
73	11
74	12
75	11
76	15
588	1
77	17
78	14
79	15
80	12
81	16
82	17
594	1
83	17
84	7
85	12
86	12
87	9
88	9
89	5
90	7
91	8
92	10
93	9
1117	1
94	10
95	10
96	12
97	11
98	6
99	5
100	9
101	8
102	7
103	2
104	4
105	9
106	5
107	8
108	4
109	7
110	8
111	5
112	13
113	9
114	7
115	8
116	5
117	7
118	10
119	6
120	4
121	6
122	5
123	2
124	7
125	5
126	5
127	3
128	7
129	4
130	1
131	6
132	4
133	7
134	4
135	3
136	3
137	1
138	3
139	3
140	5
141	4
142	2
143	2
144	4
145	1
146	3
147	6
148	2
149	6
662	1
151	3
152	5
153	2
154	2
155	3
156	4
157	6
158	2
159	1
160	3
161	4
162	3
163	2
164	3
165	2
166	2
167	2
168	2
169	3
170	1
171	2
172	1
173	1
174	2
175	2
176	2
178	5
179	3
180	2
181	1
182	3
183	2
184	4
185	4
186	3
188	3
189	2
190	3
191	3
192	2
193	2
3268	1
197	3
198	3
199	4
203	3
204	1
205	2
206	2
209	3
210	1
211	2
212	1
213	2
214	2
217	3
218	3
219	2
220	1
221	1
222	4
223	3
224	1
225	3
226	2
228	1
229	1
230	1
231	1
234	4
236	3
238	1
242	2
243	2
244	3
245	3
246	3
247	3
249	1
250	1
251	5
252	2
256	1
257	2
258	1
260	1
262	1
263	2
268	2
270	1
271	3
272	3
273	1
275	1
278	1
279	1
282	1
285	2
286	2
287	1
292	1
294	1
295	2
297	1
299	2
301	1
304	1
305	1
306	1
819	1
307	1
309	1
311	2
314	1
321	1
322	1
324	1
334	1
336	1
337	1
339	1
341	1
345	1
347	1
350	3
354	1
358	1
360	1
362	1
369	1
372	1
379	1
390	1
393	1
401	1
415	1
417	1
421	1
440	1
442	1
447	1
452	1
467	1
483	1
485	1
