1	1080
2	745
3	654
4	552
5	467
6	412
7	388
8	347
9	340
10	330
11	319
12	280
13	258
14	262
15	224
16	223
17	188
18	205
19	202
20	192
21	154
22	179
23	178
24	129
25	122
26	163
4122	1
27	169
28	149
29	125
30	129
31	123
32	137
33	99
34	105
35	110
36	118
37	111
38	86
39	102
40	85
41	82
1065	1
42	100
43	79
44	85
45	83
46	82
47	70
48	82
49	75
50	75
51	81
52	57
53	64
54	72
55	66
1079	1
56	59
57	69
58	64
59	65
60	55
61	66
62	55
63	56
64	69
65	50
1089	1
66	60
67	65
68	62
69	42
70	54
71	51
72	50
73	60
74	50
75	55
76	41
77	42
78	58
79	37
80	51
81	40
1105	1
82	38
83	37
84	41
85	48
86	39
87	43
88	33
89	38
90	39
91	37
92	41
93	34
94	32
95	32
96	36
97	27
98	31
99	36
100	31
101	29
102	36
103	33
104	39
105	30
106	33
107	31
108	37
109	31
110	32
111	36
112	23
113	28
114	37
115	25
116	28
117	29
118	21
119	31
120	32
121	25
122	21
123	27
124	26
125	27
126	33
127	33
128	24
129	25
130	25
131	35
132	28
133	21
134	23
135	26
136	27
137	17
138	15
139	28
140	18
141	27
142	35
143	22
144	25
145	24
146	14
147	21
148	20
149	20
150	23
151	24
152	18
153	26
154	23
155	18
156	18
157	20
158	19
159	17
160	12
161	28
162	19
163	13
164	16
165	26
166	26
167	13
168	16
169	19
170	19
171	17
172	14
173	14
174	21
175	26
176	21
177	20
178	21
179	12
180	14
181	15
182	27
183	21
184	12
185	17
186	9
187	14
188	9
189	12
190	14
191	11
192	24
193	20
194	15
195	13
196	9
197	19
198	16
199	17
200	13
201	10
202	15
203	13
204	12
205	8
206	10
207	19
208	17
209	9
210	9
211	14
212	16
213	12
214	8
215	10
216	9
217	5
218	11
219	16
220	13
221	15
222	10
223	8
224	10
225	7
226	14
227	7
228	9
229	14
230	11
231	10
232	11
233	8
234	9
235	18
236	10
237	5
238	9
239	11
240	9
241	15
242	13
243	13
244	1
245	6
246	10
247	10
248	6
249	11
250	12
251	11
252	11
253	7
254	9
255	6
256	3
257	10
258	10
259	9
260	6
261	5
262	4
263	8
264	8
265	10
266	8
267	7
268	7
269	3
270	6
271	9
272	4
273	7
274	8
275	6
276	7
277	9
278	10
279	7
280	7
281	5
282	3
283	5
284	5
285	8
286	8
287	9
288	7
289	8
290	7
291	7
292	6
293	8
294	6
295	6
296	8
297	7
298	10
299	9
300	9
301	3
302	5
303	3
304	7
305	11
306	9
307	7
308	4
309	4
310	6
311	6
312	12
313	1
314	6
315	10
316	6
317	5
318	7
319	9
320	2
321	5
322	7
323	2
324	3
325	5
326	9
327	3
328	6
329	7
330	3
331	6
332	2
333	5
334	5
335	7
336	8
337	2
338	5
339	4
340	5
341	4
342	3
343	8
344	4
345	3
346	4
347	2
348	1
349	3
350	3
351	3
352	4
353	3
354	5
355	1
356	3
357	4
358	2
359	7
360	1
361	1
362	6
363	2
364	6
365	3
366	6
367	4
368	4
369	4
370	2
371	4
372	3
373	5
374	1
375	3
376	3
377	5
378	6
379	2
380	5
381	2
382	3
383	6
384	4
385	3
386	1
387	4
388	4
389	3
390	3
391	1
392	1
393	4
394	2
395	5
396	3
397	3
398	4
399	1
400	5
401	4
402	1
403	2
404	1
405	4
406	2
407	1
408	6
409	4
410	2
411	1
413	1
414	6
415	4
417	5
418	2
419	2
420	2
421	5
422	1
423	1
424	4
425	3
426	5
427	4
428	1
429	1
430	1
431	3
432	3
433	2
434	1
435	2
436	2
438	3
439	3
440	3
441	3
442	1
444	2
445	4
446	1
449	2
451	1
452	5
453	1
454	1
455	3
456	5
457	4
458	2
459	2
460	1
461	3
463	1
464	3
465	2
467	3
468	2
469	4
470	1
471	2
472	1
473	2
476	2
477	1
478	6
479	2
480	2
481	3
482	2
483	3
484	3
485	3
486	2
487	1
488	2
489	1
490	1
491	1
492	3
493	1
494	2
495	4
496	3
497	4
498	2
499	1
500	1
501	2
503	1
507	3
509	1
510	2
512	1
514	2
515	3
516	1
517	3
518	2
519	3
520	2
521	2
524	1
527	1
528	3
529	2
531	1
532	2
534	3
535	1
536	1
537	1
538	3
543	1
544	1
545	1
546	2
548	1
549	1
550	2
551	1
552	1
553	2
554	2
555	1
556	2
558	2
560	2
562	1
565	1
568	3
572	1
3645	1
573	2
574	2
575	2
577	1
579	2
584	1
587	2
588	2
589	3
590	1
592	1
595	1
596	1
597	1
603	2
608	1
609	1
610	1
611	1
612	1
613	1
614	1
615	1
616	1
619	1
623	1
624	2
627	1
628	1
629	1
630	2
631	2
632	3
634	1
635	2
641	1
644	1
645	1
646	1
647	1
649	1
651	2
654	1
655	1
656	1
658	1
662	1
668	1
671	1
672	1
674	1
676	1
679	1
684	2
685	1
686	1
691	1
696	1
701	1
702	2
707	1
708	1
721	1
722	2
724	1
727	1
728	1
732	1
740	1
741	1
750	1
753	1
761	1
764	1
769	1
773	1
774	1
792	1
793	1
798	1
799	1
801	1
805	1
811	1
812	1
816	1
823	1
824	1
827	1
828	1
844	2
845	1
872	1
874	1
876	1
884	1
904	1
908	1
912	1
914	2
935	1
936	2
952	1
977	1
985	1
