1	645
2	339
3	231
4	186
2053	1
5	142
6	149
7	144
8	113
9	123
10	121
11	121
12	102
2060	1
13	97
14	102
15	80
16	85
17	81
18	98
19	81
20	85
21	73
22	75
23	74
24	73
25	74
26	79
27	77
28	92
29	71
30	61
31	83
32	66
2080	1
33	70
34	57
35	75
36	61
2084	1
37	70
38	69
39	64
40	59
41	74
2089	1
42	69
43	76
44	63
2092	2
45	63
46	59
47	59
48	53
49	64
50	69
51	75
52	69
53	62
54	65
55	59
56	53
57	59
58	62
59	58
60	43
61	56
62	58
63	61
64	50
2112	1
65	52
66	52
67	65
2115	1
68	68
69	45
70	53
71	59
72	58
73	40
74	45
75	66
76	50
77	52
78	48
79	58
80	53
81	42
82	49
83	46
84	44
85	50
86	46
87	56
88	54
89	47
90	43
91	46
92	60
93	44
94	45
95	54
96	39
97	35
98	47
99	38
100	51
2148	1
101	55
102	34
103	41
104	51
105	50
106	46
107	47
108	47
109	51
110	35
111	40
112	58
2160	1
113	41
114	47
115	39
116	44
117	41
118	33
119	43
120	42
121	42
122	25
123	46
124	44
125	38
126	37
127	52
128	34
129	45
130	44
131	50
132	44
133	44
134	34
135	35
136	30
137	28
138	41
139	43
140	40
141	38
142	38
143	43
144	30
145	34
146	29
147	38
148	43
149	45
150	43
151	36
152	33
153	39
154	30
155	45
156	44
157	43
158	39
159	33
160	23
161	29
162	37
163	33
164	39
165	33
166	40
2214	1
167	35
168	32
169	27
170	36
171	29
172	34
173	36
174	29
175	34
176	34
177	35
178	31
179	31
180	39
181	41
182	31
183	42
184	34
185	17
186	27
187	25
188	22
2237	1
189	35
190	34
191	33
192	29
193	45
194	25
195	34
196	22
197	28
198	34
199	25
200	24
201	21
202	23
203	25
2251	1
204	24
205	34
206	25
207	26
208	26
209	30
210	25
211	32
212	27
213	18
214	29
2262	1
215	32
216	23
217	31
218	21
219	30
220	38
221	31
222	26
223	24
224	35
225	14
226	32
227	22
228	28
229	30
230	25
2278	1
231	25
232	28
233	30
234	27
235	26
236	21
237	25
238	34
239	27
240	36
241	20
242	20
243	17
244	33
2292	1
245	14
246	13
247	29
248	22
249	27
250	25
251	22
252	17
253	32
254	21
255	24
256	27
257	20
258	19
259	30
260	30
261	30
2309	1
262	21
263	15
264	23
265	21
266	24
267	19
268	25
269	18
270	19
271	18
272	25
273	20
274	28
275	17
276	29
2324	1
277	18
278	18
279	26
2327	1
280	22
281	25
282	28
283	15
284	22
285	19
286	18
287	18
288	19
289	29
290	22
291	25
292	22
293	18
294	21
295	17
296	20
297	28
298	18
299	20
300	14
301	24
302	23
303	25
304	15
305	22
306	26
307	16
308	20
309	20
310	15
311	17
312	15
2360	1
313	21
2361	1
314	15
315	19
316	21
317	17
318	13
319	25
320	20
321	17
322	22
323	16
324	18
325	26
326	17
327	22
328	20
329	11
330	16
331	17
332	18
333	20
334	17
2383	1
335	11
336	18
337	13
338	15
339	20
340	16
341	17
342	18
343	15
344	19
345	16
346	16
347	11
348	21
349	18
350	16
351	11
352	16
353	12
354	19
355	19
356	20
357	16
2405	1
358	13
359	11
360	13
361	14
362	8
363	18
364	14
365	9
366	16
367	12
368	15
369	12
370	17
371	19
372	11
373	13
374	14
375	10
376	11
377	17
378	13
379	11
380	11
381	6
382	7
383	16
2432	1
384	19
385	15
386	17
2434	1
387	18
388	9
389	13
2437	1
390	9
391	13
392	12
393	14
394	16
395	14
396	15
397	9
398	18
399	13
400	11
401	14
402	8
403	11
404	9
405	14
406	12
407	17
408	9
409	13
410	12
411	7
2459	1
412	10
413	10
414	13
415	14
416	22
417	8
418	12
419	13
420	12
421	10
422	8
423	10
424	17
425	12
426	15
427	13
428	17
429	9
430	15
431	3
432	7
2480	1
433	14
434	9
435	10
436	14
437	8
438	15
439	12
440	12
441	16
442	11
443	12
444	10
445	11
446	9
447	15
448	6
449	16
450	15
451	14
452	7
453	7
454	9
455	12
456	9
457	6
458	19
459	13
460	5
461	8
462	12
463	11
464	12
465	9
466	12
467	11
468	9
469	16
2517	1
470	5
471	13
472	11
473	9
474	9
2522	1
475	10
476	12
477	11
478	4
479	11
480	17
481	12
482	11
483	10
484	9
485	6
486	11
487	5
488	16
489	8
490	8
491	14
492	10
493	12
494	9
495	3
496	11
497	13
498	7
499	6
500	13
2548	1
501	10
502	7
503	10
504	10
505	8
506	9
507	9
508	7
509	9
510	3
511	5
512	4
513	5
514	12
515	5
516	5
517	4
518	5
519	2
520	10
521	12
522	10
523	6
524	11
525	3
526	6
527	10
528	15
529	10
530	8
531	4
532	10
533	8
534	9
535	3
536	6
537	7
538	9
539	2
540	3
541	5
542	5
543	6
544	5
545	8
546	6
547	3
548	5
549	3
550	7
551	10
552	5
553	5
554	7
555	8
556	9
557	2
558	8
559	3
2607	1
560	7
561	8
562	8
563	6
564	6
565	1
566	8
567	4
568	2
569	3
570	8
571	4
572	7
573	6
574	10
575	5
576	8
577	7
578	4
579	5
580	6
581	9
2630	1
582	5
583	6
584	8
585	6
586	5
587	7
588	6
589	4
590	2
591	5
592	8
593	5
594	8
2642	1
595	7
596	7
597	10
598	3
599	8
600	4
601	5
602	6
603	5
604	2
605	8
606	4
607	7
608	3
609	9
610	4
611	3
612	10
613	3
614	9
615	5
616	5
617	4
618	3
619	8
620	8
621	6
622	4
623	6
624	5
625	5
626	4
627	1
628	9
629	6
630	3
631	4
633	1
634	6
635	4
636	6
637	2
638	6
639	6
640	5
641	7
642	3
643	4
644	3
645	1
648	8
649	3
650	5
651	5
652	3
653	5
654	6
655	3
656	3
657	2
658	5
659	6
660	3
661	3
662	7
663	5
664	6
665	3
666	2
667	2
668	3
669	4
670	7
671	4
672	5
673	2
674	2
675	2
676	7
677	5
678	3
679	3
680	1
681	7
682	3
683	4
684	4
685	2
686	6
687	4
688	3
689	6
2737	1
690	2
691	2
692	2
693	3
2741	1
694	9
695	3
696	2
697	3
698	2
699	6
700	3
701	4
702	6
703	4
704	2
705	1
706	4
707	3
708	1
709	3
2758	1
710	3
711	4
712	4
713	2
714	4
715	3
716	2
717	4
718	3
719	3
720	3
721	2
722	5
723	3
724	4
725	3
726	7
727	5
728	3
729	2
730	6
731	2
732	4
733	2
734	7
735	6
736	3
737	1
738	1
739	2
740	2
741	1
742	3
743	4
744	3
745	3
747	5
749	2
750	3
751	3
752	3
753	5
754	2
755	3
756	3
757	2
758	2
759	3
760	3
761	2
762	1
763	5
764	2
765	3
766	4
767	1
768	2
769	4
770	4
771	2
772	7
774	2
775	1
776	3
777	2
778	3
779	1
780	4
781	2
782	2
783	2
784	6
785	3
786	7
787	2
788	4
789	4
790	2
791	2
792	2
793	5
795	2
796	1
797	2
798	2
799	4
800	4
801	1
802	3
804	4
805	4
806	1
807	5
808	3
809	3
810	3
811	3
812	2
813	2
814	3
815	2
816	3
817	3
818	3
819	3
820	7
821	6
822	2
823	2
824	2
825	5
826	1
827	4
828	2
829	4
830	3
831	2
832	1
833	4
836	3
838	3
2886	1
839	4
840	3
841	3
842	2
843	2
844	1
845	2
846	2
847	2
848	1
849	4
850	1
851	3
852	3
853	2
854	2
855	1
856	4
857	2
859	4
860	3
862	4
863	4
864	5
865	3
866	2
867	3
869	7
870	3
871	3
872	3
873	2
874	2
875	3
877	2
878	3
879	5
2927	1
880	2
881	1
882	2
883	3
885	3
886	2
887	1
889	3
890	3
891	3
892	1
893	4
894	1
895	2
896	3
897	1
900	2
901	1
903	3
904	3
906	1
907	3
908	3
909	1
910	1
911	4
912	1
913	3
914	2
915	4
916	2
917	4
918	3
920	2
921	2
922	1
923	2
924	1
925	2
926	1
928	1
929	3
931	2
932	3
933	2
2982	1
934	1
935	1
937	3
938	1
941	1
942	1
943	2
944	1
945	2
946	6
947	1
948	2
949	3
950	2
951	2
952	1
953	3
955	4
957	1
958	2
959	2
960	2
961	1
962	1
964	1
965	1
966	1
967	1
969	1
970	1
972	3
973	6
974	1
3024	1
976	4
977	2
979	2
981	3
983	2
984	2
985	1
989	1
990	1
991	3
992	1
993	1
994	1
995	2
996	1
997	2
998	2
1000	1
1001	1
1003	3
1004	2
1005	1
1006	1
1007	2
1008	1
1009	2
1011	2
1015	1
1016	2
1017	2
1019	3
1021	1
1022	4
3070	1
1025	1
1028	3
3077	1
1032	2
1033	2
1034	3
1035	2
1036	1
1038	1
1040	1
1041	3
1042	1
1043	1
1044	3
1045	2
1046	1
1047	1
1048	3
1051	3
1053	3
1054	1
1057	2
1058	1
1059	2
1060	1
3109	1
1061	1
1062	1
1063	1
1064	1
1067	2
1068	2
1069	2
1071	2
1072	1
3121	1
1074	1
1075	1
1078	1
1079	1
1080	2
3129	1
3130	1
1084	3
1085	2
1086	1
1087	1
1088	2
1090	3
1092	2
1093	1
1095	1
1099	2
1103	1
1104	1
1106	2
1110	2
1112	1
1114	1
1115	2
1116	2
1118	1
1119	2
1125	1
1128	1
1131	1
1132	1
1133	2
1134	1
1139	1
1141	2
1143	2
1144	1
1145	1
1150	2
1151	1
1152	3
1153	1
1155	1
1156	1
1157	1
1158	1
1159	1
1161	3
1162	1
1163	2
1164	1
1166	1
1167	2
1173	1
1177	2
1178	1
1179	1
1182	1
1183	1
1185	1
1187	1
1189	3
1190	1
1192	1
3240	1
1193	1
1200	1
1202	2
1203	1
1204	1
1208	1
1210	2
1211	1
1212	2
1213	1
1217	1
1218	2
1223	1
1226	1
1228	2
1229	2
1232	2
1235	1
1238	1
1239	1
1244	1
1245	1
1246	1
1248	1
1249	1
1251	1
1252	2
1253	1
1254	1
1257	1
1258	1
1259	1
1263	1
1274	1
1276	1
1282	1
1283	1
1284	1
1285	1
1287	1
1292	2
3344	1
1296	1
1300	1
1306	2
1309	1
1312	1
1314	1
1320	1
1327	1
1335	1
1338	1
1339	1
1340	1
1342	1
9535	1
1343	1
1347	1
1348	1
1350	1
1351	1
1353	1
1355	1
1357	1
1359	1
1362	1
1364	1
1367	1
1369	1
1370	1
1371	1
1372	1
1377	2
1378	1
1379	1
1385	1
1386	1
1388	1
1397	1
1399	1
1401	1
1412	1
1413	1
1417	1
1418	1
1421	2
1431	1
1435	1
1437	1
1439	1
1446	1
1452	1
1457	1
1463	1
1469	1
1475	1
1476	1
1478	1
1481	1
1483	1
1487	1
1490	1
1496	1
1498	1
1504	1
1516	1
1520	1
1524	1
3576	1
1536	1
1545	1
1546	1
1548	2
1549	1
1552	2
1553	1
1562	1
3610	1
1567	1
1569	1
1581	1
1584	1
1585	1
1599	1
1601	1
1607	1
1615	1
1623	1
1626	2
1643	1
1651	1
1652	2
1662	2
1663	1
1665	1
1667	1
1668	1
1672	1
1676	1
1697	1
1723	1
1725	1
1742	1
1760	1
1764	1
1775	1
3831	1
1785	1
1790	1
1792	1
1794	2
3854	1
1807	1
1824	1
1827	1
1828	1
1835	1
1845	1
1850	1
3901	1
1855	1
1869	1
1870	1
1875	1
1891	1
1892	1
1902	1
1908	1
1910	1
1915	1
1928	1
1931	1
1950	1
1995	2
1996	2
2025	1
2030	1
2047	1
