1	1579
2	731
3	484
4	333
5	268
6	215
7	175
8	132
9	143
10	88
11	98
12	104
13	102
14	86
15	74
16	77
17	75
18	58
19	67
20	44
21	45
22	46
23	39
24	54
25	48
26	54
27	35
28	32
29	35
30	38
31	25
32	30
33	34
545	1
34	33
35	30
36	33
37	28
38	25
39	24
40	32
41	26
42	24
43	16
44	15
45	16
46	19
47	16
48	22
49	24
50	18
51	20
52	17
53	14
54	13
55	15
56	25
57	19
58	13
59	12
60	16
61	19
62	16
63	12
64	19
65	20
577	1
66	18
67	21
68	21
69	19
70	11
71	10
72	7
73	18
74	13
75	10
76	9
77	9
78	10
79	8
80	13
81	10
82	14
83	10
84	6
85	10
86	5
87	11
88	2
89	14
90	10
91	8
92	8
93	10
94	17
95	6
96	8
97	3
98	4
99	6
100	7
101	7
102	4
103	8
104	11
105	7
106	9
107	7
108	7
109	4
110	9
111	6
112	8
113	3
114	5
115	9
116	3
117	4
118	2
119	6
120	3
121	6
122	4
123	5
124	8
636	1
125	4
126	2
127	7
128	8
129	6
130	1
131	4
132	2
133	8
134	7
135	5
136	3
137	3
138	4
139	3
140	1
141	4
142	1
143	6
144	4
145	6
146	6
147	2
148	5
149	4
150	1
151	4
152	2
153	4
154	4
155	2
156	1
157	6
158	5
159	5
160	5
161	4
162	3
163	1
164	1
165	2
167	2
168	1
169	5
170	4
171	4
172	2
174	3
175	1
176	3
177	2
178	1
179	5
180	2
182	3
183	5
184	2
185	2
186	1
187	1
188	1
189	2
190	3
192	3
193	3
194	5
195	2
196	3
198	1
199	4
200	2
201	1
202	4
203	1
204	1
205	1
206	6
207	4
208	2
209	2
211	1
212	2
214	1
217	2
218	3
219	1
220	1
221	1
223	2
224	2
225	2
227	6
228	2
229	2
232	3
233	2
234	3
235	6
237	3
238	2
239	4
240	2
241	1
243	2
245	2
246	1
247	1
248	2
250	1
251	2
252	1
254	2
767	1
255	2
257	1
260	2
263	1
264	1
269	1
272	1
275	3
276	1
280	1
282	1
284	1
285	1
288	2
291	1
293	1
295	1
299	2
300	2
302	1
303	1
306	2
310	1
311	1
314	1
315	1
317	1
319	3
330	1
336	1
339	1
341	1
346	2
347	1
352	1
354	1
358	1
363	1
366	2
381	1
382	1
390	1
393	2
405	1
410	1
411	1
415	1
416	1
417	1
421	2
427	1
442	1
467	1
491	1
