1	388
2	212
3	152
4	131
4100	1
5	88
6	90
7	73
8	78
9	65
10	54
11	58
12	56
13	40
14	52
15	45
16	41
17	44
18	34
19	41
20	36
21	37
22	36
23	43
24	31
25	32
4121	1
26	31
27	37
28	30
4124	1
29	35
4125	1
30	49
31	35
32	45
33	29
34	19
35	33
36	36
37	29
38	33
39	37
40	30
41	28
42	28
43	32
44	31
45	35
46	20
47	32
48	30
49	34
4145	1
50	35
51	20
52	31
53	23
54	25
4151	1
55	29
56	28
4152	1
57	19
58	23
59	24
60	24
61	27
4158	1
62	13
63	23
64	29
65	19
66	22
67	37
68	15
69	17
70	26
4166	1
71	20
4167	1
72	23
73	29
74	18
4170	1
75	20
76	19
77	19
78	25
79	26
80	16
81	27
82	26
83	26
84	18
4180	1
85	22
4182	2
86	16
87	22
88	22
89	24
90	26
91	25
92	21
93	23
94	18
95	32
96	17
97	18
98	19
99	13
4196	1
100	14
101	18
102	23
103	19
104	12
105	30
106	28
107	18
108	32
109	18
110	22
111	23
112	15
113	23
114	22
115	19
4211	1
116	11
117	17
118	21
119	18
120	17
121	24
122	21
123	14
124	27
125	16
126	16
127	15
128	22
129	14
4225	1
130	16
131	18
132	18
133	18
134	20
135	24
136	15
137	22
138	13
139	18
4235	1
140	17
141	22
142	10
143	18
144	24
145	17
146	21
147	29
4243	1
148	16
149	16
150	17
4246	1
151	22
152	11
153	23
154	14
4250	1
155	15
156	28
157	26
158	19
159	13
4255	1
160	23
161	16
162	16
163	14
4259	1
164	19
165	12
166	10
4262	1
167	19
168	22
169	20
170	22
4267	1
171	20
172	14
173	21
174	20
175	16
176	17
177	16
178	18
4275	1
179	11
180	21
181	17
182	8
183	18
184	16
185	16
186	14
187	21
188	11
189	15
4285	1
190	19
191	19
192	15
193	17
194	19
195	11
196	14
197	20
198	21
199	19
200	18
201	19
202	20
203	15
204	15
205	21
206	12
207	16
208	19
209	23
210	13
211	18
212	12
4308	1
213	21
214	16
215	15
216	23
217	12
218	13
219	17
220	12
221	22
222	20
223	17
224	17
225	20
226	17
227	23
228	17
229	22
4325	1
230	13
4326	1
231	18
232	22
233	15
234	19
235	14
236	17
237	11
238	14
239	18
240	19
241	15
242	19
243	20
4340	2
244	20
245	23
246	13
247	17
248	12
249	11
250	17
251	11
252	11
4348	1
253	23
254	10
255	18
256	18
257	21
258	17
259	14
260	15
261	11
262	16
4358	1
263	16
264	18
265	12
266	17
267	22
268	7
269	15
270	14
271	17
272	5
273	7
274	8
275	18
276	12
277	16
278	12
279	19
280	17
281	14
282	13
283	12
284	17
285	15
286	14
287	12
288	15
289	11
290	18
291	18
4387	1
292	13
293	7
294	7
295	11
296	12
297	14
298	15
299	13
300	13
301	13
302	17
303	9
304	12
305	7
306	13
4403	1
307	14
308	13
309	13
310	21
311	19
312	14
313	10
314	10
315	14
316	10
317	20
318	15
319	12
320	10
321	15
4417	1
322	12
323	12
324	11
325	12
326	12
4422	1
327	11
328	16
329	13
330	18
331	7
332	12
333	14
334	17
335	16
336	7
337	21
338	8
339	14
4435	1
340	11
341	14
342	12
343	12
344	7
345	9
346	13
347	15
348	9
349	11
4445	1
350	11
351	12
352	14
353	15
354	7
355	13
356	15
357	7
358	12
359	22
360	17
361	14
362	14
363	12
364	18
365	21
366	12
4462	1
367	16
368	16
369	24
370	10
371	10
372	17
373	16
374	4
375	10
376	10
377	12
378	17
379	16
380	10
381	11
382	12
383	13
384	15
385	15
386	16
387	12
388	13
389	9
390	8
391	9
392	14
393	11
394	12
395	21
396	12
397	17
398	8
399	7
400	20
401	11
402	5
403	17
404	8
4500	1
405	16
406	8
407	11
408	14
409	7
410	12
411	11
412	18
413	18
4509	1
414	6
415	18
416	9
417	14
418	14
419	13
420	10
421	11
422	12
423	8
424	8
425	13
426	16
427	11
428	8
429	10
430	15
431	13
432	13
4528	1
433	13
4529	1
434	16
435	6
436	18
437	11
438	8
439	11
4535	1
440	15
441	15
442	12
443	15
4539	1
444	16
445	20
446	7
447	9
448	10
449	7
450	11
451	10
452	11
453	12
454	14
455	9
456	12
457	14
458	14
459	11
460	7
461	15
462	11
463	10
464	8
465	7
466	10
467	9
468	4
469	17
470	8
471	12
4567	1
472	10
473	6
474	13
475	10
476	9
477	14
478	13
479	9
480	13
481	10
482	14
483	11
484	14
485	10
486	13
487	12
488	13
489	12
490	15
491	11
492	11
493	13
494	7
495	7
496	14
497	7
4593	1
498	12
499	9
500	6
501	15
502	15
503	13
504	14
505	8
506	12
4602	1
507	9
508	11
509	12
510	11
511	6
512	10
513	13
514	10
515	10
516	17
517	11
518	13
519	10
520	16
521	11
522	6
523	14
524	8
525	6
526	7
527	16
528	20
529	9
530	12
531	10
532	13
4629	1
533	8
534	13
535	11
536	12
537	10
538	11
539	14
540	10
541	11
542	10
4638	1
543	12
4639	1
544	9
545	11
546	9
547	11
548	9
549	13
550	5
551	10
552	12
553	14
554	9
555	12
556	7
557	13
558	8
559	8
560	10
561	10
562	15
563	8
564	3
565	5
566	12
567	13
568	8
569	9
570	11
571	9
572	11
573	12
574	11
575	7
4671	1
576	10
577	14
578	15
579	7
580	16
581	10
582	9
583	6
584	14
585	13
586	7
587	11
588	7
589	10
590	6
591	15
592	9
593	8
594	13
595	9
596	10
597	9
598	19
599	12
600	11
601	13
602	10
603	7
604	7
605	6
606	7
607	5
608	14
609	9
610	7
611	12
612	10
613	8
614	13
615	9
616	9
617	7
618	7
619	16
620	12
621	5
622	3
623	12
624	15
625	6
626	9
627	9
4723	2
628	9
629	8
630	12
631	9
632	11
633	14
634	11
635	9
636	8
637	8
638	12
639	10
640	10
641	11
642	8
643	6
644	9
645	13
646	11
647	11
648	7
649	8
650	6
651	6
652	8
653	17
654	6
655	13
656	11
657	8
658	12
659	10
660	8
661	13
662	10
663	9
664	12
665	6
666	12
4762	1
667	8
668	15
669	14
670	5
671	6
672	11
673	5
674	11
675	13
676	10
677	11
678	5
679	16
680	10
681	5
682	10
683	13
684	8
685	5
686	10
687	14
688	8
689	10
690	13
691	9
692	8
693	7
694	9
695	12
696	6
697	9
698	6
699	6
700	13
701	8
702	12
703	4
704	12
4800	1
705	7
706	12
707	8
708	13
709	5
710	7
711	16
712	6
713	8
714	5
715	8
716	14
717	7
718	7
719	8
720	9
721	4
722	9
723	11
724	8
725	2
726	8
727	11
728	5
729	7
730	11
731	5
732	13
733	10
734	8
735	12
736	15
737	10
738	6
739	10
4835	1
740	13
741	8
742	8
743	7
744	12
745	7
746	4
747	6
748	9
749	9
750	5
751	9
752	8
753	3
754	11
755	8
756	3
757	9
758	6
759	5
760	11
761	9
762	9
763	9
764	9
765	8
766	9
767	5
768	8
769	9
770	12
771	7
772	12
773	8
774	7
775	8
4871	1
776	4
777	11
4873	1
778	7
779	8
780	10
781	10
782	9
783	6
784	8
785	6
786	13
787	12
788	4
789	8
790	11
791	9
792	9
793	13
794	12
795	11
796	9
797	6
798	5
4894	1
799	9
800	8
801	11
802	10
803	9
804	4
805	7
806	9
807	8
808	12
809	3
810	3
811	10
812	5
813	7
814	9
815	5
816	6
817	4
818	13
819	9
820	10
821	5
822	9
823	8
824	7
825	7
826	12
827	13
828	9
829	7
830	10
831	7
832	11
833	8
834	6
835	4
836	9
837	9
838	4
839	9
840	14
841	10
842	12
843	7
844	9
845	7
846	12
847	5
848	8
849	8
850	10
851	11
852	14
853	8
854	12
855	10
856	7
857	3
858	3
859	5
4956	1
860	7
861	7
862	6
863	8
864	10
865	8
866	10
867	8
868	5
869	7
870	7
871	11
872	6
873	11
4970	1
874	8
875	9
876	8
877	5
878	6
879	8
880	5
4977	1
881	4
882	4
883	10
884	10
885	10
886	4
887	6
888	12
889	7
890	9
891	8
892	12
893	10
894	9
895	3
896	5
897	11
4994	1
898	11
899	9
900	9
4996	1
901	7
902	7
903	7
904	5
905	6
906	7
5002	1
907	8
5003	1
908	10
909	3
910	3
911	11
912	5
913	3
914	2
915	12
916	9
917	5
918	7
919	13
920	2
921	8
922	11
923	4
924	7
925	6
926	6
927	5
928	10
929	6
930	4
931	15
932	7
933	6
934	10
935	7
936	7
937	10
938	8
939	12
940	5
941	6
942	16
943	8
944	3
5040	1
945	4
946	8
947	7
948	13
949	6
950	7
951	5
952	6
953	11
954	7
955	6
956	9
957	11
958	10
959	6
960	8
961	9
962	8
963	13
964	5
965	3
966	3
967	7
968	3
969	7
970	8
971	9
972	7
973	3
974	8
975	9
976	10
977	13
978	12
979	10
980	5
981	10
982	10
983	8
984	13
985	5
986	7
987	9
988	6
989	5
990	8
991	10
992	6
993	8
994	12
995	9
996	8
997	5
998	7
999	6
1000	7
1001	3
1002	6
1003	4
1004	6
1005	9
1006	12
1007	6
1008	7
1009	4
1010	4
1011	5
1012	14
1013	6
1014	10
1015	8
1016	13
1017	6
1018	7
1019	7
1020	12
1021	4
1022	2
1023	9
1024	8
1025	4
1026	6
1027	10
1028	11
1029	9
1030	8
1031	3
1032	4
1033	12
1034	6
1035	7
1036	3
1037	5
1038	5
1039	2
1040	9
1041	5
1042	4
1043	2
1044	5
1045	5
1046	6
1047	6
1048	9
1049	5
1050	10
1051	6
5147	1
1052	9
1053	8
1054	5
5150	1
1055	8
1056	7
1057	7
1058	7
1059	3
5155	1
1060	5
1061	10
1062	9
1063	6
1064	4
1065	9
1066	4
5163	1
1067	8
1068	10
1069	5
1070	8
1071	6
1072	5
1073	1
1074	8
1075	6
1076	6
1077	11
1078	5
1079	7
1080	8
1081	8
1082	6
1083	5
1084	7
1085	6
1086	2
1087	12
1088	9
1089	5
1090	1
1091	7
1092	9
1093	6
1094	3
1095	5
1096	5
1097	5
1098	4
1099	2
1100	7
1101	5
1102	7
1103	10
1104	4
1105	5
1106	6
1107	4
1108	7
1109	2
1110	5
1111	12
1112	10
1113	5
1114	3
1115	10
1116	5
1117	7
1118	2
1119	12
1120	7
1121	9
1122	8
1123	9
1124	2
1125	6
1126	9
1127	6
1128	4
1129	3
1130	9
1131	3
1132	7
1133	7
1134	8
1135	6
1136	5
1137	4
1138	7
1139	7
1140	5
1141	10
1142	7
1143	2
1144	6
1145	7
1146	8
1147	5
1148	12
1149	5
1150	5
1151	11
1152	7
1153	5
1154	8
1155	9
1156	3
1157	7
1158	7
1159	9
1160	8
1161	4
1162	7
1163	4
1164	6
1165	4
1166	11
1167	4
1168	6
1169	6
1170	7
1171	10
1172	4
1173	4
1174	10
1175	5
1176	4
1177	12
1178	3
1179	4
1180	7
1181	4
1182	3
1183	2
1184	5
1185	5
1186	6
1187	8
1188	9
1189	10
1190	6
1191	1
1192	2
1193	4
1194	4
1195	6
1196	4
1197	6
1198	3
1199	5
1200	4
1201	7
1202	7
1203	3
1204	6
1205	8
1206	6
1207	7
1208	6
1209	4
1210	11
1211	5
1212	10
1213	8
1214	5
1215	6
1216	4
1217	4
1218	4
1219	7
1220	8
1221	5
1222	4
1223	7
1224	6
1225	5
1226	11
1227	5
1228	9
1229	4
1230	1
1231	8
1232	8
1233	6
1234	6
1235	3
1236	7
1237	5
1238	6
1239	4
1240	6
1241	5
1242	4
1243	3
1244	10
5341	1
1245	5
1246	5
1247	4
1248	5
1249	7
1250	4
1251	5
1252	5
5348	1
5349	1
1253	2
1254	7
1255	6
1256	4
1257	4
1258	6
1259	7
1260	4
1262	4
1263	3
1264	8
1265	4
1266	5
1267	1
1268	5
1269	5
1270	2
5366	1
1271	6
1272	5
1273	4
1274	9
1275	7
5371	1
1276	3
1277	4
1278	6
1279	6
1280	3
1281	3
1282	6
1283	3
1284	6
1285	7
1286	6
1287	7
1288	7
1289	7
1290	5
1291	5
1292	4
5389	1
1293	5
1294	8
1295	5
1296	8
1297	5
1298	3
1299	4
1300	6
1301	6
5398	1
1302	8
1303	3
1304	6
1305	1
1306	2
1307	5
1308	2
1309	4
1310	4
1311	6
1312	7
1313	4
1314	3
1315	7
5412	1
1316	8
1317	6
1318	5
1319	4
1320	5
1321	5
1322	8
1323	6
1324	2
1325	2
1326	4
5422	1
1327	5
1328	5
1329	7
1330	4
1331	5
1332	5
1333	10
1334	2
1335	4
1336	2
1337	4
1338	4
1339	3
1340	2
1341	5
1342	9
1343	2
1344	5
1345	7
1346	5
1347	5
1348	2
1349	8
1350	5
1351	7
5448	1
1352	1
1353	3
1354	9
1355	7
1356	12
1357	4
1358	3
1359	5
1360	7
1361	7
1362	6
1363	2
1364	3
1365	7
1366	5
1367	6
1368	5
1369	5
1370	6
1371	5
1372	3
1373	8
1375	6
1376	4
1377	3
1378	4
1379	4
1380	4
1381	4
1382	5
1383	1
1384	3
1385	3
1386	4
1387	3
1388	4
1389	3
1390	4
1391	6
1392	8
1393	5
1394	7
1395	5
1396	4
1397	1
1398	4
1399	1
1400	9
5496	1
1401	3
1402	6
1403	8
1404	7
1405	4
1406	5
1407	3
1408	5
1409	4
1410	2
1411	2
1412	6
1413	4
1414	7
1415	3
1416	5
1417	2
1418	5
1419	1
1420	8
1421	4
1422	4
1423	7
1424	1
1425	5
1426	5
1427	6
1428	4
1429	3
1430	3
1431	2
1432	4
1433	8
1434	3
1435	5
1436	6
1437	7
1438	4
1439	3
1440	5
1441	2
1442	5
1443	4
1444	4
1445	4
1446	4
1447	6
1448	3
1449	1
1450	5
1451	4
1452	3
1453	2
1454	4
1455	4
1456	3
1457	2
1458	2
1459	4
1460	5
1461	4
1462	1
1463	5
1464	6
1465	3
1466	4
1467	3
1468	4
1469	5
1470	6
1471	1
1472	5
1473	7
1474	5
1475	1
1476	4
1477	8
1478	2
1479	3
1480	2
1481	2
1482	4
1483	6
1484	3
1485	5
1486	3
1487	5
1488	3
1489	4
1490	5
1491	2
1492	10
1493	4
1494	6
1495	3
1496	3
1497	4
1498	3
1499	3
1500	5
1501	4
1502	3
1503	5
1504	4
1505	2
1506	4
1508	2
1509	3
1510	4
1511	4
1512	3
1513	6
1514	4
1515	3
1516	4
1517	2
1518	4
1519	8
1520	4
1521	5
1522	3
1523	5
5620	1
1524	3
1525	6
1526	8
1527	4
1528	4
1529	3
1530	7
1531	4
1532	6
1533	7
1534	5
1535	5
1536	4
1537	3
1538	3
1539	8
1540	1
1541	1
1542	1
1543	5
1544	3
1545	2
1547	6
1548	2
1549	6
1550	3
1551	1
1552	3
1553	2
1554	4
1555	4
1556	7
1557	4
1558	4
1559	4
1560	4
1561	3
1562	4
1563	2
1564	2
1565	1
1566	5
1567	4
1568	1
5665	1
1569	3
1570	5
1571	3
1572	2
1573	2
1574	5
1575	2
1576	3
1577	4
1578	7
5675	1
1579	6
1580	2
1581	5
1582	7
1583	3
1584	8
1585	5
1586	3
1587	5
1588	8
1589	1
5686	1
1590	3
1591	2
1592	2
1593	5
1594	3
1595	8
1596	7
1597	5
1598	4
1599	5
1600	2
1601	2
1602	2
1603	3
1604	2
1605	3
1606	5
1607	6
1608	4
1609	7
1610	3
1611	5
1612	3
1613	11
1614	3
1615	3
1616	4
1617	2
1618	2
1619	7
1620	9
1621	2
1622	4
1623	4
1624	3
1625	2
1626	5
1627	6
1628	8
1629	6
1630	1
1631	3
1632	4
1633	4
1634	4
1635	5
1636	4
1637	2
1638	6
1639	2
5736	1
1641	4
1642	2
1643	3
1644	2
1645	3
1646	4
1647	5
1648	2
1649	6
1650	1
1651	3
1652	8
1653	3
1654	5
1655	7
1656	4
1657	4
1658	5
1659	5
1660	3
1661	2
1662	4
1663	1
1664	3
1665	4
1666	2
1667	1
5764	1
1668	1
1669	6
1670	2
1671	1
1672	4
1673	2
1674	3
1675	5
1676	5
1677	3
1678	2
1679	3
1680	2
1681	6
1682	4
1683	3
1684	3
1685	4
1686	5
1687	3
1688	5
1689	1
1690	4
1691	2
1692	3
1693	6
1694	2
1695	6
1697	6
1698	1
1700	5
1702	3
1703	5
1704	1
1705	7
1706	5
1707	6
1708	3
1709	7
1710	2
1711	4
1712	5
1713	3
1714	4
1715	3
1716	2
1717	3
1718	1
1719	4
1720	3
1721	6
1722	3
1723	3
1724	2
1725	3
1726	2
1727	4
1728	3
1729	2
1730	6
1731	3
1732	6
1733	6
1734	2
1735	2
1736	5
1737	1
1738	3
1739	1
1740	5
1741	4
1742	4
1743	1
1744	4
1746	6
1747	3
1748	3
1749	4
1750	3
1751	4
1752	3
1753	4
1754	1
5850	1
1755	4
1756	3
1757	3
1758	2
5855	1
1759	1
1760	4
1761	5
1762	6
1763	3
1764	8
1765	1
1766	4
1767	6
1768	3
1769	5
1770	4
1771	2
1772	2
1774	6
1775	7
1776	5
1777	2
1778	2
1779	2
1780	5
1781	5
1782	2
1784	3
1785	9
1786	1
1787	3
1788	3
1789	4
1790	5
1791	4
1792	1
1793	2
1794	6
1796	4
1797	4
1798	2
1799	4
1800	4
1802	6
1803	3
1804	3
1805	2
1806	7
1807	3
1809	4
1810	5
1811	2
1812	3
1813	3
1815	2
1816	3
1817	4
1818	3
1819	5
1820	4
1821	4
1822	3
1823	2
5919	1
1824	2
1825	3
1826	3
1827	1
1828	2
1829	4
1830	3
1831	2
1832	1
1833	1
1834	3
1835	1
1837	5
1838	1
1839	3
1840	3
1841	4
1842	1
1843	3
1845	3
1847	3
1848	4
1849	3
1850	3
1851	3
1852	2
1854	4
1855	3
1856	3
1857	4
1858	1
1859	2
1860	4
1861	4
1862	4
1863	3
1864	3
1865	4
1867	6
1868	2
1871	7
1873	1
1874	2
1876	6
1877	3
1880	3
1881	3
1882	5
1883	2
1884	2
1885	1
1886	6
1887	3
1889	2
1890	3
1891	1
1892	3
1893	1
1894	4
1895	4
1896	1
1897	2
1898	2
1899	1
1900	2
1901	2
1903	2
1904	1
1905	5
1906	1
1907	5
1908	3
1909	4
1910	1
1911	5
1912	3
1913	1
1914	6
1916	1
1917	5
1918	2
1919	4
1920	2
1921	3
1922	4
1923	4
1924	4
1925	2
1926	2
1927	4
1930	4
1931	2
1932	3
1933	4
1934	1
1935	5
1936	2
1937	3
1938	3
1939	1
1940	3
1941	1
1942	2
1943	2
1944	3
1945	2
1946	2
1947	5
1948	4
1949	2
1950	3
1951	3
1952	2
1953	3
1954	2
1955	2
1956	1
1957	1
1958	2
1959	1
1960	3
1961	3
1962	2
1963	3
1964	2
1965	3
1966	3
1967	2
1968	4
1969	3
1970	4
1971	2
1972	3
1973	1
1974	2
1975	5
1976	2
1977	1
1978	3
1979	2
1980	3
1981	1
1982	1
1983	3
1984	2
1985	4
1986	2
1987	2
1989	1
1991	2
1992	2
1995	2
1996	4
1997	4
1999	2
2000	4
2001	3
2002	4
2003	2
2004	4
2005	2
2006	1
2007	2
2009	1
2010	2
2011	1
2012	4
2013	3
2014	2
2015	3
2017	3
2019	2
2020	3
2021	2
2023	2
2024	2
2025	3
2027	1
2028	2
2029	4
2030	3
2031	2
2032	2
2033	2
2035	6
2036	3
2039	2
2040	1
2041	1
2042	2
2043	2
2044	2
6140	1
2045	3
2047	3
2048	1
2049	3
2050	1
2051	2
2052	3
2053	3
2054	4
2055	2
2057	3
2058	1
2059	4
2060	2
2061	6
2062	1
2063	3
2064	4
2065	2
2066	1
2067	3
2068	2
2069	4
2070	1
2071	2
2072	1
2073	7
2074	4
2075	2
2076	3
2077	3
2078	3
2079	3
2080	2
2081	2
2082	6
2083	3
2084	1
2085	2
2087	2
2089	1
2090	4
2091	1
2092	2
2093	2
2094	3
2095	2
2096	1
2097	2
2099	1
2100	1
2101	3
2102	1
2103	2
2104	1
2105	2
2109	4
2110	1
2112	1
2113	1
2114	1
2115	1
2117	1
2118	3
2119	1
2120	1
2121	4
2122	1
2123	1
2124	1
2125	1
2127	1
2128	3
2129	2
2130	4
2131	1
2132	1
2133	6
2134	3
2135	1
2137	3
2139	1
2140	1
2141	6
2142	2
2145	3
2146	3
2147	1
2148	2
2149	2
2150	4
2151	1
2152	1
2153	1
2154	1
2155	1
2157	1
2158	1
2159	1
2160	1
2161	2
2162	1
2163	1
2165	5
2166	1
2167	4
2168	1
2171	1
2173	3
2174	2
2175	1
2176	1
2178	1
2179	3
2181	3
2182	3
2183	1
2184	5
2185	1
2186	1
2187	3
2189	2
6286	1
2190	3
2191	1
2192	3
2193	2
2194	3
2195	2
2196	1
2197	3
2198	3
2200	2
2201	1
2202	4
2203	2
2204	1
2205	2
2206	1
2209	3
2211	1
2212	1
2214	2
2216	5
2217	2
2219	4
2220	2
2221	1
2222	2
2223	2
2224	2
2225	2
2226	3
2227	3
2229	2
6325	1
2231	2
2233	3
2234	2
2235	2
2236	2
2237	2
2238	2
2239	5
2240	2
2242	4
6338	1
2243	5
2244	5
2245	1
2247	1
2248	1
2249	3
2250	1
2251	2
2253	1
6350	1
2254	1
2255	2
2256	3
2259	3
2260	1
2261	1
2262	3
2263	1
2264	1
2266	2
2267	2
2268	3
2270	3
2271	6
2272	1
2273	1
2274	2
2276	3
2277	2
2279	2
2281	4
2282	2
6379	1
2283	1
2284	2
2286	2
2287	3
2288	1
2289	2
2290	2
2291	2
2293	3
2294	2
2295	1
2296	4
2299	1
2301	2
2302	2
2303	2
2304	2
2305	1
2309	7
2310	2
2311	1
2312	1
2313	1
2314	3
2315	2
2316	2
2317	1
2320	2
2321	2
2322	1
2323	6
2325	1
2326	1
2327	2
2328	5
2329	2
2330	1
2331	1
2332	1
2334	1
2335	6
2336	2
2337	1
2338	4
2339	1
2340	1
2341	2
2344	2
2345	1
2346	1
2347	2
2348	2
2349	1
2356	2
2359	1
2360	2
2361	2
2362	2
2363	1
2365	1
2366	1
2368	1
2370	1
2371	1
2372	2
2373	2
2374	1
2375	1
2376	1
2377	1
2378	1
2379	2
2381	1
2383	1
2384	1
2385	1
2386	2
2387	1
2390	4
2391	2
2393	1
2394	1
2395	3
2396	1
2397	2
2398	2
2399	1
2400	1
2401	2
2403	1
2404	1
2405	2
2406	1
2408	4
2409	5
2410	1
2411	1
2413	1
2415	2
2416	2
6513	1
2419	1
2422	1
2423	4
2424	2
2425	3
2426	1
2429	1
2430	1
2431	1
2434	3
2435	2
2437	2
2438	1
2439	3
2440	3
2441	2
2442	2
2443	1
2444	2
2445	1
2446	3
2448	1
2449	1
2450	2
2451	2
2452	1
2453	2
2454	1
2455	1
6553	1
2458	2
2459	2
2461	2
2464	1
2467	3
2468	1
2469	2
2470	1
2471	2
2473	3
2474	1
2476	1
2478	3
2479	1
2481	2
2482	1
2485	1
2486	1
2487	4
2489	2
2491	2
2492	1
2493	1
2496	2
2497	1
2498	2
2499	1
2502	1
2503	2
2504	1
2508	1
2509	1
2510	1
2511	1
2513	4
2514	2
2520	1
2521	1
2524	1
2528	2
2529	3
2530	2
2531	1
2532	1
2533	1
2539	2
2540	4
2541	2
2542	3
2544	2
2545	2
2546	2
2550	1
2551	2
2553	3
2554	2
2556	1
2557	2
2564	3
2565	2
2568	1
2571	1
2572	4
2573	2
2575	1
2576	2
2577	1
2578	1
2579	2
2580	1
2581	1
2583	2
2586	1
2587	2
2588	1
2589	2
2590	2
2593	1
2594	1
2595	2
2596	1
2597	1
2599	1
2601	6
2602	1
2605	1
2606	1
2608	1
2609	1
2610	2
2611	1
2612	1
2613	1
2618	2
2619	3
2620	1
2621	1
2622	1
2623	1
2624	2
6723	1
2628	1
2629	3
2631	1
2633	1
2636	3
2638	1
2640	1
2641	3
2647	1
2649	1
2650	1
2651	1
2652	1
2658	1
2661	1
2663	2
2664	1
2666	2
2668	2
2669	1
2673	2
2677	2
2678	3
2680	4
2681	1
2684	1
2685	1
2686	1
2687	2
2689	2
2690	2
2691	1
2693	2
2694	1
2696	1
2697	1
2700	1
2701	2
2702	1
2709	1
2710	1
2711	1
2712	1
2713	1
2714	1
2715	1
2718	1
2720	2
2721	2
2722	1
2723	1
2724	1
2728	1
2730	1
2731	2
2732	3
2734	2
2737	1
2738	1
2742	1
2743	3
2744	1
2745	1
2746	2
2748	1
2749	1
2754	2
2756	1
2758	1
2759	1
2760	1
2761	1
2763	1
2767	1
2770	1
2771	1
2772	2
2775	2
2777	1
2779	2
2781	1
2782	1
2784	1
2788	2
2790	1
2793	2
2794	2
2795	1
2796	1
2797	1
2800	1
2801	1
2802	1
2803	1
2804	4
2806	1
2809	2
2812	1
2813	1
2814	2
2817	1
2818	1
2820	2
2823	1
2824	1
2827	1
2828	1
2834	1
2836	1
2837	1
2839	1
2842	1
2843	2
2849	2
2852	3
2853	1
2855	3
2857	2
2861	1
2863	1
2864	1
2865	1
2866	1
2870	1
2872	2
2873	1
2879	1
2881	2
2884	1
2886	2
2888	1
2889	1
2890	2
2891	1
2892	1
2896	1
2900	1
2901	1
2902	2
2906	2
2909	3
2912	1
2918	1
2919	1
2924	1
2927	1
2928	2
2930	1
2932	1
2934	1
2938	1
2939	1
2941	1
2942	1
2948	2
2950	1
2951	2
2952	1
2955	1
2957	2
2958	1
2959	1
2963	2
2970	1
2974	1
2975	1
2976	1
2978	2
2979	1
2981	2
2982	1
2984	1
2988	1
2990	1
2991	2
2993	1
2995	1
2997	1
2999	1
3003	1
3004	1
3005	1
3006	1
3007	1
3014	1
3022	1
3023	1
3026	1
3029	1
3031	3
3032	2
3034	2
3035	1
3036	2
3037	1
3038	1
3039	1
3042	1
3044	1
3046	1
3048	1
3050	1
3052	1
3053	1
3056	1
3057	1
3062	1
3067	1
3073	2
3074	1
3077	2
3083	2
3084	1
3086	1
3089	1
3091	1
3092	1
3093	1
3095	1
3096	3
3100	1
3101	1
3102	2
3108	1
3110	1
3112	2
3115	1
3116	1
3118	1
3121	1
3126	2
3127	3
3132	1
3137	1
3138	1
3141	1
3142	1
3147	1
3148	1
3150	2
3155	1
3162	1
3163	1
3165	1
3167	2
3169	1
3172	1
3174	1
3179	1
3186	1
3190	2
3191	1
3194	1
3199	1
3200	3
3201	1
3204	1
3206	2
3207	3
3210	1
3213	1
3216	1
3218	1
3221	1
3228	1
3234	1
3235	1
3237	2
3238	1
3240	1
3251	1
3252	1
3253	1
3258	2
3261	1
3264	1
3265	1
3268	1
3274	1
3278	1
3280	2
3285	1
3286	1
3290	2
3293	1
3304	2
3309	2
3311	3
3313	1
3314	2
3318	2
3319	1
3321	1
3323	1
3324	1
3329	2
3333	2
3334	1
3335	1
3336	1
3337	1
3339	1
3340	1
3351	1
3360	1
3361	2
3365	1
3372	1
3373	1
3379	2
3383	1
3387	1
3392	1
3395	1
3403	2
3405	1
3410	1
3417	1
3422	2
3423	1
3433	2
3434	1
3436	1
3443	1
3445	2
3446	2
3447	1
3448	1
3449	1
3450	1
3453	1
3468	1
3473	2
3474	1
3475	2
3479	1
3481	1
3490	1
3492	3
3494	2
3505	1
3507	1
3511	1
3517	1
3520	1
3521	1
3522	2
3527	2
3534	2
3541	1
3544	1
3545	1
3546	2
3548	1
3549	1
3550	1
3551	1
3552	1
3558	1
3564	1
3566	1
3574	1
3579	1
3580	1
3581	1
3582	1
3584	1
3585	1
3587	1
3589	1
3594	1
3601	1
3602	2
3605	2
3607	1
3623	3
3628	1
3631	1
3636	1
3639	1
3644	1
3647	1
3664	1
3665	4
3669	1
3673	1
3679	1
3689	1
3694	1
3696	1
3697	1
3699	1
3708	1
3711	1
3713	1
3721	1
3724	1
3728	1
3733	1
3735	1
3738	1
3739	1
3744	1
3747	1
3750	1
3751	1
3756	1
3758	1
3762	1
3764	1
3776	1
3778	1
3779	2
3790	1
3795	1
3798	1
3800	2
3810	1
3813	1
3817	2
3821	1
3824	1
3826	1
3832	1
3833	1
3844	1
3854	1
3856	1
3876	1
3880	1
3888	2
3892	1
3903	1
3916	1
3918	2
3923	1
3930	1
3933	1
3935	1
3941	1
3948	1
3961	1
3977	1
3979	1
3980	1
3981	1
4008	1
4050	1
4053	1
4054	1
4062	1
4063	1
4078	1
4088	1
4091	1
4094	1
