1	107
2	66
3	50
4	31
5	39
6	40
7	27
8	20
9	27
10	28
11	29
12	20
13	18
14	24
15	32
16	12
17	18
18	18
19	29
20	17
21	20
22	20
23	16
24	12
25	11
26	10
27	12
28	14
29	15
30	15
31	14
32	24
33	12
34	18
35	13
36	14
37	17
38	8
39	8
40	16
41	17
42	15
43	25
44	6
45	15
46	18
47	12
48	12
49	13
50	9
51	17
52	12
53	17
54	12
55	10
56	9
57	6
58	12
59	14
60	14
61	7
62	8
63	9
64	16
65	13
66	14
67	14
68	13
69	9
70	15
71	11
72	11
73	11
74	14
75	11
76	10
77	14
78	7
79	16
80	15
81	9
82	9
83	7
84	7
85	6
86	11
87	8
88	14
89	10
90	13
91	17
92	10
93	12
94	20
95	8
96	10
97	10
98	5
99	11
100	10
101	11
102	16
103	10
104	12
105	7
106	7
107	12
108	7
109	6
110	8
111	9
112	8
113	12
114	11
115	10
116	7
117	23
118	8
119	5
120	5
121	6
122	5
123	12
124	5
125	10
126	10
127	10
128	11
129	6
130	19
131	8
132	7
133	9
134	9
135	7
136	10
137	7
138	9
139	8
140	10
141	10
142	11
143	9
144	13
145	7
146	16
147	15
148	2
149	13
150	9
151	13
152	7
153	11
154	9
155	14
156	3
157	9
158	10
159	9
160	10
161	5
162	7
163	8
164	8
165	11
166	9
167	4
168	4
169	13
170	6
171	10
172	10
173	9
174	7
175	7
176	8
177	13
178	9
179	9
180	13
181	14
182	4
183	6
184	8
185	6
186	9
187	8
188	6
189	4
190	4
191	9
192	10
193	5
194	5
195	8
196	8
197	11
198	10
199	12
200	8
201	11
202	5
203	8
204	13
205	8
206	3
207	5
208	6
209	4
210	11
211	6
212	5
213	9
214	7
215	6
216	3
217	5
218	10
219	8
220	6
221	7
222	7
223	10
224	6
225	3
226	13
227	8
228	10
229	13
230	3
231	11
232	8
233	5
234	5
235	4
236	7
237	5
238	7
239	7
240	9
241	5
242	4
243	5
244	7
245	7
246	4
247	10
248	7
249	7
250	7
251	10
252	7
253	4
254	2
255	11
256	9
257	8
258	8
259	7
260	9
261	11
262	13
263	9
264	7
265	3
266	6
267	14
268	5
269	5
270	5
271	7
272	11
273	5
274	5
275	9
276	11
277	7
278	6
279	4
280	9
281	5
282	5
283	3
284	6
285	7
286	9
287	3
288	11
289	4
290	8
291	7
292	7
293	6
294	7
295	11
296	7
297	8
298	9
299	4
300	2
301	6
302	3
303	5
304	6
305	6
306	7
307	6
308	5
309	8
310	7
311	7
312	6
313	5
314	5
315	3
316	7
317	1
318	5
319	8
320	4
321	6
322	6
323	4
324	4
325	8
326	6
327	2
328	1
329	7
330	5
331	5
332	5
333	7
334	8
335	5
336	6
337	7
338	12
339	2
340	8
341	6
342	2
343	6
344	7
345	3
346	5
347	8
348	3
349	5
350	6
351	9
352	5
353	6
354	4
355	2
356	5
357	5
358	9
359	6
360	2
361	7
362	8
363	7
364	8
365	4
366	13
367	3
368	6
369	10
370	4
371	4
372	6
373	10
374	8
375	5
376	5
377	1
378	6
379	3
380	9
381	4
382	8
383	3
384	6
385	4
386	9
387	7
388	5
389	8
390	4
391	6
392	5
393	6
394	7
395	7
396	7
397	7
398	10
399	5
400	7
401	9
402	3
403	4
404	3
405	2
406	5
407	9
408	7
409	10
410	6
411	5
412	4
413	3
414	5
415	4
416	8
417	4
418	6
419	4
420	3
421	9
422	8
423	7
424	7
425	2
426	5
427	2
428	2
429	4
430	3
431	5
432	11
433	5
434	6
435	3
436	5
437	5
438	3
439	5
440	1
441	3
442	7
443	4
444	4
445	3
446	6
447	4
448	7
449	5
450	4
451	5
452	9
453	3
454	1
455	6
456	4
457	6
458	7
459	9
460	5
461	5
462	11
463	5
464	6
465	5
466	3
467	7
468	6
469	5
470	7
471	6
472	5
473	1
474	4
475	5
476	3
477	3
478	6
479	3
480	7
481	5
482	4
483	6
484	5
485	2
486	4
487	5
488	5
489	3
490	3
491	4
492	8
493	6
494	7
495	7
496	3
497	2
498	6
499	10
500	3
501	5
502	5
503	6
504	3
505	5
506	1
507	11
508	8
509	7
510	6
511	6
512	7
513	6
514	3
515	6
516	6
518	2
519	3
520	5
521	3
522	6
523	6
524	4
525	13
526	4
527	5
528	4
529	3
530	3
531	3
532	4
533	4
534	5
535	5
536	5
537	5
538	5
539	6
540	4
541	8
542	4
543	3
544	4
545	9
546	9
547	5
548	2
549	6
550	2
551	4
552	5
553	6
554	6
555	7
556	8
557	3
558	4
559	3
560	3
561	7
562	5
563	5
564	2
565	4
566	4
567	6
568	4
569	2
570	6
571	5
572	10
573	5
574	6
575	5
576	7
577	7
578	6
579	4
580	4
581	6
582	3
583	2
584	4
585	5
586	6
587	3
588	8
589	6
590	2
591	6
592	3
593	4
594	9
595	7
596	2
597	6
598	4
599	3
600	13
601	2
602	4
603	2
604	3
605	3
606	13
607	9
608	4
609	2
610	3
611	3
612	3
613	1
614	4
615	5
616	12
617	6
618	6
619	2
620	4
621	3
622	3
623	3
624	6
625	3
626	1
627	7
628	7
629	3
630	4
631	2
632	7
633	4
634	5
635	5
636	4
637	8
638	7
639	2
640	2
641	3
642	2
643	7
644	6
645	4
646	2
647	5
648	3
649	7
650	3
651	6
652	5
653	4
654	4
655	3
656	3
657	8
658	4
659	5
660	6
661	2
662	6
663	2
664	4
665	4
666	3
667	2
668	4
669	1
670	3
671	1
672	1
673	4
674	4
675	7
676	1
677	7
678	6
679	1
680	2
681	2
682	5
683	6
684	2
685	4
686	2
687	2
688	2
689	5
690	6
691	4
692	4
693	8
694	6
695	3
696	4
697	3
698	9
699	4
700	5
701	3
702	5
703	5
704	5
705	5
706	2
707	6
708	8
709	2
710	6
711	5
712	2
713	3
714	5
715	3
716	4
717	3
718	2
719	2
720	5
721	4
722	5
723	6
724	6
725	4
726	10
727	4
728	8
729	5
730	5
731	3
732	4
733	3
734	9
735	2
736	5
737	3
738	1
739	3
740	2
741	5
742	1
743	3
744	1
745	5
746	6
747	6
748	7
749	3
750	3
751	6
752	8
753	1
754	7
755	2
756	6
757	3
758	4
759	5
760	7
761	3
762	6
763	8
764	7
765	6
766	2
767	4
768	3
769	6
770	5
771	1
772	4
773	3
774	4
775	5
776	2
777	12
778	3
779	3
780	4
781	5
782	7
783	4
784	3
785	5
786	6
787	2
788	1
789	4
790	1
791	5
792	5
793	3
794	3
795	6
796	1
797	4
798	5
799	10
800	3
801	7
802	2
803	4
804	5
805	6
806	2
807	9
808	3
809	3
810	5
811	3
812	5
813	6
814	3
815	4
816	4
817	4
818	3
819	4
820	6
821	8
822	1
823	2
824	2
825	4
826	2
827	5
828	4
829	3
831	7
832	6
833	1
834	4
835	2
836	2
837	4
838	3
839	7
840	5
841	8
842	5
844	4
845	4
846	8
847	8
848	4
849	6
850	4
851	2
852	2
853	6
854	2
855	4
856	1
857	4
858	5
859	3
860	5
862	7
863	3
864	5
865	5
866	5
867	8
868	2
869	4
870	6
871	4
873	2
874	2
875	6
876	4
877	3
878	3
879	3
880	4
881	2
882	3
883	6
884	3
885	2
886	5
887	3
888	2
889	3
890	5
891	3
892	6
893	5
894	7
895	4
896	2
897	5
898	2
899	4
900	4
901	3
902	3
903	4
904	6
905	3
906	4
907	6
908	1
909	5
910	1
911	2
912	6
913	4
914	2
915	5
916	1
917	7
918	6
919	3
920	4
921	7
922	3
923	3
924	5
925	3
926	6
927	4
928	5
929	2
930	3
931	7
932	4
933	2
934	4
935	5
936	3
937	4
938	1
939	4
940	2
941	2
942	5
943	3
944	4
946	1
947	3
948	2
949	4
950	5
951	5
952	5
953	2
954	7
955	4
956	3
957	3
958	2
959	4
960	2
961	4
962	1
963	2
964	3
965	2
966	3
967	1
968	4
969	3
970	2
971	3
972	6
973	4
974	5
975	7
976	2
977	4
978	4
979	2
980	3
981	1
982	3
984	4
985	4
986	4
987	2
988	3
989	8
990	10
991	4
992	6
993	3
994	3
996	4
997	2
998	4
999	5
1000	8
1001	5
1002	6
1003	2
1005	5
1006	3
1007	1
1008	5
1009	5
1010	2
1011	4
1012	7
1013	3
1014	1
1015	2
1016	1
1017	2
1018	3
1019	5
1020	6
1021	4
1022	3
1023	2
1024	2
1025	3
1026	4
1027	1
1028	7
1029	4
1030	6
1031	5
1032	6
1033	3
1034	2
1035	1
1036	3
1037	8
1038	4
1039	1
1040	4
1041	2
1042	1
1043	3
1044	4
1045	3
1046	3
1047	7
1048	5
1049	5
1050	4
1051	5
1052	5
1053	5
1054	1
1055	4
1056	2
1057	1
1058	6
1059	3
1060	1
1061	1
1062	2
1063	1
1064	2
1066	6
1067	3
1068	6
1069	5
1070	3
1071	3
1072	6
1073	4
1074	5
1075	1
1076	7
1077	2
1078	1
1079	1
1080	3
1081	3
1082	2
1083	5
1084	6
1085	4
1086	2
1087	1
1088	3
1089	3
1090	3
1091	5
1092	1
1093	3
1094	5
1095	4
1096	3
1097	3
1098	4
1099	4
1100	6
1101	1
1102	2
1103	2
1104	4
1105	3
1106	4
1107	3
1108	3
1110	9
1111	1
1112	1
1113	6
1114	3
1115	4
1116	4
1117	3
1118	4
1119	6
1120	3
1121	3
1122	3
1123	3
1124	3
1125	2
1126	5
1127	3
1128	2
1129	3
1130	3
1131	1
1132	6
1133	2
1134	5
1135	2
1136	5
1137	5
1138	1
1139	3
1140	3
1141	7
1142	2
1143	4
1144	3
1145	2
1146	2
1147	5
1148	3
1149	5
1150	1
1151	5
1152	3
1153	7
1154	2
1155	6
1156	1
1157	4
1158	6
1159	2
1160	3
1161	5
1162	3
1163	3
1164	4
1165	6
1166	7
1167	5
1168	4
1169	3
1170	3
1171	4
1172	4
1173	2
1174	4
1175	7
1177	1
1178	3
1179	8
1180	3
1181	6
1182	2
1183	6
1184	6
1185	3
1186	3
1187	3
1188	3
1189	2
1190	2
1191	4
1192	4
1193	6
1194	3
1195	5
1196	6
1197	3
1198	2
1199	4
1200	2
1201	2
1202	4
1203	3
1204	3
1205	3
1207	2
1208	5
1209	2
1210	2
1211	4
1212	2
1213	2
1214	1
1215	2
1216	4
1217	1
1218	6
1219	3
1220	5
1221	3
1222	6
1223	4
1224	1
1225	1
1226	4
1227	6
1228	2
1229	4
1230	6
1231	4
1232	3
1233	1
1234	4
1235	3
1236	1
1237	4
1238	2
1239	2
1240	5
1241	2
1242	2
1243	3
1244	2
1245	6
1246	2
1247	4
1248	6
1249	7
1250	2
1251	5
1252	4
1253	4
1254	2
1255	1
1256	4
1257	4
1258	2
1259	4
1260	4
1261	3
1262	5
1263	1
1264	5
1265	5
1266	4
1267	2
1268	4
1269	4
1270	2
1271	8
1272	6
1273	4
1274	2
1275	4
1276	3
1277	5
1278	2
1279	3
1281	3
1282	4
1283	3
1284	5
1285	1
1286	2
1287	3
1288	3
1289	2
1290	3
1291	6
1292	3
1293	2
1294	4
1295	3
1296	2
1297	4
1298	3
1299	6
1300	2
1301	4
1302	8
1303	2
1304	1
1305	4
1306	5
1307	3
1308	3
1309	1
1310	6
1312	4
1314	4
1315	2
1316	5
1317	6
1318	3
1319	6
1320	3
1321	2
1323	4
1324	4
1325	2
1326	4
1327	4
1328	5
1329	3
1330	3
1331	1
1332	3
1333	1
1334	6
1335	5
1336	1
1337	6
1338	1
1339	5
1340	2
1341	2
1342	2
1343	3
1344	4
1345	4
1346	1
1347	3
1348	2
1349	6
1350	4
1351	3
1352	2
1353	4
1354	3
1355	1
1356	4
1357	2
1358	4
1359	2
1360	3
1361	3
1362	5
1363	3
1364	3
1365	2
1367	8
1368	3
1369	3
1370	3
1371	4
1372	3
1373	4
1374	3
1375	4
1376	2
1377	4
1378	5
1379	1
1380	2
1381	6
1382	1
1383	6
1384	4
1385	2
1386	3
1387	2
1388	3
1389	3
1390	4
1391	2
1392	6
1393	2
1394	2
1395	4
1397	3
1398	3
1399	2
1400	2
1401	5
1402	5
1403	2
1404	2
1405	2
1406	1
1407	4
1408	3
1409	3
1410	1
1411	4
1412	5
1413	2
1414	4
1415	5
1416	5
1417	7
1418	4
1419	7
1420	4
1421	4
1422	3
1424	3
1425	4
1426	1
1427	4
1428	3
1429	4
1430	2
1431	2
1432	4
1433	2
1434	4
1435	3
1436	1
1437	3
1438	1
1439	7
1440	1
1441	6
1442	7
1443	6
1444	4
1445	3
1446	3
1447	4
1448	4
1449	4
1450	2
1451	5
1452	3
1453	7
1454	4
1455	7
1456	1
1457	5
1458	3
1459	8
1460	2
1461	2
1462	2
1463	2
1464	3
1465	2
1466	4
1467	5
1468	2
1469	1
1470	1
1471	1
1472	4
1473	2
1474	3
1475	3
1476	3
1477	3
1478	5
1479	1
1480	5
1481	1
1482	1
1483	4
1484	5
1485	2
1486	4
1487	1
1488	2
1489	2
1490	3
1491	5
1492	3
1493	6
1494	6
1495	2
1496	1
1497	3
1498	3
1499	1
1500	4
1501	1
1502	3
1503	3
1504	1
1505	3
1506	2
1507	3
1508	3
1509	2
1510	4
1511	5
1512	4
1513	6
1514	5
1515	3
1516	5
1517	2
1518	1
1519	5
1520	3
1521	7
1522	4
1523	4
1524	3
1525	2
1526	7
1527	6
1528	4
1529	2
1530	1
1531	1
1532	1
1533	3
1534	1
1535	8
1537	6
1538	1
1539	4
1540	5
1541	2
1543	2
1544	3
1545	2
1546	5
1547	1
1548	4
1549	3
1550	4
1551	2
1552	1
1553	1
1554	2
1555	3
1556	3
1557	4
1558	1
1560	7
1561	2
1562	2
1563	2
1565	1
1566	4
1567	1
1568	4
1569	3
1570	3
1571	4
1572	6
1573	3
1574	7
1575	4
1576	3
1577	6
1578	2
1579	6
1580	5
1581	2
1582	1
1583	2
1584	4
1585	3
1586	5
1587	3
1588	3
1589	1
1590	4
1591	2
1592	4
1593	2
1594	3
1595	3
1596	7
1597	4
1598	3
1599	2
1600	2
1601	2
1602	1
1603	4
1604	6
1605	2
1606	1
1607	1
1608	5
1609	3
1610	5
1611	4
1612	5
1613	4
1614	6
1615	4
1616	1
1617	4
1618	1
1620	2
1621	1
1622	2
1623	2
1624	2
1625	4
1626	1
1627	2
1628	4
1629	3
1630	4
1631	3
1632	4
1633	2
1635	1
1636	3
1637	2
1638	8
1639	2
1640	4
1641	5
1642	2
1643	3
1644	7
1645	2
1646	3
1647	3
1648	4
1649	2
1650	5
1651	3
1652	2
1653	6
1654	3
1655	1
1656	4
1657	3
1659	2
1660	1
1661	5
1662	4
1663	5
1664	6
1665	2
1666	6
1667	1
1668	6
1669	3
1670	3
1671	5
1672	4
1673	2
1674	2
1675	1
1676	2
1677	1
1678	4
1679	4
1680	5
1682	2
1683	4
1684	6
1685	4
1686	3
1687	6
1688	1
1689	1
1690	4
1691	4
1692	5
1694	2
1696	1
1697	5
1698	1
1700	2
1701	5
1702	3
1703	3
1705	1
1706	2
1707	3
1708	4
1709	2
1710	3
1711	2
1712	2
1713	5
1714	2
1715	2
1716	3
1718	4
1719	1
1720	4
1721	4
1722	7
1723	4
1724	4
1725	9
1726	2
1727	4
1728	2
1729	2
1730	3
1731	4
1732	1
1733	1
1734	3
1735	3
1736	1
1737	6
1738	4
1739	4
1740	4
1741	4
1743	6
1745	1
1746	3
1747	2
1748	4
1749	3
1750	1
1751	2
1752	4
1753	1
1754	2
1755	5
1756	3
1757	1
1758	4
1759	3
1760	1
1761	7
1762	2
1763	5
1764	1
1765	3
1766	3
1767	1
1768	4
1769	1
1770	2
1771	2
1772	3
1773	2
1774	3
1775	5
1776	7
1777	7
1778	1
1779	4
1780	4
1781	4
1782	2
1783	3
1784	3
1785	3
1786	4
1787	2
1788	2
1789	4
1790	2
1791	2
1792	5
1793	5
1794	1
1795	2
1797	3
1798	4
1799	3
1800	4
1801	2
1802	1
1803	5
1804	2
1805	3
1806	2
1807	5
1808	4
1809	5
1811	1
1812	5
1813	2
1814	3
1815	1
1816	2
1817	4
1818	3
1819	3
1820	4
1821	3
1822	2
1823	4
1824	1
1825	3
1826	1
1827	2
1828	3
1829	1
1830	4
1831	3
1832	3
1833	3
1834	3
1835	1
1836	4
1837	2
1838	7
1839	2
1840	2
1841	3
1842	1
1843	1
1844	5
1845	3
1846	2
1847	4
1848	1
1849	1
1850	2
1851	4
1852	4
1853	4
1854	2
1855	4
1856	2
1857	2
1858	2
1859	1
1860	2
1861	4
1862	3
1863	3
1864	3
1865	1
1866	1
1867	1
1868	3
1869	3
1870	3
1871	2
1872	5
1873	4
1874	3
1875	3
1876	5
1877	5
1878	2
1880	6
1881	3
1882	5
1883	3
1884	1
1885	4
1886	1
1887	5
1888	4
1889	3
1890	3
1891	2
1892	7
1893	4
1894	2
1895	1
1896	4
1897	7
1899	2
1900	2
1901	5
1902	4
1904	2
1905	6
1906	2
1907	1
1908	5
1909	1
1910	6
1911	2
1912	4
1913	3
1914	1
1915	2
1916	3
1917	5
1918	3
1919	1
1920	4
1921	1
1922	4
1923	4
1924	4
1925	4
1926	2
1927	1
1928	1
1929	4
1930	2
1931	1
1932	3
1933	1
1934	4
1936	2
1938	5
1939	3
1940	4
1941	3
1942	2
1943	2
1944	6
1946	1
1947	6
1948	4
1949	3
1950	3
1951	2
1952	2
1953	4
1954	1
1955	3
1956	1
1957	4
1958	3
1960	2
1961	2
1962	1
1963	8
1964	1
1965	3
1966	1
1967	1
1968	6
1969	2
1970	3
1971	2
1972	2
1973	3
1974	5
1975	4
1976	5
1977	1
1978	2
1979	3
1980	2
1981	1
1982	3
1983	3
1984	1
1985	4
1986	2
1987	4
1988	2
1989	6
1990	2
1991	2
1992	1
1993	2
1994	7
1996	2
1997	3
1998	3
1999	1
2000	1
2001	2
2002	2
2003	5
2004	3
2005	1
2006	1
2007	2
2008	5
2009	3
2010	2
2012	1
2013	2
2014	4
2015	2
2016	3
2017	1
2018	2
2019	2
2020	5
2023	3
2024	8
2025	2
2026	1
2027	4
2028	1
2029	3
2030	3
2031	3
2033	5
2034	2
2035	1
2036	2
2037	4
2038	4
2039	1
2040	5
2041	2
2042	4
2043	5
2044	2
2045	1
2046	4
2047	2
2048	3
2049	4
2050	2
2051	2
2052	2
2053	1
2054	2
2055	6
2056	5
2057	1
2058	4
2059	3
2060	1
2061	5
2062	2
2063	5
2064	2
2065	6
2066	3
2067	4
2068	4
2069	3
2070	1
2071	3
2072	2
2073	2
2074	3
2075	1
2076	5
2077	2
2078	1
2079	2
2080	6
2081	1
2082	5
2083	5
2084	2
2085	4
2086	4
2087	3
2088	2
2089	2
2090	1
2091	3
2092	4
2093	2
2095	2
2096	4
2097	2
2098	4
2099	6
2101	3
2102	4
2103	2
2104	3
2105	1
2106	1
2107	6
2108	3
2109	4
2110	5
2111	3
2112	4
2113	3
2114	3
2115	2
2116	6
2117	2
2118	3
2119	3
2120	2
2121	2
2122	4
2123	3
2124	1
2125	6
2126	2
2127	2
2128	2
2129	2
2130	2
2131	4
2132	1
2133	3
2134	6
2135	5
2136	3
2137	3
2138	4
2139	2
2140	3
2141	1
2142	2
2143	1
2144	6
2145	1
2146	2
2148	5
2149	4
2150	2
2151	4
2152	3
2153	2
2154	1
2155	2
2156	5
2157	5
2158	2
2159	1
2160	1
2161	4
2162	1
2163	5
2164	2
2166	1
2168	4
2169	1
2170	4
2171	1
2172	4
2173	2
2175	1
2176	2
2177	2
2178	3
2179	1
2180	2
2181	2
2182	3
2183	4
2184	2
2186	3
2187	2
2188	5
2189	4
2190	2
2191	3
2192	5
2193	2
2194	2
2195	1
2196	2
2197	1
2198	1
2199	4
2200	2
2201	1
2202	1
2203	1
2204	3
2205	2
2207	3
2208	3
2209	2
2210	6
2211	3
2212	4
2213	1
2215	1
2216	4
2217	3
2218	2
2219	2
2220	5
2221	2
2223	3
2224	3
2225	1
2226	3
2227	4
2228	1
2229	5
2230	2
2231	2
2232	3
2234	3
2235	1
2236	1
2237	4
2238	4
2239	1
2240	3
2241	3
2242	3
2243	1
2244	3
2245	3
2247	5
2248	5
2249	3
2250	6
2251	3
2252	3
2253	1
2254	6
2255	6
2256	1
2257	4
2258	1
2259	2
2260	2
2261	2
2263	4
2265	1
2266	2
2267	4
2268	4
2269	4
2270	2
2271	5
2272	2
2273	3
2274	2
2275	2
2276	3
2277	1
2278	2
2279	2
2280	2
2281	1
2282	1
2283	2
2284	1
2285	3
2286	2
2287	1
2288	5
2289	4
2290	4
2291	2
2292	3
2293	1
2294	4
2295	3
2296	4
2297	2
2298	3
2299	2
2300	5
2301	3
2302	3
2303	3
2304	1
2305	4
2306	3
2307	3
2309	1
2310	2
2311	1
2312	1
2313	3
2315	3
2316	3
2317	2
2318	1
2319	1
2320	1
2321	1
2323	4
2324	3
2325	2
2326	1
2327	1
2328	1
2329	4
2330	2
2332	3
2333	3
2334	1
2335	1
2336	1
2337	4
2338	3
2340	1
2341	2
2342	2
2343	2
2345	3
2346	3
2347	1
2348	2
2349	3
2350	2
2351	7
2352	2
2353	2
2354	3
2355	2
2356	2
2357	3
2358	4
2359	1
2360	3
2361	3
2362	1
2364	1
2365	4
2366	4
2367	2
2368	6
2369	3
2370	7
2371	1
2372	4
2373	4
2374	2
2375	1
2376	3
2377	4
2378	4
2379	4
2380	4
2381	2
2382	1
2383	1
2384	2
2385	5
2386	4
2387	1
2388	2
2389	4
2391	1
2393	3
2394	4
2395	2
2397	2
2398	3
2399	3
2400	3
2402	1
2403	1
2404	3
2406	3
2407	3
2408	1
2409	2
2410	6
2411	4
2412	2
2413	1
2414	6
2415	2
2416	3
2417	4
2418	1
2419	2
2420	4
2421	3
2422	5
2423	4
2424	6
2425	4
2426	1
2427	2
2428	1
2429	4
2430	2
2431	6
2432	3
2433	1
2434	2
2435	1
2436	1
2437	6
2440	1
2441	2
2442	2
2443	3
2444	3
2445	1
2446	3
2448	3
2449	1
2451	3
2453	6
2454	2
2455	3
2456	2
2457	4
2458	3
2460	4
2461	1
2462	1
2463	1
2464	2
2465	5
2466	3
2467	2
2468	1
2469	2
2470	4
2471	1
2472	3
2473	4
2474	4
2475	3
2477	4
2478	4
2479	3
2480	5
2481	3
2482	2
2483	2
2484	2
2485	6
2486	3
2487	1
2488	1
2489	1
2490	3
2491	4
2492	1
2493	2
2494	1
2495	2
2496	3
2499	3
2500	3
2501	3
2502	2
2503	3
2504	2
2505	1
2506	1
2507	5
2509	1
2511	3
2512	1
2513	4
2514	3
2516	2
2517	2
2518	2
2520	2
2521	3
2522	2
2523	2
2524	2
2525	1
2526	3
2527	3
2528	1
2529	2
2530	2
2531	3
2532	5
2533	1
2534	3
2535	5
2536	1
2537	2
2538	2
2539	3
2540	1
2541	2
2542	1
2543	4
2544	5
2547	2
2548	1
2549	4
2550	3
2551	2
2552	3
2553	3
2554	2
2555	4
2557	2
2558	5
2559	2
2560	4
2561	2
2564	2
2565	2
2566	1
2567	2
2568	2
2569	3
2570	1
2571	2
2572	1
2573	2
2574	1
2575	4
2576	1
2577	3
2578	1
2579	2
2580	2
2581	5
2582	3
2583	6
2584	5
2585	2
2586	3
2587	1
2588	2
2589	3
2590	2
2591	1
2593	4
2594	1
2595	2
2596	2
2597	3
2598	2
2599	2
2600	1
2601	1
2602	2
2603	2
2604	3
2605	2
2606	1
2607	3
2608	1
2609	4
2610	2
2611	3
2612	2
2613	2
2614	2
2615	2
2616	3
2617	1
2618	2
2619	2
2620	2
2621	4
2622	7
2623	4
2624	2
2625	2
2626	1
2627	3
2628	3
2629	3
2630	4
2631	4
2632	1
2634	5
2635	4
2636	1
2638	2
2639	1
2640	3
2641	3
2643	2
2644	2
2645	1
2646	2
2647	5
2648	4
2649	2
2650	2
2653	4
2654	1
2655	3
2657	1
2658	1
2659	1
2660	3
2661	2
2663	2
2664	1
2665	1
2666	3
2667	2
2668	2
2669	2
2670	2
2671	4
2672	5
2673	1
2674	2
2675	1
2676	2
2677	2
2678	1
2679	3
2680	3
2681	4
2682	3
2683	2
2685	2
2686	2
2688	4
2689	5
2690	1
2691	3
2692	3
2693	5
2694	2
2697	5
2698	3
2699	4
2700	1
2701	3
2702	1
2703	4
2704	1
2705	2
2706	2
2707	5
2708	2
2709	1
2710	1
2711	3
2712	1
2713	1
2714	2
2715	1
2716	1
2717	3
2719	1
2720	3
2721	3
2722	3
2723	4
2724	2
2726	3
2727	2
2728	1
2729	2
2730	2
2731	6
2732	1
2733	1
2734	4
2735	2
2736	2
2738	1
2739	6
2742	5
2743	3
2745	3
2747	1
2748	1
2749	1
2750	2
2751	1
2752	4
2753	2
2754	2
2755	1
2756	4
2757	2
2758	3
2759	2
2760	2
2761	2
2762	4
2763	4
2764	1
2765	2
2766	5
2767	1
2769	2
2770	2
2771	2
2772	2
2773	3
2774	2
2775	1
2776	3
2777	1
2778	2
2779	2
2780	3
2781	3
2782	1
2783	3
2784	3
2785	4
2786	1
2787	1
2788	2
2789	2
2790	1
2791	4
2792	1
2793	2
2794	1
2796	3
2797	3
2799	1
2800	2
2801	1
2803	1
2804	3
2806	2
2807	1
2808	2
2809	4
2810	2
2811	1
2812	3
2813	2
2814	2
2815	1
2816	1
2817	1
2818	2
2819	2
2820	4
2821	2
2822	3
2823	4
2824	2
2826	4
2827	1
2828	3
2829	3
2831	3
2832	3
2833	2
2834	4
2835	3
2836	1
2837	2
2838	1
2840	2
2841	1
2842	2
2843	4
2845	1
2846	1
2847	1
2849	1
2850	2
2851	1
2852	3
2853	2
2854	1
2855	4
2856	2
2857	2
2858	3
2859	1
2861	4
2862	5
2863	5
2864	5
2865	1
2866	1
2867	2
2868	2
2869	1
2870	1
2871	1
2872	3
2873	1
2874	1
2875	2
2876	1
2877	2
2878	2
2879	3
2880	3
2881	2
2883	1
2884	2
2885	1
2886	1
2887	2
2888	3
2889	1
2890	2
2891	1
2892	2
2893	2
2895	1
2897	1
2898	1
2899	5
2900	4
2901	1
2902	2
2903	1
2904	4
2905	2
2906	4
2907	5
2908	3
2909	3
2910	2
2911	4
2912	3
2913	3
2914	4
2915	1
2916	1
2917	1
2918	3
2919	5
2920	2
2921	3
2922	4
2924	1
2925	1
2926	1
2927	3
2928	2
2929	3
2930	3
2931	3
2932	4
2933	3
2934	3
2935	1
2936	3
2937	1
2939	1
2940	2
2941	2
2942	1
2943	3
2944	2
2945	1
2946	3
2947	1
2948	3
2949	3
2951	4
2952	2
2953	2
2954	5
2956	3
2957	1
2958	2
2959	3
2960	2
2961	2
2962	3
2963	6
2964	2
2965	2
2967	1
2968	1
2969	1
2970	1
2971	4
2973	2
2974	6
2975	1
2976	3
2977	4
2978	4
2979	6
2980	3
2981	3
2982	2
2984	1
2985	2
2987	2
2988	1
2989	1
2992	2
2994	1
2995	1
2996	2
2998	4
2999	3
3000	3
3001	3
3002	2
3003	4
3004	3
3005	3
3006	3
3007	1
3008	3
3009	3
3010	2
3013	5
3014	3
3015	1
3016	4
3017	2
3018	1
3019	2
3020	1
3021	2
3022	2
3023	4
3024	1
3025	2
3026	1
3027	2
3028	1
3029	7
3030	6
3032	2
3033	1
3034	5
3035	3
3036	2
3037	3
3038	4
3039	5
3040	3
3041	1
3042	1
3044	3
3045	1
3046	3
3047	1
3048	1
3049	4
3050	1
3051	4
3052	1
3054	1
3055	3
3056	1
3057	2
3058	2
3059	6
3060	1
3062	2
3063	1
3064	2
3065	2
3066	1
3067	2
3068	1
3069	2
3070	2
3071	2
3072	2
3073	4
3074	3
3075	2
3076	3
3077	3
3078	4
3079	3
3080	3
3081	2
3082	4
3083	2
3084	3
3085	1
3086	2
3087	3
3088	2
3089	4
3090	3
3091	3
3092	1
3093	2
3094	5
3096	3
3097	1
3098	2
3099	2
3100	2
3101	3
3102	1
3105	2
3106	3
3107	2
3109	1
3110	3
3111	2
3112	2
3113	3
3114	2
3115	6
3116	2
3117	4
3118	4
3119	5
3120	3
3121	3
3122	1
3123	2
3124	2
3125	2
3126	2
3127	2
3128	2
3129	3
3130	5
3131	3
3132	1
3134	2
3135	1
3136	4
3138	4
3139	1
3140	1
3141	5
3142	1
3143	1
3144	1
3145	1
3146	1
3147	1
3148	2
3149	2
3150	1
3153	2
3155	5
3157	4
3158	2
3160	2
3161	4
3162	1
3163	1
3164	3
3165	3
3166	3
3167	1
3171	2
3172	1
3173	3
3174	1
3175	2
3176	4
3177	2
3178	3
3179	4
3180	2
3181	3
3183	4
3184	2
3185	3
3186	1
3187	1
3188	1
3189	1
3192	1
3193	2
3197	2
3198	3
3199	3
3200	2
3201	2
3202	2
3203	1
3204	1
3205	3
3207	1
3209	3
3211	3
3212	3
3213	2
3215	3
3216	4
3217	2
3218	2
3219	5
3220	1
3221	1
3222	2
3224	1
3225	1
3226	3
3227	3
3228	1
3230	1
3231	3
3232	3
3233	3
3234	2
3236	2
3237	1
3238	2
3239	2
3240	2
3241	1
3242	1
3243	2
3244	2
3245	1
3246	1
3247	3
3248	5
3249	1
3250	3
3251	2
3252	5
3253	1
3254	2
3255	3
3256	1
3257	2
3259	2
3260	3
3261	1
3262	3
3263	4
3265	4
3267	3
3268	3
3269	5
3270	1
3271	2
3272	4
3273	2
3274	3
3275	2
3276	2
3278	4
3279	3
3281	3
3282	2
3283	2
3284	2
3285	1
3287	1
3288	1
3289	1
3290	5
3291	2
3292	4
3293	1
3294	2
3295	2
3296	1
3297	4
3298	3
3302	1
3303	1
3304	2
3305	3
3306	3
3307	1
3308	3
3309	1
3311	3
3312	4
3314	3
3315	3
3316	3
3318	1
3319	1
3320	3
3321	2
3322	2
3323	1
3324	3
3325	1
3326	3
3327	1
3329	1
3330	1
3331	5
3333	3
3334	2
3335	1
3337	3
3339	2
3340	2
3341	1
3342	2
3343	1
3345	2
3346	1
3347	2
3348	2
3349	4
3351	1
3352	1
3353	3
3354	2
3355	4
3356	3
3357	2
3358	3
3360	3
3361	2
3362	1
3363	1
3364	1
3365	1
3367	1
3369	2
3370	1
3371	3
3372	2
3374	4
3375	1
3376	1
3377	1
3379	3
3380	3
3381	2
3382	4
3383	2
3384	5
3386	3
3387	4
3388	2
3389	2
3390	1
3392	1
3393	2
3394	3
3395	1
3396	2
3397	1
3398	3
3399	4
3400	4
3402	1
3403	4
3404	3
3405	1
3408	2
3409	1
3410	3
3411	1
3412	1
3413	3
3415	4
3416	1
3417	2
3418	2
3420	1
3421	2
3422	4
3423	4
3424	4
3425	1
3426	1
3427	2
3428	1
3429	4
3430	3
3431	2
3432	3
3433	1
3434	1
3436	2
3437	2
3438	2
3439	1
3440	6
3441	3
3442	3
3443	2
3444	2
3445	2
3446	3
3447	3
3448	2
3449	2
3450	1
3454	4
3455	2
3457	1
3458	1
3459	1
3460	1
3461	1
3462	1
3463	3
3464	1
3466	4
3467	2
3468	2
3469	4
3470	2
3471	2
3472	2
3473	1
3474	4
3475	1
3476	1
3477	2
3478	5
3479	1
3480	1
3482	2
3483	2
3484	2
3485	1
3486	3
3487	1
3489	3
3490	6
3491	2
3493	1
3494	1
3495	1
3496	3
3497	2
3499	1
3500	1
3501	3
3502	2
3503	3
3504	1
3505	2
3506	4
3507	3
3508	1
3509	1
3511	1
3512	1
3513	2
3514	1
3515	1
3517	2
3518	1
3519	2
3520	1
3521	5
3522	4
3523	4
3524	2
3525	2
3526	5
3527	2
3528	4
3529	1
3530	6
3531	1
3532	1
3533	2
3534	3
3535	2
3536	3
3537	1
3539	3
3540	2
3541	3
3542	3
3543	2
3544	1
3545	1
3547	2
3548	2
3549	1
3550	3
3551	1
3552	3
3553	2
3554	1
3555	2
3557	1
3558	2
3559	1
3560	1
3561	2
3563	3
3564	4
3565	2
3566	1
3567	4
3570	1
3571	1
3572	3
3573	2
3574	2
3575	1
3577	1
3578	2
3579	2
3580	1
3581	4
3582	1
3583	2
3584	5
3585	2
3586	2
3587	2
3588	5
3589	2
3590	2
3591	1
3592	1
3594	3
3595	4
3596	2
3597	1
3598	1
3599	1
3600	1
3603	2
3606	1
3608	5
3610	2
3611	2
3612	1
3613	2
3614	2
3615	3
3616	1
3617	2
3618	4
3619	1
3620	2
3621	2
3622	1
3623	2
3624	1
3625	2
3626	1
3629	5
3630	3
3631	2
3632	2
3634	2
3635	2
3636	3
3637	2
3638	1
3639	1
3640	3
3641	2
3642	1
3643	2
3644	6
3645	4
3646	3
3647	1
3648	2
3649	1
3650	1
3651	3
3652	5
3653	3
3655	6
3656	6
3657	1
3659	1
3660	1
3661	1
3662	2
3663	1
3664	1
3665	1
3666	1
3668	1
3669	1
3670	2
3673	2
3674	1
3675	2
3678	3
3679	1
3680	1
3681	2
3682	2
3683	2
3684	1
3685	2
3686	1
3687	1
3688	4
3689	2
3690	3
3691	4
3692	2
3693	5
3694	4
3695	2
3696	4
3697	1
3698	4
3699	1
3700	3
3701	1
3704	2
3705	1
3706	1
3707	1
3708	2
3709	1
3710	3
3711	4
3712	1
3715	2
3716	1
3717	1
3718	1
3721	1
3722	2
3724	7
3725	3
3726	3
3727	3
3728	1
3729	1
3730	4
3731	1
3732	1
3733	3
3735	1
3736	1
3737	1
3738	4
3739	1
3740	2
3741	2
3742	1
3743	2
3744	1
3745	4
3746	1
3748	1
3749	4
3750	1
3751	2
3753	3
3755	3
3756	3
3758	1
3761	2
3762	1
3763	1
3764	2
3766	1
3767	2
3768	2
3769	2
3770	2
3772	3
3774	1
3775	4
3776	3
3777	1
3778	2
3779	1
3780	3
3781	1
3782	4
3783	1
3784	1
3785	1
3786	3
3787	2
3788	4
3790	2
3791	1
3792	1
3793	2
3797	3
3798	3
3799	2
3800	2
3801	3
3802	1
3803	1
3804	1
3806	3
3807	4
3809	1
3810	2
3811	1
3812	1
3813	1
3815	2
3818	1
3820	3
3821	1
3822	4
3824	1
3825	2
3828	2
3829	3
3830	2
3831	2
3832	2
3833	2
3834	4
3836	4
3837	1
3839	3
3841	1
3845	3
3847	1
3848	1
3849	1
3851	1
3852	1
3853	1
3855	1
3856	3
3857	1
3858	1
3859	1
3860	1
3861	1
3862	2
3863	1
3864	2
3865	3
3866	7
3867	3
3868	2
3869	2
3870	1
3872	2
3873	2
3874	3
3875	1
3877	4
3878	3
3879	1
3880	2
3881	1
3882	3
3884	1
3886	1
3889	1
3890	1
3892	2
3894	2
3895	3
3896	5
3897	1
3898	1
3899	1
3900	1
3901	4
3902	3
3903	3
3904	1
3905	5
3906	1
3907	2
3908	3
3909	3
3912	3
3913	1
3914	3
3915	1
3916	4
3917	3
3918	2
3919	4
3920	1
3921	1
3923	2
3924	2
3925	1
3926	4
3927	1
3928	3
3929	2
3930	2
3931	2
3932	1
3934	1
3935	1
3936	2
3938	1
3939	2
3941	2
3942	3
3943	5
3944	3
3945	2
3949	2
3951	2
3953	2
3954	1
3955	3
3956	2
3957	2
3958	1
3959	4
3961	2
3962	3
3963	1
3964	1
3966	1
3969	2
3970	1
3971	3
3972	1
3973	1
3974	1
3975	1
3976	3
3977	1
3978	2
3979	1
3980	1
3981	1
3982	1
3984	2
3985	1
3986	1
3987	2
3988	2
3989	2
3990	2
3991	1
3992	2
3993	1
3994	1
3995	4
3998	2
3999	2
4000	4
4001	2
4002	2
4003	4
4004	2
4005	3
4006	1
4007	2
4008	4
4009	3
4010	2
4011	1
4014	1
4015	2
4016	2
4018	3
4019	1
4020	2
4021	1
4022	2
4023	1
4024	1
4026	2
4027	1
4028	2
4029	1
4032	1
4033	2
4035	3
4037	3
4038	1
4039	1
4040	1
4041	2
4042	1
4043	2
4044	1
4046	3
4047	3
4048	3
4049	2
4050	4
4051	2
4053	1
4054	3
4055	1
4057	1
4059	2
4060	2
4061	1
4062	1
4065	1
4066	2
4069	3
4070	1
4071	1
4072	2
4073	3
4074	3
4075	3
4076	1
4078	4
4079	1
4081	1
4082	3
4083	3
4084	2
4085	2
4086	2
4087	1
4090	2
4091	1
4093	1
4095	2
4096	1
4097	1
4099	1
4100	3
4101	3
4102	2
4103	3
4104	2
4105	2
4106	2
4107	1
4110	1
4111	4
4112	4
4113	4
4116	1
4117	1
4118	4
4120	3
4122	1
4123	1
4124	2
4127	1
4129	3
4130	2
4131	1
4133	1
4134	1
4135	4
4136	1
4137	3
4138	4
4140	1
4141	1
4142	4
4144	1
4146	3
4148	2
4149	3
4150	2
4151	2
4153	1
4155	2
4156	4
4157	1
4158	1
4159	2
4160	2
4161	2
4162	3
4163	2
4164	2
4165	1
4166	1
4173	1
4175	1
4176	1
4177	2
4179	5
4180	1
4181	2
4183	3
4185	3
4186	2
4187	2
4189	1
4190	4
4191	2
4193	1
4194	1
4195	3
4197	2
4199	3
4200	1
4201	2
4202	1
4203	1
4204	3
4205	1
4208	1
4209	1
4210	1
4211	1
4212	1
4213	3
4215	1
4216	2
4218	4
4219	4
4220	1
4221	3
4222	2
4223	1
4224	3
4225	2
4226	1
4228	1
4229	1
4230	1
4231	1
4232	3
4233	2
4234	5
4235	1
4236	2
4237	1
4238	1
4239	3
4240	2
4241	1
4242	3
4243	1
4245	3
4247	1
4248	2
4249	2
4250	2
4251	1
4252	1
4253	1
4254	2
4258	1
4259	1
4260	1
4261	3
4262	1
4263	2
4266	2
4267	1
4268	1
4269	1
4271	3
4272	2
4275	3
4277	3
4278	1
4279	3
4280	1
4281	4
4282	1
4283	1
4285	2
4286	1
4288	2
4289	1
4290	3
4291	1
4292	3
4293	2
4294	3
4295	1
4297	1
4299	1
4300	1
4301	1
4302	2
4303	1
4304	1
4305	1
4306	1
4307	1
4308	2
4310	2
4311	2
4312	1
4313	3
4314	1
4315	2
4316	2
4317	2
4318	2
4320	1
4321	2
4322	1
4324	1
4325	1
4326	2
4327	3
4328	3
4329	1
4330	1
4331	4
4333	2
4334	3
4335	1
4336	1
4337	1
4338	2
4339	1
4340	3
4342	2
4345	3
4346	4
4348	2
4349	3
4350	2
4351	1
4354	2
4355	3
4357	5
4358	1
4361	1
4362	1
4363	1
4365	1
4366	2
4367	3
4368	2
4369	1
4370	1
4371	2
4372	2
4374	1
4375	1
4377	1
4378	1
4379	3
4380	1
4381	1
4382	3
4384	2
4385	1
4386	2
4387	1
4388	1
4390	1
4391	1
4392	1
4393	3
4394	2
4396	2
4397	2
4398	2
4400	1
4401	2
4403	1
4404	1
4405	4
4406	1
4407	2
4409	2
4410	1
4411	1
4412	1
4413	2
4414	2
4415	3
4416	1
4417	1
4418	4
4419	7
4422	2
4423	1
4425	3
4426	3
4427	2
4428	2
4429	1
4431	1
4432	2
4435	1
4437	3
4438	2
4440	3
4441	3
4442	2
4443	2
4444	1
4445	2
4446	5
4447	2
4448	2
4449	2
4450	1
4451	2
4453	3
4454	3
4455	1
4456	2
4457	2
4458	5
4460	2
4461	1
4462	2
4463	1
4465	1
4466	1
4469	2
4470	1
4471	2
4472	2
4473	1
4474	2
4475	2
4476	2
4477	3
4478	2
4481	3
4482	2
4483	3
4484	2
4485	1
4486	1
4487	2
4488	1
4489	4
4490	1
4491	2
4492	4
4493	1
4498	1
4499	1
4500	1
4501	3
4502	3
4503	1
4504	2
4505	2
4506	2
4508	3
4509	2
4510	1
4511	2
4512	3
4513	2
4514	1
4517	1
4518	2
4519	1
4520	1
4524	1
4525	2
4527	1
4528	2
4529	4
4530	2
4531	1
4532	2
4535	1
4536	1
4539	2
4540	2
4541	1
4542	3
4546	1
4548	1
4549	1
4550	1
4551	1
4552	1
4553	1
4554	4
4555	1
4557	2
4558	1
4559	2
4560	4
4563	1
4564	2
4565	1
4566	1
4567	2
4569	1
4571	1
4572	1
4574	2
4575	2
4576	1
4577	1
4578	4
4579	3
4580	3
4581	1
4582	1
4583	2
4584	3
4585	2
4586	3
4587	1
4588	4
4589	2
4590	1
4591	1
4592	1
4593	2
4594	3
4595	1
4596	1
4598	1
4599	1
4600	2
4601	1
4602	1
4603	3
4604	1
4605	1
4606	3
4607	1
4611	1
4613	1
4614	2
4615	1
4616	4
4617	1
4618	2
4620	1
4621	2
4622	1
4624	1
4625	3
4627	1
4628	4
4629	1
4630	3
4631	4
4632	3
4633	4
4634	3
4635	3
4636	2
4637	2
4638	3
4639	2
4640	3
4645	4
4646	1
4647	2
4648	2
4649	3
4650	2
4651	1
4652	1
4655	1
4656	6
4657	1
4658	1
4659	4
4660	2
4661	1
4663	2
4664	2
4665	1
4667	3
4669	1
4670	3
4672	5
4673	1
4674	1
4675	2
4676	1
4677	2
4678	4
4679	1
4680	1
4682	3
4684	1
4685	1
4686	2
4687	2
4688	2
4689	4
4690	5
4691	2
4692	4
4693	3
4694	2
4696	3
4697	2
4698	3
4699	1
4700	2
4702	3
4703	1
4704	3
4705	2
4707	1
4708	2
4709	1
4710	2
4711	3
4712	1
4713	1
4714	2
4715	1
4716	3
4717	1
4718	3
4719	4
4720	1
4721	1
4723	3
4724	1
4725	3
4727	1
4729	2
4730	3
4731	3
4732	3
4733	2
4734	1
4735	1
4740	2
4742	1
4743	2
4744	4
4745	6
4746	2
4747	3
4750	2
4752	2
4753	1
4754	1
4755	4
4756	4
4757	2
4758	1
4759	3
4760	2
4761	2
4762	1
4763	2
4765	1
4766	3
4767	1
4768	1
4770	1
4771	4
4772	1
4773	1
4774	1
4775	1
4776	2
4777	1
4778	2
4779	1
4780	4
4782	1
4783	2
4784	4
4785	1
4786	2
4788	3
4789	1
4790	1
4791	2
4792	3
4793	4
4795	1
4796	2
4797	5
4798	1
4799	2
4801	3
4802	1
4803	2
4804	2
4805	2
4806	1
4808	1
4809	1
4811	1
4812	1
4813	1
4814	1
4815	2
4816	2
4818	1
4819	1
4820	1
4822	2
4823	2
4825	3
4827	1
4829	2
4830	3
4831	4
4832	2
4833	2
4834	2
4835	1
4837	2
4838	2
4839	1
4840	5
4841	3
4842	1
4843	2
4844	3
4845	2
4846	1
4847	3
4848	5
4849	2
4851	2
4852	2
4854	2
4855	2
4856	2
4857	1
4858	2
4860	1
4861	3
4862	2
4863	2
4864	1
4866	2
4867	1
4868	1
4870	1
4871	2
4872	1
4873	3
4874	1
4875	2
4876	1
4877	1
4878	1
4880	1
4881	2
4882	3
4883	2
4885	2
4886	3
4887	1
4888	2
4889	2
4890	6
4894	2
4895	1
4896	2
4897	1
4898	3
4900	1
4901	1
4902	2
4903	1
4904	1
4906	3
4908	1
4912	1
4913	4
4914	1
4916	1
4919	1
4921	2
4923	1
4924	1
4925	3
4926	1
4927	2
4928	3
4929	1
4930	2
4931	3
4932	1
4933	3
4934	1
4935	1
4936	2
4937	1
4938	3
4939	1
4940	3
4941	2
4942	3
4943	2
4944	2
4947	2
4948	1
4950	1
4951	3
4952	1
4953	1
4955	4
4957	1
4958	1
4960	2
4961	4
4963	1
4964	1
4965	1
4966	3
4967	2
4968	5
4970	1
4971	1
4973	1
4974	2
4975	1
4977	4
4978	5
4979	3
4981	2
4982	1
4983	1
4985	2
4986	4
4987	1
4988	3
4989	1
4990	3
4991	2
4992	1
4993	3
4994	1
4995	1
4996	1
4997	2
4998	2
5000	2
5001	1
5003	2
5004	2
5005	1
5006	2
5010	1
5012	1
5014	1
5015	1
5016	1
5017	1
5018	1
5020	2
5021	3
5022	2
5023	3
5024	2
5025	1
5027	1
5028	1
5029	1
5031	3
5032	2
5033	1
5034	1
5035	1
5036	3
5038	1
5040	1
5041	1
5042	2
5044	2
5045	2
5046	2
5047	2
5048	3
5049	1
5050	2
5051	3
5052	4
5053	1
5054	2
5055	1
5056	1
5057	1
5058	1
5059	1
5061	1
5062	1
5063	1
5064	1
5065	2
5066	5
5067	1
5068	2
5069	3
5070	2
5073	3
5074	2
5075	1
5076	2
5077	1
5078	2
5079	3
5082	2
5083	1
5085	1
5086	5
5087	1
5091	1
5092	1
5093	1
5095	3
5096	2
5098	2
5099	4
5100	4
5101	2
5102	2
5103	2
5104	1
5105	1
5106	2
5107	1
5108	1
5109	1
5110	1
5112	1
5113	1
5114	1
5116	2
5117	2
5118	4
5119	4
5121	2
5122	1
5123	1
5124	4
5125	3
5127	2
5128	1
5129	3
5130	2
5133	1
5135	2
5137	1
5138	1
5139	1
5140	2
5142	2
5143	1
5144	1
5147	2
5149	2
5150	1
5152	2
5153	2
5156	2
5157	2
5159	3
5161	1
5162	2
5165	4
5166	2
5167	4
5168	1
5169	1
5170	1
5171	2
5172	3
5173	1
5174	1
5175	2
5176	1
5178	1
5179	1
5180	2
5181	1
5182	1
5183	2
5185	3
5188	3
5189	2
5190	2
5192	2
5193	2
5194	3
5196	1
5197	3
5198	1
5199	1
5200	1
5201	5
5202	3
5204	1
5205	3
5207	1
5210	3
5211	3
5212	3
5213	3
5214	2
5217	1
5218	1
5219	3
5220	2
5221	2
5222	3
5226	1
5232	3
5235	3
5236	1
5237	2
5239	1
5240	3
5241	1
5242	2
5243	2
5244	2
5245	1
5247	1
5248	2
5249	1
5250	1
5251	1
5253	1
5254	4
5255	1
5256	1
5257	2
5258	2
5259	2
5261	1
5262	4
5263	1
5265	3
5266	2
5267	2
5268	4
5269	1
5271	1
5272	1
5274	1
5275	1
5276	3
5278	2
5279	3
5280	2
5283	1
5284	2
5285	2
5286	3
5287	1
5290	2
5291	1
5293	1
5294	2
5295	1
5296	2
5299	1
5300	1
5301	4
5302	3
5303	1
5305	1
5306	1
5307	3
5311	1
5312	1
5313	1
5314	3
5315	2
5316	1
5317	1
5319	1
5320	1
5322	2
5323	1
5324	1
5327	1
5329	1
5332	2
5333	2
5334	3
5335	1
5336	2
5337	1
5338	2
5339	1
5340	2
5341	2
5344	2
5347	2
5348	1
5351	2
5352	2
5353	1
5354	1
5355	3
5356	2
5357	1
5358	1
5359	3
5360	1
5361	1
5362	1
5363	3
5364	2
5365	2
5369	2
5371	1
5372	1
5373	1
5374	2
5375	1
5376	1
5380	2
5382	2
5383	1
5384	1
5386	1
5388	3
5389	4
5390	2
5392	2
5393	3
5394	8
5396	1
5397	3
5398	3
5403	2
5404	2
5405	1
5406	1
5407	3
5411	1
5413	1
5415	2
5417	2
5418	1
5420	3
5421	1
5422	2
5423	1
5424	1
5425	2
5426	1
5427	1
5428	1
5430	1
5431	2
5432	1
5433	3
5435	3
5439	1
5441	1
5442	2
5443	1
5444	2
5445	2
5446	2
5449	1
5450	2
5451	1
5452	2
5453	1
5454	3
5455	3
5457	1
5458	2
5459	2
5460	1
5461	1
5463	1
5466	1
5469	3
5470	1
5471	2
5472	2
5473	1
5474	2
5475	1
5476	2
5477	1
5478	1
5479	2
5480	2
5481	3
5485	2
5486	1
5487	1
5489	1
5490	1
5492	1
5493	1
5494	2
5495	1
5496	2
5497	1
5498	2
5499	1
5500	2
5501	3
5502	2
5503	2
5504	1
5505	3
5506	1
5508	2
5510	1
5511	3
5512	2
5513	1
5514	2
5516	2
5517	1
5519	1
5520	1
5521	1
5522	4
5524	2
5525	2
5526	1
5527	1
5529	2
5531	2
5532	2
5533	2
5534	1
5535	3
5536	1
5537	1
5538	1
5539	1
5541	1
5543	3
5544	1
5545	1
5546	1
5547	3
5548	1
5549	5
5550	2
5551	3
5552	1
5554	1
5555	2
5556	1
5557	1
5558	1
5559	1
5560	2
5561	2
5562	3
5564	5
5565	1
5566	3
5569	3
5571	1
5572	1
5573	2
5574	3
5575	1
5576	2
5578	2
5579	1
5580	2
5581	1
5583	2
5586	1
5588	2
5589	1
5591	1
5593	1
5594	1
5595	1
5597	2
5598	1
5599	1
5600	2
5602	1
5603	1
5605	1
5606	1
5607	2
5608	2
5610	3
5611	2
5613	1
5614	1
5615	1
5618	1
5619	1
5621	1
5622	1
5623	1
5627	1
5629	2
5630	1
5631	1
5632	1
5633	1
5634	2
5639	4
5640	1
5642	1
5643	1
5644	3
5646	1
5649	3
5650	1
5651	2
5652	1
5653	1
5654	1
5655	1
5658	3
5659	1
5660	2
5661	1
5662	1
5663	1
5665	1
5666	1
5667	1
5668	2
5669	7
5670	1
5673	2
5675	1
5676	2
5678	2
5679	2
5680	2
5681	3
5682	1
5683	1
5685	2
5686	2
5687	2
5688	1
5689	1
5690	4
5691	1
5693	1
5694	3
5696	2
5698	3
5699	2
5700	1
5701	3
5702	1
5703	1
5705	1
5707	1
5708	1
5709	3
5711	1
5712	1
5714	1
5715	2
5717	1
5718	3
5719	2
5720	1
5721	1
5722	1
5723	2
5724	3
5725	1
5726	1
5727	1
5728	2
5729	1
5730	2
5731	2
5732	2
5733	1
5734	2
5735	1
5736	2
5738	1
5741	3
5742	1
5743	1
5744	1
5745	1
5746	1
5747	1
5748	1
5749	1
5750	1
5753	1
5754	2
5756	4
5757	1
5758	1
5759	2
5760	2
5761	3
5763	1
5764	2
5766	3
5767	4
5769	2
5770	1
5771	2
5772	1
5774	1
5775	2
5776	1
5778	2
5779	2
5780	1
5783	3
5786	2
5787	2
5788	2
5791	3
5792	1
5793	2
5794	2
5796	3
5797	1
5799	1
5800	1
5801	1
5803	3
5805	1
5806	1
5808	1
5809	3
5810	2
5811	1
5812	2
5813	3
5814	1
5815	1
5818	3
5821	2
5823	3
5825	1
5827	2
5828	2
5830	1
5831	2
5833	1
5834	2
5836	1
5837	3
5838	3
5839	3
5840	1
5841	1
5842	1
5843	1
5845	2
5847	3
5850	1
5851	2
5853	1
5854	1
5855	1
5857	2
5859	2
5860	2
5861	2
5867	7
5868	2
5869	2
5871	1
5873	2
5874	3
5875	2
5876	1
5877	3
5878	1
5881	1
5883	2
5884	1
5885	1
5886	2
5887	1
5888	3
5889	2
5890	3
5891	1
5893	1
5895	1
5896	2
5899	1
5900	1
5901	2
5902	2
5903	1
5904	1
5908	1
5909	1
5910	2
5911	1
5912	1
5914	4
5915	1
5917	1
5919	1
5920	1
5922	4
5923	2
5924	4
5925	2
5926	1
5927	4
5928	1
5929	1
5930	1
5931	2
5932	2
5933	1
5934	2
5935	1
5936	1
5937	1
5938	2
5940	2
5942	3
5943	2
5944	1
5945	1
5946	2
5948	2
5949	2
5950	2
5951	1
5952	2
5953	3
5954	1
5956	2
5957	1
5958	1
5959	2
5960	2
5961	1
5962	1
5964	2
5966	1
5967	4
5968	3
5969	1
5970	3
5971	1
5972	1
5973	1
5975	3
5976	1
5978	2
5981	2
5982	1
5983	2
5985	1
5986	1
5987	5
5989	1
5990	1
5991	1
5993	1
5994	2
5996	1
5998	1
6001	1
6003	2
6004	2
6006	1
6007	1
6010	1
6011	1
6012	1
6013	4
6016	2
6017	3
6019	1
6022	3
6023	3
6024	1
6027	2
6028	1
6029	1
6030	2
6031	2
6032	1
6034	2
6037	2
6038	1
6039	1
6040	3
6041	1
6042	3
6043	3
6044	1
6046	2
6049	1
6050	2
6051	3
6055	2
6056	2
6057	1
6059	2
6061	3
6062	2
6063	3
6064	1
6066	3
6067	1
6069	4
6070	3
6071	2
6072	1
6073	1
6076	2
6077	4
6078	4
6079	1
6080	1
6081	1
6082	1
6084	1
6086	1
6088	1
6089	1
6090	1
6091	1
6092	4
6096	3
6097	2
6098	2
6099	3
6102	3
6104	1
6109	1
6110	2
6112	1
6113	2
6114	2
6116	2
6118	1
6119	3
6120	1
6121	1
6122	2
6124	1
6126	1
6128	2
6129	2
6130	4
6131	1
6134	1
6136	1
6138	4
6140	1
6141	2
6143	1
6144	3
6145	1
6147	2
6148	3
6152	2
6153	1
6155	1
6156	1
6157	1
6159	1
6160	1
6161	2
6162	3
6163	4
6164	2
6165	4
6166	1
6167	2
6168	2
6169	2
6170	4
6171	1
6173	3
6174	2
6178	3
6179	1
6183	1
6185	1
6188	1
6191	1
6194	1
6198	1
6199	1
6200	2
6201	1
6202	2
6203	1
6205	2
6206	1
6207	1
6208	2
6209	2
6210	1
6212	2
6214	1
6215	2
6216	1
6217	1
6218	4
6219	1
6220	1
6221	2
6222	2
6223	1
6224	1
6225	1
6226	1
6227	2
6229	1
6230	5
6232	1
6233	1
6234	4
6235	3
6238	1
6239	1
6240	1
6241	1
6244	1
6246	2
6247	1
6249	2
6250	3
6251	1
6252	1
6253	1
6254	4
6256	2
6257	2
6258	1
6259	3
6260	1
6262	2
6264	2
6267	2
6268	2
6269	2
6270	1
6271	4
6272	1
6273	1
6274	1
6276	1
6277	3
6278	2
6279	2
6280	1
6281	1
6282	3
6283	1
6284	3
6285	1
6290	1
6291	2
6293	1
6294	4
6296	1
6297	1
6300	2
6301	4
6302	1
6303	1
6304	1
6306	2
6307	1
6308	2
6310	1
6311	3
6312	1
6317	1
6318	1
6319	4
6322	4
6324	1
6325	4
6326	3
6327	1
6328	2
6329	1
6331	2
6332	1
6337	3
6338	1
6339	2
6343	1
6344	1
6345	1
6348	1
6349	1
6350	2
6352	3
6354	1
6355	1
6356	4
6357	2
6360	1
6363	1
6366	1
6368	1
6369	2
6370	3
6371	2
6373	1
6374	2
6375	1
6376	3
6377	1
6379	2
6380	1
6381	3
6382	1
6384	1
6385	3
6388	2
6389	1
6390	1
6391	1
6392	1
6393	1
6394	1
6397	2
6398	1
6399	2
6401	2
6403	2
6404	1
6405	1
6407	2
6409	1
6410	2
6411	1
6412	4
6413	1
6414	1
6415	2
6416	1
6418	2
6420	1
6424	1
6425	1
6426	2
6427	1
6430	1
6431	2
6432	1
6433	3
6434	1
6435	2
6436	2
6437	2
6439	1
6440	1
6442	2
6443	1
6445	1
6446	1
6448	3
6450	4
6452	2
6454	1
6456	3
6458	1
6460	3
6461	1
6462	1
6467	2
6468	2
6470	1
6473	1
6474	1
6475	1
6478	3
6479	1
6480	3
6481	1
6482	3
6483	2
6484	2
6485	1
6488	3
6491	1
6493	1
6494	1
6495	3
6496	4
6497	1
6498	2
6499	1
6501	2
6502	1
6503	1
6504	2
6506	1
6508	1
6511	1
6512	1
6514	2
6515	1
6516	3
6517	2
6518	1
6519	3
6520	1
6522	1
6523	1
6524	1
6526	1
6527	1
6529	1
6530	1
6532	3
6533	1
6535	3
6537	2
6540	1
6542	1
6546	1
6548	1
6551	1
6553	4
6554	1
6557	1
6559	1
6561	1
6562	4
6563	3
6565	2
6567	2
6569	1
6570	1
6571	1
6572	1
6573	1
6575	5
6576	2
6577	1
6578	2
6580	3
6581	2
6582	2
6583	2
6584	2
6585	1
6587	4
6588	1
6590	2
6591	2
6593	3
6594	2
6595	1
6598	1
6599	1
6600	2
6602	2
6603	1
6605	3
6606	1
6608	2
6609	2
6610	1
6613	2
6614	2
6615	2
6617	3
6618	1
6619	2
6620	2
6621	1
6623	1
6624	3
6626	5
6627	2
6628	3
6629	1
6630	1
6631	1
6632	2
6633	1
6634	2
6636	2
6637	1
6638	2
6639	1
6640	1
6643	1
6644	4
6645	2
6646	1
6647	1
6650	1
6651	2
6654	2
6657	1
6659	1
6663	1
6664	4
6665	2
6666	1
6667	3
6669	1
6670	1
6671	1
6673	3
6674	2
6676	1
6677	1
6678	1
6679	1
6681	1
6682	4
6683	1
6685	3
6686	3
6687	2
6689	1
6690	2
6691	3
6694	1
6695	2
6698	2
6699	2
6701	2
6702	2
6703	1
6704	3
6705	2
6706	1
6707	2
6708	1
6709	1
6710	1
6711	1
6713	2
6715	1
6716	1
6717	1
6718	1
6719	2
6720	2
6723	1
6724	1
6725	1
6727	1
6729	1
6730	2
6731	3
6734	1
6735	1
6736	2
6737	2
6738	2
6739	1
6740	1
6741	1
6742	2
6743	2
6745	1
6747	2
6753	2
6754	1
6756	1
6757	1
6758	2
6759	1
6760	1
6761	2
6764	1
6767	1
6768	1
6769	1
6770	1
6771	1
6773	2
6774	1
6775	2
6777	3
6780	2
6782	2
6785	1
6786	2
6787	1
6788	2
6789	1
6790	3
6791	1
6792	2
6793	2
6795	1
6796	1
6801	2
6802	1
6803	2
6804	4
6806	3
6807	4
6808	2
6809	1
6810	2
6812	2
6814	1
6815	1
6816	1
6818	2
6819	1
6820	2
6822	2
6823	1
6824	2
6826	3
6827	1
6828	1
6829	2
6830	1
6831	4
6832	1
6833	3
6834	1
6838	1
6839	3
6840	3
6841	1
6842	1
6845	2
6846	2
6849	4
6850	2
6851	2
6853	1
6855	3
6860	1
6861	1
6862	2
6864	3
6865	3
6866	2
6869	1
6870	2
6871	1
6872	3
6873	1
6874	2
6876	1
6877	2
6878	1
6879	2
6881	1
6882	2
6883	2
6885	2
6887	2
6889	3
6892	1
6894	3
6895	1
6896	1
6899	2
6900	1
6902	1
6906	1
6907	2
6908	2
6909	2
6913	1
6914	2
6915	4
6916	4
6917	1
6918	1
6919	1
6921	1
6922	1
6924	1
6925	2
6926	2
6928	3
6932	1
6935	1
6937	1
6938	1
6939	2
6940	1
6941	1
6943	3
6944	1
6946	1
6947	1
6949	1
6950	3
6951	2
6952	1
6953	4
6954	1
6957	1
6958	1
6959	2
6960	1
6961	2
6965	2
6966	3
6967	1
6975	1
6979	1
6980	1
6981	2
6984	2
6986	1
6987	2
6988	3
6989	2
6990	1
6991	1
6992	1
6993	2
6994	1
6995	3
6997	1
6998	3
7002	2
7004	3
7009	1
7014	1
7016	2
7017	2
7018	2
7019	2
7021	1
7024	1
7027	3
7028	3
7031	2
7032	1
7034	3
7038	2
7043	3
7044	1
7045	1
7046	2
7047	1
7048	2
7049	1
7050	1
7052	1
7053	3
7054	4
7057	1
7059	2
7061	1
7062	1
7064	1
7065	2
7066	3
7068	1
7069	1
7070	1
7071	1
7072	2
7073	3
7074	3
7075	1
7077	1
7078	4
7080	1
7081	2
7082	1
7083	2
7085	1
7086	2
7087	1
7089	4
7091	2
7092	1
7093	1
7096	1
7098	1
7101	1
7102	2
7104	3
7105	2
7108	1
7110	1
7111	1
7113	2
7114	3
7116	1
7117	2
7119	1
7120	2
7121	2
7122	1
7123	3
7124	2
7126	2
7128	1
7129	1
7131	4
7133	1
7134	1
7135	1
7138	1
7139	1
7140	1
7141	1
7142	1
7144	1
7145	3
7146	1
7147	1
7148	1
7149	3
7150	2
7151	1
7153	1
7154	1
7157	4
7158	2
7160	4
7162	1
7165	1
7166	1
7168	1
7170	2
7171	1
7172	3
7173	1
7174	1
7176	2
7177	1
7178	2
7179	1
7181	1
7183	1
7186	2
7188	3
7190	2
7191	1
7192	1
7193	6
7194	3
7195	2
7197	1
7200	2
7201	1
7202	1
7203	3
7204	1
7206	1
7209	1
7210	2
7212	1
7213	3
7214	2
7217	2
7220	3
7222	1
7223	1
7224	1
7225	1
7226	1
7227	1
7228	1
7229	1
7230	3
7231	2
7232	1
7233	1
7234	2
7235	2
7237	2
7238	1
7239	1
7240	2
7241	2
7244	1
7247	2
7248	2
7250	1
7251	1
7252	1
7255	1
7257	1
7258	4
7259	2
7260	1
7262	2
7263	2
7264	3
7266	3
7267	1
7268	1
7269	2
7272	1
7273	1
7274	4
7276	1
7277	1
7278	1
7279	1
7280	1
7281	2
7282	1
7283	2
7284	3
7285	1
7289	1
7290	2
7292	1
7293	1
7294	1
7296	1
7299	1
7300	1
7301	2
7304	1
7305	1
7306	1
7307	1
7310	1
7311	2
7312	1
7313	4
7314	2
7315	1
7316	2
7319	1
7320	1
7322	1
7323	1
7324	2
7326	2
7327	2
7329	1
7330	1
7331	1
7335	3
7336	1
7338	2
7339	1
7341	2
7342	1
7344	2
7345	1
7348	3
7349	1
7350	1
7351	4
7354	1
7356	2
7357	2
7359	3
7361	1
7362	1
7368	2
7370	1
7371	1
7372	3
7374	1
7376	1
7377	2
7378	3
7380	2
7381	2
7382	1
7383	1
7384	1
7385	3
7386	1
7387	4
7388	4
7390	2
7393	2
7394	2
7395	1
7396	1
7397	1
7398	2
7399	1
7400	4
7401	1
7404	1
7405	1
7406	2
7408	1
7409	2
7410	2
7411	2
7413	2
7414	1
7417	2
7418	1
7420	2
7422	1
7423	2
7425	1
7426	1
7428	2
7429	2
7430	2
7431	3
7436	1
7437	1
7439	1
7441	1
7442	1
7444	3
7445	4
7446	1
7448	3
7449	2
7450	2
7451	1
7452	1
7454	3
7455	3
7457	1
7458	1
7461	1
7462	1
7463	2
7464	2
7465	2
7466	1
7467	2
7468	1
7469	1
7470	1
7471	1
7473	2
7474	3
7475	2
7476	1
7477	1
7478	2
7480	1
7481	1
7483	1
7484	1
7486	2
7488	1
7489	1
7490	2
7491	2
7493	1
7494	1
7495	1
7496	1
7498	1
7499	1
7500	1
7501	1
7502	3
7503	1
7504	1
7505	2
7506	2
7507	1
7508	3
7509	2
7512	1
7513	2
7514	1
7515	2
7516	1
7518	1
7521	2
7525	2
7526	2
7527	1
7528	2
7530	1
7531	2
7533	2
7534	1
7536	1
7538	1
7539	1
7541	2
7542	1
7543	3
7545	1
7546	1
7548	1
7549	3
7550	4
7551	1
7552	1
7553	1
7554	1
7555	1
7556	1
7557	1
7558	1
7559	2
7560	1
7562	1
7563	2
7566	2
7567	1
7569	1
7570	1
7573	2
7578	1
7579	2
7582	1
7584	2
7585	1
7586	1
7587	1
7589	1
7590	1
7592	1
7594	1
7596	1
7598	2
7599	1
7601	1
7602	1
7603	1
7610	2
7611	1
7615	1
7619	2
7620	1
7621	2
7622	1
7623	2
7624	1
7627	2
7629	1
7631	1
7633	2
7634	1
7637	1
7638	1
7640	1
7641	1
7643	1
7644	2
7647	1
7648	2
7649	1
7650	2
7651	1
7653	1
7654	4
7655	2
7656	1
7657	2
7658	1
7662	2
7663	2
7669	3
7670	1
7671	1
7675	1
7676	4
7677	2
7678	3
7679	3
7680	2
7681	1
7683	2
7684	3
7685	1
7687	2
7688	1
7689	1
7690	1
7692	3
7693	2
7694	1
7696	2
7697	1
7698	1
7699	1
7700	1
7702	1
7704	1
7707	1
7708	1
7710	1
7711	2
7712	2
7713	1
7714	1
7716	2
7718	2
7721	3
7722	1
7724	3
7725	2
7728	2
7729	1
7730	1
7732	2
7734	2
7735	1
7737	1
7739	1
7743	1
7744	1
7745	2
7747	1
7749	1
7750	2
7752	1
7753	1
7754	2
7756	1
7757	2
7759	1
7761	2
7764	2
7765	1
7768	1
7769	2
7770	2
7772	2
7774	1
7775	1
7776	1
7781	2
7782	1
7783	1
7789	2
7790	2
7793	3
7795	2
7797	3
7798	1
7800	2
7802	1
7804	1
7806	2
7807	1
7812	1
7814	1
7816	1
7820	2
7822	1
7823	1
7824	1
7825	1
7826	2
7828	1
7830	1
7833	1
7834	2
7835	1
7836	4
7839	1
7840	1
7841	1
7842	1
7843	2
7844	2
7846	1
7847	1
7848	1
7854	1
7855	3
7856	1
7857	1
7858	1
7860	2
7861	1
7862	1
7866	1
7868	1
7870	1
7874	1
7875	2
7877	1
7879	1
7883	2
7884	1
7886	1
7889	1
7890	1
7892	2
7893	1
7894	2
7895	1
7896	2
7897	2
7898	1
7901	1
7902	1
7903	1
7907	1
7908	1
7909	1
7910	1
7911	1
7915	2
7917	1
7918	3
7919	1
7920	2
7922	2
7923	2
7924	2
7925	1
7926	1
7927	1
7929	1
7931	1
7932	2
7933	3
7934	3
7936	1
7937	1
7939	1
7941	1
7942	3
7943	1
7945	1
7947	2
7948	2
7951	3
7956	1
7957	1
7959	3
7960	3
7961	1
7962	1
7963	1
7964	2
7966	1
7968	1
7969	1
7970	1
7971	1
7972	1
7973	2
7976	1
7977	1
7981	1
7983	1
7984	2
7986	1
7988	1
7991	2
7993	2
7994	1
7995	1
7996	1
7998	2
8000	1
8001	1
8002	1
8006	2
8007	2
8010	1
8012	2
8013	3
8015	2
8016	3
8021	1
8023	1
8024	1
8027	1
8032	1
8034	1
8038	2
8041	2
8042	2
8043	1
8044	2
8045	1
8046	2
8047	1
8048	1
8049	2
8052	3
8055	1
8056	1
8057	1
8059	2
8061	1
8063	1
8065	2
8066	2
8067	2
8068	1
8070	1
8072	2
8073	1
8074	1
8075	1
8076	1
8078	1
8079	1
8081	1
8082	2
8083	1
8086	1
8087	2
8088	1
8089	3
8091	1
8092	1
8093	1
8094	1
8095	2
8097	1
8099	1
8100	1
8102	1
8103	2
8104	2
8105	1
8107	1
8108	2
8111	2
8113	1
8114	1
8116	2
8118	1
8123	1
8124	3
8126	1
8127	1
8129	3
8131	2
8132	1
8134	1
8136	1
8137	1
8138	1
8139	2
8140	1
8142	2
8146	2
8147	2
8149	1
8150	1
8151	1
8153	2
8154	2
8155	1
8159	1
8161	3
8162	1
8167	1
8168	4
8172	1
8173	1
8177	1
8178	1
8182	2
8183	1
8184	2
8185	1
8187	1
8188	2
8189	1
8191	1
8193	1
8194	1
8196	2
8197	1
8198	1
8202	1
8206	1
8207	2
8214	1
8215	1
8218	1
8220	2
8222	3
8223	1
8225	2
8226	4
8227	1
8228	3
8229	1
8230	1
8234	3
8235	1
8236	1
8237	1
8238	1
8242	2
8243	1
8244	1
8246	1
8247	2
8248	1
8250	1
8253	1
8256	1
8258	1
8259	2
8260	1
8261	2
8264	1
8265	1
8266	1
8268	1
8270	2
8271	1
8272	2
8275	1
8276	1
8278	1
8279	2
8280	1
8291	1
8292	1
8293	1
8295	1
8296	1
8297	1
8299	3
8301	1
8302	2
8303	1
8305	2
8307	3
8308	1
8309	1
8314	2
8316	1
8317	1
8318	3
8319	2
8320	1
8326	1
8327	3
8330	2
8331	1
8332	1
8334	3
8335	1
8337	2
8338	1
8339	1
8342	2
8346	1
8347	1
8351	3
8353	1
8356	1
8357	1
8358	1
8359	1
8361	1
8363	1
8364	1
8366	1
8367	2
8369	2
8373	1
8375	1
8376	1
8379	1
8380	1
8381	2
8382	2
8383	1
8384	2
8385	1
8392	2
8394	4
8395	1
8396	2
8402	3
8403	1
8406	2
8408	1
8409	1
8410	2
8411	1
8417	1
8419	1
8420	1
8421	1
8422	2
8423	2
8424	1
8425	1
8427	1
8428	1
8429	1
8430	2
8432	1
8433	2
8435	2
8436	1
8437	2
8438	2
8441	1
8442	1
8443	1
8444	1
8453	3
8457	2
8459	1
8460	1
8463	1
8464	1
8465	1
8466	1
8467	1
8468	2
8469	2
8471	2
8476	1
8478	2
8479	3
8482	1
8483	3
8484	1
8487	2
8489	1
8492	2
8494	1
8495	1
8496	1
8501	2
8502	1
8509	3
8510	3
8511	1
8513	1
8514	1
8517	2
8518	1
8520	1
8524	1
8525	2
8526	3
8527	2
8528	2
8529	2
8531	2
8532	1
8535	2
8537	1
8538	1
8539	2
8541	2
8542	2
8544	1
8547	1
8550	1
8551	1
8552	1
8553	1
8554	1
8555	1
8558	1
8560	1
8562	1
8563	1
8564	1
8566	2
8567	2
8569	1
8571	2
8572	3
8573	3
8574	2
8575	1
8576	1
8577	2
8579	1
8581	1
8582	1
8585	1
8588	1
8590	1
8591	1
8598	2
8599	1
8600	1
8602	1
8603	1
8604	2
8608	2
8610	1
8612	1
8614	2
8615	2
8616	2
8617	3
8618	1
8623	1
8624	1
8626	1
8628	3
8631	1
8633	2
8634	1
8635	4
8636	1
8641	2
8643	1
8646	1
8647	3
8648	1
8650	1
8653	1
8654	1
8656	1
8660	2
8665	1
8667	1
8668	1
8670	2
8672	2
8674	1
8678	1
8679	1
8681	1
8683	1
8685	1
8686	1
8688	1
8690	1
8692	1
8695	1
8696	4
8697	1
8700	1
8701	1
8702	1
8705	1
8706	2
8707	1
8708	1
8709	1
8712	3
8713	1
8719	1
8721	1
8722	1
8723	2
8724	2
8725	1
8727	2
8731	2
8735	1
8738	3
8739	1
8743	1
8746	2
8747	1
8748	1
8749	1
8750	1
8751	1
8754	2
8756	1
8758	2
8759	1
8762	3
8764	1
8765	2
8766	1
8767	1
8768	1
8769	1
8771	2
8774	1
8775	2
8779	1
8782	2
8783	1
8785	2
8787	1
8788	1
8790	1
8791	2
8793	2
8794	1
8796	1
8798	1
8802	2
8803	1
8806	1
8808	1
8810	1
8811	1
8812	1
8813	1
8816	2
8818	1
8819	1
8820	1
8821	2
8826	1
8831	1
8832	1
8834	1
8836	1
8837	1
8838	1
8839	1
8840	1
8841	1
8842	2
8844	2
8845	1
8846	2
8849	1
8852	2
8853	3
8854	1
8858	1
8859	1
8861	1
8862	1
8866	1
8869	1
8870	1
8871	2
8872	1
8873	2
8874	3
8875	1
8878	2
8879	1
8883	2
8884	1
8890	2
8891	2
8892	2
8893	1
8894	1
8895	1
8896	3
8897	1
8898	1
8900	1
8901	2
8904	4
8905	1
8906	1
8908	2
8909	1
8911	1
8914	1
8915	1
8918	2
8919	1
8920	1
8922	2
8923	1
8925	1
8926	1
8929	1
8930	1
8934	1
8935	1
8939	1
8940	3
8942	1
8943	1
8944	1
8945	1
8946	2
8947	1
8948	1
8950	1
8952	1
8954	1
8955	1
8958	1
8959	2
8961	1
8966	1
8967	2
8968	1
8974	2
8975	2
8976	1
8978	2
8980	1
8982	1
8983	2
8988	1
8991	1
8994	2
8996	1
9000	1
9001	1
9004	2
9007	1
9012	1
9013	2
9016	3
9018	2
9020	1
9021	1
9022	1
9023	1
9026	1
9027	1
9029	1
9030	1
9031	1
9032	1
9034	1
9035	1
9036	1
9037	1
9040	1
9042	1
9047	1
9048	2
9049	1
9053	1
9054	2
9055	1
9057	1
9058	1
9059	1
9060	3
9062	2
9063	1
9064	2
9071	2
9072	1
9073	1
9076	1
9077	1
9079	2
9081	1
9082	1
9086	1
9087	1
9088	3
9089	2
9091	1
9092	2
9097	1
9100	1
9101	1
9105	1
9106	1
9110	2
9111	1
9116	1
9117	1
9119	3
9120	1
9123	1
9126	1
9128	1
9129	1
9130	1
9132	2
9133	2
9137	1
9142	2
9143	1
9144	1
9145	1
9147	1
9151	2
9152	1
9155	1
9164	1
9165	1
9167	1
9168	1
9169	1
9171	1
9172	2
9175	1
9179	1
9180	1
9183	2
9184	1
9186	3
9190	1
9192	1
9196	1
9198	1
9199	1
9200	2
9202	1
9205	1
9211	1
9212	2
9214	1
9215	2
9216	2
9222	1
9224	1
9226	2
9227	1
9228	2
9230	2
9233	1
9234	1
9235	1
9237	2
9239	1
9240	1
9242	2
9243	1
9244	1
9245	2
9246	3
9250	1
9254	1
9256	1
9258	1
9260	1
9261	1
9263	1
9264	2
9267	2
9268	4
9269	1
9271	1
9272	1
9273	1
9279	1
9280	1
9281	1
9282	1
9283	1
9285	1
9289	1
9292	2
9293	1
9294	1
9295	1
9297	2
9298	1
9300	1
9301	1
9303	1
9305	2
9307	2
9309	2
9310	1
9312	3
9315	2
9318	1
9319	1
9322	1
9326	1
9328	1
9332	1
9333	1
9334	1
9335	1
9336	2
9338	1
9339	1
9341	1
9345	2
9346	2
9347	1
9354	1
9355	1
9356	1
9357	1
9358	1
9359	1
9360	2
9362	1
9363	1
9365	1
9366	1
9369	1
9370	1
9372	1
9373	1
9374	1
9376	1
9377	1
9378	1
9379	1
9380	1
9383	1
9384	2
9386	3
9387	1
9389	1
9390	1
9393	1
9394	1
9395	1
9396	1
9397	2
9400	2
9402	1
9403	1
9404	1
9406	1
9407	1
9409	1
9410	1
9412	2
9414	1
9415	1
9416	1
9418	1
9419	3
9420	2
9422	1
9423	1
9429	1
9430	1
9432	1
9434	1
9437	1
9438	1
9443	3
9444	1
9446	2
9448	1
9450	2
9452	1
9457	1
9458	2
9459	1
9460	1
9463	2
9466	1
9468	1
9471	1
9475	1
9477	1
9479	1
9481	1
9485	1
9486	1
9490	1
9491	1
9494	1
9495	3
9497	1
9499	2
9511	1
9512	2
9513	1
9514	2
9518	1
9521	1
9525	1
9527	2
9528	1
9531	1
9534	1
9536	2
9537	1
9538	2
9539	2
9541	1
9545	2
9546	2
9547	1
9548	1
9549	1
9550	2
9551	2
9554	2
9555	2
9556	1
9557	1
9558	2
9560	1
9562	1
9565	1
9568	2
9569	1
9574	1
9576	1
9577	1
9580	1
9582	1
9585	2
9586	1
9589	2
9592	1
9594	1
9596	1
9598	1
9599	1
9602	1
9604	1
9605	2
9609	3
9610	1
9611	1
9612	1
9614	1
9618	2
9619	3
9623	3
9627	2
9628	1
9630	1
9631	1
9633	1
9635	3
9638	1
9639	1
9640	1
9641	1
9647	2
9649	2
9654	3
9655	1
9656	2
9658	1
9664	1
9665	1
9668	3
9673	2
9674	1
9676	1
9677	1
9678	1
9679	2
9681	2
9682	1
9685	4
9687	1
9688	1
9690	3
9691	1
9693	1
9700	1
9701	1
9705	1
9706	3
9710	1
9711	1
9713	1
9717	1
9718	1
9719	1
9720	2
9721	1
9722	1
9724	1
9725	1
9727	1
9730	1
9731	1
9732	2
9734	1
9736	1
9739	2
9740	1
9746	1
9747	1
9749	2
9752	1
9755	1
9757	1
9760	1
9762	1
9763	2
9766	1
9768	1
9770	1
9772	1
9773	1
9774	1
9775	1
9778	2
9781	1
9782	1
9783	1
9785	1
9787	1
9790	1
9791	1
9792	1
9795	1
9796	1
9799	1
9802	1
9803	1
9805	1
9806	3
9808	1
9810	2
9813	1
9817	1
9821	1
9829	1
9830	1
9833	1
9834	2
9838	3
9839	1
9841	1
9844	1
9845	1
9846	1
9852	1
9853	1
9855	1
9859	1
9860	1
9861	1
9862	1
9865	1
9866	1
9871	1
9875	1
9877	1
9879	1
9880	1
9882	1
9885	1
9888	1
9889	1
9892	1
9895	1
9897	1
9902	1
9903	1
9907	1
9908	1
9911	2
9920	1
9923	1
9926	1
9927	1
9928	1
9929	1
9930	1
9931	1
9934	2
9935	1
9937	1
9938	1
9940	1
9943	1
9946	1
9950	1
9953	1
9955	1
9959	1
9962	1
9967	1
9971	1
9976	2
9978	1
9979	1
9980	1
9981	1
9983	1
9989	1
9990	2
9992	1
9994	1
9998	1
10001	2
10003	2
10006	1
10016	1
10017	1
10018	1
10022	1
10024	1
10030	2
10038	1
10039	2
10040	1
10041	1
10047	1
10052	2
10057	1
10059	2
10063	1
10066	1
10069	2
10071	1
10073	2
10074	1
10075	1
10076	1
10077	1
10078	1
10081	1
10086	1
10088	1
10089	1
10090	1
10091	1
10092	1
10097	1
10098	1
10099	1
10100	2
10101	1
10104	1
10114	1
10115	2
10116	1
10117	2
10120	1
10121	2
10130	1
10134	1
10136	1
10141	1
10142	1
10143	1
10144	1
10145	1
10146	1
10147	1
10148	1
10151	1
10153	2
10156	1
10157	1
10158	1
10163	1
10164	1
10165	1
10167	1
10169	1
10176	2
10178	1
10179	2
10181	1
10184	1
10185	1
10186	1
10188	1
10189	1
10194	1
10197	1
10200	1
10202	1
10203	1
10204	1
10206	2
10208	1
10214	2
10218	2
10221	1
10223	1
10225	1
10226	2
10229	1
10230	1
10234	1
10238	1
10239	1
10240	2
10244	1
10245	1
10246	1
10249	1
10250	1
10254	1
10255	2
10259	1
10269	1
10271	1
10273	1
10280	1
10287	1
10289	1
10291	3
10292	1
10294	1
10295	1
10297	1
10299	1
10300	1
10301	1
10302	2
10303	1
10304	2
10306	1
10307	1
10310	1
10314	2
10318	2
10319	1
10321	1
10328	1
10329	2
10336	2
10343	1
10346	1
10353	1
10355	2
10362	2
10364	1
10365	1
10366	1
10375	1
10376	1
10379	2
10380	3
10382	2
10383	1
10389	1
10393	2
10396	1
10401	1
10403	1
10404	1
10405	1
10407	1
10411	1
10414	1
10419	1
10422	1
10429	1
10430	2
10431	1
10435	1
10443	1
10444	1
10445	1
10446	1
10447	3
10449	1
10453	1
10455	1
10456	1
10457	1
10465	1
10466	2
10472	1
10477	1
10480	1
10481	1
10484	1
10485	1
10491	1
10492	1
10499	1
10500	2
10506	1
10511	1
10513	1
10514	1
10516	1
10523	1
10524	2
10525	1
10529	2
10538	1
10549	2
10550	1
10562	1
10565	1
10568	1
10570	2
10571	1
10572	1
10576	1
10579	1
10580	1
10583	1
10584	1
10588	1
10589	1
10596	1
10597	1
10602	1
10604	1
10605	1
10606	1
10615	1
10620	1
10621	2
10625	1
10626	1
10629	2
10631	1
10637	2
10641	1
10644	1
10655	1
10662	1
10666	3
10667	1
10674	2
10679	1
10681	1
10682	1
10686	1
10687	1
10690	1
10693	1
10702	1
10703	1
10708	1
10709	1
10710	1
10713	1
10714	2
10718	1
10722	1
10723	1
10725	1
10731	1
10733	1
10735	2
10736	1
10737	1
10738	2
10740	1
10743	1
10744	2
10746	1
10751	1
10752	2
10754	1
10757	1
10764	1
10767	1
10768	1
10771	1
10772	1
10780	1
10794	1
10795	1
10796	1
10797	2
10803	1
10809	1
10814	1
10815	1
10816	1
10817	2
10828	1
10835	1
10840	1
10843	1
10850	1
10851	1
10855	2
10857	1
10871	1
10872	1
10879	3
10882	2
10884	1
10891	1
10895	1
10896	1
10898	2
10901	1
10907	1
10909	3
10910	1
10920	1
10924	1
10925	1
10926	1
10930	1
10939	1
10944	1
10946	1
10948	1
10950	1
10955	1
10968	1
10976	3
10987	1
10988	1
11004	1
11013	1
11014	1
11027	2
11036	2
11040	1
11046	1
11048	1
11049	1
11050	2
11051	2
11054	1
11066	1
11068	1
11071	1
11089	1
11093	2
11094	1
11106	1
11111	1
11112	1
11122	1
11130	1
11137	1
11160	1
11162	1
11170	1
11171	1
11181	1
11187	1
11192	1
11196	1
11198	1
11202	1
11206	1
11207	1
11210	1
11219	1
11220	1
11221	1
11227	1
11231	1
11236	1
11239	1
11244	2
11251	1
11258	1
11259	1
11261	1
11262	1
11276	1
11277	1
11280	1
11282	1
11286	1
11288	1
11304	1
11308	1
11311	1
11314	1
11324	1
11328	1
11334	1
11337	1
11343	1
11356	1
11365	1
11366	1
11374	1
11379	1
11381	1
11392	1
11394	1
11398	1
11399	1
11400	1
11405	1
11414	2
11415	1
11417	1
11420	1
11423	1
11446	1
11450	1
11455	1
11457	1
11463	1
11464	1
11473	1
11476	1
11485	1
11490	1
11498	1
11510	1
11511	1
11512	1
11519	1
11524	1
11526	1
11527	1
11529	2
11535	1
11539	1
11546	1
11548	1
11549	1
11562	1
11564	1
11588	1
11599	1
11604	1
11607	1
11617	1
11620	1
11621	1
11623	1
11632	1
11633	1
11660	1
11673	1
11683	1
11699	1
11702	1
11707	1
11714	1
11716	1
11722	1
11761	1
11776	1
11780	1
11790	1
11791	1
11798	1
11808	1
11821	1
11828	1
11839	1
11843	1
11846	1
11855	1
11863	1
11880	1
11896	1
11911	1
11928	1
11958	1
11959	1
11962	2
11965	1
11981	1
11984	1
12005	1
12017	1
12023	1
12031	1
12039	1
12056	1
12063	1
12067	1
12079	1
12084	1
12087	1
12106	1
12113	1
12119	1
12141	1
12142	1
12160	1
12167	1
12197	2
12206	1
12260	1
12267	1
12302	1
12306	1
12339	1
12359	2
12370	1
12376	1
12377	1
12385	1
12438	1
12443	1
12456	1
12458	1
12462	1
12463	1
12489	1
12498	1
12525	1
12587	1
12612	1
12635	1
12687	1
12688	1
12708	1
12756	1
12769	1
12777	1
12786	1
12948	1
12961	1
13075	1
13149	1
13228	1
13405	1
13585	1
13788	1
