1	2059
2	1032
3	710
4	554
5	457
6	406
7	361
8	317
9	284
10	284
11	278
12	225
1036	1
13	246
1037	1
14	232
15	213
16	205
17	180
18	189
19	153
20	174
21	140
22	148
23	131
24	140
25	125
26	121
27	100
28	115
29	97
30	89
31	122
32	100
33	101
34	84
35	91
36	80
37	68
38	80
39	76
40	65
41	73
42	73
43	62
44	65
45	57
46	54
47	44
48	70
49	53
50	47
51	45
52	47
53	46
54	40
55	44
56	40
57	43
58	39
59	36
60	42
61	29
62	33
63	20
64	24
65	40
66	31
67	32
68	33
69	21
70	27
71	34
72	29
73	28
74	27
75	15
76	26
77	23
78	20
79	20
80	21
81	22
82	20
83	25
84	17
85	20
1109	1
86	20
87	24
2135	1
88	18
89	17
90	18
91	9
92	17
93	9
94	14
95	18
96	20
97	14
98	15
99	12
100	11
101	19
102	11
103	19
104	9
105	13
106	9
107	17
1132	1
108	11
109	15
110	13
111	14
112	6
113	15
114	12
115	9
116	12
117	6
118	10
119	11
120	10
121	3
122	11
123	9
124	10
125	11
126	4
127	13
128	7
129	12
130	8
131	12
132	10
133	8
134	10
135	6
136	10
137	5
138	11
139	4
140	4
141	5
142	6
143	6
144	9
145	6
146	5
147	5
148	8
149	5
150	4
151	2
152	5
153	1
154	5
155	4
156	5
157	4
158	5
159	12
160	3
161	5
162	9
163	4
164	6
165	6
166	6
167	2
168	6
169	7
170	7
171	3
172	1
173	4
174	2
175	8
176	4
177	5
178	3
179	4
180	4
181	7
182	6
183	2
184	4
185	8
186	5
187	8
188	3
189	4
191	3
192	3
193	3
194	2
195	8
196	1
197	2
198	2
199	1
200	3
201	4
202	3
203	1
204	1
205	1
206	4
208	4
209	1
210	4
212	2
213	4
214	3
215	1
216	1
217	4
218	5
219	5
220	1
221	2
222	2
223	2
224	1
226	1
228	1
229	3
230	2
231	4
232	3
233	4
235	2
236	1
237	1
238	1
239	2
240	1
241	3
242	2
243	1
244	4
245	6
246	3
247	2
249	1
250	1
251	1
252	1
253	3
254	3
255	1
256	2
257	1
258	3
259	1
260	1
261	1
262	1
263	2
264	1
265	4
266	1
267	2
268	1
270	1
272	2
273	1
275	1
277	2
279	1
280	1
281	1
282	1
283	2
284	3
285	1
287	1
288	2
289	2
1313	1
290	1
292	1
293	2
294	1
296	2
298	2
299	1
300	1
301	2
302	1
303	1
304	1
306	1
307	2
308	2
310	1
315	2
317	1
319	1
323	3
324	2
328	1
329	1
330	1
333	3
334	1
335	1
337	1
1361	1
338	1
339	2
341	1
342	3
343	1
347	1
351	1
2400	1
353	1
360	1
361	2
363	1
364	1
366	1
367	1
373	1
374	1
376	1
379	1
384	1
385	1
386	1
387	1
397	2
399	1
400	1
407	1
408	1
413	1
414	1
415	1
418	1
421	2
425	1
2474	1
437	1
442	1
448	1
461	1
462	1
465	2
467	1
471	1
473	1
474	2
478	1
481	1
482	1
485	1
486	2
491	1
494	1
495	1
497	2
509	1
513	1
514	1
516	1
518	1
523	1
527	1
533	1
537	2
548	1
549	1
557	1
570	1
571	1
1615	1
3665	1
596	1
599	1
603	1
604	1
607	1
611	1
612	1
613	1
629	1
632	1
633	1
1661	1
639	1
647	1
651	1
663	1
672	1
677	1
683	1
716	1
764	1
765	1
778	1
779	1
822	1
