1	1
2	8
3	2
4	3
5	6
6	4
7	2
16391	1
8	3
9	1
10	2
12	2
13	1
14	3
15	2
16399	1
16	1
16400	1
17	5
18	1
19	4
20	7
16404	1
21	2
22	5
23	3
24	6
25	8
26	8
27	9
28	9
29	4
30	1
31	5
32	2
16416	1
33	3
16418	2
34	4
35	5
36	4
37	4
38	4
39	4
40	10
41	3
42	5
43	4
44	2
45	7
46	5
47	3
48	3
49	5
50	5
51	4
16435	1
52	4
53	3
54	4
16439	1
55	1
57	4
58	5
59	6
60	3
61	2
62	4
63	3
64	1
65	2
66	9
67	5
16451	1
68	1
69	4
70	6
71	2
72	5
73	2
74	7
75	3
76	6
77	1
16461	2
78	6
79	4
80	1
81	4
82	3
83	5
84	3
85	6
86	2
87	7
88	3
89	3
90	2
91	1
92	3
16477	1
93	1
94	3
95	8
96	5
16480	1
97	5
16481	1
98	3
99	2
100	7
101	3
16486	1
103	6
104	4
105	1
106	3
107	2
108	4
16492	1
109	2
110	5
111	4
112	2
113	5
114	1
115	2
116	2
117	4
118	5
16502	1
119	1
120	3
121	3
122	8
123	3
124	3
125	3
126	1
127	2
128	5
16512	1
129	5
130	8
16514	2
131	4
132	3
133	3
134	6
135	7
136	2
137	2
138	2
139	5
16523	1
140	7
141	5
142	3
143	3
144	1
145	2
147	3
148	3
149	2
150	4
151	8
152	3
153	2
16538	1
154	6
155	3
16539	1
156	9
157	3
158	3
159	2
160	4
16544	1
161	5
162	1
163	6
16547	1
164	3
165	6
166	6
16550	1
167	3
168	6
169	4
170	3
171	2
16555	1
172	3
173	4
174	3
175	7
16559	1
176	3
177	2
178	8
179	6
180	4
181	7
182	2
183	2
184	2
185	3
186	4
187	3
188	6
189	7
16573	1
190	5
16574	1
191	3
192	6
193	3
194	3
195	5
197	4
198	1
199	6
200	1
201	2
202	2
203	6
204	4
205	3
16589	1
16590	1
207	4
16592	1
209	9
210	2
211	2
212	5
213	3
214	3
215	2
216	10
217	3
218	3
219	3
220	6
221	7
16605	1
222	5
223	4
224	5
225	5
226	3
227	4
228	2
229	2
16613	1
230	3
231	3
232	6
16616	1
233	4
234	8
235	2
236	1
237	5
238	6
239	2
16623	1
240	4
241	2
16625	1
242	2
243	2
244	5
245	3
246	7
247	7
248	6
249	7
16634	1
250	2
16635	1
251	1
252	6
16636	1
253	3
254	4
255	7
256	4
257	3
258	4
259	8
260	5
261	2
262	2
263	1
16647	1
264	6
265	3
266	3
267	4
268	10
269	3
270	6
271	2
272	1
16657	1
273	2
274	3
275	6
16659	1
276	7
277	9
278	3
279	4
280	1
281	6
282	2
283	3
284	1
285	6
286	4
287	4
288	2
289	3
16673	1
290	3
291	3
292	1
293	3
294	4
295	3
296	3
16680	1
297	1
298	3
300	3
16684	1
301	2
16685	1
302	3
303	5
304	6
305	3
306	4
307	2
308	5
309	6
310	7
311	7
16695	1
312	2
313	4
314	1
315	3
316	4
317	3
318	3
319	5
320	5
321	1
322	3
323	2
324	3
325	6
326	3
16710	1
327	5
328	2
329	5
330	6
331	2
332	3
333	5
334	3
335	1
336	6
337	1
338	2
339	2
340	6
341	6
342	2
343	6
16727	1
344	3
16728	1
345	5
346	8
347	1
348	4
349	3
350	5
351	6
352	5
353	5
354	4
355	2
356	3
16740	1
358	4
359	5
360	4
361	2
362	1
16746	1
363	3
364	4
365	4
366	7
367	5
368	3
369	4
370	4
371	4
372	5
373	5
374	4
375	1
16759	1
376	4
377	3
378	4
379	2
380	4
381	2
382	4
383	4
384	6
385	5
386	7
387	1
388	3
389	3
390	4
391	5
392	2
393	7
394	3
395	2
396	3
397	5
398	4
400	8
401	4
402	6
403	6
404	6
405	2
406	5
407	5
408	3
409	3
410	3
411	4
412	6
413	6
414	3
415	6
417	7
418	3
419	6
420	6
421	6
422	4
423	9
424	5
425	5
426	2
427	4
428	8
429	4
430	4
431	8
432	10
433	3
434	4
435	3
16819	1
436	6
437	8
438	5
16822	1
439	3
440	3
441	5
442	8
443	3
444	4
445	4
446	3
447	3
448	3
449	2
450	1
451	5
16835	1
452	12
453	7
454	3
16838	1
455	4
456	2
457	2
458	5
459	2
460	11
16844	1
461	4
462	2
463	5
464	1
465	5
466	2
467	3
468	5
16852	1
469	6
470	2
471	7
472	3
473	4
474	6
475	4
476	5
477	3
478	5
479	2
480	2
481	5
482	6
16866	1
483	5
484	3
485	3
486	9
487	3
488	5
489	4
490	5
491	9
492	3
493	4
494	3
495	4
496	2
497	2
498	2
499	5
500	5
501	7
502	5
504	3
505	7
16890	1
506	4
507	6
508	5
509	2
510	6
511	2
512	6
513	4
515	4
516	4
517	1
518	2
519	4
520	7
521	5
522	3
523	1
16908	1
524	3
525	1
526	5
527	6
528	5
529	5
530	5
531	4
532	3
533	2
534	5
535	3
16919	1
536	5
537	5
538	4
539	5
540	5
541	7
542	3
543	3
16927	1
544	7
545	1
546	1
547	3
548	2
549	6
550	2
551	4
552	5
16936	1
553	3
554	6
555	3
556	8
557	9
558	6
559	6
560	3
561	4
562	4
563	2
16947	1
564	5
16948	1
565	2
16950	1
566	2
567	5
569	8
570	3
571	8
572	4
573	4
574	2
575	3
576	6
577	4
578	8
579	2
580	3
581	2
582	5
583	3
584	3
585	2
586	4
587	1
588	5
589	3
590	1
591	6
592	1
593	1
594	6
595	9
596	4
597	4
598	5
599	2
600	7
16984	1
601	3
602	2
603	2
604	2
16988	1
605	4
606	8
607	6
608	4
609	3
610	5
611	6
612	4
613	4
614	6
16998	1
615	3
616	2
17000	1
617	4
618	4
619	8
620	3
621	3
622	5
623	4
17007	1
624	4
625	6
17009	1
626	3
627	5
628	4
629	6
630	4
631	6
632	1
634	3
635	5
17020	1
636	6
637	3
638	2
639	4
640	6
641	1
642	3
643	2
644	7
645	5
646	4
647	4
648	9
649	4
17033	1
650	1
651	7
652	4
653	7
654	2
655	3
17039	1
656	4
657	7
658	2
659	8
660	6
661	5
662	2
663	7
664	6
665	3
666	1
667	4
668	3
669	3
670	1
671	3
672	2
673	4
674	3
675	2
676	3
677	4
678	4
679	5
680	5
681	4
682	2
683	9
684	9
685	4
686	3
687	6
688	2
689	3
690	3
691	5
692	9
693	4
694	4
695	5
17080	2
696	2
697	4
698	2
699	1
700	6
701	7
17085	1
702	2
703	5
705	3
706	2
707	3
708	4
709	8
710	2
711	2
712	2
713	7
714	6
715	1
716	8
717	3
718	2
719	6
720	6
721	3
722	4
723	4
724	2
725	8
726	1
727	5
728	3
729	6
730	1
17114	1
731	4
732	4
733	3
734	3
735	2
17120	1
736	3
737	3
738	5
17122	1
739	5
740	8
741	5
742	1
743	2
744	6
745	14
746	5
747	9
749	2
750	1
751	5
752	8
753	6
754	5
756	2
17140	1
757	3
758	6
17143	1
759	7
760	7
761	3
762	2
17146	1
763	6
764	6
765	5
766	2
767	7
768	2
769	4
770	5
771	5
772	6
773	1
774	5
775	2
776	3
777	2
778	1
779	9
780	3
781	6
782	3
783	2
784	4
785	1
786	2
787	2
788	5
789	7
17173	1
790	3
791	5
17175	1
792	5
793	2
794	6
795	4
796	1
797	2
798	2
800	3
17185	1
801	2
802	3
803	3
804	5
805	5
806	6
807	4
808	6
809	3
810	5
17194	1
811	6
812	3
814	4
815	5
816	2
817	2
818	3
819	4
820	3
821	2
822	3
823	5
824	1
825	6
826	3
827	8
828	5
829	2
830	7
831	8
832	3
833	5
834	2
835	3
836	3
837	4
17221	1
838	4
17222	1
839	3
840	2
841	1
842	2
843	2
844	1
845	5
846	6
847	1
848	5
849	4
17233	1
850	5
851	2
852	7
853	5
854	3
855	4
856	6
858	4
859	7
17243	1
860	5
861	2
862	9
863	4
864	6
865	4
17249	1
866	3
867	1
868	2
869	2
870	5
873	5
874	3
17258	1
875	2
876	3
877	3
878	2
879	8
880	4
881	3
882	5
883	5
885	5
886	6
887	2
888	1
889	2
890	3
17274	1
892	3
17276	1
893	1
894	3
895	8
896	1
897	6
898	1
17282	1
899	5
900	4
901	5
902	4
903	10
904	5
17288	1
905	5
906	6
907	4
908	9
909	5
910	6
911	2
912	4
913	5
914	2
915	4
916	4
917	3
918	5
919	1
920	3
921	1
922	4
923	4
17307	1
924	2
925	3
926	3
17310	1
927	5
928	1
929	2
930	3
931	4
932	4
933	3
934	10
935	1
936	9
937	5
17321	1
938	6
939	1
940	1
941	4
942	3
17326	1
943	4
944	4
945	2
946	2
947	4
948	3
949	4
950	7
17334	1
951	2
952	4
953	4
954	5
955	6
956	4
957	6
958	5
959	5
17343	1
960	6
961	4
962	3
963	4
17347	1
964	2
17348	1
965	2
966	1
967	6
968	10
969	9
971	5
972	6
973	2
974	2
975	3
976	4
977	4
978	8
979	8
980	5
981	3
982	4
983	3
984	8
985	6
986	2
987	4
988	6
989	3
990	3
991	4
992	5
993	4
995	3
996	3
997	5
998	1
999	4
17383	1
1001	4
1002	1
1003	3
1004	3
1005	4
1006	5
1007	6
1008	5
1009	4
1010	1
1011	6
1012	7
1013	3
1014	4
1015	3
1016	2
1017	3
17401	1
1018	2
1019	2
1020	3
17404	1
1021	4
1022	2
1023	1
1024	3
17408	1
1025	7
1026	5
1027	8
1028	4
1029	3
17413	1
1030	5
1031	6
1032	3
1033	4
1034	9
1035	1
1036	2
1037	4
1038	5
1039	2
1040	2
1041	4
1042	4
1043	4
1044	2
1045	3
1046	5
1047	1
1048	6
1049	3
1050	5
1051	2
1052	5
1053	3
1054	2
1055	3
1056	4
17440	1
1057	8
1058	5
1059	5
1060	3
1061	4
1062	2
1063	4
1064	2
1065	7
1066	4
1067	2
1068	1
1069	5
1070	4
1071	3
1072	4
1073	5
1074	3
1075	5
1076	7
1077	8
1078	3
1079	3
1080	1
1081	3
1082	3
1083	5
1084	3
1085	3
1086	10
17471	1
1087	3
1088	4
1089	3
1090	3
1091	4
1092	2
1094	6
1095	7
1096	1
1097	3
1098	3
1099	3
17483	1
1100	8
1101	5
1102	6
1103	3
1104	6
1105	2
17489	1
1106	3
1107	2
1108	4
1109	4
1110	5
1111	3
1112	3
1113	4
1114	2
1115	3
1116	5
1117	5
1118	3
1119	2
1120	2
1121	3
17505	1
1122	3
1123	5
1125	5
1126	5
1127	3
1128	5
1129	1
1130	3
1131	5
1132	4
1133	2
1135	1
1136	5
1137	2
1138	3
1139	2
1140	3
1141	3
1142	7
1143	4
1144	4
1145	7
1146	1
1147	6
1148	4
1149	5
1150	2
1151	3
1152	2
1153	2
1154	2
1155	3
1156	6
1157	7
1158	3
1159	5
1160	6
1161	7
1162	3
1164	4
1165	5
17550	1
1166	2
1167	5
1168	3
1169	3
1170	4
1171	1
1172	5
1173	9
1174	6
1175	2
1176	4
1177	4
1178	7
17563	1
1179	3
1180	3
1181	4
1182	3
1183	3
1184	3
1185	4
1186	3
1187	2
1188	8
1190	5
1191	5
1192	3
1193	2
1195	2
1196	5
1197	3
1198	5
1199	3
1200	7
1201	1
1202	5
1203	2
1205	3
1206	1
1207	6
1208	2
1210	1
1211	1
1212	3
1213	7
1214	6
1215	2
1216	10
1217	3
1218	2
1219	4
1220	4
1221	2
17605	1
1222	5
1223	2
1224	3
1225	5
1226	3
1228	4
1229	3
1230	2
1231	2
1232	6
17616	1
1233	7
1234	4
1235	8
1237	5
1238	5
1239	5
1240	3
1241	1
1242	5
17626	1
1243	5
1244	4
1245	7
1247	6
1248	2
1249	3
1250	3
1251	3
1252	3
1253	1
1254	4
1255	4
1256	3
1257	7
1258	4
1259	3
1260	1
1261	3
17645	1
1262	5
1263	2
1264	5
1265	3
1266	7
1267	6
1268	6
1269	3
1270	3
1271	3
1272	1
1273	4
1274	4
1275	3
1276	2
1278	1
1279	4
17663	1
1280	1
1281	3
1282	4
1283	9
1284	4
1285	5
1286	1
17671	1
1287	7
1288	6
1289	7
1290	4
1291	4
1292	1
1293	4
1294	2
1295	4
1296	2
1297	6
1298	7
1299	7
1300	4
1301	2
1302	3
1303	7
1304	2
1305	4
17689	1
1306	4
1307	7
1308	2
17693	1
1309	1
1310	2
1311	2
1312	3
1313	7
1314	4
1315	8
1316	1
17700	1
1317	2
1318	6
1319	3
1320	7
1321	3
1322	2
1323	7
1324	4
1325	1
1326	3
1327	6
1328	4
1329	5
1330	8
1331	5
1332	2
1333	4
1334	3
17718	1
1335	5
1336	6
1337	1
1338	2
1339	5
17723	1
1340	3
1341	7
1342	6
1343	6
1344	2
1345	4
1346	3
1347	7
1348	3
1349	6
1350	3
1351	2
1352	5
1353	7
1354	4
1355	4
1356	5
1357	2
1358	4
1360	3
1361	3
1362	2
1363	8
1364	5
1366	4
1367	3
1368	1
1369	3
1370	4
17754	1
1371	1
17755	1
1372	4
1373	8
1374	3
1375	4
1376	2
1377	7
1378	3
1379	1
1380	2
1381	4
1382	4
1383	4
1384	1
1385	3
1386	4
1387	4
17771	1
1388	2
1389	10
1390	3
1391	1
1392	6
1393	3
1394	1
1395	2
1396	3
1397	6
1398	5
1399	1
1400	3
1401	6
1402	5
1403	3
1404	7
1405	2
1406	2
1407	4
1408	2
1409	6
1410	4
1411	4
1412	2
1413	5
1414	6
1415	1
1416	3
1417	3
17801	1
1418	5
1419	7
1420	4
1421	6
1422	1
1423	3
1424	9
1425	4
1426	2
1427	2
1428	7
1429	2
1430	8
17814	1
1431	6
1432	5
1433	5
1434	3
1435	2
1436	1
1437	4
1438	3
1439	6
1440	2
1441	2
1442	4
1443	3
1444	7
1445	10
17829	1
1446	3
1447	5
1448	5
1449	5
1450	3
1451	2
1452	2
1453	5
1454	4
1455	4
1456	3
1457	2
1458	4
1459	5
17844	1
1460	2
1461	2
1462	5
1463	3
1464	4
1465	8
1466	2
1467	2
1468	5
1469	3
1470	3
1471	5
1472	3
1473	7
1474	2
1475	4
1476	4
1477	4
17861	1
1478	6
1479	3
1480	2
1481	7
1482	5
1483	5
1484	4
1485	2
1486	1
1487	4
1489	1
1490	5
1491	8
1492	4
1493	3
1494	2
1495	3
1496	4
1497	3
1498	2
1499	9
1500	6
1501	5
1502	8
1503	5
1504	5
1505	4
17889	1
1506	1
1507	3
1508	2
1509	4
1510	6
1511	4
1512	3
1513	4
1514	4
1515	2
1516	6
1517	3
1518	5
1519	6
1520	4
1521	5
1522	3
1523	5
1524	4
1525	4
1526	3
1527	1
1528	4
1529	1
1530	3
1531	3
17915	2
1532	4
1533	3
1534	7
1535	7
1536	4
1537	6
1538	2
1539	3
1540	1
1541	1
1543	3
1544	2
1545	7
17929	2
1546	4
1547	5
1548	3
1549	6
1550	2
1551	2
1552	3
1553	3
1554	4
1555	4
1556	7
1557	2
1558	2
1559	7
1560	1
1561	5
1562	5
1563	6
1564	7
1565	4
1567	3
1569	8
1570	2
1571	6
1572	1
1573	6
1574	6
1575	5
1576	5
1577	8
1578	9
1579	2
1580	4
1581	4
1582	4
1583	4
1584	8
1585	4
1586	3
1587	4
1588	3
1589	4
1590	6
1591	3
1592	9
1593	4
1594	5
1595	5
1596	6
1597	1
1598	2
17983	1
1600	6
1601	4
1602	2
1603	9
1604	2
1605	6
1606	6
1607	7
1608	3
1609	2
1610	2
17994	1
1611	1
1612	6
1613	4
1614	2
1615	2
18000	1
1616	5
1617	2
1618	6
1619	6
1620	5
1621	6
1622	5
1623	5
1624	8
1625	4
1626	1
1627	5
1628	4
1629	6
1630	7
1631	4
1632	2
1633	3
1634	4
1635	6
1636	6
1637	4
1638	2
1639	4
1640	1
1641	8
18025	1
18026	1
1642	3
1643	3
1644	3
1645	4
1646	3
18030	1
1647	1
1648	2
1649	4
1650	3
1651	7
1652	1
1653	4
1654	3
1655	2
1656	4
1657	2
1658	4
1659	4
1660	3
1661	4
1662	4
1663	3
1664	6
1665	5
18049	1
1666	5
1667	6
1668	3
1669	2
1670	4
1671	3
1672	4
1673	3
1674	5
1675	3
1676	3
1677	5
1678	4
1679	3
18063	1
1680	5
1681	2
1682	3
1683	5
1684	4
1685	2
1686	11
1687	4
1688	5
1689	2
1690	2
18074	1
18075	1
1691	1
1692	5
1693	1
1694	3
1695	1
1696	3
1697	4
1698	2
1699	1
1700	3
1701	5
1702	6
1704	8
1705	4
1706	2
1707	3
1708	2
1709	5
1710	2
1711	5
18095	1
1712	2
1713	4
1714	1
1715	2
1716	2
1717	9
1718	3
18102	1
1719	3
1720	6
18104	1
1721	2
1722	2
1723	5
1724	5
1725	6
1726	6
1727	1
1728	2
1729	8
1730	7
1731	4
1732	3
1733	6
1734	1
1735	5
1736	7
1737	4
1738	4
1739	7
1741	2
1742	4
1743	3
1744	7
1745	3
1746	5
1747	4
1748	8
1749	7
1750	4
1751	3
18135	1
1753	2
1754	4
1755	7
1756	4
1757	3
1758	5
1759	2
1760	5
1761	3
18145	1
1762	4
1763	2
1764	4
1765	5
1766	7
1767	3
1768	5
1769	2
1770	4
1771	4
1772	4
1773	7
1775	2
1776	5
18160	1
1777	2
1778	8
1779	1
1780	8
1781	5
1782	4
1783	3
1784	3
1785	5
1786	6
1787	2
1788	4
1789	2
18173	1
1790	5
1791	4
1792	2
1793	5
18177	1
1794	3
1795	4
1796	5
1797	4
1798	8
18182	1
1799	3
1800	6
1801	4
1802	2
1803	3
1804	3
18188	1
1805	4
1806	3
1807	4
1808	4
1809	4
1810	2
1811	5
1812	4
18196	1
1813	4
1814	5
1815	11
1816	8
1818	3
1819	6
1820	6
1821	5
1822	3
1823	4
1824	3
1825	8
1826	1
1827	5
1828	5
1829	4
1830	6
1831	5
1832	6
1833	4
1834	3
1835	4
1836	3
1837	1
1838	5
1839	6
1840	1
1841	3
1842	2
1843	4
1844	4
1845	6
1846	4
18230	1
1847	2
1848	2
1849	5
1850	6
18234	1
1851	3
1852	3
1853	6
1854	3
1855	4
1856	2
1858	2
1859	3
18243	1
1860	2
1861	2
1862	3
1863	6
1864	1
1865	4
1866	2
1867	1
1868	3
1869	4
1870	3
1871	3
1872	2
1873	2
1874	6
1875	5
1876	6
18260	1
1877	4
1878	5
1879	1
1880	7
1882	4
1883	1
1884	1
1885	4
1886	3
1887	3
1888	9
18272	1
1889	4
1890	3
1891	4
1892	2
1893	4
1894	5
1895	5
18280	1
1896	3
1897	5
1898	3
1899	1
1900	8
1901	3
1902	5
1903	3
1904	3
1905	5
1906	2
1907	6
1908	5
1909	6
1911	4
18295	1
1912	6
1913	2
1914	2
1915	3
1916	2
1917	1
1918	5
1919	3
1920	7
1921	3
1922	2
1923	4
1924	3
1925	5
1926	3
1927	3
1928	3
1929	4
1930	5
1931	3
1932	7
1933	2
1934	5
1935	8
1936	6
1937	2
1938	2
1939	6
1940	3
1941	3
1942	3
1943	5
1944	2
1945	3
1946	2
1947	1
1948	5
1949	5
1950	1
1951	3
1952	6
18336	1
1953	5
1954	4
1955	5
1956	3
1957	4
1958	3
1959	2
18343	1
1960	9
1961	5
1962	2
1963	5
1964	2
1965	3
1966	4
1967	1
1968	1
1969	3
1970	4
1971	2
1972	4
1973	5
1974	4
1975	5
1976	5
1977	2
1978	5
1979	2
1981	3
1982	1
1983	2
1984	3
1985	6
1986	3
1987	2
1988	4
1989	2
1990	4
1992	5
1993	4
1994	5
1995	3
1996	2
1997	3
1999	2
2000	4
2001	9
2002	7
2003	3
2004	2
2005	7
2006	3
2007	4
18391	1
2008	1
2009	2
2010	3
2011	3
2012	3
2013	5
2014	4
2015	4
2016	2
18400	1
2017	5
2018	2
2019	1
2020	9
18404	1
2021	5
2022	5
2023	10
2024	1
2025	4
2026	5
2027	3
2028	5
2029	3
2030	2
2031	1
2032	2
2033	3
2034	2
2035	3
2036	4
2037	3
2038	4
2039	2
2040	9
2041	3
2042	1
2043	2
2045	8
2046	1
2047	3
2048	2
2049	3
2050	3
2051	3
2052	2
2053	3
2054	1
2055	3
2056	4
2057	7
2058	4
2059	5
2060	5
2061	4
2062	6
2063	4
2064	2
2065	7
2066	3
2067	7
2068	4
2069	5
2070	4
2071	3
2072	1
2073	3
2074	6
2075	6
2076	2
18460	1
2077	2
2078	5
2079	6
2080	4
2081	5
2082	6
2083	4
2084	4
2085	5
2086	3
2087	7
2088	1
2089	2
2090	1
2091	8
2092	3
2093	3
2094	2
2095	6
2096	5
2097	4
2098	9
2099	4
2100	4
2101	3
2102	3
2103	5
2104	3
2105	6
2106	4
2107	6
2108	6
2109	1
2110	7
2111	2
2112	4
2113	5
2114	4
2115	4
2116	6
2117	5
2118	5
2119	7
2120	2
2121	3
2122	4
2123	5
2124	2
2125	4
2126	4
2127	8
2128	6
2129	3
2130	3
2131	5
2132	4
2133	6
2134	6
2135	5
2136	4
2137	10
18521	1
2138	6
18522	1
2139	4
2140	2
2141	3
2142	5
18526	1
2143	7
2144	2
2145	6
2146	6
2147	5
2148	6
2149	2
2150	3
2151	9
2152	4
2153	3
2154	4
2155	3
2156	2
2157	6
2158	4
2159	3
2160	3
2161	6
2162	2
2163	7
2164	5
2165	1
2166	5
2167	4
2168	3
2169	5
2170	4
2171	6
2172	3
2173	3
2174	3
2175	5
2176	1
2177	1
2178	5
2179	5
2180	1
2181	1
2182	6
2183	8
2184	2
2185	3
2186	2
2187	5
2188	7
2189	3
2190	5
2191	7
2192	5
2193	8
2194	1
2195	4
2196	9
2197	2
2198	7
2199	7
2200	4
2201	3
2202	3
2203	4
2204	4
2205	4
2206	5
2207	1
2208	4
2209	4
2210	1
2211	3
2212	3
2213	3
2214	3
2215	4
2216	6
2218	1
2219	2
2220	3
2221	2
2222	7
2223	2
2224	5
2225	3
2226	2
2227	3
2228	3
2229	4
2230	4
2231	3
2232	7
2233	4
2234	3
2235	10
2236	4
2237	4
2238	4
2239	2
18623	1
2240	4
2241	6
2242	3
2243	1
2244	7
2245	7
2246	3
2247	5
2248	3
2249	4
2250	3
2251	2
2252	4
2253	5
2254	4
2255	5
2256	3
2257	5
2258	2
2259	4
18643	1
2260	2
2261	6
2262	5
2263	7
2264	5
2265	2
2266	6
2267	1
2268	6
2269	3
2270	4
2271	2
2272	5
2273	4
2274	1
2275	3
2277	1
2278	5
18662	1
2279	2
2280	2
2281	5
2282	2
2283	6
2284	4
2285	2
2286	2
2287	2
2288	1
2289	5
2290	5
18674	1
2291	3
2292	3
18677	1
2293	1
2294	6
2295	5
2296	4
2297	4
2298	2
2299	3
2300	2
2301	4
2302	2
2303	2
2304	5
2305	3
2306	4
2307	4
2308	5
2309	4
2310	5
2311	6
2312	1
2313	2
18697	1
2314	5
2315	4
18699	1
2316	2
2317	5
2318	3
2319	6
2320	4
2321	4
2322	7
2323	4
2324	6
2325	3
2326	4
2327	5
2328	2
2329	2
2330	6
18714	1
2331	8
2332	6
2333	6
2334	4
2335	8
2336	2
2337	4
2338	6
2339	8
2340	6
2341	4
2343	2
2344	4
2345	3
2346	4
2347	7
2348	5
2349	6
2350	4
2351	3
2352	2
2354	3
2355	2
2356	3
2357	5
2358	3
2359	6
2360	5
2361	1
2362	6
2363	2
2364	4
2365	1
2366	2
2367	6
2368	7
2369	6
2370	6
2371	2
2372	2
2373	5
2374	6
2375	3
2376	2
18760	1
2377	5
2378	4
2379	5
2380	2
2381	7
2382	3
2383	7
2384	7
2385	5
2387	3
2388	3
2389	2
2390	3
18774	1
2391	6
2392	4
2393	4
2394	4
2395	3
2396	4
2397	3
2398	7
2399	4
2400	3
2401	2
2402	1
2403	3
2404	2
2405	5
2406	2
2407	2
2408	2
2409	4
2410	4
2411	6
2412	4
2413	2
2414	4
2415	3
2416	5
2417	3
2418	3
2419	1
2420	3
2421	5
2422	4
2423	5
2424	2
2425	4
2426	6
2427	5
2428	2
2430	7
2431	6
2432	3
2433	4
2434	4
2435	5
2436	4
2438	3
2439	6
2440	3
18825	1
2441	2
2442	2
2443	2
2444	2
2445	3
2446	2
2447	2
2448	1
2449	10
2450	2
2451	4
2452	3
2453	1
2454	2
2455	6
2456	5
2457	3
2458	6
2459	5
2460	3
2461	5
2462	5
2463	1
2464	11
2465	3
2466	5
2467	1
2468	3
2470	3
2471	6
2472	1
2473	4
2474	8
2475	3
2476	3
2477	4
2478	4
2479	2
2480	6
2481	2
2482	8
2483	6
2484	3
2485	5
2486	4
2487	5
2488	3
2489	2
2491	4
2492	4
2493	2
2494	5
2495	4
2496	5
2497	2
2498	4
2499	1
2500	2
2501	1
2502	6
2503	6
2504	2
2505	2
2506	4
2508	6
2509	3
2510	6
2511	2
2512	4
2513	5
2514	7
2515	3
2516	2
2517	4
2518	2
2519	5
2520	5
2521	1
2522	2
2523	5
2524	2
18908	1
2525	2
2526	7
2527	7
2528	2
2529	3
2530	2
2531	2
2532	4
2533	3
2534	2
2535	4
2536	1
2537	7
2538	4
2539	5
2540	5
18924	1
2541	2
2542	2
2543	4
2544	2
2545	6
2546	3
2547	5
2548	6
2549	3
2550	4
2551	1
2553	4
2554	3
2555	6
2556	4
2557	3
2558	7
2559	8
2560	4
2561	6
2562	3
2563	5
2564	6
2565	3
2566	3
2568	7
2569	5
2570	4
2571	1
2572	3
2573	7
2574	5
2575	4
2576	7
2577	5
18961	1
2578	2
2579	9
2580	1
2581	1
2582	4
2583	3
2584	7
2585	4
2586	3
2587	7
2588	6
2589	5
2590	5
2591	3
2592	8
2593	1
2594	4
2595	5
2596	6
2597	4
2598	7
2599	6
2600	3
2601	6
2602	7
2603	3
2604	4
2605	2
2607	1
2608	5
2609	4
18993	1
2610	4
2611	2
2612	3
2613	3
2614	1
2615	4
2616	1
2617	2
2618	7
2619	4
2620	2
2621	2
2622	4
2623	4
2624	4
2625	1
2626	2
2627	3
2628	8
2629	7
2630	2
2631	4
19016	1
2632	2
2633	3
2634	7
19018	1
2635	2
2636	2
2637	3
2638	7
2639	2
2640	13
2641	4
2642	4
2643	4
2644	4
2645	6
19029	1
2646	7
2647	1
2648	3
2649	4
2650	3
2651	3
2652	4
2653	5
2654	8
2655	6
2656	2
2657	2
2658	3
2659	1
2660	8
2661	4
2662	2
2663	2
2664	2
2665	3
2666	2
2667	3
2668	3
2669	6
2670	5
2671	4
2672	5
2673	4
2674	3
19058	1
2675	4
2676	2
2677	5
2678	4
2679	7
2680	7
2681	4
19066	1
2682	2
2683	1
2684	3
2685	4
2686	6
2687	5
2688	6
2689	4
2690	2
19074	1
2692	3
2693	2
2694	2
2695	2
2696	8
2697	3
2698	2
2699	3
2700	3
19084	1
2701	3
2702	4
2703	1
2704	1
2705	5
2706	6
2707	4
2708	3
2709	6
2710	2
2711	4
19095	1
2712	2
2713	2
2714	4
2715	3
2716	3
2717	4
2718	2
2719	6
2720	4
2721	6
2722	4
2723	2
2724	7
19108	1
2725	4
2726	6
2727	2
2728	6
2729	2
2730	3
2731	3
2732	6
2733	5
2734	3
2736	2
2737	5
2738	2
19122	1
2739	3
2741	6
2742	4
2743	1
19127	1
2744	4
2745	4
2746	1
2747	6
2748	5
2749	6
2750	3
2751	5
2752	4
2753	5
2754	3
2755	5
19139	1
2756	2
2757	8
2758	3
2759	3
2760	5
2761	4
2762	4
2763	3
2764	4
2765	3
2766	2
2767	2
2768	7
2769	6
2770	4
2771	6
2772	1
2773	2
2774	5
2775	4
2776	3
2777	5
2778	3
2779	3
2780	6
2781	4
2782	4
2783	3
2784	4
2785	5
2786	2
2787	4
2788	6
2789	7
2790	4
2791	3
2792	5
2793	2
2794	4
2795	3
2796	1
2797	4
2798	4
2799	6
2800	3
2801	2
2802	3
2804	7
2805	1
2806	5
2808	2
2809	3
2810	3
2811	3
2812	3
19196	1
2813	3
2814	3
2815	2
2816	7
2817	6
2818	6
2819	4
2820	5
2821	3
2822	4
2823	4
2824	3
2825	5
2826	4
2827	5
2828	2
2829	5
2830	5
2831	5
2832	7
2833	3
2834	3
2835	3
2836	3
2837	4
2838	3
2839	2
2840	2
2841	4
2842	2
2843	1
2844	1
19228	1
2845	5
2846	2
2847	4
2848	5
2849	6
2850	2
2851	1
2853	2
19237	1
2854	3
2855	2
2856	1
2857	2
2858	4
2859	5
2860	5
2861	6
2862	3
2863	6
2864	2
2865	3
2866	4
2867	5
2869	4
2870	2
2871	5
2872	5
2873	6
2874	6
2875	3
2876	5
2877	4
2878	5
2879	5
2880	7
2881	4
2882	3
2883	4
2884	8
2885	1
2886	4
2887	6
2888	3
2889	7
2890	9
2891	7
2892	2
2893	4
2894	5
2895	2
2896	4
2897	6
2898	3
2899	4
2900	10
2901	2
2902	4
2903	4
2904	2
2905	4
2906	4
2907	2
2908	6
2909	7
2910	4
2911	3
2912	6
2913	1
2914	3
2915	3
19299	1
2916	3
2917	2
2918	2
2919	7
2920	6
2921	3
2922	5
2923	4
2924	4
2925	9
2926	1
2927	3
2928	3
2929	4
2930	5
2931	3
2932	2
2933	5
19318	1
2935	5
2936	6
2937	4
2938	3
2939	7
2940	2
2941	5
2942	1
2944	3
2946	2
2947	4
2948	4
2949	2
2950	5
2951	1
2952	6
2953	6
2954	7
2955	5
2956	1
2957	6
2958	1
2959	2
2960	6
2961	5
2962	3
2963	8
2964	4
2965	5
2967	7
2968	4
2969	4
19353	1
2970	6
2971	5
2972	6
2973	5
2975	5
2976	3
2977	4
2978	3
2979	4
2980	5
2981	3
2982	4
2983	8
2984	3
2985	9
2986	4
2987	6
2988	3
2989	3
2990	2
2991	3
2992	5
2993	4
2994	3
2995	6
2996	6
2997	5
2998	3
2999	3
3000	8
3001	8
3002	7
3003	5
3004	6
3005	3
3006	4
3007	4
3008	1
3009	6
3010	7
3011	4
3012	5
3013	1
3015	5
3016	5
3017	3
3018	4
3019	4
19403	1
3020	3
3021	3
3022	2
3023	5
3024	5
3025	5
3026	1
3027	5
3028	1
3029	2
3030	2
3031	4
3032	5
3033	5
3035	3
3036	3
3037	8
3038	2
3039	5
3040	5
3041	2
3042	5
3043	4
3044	4
3045	4
3046	4
3047	6
19432	1
3048	2
3049	2
3050	3
19434	1
3051	4
3052	4
3053	2
3054	3
3055	2
3056	6
3057	2
3058	5
3059	1
3061	5
3062	9
3063	2
3064	2
3065	2
3066	2
3067	7
19451	1
3068	2
3070	7
3071	1
3072	3
3073	5
3074	2
3075	6
3076	3
3077	1
3078	4
3079	4
3081	2
3082	4
3083	1
3084	3
3085	5
3086	2
3087	3
3088	4
3089	4
19474	1
3090	2
3091	3
3092	3
3093	2
3094	6
3095	4
3096	1
3097	1
3098	3
3099	6
3100	3
3101	4
3102	2
3103	2
3104	3
3105	6
3106	4
3107	5
3108	2
3109	6
19493	1
3110	4
3111	4
3112	6
19496	1
3113	3
3114	3
3115	5
3116	3
3117	3
3118	2
3119	3
3120	3
3121	1
3122	1
3123	6
3124	3
3125	3
3126	5
3127	6
3128	6
3129	8
3130	2
19514	1
3131	4
3132	4
3133	5
3134	1
3135	5
3136	2
3137	2
3138	5
3139	6
3140	7
3141	6
3142	6
3143	6
3144	8
3146	1
3147	2
3148	3
3149	7
3150	4
3151	6
3152	4
3153	3
3154	3
3155	4
19539	1
3156	7
3157	6
3158	6
3159	3
3160	7
3161	3
3162	2
19546	1
3163	2
3164	5
3165	2
3166	4
3167	1
3168	2
3169	5
3170	4
19554	1
3171	2
3172	3
3173	8
3174	1
3175	4
3176	2
3177	6
3178	6
19562	1
3179	6
3180	1
3182	3
3183	6
3184	4
3185	5
3186	4
3187	2
3188	1
3189	4
3190	4
3191	5
3192	3
3193	2
3194	4
3195	7
3196	4
3197	10
3198	4
3199	5
3200	3
3201	7
3202	1
3203	2
3204	3
3205	2
19589	1
3206	2
3207	4
3208	6
3209	4
3210	11
3211	3
3212	4
3213	4
3214	5
3215	3
3216	3
3217	6
3218	3
3219	4
3220	6
3221	6
3222	3
3223	3
3224	4
3225	6
3226	2
3227	6
3228	2
3229	3
3230	1
3231	7
3232	4
3233	3
3234	5
3236	7
3237	5
3238	4
3239	4
3240	4
3241	4
3242	3
3243	5
3244	4
3245	5
3246	3
3247	2
3248	2
3249	3
3250	6
3251	7
3252	2
3253	5
3254	1
3255	5
19639	1
3256	4
3257	3
3258	2
3259	2
3260	4
3261	4
3262	7
19646	1
3263	4
3264	6
3265	4
3266	4
3267	2
3268	3
3269	6
3270	7
19654	1
3271	3
3272	3
3273	3
3274	3
3276	7
3277	4
3278	4
3279	2
3280	3
3281	6
3282	4
3283	3
3284	9
19668	1
3285	1
3286	8
3287	4
3288	2
3289	4
3290	6
3291	2
3292	3
3293	4
3294	2
3295	3
3296	8
3297	5
3298	2
3299	2
3300	2
3301	3
3303	2
3304	6
3305	4
3306	8
3307	2
3308	1
3309	7
3310	6
3311	5
3312	4
3313	4
3314	2
3315	6
3316	1
3317	3
3318	1
3319	5
3320	5
3321	2
3322	2
3323	1
3324	8
3325	1
3326	6
3327	3
3328	5
3329	4
3330	1
3331	5
3332	3
3333	5
3334	3
3335	3
3336	1
3337	3
3338	7
3339	2
19723	1
3340	6
3341	6
3342	2
3343	3
3344	3
3346	2
3347	3
3348	2
3349	5
3350	5
3351	5
3352	4
3353	3
3354	8
3355	1
3356	4
3357	1
3358	5
3359	2
3360	3
3361	1
3362	2
3363	1
3364	1
3365	7
3366	2
3367	3
3368	5
3369	8
3370	5
3371	3
3372	4
3373	1
3374	1
3375	6
3376	7
3377	3
3378	8
3379	2
3380	1
3381	3
3382	5
3383	2
3384	3
3385	3
3386	4
3387	3
3388	3
3389	5
3390	3
3391	3
3392	2
3393	7
3394	2
3395	2
3396	2
3397	1
3398	3
3399	6
3400	4
3401	3
3402	3
3403	1
3404	4
3405	3
3406	4
3407	4
3408	1
3409	2
3410	3
3411	3
3412	7
3413	4
3414	5
3415	4
3416	3
3417	4
3418	8
3419	4
3420	2
3421	8
3422	4
3423	4
3424	5
3425	5
3426	2
3427	4
3428	3
3429	4
3430	5
3431	5
3432	5
3433	7
3434	2
3436	1
3437	4
3438	5
3439	2
3440	6
3441	5
3442	3
3443	5
3444	2
3445	4
3446	5
3447	5
3448	6
3449	3
3450	5
3451	4
3452	3
3453	2
3454	2
3455	1
3456	4
3457	6
3458	3
3459	4
3460	1
3461	6
3462	3
3463	2
3464	3
3465	4
3466	5
3467	7
3468	5
3469	1
3470	5
19854	1
3471	5
3472	2
3473	6
3474	2
3475	1
3476	4
3477	8
3478	1
3479	6
3480	5
3481	5
3482	1
3483	5
3484	4
19868	1
3485	5
3486	3
3487	11
3488	9
3489	3
3490	2
3491	10
3492	5
3493	1
3494	5
3495	4
3496	6
3497	1
3498	3
3499	3
3500	6
3501	1
3502	5
3503	3
3504	2
3505	4
3506	1
3507	4
3509	1
3510	3
3511	4
3512	5
3513	3
3514	5
3515	2
3516	2
3517	1
3518	2
3519	1
3520	5
3521	6
3522	2
3523	3
3524	3
3525	5
3526	5
3527	7
3528	4
3529	2
3530	5
3531	5
3532	3
3533	2
3534	6
3535	6
3536	10
3537	2
3538	1
3539	5
3540	5
3541	4
3542	6
3543	4
3544	5
3545	3
19930	1
3546	3
3547	5
3548	3
3549	3
19933	1
3550	3
3551	7
3552	4
3553	4
3554	4
3555	6
3556	3
3557	3
3558	7
3559	2
3560	7
3561	4
3562	4
3563	3
3564	2
3565	5
3566	3
3567	3
3568	5
3569	1
3570	2
3571	2
3572	5
3573	6
3574	2
3575	4
3576	5
3577	3
3578	5
3579	6
3580	4
3581	2
3582	2
3583	4
3584	4
3585	2
3586	3
3587	1
3588	3
3589	4
3590	5
3591	6
3592	2
3593	4
3594	1
3595	4
3596	8
3597	4
3598	2
3599	6
3600	3
3601	2
3602	2
3603	4
3604	3
3605	2
3606	1
3607	2
3608	3
3609	2
3610	3
3611	2
3612	2
3613	6
3614	3
19999	1
3616	6
3617	8
3618	4
3619	5
3620	3
3621	5
3622	1
3623	2
3624	3
3625	1
20009	1
3626	9
3627	3
3629	5
3630	3
3631	3
3632	4
3633	3
3634	6
3635	3
3636	1
3637	4
3638	4
3639	7
3640	2
3641	2
3642	5
20026	1
3643	2
3644	4
3645	2
3646	10
3647	1
3648	4
3649	1
3650	1
3651	2
3652	2
3653	2
20037	1
3654	2
3655	4
3656	5
3657	3
3658	4
3659	2
3660	6
3661	2
3662	5
3663	1
3664	4
3665	3
3666	4
3667	6
20051	1
3668	2
3669	3
3670	7
3671	3
3672	1
3673	3
3674	4
3675	3
3676	7
20060	1
3677	3
3678	4
3679	1
3680	3
3681	6
3682	9
3683	4
3684	1
3685	2
3686	2
3687	5
3688	4
3689	4
3690	3
3691	2
3692	2
3693	3
3694	1
3695	2
3696	3
3697	4
3698	2
3699	1
3700	5
3701	1
3702	5
3703	5
3704	3
3705	3
3706	1
3707	4
3708	3
3709	2
3710	1
3711	3
3712	2
3713	2
3714	3
20098	1
3715	6
3716	2
3717	2
3718	6
3719	4
3720	3
3721	4
3722	8
3723	2
3724	1
3725	8
3726	5
3727	2
3728	7
3729	5
3730	1
3731	7
20115	1
3733	2
3734	3
3735	4
3736	4
3737	4
3738	5
3739	5
3740	4
3741	5
3742	1
3743	1
3744	5
3745	4
3746	3
3747	5
3748	5
3749	6
3750	3
3751	1
3752	4
3753	10
3754	5
3755	3
3756	6
3757	3
3758	6
20142	1
3759	2
3760	2
3761	7
3762	4
3763	4
3765	4
3766	7
3767	2
3768	2
3769	3
3770	5
3771	3
3772	4
3773	5
3774	4
3775	2
3776	3
3777	3
3778	1
3779	4
3780	5
3781	4
3782	5
3783	5
3784	4
3785	3
3786	4
3787	4
3788	2
3789	3
3790	5
3791	1
3792	3
3793	1
3794	2
3797	6
3798	3
3799	1
3800	2
3801	1
3802	4
3803	4
3804	1
3805	5
3807	3
3808	5
3809	2
3810	3
3811	7
3812	8
3813	9
3814	2
3815	3
3816	3
3817	4
3818	4
3819	1
3820	3
3822	4
3823	4
3824	5
3825	4
3826	3
3827	3
3828	2
3829	1
3830	7
3831	4
3832	6
3833	5
3834	4
3835	4
3836	3
3837	2
3838	1
3840	3
3841	5
3842	3
3843	4
3844	5
3845	6
3846	1
3847	6
3848	3
3849	3
3850	3
3851	5
3852	4
3853	3
3854	5
3855	4
3856	4
3857	3
3858	6
3859	5
3860	6
3861	1
3862	6
3863	3
3864	4
3865	6
3866	2
3867	5
3868	3
3869	5
3870	5
3871	4
3872	2
3873	4
3874	6
3875	8
3876	3
3877	3
3878	2
3879	1
3880	5
3881	3
3883	3
3884	1
3885	3
3886	3
3887	2
3888	6
3890	6
3891	2
3892	6
3893	1
3895	3
3896	4
3897	5
3898	1
3899	5
3900	5
3901	3
3902	3
3903	4
3904	2
3905	6
3906	5
3907	3
3908	7
3909	10
3910	2
3911	7
3912	4
3913	7
3914	4
3915	3
3916	6
3917	4
3918	6
3919	2
3920	2
3921	3
3922	2
3924	3
3925	5
3927	1
3928	7
3930	4
3931	3
3932	3
3933	5
3934	4
3935	2
3936	10
3937	3
3938	2
3939	2
3940	7
3941	6
3942	3
3943	4
3944	4
3945	5
3946	1
3947	2
3948	3
3949	1
3950	4
3951	3
3952	5
3953	1
3954	5
3955	3
3956	3
3957	4
3958	2
3959	5
3960	4
3961	1
3962	6
3963	4
3964	1
3965	4
3966	2
3967	3
3968	2
3969	4
3970	2
3971	1
3972	2
3973	3
3974	4
3975	1
3976	3
3977	1
3978	3
3979	4
3981	8
3982	3
3983	3
3984	4
3985	5
3986	1
3987	6
20371	1
3988	5
3989	3
3990	5
3991	1
3992	1
3993	2
3994	3
3995	10
3996	5
3997	2
3998	1
3999	6
4000	4
4001	4
4002	6
4003	4
4004	5
4005	3
4006	2
4007	2
4008	3
4009	2
4010	2
4011	2
4012	3
4013	4
4014	3
4015	4
4016	3
4017	3
4018	2
4019	6
4020	2
4021	7
4022	2
4023	3
4024	1
4025	3
4026	3
4027	6
4028	3
4029	1
4030	2
4031	4
4032	1
4033	3
4034	3
4035	6
4036	2
4037	5
4038	1
4039	6
4040	4
4041	2
4042	4
4043	5
4044	2
4045	2
4046	2
4047	5
4048	3
4049	4
4050	3
4051	4
4052	3
4053	2
4054	2
4055	3
4056	6
20440	1
4057	3
4058	5
4059	3
4060	3
4061	1
4062	5
4063	3
4064	3
4065	6
4066	3
4067	2
4068	4
4069	4
4070	3
4072	7
4073	3
4074	2
4075	2
4076	1
20460	1
4077	5
4078	5
4079	5
4080	4
4081	4
4082	2
4083	5
4084	6
20468	1
4085	3
4086	3
4087	1
4088	1
4089	4
4090	2
20474	1
4091	2
4092	4
4093	5
4094	2
4095	1
4096	4
4097	3
4098	2
4099	5
4100	2
4101	5
4102	4
4103	1
4104	4
4105	5
4106	3
4107	1
4108	4
4109	3
4110	1
4111	8
4112	3
4113	5
4114	2
4115	3
4116	2
4117	2
4118	1
4119	1
4120	2
4121	2
4122	1
4123	3
4124	2
4125	1
4126	4
4127	4
4128	4
4129	5
4130	3
4131	4
4132	2
4133	2
4134	1
4135	1
4136	4
4137	3
4138	6
4139	8
4140	2
4141	7
4142	3
4144	3
4145	3
4146	2
20530	1
4147	3
4148	2
4149	2
4150	1
4151	3
4152	5
4153	1
4154	4
4155	3
4156	2
4157	2
4158	2
4159	4
4160	2
4161	5
4162	9
4163	3
4165	4
4166	4
4167	4
4168	3
4169	3
4170	2
4171	3
4172	4
4173	3
4174	4
4175	7
4176	4
4177	4
4178	2
4179	3
4180	3
4181	2
4182	5
4183	2
4184	1
4186	4
4188	2
4189	3
4190	8
4191	7
4192	2
4193	1
4194	2
4195	4
20579	1
4196	3
20580	1
4197	1
4198	3
4199	4
4200	5
4201	4
4202	4
4203	3
4204	5
4205	1
4206	2
4207	3
4208	2
4209	7
4210	3
4211	5
4212	1
4213	6
4214	1
4215	1
4216	2
4217	2
4218	4
4219	5
4220	1
4221	1
4222	3
4223	4
4224	2
4225	1
4226	3
4227	5
4228	4
4229	4
4230	7
4231	3
4232	3
4233	1
4234	1
4235	1
4236	2
4237	3
4238	4
4239	2
4240	2
4241	2
4242	1
4243	3
4244	4
4245	5
4246	3
4247	3
4248	4
4249	4
4250	2
4251	3
4252	2
4253	1
4254	3
4255	4
4256	2
4257	3
4258	3
4259	2
4260	2
4261	4
4262	4
4263	5
4264	2
4265	4
4266	8
4267	6
4268	1
4269	2
4270	3
4271	2
4272	1
4273	1
4274	3
4275	4
4276	1
4277	1
4278	1
4279	4
4280	3
4281	6
4282	2
4283	4
4284	2
4285	5
4286	6
4287	1
4288	2
4289	4
4290	6
4291	1
4292	4
4293	3
4294	5
4295	3
4296	2
4297	3
4298	2
4299	3
4301	5
4302	5
4303	5
4304	3
4305	3
4306	5
4307	2
4308	3
4309	3
4310	6
4311	3
4312	7
4313	5
4314	3
20698	1
4316	2
4317	2
4319	3
4320	7
4321	4
4322	1
20706	1
4324	1
4325	2
4326	1
4327	3
4328	5
4329	4
4330	3
4331	2
4332	7
4333	7
4334	7
4335	2
4336	1
4337	1
4338	3
4339	1
4340	9
4341	1
4342	3
4343	2
4344	2
4345	2
4346	2
4347	6
4348	2
4349	3
4351	7
4352	3
4353	1
4354	5
4355	1
4356	3
4357	2
4358	1
4359	2
4360	2
4361	5
4362	1
4363	1
4364	4
4365	3
4366	3
4368	3
4369	4
4370	3
4371	2
4372	7
4373	1
4374	2
4375	3
4376	2
4377	6
4378	3
4380	5
4381	5
4382	5
4383	4
4384	1
4385	1
4386	3
20770	1
4387	4
4388	4
4389	1
4390	3
4391	4
4392	2
4394	1
4395	2
4396	2
4397	4
4398	7
4399	3
4400	2
4401	3
4402	1
4403	2
4404	4
4405	4
4407	2
4408	3
4409	1
4410	5
4411	1
4412	6
4413	4
4414	2
4415	3
4416	4
4417	4
4418	2
4419	5
20803	1
4420	5
4421	5
4422	3
4423	3
4424	3
4425	4
4426	3
4427	3
4429	1
4430	2
4431	2
4432	1
4433	2
4434	4
4435	6
4436	1
4437	4
4438	4
4439	7
4440	2
4441	3
4442	5
4444	5
4445	1
4446	5
4447	1
4448	1
4449	7
4450	4
4451	2
4452	3
4453	4
4454	3
20838	1
4455	4
4456	3
4457	6
4458	4
4459	4
4460	3
4461	1
4462	5
4463	3
4464	3
4465	6
20849	1
4466	5
4467	1
4468	3
4469	1
4470	2
4471	7
4472	4
4473	3
4474	2
4475	3
4476	2
4477	2
4478	2
4479	4
4480	1
4481	2
4482	1
4483	3
4484	3
4485	2
4486	1
4487	5
4488	5
4489	3
4490	2
4491	1
4492	8
4493	1
4494	3
4495	1
4496	4
4497	5
4498	6
4499	6
4500	5
4502	6
4503	3
20887	1
4504	4
4505	2
4506	1
4507	3
4508	2
4509	3
4510	1
4511	1
4512	4
20897	1
4514	2
4515	1
4516	2
4517	1
4518	3
4519	1
4520	4
4521	3
4522	4
4523	4
4524	2
4525	3
4526	3
4527	3
4528	4
4529	2
4530	5
4531	2
4532	4
4533	7
4534	6
4535	1
4536	3
4537	5
4539	1
4540	4
4541	3
4542	1
4543	2
4544	1
4545	1
4546	2
4548	1
4549	2
4550	7
4551	4
20936	1
4553	4
4554	2
4555	3
4556	3
4557	2
4558	4
4560	6
4561	1
4563	3
4564	2
4565	6
4566	3
4567	3
4568	7
4569	3
4571	4
4572	4
4573	1
4574	2
4575	5
4576	5
4577	4
4578	5
4579	2
4580	4
4581	3
4582	3
4583	4
4584	3
4585	3
4586	3
4587	3
4588	2
4589	5
4590	3
4591	1
4592	4
4593	3
4594	5
4595	4
4596	3
4597	3
4598	5
4599	5
4600	2
4601	3
4602	7
4603	2
4604	1
4605	4
4606	5
4607	5
4608	1
4609	3
4610	3
4611	2
4612	2
4613	1
4614	2
4615	4
4616	1
4617	1
4618	1
4619	1
4620	1
4621	3
4622	4
4623	1
4624	5
4625	3
4626	2
4627	1
4628	3
4629	3
4630	5
4631	4
4632	8
4633	2
4634	1
4635	4
4636	4
4637	5
4638	4
4639	1
4640	6
4641	7
4642	3
4643	1
4644	3
4645	2
4646	3
4647	2
4648	3
4649	4
4650	4
4651	1
4652	7
4653	4
4654	1
4655	2
4656	2
4657	1
4658	5
4659	2
4660	5
4661	3
4662	4
4663	1
4664	2
4665	9
4666	1
4667	3
4668	3
4669	3
4670	3
4671	4
4672	4
4673	1
4674	2
4675	2
4676	4
4677	4
4678	2
4679	2
4680	2
4681	1
4682	4
4683	5
4684	5
4685	2
4686	2
4687	4
4689	1
4690	6
4691	2
4692	2
4693	1
4694	3
4695	4
4696	4
4697	4
4698	3
4699	3
4700	6
4701	2
4702	4
4703	1
4704	4
4705	2
4706	3
4707	3
4708	2
4709	3
4710	1
4711	2
4712	3
4713	5
4714	1
4715	1
4716	3
4717	1
4718	2
4719	9
4720	8
4721	3
4722	1
4723	3
4724	1
4725	7
4726	3
4727	4
4728	1
4729	9
4730	3
4731	5
4732	4
4733	3
4734	4
4735	4
4736	1
4739	1
4740	2
4741	5
4742	7
4743	1
4744	4
4745	2
4746	2
4747	5
4748	3
4749	1
4750	2
4751	3
4752	4
4753	1
4754	2
4755	1
4756	2
4757	3
4758	4
4759	2
4761	1
4762	2
4763	3
4764	5
4765	4
4766	3
4767	4
4768	2
4769	3
4770	5
4771	4
4772	5
4773	4
4774	2
4775	1
4776	3
4777	5
4778	2
4779	5
4780	3
4781	3
4782	3
21166	1
4783	5
4784	5
4785	1
21169	1
4786	4
4787	1
4788	1
4789	1
4790	2
4791	2
4793	3
4794	4
4795	2
4796	1
4797	1
4798	6
4799	4
4800	3
4801	6
4802	2
4803	4
4804	3
4805	1
4806	7
4807	3
4808	1
4809	4
21193	1
4810	6
4811	2
4812	3
4813	1
4814	1
4815	3
4816	4
4817	3
21201	1
4819	9
4820	2
4822	4
4823	1
4825	2
4826	1
4827	1
4828	3
4829	4
4830	5
4831	1
4832	5
4833	3
21217	1
4835	2
4836	7
4837	5
4838	3
4839	4
4840	2
4841	4
4842	2
4843	4
4844	2
4845	1
4846	3
4847	2
4848	1
4849	4
4851	2
4853	2
4854	6
21239	1
4856	3
21240	1
4857	2
4858	2
4859	2
21244	1
4861	1
4862	3
4863	5
4864	2
4865	3
4866	5
4868	2
4869	5
4870	4
4871	4
4872	1
4873	1
4874	1
4875	3
4876	2
4877	2
4878	1
4879	4
4880	4
4881	3
4882	2
4883	3
4884	2
4885	3
4886	4
4887	3
4888	2
4889	4
4890	5
4891	2
4892	6
4893	4
4894	2
4895	2
4896	4
4897	4
21281	1
4898	1
4899	3
4900	3
4901	2
4902	2
4903	3
4904	3
4905	2
4907	3
4908	3
4909	1
4910	2
4913	3
4915	3
4916	5
4917	3
4918	4
4919	4
4920	4
4921	4
4922	1
4923	4
4924	5
4925	4
4926	2
4927	1
4928	2
4929	2
4930	1
4931	3
4933	2
4934	5
4936	2
4937	2
4938	2
4939	2
4940	4
4941	3
4942	4
4943	2
4944	5
4945	4
4946	2
4947	1
4948	1
4949	2
4950	5
4951	1
4952	4
4953	3
4954	1
4955	4
4956	2
4958	2
4959	5
4960	2
4961	3
4962	1
4963	2
4965	2
4967	1
4969	5
4970	1
4971	3
4972	1
4973	2
4974	2
4975	3
4976	2
4979	3
4980	3
4981	2
4982	1
4983	4
4984	2
4985	3
4986	2
4987	3
4988	2
4989	2
4990	1
4991	3
4992	1
4993	1
4994	2
4995	6
4996	2
4997	1
4998	2
4999	2
5000	4
5001	1
5002	5
5003	2
5005	3
5006	1
5007	3
5008	4
5009	4
5010	3
5011	4
5012	2
5013	4
5014	3
5016	2
5017	2
5018	3
5019	6
5020	3
5021	3
5022	2
5023	2
5024	2
5025	3
5026	3
5027	2
5028	1
5029	4
5030	1
5031	2
5032	1
5033	2
5034	4
5035	3
5036	2
5037	1
5038	3
5039	3
5040	3
5041	1
5042	2
5043	4
5044	5
5045	1
5046	5
5047	1
5048	3
5049	2
5050	3
5051	1
5052	1
5053	2
5054	3
5055	3
5056	2
5057	4
5058	2
5059	3
5061	4
21446	1
5062	5
5063	1
5064	4
5065	4
5066	4
5067	4
5068	3
21452	2
5069	1
5070	3
5072	2
5073	1
5075	4
5076	1
5077	3
5078	4
5079	4
5080	6
5081	2
5082	4
5083	3
5085	1
5086	1
5087	4
5088	3
5089	1
5090	3
5091	4
5092	2
5093	1
5094	3
5095	2
5096	1
5097	1
5098	3
5099	2
5100	1
5101	3
5102	6
5103	1
5104	4
5105	1
5106	5
5107	2
5108	3
5110	2
5111	1
5112	3
5113	2
5114	3
5115	3
5117	1
5118	6
5119	1
5120	1
5121	2
5122	1
5123	4
5124	4
5125	2
5126	1
5127	3
5128	2
5129	1
5130	4
5131	2
5132	2
5133	2
5134	3
5135	3
5136	2
5137	3
5138	1
5140	4
5141	3
5142	3
5143	3
5144	1
5145	4
5146	3
5147	3
5148	1
5149	2
5150	5
5151	4
5152	4
5153	2
5154	3
5155	2
5156	1
5157	3
5158	3
5159	6
5160	1
5161	2
5162	1
5163	4
5164	3
5165	3
5167	2
5168	3
5169	2
5170	3
5171	2
5172	4
5173	1
5174	1
5175	1
5176	1
5177	1
5178	5
5179	4
5181	1
5182	4
5183	2
5184	2
5185	1
5186	4
5187	3
5188	3
5189	3
5190	4
5191	3
5192	1
5193	4
5194	2
5195	4
5196	4
5197	2
5198	3
5199	3
5200	3
5201	4
21585	1
5202	2
5203	3
21587	1
5204	2
5206	3
5208	2
5209	3
5210	2
5211	2
5212	2
5213	2
5214	4
5215	2
5216	5
5217	1
5218	1
5220	3
5221	4
5222	1
5223	5
5224	1
5225	4
5226	2
5227	2
21611	1
5228	1
5229	3
5231	2
5232	1
5233	1
5234	2
5235	1
5237	2
5238	4
5240	1
5241	1
5242	3
5243	4
5244	4
5245	1
5247	3
5248	3
5249	3
5251	4
5252	2
5253	1
5255	5
5256	2
5257	2
5258	3
5259	3
5260	4
5261	3
5262	1
5263	2
5264	1
5265	4
5266	1
5267	1
5268	3
5271	2
5272	2
5273	1
5274	6
5275	1
5276	1
5277	1
5279	1
5281	3
5282	2
5283	3
5284	4
5286	1
5287	3
5288	1
5289	4
5290	3
5291	1
5292	1
5293	3
5294	2
5296	3
5297	2
5298	3
5299	1
5300	5
5301	1
5302	3
5303	6
5304	7
5305	1
5306	1
5307	4
5308	1
5309	2
5311	3
5312	2
5313	3
5314	3
5315	1
5316	2
5317	4
5318	4
5319	1
5320	5
5321	3
5322	4
21707	1
5324	2
5325	5
5326	2
5327	2
5328	2
5330	4
5331	1
5332	3
5333	4
5334	2
5335	3
5336	2
5337	1
5338	2
5339	1
5341	4
5342	5
5343	1
5344	4
5345	1
5346	1
5347	3
5348	3
5349	2
5350	2
5351	4
5352	3
5353	1
5354	5
5355	2
5356	4
5357	1
5358	2
21742	1
5359	2
5360	1
5361	4
21745	1
5362	2
5363	1
5364	5
5365	3
5366	2
5367	1
5368	2
5369	3
5371	2
5373	2
5374	2
5375	1
5377	4
5378	3
5379	4
5380	2
5381	3
5382	1
5383	3
5385	1
5386	4
5387	4
5388	3
5389	1
21773	1
5390	1
5391	4
5392	7
5393	1
5394	3
5395	1
5396	2
5397	2
5398	2
5399	2
5400	3
5401	3
5402	3
5403	3
5404	2
5405	5
5406	2
5407	1
5408	4
5411	3
5412	5
5413	3
5414	1
5415	1
5416	2
5417	5
5418	2
5419	1
5420	1
5421	3
5422	2
5423	1
5424	2
5425	1
5426	1
5427	6
5428	4
5429	7
5430	4
5431	4
5432	2
5433	1
5434	4
5435	1
5436	2
5437	4
5438	4
5439	3
5440	4
5441	5
5442	4
5443	2
5444	2
5445	7
5446	2
5447	4
5448	2
5449	2
5450	5
5451	4
5452	2
5453	3
5454	4
5456	2
5457	2
5458	2
5459	1
5460	2
5461	1
5462	1
5463	2
5465	3
5466	4
5467	1
5468	2
21852	1
5469	3
5470	1
5471	2
5473	4
5474	2
5475	2
5476	2
5477	2
5478	1
5479	3
5480	1
5481	5
5484	1
5485	2
5486	1
5488	3
5489	4
5491	2
5492	1
5493	4
5494	1
5495	1
5496	1
5497	2
21882	1
5499	1
5500	3
5501	1
5503	1
5504	2
5505	3
5506	1
5507	2
5508	4
5510	3
5511	3
5512	1
5513	2
5514	4
5515	2
5516	2
5517	2
5519	4
5520	2
5521	4
5522	3
5525	1
5526	3
5527	2
5529	3
5530	2
5532	2
5533	2
5534	3
5535	3
5536	2
5537	4
5538	1
5539	3
5540	2
5541	1
5542	2
5543	3
5544	2
5546	2
5547	1
5548	2
5549	5
5550	2
5551	3
5552	5
5553	2
5554	4
5555	3
5556	1
5558	3
5560	2
5561	1
5562	3
5564	3
5565	3
5567	3
5570	1
5571	1
5572	4
5573	1
5574	1
5575	1
5576	3
5577	4
5578	3
5579	1
5580	1
5581	2
5582	3
5583	2
5584	2
5585	1
5586	1
5587	2
5588	1
5589	2
5590	4
5591	3
5592	3
5593	1
5594	1
5595	1
5596	2
5597	2
5598	2
5599	1
5600	1
5601	5
5603	3
5604	2
5605	1
5606	1
5607	3
5608	1
5610	1
5611	2
5612	2
5613	3
5614	2
5617	3
5619	1
5620	3
5621	2
5622	2
5623	1
5624	1
5625	2
5626	4
5627	3
5628	4
5629	2
5630	4
5631	3
5632	2
5633	1
5634	2
5635	1
5636	2
5637	1
5638	2
5639	2
5642	1
5644	4
5645	2
22030	1
5647	1
5648	1
5649	3
5650	1
5651	1
5652	2
5653	3
5654	2
5655	2
5657	1
5658	6
5659	4
5660	4
5661	4
5662	3
5663	3
5664	1
5665	3
5666	4
5667	4
5668	3
5669	2
5670	3
5671	1
5672	1
5674	2
5675	4
5676	2
5677	3
5678	3
5680	4
5681	4
5682	1
5683	2
5684	1
5685	3
5686	2
5688	3
5689	1
5690	1
5691	3
5692	2
5693	1
5694	5
5695	3
5697	3
5698	2
5699	3
5700	1
5701	3
5702	2
5703	4
5704	1
5706	4
22090	1
5707	3
5708	2
5710	5
5711	2
5712	1
5713	2
5714	4
5715	2
5716	2
5717	1
5718	2
5719	4
5720	2
5721	1
5722	5
5723	1
5724	5
5725	1
5726	1
5727	2
5728	2
5730	2
5733	2
5734	3
5736	2
5737	3
5739	2
5740	3
5741	1
5743	6
5744	4
5745	2
5746	3
5747	4
5749	2
5750	1
5751	4
5752	3
22137	1
5753	1
5754	1
5755	1
5756	4
5758	3
5759	2
5760	1
5761	1
5762	3
5763	2
5764	2
5765	3
5766	1
5767	2
5768	1
5769	1
5770	1
5771	2
5773	3
5775	3
5776	4
5777	1
5778	2
5779	1
22164	1
5780	3
5783	1
5784	1
5785	2
5786	4
5788	3
5789	1
5790	2
5791	2
5792	4
5793	3
5794	2
5795	1
5796	4
5797	3
5798	2
5800	4
5801	3
5802	2
5803	2
5805	2
5806	2
5808	3
5809	6
5810	2
5811	2
5812	1
5813	3
5814	2
5815	3
5816	2
5817	2
5818	2
5820	3
5821	4
5822	1
5823	2
5824	2
5825	1
5826	3
5827	2
5829	4
5831	3
5832	2
5833	1
5834	3
5835	4
5836	1
5837	2
5838	2
5839	3
5840	3
5841	2
5842	2
5843	3
5844	2
5845	2
5846	2
5848	1
5849	1
5850	4
5851	1
5852	2
5853	4
5854	3
5855	2
5856	5
5857	1
5858	1
5859	1
5861	3
5862	1
5864	3
5865	1
5866	2
5867	2
5868	3
5869	3
5870	3
22254	1
5872	2
5873	3
5874	4
5875	2
5876	1
5877	2
5878	1
5879	1
5880	3
5881	3
5882	1
5883	1
5884	1
5887	2
5888	1
5889	6
5890	2
5891	2
5892	3
5894	2
5895	1
5896	3
5897	3
5899	2
5900	3
5901	3
5902	1
5903	2
5904	4
22288	1
5905	2
5906	2
5907	1
5908	1
5909	1
5910	2
5911	2
5912	1
5913	2
5915	2
5916	2
5917	2
5918	1
5919	3
5920	2
5921	1
5922	3
5923	1
5924	1
5925	2
5926	1
5927	2
5928	2
5929	1
5931	2
5932	5
5933	1
5934	2
5935	1
5938	1
5940	6
5941	2
5942	1
5943	4
5944	5
5946	2
5948	1
5949	2
5950	3
5951	2
5952	1
5955	1
5957	4
5958	3
5959	2
5960	3
5961	1
5963	1
5964	1
5966	2
5967	1
5969	4
5970	3
5971	3
5973	2
5974	2
5975	2
5976	2
5977	5
5978	4
5979	2
5980	3
5982	5
5983	2
5985	1
5986	5
5987	1
5988	3
5989	1
5990	2
5991	2
5992	1
5993	2
5994	1
5995	7
5996	1
5997	2
5998	2
5999	2
6000	1
6001	4
6002	1
6003	3
6004	2
6005	3
6006	3
6007	3
6009	3
6011	2
6013	3
6014	1
6015	3
6016	2
6017	6
6018	4
6019	1
6020	1
6021	2
6022	1
6023	1
6024	2
6025	2
6026	1
6027	1
6029	5
6030	2
6031	2
6032	3
6033	1
6034	4
6035	2
6036	1
6037	1
22422	1
6038	1
6039	3
6042	1
6043	2
6044	3
22429	1
6046	3
6047	1
6048	1
6050	2
6051	1
6052	1
6053	2
6054	3
6055	1
6056	3
6057	2
6058	2
6059	2
6060	1
6061	1
6063	4
6064	4
6065	4
6066	2
6067	1
6068	3
6069	1
6071	3
6072	2
6073	1
6074	3
6075	5
6077	2
6079	3
6080	3
6082	1
6084	3
6085	3
6087	1
6088	2
6089	1
6090	2
6091	5
6092	3
6093	5
6094	1
22479	1
6095	2
6096	1
6097	3
6098	2
6099	2
6100	2
6101	4
6102	2
6103	2
6104	1
6105	4
6106	2
6107	5
6108	1
6109	3
6110	2
6112	4
6113	2
6115	4
6116	1
6119	1
6120	2
6121	1
6122	2
6124	3
6125	2
6126	1
6127	1
6128	2
6129	4
6130	4
6131	1
6133	2
6134	1
6135	2
6137	1
6138	2
6140	4
6142	1
6144	3
6145	1
6146	1
6147	4
6148	2
6149	2
6151	2
6155	1
6156	4
6157	3
6159	1
6160	1
6162	1
6163	4
6164	1
6165	5
6166	1
6168	3
6170	3
6171	3
6172	3
6173	1
6174	4
6175	1
6176	1
6177	2
6179	1
6180	2
6181	4
6182	1
6183	3
6184	3
6185	2
6186	4
6187	2
6189	5
6190	2
6192	4
6193	1
6194	3
6195	2
6196	2
6197	4
6199	2
6200	3
6201	1
6202	1
6203	1
6206	4
6207	4
6208	1
6209	2
6210	3
6211	1
6212	2
6213	3
6214	1
6215	2
6216	2
6219	2
6220	1
6221	4
6222	2
6223	3
6225	1
6226	3
6227	1
6228	3
6229	3
6230	2
6232	1
6233	1
6234	3
6235	1
6236	1
6238	1
6239	3
6240	2
6244	2
6245	2
6246	3
6248	2
6251	2
6252	2
22637	1
6254	3
6255	1
6256	2
6259	2
6260	1
6262	2
6264	2
6265	1
6267	2
6268	2
6270	2
6272	1
6273	3
6274	3
6275	1
6276	4
6277	1
6278	3
6279	1
6280	3
6282	2
6283	4
6285	2
6286	2
6287	3
6288	1
6290	2
6291	2
6293	1
6294	2
6295	2
6296	2
6297	1
6298	2
6300	1
6301	2
6302	2
6303	2
6304	3
6306	3
6307	1
6308	1
6310	3
6311	1
6312	2
6313	4
6314	3
6315	3
6316	1
6317	1
6318	5
6319	2
6320	1
22704	1
6322	4
6323	2
6324	2
6325	1
6326	2
6327	2
6328	1
6329	1
6330	1
6331	1
6332	1
6333	1
6335	2
6336	1
22720	1
6338	2
6340	1
6342	1
6343	2
6344	5
6345	3
6346	2
6349	1
6351	2
6352	4
6355	1
6356	3
6357	3
6358	2
6360	2
6362	1
6363	2
6364	3
6365	3
6366	2
6367	1
6368	1
6370	1
6371	1
22756	1
6372	1
6373	1
6374	2
6375	2
6376	7
6377	2
6378	2
6380	2
6381	1
6382	1
6383	1
6386	3
6387	2
6388	2
6389	4
6390	2
6391	2
6392	2
6393	2
6394	1
6395	1
6397	6
6398	3
6402	1
6403	5
6405	3
6406	2
6407	2
6408	1
6409	1
6411	3
6413	1
6414	2
6415	1
6416	1
6417	3
6418	1
6419	1
6420	1
6422	1
6423	3
6424	2
6425	2
6426	1
6428	2
6429	1
6430	2
6433	2
6434	1
6435	1
6436	2
6437	1
6438	2
6440	1
6441	2
6442	2
6443	4
6445	2
6446	1
6447	2
6449	1
6450	2
6451	2
6452	3
6453	1
6454	3
6455	2
6456	1
6457	3
6458	2
6459	2
6460	1
6461	2
6462	1
6463	1
6464	2
6466	2
6467	2
6468	1
6469	2
6470	2
6472	3
6473	1
6475	1
6476	5
6477	2
6478	2
6479	4
6480	1
6481	3
6482	3
6483	1
6484	2
6485	1
6486	1
6488	2
6489	1
6490	1
6491	2
6492	2
6493	2
6495	3
6497	1
6499	1
6500	1
6502	1
6503	3
6504	3
6505	2
6508	3
6509	2
6510	1
6511	1
6512	1
6513	1
6514	1
6515	2
6516	2
6517	5
22902	1
6518	1
6520	3
6521	2
6522	2
6523	2
6524	3
6525	1
6526	1
6527	1
6528	1
6529	1
6530	2
6531	3
6532	1
6538	2
6539	3
6540	2
6542	3
6543	2
6545	1
22931	1
6547	1
6548	2
6549	5
6550	1
6551	1
6552	1
6553	1
6554	3
6555	1
6558	3
6559	2
6562	1
6565	1
6566	1
6568	2
6570	2
6572	1
6573	2
6574	4
6575	1
6576	3
6577	2
6578	1
6581	1
6582	1
6583	1
6584	1
6586	2
6587	3
6588	2
6589	2
6590	2
6591	3
6592	2
22977	1
6593	2
6594	3
6595	4
6596	1
6597	1
6598	1
6600	1
6603	1
6605	2
6606	1
6607	1
6608	2
6610	2
6611	1
6614	4
6615	3
6616	2
6617	1
6618	2
6619	5
6620	1
6621	1
6622	3
6623	3
6624	2
6625	2
6626	1
6627	2
6628	2
6629	4
6630	1
6631	2
6632	3
6634	2
6637	2
6638	3
6639	2
6640	1
6641	5
6643	2
6644	3
6645	4
6646	2
6648	2
6649	2
6650	2
6651	4
23036	1
23037	1
6655	2
6656	1
6657	3
6658	1
6659	2
6661	3
6662	2
6663	1
6664	3
6665	5
6666	3
6667	3
6668	2
6670	2
6671	1
6672	2
6673	2
6676	4
6677	2
6678	1
6679	3
6680	1
6682	1
6684	3
6685	1
6686	2
6687	3
6689	2
6691	1
6693	1
6695	2
6697	2
6700	2
6701	1
6702	2
6703	2
6704	2
6705	2
6706	3
6710	2
6712	3
6713	1
6714	2
6715	1
6716	1
6717	2
6719	2
6720	1
6722	1
6723	2
6727	1
6728	1
6730	1
6731	3
6732	2
6733	1
6734	1
6735	2
6736	3
6737	1
6738	2
6739	1
6741	1
6742	1
6743	1
6744	3
6745	1
6746	1
6747	1
6750	2
6751	3
6752	2
6753	4
6754	3
6756	1
6757	1
6758	2
6759	2
6760	1
6761	3
6763	4
6765	2
6767	1
6768	1
6769	3
6770	1
6773	3
6775	1
6777	2
6778	1
6779	1
6780	1
6781	1
6782	2
6783	2
6784	1
6787	6
6790	2
6791	2
6792	3
6793	2
6794	1
6796	1
6797	3
6800	4
6801	1
6802	5
6804	1
6805	1
6806	4
6808	3
6810	1
6811	2
6812	2
6814	1
6815	1
6816	2
6817	2
6820	2
6821	3
6824	3
6825	2
6826	1
6827	1
6828	1
6831	2
6835	1
6837	1
6838	1
6840	1
6842	1
6844	1
6846	1
6849	2
6850	2
6851	3
6852	3
6853	1
6854	1
6857	4
6860	1
6861	1
6863	1
6865	2
6866	2
6867	3
6869	1
6870	2
6874	1
6875	1
23260	1
6876	1
6877	1
6878	3
6879	3
6882	1
6883	3
6884	2
6885	2
6886	1
6887	1
6889	1
6891	1
6893	1
6894	1
23279	1
6895	2
6899	2
6901	1
6902	3
6903	1
6905	1
6906	2
6907	4
6908	1
6909	2
6910	2
6911	2
6912	1
6913	1
6914	1
6916	1
6917	2
6918	1
6920	2
6922	1
6925	2
6926	1
6927	2
6930	2
6931	3
6932	2
6933	2
6934	2
6936	2
6937	4
6941	2
6942	1
6944	3
6945	1
6946	1
6947	1
6948	2
6949	3
6950	3
6951	1
6952	1
6953	1
6955	2
6958	1
6959	1
6960	1
6961	1
6962	2
6963	1
6964	1
6965	2
6966	1
6967	1
6968	1
6969	1
6971	2
6972	2
6973	3
6974	3
6975	2
6978	2
6979	3
6980	1
6982	1
6983	3
6985	1
6986	2
6987	1
6988	2
6989	3
6990	2
6991	1
6992	2
6993	1
6994	3
6995	1
6996	5
6997	1
6998	2
6999	1
7000	1
7002	1
7003	1
7004	4
7007	1
7008	2
7009	2
7011	1
7012	1
7014	1
7017	2
7018	1
7019	1
7020	2
7021	1
7025	2
7026	2
7027	1
7028	3
7029	1
7030	1
7031	3
7033	2
7034	1
7035	1
7036	1
7037	1
7040	1
7042	2
7043	1
7044	1
7045	2
7047	2
7048	2
7050	1
7051	1
7052	3
7054	1
7055	1
7056	2
7057	2
7058	1
7061	1
7062	5
7063	1
7064	3
7066	2
7068	1
7069	1
7072	1
7073	2
7077	1
7079	1
7080	1
7082	3
23467	1
7084	3
7086	1
7087	2
7088	2
7089	1
7092	1
7093	3
7095	1
7098	3
7100	1
7101	2
7102	1
7103	1
7104	3
7106	1
7107	1
7108	1
7109	1
7110	2
23494	1
7111	1
7112	1
7116	1
7117	2
7119	1
7120	2
7122	3
7124	1
7125	1
7126	2
7128	1
7130	2
7131	2
7132	3
7133	1
7134	2
7135	1
7136	1
7137	1
7140	2
7141	1
7142	1
7143	1
7146	3
7147	1
7148	1
7149	1
7150	2
7153	3
7154	3
7155	2
7156	2
7158	1
7160	1
7161	1
7163	2
7167	1
7171	1
7172	2
7173	2
7174	2
7175	1
7178	1
7180	2
7182	1
7183	2
7184	1
7187	2
7189	2
7190	1
7191	2
7193	1
7195	3
7196	2
23581	1
7198	1
7200	1
7201	2
7204	1
7205	2
7206	2
7207	1
7208	1
7210	1
7213	2
7216	1
7217	1
7218	2
7219	2
7220	2
7221	3
7222	1
7224	2
7227	1
7228	2
7230	1
7231	2
7232	1
7235	1
7236	3
7237	1
7238	3
7239	3
7240	1
7241	2
7243	1
7244	2
7245	1
7246	1
7247	2
7249	1
7252	1
7253	2
7254	2
7256	4
7257	1
7258	1
7259	2
23643	1
7260	1
7261	3
7264	2
7265	1
7266	1
7267	1
7268	1
7269	1
7272	1
7273	1
7274	1
7275	1
7276	2
7277	3
7278	2
7281	1
7282	1
7283	1
7284	1
7287	1
7288	3
7292	2
7293	1
7294	1
7295	1
7296	1
7298	2
23683	1
7299	1
7303	3
7304	4
7306	1
7308	2
7309	1
7311	2
7312	4
7314	2
7315	1
7316	1
7318	1
7319	1
7320	2
7322	1
7323	1
7324	1
7325	3
7326	3
7327	1
7330	1
7331	2
7332	2
7333	1
7334	3
7335	1
7336	3
7337	2
23721	1
7340	2
7343	1
7344	1
7345	1
7346	1
7348	1
7351	1
7353	3
7354	2
7359	1
7360	1
7361	1
23745	1
7362	1
7363	2
7365	3
7366	1
7368	1
7371	3
7373	1
7374	1
7375	4
7376	1
7378	2
7379	3
7381	1
7382	1
7383	1
7384	1
7385	1
7386	1
7387	2
7388	1
7392	3
7398	2
7399	2
7400	1
7402	1
23787	1
7406	1
7408	1
7410	3
7413	1
7414	1
7416	4
7417	1
7422	1
7424	1
7425	2
7426	2
7427	1
7428	1
7429	2
7433	1
7435	1
7436	1
7438	1
7440	1
7443	5
7444	2
7448	1
7449	1
23833	1
7453	1
7454	2
7455	1
7457	1
7459	2
7460	2
7462	1
7464	1
7465	1
7468	1
7470	3
7471	2
7472	2
7474	3
7477	3
7478	1
7479	1
7481	1
7482	4
7483	3
7484	3
7485	1
7486	3
7487	1
7488	1
23873	1
7490	1
7491	1
7492	1
7493	1
7494	3
7495	1
7497	1
7499	1
7500	3
7503	1
7504	2
7505	1
7507	1
7509	1
7511	3
7512	1
7515	1
7516	1
7517	1
7518	1
7519	1
7520	1
7521	1
7522	1
7524	3
7526	1
7527	5
7528	2
7529	1
7534	1
7535	2
7536	1
7537	1
7538	2
7539	1
7543	2
7544	2
7546	1
7547	2
7548	1
7549	1
7552	3
7554	4
7557	1
7558	1
7559	2
7561	1
7562	1
7564	1
7565	1
7566	1
7570	1
7571	2
7572	1
7573	1
7574	1
7576	3
7577	1
7578	1
7580	1
7581	1
7582	1
7583	1
7587	1
7592	2
7593	2
7594	2
7595	3
7596	2
7597	2
7600	1
7609	2
7610	1
7612	3
7614	1
7616	2
7617	2
7618	1
7620	1
7621	1
7622	3
7624	1
7626	1
7627	1
7628	2
7629	1
7630	1
7631	1
7632	2
7634	1
7635	3
7636	3
7637	1
7638	2
7639	2
7640	1
7641	1
7642	2
7645	1
7646	1
7649	1
7651	1
7652	1
7654	1
7655	1
7656	3
24041	1
7658	1
7660	2
7663	1
7666	2
7667	1
7668	1
7669	1
7672	1
7679	3
7680	1
7681	1
7682	2
7683	2
7685	5
7686	1
7687	1
7688	4
7692	1
7693	2
7697	1
7701	1
7702	3
7703	2
7704	1
7705	1
7707	1
7708	3
7709	4
7710	1
7714	1
7718	1
7720	2
7721	2
7723	1
7724	1
7727	1
7729	3
7730	1
7731	2
7732	4
7733	1
7735	2
7736	2
7737	1
7740	1
7741	2
7743	1
7745	3
7746	3
7747	1
7750	1
7754	1
7755	1
7756	1
7758	1
7760	1
7762	1
7763	3
7765	3
7766	2
7770	1
7771	1
7773	1
7774	1
7775	1
7776	1
7778	2
7779	1
7785	2
7786	1
7788	1
7790	1
7795	1
7796	1
7797	2
7798	1
7799	1
7801	2
7802	1
7803	1
7808	2
7810	3
7811	1
7813	2
7815	2
7816	1
7817	1
7818	1
7819	1
7820	1
7821	2
7823	1
7825	2
7828	1
7829	2
7830	2
7832	1
7833	1
7837	1
7839	1
7840	2
7841	1
7842	3
7846	1
7847	3
7849	2
7850	2
7851	1
7852	1
7853	2
7854	4
7855	3
24241	1
7857	1
7858	1
7861	1
7862	1
7865	1
7866	1
7868	1
24253	1
7870	1
7872	3
7873	1
7874	1
7876	1
7877	2
7878	1
7879	1
7880	1
7883	2
24267	1
7886	1
7887	1
7889	1
7892	1
7893	2
7894	4
7895	2
7897	1
7898	2
7903	2
7905	1
7906	2
7909	1
7911	1
7913	1
7915	3
7917	2
7918	2
7922	1
7924	1
7925	1
7926	1
7927	1
7929	1
7931	2
7932	2
7933	3
7934	2
7935	1
7936	1
7937	1
7938	1
7939	1
7943	2
7944	1
7952	1
7955	1
7957	1
7958	1
7959	1
7960	1
7961	3
7962	1
7965	2
7970	2
7971	4
7973	2
7974	1
7975	1
7976	2
7978	2
7981	1
7983	1
7984	1
7985	1
7986	1
7987	1
24371	1
7990	1
7993	1
7994	1
7995	1
7997	1
7998	1
8001	1
8003	1
8004	3
8006	1
8007	1
8008	2
8009	1
8011	1
8017	1
8022	1
8024	1
8027	1
8028	2
8030	3
8031	1
8032	2
8034	1
8035	2
8036	1
8037	2
8042	1
8043	2
8044	1
8048	4
8050	1
8057	1
8058	2
8060	1
8062	2
8063	2
8069	1
8070	1
8072	2
8073	1
8075	2
8076	2
8077	1
8079	2
8080	1
8081	1
8083	1
8084	2
8086	1
8087	3
8088	1
8090	1
8092	1
8094	1
8095	2
8097	1
8098	4
8099	1
8102	1
24487	1
8104	2
8105	1
8108	1
8109	2
8110	1
8114	2
8115	1
8116	1
8117	1
8120	3
8122	1
8124	1
8125	1
8126	1
8127	1
8128	1
8129	1
8130	1
8132	2
8133	1
8134	1
8135	1
8136	1
8137	1
8138	2
8139	3
8140	1
8144	2
8149	1
8150	1
8151	1
8152	3
8153	1
8155	2
8156	2
8157	3
8158	2
8159	3
8161	2
8163	1
8164	2
8165	2
8166	1
8167	2
8168	1
8169	1
8171	1
8174	1
8178	2
8182	2
8183	2
8184	1
8185	1
8186	2
8189	1
8190	2
8191	1
8194	2
8195	1
8197	2
8198	1
8199	2
8204	2
8205	2
24589	1
8208	3
8210	1
8211	1
8212	2
8214	2
8215	2
8216	1
8220	2
8223	1
8225	2
8226	1
8229	1
8230	1
8232	1
8234	2
8235	2
24619	1
8236	2
8240	1
8241	1
8242	2
8244	2
8245	2
8247	2
8252	2
8253	1
8255	2
8256	2
8257	3
8259	2
8260	2
8262	1
8263	1
8268	2
8272	1
8273	1
8274	2
8275	3
8282	1
8284	2
8286	1
8287	2
8290	1
8292	1
8295	1
8297	2
8298	1
8300	1
8301	2
8303	1
8306	1
8310	2
24694	1
8311	1
8318	1
8319	1
8321	4
8326	1
8328	1
8329	1
8330	1
8332	1
8334	1
8336	3
8337	1
8339	2
8340	1
8341	1
8343	1
8345	1
8346	3
8347	1
8349	1
8351	1
8353	1
8355	1
8356	1
8358	1
8360	2
8364	1
8365	1
8367	2
8369	1
8372	1
8373	2
8377	1
8380	2
8384	2
8387	1
8388	1
8389	1
8390	1
8393	1
8396	2
8398	1
8401	1
8402	1
8403	1
8404	3
8409	1
8410	1
8412	2
8413	1
8416	1
8417	1
8424	2
8426	1
8427	1
8429	1
8430	1
8431	3
8432	1
8434	1
8436	2
8438	1
8441	2
8442	1
8443	2
8444	1
8445	1
8447	2
8448	2
8449	1
8451	3
8453	1
8459	1
8460	3
8461	1
8463	1
8464	3
8471	1
8472	1
8473	1
8474	1
8475	2
8478	2
8479	2
8481	1
8482	1
8483	1
8485	1
8486	1
8489	1
8496	1
8497	2
8500	1
8501	1
8504	1
8505	1
8506	1
8508	1
8509	1
8510	1
8511	2
8512	1
8515	1
8516	1
8521	2
8522	1
8523	1
8524	1
8525	1
8527	1
8528	1
8530	2
8533	1
8534	2
8536	1
8538	2
8542	2
8543	1
8546	1
8548	2
8551	1
8552	1
8553	1
8558	3
8562	1
8563	2
8564	2
8566	2
8567	1
8568	2
8569	2
8570	2
8571	1
8575	3
8576	1
8578	1
8581	1
8582	1
8583	1
8587	1
8591	2
24975	1
8596	2
24982	1
8598	1
24984	1
8602	1
8604	1
8605	1
8607	2
8615	1
8616	2
8617	1
8619	1
8621	1
8623	1
8629	1
8630	1
8632	1
8633	1
8637	1
8638	1
8640	2
8642	1
8648	1
8652	1
8654	1
8656	1
8657	1
8659	1
8662	3
8664	1
8666	1
8667	2
8668	1
8671	2
8672	1
8674	2
8675	1
8678	1
8682	2
8683	1
8684	1
8688	1
8690	2
8691	1
8692	1
8693	1
8695	1
8697	1
8699	1
8701	2
8702	1
8703	1
8705	2
8707	1
8708	1
8709	2
8711	1
8712	1
8713	1
8717	1
8718	1
25104	1
8721	2
8722	1
8724	1
8725	1
8726	1
8728	2
8729	1
8731	1
8732	2
8736	1
8740	1
8741	1
8744	1
8745	1
8746	1
8747	2
8748	1
8752	1
8753	1
8754	1
8755	1
8757	2
8758	1
8760	2
8761	1
8766	1
8771	1
8772	2
8773	3
8777	4
8779	1
8780	1
8781	1
8782	3
8784	1
8786	1
8787	1
8790	1
8793	2
8795	1
8797	1
8799	1
8802	4
8803	1
8806	1
8807	1
8808	1
8809	1
8810	1
8811	3
8813	1
8815	1
8816	1
8817	2
8818	1
8821	1
8826	1
8827	1
8828	1
8830	1
8831	1
8832	2
8837	2
8838	1
8839	1
8843	1
8849	2
8850	1
8855	1
8856	3
8858	1
8859	1
8864	1
8874	2
8876	1
8877	1
8882	1
8883	1
8884	2
8887	1
8895	1
8896	2
8897	1
8903	1
8905	2
8907	1
8909	1
8912	1
8916	2
8921	1
8922	2
8928	1
8934	1
8935	1
8936	1
8938	1
8939	2
8949	1
8950	1
8951	2
8953	1
8954	2
8960	2
8962	1
8965	2
8967	1
8968	1
8970	1
8971	2
8972	2
8974	2
8982	1
8986	1
8987	1
8989	1
8990	1
8991	3
8999	1
9000	2
9008	1
9009	1
9010	1
9011	1
9012	1
9018	1
9020	1
9027	2
9028	3
9029	1
9030	2
9033	1
9034	1
9036	2
9038	1
9039	1
9043	1
9046	2
9048	1
9050	1
9055	1
9059	1
9061	1
9062	1
9063	1
9065	1
9067	1
9068	1
9071	1
9073	4
9074	1
9077	1
9078	1
9085	2
9088	1
9090	1
9091	1
9100	1
9101	1
9105	1
9108	1
9109	2
9113	1
9124	2
9129	1
9130	1
9132	1
9135	2
9142	1
9148	3
9149	2
9151	2
9153	4
9156	1
9157	1
9159	1
9164	1
9169	3
9172	1
9174	2
9175	1
9182	1
9184	1
9185	1
9186	1
9190	1
9193	2
9197	2
9200	1
9202	2
9209	1
9212	1
9215	1
9217	1
9218	2
9221	1
9228	1
9233	1
9234	1
9239	1
9243	1
9247	1
9249	1
9251	1
9252	1
9253	1
9254	2
9255	1
9257	2
9264	1
9265	1
9269	1
9270	1
9273	1
9274	1
9275	1
9276	1
9279	2
9283	2
9287	2
9289	1
9296	1
9302	1
9303	1
9305	1
9306	1
9308	1
9311	2
9319	1
9320	1
9322	1
9323	3
9324	1
9327	1
9329	3
9330	1
25717	1
9336	1
9337	1
9340	1
9341	3
9342	1
9343	1
9344	3
9345	1
9348	1
9349	1
9351	1
9353	1
9359	1
9364	1
9365	1
9368	1
9374	1
9375	2
9377	2
9379	1
9380	1
9395	2
9402	1
9403	1
9404	1
9409	1
9410	1
9415	1
9416	1
9422	1
9423	1
9425	1
9428	2
9438	1
9439	1
9441	1
9444	1
9446	1
9447	1
9450	1
9453	1
9454	1
9455	2
9458	1
9461	2
9467	1
9468	1
9469	1
9470	1
9471	1
9472	1
9475	1
9479	2
9481	2
9482	3
9484	1
9485	2
9490	1
9497	2
9501	2
9504	2
9505	1
9508	1
9509	1
9511	1
9513	1
9515	2
9517	1
9519	2
9521	1
9524	1
9525	1
9528	1
9531	1
9532	1
9533	1
9534	1
9536	1
9537	1
9541	1
9544	1
9546	1
9550	1
9552	1
9553	2
9554	2
9555	1
9557	1
9560	1
9567	1
9568	1
9571	2
9574	2
9576	1
9580	1
9581	1
9583	3
9588	1
9589	1
9593	1
9596	2
9599	1
9601	1
9604	1
9609	2
9616	2
9619	1
9620	1
9621	1
9622	1
9624	1
9629	2
9631	1
9633	1
9634	1
9636	2
9647	1
9649	1
9650	2
9652	1
9654	2
9658	1
9660	1
9661	2
9662	2
9667	1
9669	1
9670	1
9671	1
9673	1
9675	1
9683	1
9690	1
9692	1
9693	1
9696	1
9698	1
9700	1
9706	1
9707	1
9710	1
9714	1
9715	2
9716	1
9717	1
9719	1
9720	1
9721	1
9725	1
9728	1
9732	1
9733	1
9734	1
9737	1
9740	2
9741	1
9742	1
9752	2
9753	2
9755	1
9770	1
9772	1
9773	1
9776	1
9780	2
9782	1
9785	1
9788	2
9789	1
9790	2
9792	1
9793	2
9795	1
9796	1
9802	1
9803	1
9804	1
9807	2
9812	1
9815	1
9816	3
9817	1
9822	1
9823	2
9834	2
9840	1
9842	2
9843	1
9847	1
9848	1
9852	1
9853	1
9857	1
9860	1
9863	2
9865	2
9869	1
9870	1
9872	3
9875	2
9876	1
9878	1
9882	1
9883	2
9886	2
9888	3
9889	1
9894	1
9898	1
9899	1
9912	1
9917	2
9920	1
9922	3
9925	1
9926	1
9928	1
9935	1
9936	1
9937	1
9942	1
9944	1
9947	2
9948	1
9949	1
9951	1
9954	1
9956	1
9957	1
9960	2
9964	1
9965	1
9967	1
9969	2
9971	1
9972	2
9974	1
9977	1
9978	4
9984	1
9986	1
9988	1
9989	2
9991	2
9992	1
9997	1
9998	1
10001	1
10003	1
10004	1
10006	1
10009	1
10010	3
10011	1
10013	1
10020	2
10023	1
10025	1
10031	1
10039	1
10048	1
10049	1
10057	2
10063	2
10064	1
10066	1
10073	2
10074	1
10075	1
10085	1
10086	1
10090	2
10091	1
10093	1
10094	1
10096	2
10097	1
10102	1
10109	1
10115	1
10117	1
10123	1
10125	1
10126	1
10127	1
10134	1
10137	2
10138	2
10141	1
10144	1
10145	1
10151	1
10153	1
10154	1
10158	1
10160	1
10165	1
10173	1
10175	1
10178	1
10179	1
10182	1
10185	2
10186	1
10187	1
10189	3
10192	1
10195	1
10198	2
10202	2
10203	1
10204	1
10207	1
10208	1
10212	2
10213	1
10215	1
10219	1
10220	1
10226	1
10231	1
10233	1
10234	1
10235	2
10239	2
10240	1
10246	1
10249	1
10251	1
10252	2
10253	2
10254	1
10257	1
10265	1
10267	1
10268	1
10271	1
10272	1
10283	1
10285	1
10289	2
10299	1
10300	1
10302	2
10308	1
10310	1
10311	1
10312	1
10314	1
10316	2
10318	1
10321	1
10325	1
10329	2
10338	1
10339	1
10340	2
10341	1
10343	1
10344	1
10347	1
10349	1
10354	2
10359	1
10362	1
10366	2
10368	1
10369	1
10370	1
10375	1
10376	1
10377	1
10379	1
10385	1
10391	1
10393	1
10395	1
10406	1
10413	1
10415	1
10417	1
10418	1
10420	1
10421	2
10423	1
10424	3
10426	1
10427	1
10429	1
10430	1
10432	1
10441	2
10446	1
10447	1
10449	1
10450	1
10452	1
10453	2
10454	1
10458	2
10461	1
10462	2
10463	1
10474	1
10475	2
10485	1
10489	1
10492	1
10494	1
10500	1
10503	1
10511	1
10513	1
10514	1
10516	1
10517	1
10521	1
10527	1
10530	3
10533	1
10535	1
10541	1
10543	1
10544	1
10545	1
10555	1
10556	2
10567	1
10570	1
10575	1
10584	4
10588	2
10589	1
10590	1
10596	1
10598	1
10599	1
10604	1
10605	1
10607	1
10611	1
10612	2
10614	1
10617	1
10618	1
10621	1
10623	2
10625	2
10626	1
10628	1
10629	1
10630	3
10637	1
10638	1
10641	1
10643	1
10652	2
10656	1
10660	1
10661	1
10662	1
10669	1
10672	2
10681	1
10689	1
10690	1
10692	1
10695	1
10697	1
10699	1
10704	1
10706	2
10709	1
10710	1
10713	1
10719	2
10720	1
10723	1
10724	1
10725	1
10739	1
10740	1
10742	1
10750	1
10751	1
10753	1
10754	1
10759	1
10763	1
10764	1
10777	2
10780	1
10782	1
10784	2
10794	1
10799	1
10804	1
10806	1
10809	1
10813	1
10817	1
10818	2
10819	1
10820	1
10827	1
10829	1
10835	1
10836	1
10842	2
10846	1
10850	1
10852	1
10863	1
10867	1
10880	1
10885	1
10886	1
10888	1
10890	2
10891	2
10895	1
10897	1
10898	2
10899	2
10904	1
10905	2
10906	1
10913	1
10914	1
10915	2
10917	1
10923	1
10930	1
10937	2
10942	1
10945	2
10946	1
10958	1
10959	1
10964	1
10966	1
10967	1
10970	1
10976	1
10979	1
10989	1
10992	1
10996	1
10999	2
11001	1
11013	3
11014	1
11015	2
11018	1
11019	1
11026	1
11027	1
11031	1
11033	1
11034	1
11035	1
11036	1
11041	1
11053	1
11057	1
11058	1
11060	1
11062	1
11063	1
11070	1
11071	1
11075	1
11077	1
11079	2
11082	2
11084	1
11088	2
11100	1
11102	1
11104	1
11105	1
11108	1
11117	1
11121	1
11124	1
11127	1
11129	1
11130	1
11135	1
11136	1
11141	2
11142	1
11147	2
11152	1
11156	1
11166	1
11170	1
11175	1
11176	1
11178	1
11181	2
11185	1
11187	2
11189	2
11191	2
11194	1
11195	1
11198	1
11200	1
11204	2
11205	1
11212	1
11213	1
11218	1
11219	1
11222	1
11225	1
11227	1
11230	1
11233	1
11235	1
11237	1
11242	2
11245	1
11250	1
11252	1
11253	1
11259	1
11260	1
11264	1
11280	1
11283	2
11287	1
11291	1
11300	1
11306	2
11308	1
11309	1
11311	1
11312	1
11314	1
11315	1
11317	1
11319	2
11320	1
11323	1
11325	1
11334	1
11335	1
11339	1
11345	1
11346	1
11349	1
11350	1
11352	1
11353	2
11354	1
11361	1
11362	1
11368	2
11370	1
11371	1
11372	1
11376	1
11380	1
11385	1
11395	3
11397	1
11398	1
11401	1
11402	1
11408	1
11412	1
11414	1
11416	1
11419	1
11426	1
11428	1
11430	1
11431	1
11433	1
11440	1
11449	1
11457	1
11466	1
11470	1
11482	1
11484	1
11486	1
11487	1
11493	1
11496	1
11497	1
11499	1
11507	1
11508	1
11510	1
11511	2
11514	1
11523	1
11536	1
11539	1
11542	1
11551	1
11555	1
11562	1
11564	1
11569	1
11572	1
11577	1
11578	1
11582	3
11587	1
11591	1
11594	1
11598	1
11599	1
11602	1
11603	1
11606	1
11610	2
11618	1
11619	1
11620	1
11622	1
11623	1
11624	2
11627	1
11633	1
11639	1
11642	1
11643	1
11650	1
11651	1
11656	2
11660	1
11671	1
11674	1
11676	1
11677	1
11679	2
11684	1
11685	1
11686	1
11693	1
11695	2
11699	1
11700	1
11702	1
11706	1
11707	1
11708	1
11717	1
11721	1
11724	1
11730	1
11735	1
11743	1
11744	1
11745	1
11746	1
11751	1
11757	1
11758	1
11764	1
11772	1
11773	1
11778	1
11781	1
11784	2
11787	1
11793	1
11799	1
11808	1
11819	1
11832	1
11833	1
11834	1
11840	1
11844	2
11845	1
11850	1
11854	1
11864	1
11871	1
11874	1
11878	1
11882	1
11883	1
11884	1
11890	1
11891	1
11892	1
11902	1
11903	2
11910	2
11912	1
11915	1
11921	2
11922	1
11925	1
11926	1
11927	1
11932	1
11936	1
11938	1
11941	1
11946	1
11951	1
11952	1
11962	1
11963	1
11964	1
11967	1
11969	1
11971	1
11973	1
11976	1
11977	3
11979	1
11984	1
11994	1
11995	1
11999	1
12007	1
12014	1
12016	2
12018	1
12020	1
12022	2
12024	1
12035	1
12039	1
12044	1
12046	1
12047	1
12052	1
12053	1
12056	2
12059	1
12060	1
12062	2
12078	1
12079	2
12080	1
12081	1
12087	1
12089	1
12098	1
12101	1
12102	2
12103	1
12109	1
12112	2
12113	1
12119	1
12120	2
12122	1
12131	1
12134	1
12143	1
12146	2
12148	1
12151	1
12154	1
12157	1
12159	1
12162	1
12166	1
12173	1
12174	1
12175	1
12176	1
12177	1
12184	1
12190	1
12197	2
12199	1
12203	1
12212	1
12214	1
12216	1
12219	1
12221	1
12228	1
12235	1
12240	1
12242	1
12247	1
12255	1
12256	1
12264	1
12267	2
12271	1
12273	1
12282	1
12287	1
12288	1
12292	1
12296	1
12298	1
12306	1
12308	1
12309	1
12312	2
12319	1
12321	1
12323	1
12324	1
12325	1
12326	2
12334	1
12335	2
12337	1
12338	2
12339	1
12359	1
12362	1
12366	1
12371	1
12376	1
12377	1
12385	1
12386	1
12411	1
12414	1
12418	1
12419	1
12421	2
12423	1
12424	1
12425	1
12430	1
12432	1
12434	1
12435	2
12436	1
12442	1
12451	1
12454	1
12455	1
12457	1
12459	1
12460	1
12469	1
12470	1
12479	1
12481	1
12482	1
12484	1
12485	2
12492	1
12496	1
12520	1
12522	1
12523	1
12525	1
12526	1
12532	1
12534	1
12536	1
12543	1
12554	2
12556	1
12560	1
12562	1
12565	1
12570	1
12571	2
12579	1
12585	1
12587	1
12592	1
12602	1
12609	1
12615	1
12619	1
12625	1
12628	1
12631	1
12634	1
12636	1
12638	1
12641	1
12643	1
12644	1
12649	1
12651	1
12652	1
12653	1
12655	1
12657	1
12660	1
12661	1
12669	1
12678	1
12681	1
12695	1
12697	1
12704	1
12726	1
12727	1
12728	1
12734	2
12741	1
12745	1
12751	1
12752	1
12759	1
12763	1
12764	1
12765	1
12782	1
12784	1
12788	1
12791	1
12793	1
12794	1
12797	1
12807	1
12808	1
12814	1
12824	2
12829	1
12833	2
12838	1
12844	1
12854	2
12856	1
12863	1
12865	1
12868	1
12870	1
12872	2
12878	1
12880	1
12890	1
12891	1
12897	1
12907	1
12909	1
12911	1
12919	1
12921	2
12924	1
12926	1
12928	1
12933	1
12972	1
12973	1
12978	1
12979	1
12991	1
12999	1
13005	1
13015	3
13023	1
13029	1
13030	2
13035	1
13037	1
13038	1
13048	2
13051	1
13052	1
13061	1
13065	1
13074	1
13077	1
13079	1
13096	1
13106	1
13113	1
13124	1
13128	1
13130	1
13136	1
13141	1
13150	1
13155	1
13156	1
13162	1
13164	1
13167	1
13169	1
13172	1
13174	1
13186	1
13188	1
13197	1
13206	1
13230	1
13231	2
13235	1
13236	1
13238	1
13242	1
13247	1
13254	1
13255	1
13271	1
13273	1
13289	1
13292	1
13293	1
13295	1
13300	1
13304	1
13308	1
13309	1
13313	1
13327	1
13328	1
13336	1
13342	1
13344	1
13355	2
13357	1
13366	1
13367	1
13371	1
13375	1
13377	1
13382	1
13384	1
13394	1
13399	1
13413	1
13417	1
13423	1
13428	1
13429	1
13431	1
13433	1
13439	1
13442	1
13443	1
13447	2
13457	1
13462	1
13464	1
13465	1
13469	1
13484	1
13485	1
13486	1
13491	1
13492	1
13495	1
13502	1
13509	2
13515	1
13518	1
13523	1
13546	2
13553	2
13554	1
13562	1
13573	1
13574	1
13575	2
13586	1
13587	2
13592	2
13608	1
13612	1
13613	1
13622	1
13625	1
13628	1
13629	1
13636	1
13637	1
13642	1
13643	1
13649	1
13654	2
13668	1
13671	1
13682	1
13683	1
13690	1
13695	1
13710	1
13715	1
13720	1
13723	1
13735	1
13742	1
13743	1
13745	1
13751	1
13760	3
13764	1
13769	2
13775	1
13778	1
13781	1
13783	1
13798	1
13803	1
13804	1
13808	1
13813	1
13819	1
13821	2
13822	1
13824	1
13828	1
13829	1
13836	1
13843	1
13844	1
13845	1
13858	1
13869	2
13873	2
13890	1
13898	2
13908	2
13909	1
13910	1
13915	1
13918	1
13921	1
13922	1
13930	1
13934	1
13958	1
13959	1
13961	1
13965	1
13966	2
13976	1
13977	1
13984	1
13988	1
13989	1
13993	2
14018	1
14020	1
14026	2
14027	1
14032	1
14033	1
14037	1
14044	1
14045	1
14047	1
14048	1
14050	1
14052	1
14054	1
14060	1
14061	1
14062	1
14063	1
14071	1
14076	1
14078	1
14081	1
14082	1
14086	1
14094	1
14096	1
14109	1
14110	2
14113	1
14117	2
14122	1
14132	1
14137	1
14141	1
14152	1
14153	1
14161	1
14162	1
14167	1
14180	2
14181	1
14184	1
14187	2
14191	2
14193	1
14194	1
14201	1
14202	1
14214	1
14219	1
14227	1
14229	1
14233	1
14243	1
14245	1
14249	1
14252	1
14266	1
14272	1
14278	1
14280	1
14282	1
14285	2
14291	1
14293	1
14294	1
14296	1
14300	1
14307	1
14321	1
14325	1
14343	1
14353	1
14358	1
14363	1
14382	1
14389	1
14394	1
14395	1
14396	1
14397	1
14399	1
14405	1
14409	1
14412	1
14413	1
14414	1
14424	1
14429	1
14434	1
14438	1
14443	1
14447	1
14449	1
14458	1
14465	1
14467	1
14470	1
14479	1
14485	1
14490	1
14494	1
14497	1
14500	1
14503	3
14506	1
14508	1
14522	1
14523	1
14526	1
14527	1
14528	2
14530	2
14533	1
14536	1
14544	1
14554	1
14559	1
14567	1
14569	1
14571	1
14578	1
14586	1
14590	1
14604	1
14616	1
14622	1
14627	1
14629	1
14630	1
14638	1
14641	1
14642	1
14651	1
14672	1
14673	1
14678	1
14679	1
14685	1
14688	1
14696	1
14702	1
14709	1
14710	1
14715	1
14723	1
14736	1
14743	1
14746	2
14758	1
14763	1
14768	1
14775	1
14776	1
14788	1
14798	1
14808	1
14815	1
14829	1
14838	1
14841	1
14843	1
14852	1
14861	2
14874	1
14881	1
14887	1
14889	1
14897	1
14900	1
14901	1
14902	1
14906	1
14910	1
14913	1
14914	1
14919	1
14933	1
14953	1
14954	2
14956	2
14959	1
14961	1
14971	1
14981	1
14994	1
14995	1
14996	1
14999	1
15020	1
15021	1
15027	1
15032	1
15052	1
15055	1
15058	1
15069	2
15072	1
15090	1
15093	1
15102	1
15118	1
15127	1
15141	1
15147	1
15151	1
15152	1
15155	1
15156	1
15181	1
15182	1
15189	1
15193	1
15201	1
15204	1
15207	1
15215	1
15219	1
15238	1
15239	1
15240	1
15243	1
15248	1
15251	1
15253	1
15256	1
15268	1
15275	1
15286	1
15293	1
15295	1
15296	1
15300	1
15305	1
15314	1
15319	1
15321	2
15328	1
15338	1
15349	1
15351	1
15355	1
15356	1
15366	1
15367	1
15368	1
15372	1
15380	1
15389	1
15392	1
15394	1
15407	1
15408	1
15409	1
15426	1
15439	1
15449	2
15456	1
15465	1
15476	1
15488	2
15490	1
15495	1
15498	1
15499	1
15506	1
15510	1
15519	1
15520	1
15532	1
15541	1
15542	1
15543	1
15545	1
15554	1
15572	1
15576	1
15581	2
15588	1
15606	1
15608	2
15609	1
15610	1
15622	1
15643	1
15644	1
15659	1
15669	1
15671	1
15708	1
15718	1
15725	1
15737	1
15745	1
15749	1
15766	1
15768	1
15769	1
15778	2
15787	1
15788	1
15789	1
15808	1
15809	1
15817	1
15822	2
15828	1
15845	1
15846	1
15855	1
15856	1
15857	1
15865	1
15870	1
15873	1
15889	1
15901	1
15905	1
15910	1
15932	1
15951	1
15976	1
15989	1
15993	1
15995	1
16003	2
16023	1
16038	1
16053	1
16057	2
16091	1
16119	1
16122	1
16125	1
16159	1
16160	1
16163	1
16165	1
16168	1
16172	1
16173	1
16175	1
16185	1
16187	2
16206	1
16209	1
16211	1
16212	1
16236	1
16249	2
16252	3
16254	1
16255	1
16264	1
16274	2
16280	1
16291	1
16293	1
16305	1
16308	1
16309	1
16314	1
16318	2
16321	1
16327	1
16336	1
16351	1
16361	2
16364	1
16375	1
16376	1
