16384	1
1	7
2	7
3	7
4	2
5	4
6	4
7	1
8	2
9	5
10	3
11	2
12	1
13	3
14	11
16398	1
15	5
16400	1
16	5
17	5
18	5
19	5
20	2
21	8
22	3
23	8
24	8
25	4
26	1
27	2
28	7
29	5
30	4
31	6
32	10
33	6
34	4
16418	1
35	5
36	5
16420	1
37	2
38	5
39	2
40	7
16424	2
41	4
16425	1
42	5
43	2
44	6
45	7
46	4
47	7
48	6
49	1
50	3
51	3
52	5
53	3
54	4
55	6
16439	1
56	3
57	3
58	1
59	8
60	5
61	5
62	4
63	4
64	8
65	7
66	1
67	6
68	2
69	9
70	3
71	2
16455	1
72	6
73	3
74	6
75	3
76	6
77	3
16461	1
78	4
16462	1
79	2
80	1
81	6
82	7
83	4
84	2
85	2
86	6
87	2
88	2
89	4
90	3
91	6
16475	1
92	4
93	4
94	4
95	4
96	9
97	6
98	7
99	5
100	5
16484	1
101	7
102	3
103	3
104	7
105	1
106	6
107	6
108	3
109	5
110	1
111	5
112	3
113	3
114	1
16499	1
115	5
116	4
117	6
118	2
119	3
120	4
121	5
122	6
123	6
124	4
125	4
126	6
127	1
128	1
16512	1
129	5
16513	1
130	2
131	2
132	2
133	5
134	3
135	3
136	4
137	3
138	8
139	5
140	5
16524	1
141	1
142	6
16526	1
143	8
144	3
145	4
146	2
147	4
148	3
149	3
150	6
151	7
152	5
153	6
154	5
155	5
156	8
157	9
158	3
159	2
160	4
161	7
162	7
163	3
164	5
165	5
166	4
16550	1
167	3
16551	1
168	5
169	3
170	4
171	4
172	4
173	4
174	4
175	2
176	4
177	3
178	6
179	3
180	2
181	3
182	4
183	3
184	8
185	1
186	3
187	8
188	9
189	7
190	4
191	4
192	4
193	7
194	5
16579	1
195	1
196	1
16581	1
197	1
198	4
16582	1
199	3
200	5
201	2
202	4
203	2
204	5
205	6
206	5
207	2
208	3
209	2
210	8
211	2
212	7
213	5
214	4
16598	1
215	9
216	5
217	6
218	2
219	3
220	3
221	2
222	6
223	4
224	6
225	3
226	1
227	4
228	6
229	2
230	3
231	4
232	4
233	4
234	6
235	6
236	2
237	3
238	9
239	7
240	3
241	4
242	6
243	5
244	5
245	6
246	5
247	6
248	5
249	5
250	4
251	8
16635	1
252	2
253	1
254	4
255	3
256	4
257	3
258	5
259	7
260	6
261	7
262	4
263	4
264	6
265	5
266	5
267	5
268	8
269	3
270	4
271	4
272	6
273	4
16657	1
274	4
275	5
276	5
277	4
278	10
279	4
280	2
281	3
282	4
283	6
284	8
285	8
286	6
287	6
288	5
289	3
290	4
291	2
292	7
293	2
294	5
295	3
296	4
297	7
298	6
299	4
16684	1
301	6
302	5
303	7
304	7
305	3
306	6
307	6
308	5
309	3
310	7
311	6
312	2
313	9
314	4
315	6
316	4
317	6
318	1
319	7
320	6
321	1
322	7
323	5
324	4
325	5
326	4
327	4
328	3
329	3
330	4
331	11
332	3
333	3
334	3
335	2
336	3
337	4
338	6
339	6
340	2
341	2
342	5
343	6
344	7
16728	1
345	6
346	5
347	4
348	4
349	3
350	3
351	3
352	3
353	5
354	1
355	3
356	6
357	3
358	3
359	8
360	7
361	4
362	4
363	1
364	3
365	5
366	4
368	9
369	6
370	4
371	7
372	4
373	3
374	1
375	5
376	5
377	5
378	8
379	9
380	3
381	7
382	8
383	3
384	4
385	3
386	5
387	5
388	6
16772	1
389	4
390	5
391	13
392	5
393	3
394	4
395	7
396	5
397	10
398	3
399	8
400	4
401	9
402	2
403	5
16787	1
404	3
405	9
406	2
16790	1
407	6
408	5
409	5
410	8
411	6
412	9
413	5
414	3
415	4
416	4
417	5
418	5
419	7
420	6
421	4
422	4
423	4
424	4
425	8
426	10
427	6
428	4
429	4
430	3
16814	1
431	5
432	3
433	4
434	4
435	8
436	7
437	5
438	5
16823	1
439	3
440	7
441	3
442	6
443	7
444	3
16828	3
445	3
446	4
447	6
448	2
449	4
450	10
451	7
452	3
453	6
454	8
16838	1
455	3
456	8
457	4
458	6
459	5
460	6
461	10
462	3
463	8
464	8
465	4
16849	1
466	1
467	7
468	7
469	2
16853	1
470	6
471	7
472	8
473	6
474	1
475	3
16859	1
476	1
477	2
478	5
479	7
480	2
481	2
482	7
483	2
484	4
485	7
486	6
487	5
488	3
489	4
490	4
491	2
492	6
493	6
494	11
495	5
496	1
497	3
498	5
499	4
500	4
501	4
502	11
503	5
16887	1
504	4
505	4
506	5
507	7
508	4
509	7
510	4
16894	2
511	3
512	6
513	5
514	5
515	5
516	6
517	9
16901	1
518	8
519	2
520	5
521	3
522	9
523	9
524	12
525	4
526	4
527	7
528	5
529	9
530	4
531	5
532	4
533	4
534	7
16918	1
535	5
536	7
537	3
538	2
539	2
540	5
541	4
542	5
543	2
544	2
545	3
546	3
547	4
548	6
549	3
550	6
551	2
552	6
553	4
554	5
555	2
556	3
557	4
558	5
559	6
560	6
561	2
563	2
564	4
565	6
566	7
567	6
568	1
569	4
570	6
571	5
572	5
573	7
574	3
575	3
576	4
577	5
578	9
579	7
580	5
581	4
583	3
584	2
585	5
586	6
587	8
588	6
589	3
16973	1
590	4
16974	1
591	2
592	3
593	4
594	4
595	2
596	2
597	3
16981	1
598	4
16982	1
599	6
600	11
601	4
16986	1
602	4
603	4
16987	1
604	10
605	4
606	3
607	5
608	2
609	3
610	3
611	3
612	6
613	7
614	8
615	4
616	3
17000	1
617	7
17001	1
618	7
620	4
17004	1
621	8
622	4
623	3
624	3
625	6
626	8
627	1
17011	1
628	3
629	2
630	5
631	5
632	3
633	4
634	5
17018	1
635	1
636	3
637	4
638	7
639	5
640	9
641	2
642	5
643	3
644	7
645	7
646	3
647	3
648	4
649	4
650	6
651	6
652	8
653	4
654	5
655	5
17039	1
656	6
657	7
658	4
659	2
660	2
661	7
662	4
663	8
664	6
665	8
666	3
667	6
668	2
669	4
670	4
17054	1
671	4
672	7
673	10
674	2
675	3
676	10
677	6
678	5
679	10
680	6
681	2
682	6
17066	1
683	2
684	5
685	6
686	4
687	5
688	3
689	5
690	3
691	6
692	5
693	2
694	9
695	2
696	9
697	4
17081	1
698	2
699	6
700	3
701	8
702	6
703	4
704	4
705	4
706	2
707	6
708	7
709	8
710	9
711	5
712	6
713	5
714	2
715	6
716	5
717	2
718	6
719	6
720	1
721	7
722	3
723	5
724	5
725	2
726	3
727	3
728	5
729	9
730	4
17114	1
731	4
732	3
733	7
734	4
735	7
736	1
17121	1
737	1
738	7
739	5
740	5
741	7
742	5
743	5
744	6
745	2
746	4
747	4
748	6
749	5
750	6
751	7
752	4
753	10
754	2
755	7
756	8
757	5
758	7
759	1
760	7
761	5
762	3
763	4
764	3
765	10
766	4
767	3
768	5
769	5
770	1
771	3
772	7
773	3
774	3
775	7
776	6
777	2
17161	1
778	4
779	1
780	10
781	5
782	4
783	4
784	1
785	14
786	6
787	9
17171	1
788	4
789	8
790	5
791	4
792	4
793	8
17177	1
794	5
795	3
796	5
797	6
798	5
799	8
800	3
801	5
802	3
803	5
804	4
805	5
806	6
807	5
808	3
809	3
810	3
17194	2
811	6
812	7
813	3
17197	1
814	5
815	4
816	8
817	2
818	7
819	6
820	3
821	6
822	3
823	4
824	1
825	6
826	1
827	2
828	6
829	3
830	12
831	2
832	4
833	2
834	2
835	5
836	6
837	5
838	4
839	4
840	4
841	5
842	5
843	4
844	5
845	5
846	4
847	5
848	5
849	6
850	6
851	9
852	6
853	4
854	9
855	5
856	6
857	12
858	3
859	5
860	6
861	5
862	6
863	3
864	13
865	7
866	6
867	3
868	2
869	5
870	9
871	2
872	2
873	2
874	10
875	9
876	2
877	7
878	4
879	5
880	3
881	3
882	4
883	4
884	5
885	5
886	7
887	8
888	4
889	6
890	5
17274	1
891	4
892	5
893	7
894	2
895	2
896	6
897	5
898	7
899	3
900	5
901	5
902	5
903	4
904	4
906	6
907	2
908	5
909	3
910	2
911	5
912	4
913	4
914	3
915	6
916	6
917	8
918	6
919	5
17303	1
920	3
921	5
17305	1
922	4
923	6
924	4
925	4
926	9
927	7
929	1
930	5
931	2
932	5
933	9
934	7
935	7
936	5
937	8
938	3
939	2
940	5
941	4
17325	1
942	2
17326	1
943	5
944	4
945	6
946	5
947	4
948	3
17332	1
949	3
950	3
951	7
952	4
17336	1
953	8
954	3
955	12
956	7
957	1
958	2
959	4
960	10
961	8
962	6
17347	1
963	2
17348	1
964	4
965	5
966	7
967	4
968	5
969	5
970	1
971	7
972	3
973	5
974	7
975	3
976	3
977	3
979	4
980	6
981	8
17365	1
982	7
983	3
984	4
985	2
986	5
987	3
988	4
989	5
990	4
991	3
992	5
17376	1
993	3
994	2
995	7
996	5
997	5
998	3
999	9
1000	3
1001	2
1002	4
1003	4
1004	7
1005	7
1006	7
1007	4
1008	4
1009	7
1010	5
1011	4
1012	1
1013	1
1014	2
1015	4
1016	7
1017	3
1018	5
1019	4
1020	4
1021	4
1022	4
1023	4
1024	5
1025	3
17410	1
1026	2
1027	4
1028	3
1029	6
1030	5
1031	5
1032	6
1033	3
1034	5
1035	3
1036	7
1037	6
1038	2
1039	9
1040	4
1041	2
1042	3
1043	7
1044	2
1045	3
1046	5
1047	6
1048	4
1049	5
1050	7
1051	5
1052	4
1053	4
1054	5
1055	6
1056	2
1057	5
1058	7
1059	1
1060	4
1061	2
1062	2
1063	5
17448	1
1064	7
1065	5
17449	1
1066	2
17450	1
1067	4
1068	4
1069	7
1070	3
1071	6
1072	3
1073	1
1074	8
1075	4
1076	4
1077	2
1078	9
1079	6
1080	6
1081	3
1082	2
1083	4
1084	7
1085	3
1086	5
1087	2
1088	3
17472	1
1089	9
17473	1
1090	6
1091	6
1092	8
17476	1
1093	10
1094	6
1095	2
1096	4
1097	5
1098	7
1099	3
1100	7
1101	4
1102	1
1103	2
1104	3
1105	7
1106	3
1107	10
1108	2
1109	5
17493	1
1110	5
1111	7
1112	8
1113	5
1114	4
1115	3
1116	1
1117	4
1118	5
1119	5
1120	3
1121	3
1122	9
1123	4
1124	4
1125	4
17509	1
1126	2
1127	4
1128	5
1129	5
1130	7
1131	3
1132	4
1133	6
1134	3
1135	7
17519	1
1136	5
1137	5
1138	3
1139	3
1140	6
17524	1
1141	7
1142	3
1143	4
1144	6
1145	1
1146	5
1147	6
17531	1
1148	3
1149	6
1150	2
1151	4
1153	4
1154	4
1155	7
1156	3
1157	2
1158	4
1159	3
1160	1
1161	3
1162	8
1163	4
1164	2
1165	5
17550	1
1166	6
1167	6
1168	3
1169	4
1170	6
1171	2
1172	2
1173	2
1174	2
1175	7
17559	1
1176	5
1177	4
1178	3
1179	3
1180	2
1181	3
1182	10
1183	7
1184	5
1185	6
1186	6
1187	3
1188	5
1189	4
17574	1
1190	6
1191	3
1192	7
1193	2
1194	9
1195	2
1196	9
17580	2
1197	3
1198	5
17582	1
1199	1
1200	3
1201	7
1202	10
1203	4
1204	8
1205	1
1206	6
1207	4
1208	7
1209	3
1210	8
1211	2
17596	1
1212	5
1213	2
1214	3
1215	2
1216	3
17600	1
1217	6
1218	2
1219	6
1220	4
1221	3
1222	4
1223	6
1224	2
1225	4
1226	5
1227	2
1228	6
17612	1
1229	10
1230	4
1231	8
1232	5
1233	4
1234	8
1235	5
1236	7
1237	6
1238	6
1239	3
1240	8
1241	1
1242	3
1243	6
1244	8
1245	4
1246	4
1247	1
1248	4
1249	5
1250	2
1251	4
1252	6
1253	10
1254	5
1255	1
1256	5
1257	6
1258	9
1259	8
1260	3
17644	1
1261	1
1262	9
1263	8
1264	4
1265	5
1266	2
1267	8
17651	1
1268	4
1269	8
1270	2
1271	5
1272	3
1273	5
1274	7
1275	3
1276	3
1277	10
1278	1
1279	3
1280	3
1281	8
1282	4
1283	2
1284	9
1285	5
1286	1
1287	4
1288	6
1289	6
17673	1
1290	6
1291	12
1292	6
1293	3
1294	5
1295	5
1296	5
1297	5
1298	6
1299	9
1300	4
1301	6
1302	4
1303	4
1304	4
1305	10
17689	2
17690	1
1306	2
1307	8
17692	1
1308	5
17693	1
1309	7
1310	8
17694	1
1311	6
1312	4
17696	1
1313	6
1314	7
1315	8
1316	6
1317	2
1318	6
1319	5
1320	10
1321	3
1322	7
1323	4
1324	6
1325	4
1326	7
1327	8
1328	5
1329	2
1330	5
1331	4
1332	5
1333	3
1334	9
1335	3
1336	3
1337	9
1338	7
1339	2
1340	2
1341	2
1342	6
1343	5
1344	7
1345	3
1346	2
1347	7
1348	2
1349	7
17733	1
1350	5
1351	5
1352	5
1353	5
1354	4
1355	5
1356	8
1357	4
1358	7
1359	2
17744	1
1360	6
1361	6
1362	4
1363	7
1364	6
1365	4
1366	5
1367	8
1368	5
1369	3
1370	3
1371	3
17755	1
1372	11
1373	7
1374	1
1375	6
1376	6
1377	4
1378	3
1379	5
1380	6
1381	4
1382	5
1383	4
1384	12
1385	2
1386	4
1387	1
1388	3
1390	3
1391	7
1392	4
1393	4
1394	4
1395	6
1396	3
17780	1
1398	8
1399	5
1400	6
1401	3
17785	1
1402	3
1403	6
1404	3
1405	5
1406	1
1407	4
1408	5
1409	6
1410	6
1411	2
1412	6
1413	6
1414	8
1415	7
1416	5
1417	2
1418	2
1419	3
1420	5
1421	5
1422	3
1423	4
1424	5
1425	5
1426	3
1427	3
1428	4
1429	5
1430	6
17814	1
1431	9
1432	8
1433	2
1434	4
1435	7
1436	9
1437	4
1438	6
17822	1
1439	6
1440	3
1441	8
1442	11
1443	6
1444	8
1445	3
1446	5
1447	4
1448	4
1449	3
1450	3
1451	7
1452	5
17836	1
1453	5
1454	4
1455	5
1456	7
1457	6
1458	5
1459	5
1460	6
1461	5
1462	9
1463	5
1464	6
1465	3
1466	4
1467	4
1468	4
1469	7
17853	1
1470	3
1471	4
1472	5
1473	3
1474	6
1475	6
1476	5
17860	1
1477	2
1478	5
1479	7
1480	4
1481	1
1482	6
1483	4
1484	6
1485	1
1486	5
1487	4
1488	3
1489	9
1490	2
1491	3
1492	1
1493	7
1494	5
1495	3
1496	6
1497	3
1498	8
1499	5
17883	1
1500	1
1501	3
1502	5
1503	5
1504	2
1505	4
1506	3
1507	6
1508	4
1509	2
1510	4
1511	2
1512	8
1513	3
1514	3
1515	3
1516	6
1517	3
17901	1
1518	4
1519	5
1520	3
1521	1
1522	8
1523	2
1524	6
1525	6
1526	4
1527	4
1528	4
1529	4
1530	4
17914	1
1531	5
1532	4
1533	7
1534	1
1535	7
1536	6
1537	2
1538	10
1539	7
1540	1
1541	8
1542	5
1543	6
1544	5
17929	1
1545	2
1546	6
1547	9
1548	3
1549	2
1551	6
1552	3
1553	3
1554	4
1555	7
1556	7
1557	7
1558	6
1559	6
1560	3
1561	5
1562	4
1563	5
1564	7
1565	4
1566	5
1567	2
1568	9
1569	6
1570	4
1571	7
1572	4
1573	5
1574	6
1575	7
1576	3
1577	7
1578	4
1579	4
17963	1
1580	3
1581	5
1582	4
1583	3
1584	7
1585	5
1586	3
1587	2
1588	2
1589	5
1590	3
1591	1
1592	9
1593	5
1594	5
1595	8
1596	7
1597	6
1598	6
1599	5
1600	4
1601	2
1602	4
1603	8
1604	4
1605	5
1606	4
1607	4
1608	2
1609	5
1610	7
1611	4
1612	7
1613	9
1614	8
1615	4
1616	7
1617	6
1618	8
1619	4
1620	4
1621	4
1622	3
1623	7
1624	2
1625	4
1626	7
1627	4
1628	6
1629	3
1630	3
1631	6
1632	4
1633	7
1634	8
1635	3
1636	10
1637	4
1638	4
1639	2
1640	4
1641	5
1642	4
1643	4
1644	8
1645	6
1646	6
1647	8
1648	5
1649	9
1650	7
1651	5
1652	1
1653	5
1654	2
1655	3
1656	4
1657	2
1658	1
1659	8
1660	4
1661	8
1662	6
1663	4
1664	6
1665	4
18049	1
1666	2
1667	9
18051	1
1668	3
1669	8
1670	1
1671	2
18055	1
1672	6
1673	6
1674	4
1675	2
1676	4
1677	8
1678	5
1679	3
1680	1
1682	6
1683	4
1684	7
1685	5
1686	4
1687	6
1688	3
1689	4
1690	7
1691	3
18075	1
1692	5
1693	4
1694	3
1695	5
1696	3
1697	4
1698	6
1699	6
1700	9
1701	5
1702	5
1703	6
1704	7
1705	7
1706	3
1707	6
1709	7
1710	8
1711	10
1712	7
1713	8
1714	3
1715	3
1716	5
1717	5
1718	3
1719	6
1720	5
1721	2
1722	4
1723	2
1724	4
1725	6
1726	8
1727	5
1728	1
1729	4
1730	9
1731	4
1732	4
1733	7
1734	6
1735	1
1736	8
1737	5
1738	6
1739	4
1740	9
1741	4
1742	5
1743	7
1744	10
1745	5
1746	3
1747	3
1748	9
1749	3
1750	6
1751	1
1752	2
1753	2
1754	6
1755	7
1756	2
1757	3
1758	8
1759	3
1760	6
1761	7
1762	8
1763	2
1764	7
1765	3
1766	4
1767	6
1768	5
1769	5
1770	9
1771	4
1772	6
1773	4
1774	2
1775	3
1776	2
18160	1
1777	7
1778	5
1779	3
1780	8
1781	3
1782	7
1783	5
1784	4
1785	6
1786	2
1787	5
1788	5
1789	4
1790	11
1791	4
1792	3
1793	6
1794	10
1795	5
1796	3
1797	4
1798	3
1799	4
1800	7
1801	4
1802	8
1803	4
1804	5
18188	1
1805	2
1806	10
1807	5
1808	2
1809	9
1810	5
1811	6
1812	5
1813	7
1814	2
1815	1
1816	6
1817	1
1818	5
1819	10
1820	3
18204	1
1821	3
1822	7
1823	5
1824	4
1825	4
1826	4
1827	3
1828	3
1829	5
1830	3
1831	7
1832	5
1833	2
1834	4
1835	5
1836	3
1837	3
1838	9
1839	5
1840	5
1841	5
1842	5
1843	6
1844	4
1845	6
1846	4
1847	4
1848	3
1849	4
1850	7
1851	4
1852	4
1853	4
1854	4
1855	1
1856	9
1857	8
1858	4
1859	1
1860	4
1861	2
1862	2
1863	5
1864	7
1865	4
1866	5
1867	3
1868	4
1869	3
1870	2
1871	10
1872	6
1873	3
1874	3
1875	7
1876	3
1877	9
1878	7
1879	4
1880	4
1881	3
1882	3
1883	3
1884	6
1885	5
1886	6
18270	1
1887	6
1888	11
1889	5
1890	4
1891	5
1892	9
1893	5
1894	2
1895	1
18279	1
1896	4
1897	4
1898	4
1899	5
1900	6
1901	5
1902	4
1903	6
1904	6
1905	4
1906	5
1907	5
1908	5
1909	4
1910	4
1911	5
1912	1
1913	6
1914	1
1915	4
1916	6
18300	1
1917	6
1918	4
1919	3
1920	3
1921	6
1922	10
1923	9
18307	1
1924	3
1925	5
1926	2
1927	6
1928	4
1929	7
1930	4
1931	5
1932	7
1933	7
1934	3
1935	4
1936	6
1937	8
1938	6
1939	3
1940	5
1941	5
1942	2
1943	4
1944	4
1945	4
1946	5
1947	5
1948	10
1949	5
18333	1
1950	2
1951	7
1952	4
1953	4
1954	3
1955	2
1956	5
1957	7
1958	7
1959	5
18343	1
1960	4
1961	4
1962	6
1963	6
1964	5
1965	5
1966	10
1967	2
1968	3
1969	3
1970	2
1971	4
1972	6
1973	2
1974	4
1975	7
1976	5
1977	5
1978	2
1979	6
1980	7
1981	5
1982	6
1983	5
1984	4
1985	4
1986	2
18370	1
1987	4
1988	5
1989	6
1990	6
1991	3
1992	11
1993	3
1994	7
1995	5
1996	6
1997	4
1998	3
1999	4
2000	6
2001	4
2002	7
18386	1
2003	8
2004	4
2005	11
2006	4
2007	6
2008	4
2009	7
2010	9
2011	2
2012	3
2013	3
2014	1
2015	4
18399	1
2016	11
2017	5
18401	1
2018	8
2019	4
2020	7
2021	9
2022	5
2023	6
2024	7
2025	7
2026	3
2027	2
2028	5
2029	4
2030	5
2031	6
2032	6
2033	11
2034	7
2035	4
2036	5
2037	6
2038	3
2039	7
2040	3
2041	10
2042	6
2043	2
2044	2
2045	6
2046	3
2047	5
2048	5
2049	10
2050	3
2051	3
2052	7
2053	5
2054	4
2055	6
2056	8
18440	1
2057	7
2058	5
2059	3
2060	2
2061	6
2062	1
2063	8
2064	5
2065	4
2066	1
2067	8
2068	3
2069	4
2071	4
2072	6
2073	8
2074	5
2075	7
2076	8
2077	2
2078	1
2079	3
2080	3
2081	7
2082	8
2083	5
2084	3
2085	1
2086	4
2087	2
2088	4
2089	4
2090	6
2091	7
2092	4
2093	4
2094	5
2095	4
2096	5
2097	5
2098	10
2099	8
2100	6
2101	4
18485	1
2102	6
2103	3
2104	4
2105	3
2106	5
2107	4
2108	8
2109	5
2110	5
2111	5
2112	1
2113	4
2114	3
2115	5
2116	4
2117	4
2118	8
2119	2
2120	3
2121	3
2122	5
2123	1
2125	3
2126	10
2127	6
2128	2
2129	1
2130	3
2131	5
2132	5
2133	9
2134	7
2135	4
2136	4
2137	6
2139	4
2140	3
2141	4
2142	1
18526	1
2143	3
2144	4
2145	3
2146	5
2147	4
2148	3
2149	7
2150	4
2151	7
2152	6
2153	2
2154	4
2155	3
2156	5
2157	4
2158	8
2159	4
2160	5
2161	3
2162	3
2163	2
2164	7
2165	4
2166	7
2167	2
2168	9
2169	3
2170	9
2171	1
2172	2
2173	1
2174	6
2175	3
2176	5
18560	1
2177	5
2178	7
2179	1
18563	1
2180	2
2181	6
2182	6
2183	4
2184	5
18568	1
2185	4
2186	6
2187	2
2188	6
2189	7
2190	6
2191	8
2192	3
2193	4
2194	14
2195	8
2196	7
2197	4
2198	5
2199	3
2200	6
2201	7
2202	4
2203	6
2204	11
2205	1
2206	6
2207	6
18591	1
2208	9
2209	5
2210	6
2211	3
2212	6
2213	3
2214	6
2215	6
2216	3
2217	5
2218	5
2219	2
18603	1
2220	8
2221	8
2222	2
2223	6
2224	9
2225	3
2226	4
2227	11
2228	5
2229	2
2230	3
2231	4
2232	3
2233	11
2234	7
2235	4
2236	3
2237	2
2238	2
2239	6
2240	6
2241	5
2242	3
2243	1
2244	1
2245	4
2246	5
2247	4
2248	7
2249	1
2250	4
2252	4
2253	6
2254	7
2255	2
18640	1
2256	8
2257	5
2258	3
2259	5
2260	7
2261	6
2262	2
2263	6
2264	3
2265	7
2266	5
2267	1
2268	3
2269	2
18654	1
2270	3
2271	3
2272	5
2273	5
2274	3
2275	1
2276	6
2277	5
2278	5
2279	7
2280	3
2281	3
2282	6
2283	4
2284	5
2285	3
2286	1
2287	7
2288	3
2289	2
2290	4
2291	4
2292	1
2293	4
2294	3
2295	5
2296	3
2297	8
2298	6
2299	3
2300	2
2301	4
2302	4
2303	5
2304	3
2305	3
2306	2
2307	4
2308	8
2309	4
2310	4
2311	8
2312	5
2313	2
2314	3
18699	1
2315	4
2316	6
2317	6
2318	2
2319	3
2320	2
2321	6
2323	5
2324	4
2325	3
2326	5
2327	4
2328	6
2329	6
2330	7
2331	6
2332	6
2333	3
2334	6
2335	5
2336	4
2337	2
2338	3
2339	7
2340	8
2341	6
2342	2
2343	2
2344	8
2345	5
2346	3
2347	9
2348	5
2349	2
2350	6
2351	6
2352	8
2353	6
2354	5
2355	7
2356	4
2357	4
2358	6
2359	4
2360	5
2361	5
2362	6
2363	6
2364	5
2365	3
2366	3
18750	1
2367	4
2368	6
2369	5
2370	5
2371	4
2372	9
2373	5
2374	2
2375	4
2376	6
2377	4
2378	6
2379	5
2380	4
2381	7
18765	1
2382	5
2383	4
2384	5
2385	4
2386	3
2387	6
2388	7
2389	10
2390	5
2391	4
2392	5
2393	6
2394	4
2395	8
2396	4
2397	3
18782	1
2398	1
2399	1
2400	8
2401	5
2402	5
2403	5
2404	3
2405	5
2406	4
2407	1
18792	1
2408	1
2409	5
2410	6
2411	5
2412	7
2413	4
2414	4
18798	1
2415	4
2416	4
2417	4
2418	3
2419	3
2420	6
2422	4
2423	7
2424	3
2425	4
2426	8
2427	6
2428	3
2429	8
2430	2
2431	5
2432	2
2433	4
2434	8
2435	2
2436	5
2437	3
2438	5
2439	6
2440	3
2441	1
2442	2
2443	6
2444	7
2445	4
2446	4
18830	1
2447	7
2448	6
2449	6
2450	9
2451	4
2452	4
2453	5
2454	4
2455	3
2456	4
2457	2
2458	3
2459	3
2460	5
2461	8
2462	4
2463	3
2464	1
2465	5
2466	6
2467	4
2468	6
18853	1
2469	5
2470	4
2471	3
2472	4
2473	8
2474	6
2475	7
2476	9
2477	4
2478	3
2479	8
2480	4
2481	7
2482	9
2483	5
2484	6
2485	4
2486	4
2487	4
2488	8
2489	4
2490	2
2491	2
2492	3
2493	5
2494	8
2495	6
2496	4
2497	6
2498	3
2499	7
2500	3
2501	5
2502	3
2503	4
2504	3
2505	3
2506	3
2507	4
2508	4
2509	3
2510	4
2511	6
2512	3
2513	2
2514	6
2515	5
2516	6
2517	3
2518	6
2519	6
18904	1
2520	2
2521	3
2522	1
2523	5
2524	3
2525	7
2526	3
2527	6
2528	3
2529	4
2530	9
2531	4
2532	3
18916	1
2533	4
2534	5
2535	6
2536	7
2537	8
2538	2
2539	6
2540	7
2541	4
2542	4
2543	5
2544	3
2545	6
2546	3
2547	4
2548	7
2549	3
2550	6
2551	6
2552	4
2553	5
2554	2
2555	3
2556	5
2557	4
2558	1
2559	3
2560	12
2561	2
2562	4
2563	6
2564	1
2565	2
2566	4
2567	4
2569	4
2570	3
2571	7
2572	5
2573	7
2574	5
2575	6
2576	8
2577	2
2578	1
2579	8
2580	2
2581	1
2582	8
2583	3
2584	10
2585	4
2586	5
2587	2
2588	6
2589	6
2590	4
2591	3
2593	4
2594	4
2595	4
2596	5
2597	6
2598	4
2599	7
2600	5
2601	3
2602	1
2603	4
2605	2
18989	1
2606	3
2607	5
2608	2
2609	4
18993	1
2610	2
2611	5
2612	5
2614	1
2615	4
2616	3
2617	8
2618	7
2619	5
2620	5
2621	2
2622	7
2623	3
2624	3
2625	4
2626	5
2627	4
2628	2
2629	1
2630	4
2631	3
2632	6
2633	5
2634	5
19018	1
2635	3
2636	3
2637	5
2638	3
2639	3
2640	5
2641	1
2642	8
2643	1
2644	3
2645	5
2646	6
2647	5
2648	5
2649	5
2650	2
2651	4
2652	5
2653	6
2654	2
2655	5
2656	6
2657	7
2658	7
2659	3
2660	7
2661	7
2662	4
2663	5
2664	9
2665	4
2666	2
2667	2
2668	4
2669	5
2670	3
2671	5
2672	5
2673	5
2674	5
2675	3
2676	3
2677	6
2678	5
2679	5
2680	6
2681	6
2682	3
2683	5
2684	7
2685	6
2686	4
2687	6
2688	6
2689	3
2690	3
19074	1
2691	3
2692	7
2693	4
2695	5
2696	4
19080	1
2697	1
2698	8
2699	2
2700	3
19084	1
2701	4
2702	4
2703	6
2704	5
2705	2
2706	4
2707	3
2708	5
2709	6
2710	4
2711	5
2712	1
2713	4
2714	2
2715	7
2716	5
2717	5
2718	3
2719	4
2720	3
2721	5
2722	1
2723	3
2724	3
2726	3
2727	6
2728	3
2729	1
2730	4
2731	5
2732	2
2733	3
2734	8
2735	4
2736	4
2737	4
2738	3
2739	4
2740	3
2741	2
2742	3
2743	2
2744	4
2745	2
2746	4
2747	4
2748	1
2749	1
2750	4
2751	5
2752	4
2753	1
2754	4
2755	7
2756	4
2757	4
2758	3
2759	4
2760	3
2761	5
2762	7
2763	3
2764	3
19148	1
2765	8
2766	2
2767	4
2768	3
2769	7
2770	5
2771	5
2772	3
2773	6
2774	1
2775	2
2776	3
2777	5
2778	3
2779	4
2780	5
2781	9
2782	2
2783	5
2784	7
2785	9
2786	3
2787	3
2788	1
2789	3
2790	3
2791	6
2792	7
2793	7
2794	2
2795	2
2796	3
2797	2
2798	2
2799	6
2800	5
2801	3
2802	3
2803	3
2804	3
2805	4
2806	4
2807	6
2808	2
2809	2
2810	4
2811	6
2812	4
2813	1
2814	2
2815	4
2816	4
2817	5
2818	5
2819	7
19203	1
2820	4
2821	5
2822	4
2823	1
2824	7
2825	6
2826	2
2827	7
19211	1
2828	6
2829	6
2830	4
2831	7
2832	5
2833	1
2834	5
2835	3
2836	5
2837	7
2838	2
2839	1
2840	5
2841	2
2842	5
2843	6
2844	6
2845	6
2846	2
2847	3
2848	4
2849	3
2850	3
2851	5
2852	6
2853	1
2854	4
2855	1
2856	3
2857	1
2858	1
2859	4
2860	2
2861	5
2862	8
2863	2
2864	9
2865	5
2866	7
2867	2
2868	4
2869	3
2870	7
2871	6
2872	1
2873	4
2874	3
2875	4
2876	4
2877	1
2878	4
2879	3
2880	3
19265	1
2882	3
2883	3
2884	1
2885	6
2886	5
2887	1
2888	5
2890	4
2891	5
2892	4
2893	3
2894	4
2895	9
2896	4
2897	7
2898	10
2899	5
2900	2
2901	5
2902	5
2903	3
2904	5
2905	3
2906	2
2907	4
2908	4
2909	2
2910	5
2911	7
2912	3
2913	3
19297	1
2914	5
2915	3
2916	5
2917	5
2918	4
2919	3
2920	7
2921	2
2922	6
2923	3
2924	4
2925	9
2926	6
2927	1
2928	4
2929	4
2930	4
2931	2
2932	2
2933	6
2934	8
2935	4
2936	2
2937	4
2938	4
2939	5
2940	4
2941	2
2942	4
2943	4
2944	3
2946	6
2947	5
2948	7
2949	3
2950	3
2951	2
2952	7
2953	3
2954	1
2955	4
2956	3
2957	4
2958	3
2959	3
2960	3
2961	1
2962	5
2963	2
2964	9
2965	2
2966	4
2967	10
2968	3
2969	1
2970	2
2971	4
2972	4
2973	4
2974	5
2975	5
2976	5
2977	5
2978	3
2979	5
2980	7
2981	4
2982	6
2983	11
2984	5
2985	4
2986	6
2987	6
2988	2
2989	8
2990	5
2991	2
2992	1
2993	7
2994	4
2995	2
2996	2
2997	5
2998	3
2999	2
3000	5
3001	2
3002	3
3003	4
3004	1
3005	3
3006	6
3007	3
3008	2
3009	3
3010	5
3011	1
3012	6
3013	4
3014	6
3015	4
3016	1
3017	2
3018	4
3019	3
3020	4
3021	5
3022	7
3023	3
19407	1
3024	6
3025	7
3026	2
3027	1
3028	6
3029	3
19413	1
3030	5
3031	2
3032	6
3033	1
3034	7
3035	4
3036	4
3037	2
3038	3
3039	1
3040	5
3041	4
3043	4
3044	2
3045	2
3046	4
3047	3
3048	2
3049	7
3050	5
3051	3
3052	6
3053	3
3054	1
3055	4
3056	5
3057	5
3058	4
3059	5
3060	6
3061	1
3062	4
3063	9
3064	3
3065	7
3066	4
3067	9
3068	6
19452	1
3069	2
3070	7
3071	8
3072	9
3073	3
19457	1
3074	5
3075	9
3076	4
3077	2
3078	1
3079	1
3080	6
3081	1
3082	4
3083	6
3084	4
3085	3
3086	4
3087	3
3088	7
3089	1
3090	2
3092	4
3093	4
3094	6
3095	1
3096	1
3097	4
3098	4
3099	6
3100	5
3101	3
3102	3
3103	2
19487	1
3104	8
3105	4
3106	2
3107	6
3108	4
3109	7
3110	2
3111	3
3112	4
3113	2
3114	6
3115	10
3116	2
19500	1
3117	2
19501	1
3118	5
3119	2
3120	1
3121	4
3122	2
3123	3
3124	5
3125	6
3126	5
3127	6
3128	4
3129	4
3130	3
3131	5
3132	5
3133	2
3134	4
3135	4
3136	4
3137	5
3138	5
3139	7
3140	3
3141	4
3142	7
3143	2
3144	1
3145	2
3146	2
3147	4
3148	2
3149	5
3150	8
3151	6
3152	3
3153	3
3154	5
3155	3
3156	3
3157	3
3158	6
19542	1
3159	2
3160	6
3161	4
3162	6
3163	4
3164	6
3165	9
3166	5
3167	2
3168	6
3169	3
3170	4
19554	1
3171	2
3172	3
3174	4
3175	4
3176	2
3177	2
3178	4
3179	2
3180	5
3181	3
3182	3
3183	4
3184	2
3185	4
3186	2
3187	5
3188	3
3189	4
3190	6
3191	4
3192	3
3193	7
3194	2
3195	3
3196	3
3197	3
3198	4
3199	5
3200	3
3201	5
3202	5
3203	6
3204	5
3205	5
3206	3
3208	6
3209	6
3210	5
3211	4
3212	1
3213	4
3214	6
3215	2
3216	1
3217	2
3218	5
3219	3
3220	3
3221	2
19605	1
3222	5
3223	6
3224	3
3225	4
3226	2
3227	7
3228	5
3229	5
3230	7
3231	3
3232	4
3233	5
3234	2
3235	4
3236	8
3237	4
3238	7
3239	2
3240	2
3241	7
3242	3
3243	3
3244	2
3245	2
19629	1
3246	3
3247	2
3248	2
3249	2
3250	2
3251	4
3252	4
3253	4
3254	3
3255	5
3256	4
3257	6
3258	6
3259	4
3260	6
3261	5
3262	7
3263	3
3264	5
3265	3
3266	5
3267	5
3268	4
3269	2
3270	2
3271	1
3272	5
3273	3
3274	8
3275	6
3276	2
3277	1
3278	6
3279	4
19663	1
3280	4
3281	5
3282	2
3283	5
3284	2
3285	2
3286	7
3287	1
3288	2
3289	5
3290	2
3291	2
3292	3
3293	1
3294	7
3295	2
3296	3
3297	2
3298	3
3299	2
3300	4
3302	4
3303	3
3305	1
3306	2
19691	1
3307	4
3308	2
3309	4
3310	3
3311	2
3312	4
3313	3
3314	1
3315	3
3316	3
3317	1
3319	7
3320	5
3321	3
3322	5
3324	3
3325	2
3326	2
3328	5
3329	3
3330	4
3331	5
3332	3
3333	3
3334	3
3335	3
3336	2
3337	2
3338	5
3339	4
3340	3
3342	2
19726	1
3343	2
3344	3
3345	1
3346	5
3347	2
3348	4
3349	7
3350	6
3351	7
3352	2
3353	5
3354	2
3355	3
3356	4
3357	3
19741	1
3358	4
3359	7
3360	4
3361	1
3362	4
3363	2
3364	6
3365	3
3366	6
3367	6
3368	2
3369	1
3370	5
3371	7
3372	3
3373	4
3374	4
3375	7
3376	5
3377	2
3378	3
3379	5
3380	3
3381	2
3382	2
3383	3
3384	2
3385	4
3386	2
3387	1
3388	5
3389	2
3390	3
3391	4
3392	6
3393	2
3394	6
3396	3
3397	2
3398	6
3399	7
3400	3
3401	1
3402	5
3403	2
3404	5
3405	6
3406	7
3407	3
3408	2
3409	4
3410	3
3411	4
3412	5
3413	6
3414	4
3415	6
3416	5
3417	4
3418	5
3419	1
3420	4
3421	2
3422	6
3423	6
3424	2
3425	4
3426	6
3427	1
3428	3
3429	1
3430	6
3431	5
3432	1
3433	3
3434	7
3435	3
3436	2
3437	5
3438	3
3439	3
3440	3
3441	2
3442	1
3443	3
3444	4
3445	2
3446	2
3447	3
3448	3
3449	3
3450	2
3451	2
3452	4
3453	7
3454	1
3455	2
3456	5
3457	4
3458	3
3459	6
3460	1
3461	2
3462	9
3463	3
3464	5
3465	2
3466	3
19850	1
3467	1
3468	3
3469	4
3470	4
3471	3
3472	6
3473	2
3474	7
3475	6
3476	7
3477	4
3478	9
19862	1
3479	1
3480	8
3481	2
3482	6
3483	6
3484	3
3485	1
3486	1
3487	5
3488	3
3489	3
3490	2
3491	4
3492	2
3494	4
3495	3
3496	5
3497	6
3498	5
3499	5
3500	5
3501	2
3502	4
3503	2
3504	2
19888	1
3505	6
3506	2
3507	4
3508	3
3509	6
3510	2
3511	4
3513	5
3514	4
3515	2
3516	6
3517	2
3518	3
3519	4
3520	2
3521	11
3522	3
3523	2
3524	4
3525	2
3526	9
3527	4
3528	3
3529	5
3530	4
3531	5
3532	4
3533	2
3534	3
3535	2
3536	4
3537	3
3538	1
3539	2
3540	8
3542	6
3543	2
3544	2
3545	7
3546	7
3547	8
3548	5
3549	2
19933	1
3550	5
3551	6
3552	4
3553	4
3554	4
3555	3
3556	4
3557	4
3558	2
3559	3
3560	5
3561	5
3562	2
3563	2
3564	6
3565	4
3566	6
3567	3
19952	1
3568	1
3569	5
3570	4
19954	1
3571	5
3572	3
3573	2
3574	3
3575	2
3576	4
3577	5
3578	1
3579	4
3580	5
3581	3
3582	1
3583	5
3584	2
3586	3
3587	2
3588	2
3589	2
3590	5
3591	3
3592	5
3593	3
3594	5
3595	1
3596	1
3597	3
3598	5
3599	3
3600	2
3601	2
3602	5
3603	1
3604	3
3605	4
3606	4
3607	2
3608	3
3609	2
3610	3
3611	3
3612	2
3613	3
3615	5
3616	5
3617	4
3618	7
3619	2
3620	3
3621	5
3623	3
3624	1
3625	7
3626	4
3627	2
3628	2
3629	4
3630	1
3631	5
3632	1
3634	3
3635	6
3636	6
3637	4
3638	3
3639	4
3641	2
3642	1
20026	1
3643	2
3644	1
3645	4
3646	2
3647	3
3648	1
3649	6
3650	4
3651	4
3652	4
3653	3
3654	4
3655	3
3656	3
3657	4
3658	5
3659	6
3660	3
3661	4
3662	5
3663	5
3664	5
3665	5
3666	3
3667	2
3668	2
3669	7
3670	3
3671	4
3672	8
3674	5
3675	3
3676	5
20060	1
3677	1
3678	7
3679	4
3680	4
3681	5
3683	1
3684	2
3685	5
3687	5
3688	4
3689	4
3690	6
20075	1
3692	5
3693	5
3694	4
3696	4
3697	2
3698	1
3699	1
3700	6
3701	2
3702	3
3703	3
3704	2
3705	3
3706	4
3707	4
3708	4
3709	5
3710	3
3711	3
3712	3
3713	1
3715	4
3716	4
3717	4
3718	4
3719	3
3720	3
3721	3
3722	4
3723	1
3724	1
3725	7
3726	1
3727	4
3728	5
3729	4
3730	2
3731	3
3732	1
3733	6
3734	2
3735	3
20119	1
3736	3
3737	2
3738	3
3739	2
3740	6
3741	1
3742	3
3743	6
3744	4
3745	6
3746	5
3747	2
3749	3
3750	1
3751	4
3752	3
3753	3
3754	2
3755	3
20139	1
3756	1
3757	6
3759	1
3760	3
3761	5
3762	4
20147	1
3763	2
3764	3
3765	4
3766	3
3767	4
3768	3
20152	1
3769	2
3770	1
3771	3
3772	1
3773	6
3774	4
3775	2
3776	6
3777	2
3778	4
3779	5
3780	5
3781	1
20165	1
3782	2
3783	3
3784	4
3785	2
3786	2
3787	2
3789	3
3790	1
3791	5
3792	2
3793	2
20178	1
3794	2
3795	3
3796	5
3797	1
3799	2
3800	5
3801	6
3802	5
3803	7
3804	8
3805	3
3806	5
3807	4
3808	1
3810	3
3811	5
3812	2
3813	6
3814	4
3815	1
3816	3
3817	2
3818	2
3819	1
3820	2
3821	3
3822	2
3823	4
3824	2
3825	1
3826	6
3827	2
3828	2
3829	2
3830	1
3831	4
3832	6
3833	6
3834	3
3835	5
3836	3
3837	5
3838	6
3839	2
3841	3
3842	2
3843	1
3844	3
3845	4
20229	1
3846	3
3847	5
3848	4
3849	4
3850	7
3851	4
3852	2
3853	3
3854	3
3855	1
3856	3
3857	2
3858	3
3860	1
3861	5
3862	2
3864	1
3865	7
3866	5
3867	3
3869	2
3870	3
3871	1
3872	4
3873	1
3874	3
3875	2
3876	4
3877	5
3878	1
3879	1
3880	3
3881	3
3882	2
3884	3
3885	4
3886	1
3887	6
3888	3
3889	3
3890	2
3892	4
3893	1
3894	3
3896	2
3897	3
3898	5
3899	3
3900	2
20284	1
3901	2
3902	3
3903	3
3904	7
3905	4
3906	3
3907	5
3908	3
3909	2
3911	3
3912	1
3913	1
3914	4
3915	3
3916	3
3917	4
3918	1
3919	3
3920	4
3921	2
3922	3
3923	3
3924	5
3925	2
3926	4
3928	2
3929	8
3930	5
3931	2
3932	3
3933	5
3934	2
3935	4
3936	2
3937	2
3938	2
3939	4
3940	2
3941	1
3942	4
3944	6
3945	5
3946	1
3947	2
3948	4
3949	2
3950	1
3951	3
3952	2
3953	4
3954	1
3955	2
3956	2
3957	3
3958	1
3959	6
3960	5
3961	2
20345	1
3962	2
3963	5
3964	2
3965	1
3966	2
3967	3
3968	4
3969	4
3970	1
3971	2
3972	1
3973	1
3974	3
3975	2
3976	3
3977	2
3978	3
3979	5
3980	3
3981	4
3982	2
3983	2
3984	4
3985	3
3986	5
3987	1
3988	5
3989	1
3990	1
3991	2
3992	3
3993	5
3994	3
3995	6
3996	4
3997	3
20381	1
3998	2
3999	2
4000	3
4001	6
4002	1
4003	4
4004	2
4005	7
4006	1
4007	2
4008	4
4009	2
4010	2
4011	5
4012	3
4013	6
4014	5
4015	1
20399	1
4017	2
4018	5
4019	3
4020	4
4021	3
4022	2
4023	4
4025	2
4026	5
4027	3
4028	2
4029	5
4030	2
4031	2
4032	4
4033	1
4034	4
4035	5
4036	1
4037	4
4038	1
4039	1
4040	3
4041	2
4042	6
4043	4
4044	1
4045	1
4046	3
4047	5
4048	1
4049	3
4050	3
4051	5
4052	2
4053	5
4054	3
4055	1
4056	1
20440	1
4058	6
4059	2
4060	2
4061	2
4062	3
4063	2
4064	3
4068	7
20452	1
4069	4
4070	2
4071	4
4072	2
4073	1
4074	1
4075	3
4076	5
4077	2
4078	7
4079	2
4080	4
4081	5
4082	6
4083	4
4084	1
20469	1
4085	2
4086	5
4087	3
4088	5
20472	1
4089	4
20473	1
4090	3
4091	6
4092	6
4093	5
4094	1
4095	3
4096	3
4097	3
4098	4
4099	6
4100	2
4101	5
4102	4
4103	1
20487	1
4104	1
4105	4
4106	2
4107	4
4108	4
4110	4
4111	1
4112	1
4113	2
4114	3
4115	5
4116	6
4117	4
4118	5
4119	5
4120	4
4121	1
4122	4
4123	3
4124	4
4125	3
4126	3
4127	5
4128	2
4129	2
4130	2
4131	5
4133	7
4134	2
4135	5
4136	2
4137	4
4138	3
4139	5
4140	4
4141	4
4142	5
4143	2
4144	4
20528	2
4145	5
20530	1
4146	3
20531	1
4147	3
4148	5
4149	1
4150	4
4151	4
4152	3
4153	7
4154	3
4155	4
4156	2
4157	5
4158	2
4159	4
4160	2
4162	5
4163	2
4164	6
4165	2
4166	4
4167	5
4168	2
4169	4
4171	4
4173	1
4174	1
4175	5
4176	3
4177	3
4179	2
4180	2
4181	3
4182	3
4183	5
4184	2
4185	6
4186	3
4187	1
4188	3
4189	1
4190	4
4191	2
4192	4
4193	3
4194	3
4195	4
20579	1
4196	1
20580	1
4197	1
4198	3
4199	2
4200	3
4201	3
4202	1
4203	1
4204	1
4206	1
4207	2
4208	5
4209	4
4210	2
4211	1
4212	4
4213	4
4214	2
4215	3
4216	3
4217	1
4219	4
4221	2
4222	3
4223	3
4224	1
4225	2
4226	1
4227	2
4228	3
4229	1
4230	1
4231	3
4232	2
4233	3
20618	1
4234	1
4235	3
4236	5
4237	1
4239	2
4240	1
4241	2
4242	2
4243	2
4244	3
4245	2
4246	4
4249	4
4250	3
4252	4
4253	3
4254	3
4255	1
4256	5
4257	6
20641	1
4258	2
4259	3
4260	2
4261	2
4262	3
4263	6
4264	3
4265	2
4266	3
4267	5
4268	4
4269	1
4270	1
4271	1
4272	3
4273	1
4274	2
4275	3
4276	5
4277	4
4278	6
4279	4
4280	1
4281	2
4282	2
4283	1
4284	3
4285	4
4286	3
4287	1
4288	2
4289	6
4290	1
4291	5
4292	3
4293	3
4294	3
4295	1
4296	2
4297	4
4298	4
4299	3
4300	4
4302	3
4304	2
4305	1
4306	5
4308	1
4309	5
4310	5
4311	1
4312	2
4313	1
4314	4
4316	3
4317	4
4318	3
4319	8
4320	3
4322	3
4323	4
4324	5
4325	6
4326	1
4327	2
4328	2
4330	5
4331	2
4332	5
4333	7
4334	1
4335	1
4336	2
4337	2
4338	5
4339	5
4340	1
4341	2
4342	1
4343	4
4345	1
4346	1
4347	5
4348	2
4349	1
4350	4
4351	1
4352	2
4353	1
4354	4
4355	1
4356	1
4357	2
4358	2
4359	5
4360	2
4362	1
4363	1
4364	5
4365	3
4366	1
4367	1
4368	3
4369	3
4370	3
4371	4
4372	3
4373	3
4374	1
4375	5
4376	6
4377	5
4378	1
4379	3
4380	5
4381	2
4382	3
4383	4
4384	2
4385	2
4386	2
20770	1
4387	5
4388	5
4389	1
4390	1
4391	3
4392	1
4393	4
4394	5
4395	2
4396	4
4397	2
4398	3
4399	4
4400	3
4401	1
4402	1
20786	1
4403	3
4404	3
4405	4
4406	4
4407	3
4408	2
4409	1
4410	2
4411	4
4412	1
4414	4
4415	2
4416	4
4417	3
4418	2
4419	2
4420	1
4421	1
4422	1
4424	4
4426	1
4427	5
4428	1
4429	7
4430	8
4431	3
4432	1
4433	3
4434	5
4435	4
4437	3
4438	3
4439	4
4441	1
4442	3
4443	2
4444	2
4445	2
4446	3
4447	2
4449	2
4450	1
4451	1
20835	1
4453	3
4454	1
4456	4
4458	1
4459	1
4460	4
4461	2
4462	1
4463	4
4464	4
4466	3
4467	1
4468	3
4469	4
4470	5
4471	2
4472	1
4473	6
4474	3
4475	1
4476	3
4477	5
4478	2
4479	1
4480	4
4481	2
4482	1
4483	5
4484	2
4485	2
4486	3
4487	4
4488	5
4489	1
4490	1
4491	3
4492	2
4493	2
4495	2
4496	3
4497	4
4500	1
4501	3
4502	1
4503	2
4504	1
4505	3
4506	2
4507	1
4508	6
4509	2
4510	6
4511	2
4512	3
4513	3
4514	4
4515	6
4516	7
4517	4
4518	3
4519	2
4520	3
4521	3
4522	2
4525	1
4526	1
20910	1
4527	2
4528	1
4529	2
4530	1
4531	3
4532	3
4533	4
4534	3
4535	3
4536	4
4537	2
4538	2
4539	3
4540	5
4541	3
4542	6
4543	3
4544	3
4545	3
4546	4
4547	3
4548	1
4549	1
4550	3
4551	5
4552	2
4553	5
4554	5
4555	4
4556	2
4557	5
4558	1
4560	4
4561	3
4562	2
4563	3
20947	1
4564	1
4565	2
4566	3
4567	1
4569	4
4570	3
4571	4
4572	6
4574	2
4575	1
4576	1
4577	2
4578	2
4579	1
4580	4
4581	3
4582	3
4583	3
4584	3
4585	4
4586	5
4587	3
4589	2
4590	3
4591	1
4592	3
4593	1
4594	1
4595	2
4596	1
4597	2
4598	4
4599	3
4600	2
4601	4
4603	1
4604	2
4605	3
4606	1
4607	3
4608	3
4609	2
4610	1
4611	1
4612	1
4613	4
4614	1
4615	2
4617	4
4618	3
21003	1
4619	2
4620	1
4621	3
4622	3
4623	1
4625	2
4626	1
4627	4
4628	3
4629	6
4630	1
4631	2
4632	3
4633	2
4634	1
4636	6
4637	2
4638	4
4639	1
4640	3
4641	3
4642	5
4643	2
4644	1
4645	3
4646	1
4647	3
4648	2
4649	2
4651	5
4652	1
4653	1
4654	1
4655	5
4657	5
4658	2
4659	3
4660	4
4661	3
4662	4
4663	3
4664	5
4665	3
4666	2
4667	1
4668	2
4669	4
4670	3
4671	2
4672	2
4673	3
4674	4
4676	1
4677	1
4678	4
4679	2
4680	4
4682	4
4683	2
4684	5
4685	6
4686	4
4687	3
4688	3
4689	1
4690	1
4691	4
4692	4
4693	5
4694	5
4695	2
4697	4
4698	1
4699	2
21083	1
4700	1
4701	2
4702	1
4703	4
4704	6
4705	3
4706	5
4707	3
4708	3
21092	1
4710	1
4711	3
4712	1
4713	2
21097	1
4715	1
4717	6
4718	2
4719	1
4720	3
4721	2
4722	6
4724	1
4725	3
4726	1
4727	1
4728	1
4729	1
4730	4
4731	3
4732	3
4733	4
4734	7
4735	2
4736	4
4737	1
4738	4
4739	1
4740	2
4741	1
4742	4
4743	1
4744	3
4745	1
4746	4
4747	3
4748	4
4749	6
4750	3
4752	1
4753	5
4754	1
4755	2
4756	4
4757	4
4758	1
4759	2
4760	5
4761	3
4762	5
4763	3
4765	2
4766	1
4767	2
4768	5
4769	5
4770	4
4771	3
4772	2
4773	3
4776	3
4777	4
4778	4
4780	1
4781	1
4782	4
4784	6
4785	2
4786	3
4787	2
4788	1
4790	3
4791	3
4792	2
4793	3
4794	2
4795	4
4796	2
4797	2
4798	3
21183	1
4800	3
4801	2
4802	2
4803	4
4804	2
4805	1
4806	2
4807	3
4808	3
4809	2
21193	1
4810	1
4811	1
4812	2
4813	1
4814	2
4815	2
4817	2
21201	1
4818	1
4819	2
4820	1
4821	1
4822	1
4823	5
4824	2
4825	2
4826	1
4827	2
4828	4
4830	3
4831	4
4832	1
4833	2
4834	4
4835	2
4836	2
4837	4
4838	1
4839	3
4840	2
4842	2
4843	5
4844	3
4845	2
4846	2
4847	2
4848	4
4849	2
4850	2
4851	1
4853	3
4855	2
21239	1
4856	1
4857	3
4858	3
4859	2
4860	2
4861	3
4863	1
4864	2
4865	2
4866	2
4867	3
4868	3
4869	2
4871	2
4872	1
4873	3
4874	1
4875	2
4876	7
4877	3
4878	3
4879	4
4881	1
4882	4
4883	4
4884	1
4885	2
4886	4
4887	4
4888	2
4889	3
4890	2
4891	1
4892	2
4893	2
4894	4
4895	5
4896	2
4897	2
4898	4
4899	2
4900	2
4901	2
4902	2
4903	3
4904	2
4905	1
4906	2
4907	5
4908	2
4910	1
4913	4
4914	2
4915	2
4916	5
4918	1
4919	2
4920	1
4921	2
4922	2
4923	4
4924	3
4925	1
4927	5
4928	1
4929	5
4930	2
4931	2
4932	5
4933	3
4934	1
4935	2
4936	1
4937	1
4938	4
4939	5
4940	4
4941	4
4943	4
4944	2
4945	1
4947	1
4948	4
4949	1
21334	1
4950	2
4951	3
4952	1
4953	3
4955	2
4957	1
4958	1
4959	2
4960	2
4961	4
4962	2
4964	2
4965	2
21349	1
4966	1
4967	2
4968	1
4969	3
4970	2
4971	1
4972	2
4973	2
4974	4
4975	3
4976	6
4978	5
4979	3
4980	2
4983	1
4984	1
4985	1
4987	4
4988	3
4989	1
4990	2
4991	1
4992	3
4993	2
4994	4
4995	1
4996	4
4997	3
4998	4
4999	1
5000	3
5001	2
5002	2
5003	2
5004	1
5005	1
5006	3
5007	1
5008	3
5009	4
5010	1
5011	1
5013	2
5014	4
5015	1
5016	4
5017	5
5018	2
5019	8
5020	4
5021	1
5023	3
5024	2
5025	2
5026	1
5027	2
5028	2
21413	1
5030	2
5031	1
5032	3
5033	1
5034	3
5035	2
5036	4
5037	5
5038	5
5039	2
5040	2
5041	1
5042	1
5043	4
5044	1
5045	3
5046	2
5047	1
5050	3
5051	1
5052	3
5053	2
5054	1
5055	1
5056	2
21441	1
5057	2
5058	3
5059	2
5060	1
5061	1
5062	6
5064	4
5065	3
5066	1
5067	1
5068	3
21452	1
5069	2
5070	1
5071	2
5072	2
5073	4
21457	1
5074	3
5075	1
5076	1
5078	3
5079	2
5081	1
5082	1
5083	1
5084	5
5085	1
5086	1
5087	3
5088	3
5089	2
5091	3
5092	3
5093	3
5094	3
5095	6
5096	1
21481	1
5097	2
5098	4
5099	2
5100	2
5101	1
5102	1
5103	2
5105	1
5107	2
5108	2
5110	3
5111	4
5112	4
5113	4
5114	1
5115	1
5116	3
5118	1
5119	3
5120	4
5121	3
5122	3
5123	2
5125	5
5126	1
5127	3
5128	1
5129	1
5130	3
5132	2
5134	1
5135	2
5136	2
5137	2
5138	2
5139	3
5140	1
5141	3
5143	3
5144	3
5145	1
5146	3
5147	1
5148	2
5149	1
5150	2
5151	2
5154	1
5155	1
5156	1
5157	4
5158	1
5160	4
5161	2
5164	2
5165	1
5167	1
5168	1
5172	2
5173	1
5174	2
5176	1
5177	2
5178	4
5179	1
5180	2
5181	2
5182	4
5183	1
5184	4
5185	2
21569	1
5186	1
5187	1
21571	1
5188	3
5189	1
5190	5
5191	2
5192	2
5193	3
5194	1
5195	1
5196	2
5197	2
5198	2
5199	3
5201	1
5203	3
5204	2
5205	1
5206	6
5207	1
5209	3
5210	2
5211	4
5212	4
5213	3
5214	1
5215	3
5216	1
5217	5
5218	3
5221	2
5222	1
5223	2
5224	1
5225	5
5227	3
5228	1
5229	4
5230	2
21616	1
5233	3
5234	2
5235	1
5236	3
5237	3
5238	1
5240	1
5241	2
5243	3
5244	1
5246	3
5247	1
5248	6
5249	2
5250	2
5251	3
5252	2
5253	1
5254	2
5256	1
5257	2
5258	1
5260	2
5261	3
5262	1
5263	2
5264	1
5265	2
5266	3
5267	2
5268	2
5269	3
5271	2
5272	1
5274	4
5275	3
5276	2
5278	1
5279	1
5280	1
5282	2
5283	7
5285	2
5286	2
5287	1
21671	1
5288	3
5289	1
5290	2
5291	2
5292	2
5293	4
5294	1
5296	1
5297	2
5299	3
5300	3
5301	1
5302	4
5304	1
5305	2
5306	4
5307	1
5308	1
21694	1
5310	2
5311	2
5312	1
5313	2
5314	1
5315	2
5316	1
5318	2
5319	2
5320	3
5321	1
5322	3
5323	2
5325	2
5326	3
5327	4
21711	1
5328	2
5329	4
5331	3
5332	1
5333	2
5334	4
5335	3
5337	3
5338	2
5339	1
5340	3
5341	4
5342	2
5343	1
5344	3
5346	1
5347	3
5349	2
5350	1
5351	1
5352	2
5355	2
5356	2
5357	2
5358	4
21742	1
5359	3
5360	1
5361	1
5362	2
5363	1
5364	3
5365	2
5366	2
5368	1
5369	1
5370	5
5371	3
5372	2
5373	3
5374	2
5375	1
5377	3
5378	5
5379	2
5380	2
5381	2
5382	1
5383	4
5384	2
5385	4
5387	2
5390	4
5391	2
5392	5
5394	7
5395	1
5396	1
5397	1
5398	2
5399	3
5400	1
5401	2
5403	2
5404	3
5406	1
5407	1
5408	4
5409	4
5412	3
5414	4
5415	2
5416	1
5417	4
5418	4
5419	2
5420	3
5421	1
5422	1
5424	1
5425	1
5426	1
5427	2
5428	3
5429	1
5430	3
5431	1
5432	1
5434	1
5435	2
5436	4
5437	2
5438	2
5440	3
5441	3
5442	4
5443	2
5444	5
5446	5
5447	2
5448	6
5449	2
5451	1
5452	3
5453	1
5454	1
5455	1
5457	2
5458	2
5459	3
5460	1
5461	4
21845	1
5462	3
5463	1
21849	1
5466	2
5467	6
5468	1
5469	1
5470	1
5472	2
5473	2
5474	4
5475	1
5478	2
5479	1
5480	1
5481	2
5483	1
5484	1
5485	2
5486	2
5487	1
5488	2
5489	2
5491	3
5492	2
5494	1
5495	2
5496	1
5497	1
5498	2
21882	1
5499	1
5500	3
5501	2
5502	1
5503	5
5504	4
5505	2
5506	2
5507	3
5508	2
5509	1
5510	3
5511	2
5512	2
5514	2
5515	1
5516	3
5519	3
5520	2
5522	1
5523	2
5524	6
5525	1
5527	2
5529	2
5530	1
5531	1
5532	2
5533	3
5535	2
5536	1
5538	1
5539	4
5541	2
5542	4
5543	1
5544	1
5545	4
5546	2
5549	2
5550	1
5551	3
5552	2
5553	3
5555	2
5556	1
5557	2
5558	3
5559	1
5560	1
5561	2
5562	2
5564	2
5566	6
5567	1
5568	6
5569	1
5570	1
5571	1
5572	1
5573	1
5574	3
5575	3
5576	5
5577	1
5578	1
5579	1
5580	3
5581	3
5582	1
5584	2
5585	3
5586	2
5587	1
5588	1
5589	3
5590	1
5591	3
5592	2
5593	3
5594	3
5595	1
5596	1
5597	3
5598	4
5599	4
5600	3
5601	1
5604	4
21988	1
5608	2
5609	1
5610	1
5611	2
5612	1
5615	2
5616	2
5617	2
5618	1
5620	2
5622	1
5623	5
5625	3
5626	4
5627	3
5628	2
5629	2
5630	2
5632	1
5633	2
5634	3
5636	1
5638	2
5639	1
5640	1
5641	2
22027	1
5644	2
22028	1
5645	3
5646	1
5647	1
5648	2
5649	2
5650	2
5651	6
5652	3
5653	2
5654	2
5655	1
5656	3
5657	1
5658	1
5659	3
5660	3
5661	1
5663	1
5664	2
5666	1
5667	1
5668	4
5671	2
5673	4
22057	1
5676	5
5677	2
5678	7
5679	1
5680	1
5681	2
5683	1
5684	1
5685	1
5687	2
5688	2
5689	4
5691	1
5692	4
5693	4
5694	1
5696	4
5697	2
5698	1
5699	1
5700	5
5701	1
22085	1
5703	2
5704	3
22089	1
5705	2
5706	1
5709	2
5710	1
5712	1
5713	2
5715	1
5716	1
5717	2
5718	1
5719	3
5720	1
5722	1
5723	5
5724	1
5725	3
5726	2
5727	1
5729	1
5730	1
5731	2
5732	1
5733	5
5735	1
5736	1
5737	1
5738	3
5739	2
5740	3
5741	1
5743	1
5744	1
5745	3
5746	1
5747	3
5748	1
5749	2
5750	1
5751	1
5752	1
5753	1
5754	6
5755	2
5756	2
5757	3
5758	3
5759	2
5760	1
5761	2
5762	4
5763	1
5764	4
5765	1
5766	1
5767	1
5768	2
5769	2
5771	1
5773	3
5774	3
22159	1
5775	3
5776	3
5777	2
5778	1
5780	2
5782	1
5784	1
5786	1
5787	4
5788	1
5789	2
5790	1
5791	1
5792	4
5793	1
5794	2
5795	1
5796	3
5797	1
5799	1
5800	2
5802	3
5803	1
5805	2
5806	6
5807	1
5808	3
5810	1
5811	2
5812	1
5813	1
5814	2
5815	1
5816	2
22200	1
5817	1
5819	2
5820	1
5822	1
5823	1
5824	2
5825	1
5826	1
5829	2
5831	3
5833	2
5836	2
5837	2
5839	3
5840	2
5841	1
5842	2
5843	2
5844	1
5846	2
5847	2
5849	1
5851	1
5852	2
5854	2
5855	2
5857	1
5858	6
5859	1
5860	1
5862	1
5865	5
5867	2
5868	1
5869	2
5871	2
5874	2
5877	1
5878	4
5879	1
5880	3
5881	2
5882	1
5883	5
5886	1
22270	1
5889	2
5890	2
5891	7
5892	1
5893	1
5894	1
5896	1
5897	1
5901	2
5902	2
5903	3
5904	3
5905	1
5906	1
5907	2
5908	1
5910	1
5911	2
5913	2
5915	1
5916	2
5917	1
5918	2
5919	1
5920	3
5921	1
5922	1
5923	2
5925	2
5927	2
5929	1
5930	2
5931	2
5932	1
5933	1
5934	1
5937	2
5938	2
5939	2
5940	3
5944	2
5945	1
5947	1
5950	2
5953	3
5954	4
5956	1
5957	1
5958	2
5962	2
5964	1
5966	1
5967	1
5968	2
5969	1
5970	1
5971	2
22356	1
5974	1
5976	2
5977	3
5979	1
5980	1
5981	3
5982	1
5984	1
5985	1
5986	1
5987	4
5988	2
5989	2
5992	1
5993	3
5994	2
5995	3
5996	1
5997	1
5998	2
5999	1
6000	3
6001	2
6002	2
6003	2
22387	1
6004	2
6005	1
6008	2
6009	2
6010	1
6011	2
6015	1
6016	2
6017	3
6018	1
6019	1
6020	2
6021	2
6024	2
6025	6
6027	1
6029	1
6030	1
6031	1
6032	2
6033	1
6034	1
6036	4
6037	1
6038	2
6039	1
6040	2
6041	1
6042	2
6045	2
6046	3
6047	1
6049	1
6052	2
6054	1
22438	1
6055	3
6056	1
6057	2
6059	1
6060	1
22445	1
6062	1
6063	2
6064	1
6065	3
6066	2
6067	2
6068	1
6069	2
6070	1
6072	4
6073	2
6074	1
6075	1
6076	3
6077	2
6078	1
6079	3
6080	3
6081	2
6082	1
6084	2
6085	1
6086	2
22470	1
6088	1
6090	2
6091	1
6092	1
6093	2
6094	2
6095	1
6096	1
6097	1
6098	1
6099	2
6100	1
6101	1
6102	1
6103	1
6104	2
6105	1
6106	3
6107	1
6108	1
6109	1
6110	1
6111	2
6112	1
6113	2
6115	1
6117	3
6118	1
6119	2
6120	2
6121	2
6122	1
6124	1
6125	1
6126	1
6127	1
6129	1
6131	3
6132	2
6136	1
6138	1
6139	1
6140	3
6141	1
6142	2
6143	1
6144	2
6145	2
6146	1
6147	3
6148	3
6149	1
6150	3
6152	2
6153	2
6154	1
6156	1
6157	2
6158	2
6159	1
6160	1
6161	1
6162	1
6163	3
6165	1
6166	1
6167	1
6168	3
6169	1
6170	1
6172	2
6173	2
6175	3
6178	2
6179	1
6180	2
6181	2
6182	2
6183	2
6185	1
6186	1
6188	2
6189	3
6190	2
6192	1
6193	1
6195	2
6196	3
6197	2
6198	1
6199	3
6200	2
6201	2
6202	1
6203	1
6204	3
6205	1
6206	1
6207	1
6208	1
6209	1
6210	1
6213	1
6214	1
6215	1
22600	1
6217	1
6218	1
22603	1
6219	3
6220	1
6221	2
6222	2
6223	2
6224	2
6225	2
6227	1
6228	4
22612	1
6229	1
6230	2
6231	2
6232	1
6236	2
6237	1
6238	4
6239	1
6240	1
6241	1
6242	2
6243	1
6244	2
6246	2
6247	1
6248	1
6250	1
6251	2
6253	1
6254	1
6255	1
6256	1
6257	1
6258	2
6259	2
6260	2
6261	1
6262	1
6263	2
6265	1
6266	2
6267	1
6270	2
6272	3
6273	3
6274	1
6275	3
6276	2
6277	2
6278	1
6279	2
6280	1
6281	1
6283	2
6284	2
6286	2
6287	1
22671	1
6289	1
6291	2
6292	1
6293	1
22678	1
6294	2
6295	1
6296	1
6298	4
6299	2
6300	1
6301	4
6304	3
22689	1
6305	1
6307	2
6308	1
6309	2
6310	1
22695	1
6311	2
6314	1
6315	1
6317	2
6318	2
6319	2
6320	1
6322	3
6323	1
6324	2
6325	2
6326	2
6327	3
6328	1
6329	1
6330	2
6332	1
6333	3
6334	1
6335	1
6338	1
6341	3
6342	1
6343	1
6345	1
6346	1
6347	2
6348	1
6349	2
6351	3
6352	1
6353	2
6354	1
6357	1
6359	4
6360	4
6361	2
6364	2
6365	1
6367	1
6368	2
6369	3
6370	1
22754	1
6373	2
6374	1
6375	2
6376	2
6378	2
6379	1
6384	1
6385	3
6386	2
6387	1
6388	1
6389	2
6390	5
6391	1
6392	1
6393	2
6394	1
6395	1
6396	3
6397	2
6398	1
6399	3
6400	1
6401	1
6402	1
6403	1
6405	1
6406	3
6407	3
6408	3
6410	1
6411	2
6413	1
6414	2
6415	1
6416	4
6417	3
6418	1
6419	1
6420	1
6421	1
6422	2
6423	1
6425	2
6426	3
6427	4
6428	2
6431	1
6432	1
22816	1
6433	1
6434	2
6435	2
6436	2
6437	1
6438	1
6439	4
6440	1
6441	2
6442	1
6443	1
6444	2
6445	2
6447	1
6448	1
6449	1
6450	2
6452	1
6454	1
6455	2
6456	1
6457	2
6458	1
6459	2
6460	1
6461	1
6462	1
6463	1
6464	4
6466	2
6467	3
6468	1
6470	1
6471	1
22856	1
6474	2
6475	1
6476	1
6477	3
6479	1
6480	2
6481	1
6482	1
6483	1
6484	1
6486	2
6487	1
6488	4
6489	2
6490	2
6493	2
6497	1
6498	1
6499	1
6500	1
6503	1
6504	3
6505	1
6506	1
6507	2
6508	2
6509	1
6510	2
6512	3
6514	1
6515	1
6516	1
6517	3
6518	1
6519	2
6522	1
6524	2
6526	2
6527	2
6528	2
6529	1
6531	2
6533	1
6534	1
6535	3
6538	2
6539	4
6540	2
6541	2
6543	1
6544	2
6546	1
6547	3
22931	1
6549	4
6551	1
6552	1
6553	1
6554	3
6555	3
6557	1
6558	3
6560	2
6561	2
6562	1
6564	1
6566	1
6567	1
6568	2
6570	1
6571	1
6572	2
6573	2
6574	1
6575	1
6577	1
22961	1
6580	2
6581	3
6585	1
6586	1
6587	2
6588	1
6589	1
6590	1
6593	3
6595	1
6596	1
6597	1
6599	1
6601	1
6604	2
6605	2
6606	1
6607	1
6608	1
6609	1
6610	1
6613	1
6615	1
6616	1
6617	1
6618	3
6619	1
6620	1
6622	1
6624	1
6625	1
6626	1
6627	2
6628	2
6629	2
6630	1
6632	1
6633	1
6634	1
6635	3
6636	1
6637	1
6639	1
6641	1
6642	2
6643	2
6644	2
6645	1
23030	1
6646	1
6648	1
6649	3
6650	2
6651	2
6652	1
6653	1
6654	1
6656	2
6657	2
6659	1
6660	2
6662	1
6665	1
6667	1
6669	2
6670	1
6672	3
6673	1
6674	2
6676	2
6680	1
6682	1
6684	1
6685	1
6686	1
6687	2
6689	2
6691	1
6692	1
6694	2
6695	2
6696	1
23080	1
6697	2
6698	1
6699	2
6700	1
6701	3
6702	2
6704	2
6707	1
6709	1
6710	2
6713	1
6714	1
6715	3
6716	2
6718	1
6719	2
6722	1
6725	1
6726	2
6727	1
6728	1
6729	1
6730	1
6731	4
6732	3
6735	1
6736	2
6738	2
6739	3
6740	1
6742	2
6743	2
6744	2
6745	2
6746	1
6747	1
6748	2
6750	3
6752	1
6753	1
6755	1
6756	2
6758	1
6760	2
6761	1
6763	2
6764	1
23148	1
6765	3
6766	2
6767	1
6772	1
6773	3
6776	2
6777	2
6780	2
6782	1
6784	3
6785	1
6786	1
6787	2
6788	1
6789	1
6790	1
6791	1
6792	1
6795	1
6796	1
6797	1
6800	1
6802	4
6808	2
23192	1
6811	1
6813	2
6814	1
6815	1
6818	1
6820	3
6823	1
6824	1
6825	2
6826	2
6827	2
6828	4
6829	2
6831	1
6832	2
6833	1
6834	1
6835	1
6838	1
6839	1
6840	1
6843	1
23227	1
6845	1
6848	1
6850	4
6851	1
6853	1
6854	1
6857	2
6860	2
6861	1
6862	1
6864	2
6865	1
6867	1
6868	2
6871	1
6873	2
6874	2
6875	1
6876	1
6877	1
6878	1
6879	1
6881	1
6882	1
6883	1
6884	2
6886	2
6889	1
6890	4
6891	2
6892	2
6893	1
6894	1
23279	1
6895	1
6898	1
6899	2
6901	1
6902	1
6904	1
6905	4
6907	1
6909	1
6911	1
6914	1
6915	1
6916	2
6917	1
6918	2
6919	3
6920	3
6923	1
6924	2
6925	3
6927	1
6928	2
6929	1
6930	1
6933	1
6935	2
6936	1
6937	1
6941	1
6942	2
6943	1
6945	2
23329	1
6948	2
6951	1
6952	1
6953	1
6954	3
6955	1
6956	1
6958	1
6960	3
6963	3
6964	1
6965	1
6967	3
6969	1
23357	1
6975	1
6976	2
6977	4
6978	1
6979	1
6981	1
6982	2
6983	1
6984	3
6986	3
6987	1
6988	1
6989	1
6991	2
23376	1
6992	2
6993	1
6994	2
6996	2
6997	1
6998	2
6999	2
7000	2
7002	1
7004	1
7005	1
7006	1
7007	1
7008	3
7010	1
7012	2
7013	2
7018	1
7020	1
7022	1
7028	1
7029	2
7030	2
7031	1
7032	2
7034	2
7037	1
7038	1
7039	1
7040	1
7041	1
7044	1
7050	1
7052	1
7056	1
7058	2
7059	2
7060	1
7062	1
7063	1
7064	2
7065	2
23451	1
7068	1
7070	1
7071	1
7072	4
7074	1
7075	2
7078	1
23464	1
7081	1
7082	1
23467	1
7084	1
7086	1
7087	1
7088	2
7089	2
7090	1
7092	1
7093	1
7094	4
7099	1
7100	1
23485	1
7103	2
23488	2
7104	2
7105	1
7107	1
7108	2
7109	1
23493	1
23494	1
7112	2
7113	3
7115	3
7116	3
7117	3
7118	1
7120	1
7121	2
7122	1
7124	1
7125	3
23509	1
7126	3
7127	2
7128	1
7129	1
7131	1
7134	1
7135	1
7136	1
7137	1
7139	1
7141	1
7143	1
7147	1
23532	1
7148	2
7149	1
7151	2
7153	2
7154	1
7156	1
7159	1
23544	1
7161	2
7162	2
7164	1
7165	2
7166	2
7167	1
7171	1
7172	1
7173	2
7174	2
7177	3
7178	3
7180	2
7181	1
7185	1
7186	1
7187	2
7189	1
7191	2
7192	4
7193	1
7195	1
7196	1
7197	2
7198	2
7199	2
7200	1
7201	1
7202	1
7203	1
7205	1
23589	1
7206	2
7208	2
7209	1
7210	2
7211	1
7212	2
7214	1
7215	1
7216	1
7218	1
7219	1
7224	3
7225	1
7227	1
7229	1
7230	5
7232	3
7235	2
7236	1
7237	1
7240	1
7241	3
7242	3
7244	1
7249	1
7251	1
7252	2
7253	2
7255	2
7257	1
7259	1
7261	4
7264	1
7268	1
7270	2
7272	1
7273	1
7276	1
7278	1
7279	2
7282	1
7284	1
7286	2
23671	1
7288	2
7290	3
7291	1
7292	1
7294	3
7298	1
7301	2
7302	3
7303	2
7304	1
7305	2
7306	1
7307	2
7308	1
7309	1
7310	2
7312	1
7314	2
7315	3
7316	1
7319	1
7320	1
7321	1
23705	1
7323	1
7325	1
7327	2
7331	1
7333	1
7334	1
7335	1
7336	2
23721	1
7338	1
7340	1
7342	1
7344	1
7350	1
7353	1
7354	1
7355	2
7358	1
7368	1
7369	1
7370	1
7371	1
7372	1
7373	1
7374	1
7375	2
7377	1
7381	1
7383	1
7384	2
7385	2
7386	1
7387	1
7388	1
7390	1
7392	3
7394	1
7395	1
7398	1
7399	4
7400	1
7402	2
23787	1
7405	3
7406	1
23791	1
7409	1
7410	1
7411	1
7412	1
7423	2
7424	1
7426	1
7428	1
7430	1
7432	1
7434	1
7436	1
7440	1
7441	1
7442	2
7443	3
7445	2
7446	1
7447	1
7448	1
23833	1
7450	1
7451	1
7454	2
7455	1
7457	2
7461	1
7462	3
7463	1
7464	1
7466	3
7468	2
7469	1
7470	2
23856	1
7473	1
7477	1
7478	1
7479	2
7480	1
7482	4
7483	2
7484	1
7485	2
7489	1
7490	2
7491	2
7493	1
7494	1
7498	1
7499	2
7501	2
7502	1
7503	2
7505	1
7511	1
7512	1
7513	1
7514	1
7517	1
7519	2
7520	1
7523	2
7524	1
7525	1
7526	1
7527	4
7531	2
7532	2
7533	2
7535	1
7536	1
7537	1
7539	2
7540	3
7541	1
7542	1
7543	1
7544	1
7545	1
7546	1
7547	1
7549	2
7550	2
7551	1
7555	1
7557	2
7560	1
7562	1
7563	2
7565	1
7571	1
7574	1
7576	1
7579	1
7581	2
7582	1
7584	2
7585	1
7589	1
7590	3
7593	2
7595	1
7596	1
7597	3
7598	2
7599	1
7600	2
7601	1
7603	4
7604	1
7606	2
7607	1
7608	1
7610	2
23995	1
7611	1
7612	2
7613	1
7614	1
7618	1
7620	2
7626	1
7627	1
7628	1
7631	1
7632	1
7633	1
7634	2
7637	2
7640	1
24024	1
7641	1
7643	1
7646	1
7647	1
7648	1
7650	1
7651	1
7653	4
7654	2
7657	1
7658	1
7659	1
7660	2
7661	1
7662	2
7665	2
7666	1
7670	2
7671	2
7672	1
7673	1
7674	1
7675	1
7676	1
24060	1
24063	1
7680	2
7681	1
7683	1
7684	1
7685	2
7686	1
7691	1
7692	1
7696	2
7697	1
7699	1
7700	1
7702	1
7703	3
7705	1
7707	1
7710	1
7714	2
7715	3
7716	2
7718	2
7719	1
7720	2
7721	3
7723	1
7724	1
7726	1
7732	1
7735	1
7736	2
7739	1
7740	2
7745	1
7746	1
7747	1
7750	1
7751	1
7752	1
7755	1
7757	1
7759	1
7762	1
7763	1
7767	1
7769	1
7771	1
7773	1
7775	1
7778	1
7781	2
7782	1
7783	1
7785	1
7786	1
7787	2
7788	4
7791	1
7797	1
7798	2
7799	1
7800	2
7807	2
7809	1
7811	2
7813	1
7817	2
7818	1
7820	1
7821	1
7822	2
7824	1
7827	1
7829	1
7832	1
7833	1
7836	1
7837	1
7842	1
7846	1
7847	1
7848	4
7851	2
7855	1
7856	2
7857	1
24241	1
7858	1
7859	1
7867	1
7869	1
24253	1
7870	1
7871	1
7872	1
7879	2
7880	1
7885	2
7887	2
7888	1
7889	1
7891	1
7894	2
7896	1
7903	1
7905	1
7909	1
7911	1
7912	1
7913	1
7914	1
7915	1
7919	1
7923	1
7925	1
7926	1
7928	1
7934	2
7935	2
7936	1
7937	1
7939	2
7940	1
7943	1
24332	1
7948	1
7949	1
7950	1
7955	1
7956	1
7963	1
7964	1
7969	1
7970	1
7972	1
7973	1
7974	2
7976	1
7978	1
7979	1
7981	1
7983	1
7985	1
7987	1
7989	1
7990	1
7992	1
7996	1
7997	1
7998	1
8000	1
8005	1
8006	1
8012	1
8016	1
8017	3
8018	2
8020	1
8027	1
8028	1
8030	2
8035	2
8038	1
8040	1
24425	1
8041	1
8043	1
24431	1
24433	1
24434	1
8051	1
8052	1
8055	2
8060	2
8061	1
8062	1
8065	1
8066	1
8068	1
8069	1
8070	2
8074	1
8076	1
8079	1
8080	2
8082	1
8083	1
8085	1
8087	1
8088	1
8089	1
8091	1
8092	1
8095	1
8097	1
8099	1
24487	1
8103	1
8105	1
8107	1
8108	2
8109	1
8110	1
8112	1
8113	2
8115	1
8117	1
8118	1
8119	1
8120	2
8123	1
8124	1
8125	1
8126	2
8130	1
8131	1
8133	2
8135	1
8138	2
8141	2
8145	1
8148	1
8149	1
8152	1
8155	1
8157	1
8161	1
8162	1
8163	1
8165	1
8166	1
8167	1
8168	1
8169	1
8172	1
8173	1
8176	1
8178	1
8180	1
8184	1
8186	1
8187	2
8188	2
8189	2
8190	1
8191	1
8192	1
8197	2
24584	1
8201	4
8202	1
8203	1
8204	1
24589	1
8207	1
24594	1
8212	1
8214	2
8215	1
8216	1
8218	1
8220	1
8221	1
8222	1
8225	1
8226	1
8228	1
8230	1
8231	1
8236	1
8238	1
8239	1
8241	2
8242	1
8244	2
8245	1
8255	1
8256	1
8258	1
8266	1
8269	2
8271	1
8272	1
8276	1
8277	1
8278	1
8279	1
8280	3
8281	1
8282	1
24667	1
8284	1
8288	2
8290	2
8291	1
8297	3
8299	1
8301	1
8304	1
8307	1
24691	1
8308	1
8309	1
8310	1
8312	1
8314	1
8315	1
8316	1
8321	1
8323	1
8327	1
8328	1
8334	1
8340	1
8341	1
8342	1
8344	2
8347	1
8349	1
8351	1
8353	1
8355	1
8356	1
8360	1
8361	2
8362	2
8367	1
8370	1
8374	1
8376	1
8378	1
8381	1
8384	1
24772	1
8391	1
8395	1
8397	1
8399	1
8401	1
8403	1
8405	1
8406	1
8407	1
8409	1
8410	1
8412	1
8415	3
8419	1
8420	1
8422	1
8428	1
8433	2
8436	1
8437	1
8438	2
8439	2
8440	2
8443	1
8446	1
8447	1
8448	1
8451	1
8454	1
8459	1
8465	1
8467	1
8468	2
8470	2
8471	1
8475	1
8478	1
24863	1
8480	1
8482	1
8484	2
8485	1
8488	1
8490	1
8491	2
8492	1
8496	1
8497	1
8499	2
8500	1
8501	1
8502	2
8503	1
8505	1
8514	1
8516	1
8521	1
8522	1
8524	2
8525	1
8527	2
8528	1
8529	1
8534	1
8539	1
8541	1
8542	1
8545	2
8548	2
8551	1
8552	1
8554	1
8556	1
8561	1
8565	1
8566	1
8568	1
8570	2
8571	1
8573	2
8576	2
8578	2
8583	1
8584	1
8585	1
8586	2
8588	1
8589	2
8590	1
24975	1
8591	1
8592	1
24982	1
8605	1
8611	1
8615	3
8621	1
8622	1
8625	1
8626	1
8628	1
8629	1
8633	1
8635	1
8645	1
8646	1
8654	2
8659	1
8666	1
8669	2
8676	1
8679	1
8680	1
8684	1
8688	1
8691	1
8694	1
8695	1
8697	3
8698	2
8703	1
8705	2
8709	1
8710	1
8714	1
8716	2
8717	1
8721	1
8724	1
8729	1
8730	2
8732	1
25118	1
8735	1
8737	1
8738	1
8744	2
8748	1
8749	1
8751	1
8754	1
8755	1
8757	1
8759	1
8760	1
8761	1
8762	1
8775	2
8778	1
8780	1
8781	2
8782	1
8785	1
8787	1
8790	1
8794	2
8801	1
8805	1
8807	2
8809	1
8811	3
8813	1
8814	1
8815	1
8819	1
8821	1
8824	1
8827	1
8829	1
8832	1
8834	2
8839	1
8842	1
8843	1
8845	1
8849	2
8850	1
8851	1
8853	2
8855	2
8856	1
8859	1
8861	1
8862	1
8863	1
8869	1
8871	1
8875	1
25260	1
8881	2
8887	1
8890	1
8893	1
8898	1
8900	1
8904	1
8905	1
8906	1
8907	1
8908	1
8911	2
8913	1
8914	2
25298	1
8915	1
8918	1
8921	1
8923	1
8925	1
8928	1
8930	1
8934	1
8935	1
8936	2
8948	2
8949	1
8951	1
8953	1
8962	2
8965	1
8968	2
8970	1
8973	1
8974	1
8976	1
8980	2
8982	1
8984	1
8986	1
25372	1
8992	3
8993	1
8997	2
9000	1
25385	1
9002	1
9004	1
9008	2
9009	1
9010	2
9011	1
9014	1
9015	1
9016	1
9017	1
9020	1
9022	1
9023	1
9029	1
9038	1
9043	1
9047	1
9049	1
9050	1
9053	1
9054	1
9055	2
9056	1
9064	2
9065	1
9068	2
9069	1
9071	1
9074	1
9079	1
9086	1
9089	1
9090	1
9091	1
9092	2
9094	1
9097	1
9099	1
9111	2
9112	1
9113	1
9116	1
9120	1
9121	1
9123	1
9125	1
9133	1
9134	1
9136	1
9138	1
9139	1
9142	1
9145	1
9146	1
9150	1
9152	1
9154	3
9155	1
9158	1
9160	2
9162	2
9168	1
25553	1
9172	2
9173	1
9174	1
9178	2
9179	2
9185	1
9187	1
9193	2
9196	1
9199	1
9202	1
9204	1
9205	2
9206	1
9209	1
9211	1
9212	1
25599	1
9216	1
9218	1
9220	1
9222	1
9223	1
9224	1
9225	1
9231	1
9232	1
9237	1
9240	1
9248	1
9251	1
9252	1
9265	1
9269	1
9271	2
9275	1
9277	1
9279	1
9284	1
9285	1
9286	1
9287	2
9288	1
9296	1
9300	1
9301	1
25686	1
9310	1
9314	1
9319	1
9326	2
9331	1
25717	1
9333	1
9335	2
9337	1
9339	1
9348	2
9350	1
9351	1
9355	2
9358	1
9360	1
9366	1
9367	1
9373	1
9375	1
25760	1
9380	1
9381	1
9383	1
9384	1
9390	1
9396	2
9400	1
9405	1
9407	1
9408	1
9411	1
9415	1
9417	2
9420	1
9421	2
9422	1
9423	1
9429	1
9432	1
9435	2
9437	1
9440	1
9445	1
9447	1
9448	1
9450	1
9453	1
9459	2
9461	1
9468	1
9471	3
9473	1
9477	1
9480	1
9481	2
9488	1
9493	1
9494	1
9497	1
9501	1
9502	1
9505	1
9511	1
9512	1
9515	1
9524	2
9531	2
9532	1
9535	1
9537	1
9539	1
9553	1
9554	1
9556	1
9557	1
9560	1
9563	1
9566	3
9571	1
9573	1
9574	1
9575	1
9582	1
9583	1
9585	2
9587	1
9589	1
9598	1
9600	1
9603	1
9607	1
9610	3
9612	1
9616	1
9619	1
9620	2
9634	1
9642	1
9644	1
9646	1
9650	1
9656	1
9658	1
9668	3
9670	1
9677	1
9682	1
9684	1
9685	3
9687	1
9688	1
9689	2
9690	1
9695	1
9697	1
9704	1
9705	1
9708	1
9711	1
9712	2
9722	1
9724	1
9730	1
9731	1
9732	1
9734	1
9735	1
9736	2
9740	1
9744	1
9745	1
9746	1
9747	1
9754	1
9755	1
9756	1
9760	1
9765	1
9766	1
9769	2
9770	1
9774	1
9775	2
9777	1
9781	1
9782	2
9785	1
9786	1
9789	1
9790	1
9796	1
9798	1
9802	1
9809	1
9822	1
9823	2
9830	1
9832	1
9844	1
9847	3
9850	1
9851	1
9854	1
9855	1
9856	1
9862	1
9873	1
9876	1
9877	1
9888	3
9889	1
9890	1
9891	1
9894	1
9895	1
9902	1
9908	1
9918	2
9920	1
9921	1
9922	2
9925	1
9926	1
9928	1
9934	1
9937	1
9946	1
9951	1
9953	1
9958	1
9964	1
9966	1
9969	1
9971	1
9973	1
9976	1
9977	1
9978	1
9982	1
9983	1
9984	1
9987	1
9989	1
9991	1
9992	1
9993	1
9997	1
10001	1
10005	1
10006	1
10010	1
10014	1
10024	1
10029	1
10037	1
10043	2
10044	1
10045	2
10046	2
10053	2
10055	1
10056	1
10057	1
10058	1
10071	1
10073	1
10077	1
10079	1
10084	2
10085	1
10086	1
10093	2
10096	2
10099	1
10100	1
10106	1
10109	1
10111	1
10112	1
10116	1
10118	2
10130	2
10131	1
10132	1
10133	1
10139	1
10142	1
10150	1
10156	1
10165	2
10169	1
10170	1
10172	1
10173	1
10176	2
10181	1
10186	2
10200	1
10205	1
10208	1
10226	1
10227	2
10232	1
10239	1
10240	1
10241	2
10242	1
10246	1
10249	1
10250	1
10257	1
10276	1
10287	1
10289	1
10295	1
10299	1
10301	1
10302	2
10305	1
10310	1
10312	1
10313	1
10314	1
10316	2
10318	1
10321	2
10324	1
10336	1
10339	1
10340	1
10346	1
10349	2
10352	1
10355	1
10357	1
10359	1
10366	1
10368	2
10369	1
10370	2
10371	1
10375	1
10382	1
10384	1
10393	1
10398	1
10408	1
10421	1
10424	1
10427	1
10437	2
10441	1
10444	1
10447	1
10452	1
10456	1
10459	1
10460	1
10461	1
10466	1
10468	2
10473	1
10479	1
10482	1
10483	1
10488	1
10491	1
10495	1
10497	1
10508	1
10510	2
10512	1
10521	1
10532	1
10536	1
10538	1
10542	1
10544	1
10546	1
10547	1
10555	1
10560	1
10567	1
10569	1
10573	1
10582	1
10584	1
10590	1
10591	1
10592	1
10593	1
10594	1
10598	1
10602	1
10609	1
10612	1
10617	1
10622	1
10623	2
10625	2
10628	1
10629	1
10637	1
10641	1
10642	1
10643	1
10645	1
10647	1
10648	2
10661	1
10666	2
10667	1
10668	1
10669	1
10674	2
10678	1
10681	1
10685	1
10694	1
10695	1
10700	1
10701	1
10703	1
10708	1
10713	1
10717	1
10719	1
10749	1
10750	1
10755	1
10757	1
10758	1
10759	1
10765	1
10767	1
10769	1
10770	1
10776	1
10782	2
10784	1
10785	1
10794	1
10797	1
10800	1
10802	2
10803	1
10812	1
10818	1
10819	2
10822	1
10830	1
10846	1
10847	1
10850	1
10851	3
10855	4
10857	1
10860	1
10870	3
10872	1
10877	1
10880	1
10883	1
10885	1
10886	1
10888	1
10889	3
10890	1
10892	1
10900	1
10904	1
10911	2
10914	1
10919	2
10921	1
10922	1
10923	1
10935	1
10936	1
10942	1
10944	1
10950	1
10958	1
10960	1
10962	1
10963	1
10964	1
10971	1
10981	1
10994	1
10996	1
10998	1
11002	3
11007	2
11012	1
11014	1
11015	1
11017	1
11032	1
11039	1
11041	1
11044	1
11047	4
11049	1
11050	2
11052	4
11053	1
11058	1
11062	1
11065	2
11069	1
11076	1
11087	1
11105	1
11106	1
11110	1
11115	1
11116	1
11129	2
11134	1
11136	2
11140	1
11147	1
11153	1
11158	1
11160	1
11165	1
11168	1
11169	1
11171	1
11174	1
11175	2
11179	1
11191	1
11193	1
11194	1
11199	1
11200	1
11204	1
11207	1
11212	1
11215	1
11218	1
11219	2
11220	1
11222	1
11223	1
11230	1
11234	1
11239	1
11245	1
11248	1
11249	1
11252	1
11253	1
11261	2
11262	1
11275	1
11279	1
11280	1
11291	1
11294	1
11296	1
11297	1
11299	1
11303	1
11308	1
11312	1
11316	1
11318	1
11324	1
11329	1
11332	1
11346	1
11349	1
11353	1
11355	1
11378	1
11382	1
11383	1
11399	1
11407	1
11420	1
11422	1
11423	1
11427	2
11429	1
11432	1
11434	1
11448	1
11457	1
11460	1
11465	1
11476	1
11478	1
11490	1
11496	1
11502	1
11510	2
11518	1
11519	2
11524	1
11529	1
11533	1
11537	1
11540	1
11552	1
11556	1
11557	1
11560	1
11566	1
11574	1
11575	1
11580	2
11582	1
11594	1
11601	1
11602	1
11615	1
11616	1
11619	2
11622	1
11631	1
11632	1
11635	1
11660	2
11661	1
11669	1
11674	1
11700	1
11701	2
11705	2
11724	1
11725	2
11726	1
11733	1
11738	1
11739	2
11740	1
11744	1
11746	1
11753	2
11754	1
11758	1
11764	1
11767	2
11771	1
11775	2
11780	1
11782	1
11791	1
11801	1
11803	1
11808	1
11810	1
11812	1
11813	1
11814	1
11817	1
11825	1
11826	1
11829	1
11831	1
11832	1
11841	1
11842	2
11845	1
11849	1
11856	1
11866	1
11868	1
11872	1
11880	1
11884	1
11887	1
11889	1
11902	1
11903	1
11916	1
11920	1
11923	1
11931	1
11934	2
11935	1
11947	1
11954	1
11964	1
11972	1
11984	1
11985	1
11993	1
11996	1
11998	1
12000	1
12006	1
12009	1
12012	1
12019	1
12020	1
12033	1
12059	1
12065	1
12073	1
12077	1
12086	1
12097	1
12106	1
12107	1
12116	1
12119	2
12132	1
12133	1
12147	1
12155	1
12163	1
12177	1
12179	1
12189	1
12191	1
12194	1
12209	2
12222	1
12223	1
12225	1
12228	1
12233	1
12240	1
12244	1
12245	1
12264	1
12267	1
12269	1
12286	1
12300	1
12303	1
12307	2
12308	1
12311	1
12316	1
12319	1
12323	1
12339	1
12343	1
12346	1
12351	1
12354	1
12362	1
12364	1
12369	2
12370	1
12373	1
12382	1
12383	1
12385	1
12388	1
12397	1
12399	1
12405	1
12407	1
12410	1
12423	1
12430	1
12439	1
12453	1
12454	1
12459	1
12461	1
12466	1
12471	1
12495	2
12496	1
12506	1
12507	1
12514	1
12522	1
12542	1
12543	1
12549	1
12551	1
12552	1
12558	1
12563	1
12567	1
12570	1
12577	1
12590	1
12591	1
12600	2
12602	1
12605	1
12607	1
12611	1
12612	1
12613	1
12615	1
12621	1
12625	1
12626	2
12628	1
12638	1
12648	1
12650	1
12651	1
12653	1
12665	2
12673	1
12682	1
12704	1
12706	1
12720	1
12726	1
12733	1
12750	1
12756	2
12763	1
12773	1
12774	1
12776	1
12777	1
12788	1
12797	1
12800	1
12804	1
12815	1
12818	1
12822	1
12832	1
12838	1
12843	1
12850	1
12852	1
12853	1
12854	2
12863	1
12866	1
12869	1
12870	1
12880	1
12887	1
12894	1
12895	1
12911	2
12930	1
12936	1
12938	1
12973	1
12974	1
12983	1
12988	1
13008	1
13010	1
13016	1
13050	1
13052	1
13057	1
13067	1
13083	1
13084	1
13093	1
13098	1
13103	1
13111	1
13113	1
13116	1
13117	1
13134	1
13139	1
13146	1
13149	1
13152	1
13153	1
13166	1
13171	2
13193	1
13202	1
13204	1
13205	1
13218	2
13236	1
13238	1
13243	1
13253	1
13254	1
13268	1
13275	1
13281	1
13282	1
13303	1
13311	1
13315	1
13327	1
13328	1
13333	1
13337	1
13338	1
13343	1
13345	1
13349	1
13354	1
13363	1
13367	1
13371	1
13377	1
13397	1
13399	1
13400	1
13408	1
13418	2
13420	1
13430	1
13454	1
13464	1
13479	1
13484	1
13485	1
13490	1
13498	1
13539	1
13545	1
13552	1
13564	1
13577	1
13580	1
13582	1
13595	1
13598	1
13605	1
13638	1
13652	1
13659	1
13666	1
13671	1
13675	1
13678	1
13682	2
13691	1
13692	1
13709	1
13719	1
13720	2
13737	1
13741	1
13745	1
13749	1
13759	1
13768	1
13778	1
13779	1
13782	1
13787	2
13789	1
13798	1
13808	1
13810	1
13813	1
13814	1
13817	2
13830	1
13850	1
13852	1
13854	1
13867	1
13874	1
13901	1
13906	1
13912	1
13916	1
13928	2
13935	1
13939	2
13945	1
13946	1
13955	1
13963	1
13969	1
13975	1
13978	1
13979	1
13981	1
14000	1
14001	1
14007	1
14019	2
14021	1
14026	1
14027	1
14030	2
14032	1
14058	1
14070	1
14071	1
14076	1
14083	1
14094	1
14109	1
14115	1
14118	1
14121	1
14133	1
14136	1
14145	1
14149	1
14150	1
14152	1
14156	1
14162	1
14167	1
14170	3
14178	1
14180	1
14181	1
14184	1
14192	1
14197	1
14206	1
14209	2
14210	1
14216	1
14237	1
14249	1
14255	1
14256	1
14260	2
14262	1
14264	1
14272	1
14273	1
14283	1
14285	1
14304	1
14318	1
14319	1
14331	1
14337	1
14368	1
14374	1
14375	1
14376	1
14395	1
14408	1
14414	1
14416	1
14440	1
14446	1
14447	1
14462	1
14466	1
14494	1
14497	1
14519	1
14536	1
14537	1
14538	1
14544	1
14553	1
14564	2
14567	1
14571	1
14574	1
14586	1
14589	1
14614	1
14622	1
14633	1
14636	1
14639	1
14644	1
14651	1
14655	1
14667	1
14669	1
14671	1
14672	1
14688	1
14690	1
14708	1
14712	1
14713	1
14719	1
14724	1
14726	1
14740	1
14744	1
14751	1
14753	1
14754	1
14766	1
14767	1
14784	1
14786	1
14793	1
14799	1
14808	2
14812	1
14818	1
14836	1
14841	1
14847	1
14861	1
14868	1
14874	1
14881	1
14893	1
14898	1
14906	1
14917	1
14921	1
14922	2
14926	1
14932	1
14941	1
14945	1
14946	1
14948	1
14951	1
14959	1
14979	1
14982	1
14989	1
14998	1
15005	1
15014	1
15017	1
15021	1
15058	1
15060	1
15062	1
15069	1
15079	1
15080	1
15113	1
15117	1
15164	2
15165	1
15180	1
15188	1
15193	1
15211	1
15212	1
15217	1
15223	1
15239	1
15260	1
15265	1
15280	1
15293	1
15298	1
15303	1
15310	1
15317	1
15323	1
15328	1
15335	1
15336	1
15344	1
15348	1
15349	1
15377	1
15381	1
15392	1
15394	1
15395	2
15398	1
15399	1
15400	1
15440	1
15450	1
15472	1
15474	1
15520	1
15523	1
15524	1
15527	2
15530	1
15545	1
15554	1
15567	1
15571	1
15577	1
15588	1
15598	1
15630	1
15633	1
15639	1
15644	1
15663	1
15679	1
15689	1
15693	1
15733	1
15734	1
15738	1
15739	1
15742	2
15786	1
15788	1
15809	1
15812	1
15814	1
15819	1
15822	2
15832	1
15841	1
15844	1
15857	1
15861	1
15863	1
15867	1
15894	1
15898	1
15907	1
15910	1
15916	1
15918	1
15922	1
15945	1
15948	1
15953	1
15954	1
15961	1
15962	1
15974	1
15991	1
15994	1
16009	1
16018	1
16022	1
16026	1
16027	1
16041	1
16047	1
16057	1
16071	1
16074	1
16081	1
16087	1
16106	1
16115	1
16144	1
16154	1
16156	2
16163	1
16178	1
16206	1
16207	1
16208	1
16214	1
16221	1
16233	1
16261	1
16262	1
16276	1
16280	3
16291	1
16296	1
16327	1
16336	1
16357	1
16373	1
16374	1
16376	1
16381	1
