1	3
2	9
3	5
4	7
5	3
16389	1
6	3
7	3
16391	1
8	1
9	3
10	3
16394	1
11	2
12	3
13	2
14	7
16398	2
15	6
16400	1
16	2
17	5
18	6
19	7
20	3
21	6
22	4
23	5
24	6
25	8
26	7
28	6
29	6
30	5
31	4
32	8
33	9
16417	1
34	5
16418	1
35	2
36	5
37	7
38	6
39	1
16424	1
40	5
41	4
42	6
43	4
44	1
45	2
46	7
47	2
48	4
49	4
50	9
51	5
52	4
16436	1
53	3
54	5
55	7
56	3
57	3
58	3
16442	1
59	7
60	5
61	3
62	2
63	7
64	2
65	5
66	2
67	1
68	5
69	6
70	4
71	9
16455	1
72	7
73	3
74	6
75	6
76	2
77	5
16461	1
78	3
79	6
80	2
81	3
82	4
83	10
84	4
16468	1
85	3
86	2
88	2
89	3
91	5
16475	1
92	6
93	2
94	3
95	3
96	7
97	4
98	12
99	3
100	6
16484	1
101	8
102	3
103	6
104	4
105	4
106	4
107	4
108	2
109	7
110	2
111	2
112	5
113	4
114	5
16499	1
115	1
116	3
117	2
118	3
119	5
120	5
121	2
122	6
123	5
124	1
125	3
126	6
127	1
128	2
16512	1
129	5
16513	1
130	4
131	3
132	5
133	6
134	6
135	6
136	10
137	6
138	5
139	5
140	2
16524	1
141	2
142	1
143	6
144	1
145	4
146	6
16530	1
147	1
148	7
149	1
150	5
151	6
152	4
153	2
154	9
155	5
156	4
157	3
158	6
159	4
160	6
161	6
162	2
163	4
164	5
165	6
166	4
16550	1
167	10
16551	1
168	2
169	4
170	2
171	6
172	3
173	7
174	7
175	6
176	4
177	4
178	3
179	6
180	3
181	3
182	4
183	4
16567	1
184	5
185	6
186	3
187	4
188	6
189	2
190	4
191	5
192	5
193	5
194	3
195	5
196	1
16581	1
197	2
198	3
199	3
200	2
201	4
202	4
203	4
204	5
205	5
206	7
207	2
208	5
16592	1
209	6
210	5
211	5
212	5
213	2
214	4
215	4
216	5
217	5
218	1
219	7
220	3
221	3
222	3
223	5
224	4
225	5
226	2
227	1
228	5
229	11
230	6
231	5
232	2
233	10
234	5
235	6
236	6
237	6
238	10
239	9
240	5
241	5
242	3
243	4
244	2
245	4
246	4
247	4
248	4
249	11
250	4
251	5
252	3
253	2
254	8
255	4
256	2
257	7
258	2
260	9
261	3
262	6
263	4
264	1
265	3
266	7
267	3
268	1
16652	1
269	5
270	3
271	6
272	2
273	5
274	3
275	2
276	6
277	2
278	9
279	6
280	5
281	9
16665	3
282	3
283	5
284	2
285	8
286	4
287	2
288	4
289	2
290	7
291	5
292	2
293	9
294	2
295	8
16679	1
296	5
297	4
298	4
299	2
300	7
301	6
302	6
303	6
304	3
305	8
306	2
307	2
308	5
309	4
310	6
311	7
312	3
313	5
314	4
315	4
316	6
317	2
318	2
319	5
320	5
321	3
322	2
323	4
324	5
325	4
326	3
327	4
328	6
329	4
330	10
331	4
332	1
333	4
334	6
335	3
336	2
337	4
338	5
339	10
340	5
341	3
342	1
343	7
16728	1
344	5
345	5
346	2
347	10
348	7
349	7
350	4
351	4
352	3
16736	1
353	3
16737	1
354	5
355	7
356	3
357	5
358	5
359	5
360	7
361	4
362	5
363	5
364	8
365	3
366	5
367	5
368	6
369	6
370	5
16754	1
371	5
372	4
373	2
374	6
375	7
376	5
377	6
378	6
379	3
380	6
381	4
382	5
383	7
384	3
385	6
386	4
387	5
388	4
16772	1
389	7
390	11
391	6
392	7
393	6
394	5
395	5
396	6
397	5
398	3
399	2
400	5
401	4
402	5
403	2
404	2
405	6
406	5
16790	1
407	6
16791	1
408	3
409	2
410	4
411	5
412	5
413	7
414	7
415	4
416	5
417	5
418	5
419	2
420	9
421	9
422	6
423	7
16807	1
424	1
425	4
16809	1
426	5
427	2
428	4
429	1
430	8
431	6
432	5
433	6
434	5
435	5
436	8
437	7
438	5
16823	1
439	3
440	4
441	5
442	10
16827	1
443	9
444	11
16828	3
445	3
446	6
447	3
448	1
449	6
450	3
451	10
452	5
453	6
454	6
455	4
456	6
457	2
458	6
459	7
460	8
461	5
462	8
463	4
464	6
465	4
466	7
467	2
468	5
469	1
16853	1
470	7
471	5
472	6
473	5
474	5
475	6
476	7
477	5
478	4
479	3
480	6
481	8
16865	1
482	6
483	3
484	6
485	6
486	3
16870	1
487	4
488	5
489	3
16873	1
490	4
491	3
492	8
493	4
494	2
495	3
496	5
497	4
498	2
499	3
500	8
501	6
502	7
503	7
504	5
505	10
506	1
507	5
508	7
509	3
510	6
511	4
512	4
513	6
514	5
515	7
516	3
517	5
16901	1
518	9
519	1
520	3
521	2
522	4
523	4
524	11
525	6
526	8
527	7
528	4
529	3
530	7
16914	1
531	5
532	4
533	2
16918	1
534	7
535	8
536	3
537	3
538	5
539	7
540	6
541	7
542	1
543	4
544	4
545	2
546	3
547	1
548	3
549	6
550	3
551	2
552	6
553	1
554	9
555	4
16939	1
556	4
557	8
558	5
559	4
560	2
561	4
562	10
563	5
564	5
565	4
566	3
567	7
568	9
569	6
570	7
571	7
572	7
573	3
574	3
575	5
576	3
577	6
578	9
579	4
580	4
581	8
582	7
583	4
584	2
585	4
586	4
587	3
588	2
589	9
590	7
591	2
592	2
593	2
594	5
595	5
596	1
597	6
16981	1
598	5
599	8
600	5
16986	1
602	4
603	6
16987	2
604	3
605	2
606	6
16990	1
607	8
608	6
609	4
610	2
611	5
612	7
613	7
614	4
16998	1
615	6
616	6
17000	1
617	2
618	6
619	6
620	4
17004	1
621	5
622	4
623	4
624	3
625	8
626	4
627	6
628	8
629	8
630	8
631	4
632	3
633	7
634	3
635	5
636	8
637	4
638	6
639	5
17023	1
640	5
641	6
642	4
643	3
644	4
645	12
646	6
647	5
648	4
649	2
650	7
651	4
652	4
653	3
654	3
655	8
17039	1
656	5
657	2
658	6
659	3
660	7
661	5
662	7
17046	1
663	5
664	8
665	3
666	5
667	4
668	2
669	4
670	2
671	5
672	2
673	1
674	2
675	2
676	4
677	3
678	8
679	7
680	4
681	2
682	7
683	5
684	4
685	6
686	7
687	4
688	4
17072	1
689	1
690	5
691	3
692	4
693	8
694	4
17078	1
695	7
696	4
697	2
698	4
699	10
700	7
701	5
702	8
703	7
704	5
17088	1
705	7
706	8
707	5
708	6
709	2
710	7
711	5
712	3
713	6
714	5
715	1
716	4
717	2
718	8
719	6
720	5
721	4
722	6
723	9
17107	1
724	4
725	5
726	3
727	7
728	5
729	3
730	4
17114	2
731	2
732	4
733	6
734	2
735	9
736	7
737	4
738	4
739	9
740	3
741	6
742	5
743	7
744	9
745	9
746	4
747	4
748	5
749	11
750	1
751	4
752	7
17136	1
753	4
754	9
755	9
756	6
757	5
758	6
759	4
760	2
761	2
762	6
763	4
764	3
765	5
766	7
767	3
768	4
769	2
770	6
771	1
772	4
773	6
774	7
775	3
17160	1
776	3
777	2
17161	1
779	5
780	3
781	4
782	7
783	5
784	8
785	5
786	7
787	3
788	6
789	3
790	3
791	7
792	6
793	4
17177	1
794	5
795	2
796	5
797	3
798	6
799	3
800	5
801	2
802	3
803	7
804	3
805	1
806	5
807	8
808	2
810	8
17194	1
811	5
812	6
813	6
814	6
815	4
816	1
817	3
818	4
819	6
820	4
821	3
822	3
823	5
824	5
825	7
826	4
827	11
828	3
829	4
830	8
831	6
832	4
833	10
834	3
835	5
836	5
837	3
838	4
839	4
840	5
841	4
842	6
17226	1
843	5
844	5
845	6
846	2
847	4
848	4
849	3
850	8
851	8
852	10
853	3
854	6
855	6
856	5
857	8
858	6
859	3
860	5
861	7
862	3
863	4
864	3
865	5
866	5
867	5
868	6
869	8
870	2
871	4
872	3
873	6
874	1
875	7
876	3
877	3
878	1
879	3
880	5
881	6
882	4
883	8
884	3
885	7
886	3
887	5
888	3
889	4
17274	1
891	5
892	6
893	6
894	6
895	5
896	2
897	6
898	5
899	6
900	2
901	6
902	5
903	3
904	3
905	5
906	1
907	4
908	6
909	7
910	8
911	4
912	5
913	6
914	4
915	2
916	3
917	4
918	3
919	5
920	7
921	4
922	7
923	7
924	2
925	7
926	3
927	5
928	6
929	4
930	3
931	4
932	3
933	2
934	2
935	5
936	7
937	3
938	5
939	5
940	5
941	7
942	6
17326	1
943	3
944	8
945	4
946	6
947	6
948	9
949	7
950	5
951	4
952	6
17336	1
953	2
954	4
955	7
956	3
957	3
958	7
959	4
960	3
961	5
962	6
963	3
17347	1
964	2
17348	1
965	3
966	5
967	5
968	6
969	9
970	5
971	2
972	3
973	2
974	3
975	4
976	6
977	5
978	3
979	9
980	3
981	8
982	4
17366	1
983	3
984	4
985	3
986	4
987	4
988	3
989	11
990	4
991	3
992	5
17376	2
993	10
994	4
995	6
996	6
997	2
998	5
999	6
1000	3
1001	4
1002	3
1003	4
1004	5
1005	7
1006	1
1007	6
1008	5
1009	4
1010	1
1011	8
1012	3
1013	2
1014	4
1015	4
1016	9
1017	6
1018	1
1019	4
17403	1
1020	2
1021	4
1022	4
1023	6
1024	9
1025	4
1026	4
1027	1
1028	3
1029	4
1030	4
1031	6
1032	5
1033	4
1034	4
1035	3
1036	7
1037	3
1038	6
1040	5
1041	4
1042	2
1043	4
1044	2
1045	5
1046	5
1047	6
1048	7
1049	5
1050	2
1051	4
17435	1
1052	6
1053	8
1054	5
1055	6
1056	4
1057	5
1058	3
1059	4
1060	6
1061	3
1062	6
1063	6
17448	2
1064	5
1065	6
1066	4
1067	9
1068	6
1069	7
1070	7
1071	9
1072	8
1073	3
1074	3
1075	1
1076	4
1077	6
1078	4
17462	1
1079	3
1080	3
1081	6
1082	4
1083	9
1084	6
1085	7
1086	3
1087	8
1088	2
1089	5
17473	1
1090	4
1091	2
1092	6
1093	6
1094	2
1095	3
1096	3
1097	3
1098	5
17482	1
1099	4
1100	3
1101	5
1102	5
1103	2
1104	2
1105	4
1106	4
1107	4
1108	1
1109	2
1110	4
1111	6
1112	5
1113	6
1114	3
1115	5
1116	5
1117	3
1118	6
1119	5
1120	5
1121	6
1122	7
1123	6
1124	6
1125	4
17509	1
1126	7
1127	1
1128	6
17512	1
1129	3
1130	1
1131	4
1132	4
1133	3
1134	6
1135	4
17519	1
1136	4
1137	5
1138	1
1139	3
1140	3
1141	5
1142	7
1143	5
1144	6
1145	5
1146	5
1147	4
17531	1
1148	7
1149	2
1150	6
1151	6
1152	5
1153	5
1154	4
1155	4
1156	6
1157	2
1158	3
1159	5
1160	6
1161	2
1162	4
1163	2
1164	7
1165	6
17550	1
1166	2
1167	7
1168	7
1169	5
1170	2
1171	3
1172	7
1173	5
1174	5
1175	6
1176	2
17561	1
1177	6
1178	5
17562	1
1179	7
1180	4
1181	8
1183	3
1184	5
1185	7
1186	5
1187	4
1188	2
1189	3
17574	1
1190	7
1191	6
1192	8
1193	2
1194	4
1195	3
1196	5
1197	5
1198	5
17582	1
1199	4
1200	4
1201	6
1202	1
1203	5
1204	2
17588	1
1205	8
1206	4
1207	3
1208	3
1209	3
1210	3
1211	7
1212	7
1213	10
1214	4
1215	3
1216	5
17600	2
1217	9
1218	4
1219	6
1220	3
1221	9
1222	3
17606	1
1223	3
1224	4
1225	5
1226	6
1227	4
1228	3
1229	5
1230	4
1231	5
1232	5
1233	10
1234	8
17618	1
1235	6
1236	4
1237	10
1238	3
1239	4
1240	8
1241	4
1242	10
17626	1
1243	6
1244	5
1245	6
1246	4
1247	2
1248	5
1249	5
1250	3
17634	1
1251	4
1252	2
1253	2
1254	5
1255	8
1256	4
1257	2
1258	10
1259	2
1260	7
1261	4
1262	5
1263	3
1264	9
1265	2
1266	3
1267	2
1268	3
1269	3
1270	6
1271	6
1272	4
1273	5
1274	1
1275	2
1276	4
1277	2
1278	5
1279	4
1280	7
1281	1
1283	7
1284	5
1285	7
1286	4
1287	5
1288	7
1289	7
1290	6
1291	6
1292	3
1293	5
1294	7
1295	4
1296	7
1297	5
1298	2
1299	3
1300	5
1301	5
1302	5
1303	4
1304	3
1305	3
17690	1
1306	3
1307	6
1308	11
17692	1
17693	1
1309	2
17694	2
1310	5
1311	5
1312	6
17696	1
1313	5
1314	11
1315	3
1316	4
1317	5
1318	5
1319	3
1320	9
1321	6
1322	7
1323	5
1324	2
1325	6
1326	6
1327	8
1328	7
1329	6
1330	5
17714	1
1331	7
1332	5
1333	6
17717	1
1334	4
1335	4
1336	4
1337	6
1338	4
1339	4
1340	8
1341	4
1342	9
1343	4
1344	3
1345	6
1346	5
1347	4
1348	1
1349	9
1351	7
1352	4
1353	9
1354	3
1355	3
1356	6
1357	4
1358	6
1359	7
17744	1
1360	4
1361	7
1362	4
1363	6
1364	6
1365	7
1366	6
1367	5
1368	5
1369	3
1370	5
1371	6
17755	1
1372	9
1373	4
1374	6
1375	8
1376	2
1377	2
17761	1
1378	12
1379	6
1380	4
1381	2
1382	8
1383	3
1384	5
1385	7
1386	2
1387	6
1388	10
1389	2
1390	7
1391	4
1392	5
1393	5
1394	2
1395	10
1396	3
17780	1
1397	5
17781	1
1398	4
1399	3
1400	4
1401	1
17785	1
1402	6
1403	4
1404	5
1405	4
1406	3
1407	6
1408	4
1409	10
17793	1
1410	3
1411	7
1412	2
1413	4
1414	2
1415	5
1416	3
1417	4
1418	6
1419	6
1420	6
1421	4
1422	8
1423	5
1424	4
1425	3
1426	6
17811	1
1428	4
1429	3
1430	9
17814	1
1432	2
1433	4
1434	4
1435	3
1436	5
17820	1
1437	3
1438	10
1439	5
17823	1
1440	2
1441	8
1442	3
1443	4
1444	3
1445	2
1446	4
1447	1
1448	7
1449	7
1450	1
1451	4
1452	4
1453	4
1454	6
1455	4
1456	4
1457	2
1458	5
1459	6
1460	5
1461	3
1462	2
1463	2
1464	4
1465	8
1466	7
1467	3
1468	6
1469	3
1470	1
17854	1
1471	11
1472	6
1473	2
1474	6
1475	4
1476	3
1477	6
1478	3
1479	6
1480	5
1481	3
1482	5
1483	4
1484	4
1485	4
1486	3
1487	5
1488	5
1489	3
1490	5
1491	7
1492	2
1493	6
1494	5
1495	3
1496	1
1497	6
1498	1
1499	3
17883	1
1500	2
1501	10
1502	6
1503	8
1504	2
1505	6
1506	9
1507	1
1508	6
1509	3
1510	5
1511	4
1512	6
1513	3
1515	1
1516	9
17901	1
1517	5
1518	2
1519	4
1520	8
1521	5
1522	6
1523	7
1524	8
17908	1
1525	3
1526	4
1527	5
1528	2
1529	5
1530	4
1531	3
1532	5
1533	7
1534	6
1535	6
1536	4
1537	5
1538	5
1539	5
1541	5
1542	6
1543	4
1544	5
1545	1
17929	1
1546	1
1547	8
1548	5
1549	5
1550	6
1551	5
1552	5
1553	2
1554	6
1555	8
1556	2
1557	4
1558	2
1559	3
1560	6
1561	3
1562	3
1563	4
1564	2
1565	4
1566	4
17950	1
1567	5
1568	4
1569	7
1570	4
1571	7
1572	8
1573	2
1574	2
1575	5
1576	6
1577	6
1578	3
1579	5
1581	8
1582	1
1583	9
1584	4
1585	5
1586	5
1587	8
1588	6
1589	12
1590	4
1591	5
1592	1
1593	3
1594	5
1595	3
1596	4
1597	4
1598	5
1599	8
1600	9
1601	4
1602	4
1603	5
1604	6
1605	1
1606	9
1607	4
1608	5
1609	4
1610	4
1611	4
1612	10
1613	3
1614	5
1615	6
1616	10
1617	4
1618	6
1619	4
1620	7
1621	3
1622	5
1623	4
1624	5
1625	4
1626	5
1627	8
1628	12
1629	3
1630	6
1631	3
18015	1
1632	5
1633	5
1634	3
1635	4
1636	4
1637	3
1638	3
1639	1
1640	4
1641	3
1642	9
1643	5
1644	1
1645	8
1646	5
18030	1
1647	3
1648	4
1649	3
1650	1
1651	6
1652	4
1653	6
1654	5
1655	5
1656	8
1657	4
1658	3
1659	7
1660	6
1661	6
1662	8
1663	3
1664	8
1665	5
18049	1
1666	2
1667	1
1668	6
1669	8
1670	3
1671	12
1672	5
1673	4
1674	6
1675	4
1676	4
1677	1
1678	4
1679	3
1680	11
1681	3
1682	3
1683	5
1684	3
1685	8
1686	7
1687	2
1688	4
1689	4
1690	3
1691	2
18075	1
1692	8
1693	4
1694	4
1695	8
1696	2
1697	2
1698	6
1699	7
1700	4
1702	2
1703	3
1704	5
1705	3
1706	3
1707	6
1708	5
1709	4
1710	7
1711	7
1712	3
1713	3
1714	5
1715	2
1716	8
1717	3
1718	6
1719	4
18103	1
1720	2
1721	7
1722	3
1723	9
1724	5
1725	7
1726	5
1727	7
1728	7
1729	5
1730	6
1731	6
1732	7
1733	9
1734	5
1735	5
1736	4
1737	8
1738	9
1739	9
1740	1
1741	6
18125	1
1742	4
1743	4
1744	2
1745	5
1746	7
1747	3
1748	6
1749	2
1750	6
1751	2
1752	5
1753	3
1754	7
18138	1
1755	5
1756	7
1757	2
1758	6
1759	3
1760	6
1761	5
1762	5
1763	8
1764	5
1765	6
1766	3
1767	2
1768	2
1769	4
1770	2
1771	3
1772	6
1773	7
1774	6
1775	3
1776	6
18160	1
1777	5
1778	3
1779	3
1780	3
1781	6
1782	3
1783	2
1784	9
1785	4
1786	4
1787	6
1788	7
18172	1
1789	4
1790	2
1791	6
1792	8
1793	8
1794	7
1795	7
1796	2
1797	5
1798	5
1799	5
1800	6
1801	6
1802	7
1803	4
1804	2
18188	1
1805	4
1806	7
1807	7
1808	6
1809	5
1810	2
1811	3
1812	5
1813	4
1814	7
18198	1
1815	7
1816	4
1817	5
1818	7
1819	2
1820	4
1821	3
1822	7
1823	11
1824	7
1825	3
1826	9
1827	2
1828	6
1829	6
1830	5
1831	7
1832	4
1833	6
1834	8
1835	6
1836	4
18221	1
1837	1
1838	3
18222	1
1839	3
1840	7
1841	2
1842	4
1843	7
1844	1
1845	3
1846	3
1847	5
18231	1
1848	8
1849	5
1850	3
1851	1
1852	5
1853	5
1854	4
1855	3
1856	7
1857	6
1858	2
1859	4
1860	2
1861	10
1862	5
1863	1
1864	4
1865	6
1866	4
1867	6
1868	3
1869	6
1870	4
1871	2
1872	6
1873	6
1874	7
1875	5
1876	3
1877	3
1878	7
1879	6
1880	3
1881	8
1882	6
1883	3
1884	6
1885	8
1886	2
18270	1
1887	5
1888	2
1889	6
1890	2
1891	3
1892	1
1893	5
1894	6
1895	7
1896	2
1897	4
1898	7
1899	5
1900	8
18284	1
1901	2
1902	6
1903	1
1904	6
1905	5
1906	5
1907	4
1908	5
1909	5
1910	3
1911	5
1912	6
18296	1
1913	4
1914	5
18298	1
1915	1
1916	3
1917	4
1918	3
1919	4
1920	6
18304	1
1921	5
1922	5
1923	5
1924	5
1925	3
18310	1
1926	4
1927	1
18311	1
1928	5
1929	6
1930	7
1931	5
1932	8
1933	6
1934	4
1935	2
1936	8
1937	8
1938	7
1939	4
1940	5
1941	4
1942	3
1943	4
1944	4
1945	6
1946	4
1947	5
1948	2
1949	8
1950	5
1951	4
1952	7
1953	5
1954	5
1955	4
1956	7
1957	3
1958	6
1959	4
18343	1
1960	7
1961	8
1962	7
1963	4
1964	1
1965	4
1966	7
1967	3
1968	9
1969	6
1970	2
1971	1
1972	3
1973	7
1974	5
1975	3
1976	1
1977	5
1978	3
1979	5
1980	4
1981	4
1982	6
1983	5
1984	8
1985	6
1986	8
18370	1
1987	7
1988	5
1989	2
1990	3
1991	8
1992	5
1993	6
1994	2
1995	2
1996	3
1997	4
1998	3
1999	5
2000	5
2001	4
2002	5
2003	5
2004	9
2005	9
2006	4
2007	7
2008	4
2009	7
2010	5
2011	4
2012	4
2013	5
2014	5
2015	2
2016	5
18400	1
2017	6
2018	4
2019	7
2020	9
2021	8
2022	2
2023	3
2025	5
2026	2
18411	1
2027	3
2028	7
2029	2
2030	6
2031	8
2032	3
2033	6
2034	6
2035	8
2036	10
2037	5
2038	3
2039	7
2040	5
2041	4
2042	5
2043	3
2044	7
2045	7
2046	6
2047	8
2049	4
2050	4
2051	1
2052	3
2053	5
2054	1
2055	5
2056	5
2057	2
2058	4
2059	3
2060	6
2061	6
2062	6
2063	1
2064	5
2065	4
2066	8
2067	4
2068	6
2069	3
2070	6
2071	5
2072	7
2073	2
2074	6
2075	6
2076	3
2077	3
2078	6
2079	6
2080	4
2081	5
2082	6
2083	3
2084	4
2085	5
2086	6
2087	4
2088	4
2089	4
2090	3
2091	8
2092	2
2093	7
2094	4
2095	5
2096	3
18480	1
2097	9
2098	7
2099	1
2101	6
18485	1
2102	4
2103	2
2104	4
2105	2
2106	4
2107	3
2108	5
2109	10
2110	7
2111	4
2112	5
2113	5
2114	6
2115	9
2116	3
2117	5
2118	9
2119	5
2120	10
2121	4
2122	2
2123	7
2124	5
2125	5
2126	2
2127	5
2128	6
2129	4
2130	6
2131	3
2132	6
2133	9
2134	8
2135	5
2136	7
2137	4
18521	1
2138	4
2139	6
2140	8
2141	2
2142	3
18526	1
2143	5
18528	1
2144	4
2145	5
2146	5
2147	6
2148	4
2149	4
2150	2
2151	6
18535	1
2152	3
2153	4
2154	2
2155	1
2156	6
2157	2
2158	7
2159	4
2160	9
2161	4
2162	3
2163	4
2164	6
2165	3
18549	1
2166	3
2167	7
2168	5
2169	5
2170	4
2171	5
2172	3
2173	3
2174	3
2175	4
2176	4
2177	7
2178	1
2179	6
2180	9
2181	1
2182	3
2183	8
2184	3
2185	6
2186	3
2187	6
2188	4
2190	3
2191	4
2192	6
2193	4
2194	2
2195	7
2196	4
2197	6
2198	8
2199	4
2200	5
2201	5
2202	3
2203	5
2204	2
2205	5
2206	4
2207	6
2208	5
2209	4
2210	5
2211	4
2212	4
2213	4
2214	3
2215	7
18599	1
2216	6
2217	4
2218	3
18602	1
2219	5
2220	2
2221	5
2222	3
2223	6
2224	1
2225	2
2226	7
2227	3
2228	5
2229	7
2230	6
2231	5
2232	6
2233	7
2234	4
2235	3
2236	8
2237	8
2238	7
2239	7
2240	4
2241	3
2242	9
2243	5
2244	5
2245	8
2246	4
2247	12
2249	3
2250	3
2251	2
2252	5
2253	5
2254	3
2255	4
18640	1
2256	5
2257	1
2258	4
2259	6
2260	6
2261	2
2262	3
2263	2
2264	4
2265	1
2266	3
18650	1
2267	4
18652	1
2269	6
2270	3
2271	2
2272	3
2273	3
2274	5
2275	3
2276	7
2277	6
2278	5
2279	4
2280	1
2281	1
2282	8
2283	5
2284	6
2285	5
2286	7
2287	8
2288	9
2289	5
2290	6
2291	7
2292	2
2293	4
18677	1
2294	2
2295	4
2296	3
2297	3
2298	3
2299	4
2300	3
2301	6
2302	7
2303	5
2304	3
2305	5
2306	4
2307	6
2308	5
2309	5
2310	6
2311	5
2312	11
2313	5
2314	2
18699	1
2315	2
2316	4
2317	6
2318	2
2319	5
2320	3
2321	3
2322	5
2323	5
2324	1
2325	2
2326	5
2327	1
2328	8
2329	8
2330	10
2331	4
2332	1
2333	10
2334	7
2335	4
2336	4
2337	2
2338	3
2339	4
2340	3
2342	6
2343	5
18727	1
2344	3
2345	6
2346	4
18730	1
2347	5
2348	2
2349	4
2350	11
2351	1
2352	6
2353	5
2355	8
2356	8
2357	5
2358	6
2359	6
2360	4
2361	7
2362	3
2363	5
2364	2
2365	4
2366	3
18750	1
2367	3
2368	4
2369	5
2370	6
2371	3
2372	3
2373	12
2374	2
2375	5
2376	3
2377	5
2378	3
2379	4
2380	4
2381	4
2382	4
2383	2
2384	5
2385	3
2386	7
2387	5
2388	3
2389	8
2390	5
2391	4
2392	4
2393	7
2394	2
2395	6
2396	4
2397	2
2398	5
2399	4
2400	6
2401	2
2402	4
2403	5
2404	4
2406	6
2407	5
2408	4
2409	3
2410	4
2411	2
2412	8
2413	6
2414	4
18798	1
2415	4
2416	6
2417	4
18801	1
2418	6
2419	4
2420	3
2421	2
2422	9
2423	4
2424	8
2425	4
2426	4
2427	3
2428	5
2429	4
2430	6
2431	8
2432	4
2433	4
2434	7
2435	4
2436	8
2437	6
2438	4
2439	5
2440	7
2441	6
2442	4
2443	4
2444	2
2445	6
2446	5
2447	6
2448	6
2449	4
2450	8
2451	5
2452	6
2453	2
2454	5
2455	2
2456	5
2457	5
2458	5
2459	8
2460	10
2461	4
2462	8
2463	1
2464	2
2465	3
2466	5
2467	5
2468	4
18853	1
2469	3
2470	6
2471	5
2472	7
2473	5
2474	3
2475	1
18860	2
2476	3
2477	6
2478	3
2479	3
2480	4
2481	6
2482	6
2483	5
2484	5
2485	9
2486	9
2487	2
2488	5
2489	1
2490	7
2491	1
2492	3
2493	4
2494	4
2495	4
2496	4
2497	3
2498	7
2499	6
2500	7
2501	4
2502	3
2503	3
2504	8
2505	4
2506	3
2507	4
2508	9
2509	7
2510	6
2511	7
2512	6
2513	4
2514	6
2515	6
2516	5
2517	2
18901	1
2518	3
2519	3
2520	4
2522	2
2523	4
2524	2
2525	4
2526	3
18910	1
2527	4
2528	1
2529	2
2530	6
2531	2
2532	3
2533	6
2534	1
2535	6
2536	3
2537	8
2538	5
2539	3
2540	3
2541	2
2542	7
2543	3
2544	4
2545	5
2546	1
2547	6
2548	8
2549	3
2550	3
2551	1
2553	6
2554	3
2555	1
2556	4
2557	3
2558	4
2559	5
2560	3
2561	4
2563	6
2564	5
2565	6
2566	1
2567	5
2568	5
2570	7
2571	7
2572	4
2573	4
18958	1
2574	3
2575	4
2576	4
2577	3
2578	4
2579	3
2580	6
2581	3
2582	3
2583	6
2584	3
2585	3
2586	6
18971	1
2587	2
2588	3
2589	3
2590	1
2591	2
2592	4
2593	5
2594	7
2595	6
2596	4
2597	5
2598	2
2599	5
2600	7
2601	5
2602	5
18986	1
2603	8
2604	5
2605	6
2606	4
2607	4
2608	1
2609	8
18993	1
2610	1
2611	5
2612	2
2613	3
2614	3
2615	7
2616	5
2617	3
2618	4
2619	5
2620	7
2621	5
2622	6
2623	4
2624	3
2625	5
2626	4
2627	4
2628	3
2629	10
2630	4
2631	5
2632	8
2633	3
2634	8
19018	1
2635	5
2636	1
2637	5
2638	4
2639	8
19023	1
2640	4
19024	1
2641	2
2642	5
2643	6
2645	1
2646	7
2647	3
2648	4
2649	3
2650	4
2652	5
2653	6
2654	2
2655	5
2656	7
2657	8
2658	3
2659	6
2660	7
2661	6
2662	2
2663	6
2664	2
2665	1
2666	2
2667	3
2668	5
2669	6
2670	4
2671	5
2672	4
19056	1
2673	6
2674	6
2675	3
2676	12
2677	4
2678	5
2679	3
2680	5
2681	5
2682	1
2683	3
2684	2
2685	3
2686	10
2687	5
2688	3
2689	5
2690	3
2691	5
2692	4
2693	4
2694	5
2695	4
2696	6
19080	1
2697	4
2698	6
2699	1
2700	5
19084	1
2701	3
2702	5
2703	3
2704	4
2705	3
2706	4
2707	3
2708	6
2709	3
2710	5
2711	2
2712	2
2713	3
2714	2
2715	4
2716	3
2717	2
2718	6
2719	2
2720	3
2721	7
2722	4
2723	5
2724	3
2725	3
2726	2
2727	6
2728	3
2729	5
2730	2
2731	11
2732	3
2733	5
2734	6
2735	2
2736	6
2737	2
2738	4
2739	1
2740	1
2741	2
2742	7
2743	4
2744	4
19128	1
2745	6
2746	6
2747	3
2748	2
2749	5
2750	4
2751	4
2752	3
19136	1
2753	7
2754	4
2755	2
2756	8
2757	3
2758	7
2759	4
2760	5
2761	3
2762	3
2763	5
2764	7
2765	4
2766	4
2767	5
2768	6
2769	5
2770	4
2771	3
2772	8
2773	7
2774	5
2775	2
2776	8
2777	3
2778	5
2779	5
2780	3
2781	5
2782	9
2783	4
2784	2
2785	5
2786	6
2787	3
2788	4
2789	4
2790	8
2791	6
2792	7
2793	2
2794	6
2795	1
2796	5
2797	2
2798	5
2799	8
2800	4
2801	5
2802	2
2803	3
2804	2
2805	5
2806	5
2807	9
2808	3
2809	3
2810	2
2811	4
2812	4
19196	1
2813	3
2814	7
2815	4
2816	3
19200	1
2817	2
2818	5
2819	3
2820	2
2821	5
2822	1
2823	4
2824	2
2825	1
2826	4
2827	1
2828	5
2829	4
2830	5
2831	2
2832	4
2833	3
2834	1
2835	3
2836	4
2837	5
2838	3
2839	2
2840	7
2841	2
2842	2
2843	2
2844	3
2845	4
2846	5
2847	5
2848	4
2849	4
2850	1
2851	2
2852	3
2853	3
2854	7
2855	3
2856	7
2857	4
2858	5
2859	4
2860	3
2861	5
2862	5
2863	4
2864	6
2865	4
2866	4
2867	6
2868	3
2869	2
2870	3
2871	4
2872	4
2873	4
2874	5
2875	3
2876	4
2877	4
2878	6
2879	1
2880	4
2881	4
2882	6
2883	4
2884	1
2885	7
2886	3
2887	5
19271	1
2888	5
2889	6
2890	3
2891	3
2892	3
2893	3
2894	3
2895	3
2896	5
2897	3
2898	3
2899	9
2900	7
2901	5
2902	6
2903	6
2904	4
2905	3
2906	7
2907	4
2908	4
2909	2
2910	3
2911	2
2912	4
2913	2
19297	1
2914	5
2915	1
2916	5
2917	5
2918	3
2919	6
2920	4
19304	1
2921	2
2922	4
2923	2
2924	3
2925	4
2926	5
2927	4
2928	5
2929	6
2930	3
2931	5
2932	3
2933	6
2934	2
2935	4
2936	5
2937	2
2938	9
2939	4
2940	3
2941	5
2942	3
2943	2
2944	1
2945	4
2946	3
2947	4
2948	6
2949	4
2950	4
2951	5
2952	6
2953	5
2954	3
2955	3
2956	5
2957	4
2959	3
2960	1
2961	6
2962	4
2963	2
2964	2
2965	2
2966	5
2967	5
2968	3
2969	2
2970	7
2971	8
2972	9
2973	4
19357	1
2974	5
2975	6
2976	7
2977	5
2978	4
2979	5
2980	7
2981	5
2982	5
2983	2
2984	7
2985	2
2986	6
2987	4
2988	6
2989	5
2990	3
2991	2
2992	6
2993	5
2994	5
2996	4
2997	2
2998	3
2999	5
3000	4
3001	4
3002	2
3004	4
3005	5
3006	4
3008	1
3009	1
3010	4
3011	2
3012	4
3013	6
3014	6
3015	6
3016	4
3017	5
3018	7
3019	4
3020	3
3021	3
3022	6
19406	1
3023	2
3024	6
3025	1
3026	4
3027	3
3028	4
3029	5
3030	8
3031	2
3032	3
3034	5
3035	3
3036	5
3037	2
3038	8
3040	8
3041	2
3042	6
3043	3
3044	3
3045	2
3046	5
3047	5
3048	6
3049	2
3050	5
3051	5
3052	1
3053	2
3054	4
3055	2
3056	2
3057	5
3058	2
3059	2
3060	3
3061	3
3062	3
3063	4
3064	1
3065	5
3066	7
3067	6
3068	2
19452	1
3069	2
3070	2
3071	2
3072	3
3073	4
19457	1
3074	4
3075	4
3076	5
3077	5
3078	3
3079	4
3080	4
3081	2
3082	3
3083	3
3084	2
3085	5
3086	5
3087	7
3088	4
3089	2
3090	3
3091	2
3092	7
19476	1
3093	4
3094	2
3095	1
3096	5
3097	2
3098	1
3099	4
3100	2
3101	4
3102	7
3103	5
19487	1
3104	1
3105	7
3106	6
3107	4
3108	5
3109	7
3110	2
3111	2
3112	5
3113	5
3114	4
3115	2
3116	3
3117	4
3118	3
3119	3
3120	5
3121	6
3122	2
3123	4
3124	4
3125	3
3126	4
3127	1
3128	3
3129	6
3130	5
3131	2
3132	3
3133	4
3134	6
3135	2
3136	5
3137	8
3138	3
3139	4
3140	5
3141	1
3142	4
3143	4
3144	1
3146	2
3147	2
3148	4
3149	4
3150	2
3151	6
3152	4
3153	2
3154	1
3155	3
3156	8
3157	4
3158	7
19542	1
3159	5
3160	3
3161	6
3162	8
3163	4
19547	1
3164	5
3165	5
3166	2
3167	3
3168	2
3169	4
19553	1
3170	4
19554	1
3171	4
3172	8
3174	2
3175	2
3176	6
19561	1
3177	3
3178	2
3179	6
3180	2
3181	3
3182	2
3183	6
3184	5
3185	4
3186	4
3187	3
3188	4
3189	4
3190	4
3191	3
3192	4
3193	4
3194	4
3195	3
3196	4
3197	6
3198	3
3199	3
3200	3
3201	10
3202	6
3203	3
3204	5
3205	7
3206	7
3207	6
3208	3
3209	6
3210	2
3211	7
3212	4
3213	5
3214	2
3215	2
3216	6
3217	7
3218	3
3219	3
3220	3
3221	3
3222	1
3223	3
3224	2
3225	2
3226	2
3227	5
3228	6
3229	1
3230	4
19614	1
3231	2
3232	5
3233	6
3234	6
3235	10
3236	2
3237	4
3238	5
3239	4
3240	4
3241	4
3242	1
3243	4
3244	2
19628	1
3245	4
3246	2
3247	2
3248	4
3249	3
3250	3
3251	1
3252	3
3253	7
3254	2
3255	1
3256	2
3257	3
3258	3
3259	2
3260	5
3261	3
3262	4
3263	4
3264	5
3265	4
3266	4
3267	3
3268	3
3269	5
3270	4
3271	4
3272	5
3273	4
3274	2
3275	4
3276	3
3277	4
3278	1
3279	3
3280	3
19664	1
3281	2
3282	4
3283	3
3284	4
3285	6
3286	6
3287	4
3288	4
3289	1
3290	4
3291	4
3292	3
3293	2
3294	7
3295	3
3296	7
3298	3
3299	6
3300	6
3301	5
3302	1
3303	3
3304	4
3305	3
3306	1
19691	1
3307	4
3308	4
3309	7
3310	4
3312	4
3313	2
3314	4
19699	1
3315	2
3316	4
3317	4
3318	2
3319	4
3320	2
3321	5
3322	3
3323	4
3324	1
3325	5
3326	1
3327	1
3328	6
3329	4
3330	9
3331	6
3332	5
3333	3
3334	3
3335	4
3336	5
3337	3
3338	3
3339	6
3340	1
3341	2
3342	1
3343	4
3344	7
3345	3
3346	5
3347	3
3348	4
3349	4
3350	2
3351	3
3352	2
3353	5
3354	4
3355	4
3357	3
3358	4
3359	3
3360	3
3361	7
3362	2
3363	2
3364	8
3365	4
3366	3
19750	1
3367	5
3368	6
3369	1
3370	2
3371	1
3372	4
3373	4
3374	2
3375	6
3376	4
3378	2
3379	1
19763	1
3380	8
3381	1
3382	6
3383	5
3384	5
3385	4
3386	5
3387	3
3388	3
3389	3
3390	4
3391	4
3392	4
3393	3
3394	5
3395	1
3396	5
3397	1
3398	6
3399	5
3400	3
3401	3
3402	5
3403	4
3404	8
3405	4
3406	6
3407	3
3408	5
3409	3
3410	2
3411	4
3412	1
3413	5
3414	1
3415	2
3416	4
3417	7
3418	1
3419	7
3420	3
3421	5
3422	3
3423	4
3424	3
3425	3
3426	3
3427	5
3428	3
3429	3
3430	4
3431	5
19815	1
3432	2
3433	2
3434	3
3435	2
3436	1
3437	5
3439	5
3440	5
3441	1
3442	7
3443	1
3444	4
3445	6
3446	5
3448	5
3449	1
3450	4
3451	3
3452	6
3453	4
3454	1
3455	3
3456	3
3457	4
3458	4
3459	3
3460	7
3461	7
3462	3
3463	2
3464	1
3465	5
3466	2
3467	2
3468	5
3469	4
3470	3
3471	2
3472	6
3473	3
3474	5
3475	2
3476	6
3477	2
19861	1
3478	7
3479	1
3480	4
3481	3
3482	6
3483	4
3484	3
3485	1
3486	2
3487	3
3488	1
3489	4
3490	2
3491	1
3492	6
3493	5
3494	5
3495	1
3496	4
3497	2
3498	3
3499	3
3500	4
19884	1
3501	3
3502	2
3503	1
3504	3
3505	2
3506	1
3507	2
3508	7
3509	5
3510	3
3511	5
3512	2
3513	5
3515	2
3516	3
3517	4
3518	2
3519	5
3520	1
3521	5
3522	5
3523	1
3524	2
3525	3
3526	1
3527	1
3528	3
3529	5
3530	4
3531	4
3532	7
3533	3
3534	7
3535	2
3536	2
3537	4
3538	4
3539	5
3540	3
3541	3
3542	5
3543	2
3544	2
3545	7
3546	4
3547	4
3548	3
3549	1
3550	7
3551	3
3552	5
3553	2
3554	3
3555	2
3556	1
3558	2
3559	5
3560	7
3561	2
3562	4
3563	1
3564	3
3565	2
3566	2
3567	10
3568	3
3569	6
3570	1
3571	1
3572	3
3573	6
3575	2
3576	1
3577	5
3578	5
3580	5
3581	4
3582	5
3583	3
3584	1
3585	6
3586	4
3587	5
3588	4
3589	2
3590	1
3591	5
3592	2
3593	5
3594	1
3595	3
3596	3
3597	2
3598	4
3599	3
19983	1
3600	2
3601	5
3602	4
3603	3
3604	3
3605	3
3606	6
3607	4
3608	4
3609	3
3610	3
3611	9
3612	4
3613	4
3614	1
3615	1
3616	3
3617	2
3618	3
3619	3
3620	5
3621	5
3622	3
3623	3
3624	1
3625	3
3626	5
3627	4
3628	3
3629	4
3630	2
3631	3
3632	5
3633	7
3634	3
3635	3
20020	1
3636	1
3637	4
3638	3
3639	2
3640	2
3641	4
20026	1
3643	3
3644	3
3645	3
3646	4
3647	3
3648	7
3649	1
3650	1
3651	5
3652	1
3653	4
3654	3
3655	5
3656	2
3657	1
3658	2
3659	5
3660	7
3661	3
3662	2
3663	9
3664	1
3665	7
3667	7
20051	1
3668	2
3669	6
3670	4
3671	1
3672	3
3673	1
3674	4
3675	2
3676	9
20060	1
3677	3
3679	5
3680	2
3681	2
3682	6
3683	2
3684	1
3685	4
3686	3
3687	8
3688	3
3689	3
3690	6
20075	1
3691	7
3692	3
3693	2
3694	2
20078	1
3695	3
3697	8
3698	6
3699	1
3700	3
3701	5
3702	7
3703	3
3704	2
3705	3
3706	3
3707	3
3708	4
3709	5
3710	4
3711	2
3712	7
3713	1
3714	3
3715	4
3716	1
3717	5
3718	2
3719	4
3720	2
3721	6
3723	3
3724	5
3725	6
3726	1
3727	2
3728	4
3729	2
3731	3
3732	3
3733	5
3734	3
3735	2
3736	3
3737	2
3738	6
3739	2
3740	2
3741	2
3742	4
3743	4
3744	2
3746	5
3747	2
20131	1
3748	3
3749	1
3750	4
3751	3
3752	6
3753	3
3754	1
3755	1
3756	1
3757	2
3758	1
3759	4
3760	3
3761	3
3763	4
3764	4
3765	2
3766	3
3767	10
3768	6
3769	3
3770	3
3771	3
3772	3
3773	3
3774	3
3775	7
3776	4
3777	5
3778	4
3779	5
3780	3
3781	3
3782	6
3783	2
3784	4
3785	4
3786	2
3787	1
3788	1
3789	4
3790	3
3791	2
3792	4
3793	3
3794	5
3795	6
3796	6
3798	3
3799	2
3800	3
3801	6
3802	3
3803	4
3804	5
3805	4
3806	6
3807	2
3808	3
3809	1
3811	1
3812	1
3813	5
3814	3
3815	3
3816	7
3817	1
3818	2
3819	1
3820	3
3821	5
3822	4
3824	3
3825	1
3826	4
3827	2
3828	2
3829	3
3830	6
3831	1
3832	2
3833	1
3834	5
3835	4
3836	3
3837	3
3838	4
3839	2
3840	1
3841	3
3842	3
3843	7
3844	5
3845	3
3846	4
3847	3
3848	2
3849	4
3850	2
3851	2
3852	2
3853	3
3854	4
3855	5
3856	2
3857	2
3858	1
3859	1
3860	4
3861	4
3862	5
3863	3
3864	4
3865	5
3866	2
3867	4
3869	2
3870	2
3871	4
3872	2
3873	4
3874	2
3875	2
3876	6
3877	4
3878	2
3879	3
3880	5
3881	1
3882	5
3883	1
3884	1
3885	5
3886	5
3887	3
3888	3
3889	2
3890	1
3891	1
3892	5
3893	4
3895	3
3896	2
3897	3
3898	2
3899	2
3900	5
3901	4
3902	2
3903	5
20288	1
3904	2
3905	1
3906	2
3907	1
3908	3
20292	1
3909	4
3910	3
3911	2
3912	5
3913	3
3914	3
3915	3
3916	1
3917	3
3918	4
3919	2
3920	2
3921	3
3922	3
3923	4
3924	6
3925	2
20309	1
3926	6
3927	4
3928	3
3929	1
3930	3
3931	1
3932	1
3933	3
3934	5
3935	2
3936	2
3937	2
3938	5
3939	3
3940	3
3941	3
3942	4
20326	1
3943	2
3944	2
3945	3
3946	3
3947	4
3948	3
3949	4
3950	2
3951	4
3952	2
3953	3
3954	4
3955	3
3956	3
3957	4
3958	3
3959	2
3960	4
3961	2
20345	1
3962	4
3964	5
3965	2
3966	2
3967	2
3968	3
3969	1
3970	3
3971	1
3972	2
3973	4
3974	1
3975	5
3976	2
3977	1
3978	3
3979	3
3980	2
3981	3
3982	3
3983	4
3984	1
3985	6
3986	7
20370	1
3987	4
3988	1
3989	3
3990	3
3991	2
3992	4
3994	2
3995	2
3996	3
3997	2
20381	1
3998	6
3999	2
4000	2
4001	1
4002	2
4003	2
4004	5
4005	2
4006	3
4007	1
4008	5
4009	2
4010	1
4011	4
4012	1
4013	3
4014	2
4015	3
4016	2
4017	3
4018	1
4019	4
4020	2
4021	4
4022	3
4023	2
4024	3
4025	5
4026	7
4027	2
20411	1
4028	3
4029	5
4030	4
4031	5
4032	4
4033	4
4034	8
4035	3
4036	4
4037	2
4038	3
4039	4
4040	3
4042	2
4043	2
4044	2
4045	2
4046	5
4047	4
4048	2
4049	3
4050	4
4051	2
4052	4
4053	6
4054	5
4055	2
4056	3
20440	1
4057	5
4058	2
4059	5
4060	4
4061	3
4063	4
4064	1
4065	4
4066	3
4067	2
20452	1
4069	5
4070	6
4071	2
4072	6
4073	3
4074	3
4075	1
4076	4
4077	2
4078	3
4079	1
4080	5
4081	3
4082	3
4083	3
4084	3
20468	1
4085	1
4086	9
4087	1
20472	1
4088	1
4089	5
4090	5
4091	3
4092	2
4093	2
4094	3
4095	1
4096	5
4097	4
4098	1
4099	1
4100	3
4101	4
4102	5
4103	1
4104	4
4105	3
4106	8
4107	3
4108	3
4109	3
4110	1
4111	4
4112	1
4113	2
4114	3
4115	3
4116	3
4117	5
4118	5
4119	4
4120	4
4121	3
4122	6
4123	3
4124	2
4125	5
4126	1
4127	2
20511	1
4128	2
4129	2
4130	4
4131	3
4132	5
4133	5
4134	4
4135	2
4136	3
4137	3
4138	5
4139	3
4140	1
4141	2
4142	2
4143	2
20528	2
4144	2
4145	3
20530	1
20531	1
4147	2
4148	4
4149	3
4150	2
4151	6
4152	2
4153	1
4154	1
4155	1
4156	5
4157	2
20541	1
4158	3
4159	1
4160	2
4161	3
4162	1
4164	2
4166	3
4167	3
4168	1
4169	2
4170	2
4171	2
4172	2
4173	2
4174	2
4175	2
4176	4
4177	4
4178	2
4179	4
4180	1
4182	1
4183	2
20568	1
4184	1
4185	3
20569	1
4186	2
4187	2
4188	3
4189	3
4190	2
4191	3
4192	1
4193	4
4194	2
20579	1
4195	4
20580	1
4197	3
4198	1
4199	3
4200	3
4201	1
4202	2
4203	3
4204	2
4205	5
4207	4
4208	2
4209	2
4210	2
4211	3
4212	2
4213	3
4214	3
4215	5
4216	5
4217	3
4218	3
4219	7
4220	4
4221	4
4222	4
4223	3
4224	3
4225	1
4226	4
4227	3
4228	3
4229	4
4230	3
4231	3
4232	3
4233	6
4234	1
20618	1
4235	3
4236	4
4237	3
4238	4
4239	1
4240	3
4241	2
4242	4
4243	1
4244	5
4245	1
4246	4
4247	3
4248	2
4249	3
4250	4
4251	2
4252	1
4253	3
4254	4
4255	4
4256	2
20641	1
4257	1
4258	2
4259	2
4260	2
4261	3
4262	4
4263	1
4264	4
4265	2
4266	4
4267	3
4268	2
4269	6
4270	1
4271	2
4272	2
4273	3
4274	2
4275	4
4276	5
4277	1
4278	4
4279	3
4280	1
4281	3
4283	2
4284	2
4285	3
4286	1
4287	1
4288	2
4289	2
4290	2
4291	3
4292	1
4294	4
4295	1
4296	5
4297	2
4298	5
4299	2
4300	4
4301	2
4302	3
4303	7
4304	3
4305	2
4306	3
4307	1
4308	2
4309	1
20693	1
4310	1
4311	2
4312	3
4313	2
4314	1
4315	3
4316	5
4317	2
4318	5
4319	7
20703	1
4320	2
4321	4
20705	1
4322	1
4323	3
4324	2
4325	1
4326	2
4327	1
4328	4
4329	3
4330	3
4331	3
4332	3
4333	1
4334	2
4335	4
4337	2
4338	3
4339	5
4341	1
4342	6
4343	1
4344	3
4345	3
4346	3
4347	1
4348	3
4349	3
4350	4
4351	2
4353	1
4354	3
4355	2
4357	1
4358	2
4359	3
4360	4
4361	2
4362	2
4363	3
4364	4
4365	3
20749	1
4366	2
4367	1
4368	4
4369	3
4370	4
4371	2
4372	4
4373	3
4374	2
4375	4
4376	2
4377	7
4379	2
4380	2
4381	6
4382	3
4383	2
4384	2
4385	1
4386	1
20770	1
4387	1
4388	3
4389	4
4390	1
4391	2
4393	2
4394	6
4395	1
4396	2
4397	2
4398	2
4399	4
4400	3
4401	3
4402	2
20786	1
4403	2
4404	1
4405	2
4406	1
4407	2
4408	4
4410	2
4411	2
4412	3
4413	3
4414	2
4415	3
4416	4
4417	4
4418	6
4419	2
4420	3
4421	3
4422	3
4423	5
20807	1
4424	2
4425	2
4426	4
4427	1
4428	2
4429	6
4431	2
4432	1
4433	3
4434	3
4435	1
4436	5
4437	3
4438	2
4439	1
4440	1
4441	3
4442	3
4443	4
4444	2
4445	3
4446	1
4447	3
4448	1
4450	4
4451	4
20835	1
4452	2
4454	3
4455	3
4456	5
4457	3
4458	2
4459	4
4460	3
4461	1
4462	4
4464	3
4467	3
4468	3
4471	4
4472	7
4473	6
4474	2
4475	3
4476	2
4477	2
4478	1
4479	2
4480	3
4481	1
4482	3
4484	4
4485	2
4486	3
4487	1
4488	1
4489	5
4490	1
4491	2
4492	2
4493	2
4494	3
4495	2
4496	3
4497	4
4498	1
4499	1
4500	3
4501	4
4502	1
4503	5
4504	5
4505	2
4506	4
4507	2
4508	2
4509	4
4510	2
4511	1
4513	4
4514	1
4515	2
4516	4
4517	3
4518	3
4519	3
4520	1
4521	2
4522	5
4523	1
4525	2
4526	4
4527	2
4528	3
4530	3
4531	2
4532	1
4533	2
4534	4
4535	4
4536	4
4537	2
4539	1
4541	1
4542	1
4544	1
4545	2
4547	4
4548	2
4549	2
4550	2
4551	1
4552	2
4553	1
4554	2
4555	4
4556	2
4557	4
4558	2
4559	1
4560	1
4562	5
4563	5
4564	2
4565	4
4566	3
4567	4
4568	1
4569	1
4570	2
4573	5
4574	3
4575	3
4576	2
4577	1
4578	3
4579	7
4580	2
4581	1
4584	3
4585	2
4586	4
20970	1
4587	3
4588	3
4589	2
4591	5
4592	2
4593	1
4594	1
4595	8
4596	4
4597	2
4598	3
4599	2
4600	1
4601	2
4602	2
4603	1
4606	1
4607	3
4608	3
4609	1
4610	3
4611	3
4612	5
4613	1
4614	3
4615	4
4616	1
4618	3
4619	5
21003	1
4620	1
4622	2
4623	2
4624	2
4625	5
4626	2
4627	3
4628	2
4629	2
4632	4
4633	2
4635	4
4636	2
4637	2
4638	4
4639	4
4640	1
4641	4
4642	2
4643	2
4644	2
4645	6
4646	2
4647	2
4648	3
4649	2
4650	2
4652	2
4653	1
4654	5
4655	4
4656	3
4657	1
4658	3
4659	3
4660	2
4662	2
4663	5
4664	4
4665	2
4666	1
4667	1
4668	4
4669	1
4670	2
4671	3
4672	1
4673	1
4674	2
4676	3
4677	4
4678	3
4679	1
4682	4
4683	3
4684	1
4685	4
4686	3
4687	3
4688	1
4689	1
4690	2
4692	4
4693	7
4695	3
4696	4
4697	1
4698	2
4699	2
21083	1
4700	1
4701	2
4702	5
4704	4
4706	1
4707	1
4708	2
4709	1
4710	2
4711	4
4712	3
4713	1
4714	2
4715	1
4716	3
4717	3
4718	2
4719	2
4720	1
4721	1
4722	4
4723	4
4724	4
4725	4
4726	1
4727	4
4728	3
4729	1
4730	3
4731	1
4732	2
4733	4
4734	3
4735	4
4736	5
4737	2
4739	1
4740	1
4741	1
4742	2
4743	2
4744	6
4745	2
4746	1
4747	1
4748	2
4751	4
4752	3
4753	3
4754	2
4755	6
4756	3
4757	2
4758	6
4759	1
4760	1
4761	1
4762	2
4763	4
4764	1
4765	3
4766	1
4767	3
4768	5
4769	5
4770	3
4771	3
4773	1
4774	1
4775	6
4776	1
4777	2
4778	4
4779	1
4780	7
4781	1
4782	5
4783	2
4784	2
4785	1
4786	2
4787	3
4789	3
4790	3
4791	1
4792	2
4793	5
4794	2
4795	1
4797	2
4798	1
4799	2
21183	1
4800	2
4801	2
4802	7
4803	4
4804	2
4805	2
4806	2
4807	3
4808	3
4809	3
21193	1
4810	2
4812	4
4813	1
4814	4
4815	2
21201	1
4817	1
4818	3
4820	2
4821	1
4822	5
4823	2
4824	5
4825	4
4827	2
4828	3
4830	3
4831	2
4832	5
4833	5
4834	3
4835	5
4837	1
4838	4
4839	3
4840	4
21224	1
4841	2
4842	4
4843	2
4844	2
4845	5
4846	3
4847	4
4848	5
4849	3
4850	1
4851	2
4852	3
4853	1
4854	5
4855	2
21239	1
4856	1
4857	4
4858	2
4859	3
4860	3
4861	1
4862	1
4863	1
4864	5
4865	3
4866	2
4867	1
4868	4
4869	3
4870	2
4871	1
4872	3
4873	1
4874	3
4875	3
4877	2
4878	3
4879	1
4880	2
4881	3
4883	2
4884	2
4885	3
4886	3
4889	2
4890	4
4891	1
4894	3
4895	2
4896	4
4897	3
4898	4
4899	1
4900	5
4901	3
4902	4
4903	2
4904	3
4905	2
4906	2
4907	1
4908	1
4909	3
4910	4
4911	2
4912	2
4913	3
4915	3
4916	3
4917	4
4918	2
4919	3
4920	2
4921	2
4923	2
4925	2
4926	1
4927	2
4928	3
4929	1
4930	4
4931	2
4932	3
4933	2
4934	3
4935	2
4937	1
4938	2
4939	3
4940	2
4941	3
4942	2
4943	3
4944	3
4946	2
4948	5
4949	3
21334	1
4950	1
4951	2
4952	1
4953	1
4954	2
4955	2
4956	3
4957	2
4958	5
4959	3
4960	3
4961	1
4962	2
4963	2
21347	1
4964	3
4965	1
4966	1
4967	2
4968	4
4969	1
4970	2
4971	3
4972	2
4973	2
4974	3
4975	3
4976	2
4977	2
4978	4
4979	2
4980	1
4982	2
4983	3
4984	3
4985	2
4986	3
4987	1
4988	4
4990	1
4992	1
4993	4
4994	1
4995	2
4996	2
4997	1
4998	2
4999	4
5000	5
5003	3
5004	2
5005	2
5007	5
5008	1
21392	1
5009	4
5010	3
5012	1
5013	1
5014	2
5015	3
5016	1
5017	5
5018	3
5019	2
5021	2
5023	1
5024	3
5025	2
5026	2
5028	2
21413	1
5029	2
5030	2
5032	3
5033	2
5034	3
5035	2
5036	1
5037	1
5038	2
5039	3
5040	5
5041	1
5042	2
5043	1
5044	2
5045	2
21429	1
5046	1
5047	2
5048	3
5049	1
5050	3
5052	2
5053	5
5054	2
5055	3
5056	4
21441	1
5057	2
5058	2
5059	1
5060	3
5061	3
5062	2
5064	4
5065	3
5066	1
5067	4
5068	1
21452	1
5069	2
5070	1
5071	2
5072	1
5073	2
5074	1
5076	2
5077	2
5078	1
5079	2
5080	4
5081	1
5082	2
5084	4
5085	1
5086	3
5087	1
5088	1
5089	1
5090	3
5091	2
5092	4
5093	1
21477	1
5094	6
5095	4
21479	1
5096	1
5097	4
5098	3
5099	2
5100	3
5101	1
5102	1
5103	2
5104	3
5106	2
5107	1
5108	2
5110	2
5111	1
5112	1
5113	1
5115	5
21499	1
5116	2
5117	2
5118	2
5119	2
5120	4
5121	1
5122	2
5124	1
5125	3
5126	2
5127	2
5128	3
5129	1
5130	2
5131	3
5132	1
5133	2
5134	3
5135	3
5136	3
5137	6
5138	1
5139	3
5140	1
5141	1
5142	5
5143	1
5144	2
5145	2
5146	4
5147	2
5148	4
5149	1
5150	2
5151	2
5152	3
5153	1
5154	3
5155	1
5156	3
5157	6
5158	1
5159	2
5160	1
5161	1
5162	1
5164	3
5165	1
5166	2
5167	3
5168	3
5169	2
5170	1
5173	1
5174	4
5175	1
5177	1
5178	1
5179	1
5180	1
5181	5
5182	5
5183	2
5184	1
5185	3
21569	1
5186	1
21571	1
5188	4
5189	1
5190	3
5191	4
5192	2
5193	2
5194	2
5195	3
5196	5
5197	2
5198	5
5199	1
5200	5
5201	4
5202	3
5203	1
5204	3
5205	2
5206	3
5207	1
5208	2
5209	3
5210	2
5211	2
5212	2
5213	4
5215	4
5219	2
5220	2
5221	2
5222	2
5223	1
5224	2
5225	3
5227	1
5228	3
5229	4
5230	3
5232	3
5234	3
5235	3
5236	3
5237	1
5239	1
5240	3
5241	1
5242	1
5243	2
5244	4
5245	1
5246	2
5247	4
5248	2
5249	2
5250	3
5251	1
5252	6
5254	4
5255	3
5256	2
5257	2
5258	3
5259	3
5260	1
5261	2
5262	2
5263	1
5265	6
5266	3
5267	4
5268	3
5269	2
5270	2
5271	3
5272	1
5273	1
5274	4
5275	1
5276	4
5279	2
5280	3
5281	3
5282	1
5283	3
5284	3
5285	2
5286	2
5288	2
5289	3
5290	3
5291	1
5292	2
5294	1
5295	1
5296	3
5297	3
5298	3
5299	3
5300	3
5301	2
5302	4
5303	2
5305	1
5306	3
5307	1
5308	3
5309	1
21694	1
5310	1
5311	2
5313	3
5314	1
5315	2
5316	2
5317	4
5319	1
5320	4
5321	1
5322	2
5323	1
5324	3
5325	2
5326	1
5327	1
5328	1
5329	1
5330	2
5331	7
5332	3
5333	1
5334	3
5337	3
5338	3
5339	2
5340	2
5341	1
5342	2
5346	2
5347	1
5349	1
5350	5
5351	1
5352	3
5353	3
5354	2
5355	1
5356	3
5357	2
5358	2
5360	1
5361	2
5362	3
5363	1
5364	2
5365	5
5366	1
5367	1
5368	1
5369	1
5370	2
5371	1
5372	1
5373	3
5374	2
5375	4
5376	3
5377	2
21761	1
5378	1
5379	2
5382	2
5383	2
5384	7
5385	3
5386	1
5387	1
5389	1
5390	3
5391	1
5393	2
5394	1
5395	2
5396	2
21780	1
5398	2
5399	3
5400	3
5401	5
5402	2
5403	4
5404	1
5406	3
5407	2
5408	2
5410	1
5412	1
5413	1
5414	4
5415	1
5417	1
5418	3
5420	1
5421	1
5422	3
5423	1
5425	3
5426	1
5427	1
5428	2
5432	4
5433	2
5435	4
5436	3
5437	3
5438	2
5439	1
5440	2
5441	1
5442	2
5443	2
5445	3
5448	2
5449	1
5450	2
5451	2
5452	2
5453	2
5454	1
5455	1
5456	3
5457	1
5459	4
5460	2
5461	2
5462	1
5463	2
5464	1
5465	1
5466	1
5467	2
5468	1
5469	2
5470	1
5471	4
5472	1
5474	1
5475	2
5477	1
5478	1
5479	5
5480	2
5481	2
5482	2
5483	3
5484	2
5485	2
5486	2
5487	2
5488	2
5490	4
5491	1
5492	1
5493	1
5494	2
5495	2
5496	1
5497	1
21882	1
5499	3
5500	1
5502	1
5503	3
21887	1
5504	1
5505	1
5506	4
5507	1
5509	4
5510	7
5511	1
5512	2
5513	3
5514	2
5516	1
5517	3
5519	3
5520	1
5521	1
5522	3
5523	2
5524	2
5525	3
5526	3
5528	3
5529	2
5530	3
5531	2
5533	3
5535	1
5537	2
5538	2
5539	2
5540	2
5541	2
5542	2
5543	2
5544	1
5545	3
5546	3
5547	1
5548	2
5549	1
5550	1
5551	2
5552	1
5553	2
5554	2
5555	2
5557	2
5559	4
5560	1
5561	2
5562	1
5563	1
5564	2
5565	2
21949	1
5566	2
5568	2
5569	5
5571	3
5573	3
5575	4
5577	2
5578	1
5579	1
5580	2
5581	4
5582	2
5583	1
5584	2
5585	1
5586	1
5588	2
5590	3
5592	1
5595	1
5597	2
5599	3
5600	4
5601	1
5602	1
5603	2
21988	1
5605	4
5606	3
5607	1
5608	2
5609	1
5611	1
5612	1
5613	4
5614	1
5616	3
5617	2
5619	1
5621	2
5622	3
22007	1
5623	2
5624	1
5625	2
5627	3
5628	5
5629	3
5630	1
5631	1
5632	3
5633	2
5634	2
5635	5
5636	2
5638	2
5639	1
5640	2
5641	4
5642	1
5644	4
5645	1
5646	1
5647	3
5649	1
5650	3
5651	3
5652	2
5653	3
5654	1
5655	2
5656	4
5657	1
5658	2
5659	2
5660	2
5661	2
5664	1
5665	2
5666	2
5667	2
5668	2
5669	1
5670	1
5671	3
5672	2
5673	6
5674	3
5675	1
5676	2
5677	3
5678	2
5680	1
5683	1
5684	3
5685	2
5686	1
5688	1
5689	1
5690	1
5691	1
5692	2
5693	2
5694	1
5695	8
5696	2
5697	1
5698	1
5699	1
5700	1
5702	3
5703	4
5704	3
22089	1
5705	1
5706	2
22091	1
5708	1
5709	3
5710	1
5711	2
5712	1
5713	1
5714	2
5715	3
22099	1
5716	2
5717	2
5718	1
22102	1
5719	3
5721	1
5722	1
5724	1
5725	1
5727	1
5728	4
5729	6
5730	3
5731	2
5732	2
5734	2
5735	2
5736	2
5738	3
5740	2
5742	2
5743	1
5745	2
5747	1
5749	1
5751	3
5752	2
5753	1
5754	1
5755	5
5756	5
5757	1
5758	2
5759	1
5761	3
5762	2
22146	1
5763	1
5764	3
5765	2
5766	2
5767	2
5768	1
5769	2
5770	2
5771	1
5772	1
5773	1
5774	3
5775	1
22159	1
5776	1
5778	3
5779	3
5781	2
5782	1
5783	1
5784	2
5786	2
5787	2
5789	1
5791	2
5792	1
5793	1
5794	2
5795	1
5796	1
5799	1
5801	1
5802	2
5803	2
5804	2
5805	3
5806	3
5807	2
5809	3
5811	1
5813	1
5814	3
5815	1
5816	3
5817	1
5819	2
5820	2
5822	1
5823	4
5824	1
5826	1
5827	1
5828	5
5829	2
5831	2
5833	1
5835	3
5838	2
5839	2
5840	1
5841	3
5842	1
5843	2
22227	1
5844	2
5845	1
5846	1
5847	1
5848	2
5849	1
5851	1
5852	3
5853	1
5854	1
5855	1
5856	1
5857	2
5858	2
5861	3
5862	1
5863	3
5864	1
5865	1
22250	1
5866	3
5867	3
5868	2
5869	2
5870	1
5872	2
5874	2
5875	1
5876	1
5877	3
5878	1
5879	3
5880	2
5881	1
5882	2
5883	2
5884	1
5885	1
5886	3
5888	2
5889	1
5890	3
5891	1
5893	2
5894	2
22278	1
5895	1
5896	2
5898	3
5899	1
5900	2
5904	1
5905	6
5906	3
5907	1
5908	3
5913	1
22298	1
5915	2
5916	2
5917	4
22304	1
5921	3
5922	1
5924	1
5925	2
5926	2
5928	1
5931	4
5932	2
5933	6
5936	1
5937	2
5939	1
22324	1
5940	1
5942	1
5944	1
5945	3
5947	1
5949	3
5950	1
5951	3
5952	2
5953	1
22338	1
5954	1
5956	2
5957	2
5958	1
5959	1
5960	1
5961	4
5964	1
5966	1
5968	1
5970	1
5971	1
5972	3
5973	3
5974	3
5975	4
5976	1
5977	1
5979	2
5981	1
5984	1
5985	1
5986	1
5987	2
5988	1
5990	2
5991	1
5993	1
5994	3
5995	1
5996	2
5997	4
5998	1
5999	3
6004	2
6005	2
6007	2
6008	2
6009	1
6010	2
6014	2
6015	2
6016	1
6017	2
6019	1
22406	1
6022	1
6023	1
6024	1
6025	2
6026	1
6027	3
6028	2
6031	1
6033	7
6034	1
6035	1
6036	1
6037	2
6038	3
6039	1
6040	2
6042	1
6043	2
6044	1
6045	2
6047	1
6048	1
6049	1
6051	3
6053	3
6054	1
6056	1
6057	2
6058	1
6059	1
6060	1
6061	2
6062	2
6064	2
6065	4
6066	3
6067	4
6068	2
6069	3
6071	2
6072	2
6074	1
22458	1
6075	1
6076	3
6077	2
6078	2
6079	2
6081	1
6082	2
6083	1
22467	1
6084	3
6085	1
6086	1
22470	1
6089	1
6090	3
6091	1
6093	2
6094	1
6095	2
6097	2
6098	1
6100	2
6101	4
6102	2
6104	2
6105	1
6107	3
6111	2
6112	3
6113	4
6114	2
6116	1
6117	1
6118	1
6120	6
6121	1
6124	2
6127	1
6129	1
6130	1
6131	2
6132	1
6134	1
6135	2
6136	1
6137	1
6138	1
6140	2
6142	2
6143	2
6145	4
6146	3
6147	2
6148	2
6149	3
6150	2
6151	1
6152	2
6154	3
6155	1
6156	2
6158	1
6159	2
6160	1
6161	2
6162	3
6163	2
22548	1
6165	1
6167	2
6168	2
6169	1
6170	3
6173	1
6176	2
6177	1
6178	2
6179	1
6180	5
6181	1
6183	1
6184	1
6187	1
6188	1
6190	1
6191	1
6192	1
6193	1
6194	3
6195	2
6196	2
6197	1
6198	1
6199	2
6202	2
6204	3
6205	2
6206	2
6207	1
6209	1
6210	1
6211	1
6212	1
6213	1
6214	2
6215	3
6217	3
22603	1
6219	3
6221	1
6222	3
6223	3
6224	2
6225	1
6226	1
6228	2
6229	1
6230	4
6232	3
6233	1
6235	1
6236	3
6237	1
6238	2
6239	2
6240	2
6241	3
6242	2
6244	1
6245	3
6246	1
6248	1
6250	1
6251	1
6252	3
22636	1
6254	2
6259	2
22643	1
6261	1
6262	3
6263	1
6264	2
6265	2
6266	1
6268	1
6269	1
6270	2
22654	1
6272	2
6274	1
6275	1
6276	1
6277	1
6280	2
6282	1
6283	1
6285	1
6287	1
6288	1
6289	2
6290	1
6291	1
6292	2
6293	2
6295	1
6296	1
6297	1
6300	2
6302	1
6303	3
6305	2
22689	1
6307	2
6308	3
6309	1
6310	2
6311	4
6312	1
6313	2
6314	1
6315	1
6316	1
6317	1
6319	4
6320	2
6321	4
6322	2
6323	3
6325	3
6328	2
6329	1
6331	4
6333	2
6335	1
6336	2
6337	2
6338	1
6339	1
6340	2
6341	1
6343	1
6344	2
6346	2
6348	1
6349	3
6351	1
6352	1
6353	2
6357	3
6358	2
6359	1
6360	1
6362	1
6363	3
6364	2
6367	1
6368	1
6369	2
6370	2
6371	2
6373	1
6374	2
6375	3
6378	3
6381	2
6382	1
6383	2
6384	2
6385	2
6386	2
6388	2
6389	1
6390	1
6392	2
6393	1
6394	2
6395	1
6396	1
6398	1
6400	2
6402	1
6404	1
6405	1
6406	1
6408	3
6411	1
6412	1
6416	1
6417	1
6418	1
6420	2
6421	2
6422	2
6425	1
6426	1
6427	2
6429	4
6431	1
6432	1
6433	2
6434	3
6435	4
6436	2
6437	2
6438	2
6439	1
6440	2
6441	3
6442	1
6443	1
6444	3
6445	2
6446	1
6448	3
6449	1
6450	3
6451	1
6452	1
6455	1
6457	4
6458	2
6459	2
6460	1
6463	2
6466	2
6467	2
6471	1
6472	1
6473	3
6474	1
6476	1
6477	2
6478	2
6479	1
6480	2
6481	2
6482	1
6484	2
6485	1
6486	1
6487	2
6488	2
6489	2
6490	2
6494	2
6496	2
6497	1
6498	1
6499	1
6500	1
6501	3
6502	1
6504	1
6505	1
6506	3
6507	2
6508	2
22896	1
6516	2
6517	1
6519	1
6520	2
6523	2
6524	1
6525	1
6526	1
6527	1
6530	1
6531	1
6532	3
6533	2
6535	1
6536	1
6537	1
6538	1
6539	5
6540	1
6541	5
6545	2
6546	1
22931	1
6548	2
6549	2
6552	1
6560	1
6561	1
6565	3
6566	2
22952	1
6568	1
6569	2
22953	1
6570	2
6571	1
6572	1
6573	1
6574	1
6575	1
6578	3
6579	2
6581	3
6587	2
6588	2
6589	1
6590	1
6592	1
6593	3
6596	1
6598	1
6601	1
6604	2
6605	1
6608	3
6610	1
6612	2
6613	2
6615	2
6618	1
6619	1
6620	1
6626	2
6627	1
6628	1
6631	1
6632	1
6633	2
6634	3
6635	2
6636	4
6637	1
6638	1
6639	4
6645	2
6646	1
23030	1
6648	1
6650	1
6651	2
6652	1
6654	1
6655	1
6658	3
6659	1
6660	1
6661	1
6662	1
6664	1
6665	2
6666	2
6667	4
6671	1
6672	2
6674	1
6675	1
6676	2
6677	1
6678	1
6679	3
6683	2
6684	1
6685	1
6686	3
6687	2
6689	4
6691	1
6692	1
6693	3
6694	2
6695	3
6696	1
23080	1
6697	2
6700	1
6701	3
6704	2
6706	2
6707	1
6712	2
6713	1
6714	1
6715	2
6716	1
6717	1
6718	1
6720	1
6721	1
6722	3
6723	1
6724	1
6726	1
6727	1
6728	1
6729	1
6730	2
6732	2
6733	1
6734	3
6735	1
6736	1
6737	1
6738	1
6739	1
6740	1
6741	2
6742	3
6743	2
6744	1
6745	1
6746	1
6748	2
6749	1
6750	1
23134	1
6751	1
6753	2
6754	1
6755	1
6757	2
6758	1
6760	1
6761	2
6762	4
6763	4
6764	2
6766	1
6767	1
6768	1
6769	1
23154	1
6771	1
6772	2
6773	3
6774	1
6775	1
6776	1
6780	1
6781	1
6784	2
6785	1
6786	2
6787	1
6788	1
6789	1
6790	1
6791	2
6792	1
6794	1
6796	2
6798	1
6800	3
6804	2
23188	1
6807	3
23192	1
6808	1
6809	1
6811	1
6813	1
6814	1
6818	2
6821	1
6822	1
6823	2
6826	2
6828	1
6832	1
6834	1
6838	2
6839	1
6842	1
6843	1
6844	1
6847	1
6848	1
6849	1
6850	1
6851	3
6852	1
6853	1
6854	1
6858	1
6859	1
6860	1
6862	2
6864	3
6866	1
6867	1
6871	1
6872	4
6873	2
6874	1
6877	2
6878	1
6880	1
6882	1
6883	1
6884	2
6886	1
6887	1
6890	1
6891	1
6892	2
6893	3
6894	1
23279	1
6896	2
23280	1
6898	1
6899	2
6904	6
6905	2
6907	2
6909	1
6911	1
6912	1
6913	1
6915	1
6917	1
6918	1
6921	1
6922	2
6925	1
6926	1
6930	1
6932	3
6935	1
6936	1
6937	3
6939	2
6941	2
6942	4
23326	1
6943	2
6944	1
6945	3
23329	1
6947	1
6950	2
6951	1
6953	1
6955	1
6956	1
6957	1
6960	1
6961	2
6962	3
6964	1
6965	3
6966	1
6967	1
6969	2
6970	2
6972	3
6973	1
6974	1
6975	2
23359	1
6978	2
6979	1
6981	2
6982	1
6984	3
6985	1
6986	1
6987	2
6988	1
6989	1
6990	1
6991	1
6992	1
6993	2
6994	1
23379	1
6996	1
6999	1
7002	1
7003	1
7004	1
7006	1
7008	4
7011	3
7013	1
7014	1
7015	1
7017	1
7019	1
7024	1
7026	1
7027	1
7028	2
7030	4
7031	1
7033	1
7035	1
7037	4
7039	1
7041	1
7042	1
7044	1
7045	1
7046	1
7047	1
7048	1
7049	1
7051	1
7053	1
7054	1
7055	1
7057	1
7058	2
7060	1
7062	2
7064	2
7067	1
7069	1
7072	2
7073	1
7075	2
7076	1
7078	2
7079	1
7080	1
7081	1
7083	1
23467	1
7085	1
7089	1
7092	2
7094	2
7096	1
7099	2
23485	1
7103	2
23488	2
7104	1
7105	3
7107	1
23494	1
7112	2
7114	1
7115	1
7116	1
7117	1
7118	3
7122	2
23509	1
7125	1
7126	1
7130	2
7131	1
7132	2
7133	2
7135	1
7136	1
7137	1
7138	1
7139	1
7141	1
7142	1
7143	1
7144	2
7146	2
7147	4
7149	2
7150	1
7151	2
7153	1
7155	2
7157	1
7161	3
7163	1
7166	1
7170	1
7171	1
7173	1
7174	2
7176	1
7178	2
7182	1
7183	1
7185	2
7186	1
7187	1
7192	2
7195	1
7197	1
7198	4
7200	3
7202	1
7205	1
7206	1
7207	5
7209	1
7210	2
7211	1
7213	1
7214	1
7215	2
7216	1
7217	2
7218	2
7219	1
7220	2
23608	1
7224	2
7226	3
7227	2
7228	2
7229	1
7231	1
7233	3
7234	1
7235	1
7238	1
7240	1
7242	2
7244	1
23631	1
7249	1
7250	2
7251	1
7252	1
7253	3
7254	1
7257	1
7259	1
7261	1
7263	3
7264	1
7265	1
7266	1
7268	2
7270	1
7273	1
7274	1
7275	1
7276	2
7278	1
7281	2
7282	1
7284	2
7286	2
7287	1
7288	1
7289	2
7290	1
7291	2
7293	1
7297	1
7298	1
7299	1
7300	1
7301	1
7302	5
7303	1
7305	2
7308	1
7309	2
7313	1
23698	1
7314	2
7315	3
7316	1
7318	2
7319	2
7322	1
7324	2
7325	1
7328	1
7330	1
7332	1
7333	3
7334	1
7335	3
7337	1
23721	1
7338	1
7339	2
7340	1
7345	2
7348	1
7350	1
7352	1
7353	1
7354	2
7355	1
7356	1
7357	1
7358	1
7360	1
7361	1
7369	1
7372	1
7374	2
7377	2
7378	1
7379	2
7380	2
7381	3
7382	1
7384	3
7385	1
7387	3
7389	1
7390	4
7392	2
7394	1
7395	2
7399	1
7401	2
23787	1
7404	1
7405	1
7406	1
23791	1
7407	2
7408	2
7409	2
7410	2
7411	1
7412	1
7414	1
7415	1
7416	1
7418	1
7419	2
7423	3
7424	3
7425	2
7426	3
7429	3
7431	2
7432	2
7434	1
7440	1
23825	1
7442	2
7445	2
7446	1
7449	2
23833	1
7451	2
7452	1
7454	1
7455	4
7457	2
7460	2
7461	1
7462	1
7463	2
7464	3
7465	3
7466	1
7468	1
7470	2
7471	1
23856	1
7473	1
7475	1
7477	1
7478	1
7482	1
7483	1
7484	1
7485	1
7492	1
7496	1
7499	2
7501	3
7503	2
7504	1
7509	1
7510	2
7511	1
7512	3
7513	3
7514	1
7516	3
7520	1
7521	1
7522	3
7524	1
7525	1
7526	1
7527	3
7530	1
7531	1
7532	1
7536	1
7539	1
7540	1
7541	1
7542	3
7543	1
7545	1
7548	2
7551	1
7553	2
7554	1
7555	2
7559	1
7561	1
7565	1
7567	1
7569	2
7570	1
7571	1
7572	2
7578	3
7579	2
7580	1
7581	2
7582	1
7583	2
7586	2
7587	2
7588	1
7589	1
7592	1
7593	1
7595	2
7596	3
7597	1
7599	1
7601	1
7606	1
7607	2
7609	1
7611	1
7615	1
7617	2
7620	3
7622	1
7625	2
7626	2
7627	2
7628	1
7629	1
7636	1
24021	1
7637	1
7639	1
7642	2
7643	2
7653	2
7654	1
7655	1
7658	1
7659	3
7660	1
7662	1
7663	1
7665	1
7666	2
7667	2
7668	1
7669	1
7671	3
7674	2
7676	2
7677	1
24063	1
7681	1
7682	1
7683	1
7685	1
7688	1
7689	1
7691	1
7694	3
7696	2
7698	1
7699	3
7702	2
7703	1
7704	1
7706	1
7707	2
7708	2
7709	2
7710	2
7712	1
7713	2
7715	3
7716	1
7719	1
7721	1
7722	1
7724	2
24109	1
7725	1
7726	1
7728	1
7733	1
7734	2
7739	1
7740	1
7741	1
7744	1
7746	1
7748	1
7749	1
7750	1
7751	2
7752	1
7753	1
7758	1
7760	1
7762	2
7765	1
7768	1
7770	1
7773	3
7775	1
7778	1
7779	2
7780	2
7781	2
7783	1
7788	2
7789	1
7790	2
7791	2
7794	2
7796	1
7800	2
7801	1
7802	1
7804	1
7807	1
7809	1
7811	1
7812	1
7814	2
7817	2
7820	1
7821	2
7824	2
7829	1
7830	1
7836	1
7840	1
7843	1
7844	1
7845	2
7848	1
7851	1
7852	1
7854	1
7855	3
7856	2
7857	2
24241	1
7859	1
7860	1
7861	1
7862	1
7867	1
7869	2
24253	1
7871	2
7874	3
7875	1
7876	2
7879	1
7880	1
7882	1
7886	2
7887	2
7888	1
7889	1
7892	1
7893	2
7896	2
7897	2
7899	1
7902	1
7903	2
7910	1
7913	2
7914	1
7915	1
7916	1
7918	1
7919	2
7922	1
7926	1
7929	1
7933	1
7934	1
7935	1
7936	2
7937	1
7939	1
7940	3
7943	1
7945	1
7946	1
7948	1
7950	2
7951	1
7952	1
7953	1
7955	1
7956	1
7959	1
7961	2
7962	1
7964	1
7966	1
7967	1
7968	1
7969	1
7971	1
7972	2
7973	1
7974	1
7975	2
7979	1
7981	2
7984	1
7986	1
7995	1
7996	2
7997	1
7999	1
8000	1
8002	1
8005	3
8006	3
8007	1
8010	1
8012	1
8013	1
8014	1
8016	2
8017	1
8018	1
8019	1
8022	2
8024	1
8026	1
8027	1
8028	1
8029	1
8030	2
8031	1
8032	1
8033	1
8034	1
8035	1
8038	1
8040	1
24425	1
8041	1
8042	1
8044	1
8045	1
24431	1
8048	1
24433	1
24434	1
8051	1
8053	1
8055	2
8060	1
8066	2
8068	1
8069	2
8070	3
8073	2
24457	1
8074	3
8075	1
8079	2
8080	1
8087	1
8088	3
8090	1
8092	1
8096	1
8102	1
24487	1
8103	1
8104	1
8108	2
8109	1
8110	1
8113	1
8114	2
8117	2
8118	1
8119	1
8120	1
8122	2
8124	1
8126	1
8127	1
8129	2
8131	1
8132	1
8133	1
8138	1
8141	1
8142	1
8143	1
8144	2
8146	1
8148	1
8149	1
8151	1
8152	1
8155	1
8157	1
8161	1
8163	1
8164	1
8167	2
8168	2
8169	1
8171	3
8172	1
8173	1
8175	1
8177	2
8178	1
8179	1
8180	1
8184	1
8187	2
8188	2
8190	1
8191	1
8192	2
8197	1
8198	3
8200	1
8201	1
8202	1
8203	1
8204	1
24589	1
8205	1
8208	1
8209	1
8210	2
8211	1
8214	1
8216	2
8217	2
8224	1
8228	2
8229	2
8231	2
8232	1
8234	2
8236	1
8237	2
8246	1
8250	2
8255	3
8256	1
8258	1
8259	1
8264	1
8265	2
8267	1
8271	1
8272	1
8277	1
8279	2
8281	1
8282	1
8283	2
8284	1
8285	1
8288	2
8301	2
8303	1
8306	1
8308	1
8309	2
8312	1
8315	2
8317	3
8325	1
8327	1
8328	1
8329	3
8337	1
8340	1
8341	1
8342	1
8343	1
8345	1
8348	1
8353	1
8355	1
8356	1
8357	1
8358	1
8360	1
8361	2
8363	1
8364	1
8367	1
8370	1
8372	1
8373	1
8374	3
8386	1
8387	1
8389	1
8390	2
8392	1
8395	1
8398	1
8400	2
8404	2
8407	1
8409	2
8412	3
8413	1
8415	1
8417	2
8419	1
8421	1
24806	1
8424	2
8426	2
8428	1
8429	1
8430	1
8432	1
8436	1
8440	2
8443	1
8450	3
8453	1
8454	1
8455	1
8456	1
8463	1
8466	1
8467	1
8477	1
8480	2
8482	1
24866	1
8484	1
8492	1
8495	1
8498	3
8499	1
8500	1
8502	1
8504	1
8506	1
8507	1
8511	2
8516	1
8518	2
8519	1
8521	1
8524	1
8526	1
8527	1
8528	1
8531	1
8538	1
8543	1
8545	2
8546	1
8551	2
8554	2
8556	1
8558	1
8560	1
8561	1
8566	2
8567	2
8571	1
8574	1
8576	1
8577	1
8579	1
8582	1
8583	1
8586	1
8588	1
24975	1
8595	1
8596	2
24982	1
8599	1
8601	1
8604	1
8605	1
8607	1
8613	1
8615	2
25002	1
8618	1
8622	2
25006	1
8625	1
8628	2
8632	1
8635	2
8641	2
8642	1
8647	1
8653	1
8660	2
8661	1
8665	1
8673	1
8676	1
8677	1
8684	1
8687	1
8690	1
8694	1
8697	1
8700	1
8703	1
8705	1
8706	1
8707	1
8710	1
8712	1
8713	1
8714	1
8715	1
8716	1
8717	2
8722	1
8726	1
8728	1
8735	1
8738	3
8739	1
8740	1
8743	1
8745	2
8747	1
8748	1
8754	1
8756	1
8757	3
8760	1
8762	1
8763	1
8766	1
8767	1
8769	1
8770	1
8772	1
8778	1
8780	1
8781	2
8782	1
8784	1
8787	1
8788	1
8794	2
8795	2
8799	1
25183	1
8802	2
8803	1
8807	2
8808	1
8811	1
25197	1
8814	1
8816	1
8819	1
8825	2
8826	1
8829	2
8831	3
8837	1
8838	1
8842	2
8846	2
8847	1
8848	2
8849	1
8852	1
8853	2
8854	1
8855	1
8857	1
8859	1
8863	1
8865	1
8866	1
8871	1
8875	1
25260	1
8876	2
8877	1
8882	1
8883	1
8885	1
8886	1
8887	1
8891	1
8895	1
8897	2
8898	1
8901	1
8903	1
8906	1
8907	1
8911	1
8912	1
8913	1
8914	1
8918	3
8924	1
8928	1
8929	1
8931	1
8934	2
8936	1
8942	1
8945	1
8948	1
8951	2
8954	2
8959	1
8960	1
8964	1
8965	1
8967	1
8968	1
8969	1
8970	1
8973	1
8986	1
8988	1
8991	2
9000	1
9008	2
9009	2
9010	1
9015	1
9016	1
9018	1
9020	1
9023	1
9028	1
9029	2
9030	1
9036	2
9037	1
9043	1
9044	1
9046	1
9047	1
9048	1
9049	1
9051	2
9058	1
9064	2
9067	1
9069	1
9070	1
9074	1
9080	1
9085	1
9088	1
9089	1
9091	1
9092	1
9093	1
9094	2
9097	1
9098	1
9099	1
9105	3
9111	1
9112	1
9115	1
9118	1
9121	2
9124	1
9126	1
9127	1
9129	1
9138	1
9139	1
9144	2
9145	1
9146	1
9154	1
9157	1
9159	1
9160	1
9162	1
9163	1
9165	3
9169	1
9170	1
9172	1
9175	2
9177	1
9181	1
9185	1
9186	1
9190	3
9193	1
9197	1
9198	1
9204	1
9205	1
9206	1
9208	1
9209	1
9212	1
9214	1
9215	1
9216	1
9222	1
9231	1
9232	1
9235	1
9241	1
9249	1
9252	1
9253	1
9263	1
9267	1
9269	1
9271	1
9274	1
9275	1
9276	1
9277	1
9280	1
9282	1
9284	1
9290	1
9292	1
9295	1
9297	1
9305	1
9314	1
9315	1
9316	2
9317	1
9319	1
9324	1
9326	2
9327	1
9328	2
9331	1
25717	1
9333	2
9334	1
9337	1
9341	1
9345	2
9347	1
9349	1
9355	1
9362	1
9367	1
9371	2
9375	1
9377	1
9379	1
9383	1
9384	1
9387	1
9388	1
9399	1
9400	1
9405	1
9407	1
9409	1
9415	1
9416	1
9419	1
9420	2
9421	2
9422	1
9428	1
9435	1
9442	1
9445	1
9450	1
9453	1
9459	1
9464	1
9474	1
9476	1
9478	4
9479	1
9480	1
9481	1
9482	1
9485	1
9486	2
9492	1
9497	1
9501	1
9505	1
9507	1
9514	1
9525	1
9528	1
9530	1
9536	1
9540	1
9542	2
9543	2
9555	1
9557	1
9558	1
9559	1
9567	1
9568	1
9571	1
9572	1
9573	1
9579	1
9582	2
9585	2
9589	1
9592	1
9594	1
9596	1
9600	1
9603	3
9604	1
9607	1
9609	1
9611	1
9614	1
9616	1
9620	3
9628	1
9633	1
9641	1
9642	2
9643	1
9653	1
9655	1
9657	1
9659	1
9668	1
9670	1
9676	1
9677	1
9682	1
9685	1
9688	3
9696	1
9701	1
9704	1
9706	1
9710	1
9711	1
9712	1
9713	1
9716	1
9719	1
9729	1
9734	1
9736	1
9737	1
9738	1
9739	1
9740	2
9743	1
9746	1
9755	2
9765	1
9766	1
9770	1
9774	1
9776	1
9778	1
9786	1
9789	2
9793	1
9796	1
9800	1
9810	1
9813	1
9820	1
9822	1
9824	1
9829	1
9832	1
9839	1
9840	1
9847	1
9851	1
9853	2
9856	1
9857	1
9861	1
9874	1
9883	1
9888	2
9892	1
9895	3
9896	1
9899	1
9902	1
9903	1
9906	1
9907	1
9908	3
9910	1
9911	1
9912	1
9920	1
9922	1
9924	1
9929	1
9940	1
9941	1
9946	1
9948	1
9952	1
9953	1
9955	1
9958	2
9964	1
9967	1
9969	1
9972	1
9974	2
9978	2
9980	1
9982	1
9983	1
9984	1
9989	1
9996	1
10000	1
10001	1
10005	1
10008	1
10011	1
10012	1
10021	1
10043	1
10045	2
10046	1
10050	1
10071	1
10073	1
10079	1
10081	1
10083	1
10085	2
10087	1
10088	1
10091	1
10100	2
10106	1
10111	1
10115	2
10118	1
10122	1
10127	1
10130	2
10135	1
10140	1
10141	1
10142	1
10145	1
10151	1
10153	1
10162	1
10165	4
10167	1
10169	1
10170	1
10173	1
10179	1
10181	2
10188	1
10189	1
10191	1
10195	1
10197	1
10198	1
10200	1
10201	1
10203	1
10204	1
10205	1
10219	1
10223	2
10227	2
10232	1
10233	1
10241	1
10244	1
10246	2
10247	2
10248	1
10249	1
10250	1
10254	2
10256	1
10257	1
10259	1
10262	1
10266	1
10269	1
10277	1
10285	1
10286	1
10287	1
10289	1
10294	1
10296	1
10299	1
10302	1
10306	1
10310	1
10313	1
10314	1
10316	1
10317	1
10321	3
10324	1
10325	1
10335	1
10339	1
10340	1
10346	1
10349	1
10350	1
10352	1
10355	1
10357	1
10361	1
10368	1
10374	2
10376	2
10378	3
10379	1
10392	1
10408	1
10409	1
10411	1
10414	1
10424	1
10427	3
10428	1
10431	1
10435	1
10436	1
10445	1
10446	1
10453	1
10458	1
10461	1
10465	1
10466	1
10468	1
10473	1
10476	1
10479	1
10482	1
10483	4
10484	1
10486	1
10488	1
10491	1
10495	2
10500	1
10508	1
10509	1
10510	1
10516	1
10520	1
10524	1
10526	3
10544	1
10552	1
10554	1
10560	1
10561	1
10562	1
10569	1
10573	1
10578	1
10588	1
10593	2
10595	1
10597	1
10603	1
10605	1
10607	1
10612	1
10617	1
10622	1
10623	1
10626	1
10628	1
10632	1
10635	1
10637	1
10641	1
10643	1
10648	1
10649	3
10650	1
10663	1
10665	1
10666	2
10667	1
10670	1
10674	1
10678	2
10686	1
10694	1
10695	1
10697	2
10700	1
10701	1
10703	1
10706	1
10707	1
10713	1
10714	1
10716	1
10719	1
10722	1
10725	1
10728	1
10729	1
10733	1
10740	2
10743	1
10748	1
10753	1
10757	2
10759	1
10760	1
10763	1
10765	1
10775	1
10778	1
10782	1
10783	1
10785	2
10786	1
10789	1
10796	2
10799	1
10802	2
10814	1
10821	1
10825	1
10826	3
10845	1
10846	1
10851	2
10855	1
10857	1
10860	1
10868	1
10870	3
10883	2
10887	1
10888	1
10894	1
10897	1
10904	1
10919	1
10930	1
10931	1
10935	1
10938	1
10939	1
10946	1
10948	2
10953	1
10958	2
10960	1
10961	1
10964	1
10966	1
10970	1
10976	1
10981	2
10993	1
11000	1
11002	2
11004	1
11012	1
11015	2
11016	1
11026	1
11038	1
11044	1
11047	3
11050	2
11052	3
11053	2
11055	1
11057	2
11058	1
11062	1
11065	1
11076	1
11087	1
11097	1
11116	1
11117	1
11129	1
11136	1
11140	1
11144	1
11150	1
11160	1
11161	1
11165	1
11168	2
11174	1
11179	2
11180	1
11184	1
11191	2
11193	1
11199	3
11201	2
11215	1
11218	1
11219	1
11220	1
11221	1
11222	1
11227	1
11230	1
11233	1
11237	1
11245	1
11248	1
11252	1
11256	1
11262	1
11266	1
11279	1
11291	1
11296	1
11297	1
11308	1
11318	1
11319	1
11323	1
11325	1
11329	1
11332	1
11337	1
11342	1
11346	1
11361	1
11366	1
11367	1
11369	2
11372	1
11381	1
11382	1
11384	2
11386	1
11392	1
11399	1
11408	1
11412	1
11413	2
11420	1
11423	1
11429	1
11430	1
11440	1
11442	1
11446	1
11449	2
11459	1
11460	1
11464	1
11469	1
11476	1
11482	1
11484	1
11486	1
11502	1
11503	1
11508	1
11515	1
11517	1
11521	1
11524	1
11532	1
11544	1
11547	1
11549	1
11552	1
11553	1
11554	1
11555	1
11564	1
11566	1
11571	1
11573	1
11575	1
11576	1
11577	1
11579	1
11585	1
11594	2
11602	1
11615	1
11619	2
11631	1
11632	1
11638	1
11643	1
11658	1
11660	2
11662	1
11673	1
11674	1
11677	2
11681	1
11685	1
11695	1
11701	2
11703	1
11705	1
11707	2
11737	1
11740	1
11742	1
11743	1
11744	1
11749	1
11752	1
11759	1
11767	1
11773	1
11775	1
11780	1
11782	1
11791	1
11792	1
11803	1
11808	1
11815	1
11817	1
11821	1
11825	1
11829	1
11831	2
11842	1
11843	1
11847	1
11854	1
11858	1
11866	2
11872	1
11880	2
11882	1
11887	1
11899	1
11916	1
11918	1
11920	1
11929	1
11935	1
11945	1
11947	1
11953	1
11972	1
11977	1
11978	1
11982	1
11996	1
11997	1
11998	1
11999	1
12001	1
12005	1
12010	1
12012	1
12016	1
12018	1
12019	1
12020	1
12033	1
12045	2
12053	1
12054	1
12059	1
12067	1
12071	1
12073	1
12078	1
12083	1
12098	1
12100	1
12104	1
12111	1
12115	1
12116	2
12118	1
12133	1
12145	1
12147	1
12153	1
12155	1
12158	1
12161	1
12170	1
12177	1
12182	2
12189	1
12190	2
12191	1
12195	1
12205	1
12215	2
12222	1
12224	1
12225	1
12227	1
12228	1
12231	1
12234	1
12239	1
12240	1
12244	1
12245	1
12254	1
12259	1
12264	1
12268	1
12271	2
12286	1
12298	1
12300	2
12302	1
12307	1
12308	1
12311	2
12312	1
12314	1
12319	1
12323	1
12330	1
12339	1
12343	1
12348	1
12360	1
12362	1
12363	1
12364	1
12366	1
12369	1
12370	1
12374	1
12375	1
12387	1
12388	1
12389	2
12392	1
12397	1
12407	2
12408	1
12409	1
12419	1
12420	1
12422	1
12424	1
12441	1
12446	1
12459	1
12463	2
12464	1
12465	1
12468	2
12491	1
12499	1
12507	1
12508	1
12518	1
12520	1
12522	1
12549	1
12550	1
12556	1
12557	1
12558	3
12563	1
12567	1
12570	1
12572	1
12576	1
12577	1
12583	1
12594	1
12595	1
12597	1
12608	1
12610	1
12613	1
12615	1
12619	2
12621	1
12638	1
12643	1
12647	1
12650	1
12651	1
12652	1
12657	1
12674	1
12693	1
12696	1
12702	1
12706	2
12708	1
12711	1
12715	1
12720	1
12723	1
12727	1
12732	1
12740	1
12749	1
12750	1
12761	1
12773	1
12777	1
12785	1
12794	1
12797	1
12800	1
12815	1
12818	1
12819	1
12822	1
12826	2
12830	1
12841	1
12843	1
12846	1
12854	1
12856	1
12863	1
12868	1
12869	1
12870	1
12871	1
12880	1
12887	1
12895	1
12913	1
12918	1
12938	1
12939	1
12950	1
12951	2
12971	1
12974	1
12975	1
12985	1
12988	1
13003	1
13006	1
13014	1
13015	1
13026	1
13033	2
13038	1
13042	1
13052	1
13054	2
13057	1
13067	1
13075	1
13082	3
13090	1
13103	1
13107	1
13111	1
13116	1
13130	1
13139	1
13144	1
13152	1
13165	1
13166	1
13174	1
13183	1
13193	1
13203	1
13204	1
13209	1
13215	1
13220	1
13243	3
13245	1
13250	1
13255	1
13258	1
13268	1
13270	1
13280	1
13282	2
13301	1
13303	1
13311	1
13315	1
13333	1
13337	1
13338	1
13343	1
13364	1
13367	1
13371	1
13384	1
13388	1
13396	1
13397	1
13399	1
13414	1
13420	1
13429	1
13453	1
13454	1
13474	1
13479	1
13483	1
13485	3
13490	1
13518	1
13529	2
13535	1
13539	1
13545	1
13548	1
13553	1
13555	1
13564	1
13565	1
13566	1
13573	1
13580	1
13582	1
13598	1
13599	1
13606	1
13607	1
13611	1
13619	1
13634	1
13638	1
13645	1
13659	1
13666	1
13677	1
13678	1
13684	1
13691	1
13716	1
13720	1
13722	1
13724	1
13731	1
13741	1
13745	1
13750	1
13759	1
13786	1
13787	1
13789	1
13797	1
13801	1
13806	1
13808	1
13810	1
13819	1
13830	1
13844	1
13854	1
13860	1
13867	1
13869	1
13871	1
13874	1
13880	2
13884	1
13897	1
13899	1
13901	1
13906	1
13911	1
13931	1
13939	2
13946	1
13955	1
13963	1
13969	1
13970	1
13981	1
13984	1
13997	1
14000	1
14001	1
14006	1
14007	1
14019	1
14021	3
14026	2
14027	1
14030	1
14032	2
14033	1
14036	1
14037	2
14045	1
14067	1
14071	1
14083	1
14086	1
14089	1
14092	1
14111	1
14115	1
14118	1
14121	1
14133	1
14136	1
14149	2
14150	1
14152	1
14155	1
14157	1
14158	1
14162	1
14167	1
14171	1
14173	1
14177	1
14180	1
14181	1
14184	1
14187	1
14190	1
14206	1
14209	2
14211	1
14215	1
14216	1
14219	1
14226	1
14227	1
14231	1
14238	1
14240	1
14249	1
14255	1
14256	1
14260	1
14270	1
14272	1
14280	1
14282	1
14283	1
14285	1
14319	1
14334	1
14335	1
14352	1
14368	1
14374	1
14376	1
14391	1
14395	1
14408	1
14414	1
14416	1
14417	1
14419	1
14426	1
14433	1
14445	1
14447	1
14448	1
14449	1
14452	1
14456	1
14459	1
14462	1
14463	1
14482	1
14484	1
14488	1
14494	1
14495	1
14497	1
14518	1
14519	1
14541	1
14544	1
14551	1
14557	1
14564	1
14567	1
14571	1
14574	1
14575	1
14586	1
14598	1
14628	1
14635	1
14636	1
14637	1
14639	1
14644	1
14651	1
14655	1
14667	1
14671	1
14672	1
14674	1
14695	1
14702	1
14712	1
14717	1
14725	1
14737	1
14740	1
14744	1
14751	1
14776	1
14784	1
14785	1
14786	1
14793	1
14805	1
14808	2
14812	1
14835	1
14836	2
14841	1
14843	1
14847	1
14861	1
14872	1
14874	1
14881	1
14898	2
14906	1
14912	1
14922	1
14924	1
14930	1
14945	1
14959	1
14977	1
14980	1
14982	1
14989	1
14994	1
14998	1
15000	1
15005	1
15006	1
15012	1
15016	1
15017	1
15021	1
15046	1
15051	1
15052	1
15058	1
15060	1
15069	1
15079	1
15101	1
15105	1
15117	1
15125	1
15143	1
15154	1
15166	1
15177	1
15188	1
15209	1
15211	1
15217	1
15236	1
15239	1
15260	1
15264	1
15271	1
15279	1
15280	1
15293	1
15302	1
15303	1
15310	2
15317	1
15328	1
15344	1
15348	1
15353	1
15377	1
15392	1
15394	1
15395	2
15398	1
15399	1
15400	1
15421	1
15440	1
15441	1
15449	1
15450	1
15464	1
15472	1
15474	1
15511	1
15520	2
15527	2
15530	1
15539	1
15546	1
15547	1
15554	1
15556	1
15557	1
15561	1
15562	1
15568	1
15569	1
15577	1
15588	1
15598	1
15603	1
15604	1
15622	1
15633	1
15639	1
15653	1
15655	1
15679	2
15685	1
15689	1
15733	1
15735	1
15738	1
15739	1
15742	2
15758	1
15782	1
15784	1
15795	1
15815	1
15822	2
15832	1
15838	1
15841	1
15844	1
15856	1
15857	1
15863	1
15885	1
15907	1
15910	1
15913	1
15920	1
15945	1
15948	1
15952	1
15953	1
15954	2
15961	1
15974	1
16005	1
16018	2
16055	2
16057	1
16063	1
16071	1
16074	1
16086	1
16097	1
16106	1
16121	1
16142	1
16153	1
16154	1
16156	1
16163	2
16184	1
16192	2
16198	1
16205	1
16206	1
16207	1
16215	1
16221	1
16231	1
16241	1
16247	1
16251	1
16262	1
16273	1
16280	1
16291	1
16315	1
16332	1
16334	1
16336	1
16356	1
16374	1
16376	1
16381	1
