1	10
2	12
3	4
4	2
5	4
6	5
7	7
8	7
9	4
10	7
11	13
12	10
13	8
14	8
15	11
16	8
17	6
16401	1
18	11
19	9
20	13
21	12
22	9
16406	1
23	6
24	7
25	10
26	8
27	9
28	7
29	14
30	8
31	9
32	8
33	9
16417	1
16418	1
34	7
35	10
36	8
37	9
38	12
39	13
40	7
41	9
42	9
43	8
44	10
45	5
16429	1
46	4
47	6
48	4
49	9
50	9
51	5
52	5
53	3
54	7
16439	1
55	7
56	8
57	10
58	8
59	3
60	8
61	5
62	4
63	9
64	4
65	8
66	12
67	4
68	6
69	7
70	7
71	5
72	8
16456	1
73	5
74	9
75	9
76	11
77	3
16461	1
78	4
79	7
80	7
81	1
82	9
83	9
84	6
85	5
86	9
87	9
88	10
89	7
16473	1
90	9
91	7
92	9
93	1
94	9
95	4
96	8
97	5
98	10
99	6
100	3
101	7
102	10
16487	1
103	6
104	4
105	8
106	10
107	7
16491	1
108	7
109	9
110	6
111	7
112	9
113	11
114	5
115	12
116	11
117	10
118	12
119	9
120	7
121	11
122	12
123	9
16507	1
124	13
125	8
126	7
16510	1
127	4
128	9
16512	1
129	5
130	6
131	5
132	8
133	6
134	9
135	8
136	7
137	4
138	8
139	9
16523	1
140	15
141	7
142	10
143	8
144	12
145	8
146	12
16530	1
147	7
148	10
149	4
150	14
151	13
152	9
153	12
154	16
16538	1
155	14
156	8
157	11
158	9
159	10
160	9
161	7
162	9
163	12
164	10
165	8
166	9
16550	1
167	5
168	12
169	12
170	18
171	8
172	10
173	5
174	9
175	9
176	5
177	9
16561	1
178	5
179	7
180	7
181	9
182	9
183	7
184	8
185	5
186	10
187	10
188	6
189	15
190	8
191	5
192	7
16576	1
193	11
194	9
195	13
196	12
197	7
198	7
199	8
200	13
201	12
202	9
203	9
204	10
205	4
206	12
207	7
208	7
209	10
210	8
211	4
212	6
213	6
214	8
215	9
216	6
217	11
218	14
219	15
220	6
221	6
222	12
223	11
224	8
225	11
226	11
227	6
228	5
229	7
230	11
231	7
232	14
233	6
16617	1
234	17
235	4
236	7
237	9
16621	1
238	11
16622	1
239	10
240	6
241	10
242	6
243	9
244	7
245	18
246	13
247	8
248	8
249	7
250	14
251	9
16635	1
252	8
16636	1
253	8
254	10
255	6
256	6
257	15
258	6
259	9
260	7
261	7
262	11
16646	1
263	9
264	6
265	12
266	10
267	14
268	8
269	15
270	9
271	8
272	12
16656	1
273	4
274	7
16659	1
275	9
276	7
277	10
278	12
279	12
280	11
281	11
282	9
283	5
284	10
285	9
286	14
287	8
288	10
289	13
290	12
291	5
292	4
293	7
294	9
295	12
296	7
297	8
298	4
299	12
300	6
301	5
302	8
303	11
304	12
305	11
306	10
307	9
308	6
309	9
310	5
311	6
312	12
313	8
314	9
315	9
316	11
317	3
318	8
319	8
16703	1
320	10
16705	1
321	5
322	8
323	5
324	14
325	9
326	4
327	10
328	9
329	6
330	6
331	10
332	9
333	6
334	13
335	6
336	8
337	4
338	10
339	9
340	10
341	7
342	8
343	11
344	9
345	2
16730	1
346	11
347	6
348	10
349	5
350	6
351	10
352	14
353	8
354	6
355	10
356	4
357	13
358	12
359	8
360	11
361	8
362	9
363	9
364	3
365	5
366	10
367	10
368	7
369	10
370	9
371	10
372	5
373	10
374	18
375	8
376	11
377	6
378	8
379	10
380	18
381	6
382	5
383	16
384	11
385	11
386	8
387	7
388	9
389	6
390	11
391	11
392	12
393	5
394	6
395	7
396	11
397	9
398	4
399	13
400	8
401	7
402	12
403	4
404	4
405	6
406	7
407	8
408	6
409	3
410	12
411	3
412	12
413	5
414	10
415	8
16799	1
416	9
417	4
418	7
419	7
420	7
16804	1
421	3
422	13
423	9
424	6
425	9
426	10
427	12
428	8
429	7
430	7
431	9
432	7
433	8
434	11
435	9
436	8
437	7
16821	1
438	5
16822	1
439	11
440	10
441	15
442	9
443	5
444	14
445	9
16829	1
446	9
447	7
448	13
449	13
450	16
451	10
452	4
453	12
454	9
455	16
456	6
457	15
458	3
16842	1
459	11
460	8
461	9
462	5
463	10
464	12
465	5
466	4
467	9
468	8
469	12
470	11
471	10
472	6
16856	1
473	8
474	2
475	6
476	5
477	6
478	5
479	9
480	13
481	8
482	5
483	7
484	9
485	7
486	12
487	8
488	10
489	10
490	11
491	8
492	6
493	9
494	11
495	12
496	4
497	9
498	9
499	11
500	9
501	10
502	11
503	13
504	8
505	8
506	6
507	15
508	9
509	5
510	8
511	8
512	7
513	11
514	9
515	11
516	5
517	7
518	10
519	8
520	10
521	10
522	7
523	7
524	5
525	12
526	8
527	4
16911	1
528	8
529	15
530	9
531	5
532	4
533	5
534	12
535	4
16919	1
536	8
537	6
538	11
539	4
540	11
541	6
542	15
543	9
544	17
545	7
546	6
547	10
548	10
549	6
550	7
551	13
552	7
553	7
554	8
555	6
16939	1
556	5
557	8
558	8
559	6
560	8
561	8
562	5
563	11
564	9
565	2
566	14
567	8
16952	1
568	8
569	12
570	3
571	3
16955	1
572	9
573	10
574	7
575	6
576	4
577	5
578	7
579	15
580	11
581	5
582	4
583	7
584	7
585	12
586	8
587	5
588	11
589	6
590	2
591	3
592	15
593	4
594	11
595	6
596	9
597	11
598	8
599	8
600	5
601	10
602	13
603	6
16987	1
604	6
605	13
606	6
607	8
608	11
609	8
610	5
611	12
16995	1
612	10
613	11
614	12
615	11
616	4
617	11
618	9
619	10
620	8
621	7
622	12
623	10
624	11
625	10
626	13
627	15
628	9
629	6
630	7
631	11
632	14
633	7
634	9
635	4
636	7
637	7
638	9
639	9
640	9
641	10
642	9
643	10
644	10
645	6
646	6
647	6
648	12
649	8
17033	1
650	6
651	8
652	9
653	12
654	9
655	17
17039	1
656	14
657	10
658	10
659	7
660	6
661	8
662	9
663	3
664	8
665	7
666	6
667	8
668	11
669	6
670	8
671	9
672	7
673	5
674	7
675	10
676	3
677	15
678	13
679	9
680	5
681	7
682	14
683	7
684	4
685	7
686	6
687	8
688	8
689	6
690	7
691	8
692	4
693	7
694	9
695	5
696	6
697	7
698	7
699	7
700	5
701	9
702	7
703	15
704	12
705	10
706	10
707	10
17091	1
708	10
709	11
710	8
711	7
712	12
713	12
714	14
715	6
716	9
717	3
718	14
719	8
720	7
721	7
722	9
723	6
724	9
725	6
726	10
727	10
728	6
729	8
730	13
17114	1
731	5
732	13
733	10
734	14
735	7
736	4
737	7
738	9
17123	1
739	10
740	7
741	6
742	7
743	9
17127	2
744	5
745	13
746	8
747	11
748	10
749	9
750	8
751	5
752	8
753	12
754	10
755	7
756	7
757	5
758	9
759	8
760	15
761	10
762	5
763	8
764	3
765	11
766	9
767	9
768	12
769	1
770	7
771	4
772	7
773	6
774	6
775	10
776	6
777	5
778	10
779	10
780	11
781	14
782	5
783	6
784	2
785	6
786	5
787	9
17171	1
788	12
789	8
790	8
791	6
17175	1
792	12
17176	1
793	7
794	7
795	9
796	8
797	6
798	9
799	7
800	10
801	10
802	8
803	9
804	6
805	9
17189	1
806	7
807	9
808	8
809	9
810	8
811	5
812	7
813	10
814	2
815	3
816	10
817	15
818	8
819	4
820	3
821	10
822	10
823	6
824	10
825	15
826	9
827	9
828	12
829	14
830	14
17214	1
831	10
832	6
833	7
834	8
835	5
836	15
837	8
838	13
839	12
840	13
841	13
842	8
843	10
844	4
845	4
846	13
847	3
848	4
849	17
850	9
851	3
852	7
853	10
854	6
855	5
856	12
857	9
858	6
859	12
860	9
861	6
862	8
863	9
17247	1
864	15
865	9
866	9
17250	1
867	2
868	9
869	8
870	6
871	7
872	6
873	11
874	11
875	5
876	10
877	14
878	10
879	7
880	4
881	10
882	4
883	15
884	10
885	14
886	14
887	4
888	5
889	3
890	6
17274	1
891	9
892	6
893	8
17277	1
894	11
895	12
896	7
897	6
898	6
899	11
900	6
17284	1
901	13
902	7
903	13
904	10
905	7
906	12
907	7
908	8
909	9
910	7
911	9
912	11
913	9
914	7
915	12
916	10
917	6
918	8
17302	1
919	8
920	9
921	11
922	6
923	7
924	7
925	6
926	16
927	8
17311	1
928	5
929	7
930	12
931	8
932	10
933	12
934	3
935	4
936	8
937	14
938	10
939	4
940	7
941	13
942	10
17326	1
943	6
944	5
945	14
946	10
947	11
948	6
949	8
950	15
951	7
952	10
953	8
954	6
955	3
956	8
957	9
958	8
959	9
960	7
961	5
962	10
963	18
17347	1
964	8
17348	1
965	6
966	12
967	6
968	12
969	11
970	4
971	10
972	7
973	5
974	7
975	4
976	6
977	7
978	7
979	12
980	10
981	3
982	11
983	6
984	13
985	4
986	1
987	8
988	6
989	10
990	9
991	7
992	8
993	9
994	4
995	9
996	7
997	10
998	8
999	3
1000	6
1001	9
1002	11
17386	1
1003	10
1004	8
1005	11
1006	10
1007	12
1008	13
1009	7
1010	8
1011	5
1012	8
1013	7
1014	10
1015	10
1016	11
1017	10
1018	15
1019	8
1020	9
17404	1
1021	8
1022	8
1023	12
1024	7
1025	5
1026	11
1027	13
1028	13
1029	7
1030	6
1031	9
1032	7
1033	9
1034	10
1035	7
1036	9
1037	5
1038	14
1039	9
1040	9
1041	10
1042	14
1043	4
1044	8
1045	5
1046	14
1047	9
1048	11
1049	17
1050	6
1051	10
1052	7
1053	10
1054	12
1055	10
17439	1
1056	8
1057	5
1058	15
1059	9
1060	11
1061	5
1062	8
1063	5
1064	8
1065	9
1066	9
1067	10
1068	5
1069	9
1070	11
1071	10
1072	8
1073	8
1074	8
1075	10
1076	5
1077	6
1078	9
1079	6
1080	12
1081	5
1082	4
1083	9
1084	9
1085	9
1086	14
1087	6
17472	1
1088	17
1089	8
1090	5
1091	8
1092	6
1093	9
1094	8
1095	6
1096	5
1097	10
1098	7
1099	6
1100	9
1101	8
1102	7
1103	9
1104	10
1105	10
1106	6
1107	7
1108	9
1109	15
1110	13
1111	12
1112	13
1113	10
1114	12
1115	9
1116	10
1117	8
1118	10
1119	7
1120	5
1121	9
1122	5
1123	9
1124	6
17508	1
1125	11
1126	10
1127	6
1128	7
1129	5
1130	13
1131	4
1132	4
1133	5
1134	11
1135	1
1136	13
1137	11
1138	11
1139	10
1140	10
17524	1
1141	11
1142	12
1143	11
1144	10
1145	8
1146	8
1147	9
1148	12
1149	10
1150	10
17534	1
1151	4
17535	1
1152	7
1153	7
1154	8
1155	3
1156	7
1157	4
1158	8
1159	10
1160	8
1161	12
1162	7
1163	11
1164	7
1165	8
1166	13
17550	1
1167	7
17551	1
1168	12
1169	8
1170	11
1171	9
1172	7
1173	13
1174	6
1175	7
1176	13
1177	9
1178	12
1179	5
1180	6
1181	5
1182	8
1183	5
1184	11
1185	15
1186	8
1187	5
1188	8
1189	11
1190	9
1191	11
1192	13
1193	7
1194	12
1195	9
1196	9
1197	11
1198	11
1199	7
1200	7
1201	16
1202	9
1203	13
1204	8
1205	6
1206	10
1207	13
1208	7
1209	6
1210	7
1211	10
1212	8
17596	1
1213	9
1214	4
1215	6
1216	8
1217	12
1218	9
1219	14
1220	8
1221	5
1222	7
1223	8
1224	3
1225	6
1226	8
1227	7
1228	10
1229	7
1230	11
1231	6
1232	7
1233	10
1234	10
1235	8
1236	13
17620	1
1237	13
1238	5
1239	4
1240	7
1241	10
1242	12
1243	7
1244	2
1245	5
1246	6
1247	12
1248	8
1249	10
1250	5
1251	9
1252	6
1253	7
1254	8
1255	11
1256	5
1257	12
1258	3
1259	7
1260	4
1261	12
1262	7
1263	7
1264	11
1265	12
1266	6
1267	5
1268	7
1269	9
1270	6
1271	5
1272	8
1273	9
1274	6
1275	5
1276	7
1277	8
1278	8
1279	13
1280	8
17664	1
1281	6
1282	7
17666	1
1283	6
1284	6
1285	5
1286	8
1287	4
1288	5
1289	8
1290	8
1291	13
1292	14
1293	9
1294	3
17678	1
1295	6
1296	10
1297	5
1298	9
1299	7
1300	5
1301	9
1302	13
1303	8
17688	1
1304	11
1305	10
1306	8
1307	12
1308	8
1309	17
1310	11
1311	6
1312	12
1313	11
1314	7
1315	8
1316	7
1317	9
1318	10
1319	4
1320	4
1321	12
1322	8
1323	6
1324	2
1325	9
1326	9
1327	12
1328	13
1329	9
1330	10
1331	12
1332	7
1333	9
1334	10
1335	6
1336	4
1337	4
1338	9
1339	11
1340	7
1341	15
1342	8
1343	5
1344	7
1345	8
1346	6
1347	9
1348	8
1349	8
1350	6
1351	5
1352	10
1353	14
1354	9
1355	7
1356	11
1357	7
1358	9
1359	6
1360	7
1361	6
1362	13
1363	16
1364	8
1365	7
1366	5
1367	7
1368	8
1369	10
1370	9
1371	13
17755	1
1372	6
1373	11
1374	9
1375	11
1376	13
1377	9
1378	13
17762	1
1379	8
1380	5
1381	11
1382	10
1383	9
1384	5
1385	6
1386	11
1387	9
1388	7
1389	6
1390	8
1391	5
1392	6
1393	5
1394	8
17778	1
1395	4
1396	9
1397	2
1398	6
1399	8
1400	10
1401	6
1402	9
1403	10
1404	9
1405	5
1406	8
1407	9
1408	12
1409	7
1410	9
1411	11
1412	5
1413	8
1414	7
1415	8
1416	6
1417	6
1418	8
1419	7
1420	10
1421	8
1422	7
1423	3
1424	5
1425	12
1426	12
1427	8
1428	12
1429	6
1430	10
17814	1
1431	8
1432	5
1433	8
1434	7
1435	3
1436	7
1437	5
1438	13
1439	7
1440	7
1441	12
1442	7
1443	6
1444	10
17828	1
1445	7
1446	6
1447	5
1448	9
1449	7
1450	8
1451	6
1452	10
1453	4
1454	3
1455	5
1456	7
1457	9
1458	9
1459	7
1460	5
1461	5
1462	4
1463	7
1464	10
1465	10
1466	7
1467	10
1468	11
1469	10
1470	11
1471	6
1472	8
1473	9
1474	6
1475	8
1476	7
1477	11
1478	5
1479	7
1480	10
1481	8
1482	6
1483	11
1484	4
1485	4
1486	7
1487	7
1488	8
1489	10
1490	7
1491	8
1492	7
1493	5
1494	4
1495	12
1496	9
1497	13
1498	5
1499	8
1500	4
1501	8
1502	7
1503	5
1504	13
1505	7
1506	8
17891	1
1507	8
1508	11
1509	7
1510	8
1511	5
1512	8
1513	8
1514	7
1515	5
17900	1
1516	2
1517	10
1518	4
1519	11
1520	7
1521	7
1522	11
1523	7
1524	8
1525	10
1526	7
1527	10
1528	7
1529	13
1530	8
1531	5
1532	8
1533	11
1534	3
17918	1
1535	9
1536	7
1537	9
1538	9
1539	6
1540	10
1541	9
1542	10
1543	9
1544	11
1545	5
1546	10
1547	2
1548	13
1549	8
1550	11
1551	11
1552	8
1553	10
1554	9
1555	4
1556	4
1557	10
1558	4
1559	7
1560	8
1561	5
1562	6
1563	8
1564	7
1565	5
1566	6
1567	6
1568	4
1569	8
1570	7
1571	4
1572	5
1573	9
1574	5
17958	1
1575	9
1576	7
1577	4
1578	11
1579	6
1580	3
1581	11
1582	8
1583	8
1584	7
1585	11
1586	3
1587	7
1588	9
1589	4
1590	7
1591	3
1592	10
1593	5
1594	9
1595	6
1596	9
1597	9
1598	6
1599	8
1600	8
1601	7
1602	9
1603	11
1604	10
17988	1
1605	8
1606	3
1607	13
1608	8
1609	6
1610	5
1611	4
1612	9
1613	6
1614	11
1615	7
1616	5
1617	9
1618	2
1619	9
1620	3
1621	12
1622	6
1623	4
1624	8
1625	2
1626	10
1627	3
1628	6
1629	5
1630	6
18014	1
1631	11
1632	5
1633	7
1634	8
1635	4
1636	5
1637	8
1638	9
1639	5
1640	7
1641	9
1642	7
1643	4
1644	9
1645	6
1646	10
1647	8
1648	6
1649	7
1650	11
1651	4
1652	4
1653	8
1654	7
1655	3
1656	9
1657	6
1658	8
1659	11
1660	5
1661	6
18045	1
1662	8
1663	7
1664	6
1665	7
1666	5
1667	12
1668	5
1669	5
1670	5
1671	10
1672	6
1673	7
1674	5
1675	14
1676	7
1677	6
1678	12
1679	9
1680	7
1681	4
1682	6
1683	7
1684	11
1685	11
1686	9
1687	8
1688	9
1689	8
1690	8
1691	5
1692	10
18076	1
1693	8
1694	8
1695	13
1696	11
1697	7
1698	6
1699	6
1700	4
1701	4
1702	5
1703	4
1704	7
1705	5
1706	13
18091	1
1707	12
1708	4
1709	6
1710	7
1711	6
1712	6
1713	4
1714	7
1715	9
1716	7
1717	6
1718	6
1719	7
1720	6
18104	1
18105	1
1721	9
1722	6
1723	5
1724	10
1725	10
1726	11
1727	1
1728	7
1729	9
1730	8
1731	4
1732	8
1733	7
1734	7
1735	6
1736	6
1737	7
1738	3
1739	4
1740	10
1741	2
1742	5
1743	9
1744	10
1745	10
1746	7
1747	5
1748	7
1749	5
1750	4
1751	5
1752	4
1753	5
1754	7
1755	4
1756	8
1757	10
1758	5
1759	4
1760	9
1761	9
1762	4
1763	6
1764	10
1765	6
1766	7
1767	6
1768	7
1769	8
1770	10
1771	6
1772	3
1773	6
1774	8
1775	9
1776	4
18160	1
1777	3
1778	11
1779	6
1780	7
1781	5
1782	6
1783	11
1784	5
1785	7
1786	8
1787	6
1788	4
1789	10
1790	5
1791	9
1792	9
1793	6
1794	6
1795	6
1796	9
1797	7
1798	7
1799	8
1800	6
1801	8
1802	4
1803	1
1804	6
18188	1
1805	5
1806	10
1807	10
1808	2
1809	8
1810	3
1811	3
1812	2
1813	9
1814	4
1815	6
1816	7
1817	3
1818	5
18202	1
1819	9
1820	6
1821	8
1822	6
1823	8
1824	3
1825	6
1826	11
1827	4
1828	12
1829	4
1830	4
1831	7
1832	7
1833	3
1834	8
1835	6
1836	7
1837	4
1838	6
1839	5
1840	7
1841	3
1842	8
1843	9
1844	6
1845	7
1846	5
1847	6
1848	8
1849	8
1850	11
1851	6
1852	6
1853	5
1854	9
1855	7
1856	7
1857	4
1858	7
1859	7
1860	8
1861	10
1862	5
1863	6
1864	7
1865	4
1866	5
1867	3
1868	5
1869	4
1870	5
1871	2
1872	2
1873	8
1874	7
1875	8
1876	7
1877	7
1878	6
1879	1
1880	6
18264	1
1881	7
1882	8
1883	8
1884	5
1885	10
1886	6
1887	4
1888	7
1889	12
1890	9
1891	4
1892	3
1893	7
1894	8
1895	9
1896	6
1897	3
1898	3
1899	8
1900	5
1901	8
1902	5
1903	7
1904	7
1905	5
1906	5
1907	2
1908	6
1909	3
1910	8
1911	6
1912	4
1913	8
18297	1
1914	6
1915	8
1916	9
1917	5
1918	8
1919	8
1920	5
1921	2
1922	10
1923	4
1924	2
1925	8
1926	2
1927	5
1928	6
1929	7
1930	8
1931	5
1932	5
1934	6
1935	3
1936	4
1937	7
1938	9
1939	9
1940	3
1941	7
1942	9
1943	5
1944	5
1945	6
1946	4
1947	11
1948	9
1949	4
1950	4
1951	3
1952	8
1953	7
1954	7
1955	7
1956	4
1957	5
1958	6
1959	14
18343	1
1960	12
1961	7
1962	4
1963	7
1964	3
1965	3
1966	10
1967	3
1968	5
1969	3
1970	7
1971	2
1972	7
1973	4
1974	5
1975	4
1976	6
1977	7
1978	6
1979	10
1980	6
1981	5
1982	3
1983	3
1984	6
1985	7
1986	6
1987	6
1988	5
1989	7
1990	1
1991	6
1992	15
1993	8
1994	5
1995	4
1996	6
1997	5
1998	6
1999	6
2000	4
2001	3
2002	7
2003	9
2004	6
2005	15
2006	10
2007	5
2008	6
2009	6
2010	6
2011	9
2012	7
2013	12
2014	8
2015	4
2016	4
2017	13
2018	5
2019	9
2020	3
2021	6
2022	9
2023	7
2024	8
2025	7
2026	6
2027	11
2028	4
2029	7
2030	4
2031	2
2032	5
2033	6
2034	7
2035	1
2036	4
2037	4
2038	7
2039	9
2040	5
2041	4
2042	8
2043	4
2044	1
2045	6
2046	8
2047	3
2048	3
2049	3
2050	7
2051	7
2052	5
2053	6
2054	8
2055	7
2056	7
2057	13
2058	7
2059	8
2060	5
2061	9
2062	8
2063	5
2064	6
2065	6
2066	6
2067	6
2068	1
2069	7
2070	5
2071	3
2072	6
2073	8
2074	2
2075	6
2076	4
2077	2
2078	2
2079	5
2080	9
2081	8
2082	6
2083	5
2084	5
2085	3
2086	10
2087	4
2088	3
2089	4
2090	8
2091	4
2092	4
2093	9
2094	9
2095	7
2096	4
2097	2
2098	5
2099	5
2100	4
2101	8
2102	2
18486	1
2103	11
2104	5
2105	7
2106	7
2107	5
2109	4
2110	8
2111	5
2112	4
2113	8
2114	10
2115	9
2116	3
2117	3
2118	6
2119	8
2120	7
2121	5
2122	4
2123	3
2124	7
2125	3
2126	8
2127	7
2128	8
2129	11
2130	6
2131	11
2132	5
2133	5
2134	5
2135	8
2136	8
2137	6
2138	7
2139	7
2140	9
2141	7
2142	11
18526	1
2143	8
2144	6
2145	8
2146	9
2147	8
2148	8
2149	6
2150	3
2151	5
2152	6
2153	5
2154	6
2155	7
2156	5
2157	9
2158	6
2159	11
2160	6
2161	6
2162	6
2163	3
2164	4
2165	8
2166	8
2167	2
2168	4
2169	9
2170	2
2171	10
2172	2
2173	8
2174	4
2175	5
2176	6
2177	6
2178	4
2179	4
2180	8
2181	6
2182	1
2183	7
2184	7
2185	5
2186	7
2187	7
18571	1
2188	6
2189	7
2190	5
2191	10
2192	4
2193	9
2194	2
2195	1
2196	4
2197	5
2198	6
2199	4
2200	5
2201	5
2202	5
2203	4
2204	2
2205	4
2206	6
18590	1
2207	4
2208	3
18592	1
2209	8
2210	4
2211	5
2212	4
2213	5
2214	6
2215	5
2216	9
2217	5
2218	1
2219	2
2220	7
2221	4
2222	3
2223	3
2224	7
2225	6
2226	3
2227	3
2228	7
2229	6
2230	5
2231	2
2232	2
2233	6
2234	6
2235	7
2236	5
2237	7
2238	4
2239	7
2240	2
2241	6
2242	1
2243	5
2244	5
2245	8
2246	9
2247	7
2248	5
2249	1
2250	7
2251	3
2252	6
2253	6
2254	5
2255	6
2256	6
2257	4
2258	3
2259	4
2260	3
2261	7
2262	1
2263	3
2264	3
2265	3
2266	6
2267	3
2268	3
2269	7
2270	2
2271	3
2272	5
2273	4
2274	2
2275	4
2276	3
2277	3
2278	3
2279	7
2280	5
2281	6
2282	7
2283	4
2284	4
18668	1
2285	11
2286	3
2287	1
2288	5
2289	4
2290	1
2291	4
2292	8
2293	8
2294	5
2295	3
2296	2
2297	4
2298	5
2299	2
2300	7
2301	6
2302	4
2303	8
2304	2
2305	7
2306	3
2307	5
2308	2
2309	7
2310	10
2311	5
2312	3
2313	2
2314	3
2315	5
18699	1
2316	1
2317	2
2318	4
2319	6
18703	1
2320	5
2321	3
2322	5
18706	1
2323	8
2324	4
2325	3
2326	7
2327	4
2328	1
2329	5
2330	6
2331	6
2332	3
2333	5
2334	6
2335	5
2336	7
2337	3
2338	3
2339	9
2340	7
2341	4
2342	5
2343	2
2344	5
2345	5
2346	4
2347	5
2348	4
2349	2
2350	5
2351	5
2352	4
2353	4
2354	5
2355	5
2356	4
2357	2
2358	4
2359	5
2360	3
2361	5
2362	7
2363	3
2364	7
2365	4
2366	8
2367	7
2368	3
2369	5
2370	3
2371	2
2372	4
2373	6
2374	4
2375	3
2376	7
2377	1
2378	2
2379	7
2380	6
2381	3
2382	5
2383	2
2384	10
2385	2
2386	6
2387	4
2388	6
2389	4
2390	9
2391	5
2392	2
2393	6
2394	6
2395	6
2396	1
2397	6
2398	7
18782	2
2399	3
2400	2
2401	5
2402	3
2403	3
2404	5
2405	4
2406	3
2407	4
2408	4
18792	1
2409	7
2410	1
2411	4
2412	5
2413	3
2414	6
2415	2
2416	3
2417	2
2418	5
2419	6
2420	6
2421	7
2422	5
2423	5
2424	3
2425	4
2426	6
2427	3
2428	2
2429	8
2430	4
2431	5
2432	4
2433	2
2434	4
2435	2
2436	8
2437	6
2438	3
2439	4
2440	2
2441	1
2442	6
2443	2
2444	3
2445	6
2446	4
2447	5
2448	7
2449	6
2450	4
2451	9
2452	3
2453	5
2454	2
2455	5
2456	5
2457	5
2458	2
2459	6
2460	6
2461	3
2462	5
2463	4
2464	4
2465	7
2466	5
2467	7
2468	4
2469	8
2470	8
2471	9
2472	4
2473	7
2474	2
2475	5
2476	6
2477	6
2478	5
18862	1
2479	5
2480	3
2481	4
2482	5
2483	7
2485	1
2486	3
2487	5
2488	7
2489	1
2490	3
2491	6
2492	9
2493	4
2494	3
2495	4
2496	3
18880	1
2497	3
2498	4
2499	3
2500	9
2501	7
2503	5
2504	7
2505	4
2506	5
2507	2
2508	4
2509	3
2510	4
2511	6
2512	5
2513	7
2514	2
2515	3
2516	4
2517	5
2518	3
2519	6
2520	2
2521	3
2522	7
2523	6
2524	2
2525	3
2526	3
2527	3
2528	9
2529	5
2530	2
2531	3
2532	8
2533	2
2534	4
2535	5
2536	3
2537	4
2538	9
2539	3
2540	4
2541	5
2542	5
2543	3
18927	1
2544	4
2545	7
2546	4
2547	2
2548	5
2549	2
2550	7
2551	4
2552	6
2553	9
2554	1
2555	2
2556	3
2558	2
2559	4
2560	7
2561	1
2562	5
2563	2
2564	6
2565	4
2566	1
2567	4
2568	3
18953	1
2570	2
2571	3
2572	1
2573	4
2574	4
2575	3
2576	7
2577	4
2578	7
2579	4
2580	1
2581	4
2582	2
2583	2
2584	6
2585	3
2586	6
2587	6
2588	2
2589	7
2590	3
2591	2
18975	1
2592	2
2593	1
2594	4
2595	2
2596	2
2597	2
2598	3
2599	4
2600	4
2601	3
2602	3
2603	3
2604	3
2605	4
2606	4
2607	6
2608	7
18993	1
2609	3
2610	1
2611	5
2612	2
2613	3
2614	5
2615	4
2616	4
2617	5
2618	4
2619	3
2620	3
2621	4
19005	1
2622	2
2623	8
2624	5
2625	4
2626	2
2627	3
2628	4
19013	1
2629	5
2630	5
2631	5
2632	3
2633	3
2634	2
19018	1
2635	5
2636	6
2637	2
2638	1
2639	4
2640	5
2641	3
2642	3
2643	3
2645	4
2647	7
2648	1
2649	4
2650	1
2651	4
2652	3
2653	2
2654	3
2655	2
2656	4
2657	4
2658	6
2659	6
2660	3
2661	3
2662	5
2663	6
2664	5
2665	7
2666	4
2667	3
2668	6
19053	1
2669	2
2670	5
2671	4
19055	1
2672	5
2673	6
2674	5
2675	2
2676	1
2677	2
2678	5
2679	5
2680	5
2681	5
2682	5
2683	2
2684	1
2685	6
2686	4
2687	2
2688	4
2689	1
2690	2
2691	1
2692	4
2693	2
2695	5
2696	4
2697	4
2698	4
2699	5
19084	1
2702	9
2703	1
2704	6
2705	3
2706	8
2707	5
2708	3
2709	6
2710	5
2711	2
2712	5
2713	4
2714	2
2715	3
2716	4
2717	4
2718	2
2719	3
2720	3
2721	2
2722	4
2723	4
2724	2
2725	2
2726	5
19110	1
2727	4
2728	3
2729	5
2731	4
2732	4
2733	1
2734	3
2735	6
2736	1
2737	5
2738	2
2739	1
2740	1
2741	5
2742	4
19127	1
2743	5
2744	2
2745	5
2746	1
2747	3
2748	2
2749	4
2750	5
2751	5
2753	2
2754	4
2755	3
2756	1
2757	2
2758	5
2759	4
19143	1
2760	5
2761	3
2762	5
2763	4
2764	4
2765	2
2766	2
2767	4
2768	3
2769	5
2770	4
2771	3
2772	3
2773	3
2774	5
2776	4
2777	1
2778	6
2779	2
2780	2
2781	4
2782	5
2783	3
2784	5
2786	3
2787	3
2788	1
2789	4
2790	5
2791	5
2792	2
2793	3
2794	3
2795	2
2796	3
2797	6
2798	4
2799	4
2800	3
2801	3
19186	1
2802	1
2803	5
2804	3
2805	5
2806	6
2807	5
2808	2
2809	2
2810	3
19194	1
2811	1
2812	2
2813	7
2814	6
2815	2
2816	3
2817	3
2818	2
2819	6
2820	4
2821	3
2822	3
2823	2
2824	5
2825	4
2826	5
2827	4
2828	1
2829	2
2830	1
2831	3
2832	2
2833	4
2834	6
2835	1
2836	3
2837	3
2838	1
2839	5
2841	3
2842	5
2843	4
2844	3
2845	3
2846	12
2847	5
2848	1
2849	1
2850	1
2851	3
2852	2
2853	4
2854	4
2855	4
2856	3
2857	1
2859	4
2860	4
2861	3
2862	1
2863	2
2864	2
2866	1
2867	2
2868	1
2869	7
2870	4
2871	3
2872	3
2873	3
2874	1
2875	4
2876	4
2877	1
2878	1
2879	5
2880	4
2881	1
2882	6
2883	2
2884	4
2885	2
2886	1
2887	5
2888	7
2889	4
2891	2
2892	2
2893	3
2895	3
2896	4
2897	4
2898	6
2899	4
2900	4
2901	4
2902	4
2903	2
2904	3
2907	2
2908	4
2909	3
2910	4
2911	2
2912	1
2913	4
2914	4
2915	2
2916	2
2917	3
2918	3
2919	2
2920	2
2921	5
2922	1
2923	3
2924	4
2925	4
2926	2
2928	3
2929	4
2930	7
2931	3
2932	1
2933	2
2934	5
2935	3
2936	4
2937	2
2938	1
2939	1
2940	1
2941	4
2942	6
2943	3
2944	4
2945	1
2946	2
2947	3
2948	3
2949	1
2950	3
2951	2
2952	2
2953	4
2954	1
19338	1
2955	2
2956	4
2957	4
2958	5
2959	3
2960	4
2961	2
2962	3
2963	3
2965	6
2966	8
2967	2
2968	5
2969	1
2970	1
2971	3
2972	6
2973	3
2974	4
2975	2
2976	1
2977	5
2978	3
2979	1
2980	8
2981	6
2982	2
2983	3
2984	3
2985	3
2987	2
2988	6
2989	7
2990	3
2991	2
2992	2
2993	5
2994	4
2995	1
2996	3
2997	2
2998	3
2999	3
3000	2
3001	3
3002	1
3003	2
3004	2
3005	2
3006	3
3007	1
3008	3
3009	5
3010	2
3011	1
3012	1
3013	1
3014	2
3015	1
3016	2
3017	6
3018	3
3019	3
3020	2
3021	3
3022	1
3023	3
3024	3
3025	2
3026	2
3027	4
3028	4
3029	2
3030	4
3031	3
3032	5
3033	2
3034	1
3035	3
3036	1
3037	3
3038	2
3039	3
3040	2
3041	1
3043	3
3045	4
3046	6
3047	1
3048	1
3049	4
3050	4
3051	6
3052	4
3053	2
3054	3
3055	2
3056	5
3058	2
3059	2
3060	5
3062	3
3064	4
3065	2
3066	1
3067	2
3068	5
3069	2
3071	1
3073	3
3074	2
3075	2
3076	6
3077	5
3078	3
3079	1
3080	3
3081	2
3083	3
19467	1
3084	2
3085	5
3086	2
3087	2
3088	3
3089	4
3090	2
3091	3
19475	1
3092	2
3093	4
3094	2
19478	1
3095	5
3096	3
3097	2
3098	2
19482	1
3099	5
3100	4
3101	2
3102	2
3103	4
3104	1
3105	3
3106	5
3107	3
3108	4
3109	2
3110	2
3111	3
3112	5
3113	1
3114	3
3115	2
3116	1
3117	2
3119	2
3120	2
3122	1
3123	1
3124	1
3125	2
3126	1
3127	8
3128	2
3129	4
3130	4
19514	1
3131	2
3132	3
3133	3
3134	1
3135	1
3137	1
3138	2
3139	2
3140	1
3141	1
3142	4
3143	5
19527	1
3144	4
3146	2
3148	1
3150	2
3151	2
3152	4
3153	1
3154	4
3155	4
3156	2
3157	1
3159	6
3160	7
3161	2
3162	2
3163	2
3165	1
3166	3
3167	2
3169	4
3170	2
19554	1
3171	3
3172	3
3173	3
3174	2
3175	2
3176	2
3177	1
3178	2
3179	3
3180	3
3181	4
3182	2
3183	1
3184	6
3185	4
3187	6
3188	2
3190	4
3191	6
3192	2
3193	1
3194	4
3195	3
3196	3
3197	5
3198	2
3199	3
3200	2
3201	1
3202	2
3203	3
3204	5
19588	1
3205	1
3207	4
3208	5
3209	1
3210	3
3211	1
3212	1
3213	2
3214	1
3215	1
3216	1
3217	2
3218	1
3219	3
3220	1
3221	4
3222	4
3223	5
3224	2
3225	1
3226	1
3227	3
3228	2
3229	2
3231	4
3233	2
3234	4
3235	3
3236	2
19621	1
3237	1
3238	3
3239	6
3240	3
3242	9
3243	3
3244	1
3245	4
3246	3
3247	1
3249	2
3250	3
3251	1
3252	1
3253	2
3254	2
3255	1
3256	2
3257	2
3258	1
3259	1
3260	1
3261	1
3262	3
3263	1
3265	2
19649	1
3266	1
3268	2
3269	4
3270	6
3271	1
3272	1
3273	5
3274	1
3276	3
3277	2
3278	3
3279	2
3280	4
3281	1
3282	1
3283	1
3284	1
3285	2
3286	3
3287	3
3288	3
3289	3
3290	1
3291	2
3292	2
3293	3
3294	1
3297	1
3298	4
3299	4
3300	2
3301	1
3302	2
3304	3
3306	2
3307	3
3308	4
3309	1
3310	2
3311	1
3312	1
3313	1
3316	1
3317	3
19702	1
3319	3
3320	1
3322	2
3324	4
3325	1
3326	1
3327	1
19711	1
3329	3
3331	5
3332	1
3333	1
3334	2
3335	2
3336	1
3337	1
3338	4
3339	1
3340	1
3341	3
3342	1
3343	1
3345	2
3346	4
3347	1
3348	9
3349	2
3350	2
3351	2
3352	6
3353	2
3354	2
3355	1
3356	3
3357	3
3358	4
3359	2
3360	1
3361	3
3364	3
3365	1
3367	3
3370	1
3371	1
3372	1
3374	3
3375	3
3376	3
3377	2
3378	4
3379	1
3380	1
3381	1
3382	1
3383	2
3384	5
3385	1
3386	2
3387	2
3390	4
3391	2
3392	8
3393	1
3394	1
3395	1
3398	1
3399	2
3400	2
3401	1
3402	2
3403	2
3404	2
3405	2
3406	2
3407	1
3408	4
3410	2
19794	1
3411	6
3413	1
3414	3
3415	3
3416	1
3417	1
3418	3
3420	2
3421	3
3422	1
3423	3
3424	3
3425	2
3426	1
3427	1
3428	1
3429	2
3431	4
3433	3
3434	2
3435	4
3436	1
3437	2
3438	3
3439	1
3440	1
3441	2
3442	1
3446	2
19831	1
3447	1
3449	1
3450	1
3451	1
3453	4
3454	2
3455	1
3456	1
3457	2
3458	2
3459	6
3460	4
3461	2
3463	3
3464	1
3465	2
3466	1
3467	3
3468	3
3469	3
3472	1
3473	3
3474	2
3475	3
3476	2
3477	2
3478	4
3479	2
3481	1
3483	1
3485	2
3487	1
3488	3
3489	2
3491	4
3493	4
3494	4
3495	1
3496	3
3497	1
3498	1
3500	1
3501	1
3502	2
3503	1
3504	3
3506	1
3507	4
3508	2
3509	2
3510	2
3511	1
3512	1
3513	2
3514	2
3515	2
3516	1
3517	5
3518	1
3519	1
3521	6
3522	2
3525	1
3526	2
3527	3
3529	2
3530	4
3531	1
3533	2
3534	1
3537	3
3538	4
3539	3
3540	3
3541	2
3542	2
3543	2
3544	1
3545	4
3546	2
3547	5
3548	1
3549	1
3550	1
3552	4
3553	2
3555	5
3556	3
3557	1
3558	1
3559	2
3560	4
3561	2
3562	3
3563	3
3564	3
3565	3
3567	2
3569	1
3570	1
3571	2
3573	3
3574	2
3575	5
3576	2
3577	1
3578	2
19963	1
3579	1
3580	4
3581	1
3582	2
3583	1
3584	1
3585	2
3588	2
3590	2
3591	3
3592	2
3593	1
3595	2
3596	1
3597	5
3598	2
3599	1
3600	1
3601	1
3602	2
3603	3
3604	2
3605	2
3607	2
19992	1
3609	3
3610	1
3611	3
3612	2
3613	1
3614	2
3615	4
3616	2
3618	1
3619	3
3620	1
3622	1
3624	2
3626	2
3627	3
3628	3
3629	2
3631	5
3632	5
3633	1
3634	1
3635	1
3637	4
3638	3
3640	3
3642	3
20026	1
3643	4
3645	4
3646	2
3647	1
3648	3
3649	1
3650	2
3652	1
3653	3
3654	2
3655	1
3656	4
3657	2
3658	2
3659	1
3660	1
3662	1
3663	2
3664	1
3665	2
3666	3
3667	2
3668	1
3669	2
3670	5
3671	1
3672	2
3673	4
3674	2
3676	1
20060	1
3677	1
3679	1
3680	2
3681	1
3682	3
3684	4
3685	2
3687	4
3690	2
3692	3
3693	1
3694	1
3695	1
3696	1
3698	3
3699	2
3700	1
3701	2
3702	2
3707	3
3710	1
3711	4
3713	4
3714	1
3716	1
3717	1
3718	4
3719	2
3720	2
3721	2
3722	2
3724	1
3725	2
3726	2
3727	1
3728	1
3729	2
3730	4
3731	3
3732	1
3733	4
3734	2
3735	1
3736	1
3739	3
3740	1
3741	1
3742	1
3744	2
3745	4
3746	3
3748	2
3749	2
3750	3
3752	1
3753	1
3754	1
3755	1
3756	2
3757	3
3758	1
3759	3
3765	2
3766	2
3767	1
3768	2
3769	1
3770	5
3771	3
3772	2
3773	2
3774	3
3776	2
3777	1
3778	2
3779	2
3780	2
3781	2
3782	2
3783	1
3784	5
3785	1
3786	2
3787	1
3788	2
3791	1
3792	3
3793	1
3794	2
3795	1
3796	1
3797	1
3798	1
3799	4
3802	1
3803	2
3804	2
3805	5
3806	1
3807	1
3808	1
3809	1
3811	2
20196	1
3813	3
3814	2
3816	3
3818	1
3820	2
3821	1
20206	1
3823	2
3825	3
3826	3
3828	1
3832	1
3833	1
3834	1
3836	1
3838	1
3839	3
3840	1
3841	1
3842	3
3843	1
3844	1
3848	2
3849	1
3850	2
3851	2
3852	2
3854	2
3855	3
3857	2
3860	4
3861	1
3862	1
3864	1
3865	1
3866	1
3867	1
3868	3
3871	4
3872	4
3873	1
3874	2
3875	1
3876	2
3878	2
3879	1
3880	4
20264	1
3882	5
3886	1
3888	3
3889	2
3891	2
3892	1
3893	1
3895	3
3896	2
3897	2
3898	2
3899	2
3900	1
3901	1
3902	1
3903	4
3905	3
3906	1
3907	1
3910	4
3911	1
3912	1
3913	1
3915	3
3916	1
3918	1
3919	1
3920	1
3921	1
3922	3
3923	1
3924	2
3925	2
3926	1
3927	2
3928	4
3929	2
3932	2
3933	1
3934	4
3936	2
3937	1
3938	1
3939	1
3941	2
3943	5
3945	1
3946	1
3948	1
3950	1
3951	3
3955	1
3957	2
3958	1
3962	1
3964	1
3965	1
3966	2
3969	1
3970	1
3971	1
3972	2
3973	3
3974	1
3975	2
3976	5
3977	2
3978	2
3979	1
20364	1
3981	3
3982	1
3983	2
3985	1
3986	2
3987	1
3988	3
3989	1
3990	1
3991	1
3992	3
3993	4
3995	3
3996	2
3998	2
3999	3
4000	3
4002	1
4003	1
4006	1
4007	1
4011	1
4012	1
4013	2
20398	1
4018	1
4019	2
4020	2
4023	1
4024	1
4027	1
4028	1
4030	1
20414	1
4031	1
4032	1
4033	2
4035	1
4036	2
4037	1
4038	1
4039	2
4040	1
4041	1
4042	1
4043	4
4045	1
4047	1
4048	2
4049	3
20433	1
4050	2
4051	2
4052	2
4053	1
4054	1
20440	1
4056	3
4057	2
4058	1
4059	2
4061	3
4063	1
4064	3
4066	1
4068	2
4069	3
4070	1
4071	3
4072	3
4074	2
4076	1
4077	2
4078	1
4080	1
4082	2
4084	1
4085	1
4086	3
4089	1
4090	1
4091	3
4092	2
4093	4
4094	1
4095	1
4097	1
4098	1
4101	3
4103	1
4105	1
4106	3
4107	2
4110	1
4111	1
4112	3
4114	1
4115	1
4116	1
4117	2
4119	1
4120	2
20504	1
4121	1
4122	1
4123	1
4125	1
4126	1
4127	4
4128	1
4133	1
4134	1
4136	2
4138	1
4140	2
4142	1
4143	1
4144	1
4145	1
20530	1
4146	2
4147	2
4148	2
4149	2
4151	1
4152	1
4153	3
4154	2
4155	2
4158	1
4159	2
4161	1
4164	2
4165	2
4166	1
4167	2
4168	1
4170	2
4171	2
4173	1
4174	2
4175	1
4178	3
4180	2
4181	1
4182	2
4183	2
4184	2
4185	1
4186	1
4187	4
4190	1
4191	1
4193	1
4194	2
4195	3
20579	1
4196	3
20580	1
4197	2
4198	1
4203	1
4205	1
4206	3
4207	1
4209	1
4211	2
4212	2
4215	1
4216	1
4217	4
4218	3
4219	1
4221	2
4223	2
4226	5
4227	3
4229	2
4230	1
4232	3
4235	1
4236	1
4237	2
4238	2
4239	3
4240	2
4242	1
4243	1
4244	1
4245	4
4246	2
4247	1
4248	1
4250	1
4251	3
4253	1
4254	1
4256	1
4257	2
4260	1
4262	1
4263	1
4264	1
4266	2
4269	1
4271	1
4273	2
4274	1
4275	1
4276	1
4277	1
4278	2
4279	1
4282	1
4283	2
4284	1
4286	1
4287	1
4288	1
4289	1
4290	2
4291	1
4293	1
4295	1
4296	1
4297	3
4298	1
4299	1
4301	2
4304	1
4305	1
4306	1
4310	1
4311	3
4312	2
4313	2
4315	1
4316	1
4320	1
4321	1
4322	3
4326	1
4327	1
4328	1
4329	2
4330	1
4331	1
4332	1
4333	1
4335	3
4336	2
4339	2
4340	1
4341	1
20729	1
4346	1
4347	1
4348	2
4350	1
4352	1
4353	1
4355	2
4359	1
4360	1
4361	2
4362	1
4363	1
4364	1
4365	1
4366	1
4367	1
4372	1
4374	2
4377	4
4380	1
4381	3
4385	2
4386	2
20770	1
4387	2
4394	4
4395	1
4397	1
4398	2
4399	1
4400	1
4401	1
4402	2
4404	3
4408	1
4409	1
4410	1
4411	1
4412	1
4415	1
4416	3
4418	1
4420	2
4421	1
4424	2
4425	1
4427	2
4429	1
4430	2
4431	2
4434	1
4435	1
4436	1
4437	1
4438	1
4439	2
4440	1
4442	2
4444	1
4445	1
4446	1
4447	1
4448	2
4452	2
4455	2
4456	2
4458	1
4459	1
4460	1
4462	2
4465	3
4467	2
4468	1
4470	2
4471	1
4472	2
4473	2
4474	1
4475	3
4477	2
20863	1
20866	1
4483	2
4487	1
4488	1
4489	1
4492	1
20876	1
4494	1
4496	1
4498	2
4499	4
4500	2
4505	1
4506	1
4507	2
4508	1
4510	1
4511	1
4512	1
4513	1
4516	1
4518	2
4520	2
4521	1
4522	1
4525	2
4529	1
4530	1
4531	1
4533	1
4534	1
4535	1
4537	1
4539	1
4541	2
4543	1
4544	1
4547	2
4549	1
4550	2
4552	2
4554	3
4556	2
4558	2
4560	1
4563	1
4565	2
4566	2
20950	1
4567	1
4568	1
4571	1
4573	3
4574	1
4577	1
4578	1
4579	2
4581	1
4584	1
4585	1
4586	1
4587	2
4588	1
4590	1
4592	1
4593	2
4597	1
4598	1
20982	1
4599	1
4602	2
4604	2
4605	1
4606	2
4607	1
4615	1
4616	1
4618	2
4625	2
4628	1
4630	1
4634	2
4636	2
4639	3
21023	1
4642	1
4644	1
4646	1
4647	1
4648	1
4649	3
4650	2
4651	1
4655	1
4656	2
4658	2
4659	1
4663	1
4664	1
4665	1
4667	1
4670	1
4673	5
4674	1
4675	1
4676	3
4677	1
4679	2
4680	1
4682	2
4684	1
4691	1
4692	2
4693	1
21078	1
4695	1
4696	1
4697	1
4698	3
4699	1
4700	2
4702	2
4703	1
4705	2
4706	2
4707	1
4708	2
4709	2
4710	1
4712	1
4717	1
4718	2
4719	1
4721	1
4722	1
4723	1
4725	2
4726	1
4727	1
4728	1
4729	1
4731	2
4732	1
4733	2
4735	3
4738	1
4739	1
4744	1
4745	2
4746	1
4748	1
4750	1
4751	1
4752	2
4753	1
4754	1
4755	1
4756	1
4758	1
4761	1
4764	2
4765	1
4767	1
4768	3
21152	1
4769	1
4770	1
4771	2
4773	1
4775	1
4776	1
4782	1
4785	2
4786	1
4788	1
4790	1
4791	1
4793	2
4795	1
4796	2
4797	2
4799	1
4800	1
4801	3
4802	1
4805	1
4807	1
4808	2
21193	1
4810	2
4813	1
4814	2
4815	1
21201	1
4821	2
4822	2
4825	1
4830	1
4831	2
4834	1
4838	2
4839	1
4840	2
4843	4
4844	1
4845	1
4847	1
4848	1
4849	2
4850	2
4852	1
4854	1
4855	2
21239	1
4856	2
4858	1
4861	1
4862	1
4864	2
4870	2
4873	1
4874	1
4876	1
4879	1
4884	1
4885	1
4887	1
4888	1
4889	1
4890	1
4894	1
4896	1
4897	2
4899	3
4901	1
4904	1
4905	2
4908	2
4909	1
4910	1
4911	1
4912	1
4916	3
4919	1
4921	1
4922	1
4923	1
4925	1
21309	1
4927	1
21312	1
4929	1
4931	1
4934	2
4935	1
4938	1
4940	1
4944	1
4945	3
4946	1
4947	1
4948	3
4950	1
4953	1
4956	2
21344	1
4964	1
4966	1
4970	1
4971	1
4972	1
4974	1
4975	1
4976	1
4978	1
4981	1
4987	1
4991	2
4992	1
4995	1
5002	1
5004	1
5005	1
5010	2
5011	1
5013	1
5014	1
5015	1
5016	1
5017	1
5019	1
5022	1
5026	1
5028	2
5032	1
5033	1
5038	1
5041	1
5043	1
5047	1
5050	2
5051	2
5055	3
5057	1
5058	1
5059	1
21444	1
5060	1
5061	3
5062	2
5065	1
5066	1
5067	1
21452	1
5069	1
5071	1
5072	1
5075	1
5077	1
5079	1
5084	1
5085	1
5086	1
5088	1
5089	3
5091	1
5092	2
5093	1
5094	1
5095	1
5096	2
5101	2
5102	1
5104	1
5106	2
21492	1
5109	1
5110	3
5113	1
5114	2
5117	1
5119	1
5123	2
5125	1
5126	1
5127	1
21512	2
5128	1
5129	2
5130	1
5131	1
5133	2
5134	1
5136	1
5137	1
5143	1
5146	1
5152	1
5154	1
5156	1
5157	1
5162	1
5163	1
5164	1
5167	1
5170	1
5173	1
5174	1
5184	1
5188	1
5190	1
5194	1
5195	3
5198	1
5203	1
5204	1
5207	1
5209	1
5214	2
5216	3
5217	2
5218	1
5219	2
5220	2
5221	1
5223	1
5225	1
5227	1
5229	2
5232	1
5233	1
5234	1
5237	1
5243	2
5244	1
5246	1
5247	1
5248	1
5249	1
5250	1
5251	1
5252	2
5254	1
5255	2
5256	1
5257	1
5259	1
5262	1
5263	1
5265	1
5266	1
5270	1
5273	2
5274	1
21658	1
5275	2
5276	1
5279	1
5280	2
5283	2
5284	1
5285	1
5288	1
5291	3
5292	1
5294	2
5296	1
5302	1
5304	1
5306	1
5310	1
5311	1
5312	1
5313	1
21697	1
5314	1
5315	2
5319	1
5321	1
5325	1
21711	1
5327	1
5328	1
5330	1
5332	2
5333	1
5338	1
5342	2
5343	1
5345	1
5346	2
5349	1
5350	1
5351	1
5357	2
5358	2
5362	2
5366	1
5367	1
5369	1
5371	1
5373	2
5377	2
5382	1
5386	2
5387	3
5390	2
5391	1
5393	1
21778	1
21779	1
5395	1
5396	1
5397	1
5401	1
5402	1
5409	1
5415	1
5417	1
5418	1
5422	1
5423	1
5425	2
5427	1
5428	1
5429	1
5436	1
5438	2
5442	1
5443	1
5444	1
5449	1
5450	2
5456	1
5459	1
5463	1
5468	1
5469	1
5472	2
5473	1
5481	1
5485	1
5488	1
5494	1
21879	1
5495	1
21882	1
5498	1
5499	3
5500	1
5505	1
5506	1
21890	1
5510	1
5511	1
5516	1
5520	2
5527	2
5532	2
5536	1
5541	1
5546	2
5547	2
5550	1
5551	1
5555	1
5558	1
5559	3
5564	1
5565	3
5573	1
5576	1
5577	1
5578	1
5580	3
5581	1
5582	1
5583	1
5592	2
5594	1
5596	1
5598	1
5601	1
5602	1
5603	1
5604	1
5607	1
5608	1
5610	1
5611	1
5616	1
5618	2
5620	1
5621	1
5623	1
5625	2
5627	1
5630	1
5631	1
5632	1
5633	1
5641	1
5642	2
5644	1
5646	1
5648	2
5649	1
5655	1
5666	1
5669	1
5670	1
5672	1
5673	2
5674	1
5675	1
5678	1
5679	1
5681	1
5682	1
5684	1
5691	1
5692	1
5693	1
5697	1
5701	1
5702	1
5703	1
5704	1
5706	2
5708	2
5709	2
5710	1
5713	1
5714	1
5717	1
5719	1
5721	2
5725	2
5727	1
5730	1
5732	2
5736	1
5737	1
5740	1
5745	2
5747	1
5748	1
5749	1
5753	1
5756	2
5758	1
5762	2
5767	1
5768	1
5769	1
5770	1
5771	1
5773	1
5777	1
5780	2
5782	2
5783	1
5786	1
5788	1
5795	1
5796	1
5797	1
5798	1
5799	1
5802	1
5804	1
5805	1
5806	2
5807	1
5808	1
5810	1
5819	1
5820	1
5827	1
5830	1
5831	1
5832	1
5833	1
5834	1
5838	1
5839	2
5841	1
5847	1
5849	1
5855	1
5857	1
5858	1
5860	2
5864	2
5870	1
5873	1
5878	1
5881	1
5886	1
5890	1
5891	3
5892	1
5896	1
5897	2
5898	1
5899	1
5906	1
22299	1
5916	1
5918	1
5920	2
5922	3
5923	1
5924	1
5932	1
5933	2
22323	1
5943	1
5944	1
5945	1
5947	1
5949	1
5952	1
5954	1
5955	2
5964	1
5972	1
5974	1
5976	1
5981	1
5982	1
22369	1
5987	1
5992	1
5996	1
5997	1
5998	2
6000	1
6003	1
6004	1
6005	1
6006	1
6008	1
6010	1
6011	1
6022	1
6024	1
6028	1
6032	1
6035	2
6037	1
6038	1
6047	1
6048	3
6055	1
6058	1
6066	1
6069	1
6070	1
6071	1
6072	1
22459	1
6076	1
6079	1
6082	1
6087	1
6088	1
6094	1
6095	1
6096	1
6099	1
6103	1
6104	1
6106	1
6108	1
6111	1
6113	1
6115	1
6120	1
6128	1
6130	1
6137	1
6138	1
6140	1
6141	1
6142	1
6144	1
6145	1
6147	1
6151	1
6153	1
22542	1
6159	1
6162	1
6163	1
6165	1
6168	1
6175	3
6179	1
22567	1
6194	2
6197	1
6199	1
6200	1
6206	1
6208	1
6209	1
6211	2
6216	1
6219	4
6222	1
6228	1
6234	1
6236	1
6237	1
6244	2
6245	1
6250	1
22635	1
22639	1
6257	1
6260	2
6261	1
6264	1
6268	1
6271	1
6272	1
6274	2
6275	1
6276	1
6278	1
6281	2
6283	1
6284	1
6285	1
6286	1
6287	3
6288	1
6293	1
6301	1
6310	1
6315	1
6319	2
6323	1
6324	2
22720	1
6340	1
6344	1
6345	2
6350	1
6351	1
6352	2
6354	1
6356	2
6357	1
22743	1
6360	1
6362	1
6365	1
6367	1
6369	1
6372	2
6373	1
6381	1
6387	1
22773	1
6393	1
6397	1
6407	1
6408	1
6410	1
6411	1
6414	2
6419	1
6421	1
6422	1
6425	2
6426	1
6429	1
6431	1
6437	2
6439	2
6441	1
22831	1
6458	1
6469	1
6470	1
6473	4
6480	1
6483	1
6484	1
6487	1
6488	1
6495	3
6501	1
6503	2
6504	1
6507	1
6508	1
6509	1
6510	1
6511	1
6515	1
6518	1
6520	1
6521	1
6523	1
6524	1
6526	1
6528	1
6529	1
6533	1
6534	1
6536	1
6540	1
6543	1
6544	1
6545	2
22931	1
6548	2
6551	2
6554	1
6555	1
6557	1
6558	1
6559	1
6562	1
6563	1
6569	1
6570	1
6575	1
6577	1
6581	1
6582	1
6586	1
6588	1
6589	1
6592	1
6594	1
6596	1
6598	1
6603	2
6604	1
6606	1
6607	1
6608	2
6609	1
6610	4
6615	1
6618	3
6625	1
6629	1
6643	2
6645	2
6646	1
6650	1
6652	1
6657	1
6658	1
6659	1
6661	1
6662	1
6666	2
6668	1
6670	2
6671	3
6674	1
6678	1
6680	2
6686	4
6695	2
6697	1
6698	1
6700	1
6701	1
6707	1
6710	1
6711	1
6713	2
23097	1
6720	1
6725	2
6726	1
6727	2
6728	1
6732	1
6735	1
6737	1
6741	1
6745	1
6746	1
6748	1
6750	2
23139	1
6755	2
6756	1
6759	1
6760	1
6761	1
6762	1
6765	2
6769	1
6778	2
23164	1
6786	2
6789	1
6790	1
6791	1
23179	1
6800	1
6801	1
6802	1
6804	1
6811	3
6812	1
6817	1
6818	1
6822	1
6825	1
6830	1
6832	1
6835	1
6838	2
6857	1
6859	1
6860	1
6867	1
6870	3
6872	1
6878	1
6883	2
6893	1
23279	1
6895	1
6900	1
6901	2
6902	2
6904	1
6906	1
6908	2
6917	1
6919	1
6925	1
6928	3
6929	1
6933	1
6934	1
6936	1
6937	1
6940	1
6945	1
6946	1
6948	1
6953	1
6954	1
6955	1
6960	1
6962	1
6964	1
6972	1
6974	1
6975	1
6978	1
6980	2
6981	1
6984	1
6985	1
6986	1
6989	1
6990	1
6991	1
23380	1
7000	1
7002	1
7004	1
7006	1
7008	1
7009	1
7012	1
7013	1
7020	1
7021	1
7027	1
7028	1
7031	2
7038	1
7040	1
7047	2
7051	1
7058	1
7060	1
7069	1
7078	1
7082	1
23467	1
7084	1
7087	1
7088	2
7101	1
7102	1
7104	1
7107	1
23494	1
7113	1
7117	1
7126	1
7130	1
7131	2
7132	1
23517	1
7139	1
7152	1
7153	1
7154	1
7156	1
7159	1
7161	1
7164	1
7165	1
7166	1
7170	1
7173	1
7178	1
7179	1
7180	2
7184	1
7187	1
7189	1
7191	1
7196	1
7198	1
7207	1
7210	2
7211	2
7216	1
7221	1
7223	1
7226	1
7229	2
7231	1
7236	1
7246	1
7250	1
7255	3
7256	1
7258	1
7259	1
7268	1
7276	1
7295	1
7297	1
7303	1
7304	2
7314	1
7317	2
7320	1
7325	2
7326	1
7329	1
7331	2
7335	1
7336	1
23721	1
7341	1
7343	1
7351	2
7353	1
7357	1
7359	1
7366	1
7370	1
7372	1
7377	1
7379	1
7383	1
7393	1
7400	2
7402	1
23787	1
7411	1
7412	1
7414	1
7419	1
7421	1
7422	1
7424	1
7425	1
7433	1
7437	1
7438	1
7440	2
7442	1
7445	1
7448	1
23833	1
7450	2
7454	2
7457	1
7458	1
7461	2
7462	1
7470	1
7471	1
7472	1
7475	1
7477	1
7479	1
7480	2
7482	2
7484	1
7490	2
7492	1
7493	1
7496	1
7507	1
7508	1
7509	1
7510	1
7512	1
7525	1
7526	2
7527	1
7534	1
7538	1
7540	1
7544	1
7545	2
7549	2
7552	1
7555	1
7556	1
7557	1
7559	1
7561	1
7563	2
7564	1
7569	1
7570	1
7571	1
7573	1
7580	1
7581	2
7582	1
7586	1
7590	2
7592	1
7596	1
7597	2
7604	1
7605	2
7609	1
7610	2
7615	1
7616	2
7619	1
7621	1
7625	1
7628	1
7630	1
7636	1
7641	1
7643	1
7644	1
7646	1
7648	1
7655	1
7656	1
7659	1
7660	1
7662	1
7665	2
7666	1
7667	1
7668	1
7669	1
7673	1
7678	1
7679	1
7680	1
7684	1
7686	1
7687	3
7693	1
7694	1
7696	1
7698	1
7699	1
7701	1
7708	1
7709	1
7711	1
7716	1
7720	2
7721	1
7729	1
7731	2
7739	1
7742	1
7746	1
7750	1
7751	1
7754	1
7774	1
7775	1
7785	1
7786	2
7788	1
7789	1
7790	1
7794	1
7797	1
7798	1
7802	2
7803	1
7807	1
7809	1
7811	1
7814	1
7816	1
7819	1
7820	1
7822	1
7823	1
7825	1
7834	1
7846	1
7850	1
7852	1
7854	2
7855	1
24241	1
7858	1
7863	1
7864	1
7865	1
7867	1
7869	1
24253	1
7870	1
7874	1
7875	1
7877	1
7879	1
7884	1
7893	1
7906	1
7909	1
7912	1
7913	1
7931	1
7941	1
7947	1
7949	1
7952	1
7953	2
7957	2
7962	2
7963	1
7971	1
7974	1
7982	1
7983	1
7985	1
7986	1
7987	1
7990	1
7991	1
7997	1
8000	1
8006	1
8012	1
8016	1
8018	1
8023	1
8025	1
8030	1
8035	1
8037	1
8038	1
8041	1
8045	1
8046	1
8048	1
8054	2
8057	2
8062	1
8069	1
8072	2
8073	1
8077	1
8078	1
8079	1
8086	1
8087	1
8092	1
8093	1
8094	1
24487	1
8104	1
8108	1
8112	1
8118	1
8122	1
8126	1
8133	1
8136	1
8140	1
8141	1
8158	1
8162	2
8163	1
8167	1
8169	1
8170	1
8186	1
8190	1
8199	1
8204	1
24589	1
8208	1
8209	2
8216	1
8218	1
8219	1
8221	2
8224	1
8226	1
8237	1
8239	1
8244	1
8255	1
8263	1
8264	1
8267	1
8268	1
8272	1
8276	1
8280	1
8286	1
8301	1
8302	1
8307	1
8321	1
8322	1
8329	1
8334	1
8335	1
8338	2
8345	1
8347	1
8363	1
8364	1
8365	1
8366	1
8367	1
8368	1
8373	1
8377	2
8381	1
8384	1
8390	1
8394	1
8403	1
8404	1
8405	1
8408	1
8413	1
8432	1
8435	1
8439	1
8440	1
8441	1
8445	1
8446	1
8447	1
8448	1
8450	1
8454	2
8456	1
8460	1
8463	1
8464	2
8473	1
8474	1
8475	1
8478	1
8482	1
8484	1
8492	1
8493	1
8494	1
8501	1
8504	1
8507	1
8512	1
8519	1
8520	1
8521	1
8525	1
8526	1
8536	1
8538	1
8543	1
8548	2
8551	1
8553	2
8555	1
8558	1
8560	1
8570	1
8586	2
8588	1
24975	1
8593	1
8595	1
24982	1
8599	3
8602	1
8606	1
8609	1
8611	1
8613	1
8614	1
8619	1
8621	2
8624	1
8625	1
8626	1
8628	1
8635	1
8640	1
8641	2
8655	1
8659	1
8668	2
8670	1
8672	1
8673	1
8674	2
8682	1
8684	1
8693	2
8695	1
8702	1
8703	1
8705	1
8707	2
8712	1
8715	1
8721	1
8729	1
8730	1
8731	1
8736	1
8748	1
8749	1
8751	1
8752	1
8757	1
8765	1
8771	2
8776	1
8777	1
8780	1
8781	1
8782	1
8788	1
8789	1
8791	2
8798	1
8807	1
8811	1
8812	1
8817	1
8818	1
8825	1
8826	1
8832	1
8833	2
8836	1
8837	1
8838	1
8840	1
8841	1
8845	1
8846	1
8849	1
8854	2
8856	1
8862	1
8870	1
8873	1
8875	1
8884	1
8886	1
8889	1
8895	1
8906	1
8909	1
8915	1
8918	2
8923	1
8928	1
8939	1
8940	1
8942	1
8943	1
8947	1
8948	1
8956	2
8965	1
8972	1
8974	1
8978	1
8986	1
8990	1
8994	1
9000	2
9005	1
9010	1
9011	2
9012	1
9016	1
9029	2
9030	1
9033	1
9036	1
9038	1
9040	2
9043	1
9045	1
9046	1
9048	1
9050	1
9051	1
9056	1
9068	1
9071	2
9075	1
9077	1
9081	1
9087	2
9091	1
9093	2
9096	1
9097	2
9101	1
9105	1
9108	1
9109	1
9112	1
9126	1
9130	2
9136	1
9137	1
9139	1
9141	1
9143	1
9146	1
9149	1
9152	1
9153	1
9154	1
9165	1
9169	1
9178	1
9179	2
9191	1
9193	1
9194	1
9196	1
9198	1
9207	2
9214	1
9223	1
9226	1
9227	2
9229	2
9233	1
9234	1
9236	1
9242	1
9243	1
9246	1
9254	1
9256	1
9262	2
9274	1
9278	1
9279	1
9282	1
9288	1
9300	2
9301	1
9302	1
9305	1
9307	1
9322	1
9323	1
9332	1
25717	1
9337	1
9338	1
9340	1
9342	1
9351	1
9358	1
9363	1
9365	1
9367	1
9370	1
9383	1
9385	1
9391	1
9394	1
9396	1
9404	1
9405	1
9412	2
9416	1
9419	1
9422	1
9450	1
9451	1
9454	1
9455	1
9458	2
9468	1
9470	1
9472	1
9475	1
9486	1
9489	2
9494	1
9499	1
9504	1
9513	1
9521	1
9524	1
9525	1
9526	1
9530	1
9534	1
9536	1
9548	1
9553	1
9554	1
9556	1
9560	2
9566	1
9569	1
9570	1
9581	2
9586	2
9587	1
9588	1
9589	1
9595	1
9606	1
9610	1
9613	1
9617	1
9618	1
9627	1
9635	1
9637	1
9639	1
9643	1
9644	1
9647	1
9654	1
9656	2
9663	1
9666	1
9667	1
9671	1
9672	1
9680	1
9682	1
9694	1
9698	1
9700	1
9702	1
9703	2
9706	1
9707	1
9709	1
9710	1
9713	1
9716	1
9718	1
9719	1
9721	1
9725	1
9726	1
9734	1
9741	1
9742	1
9744	1
9747	1
9748	1
9753	1
9762	1
9770	2
9771	1
9776	1
9777	1
9787	1
9790	2
9798	2
9802	1
9804	1
9811	1
9823	2
9835	1
9836	1
9839	1
9840	1
9842	1
9850	1
9853	1
9857	1
9859	1
9863	2
9867	3
9869	1
9874	1
9881	1
9885	1
9886	1
9890	1
9896	1
9902	1
9906	1
9914	1
9915	1
9920	1
9923	2
9925	1
9929	1
9933	1
9937	1
9941	1
9943	1
9955	1
9958	1
9971	1
9972	1
9978	1
9989	1
9995	1
10011	1
10021	1
10023	1
10024	1
10025	1
10033	1
10035	1
10036	1
10043	1
10045	1
10052	1
10053	1
10065	1
10072	1
10080	1
10085	1
10092	1
10098	1
10128	1
10133	1
10136	1
10140	1
10143	1
10150	1
10187	1
10199	1
10203	2
10207	1
10211	1
10214	1
10221	1
10231	1
10237	1
10238	1
10243	1
10246	2
10252	2
10254	1
10257	2
10258	1
10267	1
10268	1
10276	2
10280	1
10283	1
10292	2
10294	1
10299	1
10300	1
10301	1
10303	1
10307	1
10310	1
10314	1
10316	3
10319	1
10321	1
10329	1
10333	1
10335	1
10339	1
10340	1
10344	1
10345	1
10346	1
10348	1
10349	1
10352	1
10368	1
10369	1
10375	1
10377	1
10390	1
10392	1
10404	1
10405	1
10422	1
10424	1
10425	1
10429	3
10433	1
10445	1
10452	2
10459	1
10463	1
10468	1
10486	1
10488	1
10499	1
10500	1
10503	1
10514	1
10518	1
10522	1
10525	1
10529	1
10533	1
10534	1
10548	1
10560	1
10561	1
10564	1
10566	1
10571	1
10577	2
10578	1
10593	1
10604	1
10607	1
10608	1
10612	2
10619	1
10623	1
10631	1
10638	1
10641	1
10651	1
10656	1
10660	1
10662	3
10663	1
10675	1
10683	1
10702	2
10703	1
10719	2
10720	1
10726	1
10729	2
10731	1
10734	1
10735	1
10739	1
10743	1
10752	1
10755	1
10757	1
10763	1
10764	1
10765	1
10778	1
10785	1
10786	2
10788	1
10792	1
10798	1
10813	1
10815	2
10818	1
10819	1
10822	1
10825	1
10827	1
10828	1
10829	1
10836	2
10839	2
10854	1
10864	1
10886	2
10888	1
10891	1
10897	1
10898	2
10899	1
10901	1
10903	1
10905	1
10909	2
10915	1
10919	1
10925	1
10926	1
10928	1
10946	1
10949	1
10958	1
10964	1
10970	1
10995	1
10996	1
10999	2
11000	1
11002	1
11004	1
11026	1
11028	1
11036	2
11038	1
11039	1
11042	1
11058	1
11059	1
11061	1
11064	1
11066	1
11069	1
11073	1
11076	1
11080	1
11081	1
11082	1
11091	1
11093	1
11104	1
11109	1
11115	1
11118	1
11126	1
11127	1
11137	1
11138	1
11139	1
11144	1
11147	1
11164	1
11165	1
11167	2
11169	1
11171	1
11180	1
11187	2
11188	1
11192	2
11194	1
11197	1
11205	1
11218	2
11219	1
11225	2
11226	1
11231	1
11233	1
11235	1
11238	1
11241	1
11243	1
11248	1
11252	1
11256	1
11268	1
11280	1
11308	1
11309	1
11319	3
11321	1
11339	1
11350	1
11353	1
11360	2
11370	1
11382	1
11385	1
11399	1
11400	1
11405	1
11408	1
11410	1
11411	1
11421	2
11425	2
11431	1
11435	1
11436	1
11439	1
11445	1
11449	1
11455	1
11459	1
11476	1
11478	1
11479	1
11487	1
11490	1
11494	1
11503	1
11507	1
11512	1
11519	1
11522	1
11534	1
11552	1
11555	1
11558	1
11562	1
11582	2
11594	1
11600	1
11602	1
11613	1
11622	1
11624	1
11627	1
11628	1
11630	1
11631	1
11640	1
11641	1
11642	1
11644	2
11651	1
11660	2
11671	1
11673	1
11680	1
11683	1
11691	1
11701	1
11704	1
11706	1
11708	1
11714	1
11715	1
11721	1
11724	1
11737	1
11745	1
11749	1
11758	1
11759	1
11765	1
11774	1
11776	1
11778	1
11806	1
11819	1
11832	1
11834	1
11836	1
11844	1
11846	1
11875	1
11881	2
11885	1
11891	1
11899	1
11905	1
11910	1
11913	1
11926	1
11933	1
11938	1
11939	1
11948	1
11950	1
11952	1
11955	1
11956	1
11960	1
11961	1
11962	1
11972	1
11975	1
11977	1
11984	1
12014	1
12016	1
12020	1
12022	1
12025	1
12029	1
12031	1
12045	1
12050	1
12052	1
12065	1
12068	1
12074	1
12078	1
12079	1
12081	1
12089	1
12093	1
12094	1
12097	1
12104	1
12112	1
12125	1
12128	1
12133	1
12140	1
12158	1
12163	1
12168	1
12183	1
12186	1
12190	1
12208	1
12210	1
12212	1
12220	1
12224	1
12228	1
12229	1
12237	1
12240	1
12247	1
12249	1
12252	1
12265	1
12272	1
12274	1
12276	1
12282	1
12285	2
12288	1
12297	1
12300	1
12302	1
12308	1
12312	1
12313	1
12323	1
12326	1
12334	1
12339	2
12346	1
12358	1
12375	1
12378	1
12391	1
12396	1
12408	1
12417	1
12423	3
12433	1
12434	1
12438	1
12446	1
12449	1
12456	1
12459	1
12463	1
12478	1
12487	1
12491	1
12502	1
12511	1
12514	1
12530	1
12531	1
12554	1
12567	1
12572	1
12583	1
12587	1
12599	1
12612	1
12613	1
12625	1
12634	1
12652	1
12653	1
12655	1
12660	1
12662	1
12670	1
12677	1
12678	1
12688	1
12689	2
12691	1
12694	1
12707	1
12713	1
12718	1
12725	1
12728	1
12734	1
12740	1
12753	1
12763	1
12812	1
12825	2
12830	1
12836	1
12837	1
12842	1
12843	1
12846	1
12854	1
12863	1
12865	1
12868	1
12870	1
12871	1
12872	1
12877	1
12891	1
12897	1
12900	1
12922	1
12926	1
12931	1
12941	2
12944	1
12953	1
12954	1
12961	1
12969	1
12972	1
12977	1
12979	1
12986	1
13002	1
13007	1
13015	1
13030	1
13047	1
13052	1
13069	1
13070	1
13074	1
13077	1
13080	1
13099	1
13128	1
13142	1
13145	1
13147	1
13166	1
13170	1
13172	1
13175	1
13187	1
13189	1
13201	1
13221	1
13246	1
13248	1
13255	1
13270	2
13271	1
13275	1
13278	1
13293	1
13311	1
13314	1
13318	1
13331	1
13332	1
13341	1
13344	1
13358	1
13359	2
13367	2
13370	1
13396	1
13399	1
13411	1
13424	1
13429	1
13431	1
13432	1
13434	1
13448	1
13449	1
13457	1
13472	1
13491	1
13513	2
13522	1
13532	1
13533	1
13546	1
13547	1
13566	1
13587	1
13604	1
13605	1
13626	2
13631	1
13645	1
13664	1
13669	1
13671	1
13672	1
13680	1
13681	1
13682	1
13715	1
13721	1
13724	1
13740	1
13762	1
13778	1
13790	1
13815	1
13826	1
13840	1
13844	1
13845	1
13857	1
13869	1
13874	1
13887	1
13900	1
13906	1
13908	1
13910	1
13923	1
13932	1
13934	1
13935	1
13936	1
13969	1
13989	1
13997	1
13999	1
14004	1
14006	1
14008	1
14017	1
14024	1
14027	1
14032	1
14035	1
14044	1
14046	1
14048	1
14051	1
14056	1
14062	1
14066	1
14073	1
14076	1
14078	1
14086	2
14117	1
14132	1
14140	1
14142	1
14146	1
14152	1
14153	1
14161	1
14165	1
14167	1
14181	1
14182	1
14191	1
14210	1
14214	1
14219	1
14220	2
14222	1
14239	1
14243	1
14256	1
14257	1
14263	1
14278	1
14279	1
14285	1
14287	1
14297	1
14302	1
14306	1
14309	1
14334	1
14335	1
14343	1
14348	1
14357	1
14361	1
14367	1
14394	1
14397	1
14409	1
14421	1
14423	1
14424	1
14426	1
14429	1
14438	2
14454	1
14458	1
14465	1
14489	1
14493	1
14522	1
14523	1
14528	1
14544	1
14551	1
14559	1
14564	1
14567	2
14577	1
14578	1
14586	1
14590	1
14613	1
14617	1
14624	1
14644	1
14650	1
14662	1
14673	1
14677	1
14678	1
14685	1
14709	1
14712	1
14720	1
14723	1
14731	1
14739	1
14751	1
14763	1
14768	1
14772	1
14776	1
14808	1
14812	1
14815	1
14817	1
14825	1
14841	1
14844	1
14861	2
14874	1
14890	1
14893	2
14902	1
14921	1
14940	1
14960	1
14961	1
14976	1
14983	1
15004	1
15012	2
15021	1
15032	1
15047	1
15054	1
15061	1
15064	1
15069	2
15083	1
15086	1
15092	2
15108	1
15123	1
15128	1
15134	1
15148	1
15180	1
15190	1
15205	1
15217	1
15239	1
15248	1
15258	1
15266	1
15291	1
15293	1
15294	1
15319	1
15321	1
15324	1
15338	1
15341	2
15343	1
15349	1
15355	1
15392	1
15394	1
15407	1
15409	1
15423	1
15425	1
15439	1
15442	1
15471	1
15474	1
15483	1
15491	1
15495	1
15496	1
15497	1
15505	1
15510	1
15526	1
15542	1
15552	1
15556	1
15588	1
15599	1
15607	1
15609	1
15611	1
15614	1
15622	2
15633	1
15638	1
15643	1
15659	2
15664	1
15672	1
15677	1
15696	1
15749	1
15764	1
15767	1
15774	1
15775	1
15776	1
15787	1
15788	1
15789	1
15794	1
15799	1
15822	1
15833	1
15856	1
15865	1
15866	1
15871	1
15873	1
15904	1
15934	1
15952	1
15976	1
15989	1
15995	1
16005	1
16034	1
16039	1
16040	1
16046	1
16054	1
16056	1
16057	1
16078	1
16091	1
16097	1
16106	1
16119	3
16173	1
16215	1
16237	1
16248	1
16255	1
16258	1
16291	1
16309	1
16319	1
16327	1
16336	1
16344	1
16369	1
16376	1
