1	10
2	8
3	6
4	5
5	3
6	4
7	4
8	4
9	7
10	9
11	6
16395	1
12	9
13	9
14	5
15	10
16	5
17	9
18	10
19	7
20	8
21	9
22	11
23	6
24	8
25	10
26	10
27	9
28	10
29	9
16413	1
30	11
31	11
32	11
33	12
34	9
35	8
36	5
37	6
38	10
39	6
40	6
41	10
42	3
43	11
44	6
45	2
16429	1
46	5
47	8
48	7
49	5
16433	1
50	7
51	10
52	7
53	7
54	5
55	5
56	3
57	5
58	9
59	2
60	11
61	5
62	1
63	9
64	8
65	7
66	7
67	3
68	6
69	5
16453	1
70	4
71	8
72	7
16456	1
73	4
74	8
75	7
76	10
77	4
16461	1
78	4
79	5
80	9
81	12
82	6
83	3
84	8
85	4
86	6
87	5
88	1
89	6
90	9
91	3
16475	1
92	3
93	8
94	8
95	4
96	3
97	7
98	9
16482	1
99	5
100	7
101	14
102	5
103	4
104	10
105	7
106	6
107	7
108	9
109	7
110	6
111	10
112	10
113	6
114	3
115	10
116	9
117	9
118	3
119	9
120	6
121	7
122	7
123	8
124	4
125	15
126	6
127	8
128	6
129	8
16513	1
130	7
131	7
132	6
133	6
134	3
135	3
136	9
137	7
138	8
139	2
140	9
16524	2
141	4
142	10
143	9
144	13
16528	1
145	12
146	2
147	7
148	8
16532	1
149	5
150	9
151	10
16535	1
152	11
153	6
154	6
155	12
156	14
157	8
158	8
159	9
160	5
161	17
162	12
163	9
164	12
165	7
16549	1
166	6
16550	1
167	13
168	9
169	14
170	9
171	7
172	7
173	12
174	13
175	3
176	7
177	10
16561	2
178	4
179	9
180	6
181	10
182	9
183	2
184	4
185	5
186	6
187	9
188	6
189	12
190	11
191	6
192	11
193	13
194	9
195	9
196	9
197	8
198	7
199	5
200	10
201	6
202	14
203	10
204	7
205	5
206	8
207	7
208	9
209	9
210	9
211	6
212	9
213	5
16597	1
214	7
215	8
216	4
217	9
218	5
219	4
220	7
221	6
16605	1
222	10
223	17
224	9
225	6
226	5
227	2
228	2
229	7
230	6
231	8
232	7
233	6
234	9
235	8
236	9
237	9
238	10
16622	1
239	3
240	6
241	13
242	7
243	13
244	8
245	9
246	5
247	11
248	5
249	5
250	10
251	11
252	10
253	10
254	3
255	3
256	12
257	9
258	8
259	7
260	4
261	15
262	3
263	6
264	10
265	6
266	10
267	6
268	6
269	10
270	8
271	6
272	9
273	6
274	11
16658	1
275	12
276	9
277	7
278	12
279	7
280	12
281	7
282	10
283	9
284	9
285	12
286	7
287	5
288	10
289	6
290	13
291	7
292	11
293	10
294	9
295	13
296	12
297	4
298	10
299	9
16683	1
300	6
16684	1
301	13
302	7
303	7
304	8
305	5
16689	1
306	8
307	6
308	4
309	8
310	8
311	12
312	8
313	4
314	2
315	10
316	3
317	5
318	6
319	3
320	7
321	8
322	6
323	7
324	17
325	4
326	6
327	14
328	9
329	9
330	4
331	7
332	8
333	10
334	6
335	6
336	5
16720	1
337	5
338	6
339	6
340	1
341	8
342	9
343	10
344	7
345	8
346	14
347	8
348	7
349	5
350	9
351	7
352	2
353	10
354	8
355	16
356	8
357	6
358	6
359	9
360	7
361	14
362	6
363	8
364	9
365	3
366	4
367	7
368	5
369	7
370	8
371	4
372	4
373	4
374	9
375	5
16759	1
376	7
377	7
378	7
379	7
380	4
381	3
382	12
383	5
16767	1
384	8
385	9
386	9
387	8
388	9
389	3
390	3
391	13
392	7
393	10
394	5
395	7
396	9
397	6
398	7
399	9
400	9
401	1
402	7
403	7
404	6
405	12
406	9
407	5
408	5
409	7
410	4
411	10
16795	1
412	6
413	3
414	7
415	6
416	10
417	4
418	8
419	13
420	9
16804	1
421	8
422	4
16806	1
423	8
424	7
425	5
426	10
427	7
428	9
429	6
430	14
431	7
432	12
433	6
434	5
435	5
436	7
437	9
438	9
439	5
440	6
441	8
442	12
16826	1
443	10
444	17
445	5
446	7
447	10
448	4
449	7
450	6
451	4
452	6
453	6
454	6
455	13
456	12
457	4
458	6
459	7
460	10
461	7
462	4
463	9
464	7
465	3
466	11
16850	1
467	14
468	8
469	16
16853	1
470	6
471	10
472	6
473	7
474	8
475	8
476	11
477	6
16861	1
478	8
479	11
480	7
481	7
482	12
483	5
484	9
16868	1
485	9
486	7
487	10
488	5
489	8
490	4
491	9
492	6
493	10
494	4
495	7
496	6
497	5
498	7
499	4
500	6
16884	1
501	8
502	5
503	5
504	11
505	8
506	6
507	10
16891	1
508	10
509	5
510	6
511	6
512	3
513	12
514	7
515	4
516	2
517	10
518	5
519	8
520	5
521	9
522	5
523	4
524	11
525	6
526	7
527	8
528	8
529	12
530	10
531	10
532	5
533	10
534	8
535	9
536	5
537	7
16921	1
538	10
539	7
540	7
541	6
542	12
543	6
544	7
545	7
546	9
547	6
548	7
549	9
550	5
551	9
552	9
553	7
554	11
555	5
556	11
557	9
558	9
559	16
560	5
561	5
562	6
563	9
564	4
565	3
566	9
567	5
568	8
569	9
570	4
571	9
572	3
573	8
574	8
575	9
576	4
577	10
578	8
579	4
580	7
581	7
582	10
583	12
584	6
585	7
586	7
587	8
588	6
589	6
590	3
591	9
592	9
593	9
594	14
595	8
596	5
597	9
598	7
599	7
600	6
601	6
602	3
603	7
604	3
16988	1
605	12
606	4
607	6
608	9
609	6
610	8
611	10
612	8
613	10
614	10
615	5
616	7
617	14
618	6
619	6
620	8
621	10
622	8
623	11
624	6
625	6
626	5
627	13
628	8
17012	1
629	7
630	6
631	6
632	3
633	5
634	3
635	13
636	7
637	6
638	4
639	5
640	4
641	8
642	7
643	10
644	3
645	8
646	14
647	9
648	8
649	4
650	4
651	13
652	5
653	10
654	3
655	6
17039	1
656	11
657	8
658	7
659	8
660	10
661	7
662	10
663	10
664	8
665	5
666	6
667	11
668	7
669	9
670	5
671	7
672	5
673	6
674	8
675	12
676	6
677	5
678	3
679	4
680	8
681	6
682	7
683	6
684	16
685	5
686	9
687	15
688	7
689	4
690	5
691	10
17075	1
692	8
693	4
694	11
695	4
696	9
697	6
698	4
699	10
700	3
701	10
702	8
703	11
704	3
705	8
706	6
707	14
708	8
709	9
710	7
711	7
712	10
713	7
714	7
715	4
716	6
717	8
718	8
719	7
720	7
721	5
722	8
723	11
724	6
725	3
726	9
727	8
728	8
729	7
730	11
17114	1
731	6
732	5
733	3
734	6
735	8
736	4
737	7
738	11
739	4
740	6
741	7
742	8
743	8
744	4
745	9
746	7
747	9
748	12
749	8
750	5
751	12
752	14
753	8
754	7
755	5
756	6
757	8
758	9
759	12
760	12
761	8
762	6
763	8
764	7
17148	1
765	6
766	8
767	6
768	9
769	15
770	11
17154	1
771	8
772	11
773	5
774	6
775	6
17159	1
776	14
777	9
778	8
779	7
780	10
781	5
782	5
783	8
784	4
785	8
786	11
787	5
788	3
789	6
790	10
17174	1
791	7
792	7
793	8
794	6
795	7
796	12
797	13
798	8
799	11
800	4
801	8
802	12
803	8
804	5
17189	1
805	8
806	9
807	6
808	8
809	7
810	7
811	3
812	11
813	10
814	6
815	8
816	8
817	10
818	6
819	5
820	7
821	7
822	10
823	11
824	7
825	8
826	5
827	10
828	9
829	6
830	16
831	3
832	7
833	5
834	7
835	6
836	10
837	9
838	4
839	10
840	9
841	10
842	7
843	8
844	5
845	10
17229	1
846	9
847	6
848	1
849	8
850	12
851	7
852	7
853	5
854	8
855	2
856	4
857	8
858	9
859	9
860	7
861	7
862	5
863	3
864	11
865	6
866	8
867	7
868	7
17253	1
869	8
870	5
871	8
872	11
873	13
874	9
875	8
876	8
877	13
17261	1
878	9
879	3
880	14
881	8
882	6
883	9
884	10
885	7
886	8
887	7
888	5
889	6
890	7
17274	1
891	5
892	11
893	7
894	8
17278	1
895	4
896	4
17280	1
897	8
898	5
899	4
900	7
901	6
902	6
903	10
904	11
905	8
906	6
907	4
908	7
909	10
910	11
911	9
912	6
913	8
914	3
915	9
916	10
17300	1
917	8
918	6
919	5
920	9
921	6
922	7
923	10
924	6
925	8
926	2
927	11
928	4
929	10
930	13
931	4
932	10
933	8
934	5
935	5
936	8
937	6
938	9
17322	1
939	7
940	3
941	8
942	6
17326	1
943	7
944	6
17328	1
945	13
946	8
947	7
948	7
949	11
950	5
951	3
952	11
953	13
954	4
955	10
956	11
957	10
958	5
959	3
960	10
961	11
962	2
17347	1
963	4
964	9
17348	1
965	6
966	6
967	10
968	5
969	6
970	4
971	6
972	4
973	7
974	9
975	11
976	9
977	4
978	4
979	7
980	7
981	6
982	7
983	4
984	7
17368	1
985	5
986	5
987	7
988	4
989	7
990	9
991	5
992	9
993	7
994	5
995	2
996	14
997	8
998	13
999	8
1000	5
1001	8
1002	11
1003	13
1004	11
1005	7
1006	6
1007	11
1008	8
1009	12
1010	8
1011	5
1012	6
1013	4
1014	13
1015	6
1016	6
1017	10
1018	4
1019	5
17403	1
1020	9
1021	13
1022	13
1023	7
1024	5
1025	8
1026	6
1027	8
1028	5
1029	9
1030	8
17414	1
1031	4
1032	13
1033	5
17417	1
1034	8
1035	8
1036	12
1037	7
1038	7
1039	9
1040	10
1041	9
1042	8
1043	3
1044	14
1045	7
1046	9
1047	5
1048	6
1049	6
1050	5
1051	6
1052	4
1053	6
1054	10
1055	6
1056	12
1057	11
1058	9
1059	8
1060	12
1061	7
1062	5
1063	11
1064	12
1065	9
17449	1
1066	11
1067	8
1068	5
1069	8
1070	13
1071	3
1072	4
1073	5
1074	6
1075	8
1076	7
1077	6
1078	9
1079	7
17463	1
1080	5
1081	5
1082	9
1083	4
1084	6
1085	7
1086	8
1087	7
1088	7
1089	9
1090	9
1091	5
1092	10
1093	2
1094	7
1095	10
1096	10
1097	6
1098	8
1099	6
1100	7
1101	11
1102	10
1103	8
1104	6
17488	1
17489	1
1105	13
1106	3
17490	1
1107	8
1108	11
1109	5
1110	7
1111	9
1112	8
1113	10
1114	8
1115	10
1116	4
1117	8
1118	8
1119	11
1120	5
1121	6
1122	7
1123	8
1124	4
1125	12
1126	6
1127	7
1128	8
1129	6
1130	5
1131	4
1132	5
17516	1
1133	6
1134	11
1135	6
1136	10
1137	5
1138	6
1139	14
17523	1
1140	7
1141	7
1142	8
1143	5
1144	5
1145	7
1146	8
17530	1
1147	6
1148	7
1149	6
1150	7
1151	7
1152	8
1153	8
1154	17
1155	15
1156	9
1157	6
1158	7
1159	6
1160	9
1161	13
1162	6
1163	6
17547	1
1164	8
1165	8
1166	10
17550	1
1167	9
1168	6
1169	10
1170	6
1171	6
1172	12
1173	5
1174	7
1175	6
1176	10
1177	12
1178	10
1179	7
1180	15
1181	7
1182	7
1183	5
1184	8
1185	9
1186	3
1187	9
17571	1
1188	7
1189	9
1190	6
1191	13
1192	10
1193	11
1194	1
1195	6
1196	9
1197	9
1198	8
1199	6
1200	8
1201	9
1202	8
1203	3
1204	4
17588	1
1205	6
1206	7
1207	10
1208	2
1209	13
1210	8
1211	8
1212	5
1213	17
1214	9
1215	6
1216	4
1217	8
1218	10
1219	9
1220	8
1221	7
1222	10
1223	6
1224	15
1225	12
1226	6
1227	6
1228	6
1229	9
1230	9
1231	11
1232	9
1233	10
1234	8
1235	9
1236	15
1237	7
1238	5
17622	1
1239	12
1240	7
1241	8
1242	6
1243	9
1244	7
1245	11
1246	8
1247	7
1248	6
1249	6
1250	9
1251	4
1252	6
1253	7
1254	9
1255	11
1256	8
1257	7
1258	7
1259	4
1260	3
1261	7
1262	11
1263	8
1264	5
1265	10
1266	11
1267	5
1268	8
1269	6
1270	5
1271	3
1272	4
1273	9
1274	6
1275	8
1276	9
1277	8
1278	10
1279	5
1280	7
1281	8
1282	2
1283	8
1284	10
1285	7
1286	7
1287	11
1288	5
1289	9
1290	7
17674	1
1291	7
1292	10
1293	7
1294	7
1295	7
1296	9
1297	9
1298	7
1299	10
1300	8
1301	9
1302	10
1303	7
1304	6
1305	12
1306	6
17690	1
1307	9
1308	12
1309	8
1310	15
1311	8
1312	6
1313	9
1314	11
1315	8
1316	6
1317	8
1318	5
17702	1
1319	3
1320	9
1321	10
1322	5
1323	3
1324	3
17708	1
1325	7
1326	5
1327	6
1328	10
1329	8
1330	11
1331	3
1332	6
1333	7
1334	7
1335	9
1336	12
1337	2
1338	8
1339	9
1340	5
1341	2
1342	6
1343	13
1344	8
17729	1
1345	6
1346	6
1347	4
1348	4
1349	12
1350	8
1351	7
1352	5
1353	5
1354	6
1355	8
1356	6
1357	8
1358	11
1359	9
1360	10
1361	8
1362	7
1363	3
1364	8
1365	8
1366	8
1367	4
1368	6
1369	7
1370	8
17755	1
1371	2
1372	13
1373	8
1374	14
1375	10
1376	7
1377	5
1378	6
1379	5
1380	8
1381	7
1382	4
1383	7
1384	8
1385	12
1386	8
1387	8
1388	8
1389	5
1390	11
1391	10
1392	7
1393	10
1394	6
17778	1
1395	7
1396	9
1397	9
1398	5
1399	11
1400	7
1401	6
1402	8
1403	10
1404	6
1405	10
1406	2
1407	7
1408	6
1409	5
1410	5
1411	8
1412	6
1413	7
1414	6
1415	10
1416	11
1417	9
1418	4
1419	7
1420	6
1421	7
1422	3
1423	12
1424	9
1425	4
1426	8
1427	7
1428	6
1429	7
1430	10
17814	1
1431	4
1432	8
1433	11
1434	6
1435	5
1436	9
1437	5
1438	13
1439	13
1440	11
1441	7
1442	3
1443	10
1444	7
1445	5
1446	9
1447	4
17831	1
1448	11
1449	3
1450	10
1451	10
1452	7
1453	7
1454	10
1455	7
1456	8
1457	7
1458	6
1459	4
1460	6
1461	9
1462	9
1463	4
1464	9
1465	6
1466	12
1467	4
1468	4
1469	5
1470	4
1471	6
1472	8
1473	6
1474	6
1475	6
17859	1
1476	8
1477	5
1478	9
1479	4
1480	8
17864	1
1481	6
1482	8
1483	5
1484	2
1485	8
1486	8
1487	6
1488	10
1489	7
1490	14
1491	6
1492	6
1493	5
1494	8
1495	8
1496	9
1497	5
17881	1
1498	7
1499	9
1500	4
1501	6
1502	4
1503	6
1504	11
1505	7
1506	8
1507	3
1508	8
1509	14
1510	6
1511	6
1512	5
1513	13
1514	7
1515	8
1516	7
1517	4
1518	4
1519	8
1520	6
1521	4
1522	5
1523	5
1524	5
1525	5
1526	8
1527	9
1528	5
1529	13
1530	5
1531	9
1532	3
1533	10
1534	10
1535	7
1536	8
1537	6
1538	8
1539	7
1540	8
1541	6
1542	7
1543	8
1544	8
1545	3
1546	8
1547	8
1548	7
1549	7
1550	8
1551	10
1552	15
1553	12
1554	10
1555	9
1556	7
1557	9
1558	8
1559	10
1560	4
1561	7
1562	8
1563	6
1564	7
1565	9
1566	10
1567	15
1568	5
1569	8
17954	1
1570	7
1571	4
1572	4
1573	8
1574	5
1575	2
1576	10
1577	10
1578	9
1579	5
1580	4
1581	10
1582	10
1583	9
1584	6
1585	6
1586	11
1587	9
1588	10
1589	9
1590	6
1591	6
1592	3
1593	11
1594	8
1595	8
1596	2
1597	4
1598	6
1599	8
1600	8
1601	6
1602	12
1603	5
17987	1
1604	7
17988	1
1605	4
1606	12
1607	4
1608	5
1609	7
1610	7
1611	4
1612	5
1613	7
1614	7
1615	5
1616	11
1617	10
1618	9
1619	4
1620	11
1621	7
1622	8
18006	1
1623	4
1624	12
1625	9
1626	4
1627	6
1628	11
1629	6
1630	10
1631	8
1632	8
1633	2
1634	11
1635	6
1636	6
1637	8
1638	6
1639	6
1640	5
1641	5
1642	7
1643	8
1644	8
1645	6
1646	9
1647	12
1648	5
1649	7
1650	8
1651	7
1652	5
1653	9
1654	6
1655	11
1656	4
1657	7
1658	10
1659	7
1660	5
1661	6
1662	12
1663	8
1664	7
1665	3
1666	3
1667	5
1668	7
1669	4
1670	11
1671	3
1672	3
1673	9
1674	4
1675	6
1676	9
1677	8
18061	1
1678	6
1679	9
1680	7
1681	8
1682	10
1683	9
1684	8
1685	11
1686	5
1687	11
1688	6
1689	4
1690	8
1691	10
1692	8
18076	1
1693	8
1694	7
1695	4
1696	9
1697	7
1698	11
1699	1
1700	3
1701	6
1702	10
1703	5
1704	7
1705	8
1706	5
1707	8
1708	6
1709	6
1710	7
1711	3
1712	10
1713	8
1714	7
1715	5
1716	11
1717	10
1718	4
1719	5
1720	11
1721	13
1722	7
1723	6
1724	4
1725	14
1726	9
1727	9
1728	8
1729	4
1730	6
1731	7
1732	3
1733	3
1734	3
1735	8
1736	11
1737	7
1738	5
1739	8
18123	1
1740	8
1741	4
1742	6
1743	9
1744	6
1745	5
1746	8
1747	6
1748	3
1749	5
1750	7
1751	7
1752	6
1753	11
1754	10
1755	11
1756	2
1757	6
1758	8
1759	11
1760	10
1761	7
1762	1
1763	6
1764	3
18148	1
1765	8
1766	9
1767	4
1768	14
1769	11
1770	7
1771	4
1772	5
1773	9
1774	4
1775	12
1776	7
18160	1
1777	9
1778	10
1779	8
1780	16
1781	9
1782	3
1783	11
1784	12
1785	6
1786	8
1787	5
1788	2
1789	9
1790	6
1791	6
1792	6
1793	3
1794	3
1795	7
1796	2
1797	5
1798	3
1799	5
1800	4
1801	8
1802	14
1803	7
1804	6
18188	1
1805	9
1806	5
1807	5
1808	3
1809	4
1810	6
1811	7
1812	9
1813	6
1814	7
1815	11
1816	3
1817	4
1818	8
1819	7
1820	6
1821	7
1822	5
18206	1
1823	7
1824	5
1825	13
1826	7
1827	6
1828	5
1829	5
1830	3
1831	7
1832	6
1833	6
1834	9
1835	3
1836	5
1837	11
1838	8
1839	5
1840	6
1841	7
1842	6
1843	3
1844	5
1845	7
1846	12
18230	1
1847	14
1848	13
1849	11
1850	10
1851	7
1852	1
1853	7
1854	2
1855	11
1856	10
1857	2
1858	9
1859	7
1860	6
1861	8
18245	1
1862	2
1863	8
1864	4
1865	2
1866	6
1867	9
1868	8
1869	5
1870	7
1871	4
1872	4
1873	10
1874	8
1875	6
1876	8
1877	3
1878	4
1879	9
1880	10
1881	10
1882	4
1883	7
1884	6
1885	5
1886	6
1887	6
1888	7
1889	6
1890	7
1891	6
1892	6
1893	8
1894	7
1895	6
1896	9
1897	4
1898	5
1899	9
1900	9
1901	5
1902	4
1903	8
1904	5
1905	9
1906	5
1907	6
1908	2
1909	5
1910	10
1911	6
1912	6
1913	4
1914	7
1915	4
1916	7
1917	7
1918	8
1919	6
1920	9
1921	6
18305	1
1922	7
1923	3
1924	4
1925	4
1926	4
1927	5
1928	6
1929	8
1930	7
1931	9
1932	3
1933	5
1934	11
1935	5
1936	7
1937	9
1938	7
18322	1
1939	7
1940	13
1941	6
1942	6
1943	3
1944	8
1945	10
1946	7
1947	7
1948	4
1949	5
1950	6
1951	5
1952	6
1953	5
1954	6
1955	8
1956	6
1957	5
1958	7
1959	10
18343	1
1960	5
1961	2
1962	1
1963	6
1964	6
1965	9
1966	4
1967	8
1968	11
1969	6
1970	3
1971	4
1972	8
1973	7
1974	7
1975	7
1976	8
1977	10
1978	8
1979	5
1980	8
1981	3
1982	5
1983	8
1984	6
1985	8
1986	12
1987	12
1988	7
1989	9
1990	4
1991	6
1992	9
18376	1
1993	5
1994	9
1995	8
1996	6
1997	7
1998	5
1999	2
2000	6
2001	6
2002	9
2003	5
2004	6
2005	6
2006	10
2007	2
2008	1
2009	6
2010	6
2011	7
2012	7
2013	4
2014	6
2015	6
2016	9
18400	1
2017	7
2018	11
2019	7
2020	2
2021	5
2022	9
2023	7
2024	8
2025	6
2026	3
18410	1
2027	6
2028	11
2029	7
2031	10
2032	3
2033	7
2034	2
2035	8
2036	6
2037	5
2038	4
18422	1
2039	8
2040	10
2041	8
2042	8
2043	11
2044	3
2045	6
2046	6
2047	4
2048	5
2049	8
2050	1
2051	3
2052	10
2053	6
2054	3
2055	2
2056	2
2057	8
2058	6
2059	8
2060	6
2061	6
2062	6
2063	10
2064	6
2065	9
2066	4
2067	6
2068	6
2069	7
2070	6
2071	6
2072	7
2073	12
2074	6
2075	5
2076	6
2077	3
2078	5
2079	8
2080	7
2081	8
2082	6
2083	7
2084	3
18468	1
2085	8
2086	1
2087	11
2088	4
2089	6
2090	5
2091	5
2092	8
2093	4
2094	6
2095	4
2096	9
2097	7
2098	5
2099	5
2100	13
2101	8
2102	7
2103	4
2104	9
2105	5
2106	5
2107	2
2108	7
2109	6
2110	7
2111	5
2112	2
2113	2
2114	7
2115	4
2116	11
2117	6
2118	6
2119	5
2120	5
2121	10
2122	5
2123	9
2124	6
2125	6
2126	5
2127	6
2128	6
2129	6
2130	9
2131	5
2132	10
2133	6
2134	5
2135	6
2136	6
2137	9
2138	5
2139	9
2140	5
2141	2
2142	8
18526	1
2143	7
2144	7
2145	6
2146	7
2147	9
2148	10
2149	7
2150	4
2151	4
2152	6
2153	11
2154	7
2155	6
2156	9
2157	4
2158	9
2159	7
2160	6
2161	8
2162	3
2163	7
2164	13
2165	6
2166	5
2167	7
2168	5
2169	5
2170	6
2171	2
2172	5
2173	5
2174	13
2175	5
2176	5
2177	6
2178	8
2179	6
2180	6
2181	9
2182	6
2183	9
2184	4
2185	4
2186	3
2187	3
2188	6
2189	6
2190	8
2191	1
2192	8
2193	9
2194	1
18578	1
2195	4
2196	7
2197	6
2198	4
2199	4
2200	3
2201	4
2202	4
2203	4
2204	5
2205	8
2206	3
2207	3
2208	5
2209	8
2210	2
2211	8
2212	4
2213	6
2214	5
2215	4
2216	7
2217	4
2218	8
2219	3
2220	4
2221	5
2222	5
2223	4
2224	5
2225	8
2226	3
18610	1
2227	7
2228	7
18612	1
2229	11
2230	4
2231	6
2232	5
2233	5
2234	4
2235	3
2236	3
2237	2
2238	5
2239	5
2240	6
2241	3
2242	3
2243	5
2244	3
2245	3
2246	8
2247	7
2248	5
18632	1
2249	6
2250	7
2251	9
2252	6
2253	3
2254	5
2255	3
2256	6
2257	8
2258	2
2259	5
2260	2
2261	11
2262	7
2263	5
2264	7
2265	8
18649	1
2266	5
2267	6
2268	8
2269	7
2270	3
18654	1
2271	8
2272	5
2273	3
2274	8
2276	3
2277	8
2278	7
2279	7
18663	1
2280	5
2281	6
2282	4
2283	8
2284	6
2285	6
2286	7
2287	5
2288	6
2289	7
2290	7
2291	7
2292	3
2293	3
2294	5
2295	2
2296	2
2297	6
2298	9
2299	3
2300	9
2301	3
2302	5
2303	5
2304	5
2305	7
2306	6
2307	11
2308	5
2309	7
2310	8
2311	1
2312	7
2313	7
2314	2
2315	2
18699	1
2316	3
2317	7
2318	8
2319	3
2320	4
2321	5
2322	2
2323	4
2324	4
2325	3
2326	6
2327	8
2328	6
2329	7
2330	4
18714	1
2331	6
2332	2
18716	1
2333	2
2334	4
2335	4
2336	7
2337	4
2338	4
2339	6
2340	6
2341	12
2342	4
2343	10
2344	8
2345	8
2346	7
2347	6
2348	4
2349	8
2350	6
2351	7
2352	6
2353	5
2354	5
2355	4
2356	4
2357	6
2358	5
2359	5
2360	7
2361	3
2362	5
2363	6
2364	4
2365	4
2366	4
2367	7
2368	5
18752	1
2369	3
2370	11
2371	3
2372	1
2373	3
2374	4
2375	7
2376	3
2377	8
2378	4
2379	6
2380	4
2381	5
2382	5
2383	5
2384	5
2385	3
2386	3
2387	6
2388	5
2389	3
2390	4
2391	8
2392	3
2393	9
2394	2
2395	3
2396	5
2397	1
2398	3
18782	1
2399	3
2400	8
2401	5
2402	3
2403	7
2404	5
2405	7
2406	8
2407	4
2408	8
2409	6
2410	2
2411	7
2412	8
2413	5
18797	1
18798	1
2414	3
2415	3
2416	6
2417	2
2418	6
2419	8
2420	5
2421	3
2422	6
2423	4
2424	5
2425	6
2426	4
2427	11
2428	2
2429	6
2430	6
2431	11
2432	9
2433	6
2434	3
2435	7
2436	9
2437	7
2438	3
2439	7
2440	5
2441	6
2442	4
2443	9
2444	7
2445	6
2446	2
2447	5
2448	3
2449	7
2450	2
2451	3
2452	3
2453	2
2454	6
2455	2
2456	2
2457	2
2458	4
2459	4
2460	10
2461	6
2462	3
2463	6
2464	6
2465	1
2466	2
2467	4
2468	5
2469	5
2470	7
2471	1
2472	7
2473	3
2474	1
2475	3
2476	6
18860	1
2477	3
2478	8
18862	1
2479	4
2480	4
2481	6
2482	3
2483	4
2484	7
18868	1
2485	3
2486	4
2487	2
2488	4
2489	3
2490	3
2491	3
2492	2
2493	3
2494	5
2495	6
2496	4
18880	1
2497	5
2498	3
2499	4
2500	1
2501	5
2502	4
2503	4
2504	4
2505	5
2506	5
2507	6
2508	6
2509	4
2510	2
2511	3
2512	7
2513	4
2514	4
2515	3
2516	4
2517	5
2518	4
2519	4
2520	4
2521	5
2522	3
2523	5
2524	6
2525	6
2526	3
2527	7
2528	3
2529	2
2530	5
2531	7
2532	3
2533	4
2534	6
2535	1
2536	2
2537	4
2538	3
2539	3
2540	3
18924	1
2541	5
2542	5
2543	4
2544	3
2545	4
2546	2
2547	7
2549	5
2550	4
2551	3
2552	2
2553	6
2554	5
2555	3
2556	3
2557	3
2558	4
2559	7
2560	3
2561	2
2562	2
2563	7
2564	3
2565	3
2566	6
2567	4
2568	6
2569	7
2570	6
2571	5
2572	3
2573	3
2574	1
2575	6
2576	8
2577	5
2578	3
2579	4
2580	7
18964	1
2581	4
2582	2
2583	14
2584	6
2585	4
2586	8
2587	7
2588	2
2589	10
2590	2
2592	5
2593	3
2594	4
2595	4
2596	3
2597	3
2598	3
2599	6
2600	5
2601	2
2602	5
2603	5
2604	4
2605	7
2606	7
2607	3
2608	3
2609	7
18993	1
2610	4
2611	4
2612	5
2613	4
2614	2
2615	4
2616	5
2617	5
2618	3
2619	2
2620	5
2621	5
2622	4
2623	2
2624	5
2625	5
2626	3
2627	2
2628	5
2629	4
2630	3
2631	1
2632	4
2633	6
2634	3
19018	1
2635	3
2636	3
2637	6
2638	3
2639	4
2640	4
2641	5
2642	6
2643	4
2644	3
2645	7
2646	8
2647	5
2648	3
2649	2
19034	1
2650	3
2651	5
2652	2
2653	4
2654	9
2655	5
2656	2
2657	8
2658	4
2659	6
2660	2
2661	3
2662	6
2663	3
2664	5
2665	2
2666	9
2667	8
2668	2
2669	4
2670	1
2671	2
2672	9
2673	3
2674	4
2675	6
2676	5
2677	5
2678	2
19063	1
2679	2
2680	5
2681	2
2682	6
2683	1
19067	1
2684	2
2685	7
2686	7
2687	3
2688	3
2689	7
2690	5
2691	4
2692	7
2693	3
2694	4
2695	5
2696	5
2697	5
2698	4
2699	3
2700	6
19084	1
2701	4
2702	4
2703	7
2704	1
2705	3
2706	4
2707	1
2708	6
2709	4
2710	5
2711	3
2712	2
2713	2
2714	6
2715	3
2716	2
2717	2
2718	7
2719	5
2720	2
2722	2
2723	7
2724	4
2725	6
2726	5
2728	1
2729	3
2730	2
2731	4
2732	2
2733	1
2734	6
2735	5
2736	2
2737	6
2738	4
2739	4
2740	6
2741	4
2742	3
2743	9
2744	4
19128	1
2745	3
2746	7
2747	4
2749	3
2750	2
2751	3
2752	7
2753	4
19137	1
2754	2
2755	3
2756	2
2757	5
2758	8
2759	5
2760	4
2761	2
2762	3
2763	1
2764	5
2765	1
2766	2
2767	8
2768	2
2769	1
2770	3
2771	1
2772	4
2773	3
2774	1
2775	3
2776	4
2777	5
2778	5
2779	4
2780	2
2781	2
2782	3
2783	9
2784	2
2785	1
2786	1
2787	5
2788	3
2789	1
2790	5
2791	5
2792	5
2793	2
2794	3
2795	3
2796	4
2797	6
2798	4
2799	6
19183	1
2800	3
2801	3
2802	7
2803	4
2804	4
2805	2
2806	1
2807	4
2808	5
2809	1
2810	3
19194	1
2811	1
2812	7
2813	3
2814	7
2815	4
2816	3
2817	3
2818	8
2819	3
2820	4
2821	6
19205	1
2822	4
2823	1
2824	6
19208	1
2825	5
2826	4
2827	2
19211	1
2828	3
2829	7
2830	6
2831	3
2832	4
2833	5
2834	4
2835	2
2836	6
2837	5
2838	5
2839	3
2840	4
2841	4
2842	8
2843	3
2845	2
2846	3
2848	5
2849	5
2850	3
2851	4
2852	5
2853	1
2854	5
2855	3
2856	2
2857	6
2858	6
2859	2
2860	2
2861	4
2862	6
2863	3
2864	3
2865	2
2866	4
2867	4
2868	3
2869	1
2870	2
2871	3
2872	1
2873	2
19257	1
2874	2
2875	2
2876	1
2877	4
2878	5
2879	1
2880	2
2881	4
2882	5
2883	3
2884	2
2885	1
2886	4
2887	3
2888	4
2889	2
2890	5
2891	2
2892	4
2893	6
2894	6
2895	2
2896	4
2897	2
2898	2
2899	4
2900	5
2901	2
2902	1
2903	2
2904	5
2905	3
2906	3
2907	5
2908	1
2909	2
2910	1
2911	4
2912	5
2913	2
2914	3
2915	6
2916	2
2917	7
2918	4
2919	1
2920	7
2921	4
2922	4
2923	2
2924	3
2925	1
2926	5
2927	5
2928	2
2929	6
2930	3
2931	1
2932	2
2933	7
2934	2
2935	2
2936	3
2937	4
2938	1
2939	4
2940	2
2941	4
2942	2
2943	3
2944	3
2945	2
2946	2
2947	3
2948	4
2949	6
2950	4
2951	3
2952	5
2953	2
2954	6
19339	1
2955	1
2956	8
2957	3
2958	4
2959	1
2960	2
2961	2
2963	3
2964	4
2965	3
2966	8
2967	2
2968	6
19352	1
2969	4
2970	6
2971	4
2972	3
2973	3
2974	2
2975	4
2976	1
2977	3
2978	2
2979	6
2980	5
2981	3
2983	4
2984	3
2985	6
2986	7
2987	5
2988	5
2990	2
2991	2
2992	2
2993	6
19377	1
2995	2
2996	3
2997	1
2998	5
2999	4
3000	1
3001	3
3002	2
3004	3
3005	3
3006	7
3007	8
3008	5
3009	3
3010	2
3011	2
3012	2
3014	1
3015	5
3016	6
3017	1
3018	2
3019	2
3020	1
3021	1
3022	2
3023	2
3024	3
3025	1
3026	3
3027	1
3029	3
3030	4
3031	3
3032	4
3033	3
3034	6
3035	3
3036	5
3037	4
3038	2
3039	3
3040	4
3041	3
3042	3
3043	4
3044	3
3045	2
3046	4
3047	3
3048	2
3049	2
3050	7
3051	3
3052	3
3053	4
3054	4
19439	1
3055	2
3056	5
3057	1
3059	6
3060	3
3061	2
3062	1
3063	3
3064	3
3065	1
3066	7
3067	2
3068	3
3069	2
3070	1
3071	4
3072	4
3073	3
3074	3
3075	3
3076	3
3077	4
3078	2
3079	7
3080	4
3081	4
3082	6
3083	3
3084	4
3085	2
3086	6
3087	3
3088	2
19473	1
3089	1
3090	5
3091	5
3092	5
3093	3
3095	1
3096	2
3097	3
3098	1
3100	4
3101	4
3102	3
3103	5
3104	1
3105	2
3107	7
3108	2
3109	2
3110	4
3111	1
3112	2
3113	4
3114	1
3115	4
3116	1
3117	6
3118	4
3119	3
3120	3
3121	5
3122	3
3123	3
3124	3
19508	1
3125	4
3126	1
3127	2
3128	5
3129	4
3130	4
3131	4
3132	4
3133	4
3134	5
3136	1
3137	3
3138	3
3139	2
3140	3
3141	1
3142	1
19527	1
3143	1
3144	3
3145	2
3146	5
3147	3
3148	2
19533	1
3150	1
3151	2
3152	5
3153	4
3154	4
3155	3
3156	3
3157	2
3158	3
3159	1
3160	3
3161	2
3162	2
3163	7
3164	6
3165	3
3166	5
3167	1
3168	3
3169	1
19554	1
3171	1
3172	5
3173	1
3174	3
3175	4
3176	4
3177	1
3178	2
3180	2
3181	2
3182	3
3183	5
3184	4
3185	3
3186	2
3187	2
3189	5
3190	2
3191	2
3192	3
3193	2
3194	1
3196	2
3197	5
3198	1
3199	1
3200	2
3201	7
3202	1
3203	2
19588	1
3204	2
3205	1
3206	4
3207	2
3208	3
3209	3
3210	2
3211	5
3212	1
3213	4
3214	1
3215	5
3217	2
3218	3
3219	6
3220	1
3221	6
3222	4
3223	1
3224	4
3225	2
3226	2
3227	5
3229	6
3230	1
3231	3
3232	1
3233	3
3234	3
3236	3
3237	2
3238	2
3239	2
3240	4
3241	3
3242	2
3243	5
3244	3
3245	2
3246	2
3247	3
3248	1
3249	1
3250	1
3251	2
3252	2
3253	2
3254	3
3255	2
3256	3
3257	2
3259	2
3260	2
3261	3
3262	1
3263	1
3264	3
3265	5
3266	4
3267	6
3268	1
3269	3
3270	3
3271	4
3273	2
3274	2
3275	3
3276	3
3277	3
3278	2
3279	4
3280	1
3281	2
3282	4
3283	7
3284	3
3285	3
3286	3
3287	3
3288	4
3289	3
3290	2
3291	6
3292	2
3293	2
3294	2
3295	1
3297	6
3298	3
3300	6
3301	4
3302	1
3303	1
3304	2
3305	4
3306	2
3309	3
3310	2
3311	4
3312	5
3313	3
3314	3
3315	4
3316	2
3317	1
3318	1
3319	1
3320	3
3321	5
3322	3
3323	2
3324	3
3325	2
3326	2
3327	4
3328	4
3329	3
3330	1
3331	2
3332	3
3333	1
19717	1
3334	4
3335	2
3336	1
3337	2
3338	4
3339	3
3340	2
3341	2
3342	2
3343	1
3344	4
3345	2
3346	1
3347	2
3348	3
3349	4
3351	4
3352	1
3354	1
3355	2
3357	4
3358	2
3359	2
3360	5
3361	4
3362	1
3364	4
3365	3
3366	1
3367	4
3368	2
3369	3
3370	7
3371	3
3372	2
3374	2
3375	1
3377	4
3378	5
3379	5
3380	3
3381	2
3382	6
3383	3
3385	1
3386	2
3387	3
3388	2
3389	2
3390	1
3391	1
3392	3
3393	2
3394	1
3395	1
3396	5
3397	6
3398	6
3399	2
3400	2
3401	4
3402	4
3403	3
3404	2
19788	1
3405	2
3406	1
3407	2
3408	2
3410	2
3411	2
3412	1
3414	2
3415	4
3416	1
3417	2
3418	4
3419	3
3420	2
3421	4
3422	2
3423	4
3424	2
3425	1
3427	1
3428	4
3429	4
3430	4
3431	2
3432	1
3433	4
19818	1
3434	2
3436	2
3437	3
3438	4
3439	2
3440	1
3441	1
3442	2
3443	2
3444	3
3445	1
3446	1
3447	4
3448	1
3449	1
3450	1
3451	3
3454	3
3455	2
3456	2
3457	1
3458	2
3459	3
3460	2
3461	2
3462	1
3463	3
3464	1
3465	5
3466	2
3467	1
3468	1
3469	2
19854	1
3472	3
3473	5
3474	3
3475	3
3476	2
3477	2
3478	2
19862	1
3479	4
3480	3
3481	4
3482	2
3483	2
3484	3
3485	2
3486	2
3487	3
3488	3
3489	3
3490	2
3491	2
3492	4
3493	2
3494	4
3495	3
3497	2
3498	4
3499	3
3500	4
3501	3
3502	1
3503	1
3504	2
3506	1
3507	2
3508	2
3509	3
3510	2
3512	5
3513	1
3514	1
3515	1
3516	3
3517	1
3518	3
3519	1
3520	4
3521	4
3522	3
3523	1
3524	4
3525	2
3526	3
3529	3
3530	1
3531	4
3532	4
3533	2
3534	1
3535	1
3536	2
3537	3
3538	2
3540	2
3541	1
3542	3
3543	3
3544	1
3545	2
3546	2
3547	4
3549	1
3550	3
3551	1
3552	3
3553	4
3555	1
3556	2
3557	1
3558	1
3559	2
3560	1
3561	2
3562	3
3565	3
3566	2
3567	3
19951	1
3568	2
3569	3
3570	4
3571	2
3572	2
3573	1
3574	2
3575	2
3576	2
3578	3
3579	1
3580	1
3581	2
3582	3
3584	1
3585	2
3586	1
3587	3
3588	1
3589	2
3590	3
3591	2
3592	3
19977	1
3593	6
3594	1
3595	3
3596	1
19981	1
3598	6
3599	2
3600	1
3601	2
3602	2
3603	4
3604	4
3606	2
3607	3
3608	3
3609	2
3610	4
3611	6
3612	1
3613	2
3614	1
3615	5
3616	2
3617	2
3618	4
3619	3
3620	1
3622	1
3623	3
3624	1
3625	1
3626	4
3627	1
3629	2
3631	3
3632	3
3633	3
3634	4
3635	4
3636	1
3637	3
3638	2
3639	1
3640	2
3641	2
3642	2
20026	1
3644	1
3645	3
20030	1
3647	2
3648	4
3649	1
3650	2
3651	3
3652	3
3653	1
3654	1
3655	4
3656	2
3657	4
3660	2
3661	3
3662	2
3663	2
3664	2
3665	1
3666	2
3667	2
3669	3
3670	2
3671	4
3672	3
3673	3
3674	2
3675	2
3676	3
20060	1
3677	3
3678	1
3679	1
3680	2
3681	2
3682	1
3683	3
3685	2
3686	1
3687	1
3688	2
3689	3
3691	2
3692	2
3693	2
3694	3
3695	1
3697	3
3698	2
3699	1
3700	3
3701	5
3703	1
3704	1
3705	2
3706	1
3707	1
3708	2
3709	1
3710	3
3711	1
3712	1
3713	2
3714	3
3715	1
3716	2
3717	1
3718	3
3719	3
3721	2
3722	1
3723	2
3724	2
3725	6
3728	1
3729	1
3730	2
3731	2
3732	2
3733	1
3734	2
3735	1
3736	3
3737	3
3738	4
3739	2
3740	3
3741	1
3742	1
3743	4
3744	2
3745	2
3746	4
3747	1
3748	1
3749	1
3750	1
3754	2
3755	3
3756	1
3757	1
3758	2
3759	2
3760	1
3761	3
3762	3
3763	2
3765	1
3766	3
3767	1
3768	3
3769	1
3770	1
3771	3
3772	2
3773	3
3774	1
3775	3
3776	5
3777	1
3778	1
3779	2
3781	1
3783	2
3785	4
3787	2
3788	1
3789	2
3790	1
3792	1
3793	3
3794	1
3795	3
3796	3
3800	1
3801	1
3802	3
3803	1
3804	1
3805	3
3806	3
3807	3
3808	4
3810	3
3811	1
3813	1
3814	1
3815	1
3817	1
3820	4
3821	2
3822	1
3823	2
3824	1
3825	4
3826	3
3827	2
3828	1
3829	2
3830	3
3831	2
3832	2
3833	7
3834	1
3835	4
3837	2
3839	2
3840	4
3842	4
3843	2
3844	2
3845	2
3846	2
3847	2
3848	1
3849	1
3850	1
3851	1
3852	1
3853	1
20238	1
3855	2
3856	3
3857	3
3858	1
3859	1
3860	2
3861	2
3862	2
3863	1
3864	3
3865	1
3866	4
3869	1
3870	4
3871	4
3872	5
3873	1
3874	1
3875	1
3877	2
3879	2
3880	1
3883	3
3885	2
20270	1
3886	1
3887	2
3888	4
3889	3
3892	2
3893	3
3894	2
3895	4
3896	3
3897	4
3899	3
3902	1
3903	3
3906	1
3907	2
3908	3
3911	2
3912	2
3913	3
3914	1
3915	3
3916	2
3917	1
3918	4
3919	2
3921	4
3922	2
3923	1
3924	2
3925	1
3926	2
3927	2
3928	2
3929	1
3930	4
3931	1
3933	3
3934	2
3935	2
3937	3
3939	1
3940	2
20324	1
3941	1
3942	1
3943	3
3944	1
3946	4
3948	2
3949	1
3953	3
3955	3
3957	2
3958	1
3959	1
3960	1
20344	1
3961	1
3962	4
3963	5
3964	2
3965	5
3966	1
3968	2
3972	1
3974	2
3975	1
3976	4
3977	2
3978	3
3979	4
3981	3
3982	4
3984	5
3985	2
3989	3
3991	1
3992	3
3993	2
3994	2
3999	2
4000	2
4003	3
4004	4
20389	1
4005	1
4007	1
4008	3
4009	1
4010	1
4011	3
4012	1
20397	1
4013	1
4014	2
4016	1
4017	1
4018	1
4019	3
4020	1
20404	1
4021	4
4022	1
4023	5
4024	1
4025	2
4026	1
4027	1
4029	2
4030	2
4031	1
4032	2
4033	2
4034	1
4035	1
4036	2
4037	2
4038	1
4039	2
4041	1
4042	1
4043	3
4044	2
4045	1
4046	1
4047	1
4048	1
4049	2
4050	1
4051	1
4053	1
4054	1
4055	1
20440	1
4057	1
4058	1
4059	2
4060	3
4062	1
4064	4
4065	1
4067	2
4068	1
4069	2
4070	2
4072	5
4074	2
4076	2
4077	3
4081	3
4083	3
4084	1
4085	2
4086	2
4087	2
4088	4
4089	1
4090	1
4091	1
4092	1
4093	1
4096	5
4097	1
4098	2
4101	1
4102	1
20487	1
4104	2
4105	1
4106	3
4107	3
4108	1
4109	1
4111	3
4112	3
4113	2
4114	1
4115	3
4116	2
4117	2
4120	2
4121	2
4122	2
4123	1
4124	1
4125	1
4126	1
4128	1
4129	2
4130	2
4131	1
4132	1
4134	2
4135	1
4136	4
4137	1
4138	1
4139	6
4140	1
4142	2
4143	3
4144	1
4145	3
20530	1
4147	1
4148	2
4150	2
4153	1
4154	2
4155	1
4156	2
4157	2
4159	1
4162	1
4163	1
4165	2
4167	2
4168	1
4170	1
4173	2
4174	2
4175	2
4176	3
4177	3
4178	3
4179	3
4180	3
4181	1
4184	4
4185	1
4186	1
4187	1
4188	2
4189	1
4190	1
4192	3
4194	2
20579	1
4195	1
4196	1
20580	1
4197	2
4200	2
4202	1
4204	1
4205	1
4207	1
4208	2
4209	3
4211	1
4212	1
4214	2
4215	3
4216	2
4217	3
4219	1
4221	3
4223	2
4224	1
4225	2
4226	1
4227	1
4228	2
4229	2
4230	2
4232	2
4233	1
4234	2
4236	3
4237	1
4239	1
4240	1
4241	1
4242	3
4243	2
4246	1
4247	2
4248	3
4251	1
4252	1
4253	1
4254	4
4255	3
4257	1
4259	2
4262	3
4263	1
4264	1
4265	1
4270	1
4271	3
4273	1
20658	1
4275	1
4277	1
4278	2
4279	1
4280	2
4281	2
4282	1
4283	2
4284	1
4285	3
20670	1
4286	1
4287	1
4288	3
4289	3
4291	2
4292	2
4293	2
4295	1
4296	2
4298	2
4299	1
4300	2
4302	2
4303	1
4304	1
4305	2
4306	3
4312	2
4314	1
4315	2
4316	1
4317	4
4319	1
4321	1
4322	2
4323	1
4324	1
4325	1
4326	3
4327	1
4328	2
4330	1
4333	2
4335	1
4336	3
4337	2
4338	4
4339	3
4340	3
4342	2
4343	1
4344	1
4346	1
4347	1
4348	1
4350	1
4351	1
4352	2
4356	2
4357	1
4358	1
4360	1
4361	1
4362	1
4363	3
4364	1
4365	2
20749	1
4366	2
4367	2
4368	1
4369	1
4370	1
4371	2
4372	1
4373	1
4374	2
4375	1
4376	1
4377	1
4378	2
4380	4
4381	1
4382	2
4383	3
4384	1
4385	5
4386	2
20770	1
4390	1
4393	2
4396	1
4397	1
4398	1
4399	1
4400	1
4401	1
20785	1
4402	1
4406	2
20791	1
4407	1
4408	1
4410	2
4411	2
4412	1
4413	1
4415	1
4420	2
4422	3
4424	1
20810	1
4427	2
4430	2
20814	1
4431	1
4432	1
4433	3
4434	1
4435	3
4436	1
4437	1
4439	4
4440	1
4441	2
4442	2
4444	2
4447	3
4449	3
4450	1
4451	1
4453	1
4454	1
4455	1
4456	1
4460	2
4464	2
4465	1
4466	2
4468	3
4469	1
4471	1
4472	2
4473	1
4475	3
4476	2
4477	1
4478	3
4479	1
4480	1
4483	1
4484	1
4485	1
4487	1
4490	1
4491	2
4493	1
4496	2
4498	3
4500	3
4501	2
4502	4
4503	2
4506	3
4507	4
4509	1
4510	2
4511	1
4512	1
4517	1
4519	1
4520	3
4523	2
4524	1
4525	2
4526	1
4528	2
4529	2
4530	1
4532	1
4533	2
4535	2
4536	1
4539	1
4543	1
4547	2
4548	1
4551	2
4552	1
4553	2
4554	2
4555	1
4556	1
4557	1
4563	1
4564	1
4566	2
4567	2
4570	1
4572	1
4573	1
4574	2
4575	2
4577	1
4578	2
4580	1
4581	1
4584	1
4585	2
4586	2
4588	1
4589	2
4590	1
4591	3
4595	1
4596	3
4597	1
4599	2
4601	2
4602	3
4603	1
4606	1
4607	1
4608	1
4609	2
4610	2
4612	1
4615	1
4616	3
4617	1
4618	1
4620	1
4623	1
4625	1
4626	3
4628	1
4630	1
4631	1
4632	1
4633	3
4634	1
4635	4
4643	1
4644	1
4646	2
21030	1
4647	1
4650	1
4651	1
4652	2
4654	1
4655	1
4658	1
4660	1
4663	1
4667	2
4673	1
4674	2
4675	1
4680	2
4683	4
4684	1
4687	1
4688	1
4689	2
4690	2
4691	1
4694	1
4696	2
4697	1
4698	1
4703	1
4704	1
4705	2
4706	1
4707	3
4708	1
4709	2
4710	1
4711	1
4713	2
4714	1
4719	2
4720	2
4721	2
4722	1
4724	1
4725	2
4727	1
4728	1
4729	1
4730	1
4731	2
4732	1
4733	1
4734	4
4735	2
4736	1
4738	4
4740	2
4741	1
4742	1
4744	1
4748	3
4749	3
4752	2
4754	1
4757	1
4758	1
4761	3
4762	1
4763	3
4764	2
4765	1
4766	1
4767	1
4768	1
4769	2
4772	1
4773	2
4774	2
4776	2
4778	3
4781	1
4782	2
4786	1
4787	1
4793	2
4794	1
4795	1
4796	1
4798	1
4799	1
4800	1
4801	1
4803	2
4804	3
4805	1
4806	3
4807	1
4808	1
4809	1
21193	1
4812	1
4813	1
4814	1
4816	1
21201	1
4819	1
4820	2
4821	2
4822	2
4825	1
4826	1
4830	4
4833	1
4836	1
4838	1
21224	1
4840	1
4842	1
4843	1
4844	1
4846	4
4847	2
4848	1
4850	1
4851	3
4855	2
21239	1
4856	1
4858	1
4860	1
4861	1
4865	3
4870	2
4871	2
4872	1
4874	1
21260	1
4878	1
4882	1
4883	4
4885	2
4886	2
4888	1
4889	2
4893	1
21278	1
4894	2
21279	1
4897	2
4901	1
4903	2
4904	2
4905	2
4906	1
4908	1
4910	1
4911	1
4912	1
4913	1
4915	1
4917	1
4918	1
4921	1
4922	1
4925	1
4928	2
4930	3
4931	2
4932	1
4934	1
4935	1
4937	1
4938	1
4939	1
4942	2
4943	1
4944	2
4945	1
4946	1
4949	1
4950	2
4952	1
4953	1
4958	2
4959	1
4960	1
4961	2
4964	1
21349	1
4968	1
4972	1
4974	2
4975	1
4979	1
4980	2
4981	1
4989	1
4990	1
4994	1
4995	2
4996	2
4997	1
4998	1
4999	2
5000	1
5001	1
5002	1
5004	1
5005	3
5009	2
5010	4
5011	2
5013	2
5014	1
5019	1
5022	1
5023	1
5024	1
5027	1
5032	1
5036	1
5039	1
5043	1
5045	1
5047	1
5048	1
5049	1
5051	2
5052	1
5053	2
5055	2
5056	2
5057	1
5058	1
5059	2
5062	1
5064	1
5065	2
5066	1
21452	1
5068	1
5071	1
5072	1
5073	1
5076	2
5077	1
5079	1
5080	4
5081	1
5086	1
5088	2
5091	1
5092	2
5093	1
5094	1
5097	1
21481	1
5099	2
5100	1
5104	1
5105	1
5107	1
5110	3
5112	2
5116	2
5120	2
5121	2
5124	2
5125	5
5126	1
5128	1
5130	2
5135	2
5136	2
5139	2
5140	1
5141	3
5143	1
5146	1
5148	2
5150	1
5151	3
5154	1
5155	1
5159	2
5160	1
5161	2
5163	1
5166	1
5168	1
5171	2
5174	1
5176	1
5182	1
5183	2
5185	2
5186	1
5187	1
5188	2
5189	2
5195	2
5196	1
5199	2
5200	2
5201	1
5202	1
5203	1
5204	1
5205	3
5212	2
5214	1
5220	2
21604	1
5224	1
5231	1
5232	1
5235	1
5237	2
5238	1
5240	2
5243	3
5244	1
5245	1
5251	1
5252	1
5255	2
5256	1
21641	1
5259	1
5262	1
5264	2
5265	2
5266	1
5271	1
5274	2
5275	2
5277	1
5279	2
21663	1
5280	1
5282	1
5286	1
5287	1
5289	1
5292	2
5295	1
5304	3
5307	2
5308	2
5309	1
5313	1
5315	1
5318	1
5320	2
5326	1
5328	1
5332	1
5333	2
5338	1
5339	3
5341	1
5342	1
5343	1
5344	1
5347	2
5348	1
5349	1
5353	2
5354	1
5356	1
5358	1
5360	1
5364	1
5365	1
5368	1
5369	2
5370	1
5371	1
5374	1
5375	2
5376	1
5378	2
5379	1
5381	2
5385	1
5386	3
5387	2
5388	1
5390	1
21775	1
5392	2
5393	1
5401	1
5402	1
5404	1
5407	1
5408	1
5410	1
5412	1
5415	2
5417	1
5419	1
5424	1
5425	1
5427	2
5428	2
5433	1
5434	1
21820	1
5438	1
5441	1
5445	1
5446	1
5447	2
5449	3
5451	2
5457	1
5458	1
5462	1
5463	1
5469	1
5471	1
5474	1
5479	3
5481	1
5482	1
5483	1
5485	2
5492	1
21879	1
21881	1
21882	1
5501	2
5502	1
5505	1
5506	2
5507	1
5508	2
5510	1
5511	3
5512	1
5516	1
5519	1
5523	2
5525	1
5528	1
5529	2
5530	1
5531	1
5534	2
5536	1
5540	2
5546	2
5547	2
5548	1
5549	2
5551	1
5555	1
5557	1
5558	1
5559	2
5560	1
5562	1
5566	1
5567	1
5568	1
5569	1
5572	1
5573	1
5576	1
5577	1
5578	1
5581	2
5582	2
21966	1
5587	4
5588	1
5589	1
5591	1
5596	1
5598	1
5602	1
5603	1
5605	1
5609	1
5612	1
5613	1
5614	2
5615	1
5618	1
5619	1
5620	2
5622	2
5629	1
5630	1
5633	1
5634	1
5635	1
5636	2
5642	1
5643	1
5659	1
5665	1
22051	1
5667	3
5669	1
5671	1
5674	1
5676	1
5677	1
5679	1
5681	1
5683	1
5684	2
5689	1
5691	1
5695	1
5698	1
5700	1
5701	1
5702	1
5705	1
5706	1
5709	1
5710	1
5714	2
5715	1
5717	1
5722	1
5724	1
5728	1
5731	1
5733	1
5734	1
5737	1
5743	1
5744	1
5745	3
5750	1
5753	1
5754	2
5758	1
5761	1
5762	2
5763	1
5764	2
5766	1
5767	1
5770	1
5776	2
5781	1
5784	1
5785	1
5788	2
5790	2
5791	1
5802	2
5806	1
5808	1
5813	1
5814	1
5815	1
5816	2
5818	1
5827	1
5831	1
5832	1
5837	1
5842	1
5845	1
5846	1
5850	1
5858	1
5859	1
5860	1
22245	1
5861	1
5862	1
5866	1
5869	2
5870	1
5871	1
5873	1
5874	2
5875	1
5876	1
5877	1
5878	1
5879	1
5880	1
5881	1
5883	1
5886	1
5888	1
5890	2
5891	1
5892	1
5893	1
5897	1
5898	2
5899	2
22293	1
5916	2
5922	2
5925	1
5927	1
5928	1
5930	1
5935	1
5937	1
5940	1
5941	1
5951	1
5952	1
5956	1
5957	1
5959	2
5961	3
5967	1
5973	1
5976	1
5981	1
5982	2
5983	1
5985	1
5986	1
5987	1
5992	1
22387	1
6003	1
6004	1
6005	1
6007	1
6012	2
6013	1
6014	1
6020	1
6028	1
22413	1
6030	1
6034	1
6035	1
6047	2
6049	1
6052	2
6055	1
6057	1
6059	1
6061	1
22445	1
6063	1
6064	1
6069	2
6070	1
6071	1
6075	2
6076	1
6077	1
22461	1
6079	1
6080	1
6081	2
6082	1
6084	2
6090	1
6092	1
6094	1
6095	1
6097	1
6098	1
6103	1
6104	1
6105	1
6106	2
6109	2
6110	2
6112	1
6115	1
6120	1
6122	1
6124	1
6125	1
6128	2
6129	1
6130	1
6133	1
6134	1
6136	1
6137	1
6138	1
6145	1
6147	1
6148	1
6150	2
6153	1
6155	2
6160	1
6164	1
6165	1
6166	1
6167	1
6175	1
6176	1
6177	1
6178	1
6179	1
6185	2
6190	1
6193	1
6196	1
6203	2
6206	1
6209	1
6210	1
6211	1
6212	2
6213	1
6215	2
6218	1
6219	2
6225	2
6229	2
6238	1
6241	1
6249	1
22635	1
6252	1
6259	1
22647	1
6264	1
6265	2
6266	2
6267	1
6271	1
6274	2
6282	1
6283	1
6287	2
22671	1
6288	1
6291	1
6292	1
6293	1
6301	1
6308	1
6309	1
6310	1
6311	1
6313	1
6318	1
22702	1
6322	1
6323	2
22707	1
6326	1
6328	1
6334	2
22720	1
6342	2
6345	1
6346	1
6348	1
6349	1
6351	2
6352	1
6353	2
6355	1
6357	2
6360	1
6361	3
6366	1
6369	1
6370	1
6380	1
6386	2
6388	1
6390	1
6393	2
6394	2
6395	3
6397	1
22781	1
6399	1
6400	1
6401	1
6405	2
6406	1
6408	1
6409	1
6411	1
6412	1
6415	2
6416	2
6417	1
6419	2
6422	1
6425	1
6427	2
6429	1
6431	1
6434	2
6436	1
6440	1
6441	1
6447	1
6449	1
6450	2
6452	1
6455	1
6456	1
22851	1
6469	1
6471	1
6472	1
6473	1
6478	1
6479	1
6480	1
6481	1
6483	1
6485	1
6486	1
6489	2
6490	2
22886	1
6503	1
6504	3
6506	2
6507	1
6508	2
6509	1
6510	1
6511	1
6512	1
6515	2
6516	1
6520	2
6522	1
6525	1
6538	2
6543	1
6545	1
22931	1
6554	1
6556	1
6559	1
6560	2
6562	2
22947	1
6563	3
6565	1
6569	1
6570	1
6572	1
6575	1
6576	1
6578	1
6582	3
6587	1
6589	2
6591	1
6592	1
6593	1
6596	1
6597	2
6599	1
6601	1
6604	2
6607	1
6612	1
6615	1
6617	1
6618	2
6628	1
6629	1
6631	1
6635	2
6638	1
6643	1
6645	2
6646	1
6648	2
6649	1
6650	1
6651	2
6655	1
6656	1
6657	1
6658	1
6659	1
6660	1
6667	1
6673	1
6676	1
6677	1
6678	1
6679	1
6680	3
6682	1
6686	1
6695	2
6696	1
6697	1
6703	1
6706	1
6707	1
6709	1
6710	2
6711	2
6720	1
6722	1
6723	1
6724	1
6726	1
6728	1
6732	1
6735	1
6740	1
6741	1
6742	1
6743	1
6750	3
6756	1
6757	1
6760	2
6765	1
6769	3
6772	1
6773	1
6776	1
6777	1
6778	1
6779	1
6783	1
6785	1
6794	1
6798	1
6805	1
6807	2
6808	1
6810	2
6817	1
23203	1
6821	1
6826	1
6831	1
6835	1
6836	2
6838	1
6841	1
6842	1
6843	1
6844	1
6851	1
6852	1
6853	1
6855	1
6857	1
6859	1
6862	1
6863	1
6870	1
6873	1
6875	1
6878	1
6879	1
6882	1
6883	1
6886	1
6890	2
23279	1
6895	1
6897	1
6900	1
6901	1
6902	2
6904	1
6906	2
6908	1
6914	1
6916	2
6919	1
6924	1
6926	2
6931	1
6937	2
6941	1
6954	1
6955	1
6958	1
6960	1
6964	1
6970	2
6971	1
6973	1
6981	1
6984	1
6985	2
6986	1
6987	2
6989	1
6990	1
6994	1
6995	1
7001	1
7002	1
7007	2
7008	1
7022	1
7028	1
7030	1
7034	1
7035	1
7038	1
7049	1
7054	1
7057	1
7058	1
7064	1
7065	1
7068	1
7069	1
23453	1
7072	1
7076	1
7082	1
23467	1
7084	1
7085	2
7087	2
7088	2
7098	2
7099	1
7104	1
7105	2
7107	1
23494	1
7114	1
7117	1
7121	1
7123	1
7131	1
7132	2
7139	1
7149	3
7154	1
7157	2
7158	1
7160	3
7161	1
7171	1
7173	1
7175	1
7179	1
7185	1
7189	1
7191	1
7193	1
7198	1
7199	1
7204	1
7206	1
7208	1
7209	1
7216	1
7217	1
7224	2
7227	1
7233	2
7235	1
7237	1
7242	2
7245	1
7250	1
7252	1
7262	2
7263	1
7274	1
7277	1
7278	1
7283	1
23671	1
7296	2
7297	3
7300	2
7305	1
7307	1
7308	1
7311	1
7312	1
7313	1
7314	1
7316	1
7318	1
7319	2
7320	1
7321	1
7323	2
7325	1
7327	1
7329	1
7331	1
7335	2
7336	2
23721	1
7337	1
7338	1
7341	1
7342	1
7349	1
7351	1
7357	1
7359	1
7360	1
7367	2
7380	1
7381	1
7383	1
7384	1
7386	1
7393	2
7397	1
7398	1
7399	1
7401	1
23787	1
7403	1
7406	1
7415	1
7416	1
7422	2
7425	1
7429	1
7435	1
7437	1
7441	1
7446	1
23833	1
7449	1
7451	1
7455	1
7456	1
7470	1
7473	1
7474	2
7477	1
7479	1
7480	1
7482	1
7483	1
7484	3
7498	1
7503	1
7515	1
7517	1
7518	1
7520	1
7526	1
7527	1
7531	1
7538	1
7544	1
7550	1
7551	1
7553	1
7554	1
7555	1
7558	1
7559	1
7561	2
7562	2
7565	1
7568	2
7569	1
7570	1
7571	1
7574	1
7576	2
7581	1
7582	1
7583	2
7585	1
7590	1
7591	1
7592	2
7593	1
7596	1
7597	2
7601	1
7607	1
7608	1
7609	2
7611	1
7615	1
7616	1
7621	1
7623	1
7625	1
7627	1
7631	1
7632	1
7636	1
7638	1
7641	3
7649	1
7651	1
7654	1
7655	1
7658	1
7666	1
7667	1
7669	1
7670	1
7679	1
7680	1
7688	1
7689	1
7693	1
7699	2
7704	1
7710	1
7720	2
7721	1
7723	2
7731	1
7734	1
7738	1
7739	1
7742	1
7746	1
7752	2
7755	1
7759	1
7763	1
7772	1
7774	2
7777	1
7781	3
7782	1
7784	1
7785	1
7788	2
7791	2
7794	1
7799	1
7801	1
7812	1
7821	1
7824	1
7825	1
7828	1
7833	2
7835	2
7837	3
7845	1
7846	1
7854	2
7855	1
7856	2
7857	1
24241	1
7861	1
7865	1
24253	1
7870	1
7871	1
7873	1
7879	1
7880	1
7881	1
7883	1
7884	2
7885	1
7895	1
7905	1
7907	1
7910	1
7912	1
7913	1
7917	1
7919	1
7921	1
7923	1
7924	1
7926	1
7932	1
7937	1
7942	2
7945	1
7946	1
7949	1
7953	1
7955	1
7957	1
7969	1
24354	1
7972	2
7975	1
7976	1
7979	1
7982	1
7983	2
7987	1
7992	1
7999	1
8001	1
8015	1
8022	1
8024	2
8030	2
8034	1
8035	2
8036	1
8040	1
8042	1
8046	1
8051	2
8053	1
8055	1
8057	1
8060	3
8062	1
8068	1
8069	1
8079	2
8081	1
8083	1
8084	1
8087	1
8088	3
8090	1
8098	1
24487	1
8108	1
8110	2
8118	1
8120	2
8126	1
8128	1
8129	1
8139	1
8146	1
8148	1
8151	1
8152	1
8157	1
8163	1
8165	1
8167	2
8171	1
8173	1
8178	1
8179	1
8180	1
8183	1
8184	1
8188	1
8189	1
8194	1
8198	2
8201	1
8202	1
24589	1
8215	1
8216	1
8220	1
8227	1
8232	1
8233	1
8234	1
8241	2
8245	1
8251	1
8254	2
8256	1
8259	1
8265	1
8268	1
8269	1
8273	2
8278	1
8281	1
8291	1
8297	1
8300	1
8302	1
8303	1
8311	1
8312	1
8316	1
8317	1
8321	2
8328	2
8337	1
8345	1
8348	2
8349	1
8351	1
8352	1
8356	1
8360	1
8362	1
8366	1
8374	2
8375	1
8378	1
8389	1
8390	1
8396	1
8404	2
8416	1
8426	1
8428	1
8429	1
8439	1
8440	1
8441	1
8446	1
8455	2
8460	1
8462	1
8464	1
8474	1
8479	1
8488	1
8494	2
8499	1
8502	2
8504	1
8505	1
8516	2
8521	1
8546	1
8551	1
8555	4
8556	1
8559	1
8569	1
8570	1
8571	1
8573	2
8576	1
8577	1
8578	1
8580	1
8583	1
8584	1
8588	1
8590	1
24975	1
8593	1
8595	2
24982	1
8599	1
8603	2
8605	1
8607	1
8619	1
8625	1
8628	2
8630	2
8636	2
8639	1
8647	1
8662	2
8663	1
8664	2
8665	1
8666	1
8674	1
8676	1
8677	1
8684	1
8698	1
8701	1
8702	1
8705	1
8707	2
8708	1
8709	1
8711	1
8712	1
8717	1
8720	1
8722	1
8728	1
8732	1
8734	1
8743	1
8769	1
8778	1
8780	1
8781	2
8782	1
8783	1
8790	1
8792	1
8794	1
8802	1
8803	1
8811	1
8815	1
8816	1
8817	1
8820	2
8825	1
8828	1
8834	1
8835	1
8838	1
8840	1
8842	1
8846	1
8849	2
8854	1
8855	1
8856	1
8864	2
8868	1
8870	1
8871	1
8872	1
8875	1
8877	1
8881	1
8884	2
8886	2
8888	1
8889	1
8892	1
8893	1
8895	1
8903	1
8907	1
8909	1
8918	1
8920	1
8925	1
8931	2
8938	1
8946	1
8947	1
8948	1
8958	1
8960	1
8961	1
8963	1
8980	1
8981	1
8982	2
8985	1
9010	1
9011	1
9013	1
9015	1
9016	1
9025	2
9029	1
9030	1
9034	1
9035	1
9037	2
9046	1
9048	1
9053	1
9057	1
9061	1
9064	1
9070	1
9078	1
9083	1
9091	1
9107	1
9108	1
9110	1
9114	2
9115	1
9133	1
9141	1
9148	1
9152	1
9154	1
9157	1
9162	1
9170	1
9175	1
9176	3
9188	1
9189	1
9193	1
9197	1
9202	1
9206	1
9207	1
9208	1
9211	1
9214	1
9218	1
9220	1
9221	1
9224	1
9225	1
9230	1
9232	1
9233	1
9234	1
9236	1
9241	1
9243	1
9247	1
9248	1
9257	1
9267	1
9270	1
9274	2
9281	1
9284	2
9285	1
9286	1
9291	1
9294	1
9296	1
9299	1
9302	1
9303	1
9311	1
9315	1
9320	1
9321	1
9322	2
25717	1
9339	1
9342	1
9345	1
9349	1
9359	1
9360	1
9367	1
9379	1
9390	1
9391	1
9395	1
9398	1
9400	1
9410	1
9412	1
9413	1
9419	1
9422	2
9425	1
9427	1
9431	1
9442	1
9455	2
9459	1
9462	1
9470	1
9476	1
9477	1
9482	1
9483	1
9487	1
9488	1
9489	2
9498	2
9515	1
9519	1
9521	1
9522	1
9525	1
9535	1
9539	2
9547	1
9553	1
9562	1
9563	1
9570	1
9571	1
9573	1
9583	1
9586	1
9587	1
9597	1
9598	1
9609	1
9612	1
9613	2
9618	1
9619	1
9633	1
9646	3
9649	1
9655	2
9657	1
9658	1
9660	1
9667	1
9672	2
9682	1
9683	1
9687	2
9692	1
9693	1
9696	1
9698	1
9703	1
9705	1
9710	1
9713	1
9716	1
9721	1
9725	1
9726	1
9728	1
9734	1
9736	1
9749	2
9762	1
9767	1
9770	3
9776	1
9781	1
9785	1
9794	1
9795	1
9802	2
9807	1
9808	1
9809	1
9816	1
9824	1
9837	1
9843	1
9849	1
9872	1
9874	2
9880	1
9886	1
9896	2
9903	1
9908	1
9910	2
9911	1
9914	1
9917	1
9919	1
9926	1
9932	1
9935	1
9940	2
9947	1
9959	1
9968	1
9972	1
9978	1
9982	1
9983	1
9989	1
9998	1
10000	2
10006	1
10008	1
10011	1
10014	1
10015	1
10023	1
10027	1
10028	1
10035	1
10036	1
10037	1
10043	1
10053	1
10056	1
10061	1
10063	1
10069	2
10076	1
10079	1
10084	1
10086	1
10088	1
10090	1
10096	2
10097	1
10099	1
10110	1
10117	1
10122	1
10123	1
10124	1
10125	1
10126	1
10132	1
10136	2
10141	1
10143	1
10146	1
10148	1
10152	1
10153	1
10155	1
10163	1
10174	1
10176	1
10179	1
10183	2
10186	1
10189	1
10192	1
10201	1
10202	1
10204	1
10205	1
10215	1
10216	1
10221	1
10230	1
10231	1
10240	2
10242	1
10249	1
10253	1
10256	1
10257	1
10259	1
10269	1
10273	1
10278	2
10286	1
10289	1
10295	1
10296	1
10299	2
10300	2
10307	1
10309	1
10313	1
10315	1
10316	1
10317	2
10319	1
10322	2
10325	1
10334	1
10336	1
10339	1
10340	1
10341	1
10344	1
10348	2
10349	2
10352	1
10359	2
10368	1
10371	1
10379	1
10380	1
10383	1
10388	1
10389	1
10405	1
10412	1
10413	1
10415	2
10418	1
10424	2
10432	1
10444	1
10445	2
10453	1
10454	1
10461	1
10464	1
10467	1
10468	1
10479	1
10481	1
10486	1
10487	2
10488	1
10499	1
10500	2
10504	1
10515	1
10526	1
10534	1
10540	1
10544	1
10545	1
10550	1
10551	1
10555	1
10561	1
10562	1
10574	2
10576	1
10589	1
10611	1
10617	1
10624	1
10625	2
10627	1
10628	1
10637	1
10639	1
10642	1
10643	1
10647	1
10652	1
10663	1
10665	1
10666	1
10670	1
10686	1
10692	1
10695	1
10707	1
10714	1
10715	1
10716	1
10718	1
10719	1
10723	1
10724	1
10756	1
10760	1
10761	1
10763	3
10775	1
10778	1
10782	1
10783	2
10784	1
10808	1
10812	1
10814	1
10820	1
10825	1
10833	1
10845	2
10846	2
10860	2
10865	1
10872	2
10874	1
10878	1
10881	1
10883	1
10891	1
10897	1
10909	1
10911	1
10916	1
10919	2
10921	1
10923	1
10939	1
10940	1
10944	2
10946	1
10955	1
10957	1
10963	1
10964	2
10968	3
10970	1
10973	2
10980	1
10982	1
10993	1
10996	1
11003	1
11012	1
11016	1
11017	1
11023	1
11029	1
11031	1
11036	1
11039	1
11043	1
11054	1
11058	1
11069	1
11073	1
11087	1
11088	1
11091	1
11096	1
11111	1
11122	1
11130	1
11134	2
11137	1
11142	1
11162	1
11166	1
11180	1
11185	1
11188	1
11190	1
11206	1
11214	1
11215	1
11219	1
11229	1
11230	1
11232	1
11235	1
11236	1
11248	1
11252	1
11255	1
11261	1
11263	1
11278	1
11288	1
11294	2
11302	1
11303	1
11308	1
11311	1
11316	1
11321	1
11323	1
11331	1
11334	1
11336	1
11339	2
11341	1
11348	1
11352	1
11354	1
11356	1
11365	1
11369	1
11370	1
11371	1
11377	1
11381	1
11382	1
11385	1
11388	1
11395	1
11398	1
11408	1
11418	1
11428	1
11446	1
11448	1
11451	1
11452	1
11467	1
11471	1
11473	1
11475	1
11490	1
11496	1
11497	1
11503	1
11504	1
11510	1
11515	1
11517	2
11524	1
11526	1
11530	1
11531	1
11538	1
11540	1
11543	1
11545	1
11554	1
11559	1
11561	1
11563	1
11566	1
11567	1
11570	2
11572	1
11573	1
11580	2
11585	1
11593	1
11605	1
11609	1
11613	1
11614	1
11620	1
11621	1
11631	1
11642	1
11646	1
11654	1
11660	3
11664	1
11671	1
11673	2
11701	1
11706	1
11712	1
11724	1
11730	1
11738	1
11741	1
11744	1
11754	1
11762	1
11782	1
11783	1
11790	2
11791	1
11801	1
11817	1
11822	1
11833	1
11834	2
11835	2
11836	1
11837	1
11839	1
11844	2
11848	1
11849	1
11851	1
11856	1
11857	3
11858	1
11872	1
11881	1
11890	1
11895	2
11898	1
11917	1
11924	1
11925	1
11937	1
11940	1
11943	2
11952	1
11963	1
11972	1
11977	1
11980	1
11997	1
11998	1
12012	1
12017	1
12020	2
12026	3
12027	1
12028	1
12029	1
12037	1
12041	1
12052	1
12059	3
12071	1
12075	1
12099	1
12105	1
12115	1
12117	1
12131	2
12149	1
12150	1
12152	1
12168	1
12186	1
12187	1
12194	1
12199	1
12202	1
12204	1
12205	2
12210	1
12213	1
12228	1
12235	1
12240	1
12241	1
12245	1
12252	1
12254	1
12255	1
12260	3
12261	1
12277	1
12283	1
12289	1
12302	1
12308	1
12323	1
12327	2
12335	1
12339	1
12341	1
12345	1
12349	1
12357	1
12361	1
12373	1
12383	1
12385	1
12387	1
12394	1
12412	1
12428	1
12430	1
12435	1
12446	1
12450	1
12459	1
12468	1
12470	1
12473	1
12488	1
12490	2
12491	1
12494	1
12500	1
12501	1
12518	1
12525	1
12531	1
12533	1
12542	1
12557	1
12561	1
12574	1
12577	1
12578	1
12587	1
12597	1
12608	1
12613	1
12614	1
12634	1
12640	1
12644	1
12648	1
12649	1
12651	1
12653	1
12669	1
12672	1
12681	1
12705	1
12706	1
12708	1
12714	1
12715	1
12720	1
12726	1
12734	1
12737	1
12741	1
12754	1
12755	1
12757	1
12764	1
12768	1
12773	1
12774	1
12789	1
12799	1
12802	1
12812	1
12813	2
12815	1
12828	1
12835	2
12839	1
12846	1
12853	1
12854	1
12870	1
12874	1
12880	1
12890	1
12893	2
12903	1
12908	1
12911	1
12913	1
12915	2
12916	1
12921	1
12936	1
12946	1
12950	2
12953	1
12964	1
12967	1
12970	1
12973	1
12978	1
12982	1
13000	2
13005	1
13008	1
13010	1
13013	1
13015	1
13023	1
13027	1
13029	1
13037	1
13049	1
13052	1
13053	1
13060	1
13065	1
13071	1
13083	1
13085	1
13094	1
13096	1
13108	1
13148	1
13165	1
13169	1
13176	2
13206	1
13210	1
13224	2
13227	1
13233	1
13234	1
13243	1
13245	1
13250	2
13253	1
13260	1
13267	1
13271	1
13283	1
13288	1
13296	1
13323	1
13338	1
13356	1
13357	2
13364	1
13367	1
13368	1
13369	1
13371	1
13373	1
13375	1
13381	1
13383	1
13390	1
13392	1
13394	1
13395	1
13399	1
13401	1
13404	1
13408	2
13420	1
13422	1
13430	2
13434	1
13438	1
13439	1
13465	1
13467	1
13468	1
13472	1
13473	1
13491	1
13492	1
13502	1
13503	1
13505	1
13508	1
13512	1
13528	1
13548	1
13553	1
13556	1
13561	1
13598	1
13622	2
13647	1
13655	2
13658	1
13662	1
13673	1
13680	1
13682	1
13685	1
13688	1
13709	1
13716	1
13717	1
13721	1
13726	1
13734	1
13737	1
13740	1
13744	1
13760	1
13764	1
13770	1
13782	1
13783	1
13795	1
13798	1
13800	2
13807	1
13826	1
13832	1
13833	1
13843	1
13846	1
13850	2
13853	1
13872	1
13877	1
13884	1
13896	1
13908	1
13911	1
13922	1
13939	1
13945	1
13957	2
13971	1
13977	1
13981	1
13987	1
14001	1
14016	1
14023	1
14027	1
14032	1
14034	1
14048	1
14051	1
14052	2
14079	1
14080	1
14083	1
14100	1
14105	1
14109	1
14113	1
14122	1
14125	1
14130	1
14131	2
14138	2
14152	2
14156	1
14170	1
14172	1
14180	1
14181	1
14183	1
14194	1
14205	1
14207	1
14209	1
14211	2
14212	1
14213	1
14228	1
14237	1
14243	1
14248	1
14249	1
14257	1
14275	1
14277	1
14278	1
14285	1
14287	1
14293	1
14297	1
14315	1
14316	2
14320	1
14334	1
14337	1
14347	1
14358	1
14365	1
14367	1
14371	1
14375	1
14383	1
14386	2
14388	1
14391	1
14414	1
14417	1
14432	1
14438	1
14445	1
14446	1
14457	1
14460	1
14467	2
14472	1
14476	1
14496	1
14506	1
14511	1
14517	1
14521	1
14542	1
14544	1
14550	1
14556	1
14568	1
14577	1
14578	1
14579	1
14586	1
14591	1
14593	1
14607	1
14611	1
14616	1
14619	1
14622	1
14624	1
14633	1
14637	1
14648	1
14657	1
14681	1
14682	1
14703	1
14708	1
14720	1
14721	1
14733	1
14790	1
14791	1
14799	1
14807	1
14814	1
14824	1
14841	1
14842	1
14861	1
14872	3
14874	1
14886	1
14888	1
14898	1
14922	1
14923	1
14941	1
14948	2
14962	1
14967	2
14971	1
14982	1
14997	1
15001	1
15005	1
15016	1
15017	1
15021	2
15024	1
15032	1
15035	1
15050	1
15051	2
15069	1
15077	1
15092	1
15097	1
15100	1
15108	1
15140	1
15144	1
15147	1
15164	1
15167	2
15195	1
15223	1
15238	1
15239	1
15250	1
15259	1
15262	1
15269	1
15273	1
15276	1
15277	1
15291	1
15301	1
15320	1
15322	1
15327	1
15328	2
15329	1
15341	1
15344	1
15358	1
15359	1
15360	1
15366	1
15369	1
15371	1
15385	1
15392	1
15394	1
15399	1
15400	1
15403	1
15413	1
15431	1
15432	1
15433	1
15434	1
15436	2
15449	1
15469	1
15489	1
15505	1
15515	1
15517	1
15523	1
15524	1
15527	1
15528	1
15544	1
15562	1
15567	1
15575	1
15586	1
15609	2
15622	1
15638	1
15645	1
15646	1
15649	1
15654	1
15666	1
15676	1
15680	1
15704	1
15729	1
15741	1
15752	1
15755	1
15758	1
15763	1
15778	1
15791	1
15794	1
15804	1
15808	1
15813	2
15819	1
15822	1
15823	1
15833	1
15853	1
15855	1
15861	1
15870	1
15877	1
15882	1
15888	1
15890	1
15896	1
15899	1
15901	1
15906	1
15907	1
15915	1
15923	1
15970	1
15979	1
15991	1
16001	1
16007	1
16011	1
16017	1
16044	1
16048	1
16052	1
16057	1
16059	1
16096	1
16106	1
16110	1
16142	1
16175	1
16192	1
16207	1
16231	1
16233	1
16252	1
16259	1
16265	1
16277	1
16281	1
16291	1
16299	1
16306	1
16311	1
16321	1
16336	1
16376	1
