1	7
2	11
3	5
4	3
6	7
7	4
8	4
9	3
10	5
11	3
12	9
13	10
14	4
15	9
16400	2
16	7
17	5
18	12
19	8
20	5
21	7
22	4
23	7
24	4
25	13
26	7
27	12
28	6
29	6
30	5
31	9
32	9
33	9
34	6
35	7
36	5
37	4
38	5
39	17
16423	1
40	9
16424	1
41	6
42	8
43	7
44	5
45	10
46	4
47	4
48	3
49	9
50	8
51	4
52	10
53	7
54	4
55	7
56	4
57	6
58	3
59	3
61	2
62	6
63	7
64	3
65	9
66	5
67	6
68	3
16452	1
69	4
70	7
71	9
16455	1
72	6
73	6
74	5
16458	1
75	2
76	5
16460	1
77	5
16461	1
78	3
79	4
80	6
81	4
82	7
83	3
84	6
85	7
86	2
87	6
88	2
89	3
90	10
91	5
16475	1
92	5
93	6
94	5
95	7
96	8
97	5
98	8
99	6
100	5
16484	1
101	7
102	4
103	7
104	11
105	5
106	7
107	6
16492	1
108	6
109	7
110	4
111	7
112	5
113	3
114	5
16499	1
115	6
116	8
16500	1
117	12
118	5
119	4
120	8
16504	1
121	5
122	14
123	7
124	7
125	7
126	8
127	5
128	9
16512	1
129	2
130	5
131	6
132	3
16516	1
133	3
134	1
135	5
136	7
137	7
138	9
139	1
140	4
141	5
142	3
143	7
144	3
145	4
146	4
147	7
148	10
149	8
150	16
151	6
152	8
153	6
154	9
155	3
16539	1
156	6
157	4
158	10
159	6
160	5
161	8
162	10
163	9
164	14
165	7
166	6
16550	1
16551	1
167	5
168	5
169	5
170	7
16554	1
171	7
172	7
173	6
174	12
175	5
176	4
16560	1
177	8
178	6
179	4
180	6
181	4
182	7
183	3
184	6
185	8
186	3
187	7
188	5
189	6
190	14
191	9
192	8
193	7
194	12
195	9
196	6
16581	1
197	2
198	7
199	5
200	8
201	7
202	10
203	4
204	5
205	6
206	7
207	6
208	6
16592	1
209	3
210	7
211	3
212	8
213	5
214	7
215	6
216	8
217	9
218	2
219	7
220	9
221	4
222	6
223	5
224	5
225	7
226	7
227	10
228	6
229	2
230	5
231	7
232	11
233	4
234	8
235	6
236	8
237	4
238	11
239	6
240	4
241	7
242	2
243	8
244	6
245	11
246	5
247	9
248	10
249	8
250	6
251	11
252	8
253	9
254	12
255	7
256	5
257	4
258	4
259	7
260	7
261	11
262	8
263	8
264	9
265	4
266	10
267	6
268	6
269	2
270	5
271	12
272	10
273	7
274	6
275	6
276	5
277	1
278	7
279	6
280	2
281	9
282	4
283	5
284	6
285	9
286	5
287	7
288	9
289	8
290	5
291	6
292	11
293	6
294	7
295	8
296	6
297	8
298	9
299	4
300	4
16684	1
301	10
302	7
303	8
304	12
305	5
306	9
307	6
308	4
309	10
310	7
311	5
312	5
313	9
314	7
315	4
316	3
317	11
318	5
319	8
320	5
321	10
322	7
323	11
324	6
325	6
326	11
327	5
328	12
329	9
330	4
331	7
332	9
333	6
334	9
335	12
336	4
337	4
338	10
339	8
340	8
341	4
342	5
343	8
344	6
16728	1
345	3
346	6
347	4
348	8
349	13
350	10
351	3
352	4
353	6
354	4
355	6
356	11
357	10
358	8
359	8
360	5
361	7
362	3
16746	1
363	5
364	10
365	8
366	6
367	8
368	11
369	8
370	5
371	8
372	4
373	3
374	5
375	7
376	4
377	10
378	3
379	6
380	4
381	9
382	6
383	7
384	7
385	8
386	6
387	4
388	10
16772	1
389	3
390	14
391	10
392	8
393	5
394	8
395	10
396	6
397	6
398	7
399	6
400	3
401	4
402	7
403	12
404	7
405	6
406	7
16790	1
407	9
408	7
409	7
410	4
411	4
412	8
413	4
414	4
415	3
416	10
417	8
418	3
419	9
420	9
421	7
422	7
423	9
424	7
425	10
426	2
427	2
428	5
429	3
430	9
431	10
432	4
433	2
434	6
435	7
436	7
437	6
438	4
439	8
440	3
441	4
442	6
443	12
444	9
445	11
446	10
447	9
448	4
449	10
450	6
451	4
452	3
453	7
454	7
455	7
456	6
457	7
16841	1
458	13
459	7
460	4
461	7
462	6
16846	1
463	8
464	9
465	10
466	4
467	14
468	3
469	7
470	8
471	4
472	4
473	6
474	5
475	3
476	4
477	4
478	8
479	7
480	9
481	8
482	6
483	11
484	9
485	6
486	8
487	4
488	2
489	4
490	6
491	2
492	3
493	3
494	2
495	5
496	6
497	3
498	7
499	4
500	2
501	12
502	5
503	3
504	5
505	5
506	11
507	4
508	7
509	7
510	9
511	5
512	2
513	6
514	5
515	10
516	7
517	6
16901	1
518	8
519	5
520	6
521	4
522	6
523	11
524	12
525	7
526	4
527	5
528	11
529	8
530	7
531	7
532	5
533	2
16918	1
534	7
535	6
536	3
537	2
538	6
539	9
540	10
541	4
542	8
543	3
16927	1
544	6
545	9
546	7
547	8
548	7
549	8
550	9
551	4
552	6
553	8
554	6
555	4
556	5
557	8
558	9
559	9
16943	1
560	6
561	4
562	5
563	6
564	6
565	3
566	6
567	4
568	4
569	5
570	7
571	4
572	4
573	10
574	6
575	4
576	6
577	10
578	6
579	5
580	4
581	4
582	7
16966	1
583	7
584	4
585	12
586	4
587	7
588	4
589	4
16973	1
590	4
591	4
592	8
593	6
594	7
595	8
596	8
597	14
16981	1
598	11
599	5
600	4
16984	1
601	6
16986	1
602	4
603	10
16987	1
604	8
605	5
606	5
607	4
608	10
609	5
610	7
611	9
612	7
613	7
614	4
615	6
616	6
17000	1
617	8
618	3
619	9
620	6
17004	1
621	5
622	4
623	7
624	6
625	9
626	6
627	8
628	5
629	2
630	8
631	5
632	3
633	5
634	7
635	5
636	9
637	3
638	6
639	9
640	9
641	8
642	7
643	5
644	7
645	8
646	4
647	8
648	3
649	9
650	5
651	3
652	10
653	6
654	5
655	4
17039	1
656	7
657	6
658	2
659	3
660	11
661	8
662	8
663	11
664	8
665	5
666	4
667	7
668	11
669	6
670	6
671	6
672	6
673	13
674	6
675	5
676	8
677	2
678	8
679	11
680	6
681	3
682	2
683	8
684	7
685	7
686	10
687	10
688	11
17072	1
689	8
690	6
691	7
692	1
693	10
694	5
695	1
696	10
697	2
698	4
699	5
700	5
701	7
702	8
703	7
704	6
705	10
706	9
707	8
708	9
709	3
710	5
711	11
712	8
713	9
714	11
715	8
716	4
717	7
718	2
719	8
720	5
721	3
722	3
723	8
724	8
725	8
726	5
727	9
728	8
729	3
730	10
17114	1
731	10
732	9
733	6
734	3
735	6
736	6
737	6
738	3
739	8
740	4
741	6
742	8
743	4
744	4
745	6
746	5
747	8
748	6
749	6
750	6
751	6
752	11
753	7
754	5
755	9
756	3
757	11
17141	1
758	6
759	6
760	3
761	8
762	5
763	2
764	9
765	6
766	6
767	8
768	6
769	4
770	2
771	13
772	9
773	7
17157	1
774	6
775	6
776	8
777	8
17161	1
778	4
779	8
780	5
781	6
17165	1
782	8
783	8
784	3
785	6
786	4
787	3
788	6
789	4
790	6
791	4
792	9
793	3
17177	1
794	5
795	6
796	5
797	10
798	4
799	4
800	9
801	5
802	9
803	7
804	3
805	6
806	5
807	7
808	4
809	9
810	5
17194	1
811	11
812	8
813	5
814	8
815	5
816	8
817	4
818	8
819	6
820	5
821	5
822	4
823	10
824	6
825	4
826	9
827	4
828	4
829	3
830	15
831	5
832	4
833	7
834	6
835	8
836	5
837	3
838	6
839	8
840	9
841	9
842	6
843	3
844	4
845	6
846	8
847	6
848	6
849	6
850	6
851	8
852	8
853	7
854	7
855	7
856	10
857	7
858	11
859	9
860	2
861	4
862	6
17246	1
863	4
864	5
865	4
866	5
867	5
868	3
869	4
870	2
871	4
872	9
873	4
874	8
875	8
876	8
877	7
17261	1
878	8
879	7
880	12
881	6
882	9
883	9
884	7
885	6
886	5
887	6
888	7
889	2
890	7
17274	1
891	7
892	8
893	6
894	7
895	6
896	7
897	4
898	4
899	7
900	9
901	6
902	6
17286	1
903	7
904	9
17288	1
905	4
906	4
907	4
908	2
909	6
910	7
911	8
912	5
913	6
914	8
915	4
916	13
917	6
918	7
919	7
920	11
921	8
17305	1
922	7
923	8
924	2
925	4
926	9
927	7
928	7
929	7
930	8
931	6
932	6
933	7
934	6
935	8
936	10
937	6
938	6
939	5
940	1
941	3
942	2
17326	1
943	5
944	8
945	4
946	8
947	7
948	4
949	8
950	10
951	5
17336	1
952	6
953	5
954	9
955	4
956	6
957	5
958	6
959	7
960	8
961	7
962	3
963	6
17347	1
964	5
17348	1
965	7
966	6
967	4
968	7
969	5
970	6
971	6
972	3
973	8
974	11
975	4
976	9
977	6
978	4
979	5
980	4
981	6
982	6
983	4
984	10
985	6
986	4
987	10
988	7
989	10
990	5
991	10
992	6
17376	1
993	11
994	9
995	4
996	9
997	8
998	6
999	3
1000	7
1001	4
1002	8
17386	1
1003	8
1004	4
1005	8
1006	9
1007	9
1008	7
1009	5
1010	6
1011	8
1012	9
1013	6
1014	7
1015	6
1016	11
1017	10
1018	10
1019	6
1020	7
1021	9
1022	7
1023	5
1024	4
1025	2
1026	9
1027	4
1028	8
1029	6
1030	7
1031	8
1032	5
1033	11
1034	9
1035	8
1036	7
1037	9
1038	5
1039	3
17423	1
1040	6
1041	9
1042	7
1043	11
1044	6
1045	5
1046	10
1047	5
1048	4
1049	8
1050	7
1051	4
1052	5
1053	8
1054	6
1055	10
1056	4
17440	1
1057	6
1058	7
1059	5
1060	6
1061	7
1062	3
1063	5
17448	1
1064	3
1065	9
1066	5
1067	6
1068	7
1069	7
1070	7
1071	10
1072	7
1073	8
1074	7
1075	5
17459	1
1076	7
1077	4
1078	8
1079	9
1080	7
1081	12
1082	2
1083	7
1084	8
1085	10
1086	6
1087	2
1088	4
1089	6
1090	6
1091	8
1092	4
1093	9
1094	4
1095	5
1096	5
1097	9
17481	1
1098	4
1099	10
1100	9
1101	6
1102	8
1103	10
1104	6
1105	6
1106	3
1107	9
1108	12
1109	7
1110	2
1111	6
1112	8
1113	7
1114	10
1115	8
1116	3
1117	10
1118	5
1119	8
1120	6
1121	4
1122	5
1123	6
1124	7
1125	2
1126	4
1127	6
1128	13
1129	6
1130	7
1131	6
1132	6
1133	5
1134	9
1135	11
17519	1
1136	6
1137	6
1138	6
1139	6
1140	4
1141	5
1142	12
1143	4
1144	9
1145	8
1146	2
1147	7
17531	1
1148	11
1149	9
1150	6
17534	1
1151	11
1152	11
1153	6
1154	5
1155	2
1156	6
1157	8
1158	9
1159	1
1160	5
1161	4
1162	11
17546	1
1163	10
1164	3
1165	7
1166	7
17550	1
1167	9
1168	11
1169	4
1170	8
1171	6
1172	11
1173	6
1174	4
1175	6
1176	5
17560	1
1177	3
1178	4
1179	6
1180	8
1181	4
1182	7
1183	9
1184	9
1185	7
1186	9
1187	12
1188	11
1189	12
1190	7
17574	1
1191	6
1192	4
1193	4
1194	9
1195	8
1196	9
17581	1
1197	6
1198	10
1199	4
1200	7
1201	4
1202	5
1203	8
1204	4
1205	5
1206	5
1207	6
1208	4
1209	11
1210	7
1211	1
1212	8
1213	5
1214	2
1215	4
1216	5
1217	10
1218	5
1219	7
1220	7
1221	4
17605	1
1222	11
1223	5
1224	6
1225	2
1226	5
1227	9
1228	3
1229	10
1230	4
1231	6
1232	9
1233	9
1234	3
1235	9
1236	7
1237	6
1238	3
1239	3
1240	11
1241	7
1242	10
1243	4
1244	4
1245	5
1246	5
1247	5
1248	3
1249	11
1250	4
1251	7
1252	6
1253	5
1254	10
1255	5
1256	7
1257	8
1258	11
1259	5
1260	2
1261	5
1262	5
1263	5
1264	6
1265	4
1266	6
1267	6
1268	2
1269	9
17653	1
1270	9
1271	11
1272	7
1273	11
1274	12
1275	8
1276	3
1277	11
1278	8
1279	4
1280	6
17664	1
1281	10
1282	10
1283	3
1284	7
1285	6
1286	6
1287	10
1288	9
1289	9
1290	4
1291	6
1292	9
1293	5
1294	6
1295	4
1296	5
1297	7
1298	10
1299	12
1300	8
1301	3
1302	5
1303	5
1304	6
1305	5
1306	6
1307	8
1308	6
1309	4
1310	4
1311	11
1312	8
1313	12
1314	5
1315	7
1316	7
1317	4
17701	1
1318	6
1319	6
1320	8
1321	4
1322	4
1323	8
1324	5
1325	2
1326	10
17710	1
1327	10
1328	7
1329	9
1330	8
1331	3
1332	6
1333	6
1334	8
1335	7
1336	2
1337	8
1338	4
1339	6
17723	1
1340	9
1341	11
1342	12
1343	10
1344	7
1345	4
1346	7
1347	8
1348	9
1349	5
1350	10
1351	7
1352	10
1353	10
1354	5
1355	3
1356	7
1357	8
1358	10
1359	7
17744	1
1360	5
1361	4
1362	8
1363	5
1364	5
1365	8
1366	7
1367	8
1368	10
1369	5
1370	6
1371	2
17755	2
1372	7
1373	7
1374	5
1375	5
1376	4
1377	7
1378	5
1379	8
1380	5
1381	4
1382	5
1383	5
1384	5
1385	8
1386	6
1387	9
1388	3
1389	2
1390	5
1391	7
1392	14
1393	9
1394	7
1395	4
17779	1
1396	4
17780	1
1397	6
1398	5
1399	6
1400	5
1401	9
1402	5
1403	4
1404	5
1405	8
1406	8
1407	5
17791	1
1408	8
1409	7
1410	8
1411	11
1412	10
1413	6
1414	4
1415	4
1416	3
1417	7
1418	11
1419	6
1420	4
1421	3
1422	7
1423	9
1424	7
1425	4
1426	8
1427	4
1428	4
1429	11
1430	3
17814	2
1431	8
17815	1
1432	6
1433	9
1434	5
1435	9
1436	6
1437	15
1438	8
1439	6
1440	5
1441	5
1442	1
1443	6
1444	5
1445	5
1446	5
1447	8
1448	6
1449	10
1450	7
1451	8
1452	4
1453	9
1454	5
1455	3
1456	7
1457	7
1458	9
1459	9
1460	8
1461	6
1462	6
1463	5
1464	7
1465	6
1466	11
1467	3
1468	4
1469	4
1470	5
1471	8
1472	6
1473	4
1474	5
1475	4
1476	6
1477	7
1478	10
1479	6
1480	5
1481	4
1482	6
1483	5
1484	6
1485	13
1486	6
1487	5
1488	3
1489	9
1490	8
1491	8
1492	8
1493	2
1494	10
1495	12
1496	5
1497	4
1498	5
1499	5
1500	9
1501	8
1502	5
1503	5
1504	9
1505	4
1506	1
1507	6
1508	11
1509	10
1510	7
1511	8
1512	6
1513	9
1514	3
1515	6
1516	5
1517	5
1518	5
1519	2
1520	5
1521	3
1522	6
1523	6
1524	2
1525	4
1526	5
1527	3
1528	3
1529	2
1530	4
1531	6
17915	1
1532	8
1533	6
1534	9
1535	7
1536	5
1537	8
1538	11
1539	3
1540	4
1541	8
1542	14
1543	5
1544	5
1545	4
17929	1
1546	10
1547	12
1548	4
1549	4
1550	10
1551	5
1552	3
1553	4
1554	5
1555	3
1556	7
1557	12
1558	6
1559	8
1560	4
1561	9
1562	10
17947	1
1563	3
1564	8
1565	9
1566	6
1567	6
1568	4
1569	4
1570	5
1571	5
1572	6
1573	8
1574	6
1575	8
1576	7
1577	8
1578	5
1579	7
1580	8
1581	9
1582	6
17966	1
1583	4
1584	4
1585	4
1586	6
1587	9
1588	5
17972	1
1589	11
1590	11
1591	8
1592	11
1593	5
1594	6
1595	3
1596	7
1597	5
1598	15
1599	6
1600	8
1601	8
1602	6
1603	5
1604	3
1605	6
1606	9
1607	4
1608	6
1609	9
1610	4
1611	6
1612	5
1613	6
1614	7
1615	7
1616	5
1617	8
1618	10
1619	7
1620	6
1621	6
1622	9
1623	6
1624	11
1625	3
1626	3
1627	9
1628	8
1629	8
1630	6
1631	7
1632	7
1633	4
1634	6
1635	4
1636	8
1637	6
1638	5
1639	5
1640	4
1641	10
1642	11
1643	2
1644	4
1645	8
1646	5
18030	1
1647	4
1648	2
1649	3
1650	8
1651	4
1652	7
1653	5
1654	5
1655	1
1656	8
1657	4
1658	5
1659	9
1660	7
1661	11
1662	5
1663	9
1664	4
1665	5
18049	1
1666	6
18050	1
1667	8
1668	6
1669	3
1670	8
1671	6
1672	6
1673	9
1674	5
1675	7
1676	10
1677	4
1678	7
18062	2
1679	7
1680	11
1681	7
1682	5
1683	7
1684	6
1685	2
1686	6
1687	5
1688	5
18072	1
1689	12
1690	5
1691	2
1692	2
18076	1
1693	7
1694	6
1695	9
1696	5
1697	13
1698	3
1699	9
1700	7
1701	4
1702	7
1703	4
1704	5
1705	2
1706	5
1707	5
1708	7
1709	5
1710	7
1711	9
18095	1
1712	9
1713	3
1714	4
1715	4
1716	4
1717	10
1718	7
1719	4
1720	8
1721	4
1722	2
1723	2
1724	6
1725	12
1726	6
1727	6
1728	5
1729	8
1730	4
1731	7
1732	6
1733	9
1734	6
1735	4
1736	12
1737	9
1738	5
1739	7
1740	6
1741	6
1742	3
1743	2
1744	14
1745	11
1746	11
1747	7
1748	1
1749	5
1750	6
1751	3
1752	5
1753	7
1754	4
1755	5
1756	4
1757	5
1758	9
1759	5
1760	10
1761	8
1762	5
18146	1
1763	10
1764	6
1765	3
1766	8
1767	9
1768	12
1769	6
1770	11
1771	3
1772	8
1773	5
1774	8
1775	7
1776	13
18160	1
1777	6
1778	7
1779	14
1780	4
1781	5
1782	5
1783	8
1784	3
1785	5
1786	9
1787	11
1788	6
1789	3
1790	3
1791	5
1792	7
1794	6
1795	5
1796	5
1797	7
1798	7
1799	6
1800	10
1801	1
1802	4
1803	6
1804	3
18188	1
1805	4
1806	7
1807	5
1808	9
1809	8
1810	8
1811	4
1812	10
1813	6
1814	2
1815	10
1816	4
1817	7
1818	4
1819	3
1820	6
1821	8
1822	4
1823	4
1824	8
1825	4
1826	10
1827	4
1828	3
1829	6
1830	3
1831	7
1832	7
1833	4
1834	8
1835	5
1836	5
1837	4
1838	6
1839	8
1840	9
1841	4
1842	7
1843	1
1844	4
1845	6
1846	4
1847	4
1848	7
1849	7
1850	9
1851	7
1852	7
1853	5
1854	6
1855	4
1856	5
1857	8
1858	2
1859	3
1860	11
1861	7
1862	4
1863	3
1864	8
1865	5
1866	5
1867	8
1868	7
1869	8
1870	2
1871	3
1872	3
1873	6
1874	8
1875	8
1876	6
1877	2
1878	8
1879	6
1880	6
1881	4
1882	8
1883	4
1884	2
1885	11
1886	8
1887	4
1888	6
18272	1
1889	8
1890	5
1891	2
1892	5
1893	5
1894	5
1895	5
1896	6
18280	1
1897	6
1898	5
1899	3
1900	5
1901	9
1902	9
1903	4
1904	8
1905	6
1906	8
1907	4
1908	7
1909	8
1910	8
1911	9
1912	3
1913	5
1914	8
1915	3
1916	6
1917	4
1918	2
1919	3
1920	6
1921	7
1922	11
1923	8
1924	7
1925	2
1926	6
1927	10
1928	4
1929	6
1930	8
1931	7
1932	6
1933	6
1934	6
1935	5
1936	9
1937	6
1938	5
1939	5
1940	8
1941	5
1942	9
1943	8
18327	1
1944	4
1945	8
1946	4
1947	6
1948	8
1949	3
1950	7
1951	4
1952	3
1953	9
1954	3
1955	3
1956	8
1957	4
1958	5
1959	6
18343	1
1960	6
1961	10
1962	5
1963	4
1964	5
1965	5
1966	9
1967	4
1968	7
1969	10
1970	5
1971	4
1972	9
1973	4
1974	5
1975	7
1976	5
1977	7
1978	5
1979	5
1980	6
1981	5
1982	10
1983	7
1984	4
1985	6
1986	3
1987	6
1988	4
1989	7
1990	4
1991	7
1992	4
1993	3
1994	5
1995	9
1996	4
1997	4
1998	4
1999	3
2000	2
2001	7
2002	8
2003	5
2004	15
2005	10
2006	5
2007	2
2008	10
2009	8
2010	6
2011	7
2012	4
2013	7
2014	2
2015	3
2016	4
18400	1
2017	4
2018	5
2019	6
2020	9
18404	1
2021	7
2022	7
2023	5
2024	6
2025	8
2026	4
2027	5
2028	6
2029	5
2030	5
2031	2
2032	6
2033	4
2034	6
2035	5
2036	6
2037	5
2038	5
2039	4
2040	6
2041	6
2042	2
2043	3
2044	6
2045	7
2046	8
2047	4
2048	9
2049	7
2050	6
2051	6
2052	6
2053	4
2054	4
2055	6
2056	3
2057	4
2058	10
2059	4
2060	3
2061	2
2062	7
2063	11
2064	4
18448	1
2065	2
2066	6
2067	4
2068	2
2069	7
2070	10
2071	8
2072	10
2073	9
2074	3
2075	8
2076	6
2077	9
2078	4
2079	7
2080	9
2081	5
2082	11
2083	4
2084	3
2085	6
2086	4
2087	7
2088	7
2089	5
2090	9
2091	9
2092	5
2093	4
2094	5
2095	10
2096	5
2097	5
2098	2
2099	7
18483	1
2100	3
2101	4
2102	4
2103	9
2104	10
2105	5
2106	4
2107	6
2108	6
2109	3
2110	2
2111	4
2112	3
2113	8
2114	4
2115	9
2116	4
2117	6
2118	8
2119	5
2120	3
2121	5
2122	4
2123	8
2124	9
2125	3
2126	9
2127	2
2128	7
2129	6
2130	2
2132	6
2133	7
18517	1
2134	4
2135	3
2136	5
2137	11
2138	9
18523	1
2139	3
2140	6
2141	8
2142	2
18526	1
2143	3
2144	3
2145	4
2146	6
2147	10
2148	5
2149	2
2150	6
2151	4
18535	1
2152	8
2153	4
2154	5
2155	7
2156	8
2157	5
2158	7
2159	4
2160	6
18544	1
2161	4
2162	4
2163	7
2164	4
2165	8
2167	4
18551	1
2168	7
2169	8
2170	7
2171	5
2172	8
2173	2
2174	4
2175	5
2176	7
2177	6
2178	9
2179	4
2180	7
2181	2
2182	1
2183	5
2184	2
2185	11
2186	9
2187	6
2188	7
2189	5
2190	8
2191	6
2192	4
2193	6
2194	5
2195	5
2196	3
2197	8
2198	2
2199	10
2200	4
2201	2
2202	5
2203	7
2204	5
2205	5
2206	3
2207	9
2208	3
2209	8
2210	8
2211	7
2212	3
2213	6
2214	4
2215	3
2216	4
2217	5
2218	9
2219	1
2220	6
2221	7
2222	9
18606	1
2223	5
2224	6
2225	7
2226	5
2227	8
2228	2
2229	5
2230	5
2231	6
2232	11
2233	5
2234	3
2235	5
2236	5
2237	5
2238	5
2239	7
2240	8
2241	3
2242	10
2243	6
2244	6
2245	9
2246	5
2247	10
2248	8
2249	5
2250	1
2251	14
2252	7
2253	10
18637	1
2254	6
2255	3
18640	1
2256	7
2257	4
2258	5
2259	3
2260	2
2261	4
2262	5
2263	8
2264	4
2265	4
2266	6
2267	4
2268	8
2269	3
2270	3
18654	1
2271	6
2272	8
2273	3
2274	11
2275	12
2276	7
2277	9
2278	7
2279	9
2280	4
2281	4
2282	7
2283	5
2284	7
2285	6
2286	4
2287	5
2288	5
2289	3
2290	6
18674	1
2291	7
2292	3
2293	5
18677	1
2294	8
2295	2
2296	1
2297	5
2298	4
2299	5
2300	4
2301	6
2302	9
2303	8
2304	6
2305	6
2306	4
2307	4
2308	5
2309	2
2310	9
2311	5
2312	7
2313	6
18697	1
2314	7
18699	1
2315	4
2316	5
2317	5
2318	6
2319	3
2320	6
2321	9
2322	6
2323	11
2324	5
2325	6
2326	3
2327	4
2328	5
2329	5
2330	7
2331	7
2332	2
2333	5
2334	6
2335	8
2336	2
2337	3
2338	5
2339	10
2340	5
2341	7
2342	4
2343	6
2344	2
2345	6
2346	8
2347	4
2348	3
2349	8
2350	3
2351	5
2352	4
2353	5
2354	5
2355	9
2356	7
2357	9
2358	4
2359	5
2360	7
2361	8
2362	4
2363	6
2364	5
2365	9
2366	5
2367	5
2368	8
2369	5
2370	4
2371	9
2372	4
2373	8
2374	5
2375	7
2376	1
2377	5
2378	10
2379	12
2380	5
2381	10
2382	9
2383	5
2384	8
2385	5
2386	4
2387	8
2388	10
2389	5
2390	7
2391	6
2392	5
2393	6
2394	7
2395	5
2396	4
2397	7
2398	7
2399	3
2400	5
2401	10
2402	4
2403	3
2404	7
2405	3
2406	4
2407	3
2408	1
2409	10
2410	6
2411	7
2412	2
2413	9
2414	2
18798	1
2415	4
2416	4
2417	7
2418	5
2419	7
2420	3
2421	4
2422	4
2423	5
2424	3
2425	11
2426	6
2427	2
2428	6
2429	5
2430	4
2431	7
2432	10
2433	4
2434	5
2435	2
2436	5
2437	4
2438	5
2439	4
2440	7
2441	7
2442	7
2443	6
2444	3
2445	7
2446	5
2447	8
2448	3
2449	10
2450	5
2451	10
2452	4
2453	7
2454	5
2455	5
2456	4
2457	4
2458	4
2459	3
2460	10
2461	11
2462	5
2463	1
2464	11
2465	2
2466	4
2467	2
2468	4
18853	1
2469	3
2470	6
2471	5
2472	6
2473	5
2474	5
2475	9
2476	5
18860	1
2477	7
2478	3
2479	2
2480	6
2481	4
2482	1
2483	3
2484	6
2485	5
2486	4
2487	3
2488	7
2489	3
2490	7
2491	1
2492	9
2493	6
2494	4
2495	7
18880	1
2496	2
2497	6
2498	4
2499	9
2500	4
2501	7
2502	5
2503	4
2504	6
2505	7
2506	4
2507	4
2508	5
2509	2
2510	6
2511	8
2512	2
2513	6
2514	4
2515	4
2516	5
2517	3
2518	6
2519	8
2520	6
2521	5
2522	5
2523	7
2524	5
18908	1
2525	9
2526	6
2527	4
2528	8
2529	6
2530	2
2531	7
2532	3
2533	3
2534	2
2535	4
2536	6
2537	3
2538	3
2539	4
2540	6
2541	2
2542	1
2543	2
2544	6
2545	6
2546	7
2547	5
2548	7
2549	6
2550	4
2551	3
2552	6
2553	2
2554	2
2555	8
2556	7
2557	3
2558	6
2559	2
2560	4
2561	5
2562	4
2563	9
2564	7
2565	4
2566	4
2567	2
2568	6
2569	2
2570	2
2571	4
2572	2
2573	2
2574	1
2575	6
2576	7
2577	2
18961	1
2578	3
2579	4
2580	6
2581	5
2582	5
2583	5
2584	3
2585	9
2586	5
2587	10
2588	7
2589	5
2590	5
2591	4
2592	2
2593	10
2594	3
2595	4
18979	1
2596	3
2597	3
18981	1
2598	2
2599	8
2600	7
2601	1
2602	10
2603	6
2604	7
2605	6
2606	5
2607	4
2608	7
18992	1
2609	6
18993	1
2610	10
2611	3
2612	3
2613	3
2614	8
2615	4
18999	1
2616	7
2617	5
2618	4
2619	3
2620	8
2621	4
2622	3
2623	7
2624	6
2625	3
2626	7
2627	1
2628	7
2629	11
19013	1
2630	4
2631	3
2632	5
19016	1
2633	3
2634	4
19018	1
2635	6
2636	5
2637	3
2638	2
2639	5
2640	4
2641	3
2642	3
2643	3
2644	2
2645	2
2646	8
2647	6
2648	7
2649	6
2650	6
2651	7
2652	1
2653	6
2654	3
2655	5
2656	7
2657	7
2658	3
2659	9
2660	4
2661	2
2662	3
2663	9
2665	4
2666	3
2667	7
2668	6
2669	4
2670	7
2671	4
2672	2
2673	4
2674	5
2675	8
2676	4
2677	1
2678	4
2679	2
2680	5
2681	3
2682	5
2683	4
2684	3
2685	4
2686	5
2687	4
2688	4
2689	6
2690	5
2691	3
2692	3
2693	6
2694	5
2695	5
2696	5
2697	4
2698	7
2699	5
2700	1
19084	1
2701	4
2702	3
2703	6
2704	2
2705	6
2706	1
2707	3
2708	3
2709	7
2710	7
2711	4
2712	2
19096	1
2713	3
2714	7
2715	4
2716	2
2717	1
2718	5
2719	10
2720	5
2721	4
2722	2
2723	9
19108	1
2724	7
2725	4
2726	9
2727	2
2728	1
2729	4
2730	3
2731	4
2732	2
2733	8
2734	4
2735	6
2736	4
2737	3
19121	1
2738	6
2739	6
2740	4
2741	5
2742	2
2743	6
2744	2
2745	3
2746	1
2747	8
2748	8
2749	5
19133	1
2750	6
2751	3
2752	2
2753	5
2754	6
2755	5
2756	7
2757	4
2758	6
2759	6
2760	2
2761	3
2762	3
2763	4
2764	5
2765	4
2766	4
2767	5
2768	6
19152	1
2769	3
2770	6
2771	3
2772	3
2773	6
2774	1
2775	1
2776	4
2777	3
2778	2
2779	5
2780	6
2781	5
2782	6
2783	3
2784	2
2785	5
2786	7
2787	5
2788	8
2789	5
2790	6
2791	3
2792	4
2793	4
2794	7
2795	2
2796	6
2797	4
2798	7
2799	5
2800	3
2801	4
2802	7
2803	1
2804	3
2805	3
2806	2
2807	6
2808	3
2809	4
2810	2
2811	5
19196	2
2813	5
2814	2
2815	3
2816	4
2817	8
2818	7
2819	5
2820	9
2821	7
2822	5
2823	5
2824	11
2825	4
2826	1
2827	6
2828	6
2829	3
2830	7
2831	3
2832	5
2833	6
2834	3
2835	3
2836	3
2837	3
2838	2
2839	2
2840	4
2841	2
2842	3
2843	4
2844	3
2845	8
2846	6
2847	3
2848	4
2849	3
2850	2
2851	4
2852	3
2853	6
19237	1
2854	4
2855	5
2856	2
19240	1
2857	2
2858	8
2859	5
2860	5
2861	4
2862	7
2863	3
2864	3
2865	4
2866	3
2867	5
2869	4
2870	2
2871	3
2872	8
2873	10
2874	3
2875	2
2876	5
2877	6
2878	1
2879	3
2880	4
2881	5
2882	6
2883	2
2884	3
2885	2
2886	6
2887	2
2888	5
2889	2
2890	6
2891	4
2892	7
2893	5
2894	8
2895	4
2896	1
2897	3
2898	7
2899	6
2900	5
2901	13
2902	4
2903	5
2904	3
2905	8
2906	7
2907	6
19291	1
2908	4
2909	7
2910	2
2911	8
2912	2
2913	3
2914	4
2915	3
2916	5
2917	8
2918	6
2919	5
2920	6
2921	4
2922	5
2923	2
2924	6
2925	1
2926	3
2927	4
2928	3
2929	5
2930	4
2931	4
2932	5
2933	5
2934	5
2935	6
2936	5
2937	6
2938	5
2939	6
2940	2
2941	3
2942	3
2943	2
2944	5
2945	8
2946	4
2947	2
2948	6
2949	1
2950	4
2951	5
2952	6
2953	4
2954	2
2955	6
2956	4
2957	5
2958	5
2959	4
2960	3
2961	3
2962	4
2963	6
2964	3
2965	1
2966	2
2967	4
2968	3
2969	6
2971	4
2972	2
2973	2
2974	3
2975	5
2976	5
2977	7
2978	2
2979	5
2980	3
2981	6
2982	7
2983	6
2984	6
2985	6
2986	4
2987	5
2988	5
2989	4
2990	3
2991	3
2992	4
2993	5
2994	3
2995	7
2996	5
2997	3
2998	5
2999	3
3000	4
3001	4
3002	6
3003	2
3004	1
3005	3
3006	8
3007	2
3008	4
3009	4
3010	3
3011	1
3012	2
3013	3
3014	2
3015	5
3016	3
3017	4
3018	5
3019	1
3020	3
3022	3
3023	2
3024	5
3025	1
3026	6
3027	7
3028	3
3029	1
3030	5
3031	6
3032	4
3033	4
3034	6
3035	4
3036	3
3037	6
3038	5
3039	3
3040	3
3041	4
3042	3
3043	1
3044	5
3045	3
3046	4
3047	4
3048	4
3049	4
3050	3
3051	2
3052	3
3053	3
3054	5
3055	2
3056	4
3057	4
3058	3
3059	2
3060	1
3061	3
3063	2
3064	7
3065	7
3066	3
3067	3
19451	1
3068	1
3069	4
3070	8
3071	2
3072	6
3073	6
3074	2
3075	4
3076	4
3077	6
3078	5
3079	4
3080	7
3081	4
3082	1
19466	1
3083	6
3084	10
3085	8
3086	3
3087	8
3088	6
3089	4
3090	3
3091	4
3092	3
3093	5
3094	4
3095	6
3096	6
3097	1
3098	1
3099	4
3100	2
3101	6
3102	5
3103	5
3104	5
3105	4
3106	4
3108	3
3109	3
3110	5
3111	2
3112	6
19496	1
3113	5
3114	4
19498	1
3115	2
3116	2
3117	3
3118	6
3119	3
3120	4
3121	7
3122	2
3123	4
3124	3
3125	7
3126	3
3127	2
3128	6
3129	5
3130	3
3131	3
3132	4
3133	5
3134	1
3135	6
3136	3
3137	3
3139	2
3140	3
3141	9
3142	3
3143	1
3144	5
3145	4
3146	4
3147	3
3148	5
3149	4
3150	5
3151	7
3152	3
3153	2
3154	7
3155	4
3156	2
3157	5
3158	4
3159	3
3160	5
3161	3
3162	5
3163	1
19547	1
3164	6
3165	3
3166	5
3167	1
3168	2
3169	1
3170	6
19554	1
3171	3
3172	5
3173	4
3174	5
3175	3
3176	4
3177	4
3178	2
19562	1
3179	1
19563	1
3180	5
3182	5
3183	3
3184	4
3185	1
3186	1
3187	3
3188	2
3189	4
3190	2
3192	5
3193	4
3194	4
3195	3
3196	3
3197	5
3198	3
3199	5
3200	4
3201	5
3202	4
3203	3
3204	5
3205	4
3206	5
3207	5
3208	5
3209	4
3210	5
3211	5
3212	3
3213	4
3214	1
3215	3
3216	1
3217	4
3218	3
3219	5
3220	5
3221	1
3222	2
3224	5
3227	4
3228	3
3229	3
3230	2
3231	4
3232	5
3233	3
3234	4
3235	4
3236	6
3237	2
3238	4
3239	4
3240	3
3241	4
3242	6
3243	5
3244	2
3245	4
3246	2
3247	5
3248	2
3249	3
3250	4
3251	6
3252	1
3253	4
3254	1
19639	1
3255	1
3256	2
3257	6
3258	4
3259	3
3260	7
3261	2
3262	6
3263	3
3264	4
3265	4
3266	3
3267	3
3268	5
3269	7
3270	5
19654	1
3271	8
3272	6
3273	1
3274	3
3275	4
3276	2
3277	4
3278	5
3279	3
3280	4
3281	6
3282	6
3283	4
19668	1
3284	2
3285	3
3286	2
3287	7
3288	4
3289	6
3290	6
3291	3
3292	3
3294	2
3295	4
3296	4
3297	7
3298	5
3299	4
3300	6
3301	5
3302	1
3303	4
3304	2
3305	3
3306	4
3307	3
3308	6
3309	8
3310	5
3311	1
3312	4
3313	2
3314	4
3315	1
3316	3
3317	2
3318	7
3319	2
3320	4
3321	4
3322	7
3323	4
3324	4
3325	2
3326	6
3327	4
3328	3
3329	2
3330	2
3331	3
3332	1
3333	4
3334	3
3335	3
3336	5
3337	2
3338	5
3339	2
3340	3
3341	2
3342	1
3343	4
3344	6
3345	3
3346	4
3347	3
3348	4
3349	4
3350	5
3351	4
3352	7
3353	4
3354	4
3355	2
3356	2
3357	5
3358	4
3359	6
3360	2
3361	5
3362	2
3363	5
3364	4
19748	1
3365	2
3367	4
3368	1
3370	5
3371	3
3372	2
3373	3
3374	3
3375	3
3376	3
3377	2
3378	4
3379	2
3380	5
3381	3
3382	3
3383	7
3384	2
3385	5
3386	1
3387	2
3388	2
3389	3
3390	6
3391	6
3392	6
3393	2
19777	1
3394	2
3395	7
3396	5
3397	3
3398	3
3399	2
3400	4
3401	4
3402	2
3403	2
3404	4
3405	2
3406	4
3407	3
3408	1
3409	2
3410	6
3411	2
3412	3
3413	2
3414	1
3415	1
3416	3
3417	3
19801	1
3418	1
3420	8
3421	5
3422	5
3423	3
3424	2
3425	1
3426	4
3427	1
3429	4
3430	4
3431	3
3432	2
3433	6
3434	7
3435	2
3436	2
3437	1
3438	2
3439	3
3440	7
3441	3
3442	2
3443	1
3444	1
3445	4
3446	2
3447	4
3448	3
3449	1
3450	6
3451	6
3452	3
3453	5
3454	1
3455	5
3456	5
3457	1
3458	2
3460	4
3461	4
3462	3
3463	4
19848	1
3464	3
3465	4
3466	2
19851	1
3467	7
3468	4
3469	2
3470	3
3471	2
3472	3
3473	3
3474	2
3475	2
3476	3
3477	3
3478	1
3479	2
3480	4
3481	3
3482	4
3483	5
3485	3
3486	6
3487	3
3488	3
3489	5
3490	3
19874	1
3491	1
3492	2
3493	1
3494	5
3495	2
3496	3
3497	7
3498	2
3499	2
3500	3
3501	2
3502	2
3503	1
3504	2
3505	4
3506	2
3507	2
3508	1
3509	4
3510	2
3511	4
3512	2
3513	3
3514	2
3515	4
3517	2
3518	1
3519	7
3520	1
3521	1
3522	2
3523	5
3524	7
3525	4
3526	2
3527	3
3528	2
3529	3
3530	3
3531	6
3532	3
3533	4
3534	5
3535	2
3536	2
3537	5
3538	2
3539	5
3540	3
3541	3
3542	6
3543	2
3544	4
3545	2
19930	1
3547	4
3548	4
3550	3
3551	4
3552	5
3553	3
3554	2
3555	2
3556	2
3557	2
3558	5
3559	5
3560	2
3561	1
3562	5
3563	1
3564	3
3565	3
3566	4
3567	2
3568	4
3569	3
3570	2
3571	5
3572	2
3573	5
3574	1
3575	2
3576	5
3577	3
3578	2
3579	1
3580	6
3581	3
3582	2
3583	2
3584	4
3585	3
3586	2
3587	2
3588	8
3589	4
3590	2
3591	2
3592	2
3593	2
3594	3
3595	5
3596	1
3597	2
3598	4
3600	1
3601	2
3602	2
3603	2
3604	2
3605	1
3606	5
3607	4
3608	2
3609	2
3610	3
3611	5
3612	1
3613	7
3614	3
3615	1
3616	4
3618	2
3619	3
3620	3
3622	3
3623	1
3624	2
3625	1
3626	2
3627	1
3628	1
3629	1
3630	1
3631	1
3632	3
20016	1
3633	2
3634	4
3635	3
3636	1
3637	1
3638	1
3639	3
3640	2
3641	3
3642	1
20026	1
3643	4
3644	3
3645	5
3646	2
3647	3
3648	5
3649	4
3650	2
3651	3
3652	3
3653	1
3654	2
3655	2
3656	4
3657	3
3658	2
3659	3
3660	2
3661	5
3663	2
3664	2
3665	2
3666	2
3667	2
20051	1
3668	2
3670	4
3671	4
3672	1
3673	3
3674	2
20058	1
3675	3
3676	4
20060	1
3677	2
3678	2
3679	3
3680	2
3681	6
3682	2
3683	5
3684	2
3685	3
3686	7
3687	4
3688	2
3689	6
3690	2
3691	2
3692	2
3694	4
3695	2
3696	1
3697	7
3698	4
3699	1
3700	4
3701	2
3702	3
3703	3
3704	1
3705	2
3706	2
3707	3
3708	3
3709	2
3710	3
3711	1
3712	2
3713	2
20098	1
3714	2
3715	2
3716	2
3717	1
3718	1
3719	3
20104	1
3721	4
3722	2
3723	2
3724	3
3725	2
3726	4
3727	3
3729	1
3730	1
3731	3
3732	1
3733	2
3734	7
3736	4
3737	2
3738	3
3739	4
20124	1
3741	2
3742	5
3743	1
3744	7
3745	1
3746	4
3747	3
3748	2
3749	2
3751	3
3752	3
3753	1
3754	4
3755	1
3756	3
3757	4
20142	1
3758	1
3759	3
3760	7
3761	1
3763	1
3764	3
3765	1
3766	1
3767	1
3768	2
3769	4
3770	6
3772	1
3773	2
3774	3
3775	1
3777	2
3778	5
3779	5
3780	1
3781	1
3782	1
3784	2
3785	3
3786	2
3787	1
3788	2
3789	2
3790	2
3791	1
3792	2
3793	4
3794	3
20178	1
3795	3
3796	4
3797	3
3798	6
3799	2
3800	5
3801	3
3802	2
3803	4
3804	7
3805	3
3806	4
3807	1
3808	3
3809	2
3811	4
3812	2
3814	4
3815	3
3816	5
3817	4
3818	2
3819	1
3820	2
3821	4
3822	1
3823	4
3824	3
3825	3
3826	5
3827	1
3828	4
3829	1
3830	2
3831	4
3832	2
3833	3
3834	1
3835	3
3836	3
3837	2
3838	2
3839	3
3840	5
3841	1
3842	5
3843	1
3844	1
3845	2
3846	2
3848	1
3849	4
3851	4
3852	1
3853	4
3855	1
3856	1
3859	2
3860	2
3862	3
3863	2
3864	1
3865	2
3866	6
3867	3
3868	3
3869	2
3870	2
3871	3
3872	6
3873	5
3874	3
3875	3
3876	2
3877	1
3879	1
3880	3
3881	4
3882	6
3883	5
3884	3
3885	2
3886	1
3887	4
3889	5
3890	4
3891	1
3892	4
20276	1
3893	4
3894	4
3895	4
3896	2
3897	3
20281	1
3898	6
3899	3
3900	2
3901	3
3902	2
3903	1
3904	1
3905	4
3906	5
3907	1
3908	4
3909	2
3910	2
3912	4
3913	6
3914	2
3916	2
3917	2
3918	1
3920	4
3921	1
3922	4
3923	5
3924	2
3925	1
3926	2
3927	2
3928	5
3929	2
3930	6
3931	2
3932	1
3933	4
3934	4
3935	2
3936	4
3937	1
3938	1
3939	2
3941	1
3942	1
3943	3
3944	3
3945	1
3946	3
3948	3
3949	4
3950	3
3951	3
3952	2
3953	3
3954	2
3955	2
3956	2
3957	2
20341	1
3958	5
3959	3
3960	2
3961	1
3962	5
3965	2
3966	4
3967	4
3968	4
3970	4
3971	2
3972	3
3973	4
3974	1
3975	1
3976	2
3977	1
3978	4
3982	1
3983	1
3984	2
3985	2
3986	2
20370	1
3988	1
3989	2
3990	3
3991	1
3992	1
3993	1
3994	2
3996	2
3997	2
3998	4
3999	4
4000	1
4001	1
4002	3
4003	2
4004	1
4006	2
4007	2
4010	1
4011	1
4012	1
4013	6
4015	4
4016	2
4019	2
20403	1
4020	2
4021	1
4022	4
4023	2
4024	1
4025	2
4027	1
4028	2
4029	2
4031	3
4033	1
4034	2
4035	1
4036	3
4037	4
20421	1
4038	1
4039	4
4041	1
4042	1
4043	2
4044	1
4045	4
4046	1
4047	2
4048	1
4049	3
4050	1
4051	1
4052	3
4053	4
4054	2
4056	3
20440	1
4057	2
4058	1
4060	3
4061	2
4062	5
4063	3
4064	4
4065	2
4067	1
4068	2
4069	4
4070	1
4071	3
4072	1
4073	3
4074	3
4076	1
20461	1
4077	1
4078	4
4079	3
4080	1
4081	4
4083	1
4084	1
20468	1
4085	2
4086	4
4087	1
4088	2
4089	3
4090	1
4091	2
4092	2
4093	3
4094	1
20478	1
4095	4
4096	2
4097	1
4098	1
4099	1
4100	1
4101	2
4103	1
4104	1
4105	4
4106	2
4107	4
4108	2
4109	1
4110	1
4111	4
4112	1
4113	2
4114	2
4116	6
4117	4
4118	7
4119	1
4121	1
4122	3
4123	3
4124	2
4125	1
4128	2
4130	1
4131	1
4132	2
4133	2
4134	1
4135	1
4136	1
4137	3
4138	1
4139	1
4141	2
4142	5
4145	2
4146	1
20530	1
4149	5
4151	1
4152	3
4153	2
4154	2
4155	2
4156	1
4157	1
4158	2
4159	5
4160	2
4161	4
4162	1
4163	2
4164	4
4165	1
4167	1
4168	1
4169	4
4170	1
4171	2
4172	1
4173	2
4174	1
4175	2
4176	1
4177	4
4178	3
4179	3
4180	3
4181	3
4182	3
4183	1
4184	1
4186	3
4187	3
4189	1
4190	1
4191	1
4192	4
4193	2
4194	1
4195	5
20579	1
20580	1
4196	1
4197	2
4198	1
4199	1
4200	2
4201	1
4202	3
4203	3
4204	2
4205	6
4206	1
4207	3
4208	2
4209	1
4210	5
4211	2
4212	3
4213	1
4214	3
4215	2
4216	3
4217	1
4218	4
4219	2
4220	3
4221	4
4222	3
4224	2
4225	1
4226	2
4227	1
4228	1
4229	2
4230	5
4231	2
4232	4
4233	2
4234	1
4235	3
4236	2
4237	2
4238	2
4239	1
4241	3
4242	2
4243	1
4244	2
4245	2
4246	1
4247	3
4248	3
4249	3
4250	6
4251	2
4252	1
4253	2
4255	1
4257	2
4259	4
4260	2
4261	1
4262	2
4263	4
4264	1
4265	4
4266	6
4267	3
4270	1
4271	1
4272	2
4273	2
4274	3
4275	2
4276	3
4277	5
4278	2
4279	1
4280	2
4281	4
4282	1
4283	2
4284	4
4286	1
4290	1
4291	1
4292	3
4293	2
4294	2
4295	2
4297	4
4298	3
4299	2
4300	1
4301	5
4302	3
4303	1
4304	2
4305	2
4306	1
4307	3
4308	2
4309	1
4310	1
4311	2
4312	2
4313	2
20698	1
4316	5
4317	1
4318	2
4319	1
4320	5
4321	2
4322	2
20706	1
4323	2
4324	2
4325	4
4326	5
4327	2
4328	2
4329	3
4330	1
4331	1
4332	3
4333	6
4336	2
4337	2
4339	2
4340	2
4341	3
4342	1
4343	1
4344	3
4345	2
4346	1
4348	2
4350	3
4351	1
4352	2
4353	1
4354	2
4355	2
4358	1
4359	1
4360	2
4361	1
4362	1
4363	1
4364	3
4366	3
4367	2
4369	1
4370	1
4371	1
4372	3
20757	1
4373	1
4374	3
4375	3
4376	1
4377	4
4378	1
4379	4
20763	1
4380	2
4381	3
4383	1
4386	2
20770	1
4387	2
4388	1
4389	2
4390	5
4391	2
4392	1
4393	2
4394	5
4395	4
4396	2
4397	3
4398	3
4399	3
4400	3
4402	1
4404	1
4405	1
4406	2
4408	2
4409	2
4411	1
4412	1
20796	1
4413	2
4414	2
4415	1
4416	1
20803	1
4420	1
4421	3
4422	1
4423	2
4424	2
4425	2
4426	1
4428	1
4429	1
4430	1
4432	1
4434	3
4436	2
4437	3
4438	1
4439	2
4440	1
4441	1
4442	2
20826	1
4443	4
4444	1
4445	1
4446	1
4447	2
4448	1
4449	1
4450	4
4452	3
4453	4
20838	1
4455	1
4456	3
4457	1
4459	3
4460	2
4461	1
4463	3
4464	2
4465	3
4466	2
4467	1
4468	3
4469	2
4474	2
4476	1
4478	1
4480	1
4482	2
4483	2
4484	3
4485	2
4486	1
4487	2
4488	1
4489	2
4492	1
4493	2
4494	1
4496	2
4497	3
4498	2
4500	4
4501	1
4502	1
4503	2
4505	1
4506	1
4509	2
4510	1
4511	3
4512	1
4513	1
4514	2
4515	5
4516	1
4517	2
4518	1
4521	1
4522	1
4523	2
4524	1
4525	1
4526	1
4527	2
4530	2
4531	1
4532	1
4533	1
4534	2
4536	1
4537	1
4538	1
4539	2
4540	2
4541	2
4542	1
4543	1
4544	3
4546	1
4547	1
4548	1
4549	1
4550	1
4551	1
4552	4
4553	2
4554	2
4555	1
4556	3
4557	1
4558	1
4559	1
4560	1
4561	1
4562	1
4565	2
4567	2
4568	2
4569	4
4570	1
4572	1
4573	2
4575	2
4576	2
4577	1
4579	1
4580	1
4582	2
4585	4
4586	2
4587	1
4588	1
4589	1
4590	1
4591	1
4592	1
4594	3
4596	1
4597	1
4598	2
4599	1
4600	2
4601	2
4602	1
4603	1
4605	2
4606	3
4607	3
4609	3
4611	2
4612	2
4613	1
4614	3
4615	6
4616	3
4620	1
4621	2
4623	1
4624	2
4627	1
4628	1
4629	2
4630	3
4631	1
4633	1
4635	1
4636	3
4637	1
4638	5
4639	1
4640	1
4642	1
4643	1
4644	1
4645	3
4648	2
4649	1
4650	3
4651	3
4652	3
4653	1
4654	1
4655	1
4656	2
4657	1
4658	1
4660	1
4661	2
4662	4
4664	5
4665	1
4666	1
4668	1
4669	3
4671	2
4673	2
4674	2
4675	2
4676	1
4677	2
4678	2
4679	1
4680	1
4683	1
4686	2
4687	1
4688	1
4693	1
4694	2
4695	1
4696	4
4697	1
4698	2
4699	2
4700	1
4702	2
4703	1
4704	1
4705	2
21089	1
4706	1
4708	1
4710	1
4711	4
4712	1
4713	1
4714	3
4715	1
4716	3
4717	2
4720	2
4721	1
4722	3
4723	1
4724	2
21109	1
4725	2
4726	2
4727	1
4728	1
4730	3
4731	2
4732	3
4733	1
4735	2
4736	1
4738	1
4739	1
4740	2
4742	2
4743	1
4745	1
4746	2
4747	1
4748	1
4749	2
4750	2
4751	1
4752	2
4753	2
4754	4
4755	2
4756	2
4758	2
4759	1
4760	1
4763	1
4764	2
4765	2
4766	1
4768	2
4771	3
4772	1
4773	3
4774	4
4776	1
4777	1
4779	1
4780	3
4781	2
4782	2
21166	1
4785	1
21170	1
4787	1
4788	1
4790	1
4791	1
4792	1
4793	1
4797	2
4799	1
4801	2
4802	1
4803	1
4805	1
4806	1
4807	2
4808	3
21193	1
4810	2
4812	2
4814	1
4815	1
21201	1
4817	3
4818	1
4819	2
4820	2
4821	1
4822	2
4823	3
4824	1
4825	1
4826	2
4827	2
4830	1
4832	1
4833	2
4835	1
4836	2
4837	1
4838	1
4839	2
4840	2
4844	1
4845	2
4846	1
4848	1
4850	2
4851	2
21236	1
4852	1
4853	1
21239	1
4855	1
4856	4
4857	2
4858	1
4860	1
4862	3
4863	3
4864	3
4865	1
4867	2
4868	2
4869	2
4870	2
4871	2
4873	3
4875	3
4876	2
4877	1
4879	1
4880	2
4881	3
4882	2
4883	1
4885	2
4886	1
4887	1
4888	4
4889	2
4890	2
4891	4
4893	1
4894	2
4897	2
21281	1
4899	1
4900	2
4902	1
4903	2
4904	1
4905	2
4907	1
4908	3
4909	1
4911	1
4912	2
4913	1
4914	2
4915	3
4917	1
4918	1
4919	2
4920	1
4921	2
4924	3
4925	1
4926	3
4927	1
4928	1
4930	1
4931	1
4932	2
4933	1
4935	2
4936	1
4938	1
4939	1
4940	1
4941	2
4943	1
4944	1
4946	1
4948	1
4950	1
4951	1
4953	2
4954	1
4955	1
4956	1
4957	3
4958	1
4959	3
4960	2
4961	2
4963	2
4964	2
4965	1
4966	3
4969	2
4970	1
4974	1
4979	1
4980	2
4981	3
4983	2
4984	1
4985	1
4986	1
4987	1
4988	3
4989	2
4992	1
4994	1
4995	1
4996	1
4998	2
4999	1
5002	1
5003	3
5004	4
5005	1
5007	1
5008	1
5010	2
5011	2
5012	3
5013	1
5014	2
5019	2
5022	1
5023	1
5024	2
5025	2
5026	2
5027	1
5029	2
5030	2
5031	2
5033	1
5034	1
5035	2
5036	1
5038	1
5039	1
5040	1
5041	1
5042	2
5043	1
5044	1
5046	2
5048	1
5049	1
5053	2
5059	1
5060	1
5062	3
5064	1
5065	1
5066	2
21452	1
5069	1
5071	2
5072	1
5074	1
5075	2
21460	1
5078	1
5079	3
5080	1
5082	2
5083	1
5085	2
5086	1
21470	1
5087	1
5088	3
5092	2
5095	1
5099	2
5100	4
5102	3
5104	1
5105	5
5106	4
21490	1
5108	3
5109	3
5110	3
5113	2
5114	1
5116	1
5119	2
5122	1
5123	1
5126	4
5128	1
5129	2
5130	2
5131	1
5132	1
5136	1
5137	1
5139	1
5140	2
5141	1
5144	2
5145	2
5146	1
5147	2
5148	1
5149	1
5150	3
5151	1
5153	2
5155	1
5157	1
5158	1
5159	2
5160	1
5161	1
5162	1
5167	1
5168	1
5169	1
5170	3
5171	1
5172	2
5173	1
5174	1
5175	1
5176	1
5177	3
5178	1
5179	1
5180	1
5181	1
5183	3
5184	3
5185	1
5188	2
5189	1
5190	2
5193	3
5195	2
5196	1
5197	1
5200	1
5201	1
5202	1
5203	2
5204	1
5206	2
5208	2
5209	1
5210	1
21596	1
5213	2
5214	1
5215	2
5216	2
5224	4
5225	1
5234	1
5235	2
5237	2
5238	3
5239	2
5240	1
5241	2
5243	3
5245	1
5247	2
5248	2
5249	1
5252	1
5254	2
5255	2
5256	1
5259	2
5264	1
5265	3
5266	2
5267	1
5269	1
5270	1
5271	1
5272	2
5275	2
5276	3
5277	2
5278	1
5279	2
5280	1
5282	1
5283	1
5284	3
5285	1
5286	2
5287	1
5289	1
5291	1
5292	2
5293	2
5295	1
5296	2
5297	1
5298	1
5299	1
5300	1
5301	1
5303	1
5304	2
5306	1
5307	3
5308	2
5312	1
5313	1
5314	2
5317	1
5318	2
5321	2
5322	1
5324	2
5326	1
5327	2
5331	1
5332	2
5333	2
5334	2
5335	2
5336	2
5339	1
5340	1
5341	1
5342	2
5343	1
5344	1
5349	1
5351	1
5352	1
5353	1
5354	2
5358	2
5360	2
5362	1
5364	1
5365	1
5366	1
5371	1
5373	1
5375	1
5377	2
5378	1
5379	2
5380	1
5381	1
5383	1
5385	1
5386	2
5387	1
5388	1
5389	3
21773	1
5390	2
5391	2
5393	1
5394	2
5395	1
5396	1
5399	2
5401	3
5403	1
5407	1
21791	1
5408	1
5409	1
5410	1
5411	1
5412	3
5413	1
5416	1
5417	1
5418	1
5419	1
5420	1
5427	3
5428	2
5429	2
5430	2
5432	2
5434	2
5436	2
21820	1
5438	1
5440	2
5443	1
5444	1
5446	1
5447	1
5449	1
5455	1
5456	1
5459	1
5461	1
5464	1
5465	1
5470	1
5471	2
5472	1
5474	2
5475	2
5476	1
5479	2
5485	1
5486	1
21873	2
5490	1
5495	1
5497	4
21882	1
5499	1
5500	2
5501	1
5502	1
5504	1
5507	3
5508	1
5509	1
5511	1
5513	1
5514	1
5515	1
5516	1
5520	1
5523	1
5524	1
5525	1
5530	1
5531	4
5535	1
5537	1
5539	1
5540	1
5541	1
5542	3
5543	1
5544	1
5547	1
5548	1
5549	1
5550	1
5551	1
5552	2
5554	1
5555	1
5556	2
5558	1
5560	1
5563	2
5565	1
5567	2
5569	1
5573	1
5575	2
21959	1
5576	2
5577	4
5578	1
5581	1
5582	1
5583	1
5584	1
5585	2
5586	1
5587	1
5589	1
5590	4
5591	1
5592	1
5594	1
5596	1
5597	1
5602	1
5603	1
5604	1
5608	1
21993	1
5610	1
5611	1
5616	2
5617	1
5620	2
5622	1
5623	1
5625	2
5627	1
5629	2
5632	1
5633	1
5634	1
5635	1
5638	1
5640	1
5641	1
5642	1
5643	2
5644	1
5645	2
5649	2
5652	1
5654	2
5655	1
5657	1
5660	1
5662	2
5665	2
5666	2
5669	1
5670	1
5671	1
5673	1
5675	1
5676	1
5678	1
5679	1
5680	1
5681	1
5682	1
5687	1
5688	1
5689	2
5690	1
5691	2
5693	2
5694	2
5696	2
5697	1
5698	1
5701	1
5702	1
5703	2
5704	2
5706	3
5709	1
5712	1
5713	1
5723	1
5724	1
5726	1
5727	1
5728	2
5733	1
5736	2
5737	1
5739	1
5740	2
5743	1
5744	2
5745	2
5747	1
5748	1
5749	1
5750	1
5753	1
22137	1
5754	1
5755	1
5759	1
5761	1
5762	2
5764	1
5770	2
5771	3
5772	1
5774	2
5775	1
5776	1
5778	1
5784	2
5785	1
22171	1
5788	1
5792	1
5794	1
5796	1
5797	1
5798	1
5800	1
5802	3
5803	1
5806	2
5807	1
5809	1
5810	1
5812	2
5813	1
5814	1
5815	2
5822	4
5823	1
5825	1
5826	1
5827	1
5828	1
5831	1
5832	2
5834	1
5837	1
5839	2
5841	1
5842	1
5845	1
5848	1
5855	1
22239	1
5857	1
5858	1
5859	1
5864	1
5865	1
5866	2
5868	1
5870	1
5873	1
5874	1
5875	1
5876	2
5879	1
5881	1
5882	1
5883	1
5888	1
5889	2
5890	1
5892	2
5894	1
5895	2
5897	1
5902	1
5903	2
5904	1
5905	1
5908	2
5909	1
5913	1
5916	4
5917	1
5920	1
5922	2
5925	1
5929	1
5931	1
5933	1
5935	1
5936	2
5937	1
5944	1
5946	1
5947	1
5948	1
5949	2
5950	1
5952	1
5953	1
5954	1
5955	1
5956	1
5959	1
5961	3
5964	1
5966	1
5967	1
5968	1
5971	1
5973	1
5976	1
5978	3
5979	1
5983	1
5988	2
5989	1
5992	1
5997	1
5999	1
6010	1
6011	1
6012	1
6013	1
6014	2
6015	1
6016	1
6023	1
6024	1
6025	1
6027	3
6028	2
6029	1
6030	1
6032	2
22422	1
6038	1
22425	1
22429	1
6046	1
6048	1
6049	1
6051	1
6053	1
6055	1
6057	1
6058	1
6061	1
6066	1
6067	2
6068	1
6069	2
6070	1
6074	1
6076	1
6077	1
6080	1
6082	1
6085	2
6086	1
6088	1
6093	2
6094	1
22479	1
6095	2
6096	1
6097	2
6099	1
6100	1
6101	1
6103	2
6104	2
6105	1
6106	1
6112	1
6114	1
6115	1
6120	2
6121	2
6122	1
6126	2
6128	1
6129	1
6131	1
6133	1
6138	1
6139	1
6140	2
6141	1
6143	1
6146	1
6148	1
6151	2
6152	1
6154	1
6162	1
6163	1
6165	1
6168	1
6169	1
6171	1
6175	1
6182	1
6185	1
6186	1
6188	1
22573	1
6191	2
6192	2
6193	1
6195	2
6197	1
22582	1
6199	1
6202	1
6204	1
6205	1
6209	1
6210	1
6211	1
6213	2
6215	1
6216	1
6217	1
6219	2
6222	1
6227	2
6228	1
6230	1
6232	1
6234	2
6235	1
6236	2
6237	1
6238	1
6241	2
22628	1
6245	1
6246	2
6251	1
6253	1
6255	2
6263	1
6267	1
6269	1
6270	1
6273	1
6274	2
6275	1
6276	2
6281	1
22668	1
6286	2
6287	2
6289	3
6292	1
6293	1
6298	1
6315	1
6316	1
6318	1
6319	1
6320	1
6323	1
6324	1
6325	2
6328	1
6329	1
6333	2
6335	1
6337	1
6338	1
22722	1
6340	2
6341	2
6342	1
6343	1
6345	2
6349	1
6354	1
6357	1
6363	2
6366	1
6368	1
6369	3
6371	1
6373	1
6377	1
6378	1
6381	1
6384	2
6386	2
6387	1
6389	1
6390	1
6391	1
6392	2
6394	1
6396	1
6398	1
6401	2
6402	1
6403	1
6407	1
6408	1
6409	1
6411	1
6417	1
6419	3
6422	1
22808	1
6425	1
6426	1
6430	1
6432	1
6434	1
6435	1
6436	1
6437	1
6440	2
6442	1
6446	1
6452	1
6453	1
6455	1
6460	1
6461	3
6464	1
6465	1
6470	1
6473	1
6479	1
6481	2
6483	1
6485	1
6488	1
6492	1
6494	1
6496	1
6498	1
6499	1
6500	1
6502	1
6504	1
6508	1
6509	2
6512	1
6516	1
6520	2
6529	2
6531	1
6532	1
6535	3
6539	2
6540	2
6542	1
6543	1
6544	1
6545	1
22931	1
6548	1
6552	1
6555	1
6556	1
6558	2
6559	1
6561	2
6562	1
6563	1
6568	1
6570	1
6572	1
6573	1
6574	3
6576	2
6582	1
6583	2
6586	2
6588	2
6589	2
6598	1
6600	1
6602	1
6608	1
6611	1
6613	1
6615	1
6618	1
6619	1
23013	1
6629	1
6631	1
6639	1
6640	1
6641	2
6643	1
6645	3
6646	1
6648	1
6653	1
6654	1
6657	1
6663	1
6665	1
6670	1
6671	2
6672	2
6675	1
6678	1
6680	3
6682	1
6685	3
6686	1
6687	1
6688	1
6691	1
6692	1
6693	1
6694	1
6695	2
6698	1
6703	1
6706	1
6708	2
6715	1
6716	1
6720	2
6723	1
6726	1
6730	1
6732	1
6733	1
6743	1
6746	1
6748	4
6757	1
6760	1
6761	1
6764	1
6773	1
6774	1
6778	1
6779	1
6781	1
6782	2
6786	1
6787	1
6788	1
6789	1
6790	1
6796	2
6800	2
6803	1
6804	1
6805	1
6808	2
6821	2
6826	2
6827	1
6830	1
6835	1
6838	1
6840	1
6841	2
6843	1
6844	1
6854	1
6856	1
6859	1
6863	1
6865	1
6868	1
6872	1
6875	2
6876	1
6877	1
6878	1
6879	1
6882	2
6883	3
23272	1
6890	1
6894	1
23279	1
6899	1
6901	1
6902	3
6908	1
6909	1
6910	1
6917	1
6920	2
6921	1
6923	1
6925	1
6926	1
6937	1
6940	1
6941	1
6946	1
6952	1
6955	1
6960	1
6963	1
6966	1
6967	1
6969	1
6971	2
6973	1
6977	1
6979	1
6982	1
6990	1
6991	1
6994	1
6995	2
6996	1
6998	1
6999	2
7004	1
7005	1
7006	1
7007	1
7008	1
7010	1
7014	1
7015	1
23401	1
7019	1
7022	1
7028	2
7029	2
7037	1
7039	1
7040	1
7042	1
7045	1
7046	1
7047	1
7049	1
7052	1
7053	1
7058	1
7069	1
7073	1
7075	1
7082	1
7083	1
23467	1
7084	1
7086	2
7087	1
7090	1
7092	1
7093	2
7094	2
7096	1
7104	1
7105	3
7109	2
23494	1
7112	1
7116	1
7124	1
7127	1
7134	1
7135	1
7136	1
7139	1
7140	1
7142	1
7147	1
7148	1
7149	1
7150	1
7154	1
7157	1
7158	1
7166	1
7170	1
7173	2
7174	1
7176	1
7179	1
7181	1
7187	1
7189	1
7191	3
7192	1
7194	1
7198	3
7200	1
7204	1
7207	1
7210	1
7212	1
7213	1
7216	1
7217	1
7219	1
7220	1
7224	1
7231	1
7236	1
7240	1
7241	1
7242	1
7243	1
7245	1
7250	1
7251	1
7256	1
7264	1
7265	1
7266	1
7272	1
7277	2
7279	1
7280	1
7283	1
7287	1
7290	1
7299	1
7304	1
7305	4
7307	1
7312	1
7319	2
7320	1
7322	2
7325	1
7327	1
7333	1
7335	1
7336	1
23721	1
7337	1
7342	3
7343	1
7348	1
7350	1
7352	1
7359	1
7368	1
7370	1
7372	2
7373	1
7375	1
7383	1
7384	1
7385	1
7387	1
7388	1
7391	1
7393	1
23787	1
7406	1
7409	2
7411	1
7418	2
7423	1
7424	1
7425	1
7427	1
7428	2
7434	1
7437	1
7438	1
7442	1
7443	1
7449	1
23833	1
7451	1
7452	1
7455	1
7457	1
7462	1
7464	2
7470	2
23857	1
7476	1
7482	3
7485	1
7498	1
7501	1
7504	1
7505	1
7507	1
7513	3
7514	2
7523	1
7524	1
7526	1
7527	1
7529	1
7530	1
7531	1
7540	2
7542	2
7549	1
7551	2
7552	1
7555	1
7560	1
7561	1
7562	1
7567	1
7569	1
7570	1
7572	1
7573	1
7576	2
7577	1
7581	1
7592	1
7593	1
7594	1
7596	1
7597	2
23981	1
7598	2
7607	1
7609	1
7611	1
7612	1
7617	1
7618	1
7621	2
7625	1
7626	1
7628	1
7632	1
7638	1
7639	1
7645	1
7647	1
7648	1
7652	1
7653	1
7655	1
24041	1
7660	1
7662	2
7665	1
7666	1
7669	1
7679	1
7681	1
7682	1
7684	1
7685	1
7686	1
7691	1
7694	1
7696	2
7697	2
7699	1
7701	1
7707	1
7711	1
7712	1
7717	1
7720	1
7721	1
7722	1
7725	1
7730	1
7731	2
7745	1
7746	1
7747	1
7748	1
7751	1
7753	1
7764	1
7765	1
7769	1
7773	1
7775	2
7779	1
7781	1
7785	1
7788	1
7800	1
7805	2
7811	1
7813	1
7817	4
7821	2
7825	1
7829	1
7841	1
7842	1
7847	1
7849	2
7850	1
7854	1
7855	1
7857	1
24241	1
7859	1
7863	1
7868	1
7869	1
24253	1
7873	1
7878	1
7879	3
7881	1
24267	1
7886	1
7887	1
7893	1
7895	1
7896	1
7897	1
7913	2
7914	1
7919	1
7923	1
7930	1
7931	1
7941	1
7953	1
7966	1
7967	1
7969	2
24355	1
7986	1
24371	1
7987	1
7990	1
7996	2
7998	1
8000	2
8004	1
8008	1
8009	1
8018	2
8021	1
8023	1
8024	1
8025	1
8030	1
8035	1
8037	1
8043	1
8047	1
8049	1
8055	2
8057	1
8059	1
8062	1
8063	1
8066	1
8069	2
8076	2
8079	2
8081	1
8085	1
8087	2
8089	1
8093	1
8097	1
8098	1
24487	1
8104	1
8106	1
8108	3
8111	1
8113	1
8120	1
8123	1
8126	1
8131	1
8142	2
8145	1
8147	1
8148	1
8151	1
8156	1
8161	1
8162	1
8164	1
8167	1
8168	1
8180	1
8186	1
8192	1
8194	1
8197	1
8200	1
8201	1
8202	2
24589	1
8205	1
8208	1
8213	1
8216	2
8224	1
8226	1
8228	1
8231	1
8236	1
8240	1
8241	1
8242	1
8245	1
8250	2
8251	1
8255	1
8257	1
8259	1
8260	1
8261	1
8264	1
8265	1
8266	1
8268	1
8271	1
8272	1
8288	1
8289	1
8291	1
8292	2
8295	1
8304	1
24694	1
8315	1
8321	1
8322	1
8324	1
8329	1
8332	2
8333	1
8336	1
8337	1
8341	1
8342	1
8343	1
8349	1
8353	1
8356	1
8357	2
8360	1
8361	1
8364	1
8367	2
8368	1
8371	2
8372	1
8374	1
8376	1
8378	1
8379	2
8390	1
8393	1
8396	1
8397	1
8407	1
8409	1
8411	1
8419	2
8424	2
8428	1
8432	2
8433	1
8437	1
8438	1
8441	2
8442	1
8447	1
8448	1
8454	1
8460	1
8461	1
8462	1
8468	1
8470	1
8472	1
8473	1
8479	1
8480	1
8482	1
8492	1
8493	1
8495	1
8496	1
8497	1
8498	1
8499	1
8502	2
8505	1
8512	1
8521	1
8523	1
8524	1
8526	1
8535	1
8543	1
8545	2
8548	1
8550	1
8551	2
8553	1
8560	1
8561	2
8562	2
8567	1
8570	2
8571	1
8573	1
8575	1
8591	1
24975	1
8593	1
8594	1
8596	1
8598	1
24982	1
24984	1
8615	2
8619	1
8621	1
8624	1
8629	2
8657	1
8658	2
8662	1
8668	1
8674	1
8680	1
8684	1
8688	1
8696	1
8697	1
8704	1
8705	2
8707	2
8708	1
8710	2
8713	2
25104	1
8720	1
8721	1
8724	1
8725	1
8726	1
8727	1
8732	1
8739	1
8740	1
8741	1
8751	1
8752	1
8757	1
8760	1
8762	1
8768	1
8773	2
8776	1
8778	1
8780	2
8781	1
8782	1
8785	1
8790	1
8807	1
8808	1
8809	1
8812	2
8820	1
8822	1
8828	1
8836	1
8838	2
8849	2
8861	1
8870	2
8871	1
8873	1
8877	1
8883	2
8884	1
8893	1
8895	2
8898	1
8902	2
8907	1
8916	1
8917	1
8928	1
8936	1
8939	1
8942	1
8948	1
8954	2
8958	1
8960	2
8963	1
8965	1
8968	1
8970	1
8976	1
8982	1
8986	1
8988	1
8992	1
9001	1
9003	1
9005	1
9008	1
9009	1
9010	1
9013	1
9016	1
9020	1
9022	1
9023	1
9027	1
9028	1
9030	1
9042	1
9043	1
9044	1
9055	1
9064	2
9069	1
9074	3
9075	1
9077	1
9079	1
9080	1
9085	1
9091	1
9100	1
9101	1
9103	1
9105	1
9119	1
9121	2
9124	1
9125	1
9137	1
9139	1
9145	1
9147	1
9153	1
9154	1
9156	1
9157	1
9165	1
9166	1
9172	1
9174	1
9176	1
9192	1
9193	1
9196	4
9197	1
9199	1
9202	1
9204	1
9205	1
9206	1
9211	2
9212	1
9218	1
9228	1
9229	2
9232	2
9233	2
9234	2
9237	1
9238	2
9240	1
9257	1
9270	2
9271	3
9275	2
9277	1
9294	1
9302	1
9310	1
9317	1
9322	1
9329	1
9332	2
25717	1
9333	1
9336	2
9339	2
9341	1
9342	1
9344	1
9351	1
9358	1
9362	1
9364	1
9368	1
9373	1
9384	1
9387	1
9400	1
9401	1
9405	1
9410	1
9412	1
9417	1
9420	2
9421	1
9422	1
9432	1
9434	1
9435	1
9440	1
9444	2
9446	1
9449	1
9457	1
9459	1
9468	1
9475	1
9478	1
9481	1
9487	1
9494	2
9497	3
9503	1
9506	1
9513	1
9520	1
9525	1
9529	2
9535	1
9537	1
9540	1
9542	1
9557	1
9561	1
9564	1
9566	1
9567	1
9569	1
9573	1
9583	1
9585	1
9590	1
9593	2
9594	1
9611	1
9624	1
9626	1
9627	2
9629	1
9630	1
9640	1
9641	1
9643	1
9647	1
9653	1
9654	1
9660	1
9663	1
9667	1
9668	1
9674	1
9682	1
9685	1
9693	1
9701	1
9702	1
9710	1
9711	1
9712	2
9714	1
9715	1
9718	1
9720	1
9721	1
9729	1
9731	1
9734	1
9740	1
9741	1
9742	1
9753	1
9766	1
9769	1
9770	1
9777	1
9778	1
9790	1
9792	2
9793	1
9798	1
9799	1
9804	1
9813	1
9814	1
9815	1
9819	1
9829	1
9834	1
9838	1
9847	1
9851	1
9856	1
9857	1
9873	2
9878	1
9882	1
9886	1
9888	1
9896	1
9917	1
9926	1
9927	1
9928	1
9936	1
9940	1
9944	1
9946	1
9952	1
9953	2
9964	2
9978	3
9979	2
9984	1
9989	1
9991	1
9998	1
10000	2
10001	1
10006	1
10007	2
10009	1
10017	1
10035	1
10036	1
10039	1
10046	1
10047	1
10063	1
10064	1
10073	1
10079	1
10080	1
10086	1
10090	1
10091	1
10095	1
10098	1
10104	1
10108	1
10115	1
10117	1
10118	1
10124	1
10125	1
10126	1
10130	1
10135	1
10137	1
10140	1
10141	1
10142	1
10144	1
10145	1
10152	1
10153	2
10155	1
10157	1
10160	1
10165	1
10166	1
10167	1
10168	1
10179	1
10181	1
10182	1
10184	1
10191	1
10194	1
10195	1
10198	1
10200	1
10203	2
10209	1
10218	1
10224	1
10227	2
10232	1
10234	2
10241	1
10250	1
10251	1
10253	1
10257	1
10259	1
10266	1
10281	1
10282	1
10286	1
10287	1
10289	1
10299	1
10300	1
10303	1
10304	2
10308	1
10311	1
10313	1
10314	1
10316	1
10321	1
10324	1
10329	1
10339	1
10340	1
10346	1
10349	1
10351	1
10352	1
10357	1
10358	1
10363	1
10368	1
10369	1
10372	1
10375	1
10377	1
10378	1
10379	1
10381	1
10396	1
10399	1
10404	1
10408	1
10409	1
10418	1
10422	1
10424	2
10427	1
10451	1
10469	1
10473	1
10483	1
10491	1
10494	1
10501	1
10506	1
10508	1
10510	1
10523	1
10529	1
10533	1
10538	1
10541	1
10544	1
10550	1
10552	1
10573	1
10579	1
10584	1
10587	1
10612	1
10614	1
10617	1
10623	1
10625	1
10628	1
10630	1
10631	2
10633	1
10634	1
10635	1
10637	1
10641	1
10656	1
10657	1
10665	1
10666	2
10667	1
10670	1
10672	1
10674	1
10692	1
10694	1
10695	1
10711	1
10713	1
10719	1
10724	1
10725	2
10734	1
10750	1
10755	1
10756	1
10757	1
10761	1
10776	1
10780	2
10782	1
10783	2
10785	1
10788	1
10793	1
10797	1
10798	1
10802	1
10816	1
10824	1
10842	1
10843	1
10846	1
10847	1
10849	1
10855	1
10856	1
10857	1
10860	1
10867	1
10869	1
10870	1
10881	1
10884	1
10886	1
10888	1
10891	1
10894	1
10902	1
10904	3
10913	1
10919	1
10920	1
10927	1
10933	1
10935	1
10943	1
10948	2
10958	2
10961	1
10964	1
10985	1
10987	1
10998	1
11002	2
11012	1
11013	1
11015	1
11029	1
11032	1
11035	1
11036	1
11037	1
11039	1
11042	1
11047	1
11058	1
11065	1
11071	1
11076	1
11078	1
11079	1
11085	1
11086	1
11091	1
11098	1
11114	2
11121	1
11122	1
11129	1
11132	1
11134	1
11137	2
11140	1
11145	1
11148	3
11165	2
11168	1
11173	1
11174	1
11176	1
11193	1
11195	1
11197	1
11199	1
11215	1
11218	2
11219	1
11222	1
11227	1
11230	1
11233	1
11236	1
11245	1
11248	1
11252	2
11258	1
11272	1
11279	1
11290	1
11296	1
11308	1
11310	1
11312	1
11318	2
11325	1
11332	1
11337	1
11365	1
11369	1
11382	1
11389	1
11392	1
11393	1
11395	1
11398	1
11399	1
11414	1
11423	1
11424	1
11429	1
11442	1
11445	1
11449	1
11451	1
11457	1
11468	1
11476	1
11482	1
11493	1
11494	1
11496	1
11502	1
11504	1
11528	1
11546	1
11548	1
11552	1
11564	1
11566	1
11575	1
11577	1
11585	1
11599	1
11602	1
11604	1
11605	1
11615	1
11619	2
11626	1
11632	1
11645	1
11648	1
11650	1
11651	1
11655	1
11657	1
11660	1
11674	2
11682	1
11686	2
11692	1
11698	1
11699	1
11701	4
11705	1
11712	1
11737	2
11744	1
11748	1
11749	1
11775	1
11776	1
11780	1
11782	1
11785	1
11788	1
11791	1
11805	1
11809	1
11821	1
11829	2
11831	1
11839	1
11842	1
11862	1
11872	1
11873	1
11878	1
11891	1
11895	1
11897	1
11900	1
11901	1
11906	1
11910	1
11915	1
11916	1
11920	1
11927	2
11929	1
11935	1
11951	1
11961	1
11964	1
11972	2
11990	1
11996	1
11997	1
12004	1
12012	1
12017	1
12019	1
12020	2
12030	1
12031	1
12059	1
12063	1
12070	1
12073	1
12075	1
12081	1
12086	1
12103	1
12116	1
12123	1
12126	1
12132	1
12138	1
12166	1
12172	1
12173	1
12182	2
12185	1
12189	1
12191	1
12195	1
12208	1
12212	1
12222	1
12225	1
12228	2
12229	1
12240	1
12245	1
12254	1
12255	1
12278	1
12286	1
12288	1
12290	1
12291	1
12292	1
12298	1
12300	1
12307	1
12308	1
12319	1
12323	1
12333	1
12339	1
12343	1
12346	1
12349	1
12359	1
12364	1
12369	1
12370	1
12372	1
12373	1
12376	1
12388	1
12397	1
12399	1
12403	2
12407	1
12410	1
12433	1
12459	1
12464	1
12465	1
12485	1
12507	1
12509	1
12513	1
12526	1
12527	1
12540	1
12545	1
12549	1
12553	1
12554	1
12558	1
12559	1
12564	1
12570	1
12572	1
12574	1
12584	1
12587	1
12615	1
12621	1
12634	1
12635	1
12638	1
12646	1
12648	1
12650	1
12651	1
12655	1
12666	1
12675	1
12684	1
12692	1
12706	1
12715	1
12716	1
12720	1
12722	1
12724	1
12736	1
12737	1
12740	1
12741	1
12746	1
12749	1
12750	2
12763	1
12769	1
12770	1
12777	1
12797	1
12800	1
12815	1
12820	2
12822	1
12841	1
12850	1
12854	1
12860	1
12863	1
12869	1
12870	1
12871	1
12873	1
12876	1
12885	1
12887	1
12895	1
12917	1
12938	2
12940	1
12969	1
12974	1
12988	1
12997	1
13002	1
13004	1
13008	1
13014	1
13039	1
13052	1
13053	1
13064	1
13067	1
13081	1
13092	1
13099	1
13103	1
13104	1
13109	1
13114	1
13116	1
13139	1
13147	1
13152	1
13156	1
13166	1
13196	1
13203	1
13204	1
13209	1
13214	1
13218	1
13223	1
13241	1
13243	1
13245	1
13259	1
13271	1
13297	1
13301	1
13303	1
13319	1
13320	1
13327	1
13329	1
13333	1
13337	1
13338	1
13342	1
13343	1
13349	1
13367	1
13371	1
13372	1
13380	1
13389	1
13399	1
13405	1
13410	1
13420	1
13421	1
13429	1
13433	1
13440	1
13441	1
13442	1
13454	1
13470	1
13479	1
13490	1
13495	1
13506	1
13515	1
13539	1
13548	1
13562	1
13564	1
13566	1
13579	1
13580	1
13592	1
13598	1
13612	1
13617	1
13618	1
13624	1
13641	1
13647	1
13657	1
13658	1
13659	1
13666	1
13671	1
13678	1
13680	1
13689	1
13690	1
13691	1
13702	1
13720	1
13721	1
13741	1
13742	1
13743	1
13745	1
13747	1
13754	1
13759	1
13766	1
13772	1
13773	1
13787	1
13795	1
13808	1
13810	1
13823	1
13827	1
13830	1
13845	1
13867	1
13873	1
13874	1
13888	1
13890	1
13897	1
13901	1
13906	1
13954	1
13960	1
13963	1
13964	1
13967	2
13969	1
13974	1
13991	1
13996	1
14001	1
14007	1
14013	1
14019	1
14021	1
14026	1
14027	1
14030	1
14032	1
14051	1
14055	1
14064	1
14065	1
14071	1
14072	1
14083	1
14092	1
14095	1
14115	1
14118	1
14121	1
14129	1
14136	1
14149	2
14150	1
14152	1
14160	1
14161	2
14162	1
14167	1
14174	1
14180	1
14181	1
14182	1
14206	1
14209	2
14216	1
14236	1
14241	1
14245	1
14249	1
14255	1
14256	1
14272	1
14283	1
14285	1
14297	1
14326	1
14340	1
14373	1
14374	1
14376	1
14395	1
14405	1
14408	1
14414	2
14415	1
14416	1
14417	1
14429	1
14444	1
14447	1
14462	1
14480	1
14494	1
14497	1
14515	1
14519	1
14544	1
14562	1
14564	1
14567	1
14571	1
14574	1
14580	1
14586	1
14598	1
14604	1
14615	1
14632	1
14633	1
14644	1
14651	1
14667	1
14671	1
14679	1
14695	1
14712	1
14717	1
14740	1
14744	1
14746	3
14751	1
14759	1
14777	1
14782	1
14784	1
14786	1
14793	1
14804	1
14808	2
14810	1
14812	1
14831	1
14834	1
14835	1
14836	1
14839	1
14841	1
14847	2
14861	1
14873	1
14874	1
14881	1
14898	1
14899	1
14951	1
14953	1
14959	1
14969	1
14982	1
14989	1
14994	1
14998	2
15005	1
15017	1
15021	1
15023	1
15037	1
15038	1
15046	1
15058	1
15060	1
15061	1
15069	1
15077	1
15092	1
15106	1
15117	1
15136	1
15151	1
15152	1
15168	1
15177	1
15188	1
15193	1
15197	1
15211	1
15217	1
15218	1
15239	1
15243	1
15260	1
15280	1
15291	1
15293	1
15303	1
15310	1
15317	1
15328	1
15344	1
15345	1
15348	1
15368	1
15392	1
15394	1
15395	1
15398	2
15399	1
15400	1
15403	1
15411	1
15438	1
15440	1
15451	1
15472	1
15474	1
15504	1
15507	1
15520	1
15527	2
15530	1
15534	1
15541	2
15547	1
15576	1
15577	1
15598	1
15611	1
15633	1
15639	1
15658	1
15665	1
15679	1
15683	1
15733	1
15738	1
15739	1
15742	2
15769	1
15778	1
15783	1
15822	2
15841	1
15844	1
15857	1
15863	2
15874	1
15885	1
15907	2
15909	1
15910	1
15942	1
15945	1
15948	1
15951	1
15953	1
15954	1
15961	1
15974	1
15991	1
16011	1
16018	1
16057	2
16071	1
16074	1
16077	1
16085	1
16088	1
16106	1
16129	1
16154	1
16167	1
16170	1
16173	1
16207	1
16209	1
16213	1
16215	1
16221	2
16231	1
16240	1
16249	1
16262	1
16266	1
16274	1
16280	1
16286	1
16291	1
16323	1
16335	1
16336	1
16341	2
16350	1
16354	1
16357	1
16372	1
16376	1
16381	1
