1	1
2	11
3	4
4	3
5	5
6	3
7	2
8	2
10	7
11	2
13	8
14	2
15	2
16	4
17	4
18	7
19	3
20	7
21	6
22	9
23	3
24	5
25	3
26	5
27	6
16411	1
28	10
29	3
30	1
31	2
32	7
16416	2
33	5
34	9
35	6
36	7
37	6
38	2
39	7
40	9
16424	1
41	5
42	3
43	1
44	6
45	3
46	3
47	5
48	8
49	7
50	5
51	2
16435	1
52	4
53	6
16437	1
54	6
16438	1
55	7
16439	1
56	3
57	4
58	5
16443	1
59	1
60	3
61	3
16445	2
62	4
63	4
64	2
65	4
66	4
67	4
68	6
16453	1
69	3
70	4
71	2
16456	1
72	5
73	6
74	7
16458	1
75	6
76	4
16460	1
77	5
16461	1
78	5
79	2
80	4
81	6
82	3
83	6
16467	1
84	4
85	3
86	3
87	3
88	2
89	9
90	7
91	3
92	1
93	3
94	3
95	6
96	6
97	6
98	2
99	1
100	4
101	5
102	5
103	2
104	2
105	8
106	3
107	3
108	5
16492	1
109	1
110	3
111	4
112	1
113	4
114	8
115	3
116	6
117	5
118	10
119	6
16503	1
120	5
121	4
122	3
123	4
124	2
125	10
16509	1
126	3
127	4
128	2
129	4
130	2
131	2
132	5
133	1
134	5
135	3
136	1
137	2
139	3
140	1
141	4
142	4
143	3
144	5
145	4
146	1
147	3
148	5
149	4
150	7
151	5
152	8
153	3
154	6
155	1
156	7
16540	1
157	4
158	4
159	6
160	6
161	3
162	6
163	7
16547	1
164	2
165	7
166	4
16550	1
167	1
16552	1
168	5
169	6
170	3
171	4
16555	1
172	6
173	5
174	3
175	2
176	2
177	4
178	7
179	4
180	5
181	4
182	3
183	2
16567	1
184	4
185	2
186	4
16570	1
187	7
188	7
189	1
190	5
191	4
16575	1
192	5
193	6
16578	1
195	4
196	2
197	4
198	5
199	3
200	7
201	5
202	5
203	9
204	5
205	2
206	4
207	4
208	4
16592	1
209	6
210	8
211	3
213	4
214	3
215	6
216	2
217	3
218	4
219	6
220	7
221	4
222	2
223	10
224	6
225	6
226	6
227	7
228	5
229	4
230	2
231	7
232	8
233	3
234	4
16619	1
236	6
237	4
238	4
239	4
240	1
241	1
16625	1
242	6
243	2
244	10
245	5
16629	1
246	4
247	8
248	5
16632	1
249	5
250	1
251	7
252	2
253	6
254	6
255	4
256	3
257	6
258	4
16642	1
259	4
260	3
16644	1
261	6
262	3
263	5
264	6
265	3
266	4
267	5
268	3
269	4
270	3
271	6
16655	1
272	2
273	5
274	6
275	3
16659	1
276	3
277	6
278	3
16662	1
279	4
280	5
281	3
282	2
283	2
284	8
285	3
286	5
287	4
288	2
289	5
290	3
291	5
292	3
293	9
294	2
295	2
16679	1
296	2
297	3
298	6
299	4
300	3
301	3
302	2
303	5
304	7
305	6
306	7
307	3
308	7
309	5
310	1
311	8
312	5
313	5
314	10
315	4
316	5
317	3
318	3
319	3
320	4
321	5
322	3
323	4
324	3
325	5
326	3
327	4
328	7
16712	1
329	5
330	4
331	2
332	8
333	4
334	7
335	9
336	4
337	7
338	3
339	6
16723	1
340	3
341	1
342	5
343	7
344	7
345	8
346	6
347	5
348	8
349	4
350	6
351	5
352	8
353	1
354	2
355	3
16739	1
356	4
357	2
16742	1
358	4
359	4
16743	1
360	3
361	3
16745	1
362	3
16746	1
363	4
364	3
365	3
366	10
367	3
368	5
369	5
370	6
371	3
372	3
373	1
374	5
376	4
377	5
378	7
379	5
380	5
381	2
382	3
383	7
384	5
385	4
386	1
387	6
388	4
16772	1
389	3
390	3
391	5
392	5
393	5
394	6
395	4
396	4
16780	2
397	5
398	5
16782	1
399	2
400	3
401	4
402	4
403	6
404	2
405	6
16789	1
406	6
407	5
408	2
16792	1
409	8
410	7
16794	1
411	4
412	2
413	5
414	5
16798	1
415	1
416	5
417	4
418	5
419	6
420	4
421	9
422	4
423	7
424	7
425	5
426	5
427	7
428	3
429	4
430	6
431	5
432	6
433	7
434	5
435	4
436	3
437	8
438	5
439	8
440	8
441	5
16826	2
442	3
443	4
444	5
445	7
446	4
447	2
448	6
449	6
450	6
16834	1
451	10
452	3
453	5
454	8
455	6
456	5
457	7
458	5
459	9
460	4
461	4
462	2
463	4
464	6
465	11
466	3
467	8
468	6
16852	1
469	3
470	5
471	3
16855	1
472	2
473	1
474	2
475	7
476	4
477	6
478	2
479	4
480	6
481	7
482	4
483	5
484	5
485	6
486	10
487	3
488	3
489	1
490	4
491	3
492	5
493	1
494	3
16878	1
495	7
496	6
497	3
498	5
499	6
500	5
501	3
502	3
16886	1
503	4
504	3
505	4
506	1
507	2
508	7
509	6
510	3
511	5
512	3
513	4
514	7
515	9
16899	1
516	7
16900	1
517	4
518	3
519	5
16903	1
520	2
521	4
522	3
523	4
524	2
525	5
526	8
527	4
528	4
529	3
530	4
531	3
532	4
533	2
534	3
535	6
536	3
537	7
538	4
539	7
540	6
541	5
16926	1
542	7
543	8
544	6
545	8
546	7
547	3
548	3
549	2
550	4
551	6
552	2
553	1
554	2
555	4
556	3
557	8
16942	1
558	6
559	7
560	3
561	2
562	4
563	4
564	6
16948	1
565	9
566	6
567	4
568	7
569	8
570	6
571	6
572	3
573	5
574	5
16958	1
575	7
576	3
577	2
578	3
579	7
580	3
581	4
582	5
583	7
584	1
585	4
586	3
587	5
588	6
589	5
590	10
16974	1
591	4
592	6
593	3
594	2
595	3
596	2
597	5
598	3
599	3
600	2
601	3
602	4
603	2
604	9
605	5
16989	1
606	2
607	6
608	6
609	4
610	3
611	6
612	7
613	2
614	1
615	5
616	5
617	5
618	4
619	3
620	4
17005	1
621	6
622	6
623	3
624	6
625	6
17009	1
626	3
627	7
628	4
629	3
630	3
631	2
632	2
633	6
634	5
635	4
636	3
637	5
17021	1
638	5
639	8
640	4
641	2
642	3
643	6
17027	1
644	5
645	5
17029	1
646	7
647	4
648	5
649	6
650	5
651	5
652	3
653	5
654	3
655	8
17039	1
656	8
657	6
658	10
659	2
660	6
661	3
662	2
663	5
664	5
665	4
666	4
667	3
668	3
669	2
670	5
671	6
672	1
673	4
674	4
675	7
676	4
677	5
678	4
679	4
680	5
681	5
682	5
17066	1
684	8
685	4
686	1
687	7
688	4
689	1
690	3
691	8
692	8
693	5
694	3
695	5
696	7
697	6
698	4
699	1
700	8
701	3
702	4
703	5
704	3
705	5
706	7
707	4
708	8
709	4
710	6
711	2
712	4
713	8
17097	1
714	4
715	3
716	4
717	10
718	7
719	4
720	4
721	8
722	5
723	3
724	5
725	2
726	5
727	4
17111	1
728	1
729	3
730	7
17114	1
731	3
732	5
733	3
734	5
735	7
736	9
737	3
738	5
739	2
740	2
741	2
742	5
743	3
744	4
745	3
746	4
747	3
748	5
749	4
750	3
751	5
752	5
753	3
17137	1
754	4
755	3
756	5
757	5
758	2
17142	1
759	7
760	7
761	5
762	2
763	5
764	5
765	3
766	5
767	8
768	1
769	2
770	2
771	7
772	7
773	1
774	3
775	4
776	6
777	3
778	5
779	6
780	2
781	5
782	1
783	3
784	4
17168	1
785	2
786	4
787	5
17171	1
788	2
789	1
17173	1
790	5
791	4
792	7
793	2
794	4
795	6
796	4
797	4
798	4
799	5
800	1
801	6
802	4
803	6
804	10
805	3
806	5
807	6
808	4
809	4
810	2
811	4
812	2
813	4
814	9
815	7
816	5
817	3
818	1
819	2
820	1
821	10
822	3
823	6
824	3
17208	1
825	6
826	3
827	3
828	2
829	4
830	7
831	7
832	3
833	4
834	2
835	3
836	5
837	2
838	5
839	6
840	3
841	7
842	1
843	5
845	4
846	2
847	1
848	5
849	3
850	3
851	4
852	5
853	2
854	3
855	8
856	4
857	3
858	4
859	2
860	6
861	1
862	5
863	5
864	6
17248	1
865	7
866	4
867	5
868	3
869	4
870	7
871	3
872	3
873	4
874	5
875	2
17259	1
876	6
877	6
878	10
879	2
880	2
881	5
882	2
883	7
884	2
885	3
886	4
887	4
888	4
889	4
17273	1
890	8
17274	1
891	3
892	2
893	5
894	5
895	6
896	2
897	3
898	1
899	5
900	7
901	6
902	3
903	6
904	2
905	3
17289	1
906	6
907	4
908	4
909	6
910	5
911	3
912	10
913	5
914	4
17298	1
915	3
916	6
917	3
918	7
919	2
920	6
921	3
922	5
923	3
17307	1
924	5
17308	1
925	2
926	4
927	6
928	2
929	1
930	3
931	4
932	5
17317	1
933	5
934	5
935	3
17319	1
936	4
937	8
938	4
939	4
940	8
941	4
942	3
17326	1
943	3
944	2
945	5
946	3
947	3
948	7
949	4
950	2
951	3
17335	1
952	5
953	1
954	2
955	9
956	2
957	4
958	6
959	2
960	6
961	3
962	3
17347	1
963	2
964	3
17348	1
965	6
966	4
967	6
968	6
969	5
970	9
971	4
972	4
973	4
974	6
975	5
976	6
17360	1
977	7
17361	1
978	8
979	5
980	3
981	3
982	2
983	4
984	4
985	2
986	4
987	5
988	4
989	5
990	2
991	4
992	5
993	4
17377	2
994	6
995	6
17379	1
996	6
997	9
998	4
999	1
1001	7
1002	5
1003	3
1004	1
1005	5
1006	2
1007	3
1008	1
1009	4
1010	6
17394	1
1011	6
17395	1
1012	6
1013	4
1014	1
1015	7
1016	6
1017	3
1018	8
1019	2
17404	1
1020	3
1021	2
1022	3
1023	3
1024	5
1025	4
1026	5
1027	3
1028	5
1029	7
1030	3
1031	5
1032	4
17416	1
1033	4
1034	6
1035	3
1036	5
1037	5
1038	6
1039	6
1040	1
1041	1
1042	3
1043	3
1044	3
1045	2
1046	5
17430	1
1047	3
1048	3
1049	4
1050	3
17434	1
1051	5
1052	4
1053	2
1054	4
1055	8
1056	5
1057	2
1058	4
1059	7
1060	5
1061	4
1062	6
1063	3
1064	5
17448	1
1065	2
17449	1
1066	8
1067	4
1068	6
1069	5
1070	5
1071	6
1072	5
1073	1
1074	3
1075	1
1076	3
17460	1
1077	1
17462	1
1078	3
1079	4
17463	1
1080	6
1081	3
1082	3
1083	5
17468	1
1084	2
1085	3
1086	2
1087	4
1088	7
17472	1
1089	7
1090	2
1091	4
1092	1
1093	4
1094	3
1095	3
1096	2
1097	5
17481	1
1098	5
1099	9
1100	6
1101	5
1102	4
1103	4
1104	4
1105	3
1106	2
1107	6
1108	2
1109	3
1110	6
17495	2
1111	5
1112	5
1113	3
1114	5
1115	4
1116	1
1117	3
1118	5
1119	6
1120	5
1121	6
1122	6
1123	7
1124	8
1125	4
1126	5
1127	3
1128	5
1129	4
1130	4
1131	4
1132	4
1133	4
1134	2
1135	2
1136	3
1137	5
1138	2
1139	1
1140	2
1141	3
1142	5
1143	4
1144	11
17529	1
1145	2
1146	5
17530	1
1147	3
1148	8
1149	5
1150	3
17534	1
1151	4
1152	6
17537	1
1153	5
1154	6
1155	3
17539	1
1156	5
1157	1
1158	3
1159	10
17543	1
1160	3
1161	5
1162	6
17547	1
1163	4
1164	3
17548	1
1165	3
1166	5
17550	1
1167	7
1168	5
1169	7
1170	5
1171	3
1172	2
1173	1
1174	6
1175	1
1176	4
1177	3
1178	7
1179	8
17563	1
1180	2
1181	6
1182	3
1183	5
1184	1
1185	1
1186	4
1187	8
1188	6
1189	2
1190	4
1191	3
17575	1
1192	3
1193	6
1194	7
17578	1
1195	5
1196	3
1197	6
1199	6
17583	1
1200	8
1201	3
1202	5
1203	2
1204	4
1205	4
1206	2
17591	1
1207	2
1208	1
1209	2
1210	5
1211	9
17596	1
1212	2
1213	5
1214	4
1215	2
1216	2
1217	5
1218	2
1219	5
1220	4
1221	3
1222	5
1223	4
1224	6
1225	2
17609	1
1226	10
1227	5
1228	7
1229	4
1230	5
1231	5
1232	10
1233	5
1234	5
1235	1
1236	2
17620	1
1237	4
1238	3
1239	2
1240	6
1241	8
1242	2
1243	5
1244	5
1245	6
1247	5
1248	5
1249	3
1250	3
1251	4
1252	4
1253	6
1254	2
17638	2
1255	5
1256	7
1257	5
1258	4
1259	4
1260	6
1261	1
1262	3
1263	6
1264	10
1265	2
17649	1
1266	1
1267	3
1268	6
1269	5
1270	4
1271	2
1272	2
1273	8
1274	5
1275	6
1276	7
1278	5
1279	6
1280	5
1281	3
1282	2
1283	6
1284	9
1285	5
17669	1
1286	2
1287	3
17671	1
1288	3
1289	6
1290	5
1291	4
1292	4
1293	2
1294	7
1295	6
1296	3
1297	5
1298	3
1299	2
17684	1
1300	3
1301	6
1302	6
1303	6
1304	1
1305	4
1306	4
1307	4
1308	3
1309	3
1310	2
17694	1
1311	6
1312	2
1313	4
1314	1
1315	4
1316	6
1317	4
1318	5
1319	4
1320	6
1321	5
1322	3
17707	1
1323	1
1324	6
1325	4
1326	2
1327	6
1328	3
1329	3
1330	5
1331	4
1332	7
17716	1
1333	6
1334	6
1335	6
17719	1
1336	3
1337	7
1338	3
1339	4
1340	4
1341	5
1342	1
1343	4
1344	3
1345	2
1346	3
1347	3
1348	3
17732	1
1349	2
1350	2
1351	6
1352	8
1353	7
1354	4
1355	3
1356	1
1357	6
1358	4
1359	5
1360	6
1361	4
1362	7
17746	1
1363	4
1364	6
1365	3
1366	4
1367	1
1368	10
1369	5
1370	6
17755	1
1371	7
1372	2
1373	1
1374	4
1375	6
1376	3
1377	7
1378	2
1379	6
1380	8
1381	5
1382	4
1383	3
1384	4
1385	6
1386	2
1387	3
1388	5
1389	8
1390	7
1391	5
1392	5
1393	5
1394	4
1395	3
1396	3
1397	4
1398	4
1399	5
1400	8
1401	3
1402	6
1403	4
17787	1
1404	4
1405	5
1406	4
1407	2
1408	3
1409	4
1410	4
1411	3
1412	3
1413	7
1414	6
1415	7
1416	2
1417	5
1419	2
1420	6
17805	1
1421	5
1422	7
1423	5
1424	5
1425	3
1426	2
1427	4
1428	4
1429	7
1430	6
17814	1
1431	2
1432	5
1433	3
1434	5
1435	7
1436	6
1437	7
17821	1
1438	5
1439	4
1440	4
1441	8
1442	6
1443	3
1444	2
1445	1
1446	8
1447	5
1448	7
17833	1
1449	1
1450	3
1451	2
1452	7
1453	2
1454	2
1455	7
1456	5
1457	2
17841	1
1458	4
1459	5
1460	3
1461	5
17845	1
1462	5
17846	1
1463	6
1464	9
1465	9
1466	8
1467	5
1468	3
1469	3
1470	4
1471	6
1472	5
1473	4
1474	3
1475	5
1476	9
1477	4
1478	4
1479	4
1480	5
1481	5
1482	4
1483	8
1484	1
1485	9
1486	5
1487	6
1488	5
1489	4
1490	4
1491	6
1492	5
1494	6
1495	4
1496	4
1497	11
1498	4
1499	5
1500	5
1501	8
1502	8
1503	2
1504	5
1505	1
1506	2
1507	4
17891	1
1508	3
1509	4
1510	2
1511	5
1512	3
1513	8
1514	2
1515	5
1516	2
1517	6
1518	2
1519	5
1520	2
1521	6
17905	1
1522	5
1523	2
1524	4
1525	2
1526	3
1527	9
1528	6
1529	3
1530	3
17915	1
1531	4
1532	4
1533	3
1534	2
1535	12
1536	3
1537	3
1538	4
1539	5
1540	4
1541	5
1542	5
1543	4
1544	2
1545	3
1546	4
1547	4
1548	1
1549	5
1550	6
17934	1
1551	5
1552	5
1553	3
1554	5
1555	5
1556	3
1557	5
1558	2
1559	4
1560	3
1561	4
1562	3
1563	5
1564	4
1565	4
1566	3
1567	4
1568	15
1569	8
1570	10
1571	5
17955	1
1572	7
1573	5
1574	4
1575	5
1576	6
1577	6
1578	5
1579	7
1580	10
1581	2
1582	7
1583	4
1584	1
1585	3
1586	8
1587	4
1588	2
1589	7
17973	1
17974	1
1590	3
1591	3
1592	4
1593	6
1594	3
1595	2
1596	3
1597	1
1598	6
1599	2
17983	1
1600	2
1601	4
1602	3
1603	12
1604	5
1605	5
1606	4
1607	2
1608	3
1609	5
1610	5
1611	4
1612	3
1613	2
1614	4
1615	5
1616	6
1617	2
1618	7
1619	4
1620	2
1621	4
1622	4
1623	6
1624	6
18008	1
1625	2
1627	7
1628	4
1629	6
1630	8
1631	3
1632	3
1633	6
1634	5
1635	5
1636	10
1637	8
18021	2
1638	5
1639	5
1640	2
1641	4
1642	4
1643	8
1644	5
1645	4
1646	1
1647	7
1648	4
18032	1
1649	8
1650	2
1651	3
1652	3
18036	1
1653	8
1654	6
1655	9
1656	6
1657	5
1658	5
1659	6
1660	2
1661	10
1662	8
1663	7
1664	6
1665	2
1666	6
18050	1
1667	6
1668	8
1669	10
1670	6
1671	2
1672	5
1673	4
1674	4
18059	1
1675	3
1676	8
1677	3
1678	4
1679	4
1680	1
1681	4
1682	5
18067	1
1683	5
1684	4
1685	7
1686	4
1687	9
1688	5
1689	10
1690	5
1691	2
18075	1
1692	2
1693	1
18078	1
1694	3
1695	4
1696	4
1697	4
1698	1
1699	3
1700	5
1701	6
1702	1
1703	5
1704	3
1705	3
1706	5
18090	1
1707	8
1708	9
1709	4
1710	4
1711	4
1712	5
1713	6
1714	4
1715	4
1716	5
1717	5
1718	2
1719	7
1720	9
1721	2
1722	4
1723	4
1724	11
18109	2
1725	4
18110	1
1726	1
1727	2
1728	4
1729	3
1730	6
1731	8
1732	3
1733	4
1734	2
1735	3
1736	6
1737	5
1738	6
1739	2
1740	5
1741	3
1742	6
1744	7
1745	3
18129	1
1746	2
1747	6
18131	1
1748	2
18132	1
1749	3
18133	1
1750	4
1751	3
1752	3
1753	3
1754	4
18138	1
1755	3
1756	2
1757	4
1758	5
1759	9
1760	11
1761	6
1762	6
1763	2
1764	4
1765	5
1766	8
1767	3
1769	6
1770	7
18154	1
1771	7
1772	3
1773	8
1774	2
1775	6
1776	3
18160	1
1777	4
1778	5
1779	4
1780	4
1781	6
1782	4
1783	2
1784	5
1785	10
1786	2
1787	4
1788	5
1789	4
1790	5
1791	4
18176	1
1792	1
1793	5
1794	4
1795	3
1796	3
1797	6
1798	7
1799	1
1800	4
1801	3
1802	5
1803	2
1804	6
18188	1
1805	5
1806	4
18190	1
1807	1
1808	4
1809	3
1810	6
1811	7
1812	3
1813	6
1814	2
1815	4
1816	6
1817	3
1818	4
1819	6
1820	3
1821	6
1822	4
1823	5
1824	5
1825	6
1826	3
1827	6
1828	3
1829	5
1830	3
1831	1
1832	5
1833	9
1834	2
1835	1
1836	5
1837	5
1838	4
1839	4
1840	5
18225	1
1841	1
1842	1
1843	5
1844	4
1845	3
1846	7
1847	5
18231	1
1848	7
1849	1
1850	2
1851	1
1852	5
1853	3
1854	5
1855	1
1856	4
1857	8
1858	3
1859	7
1860	11
1861	6
1862	5
1863	3
1864	5
1865	5
1866	3
1867	5
18251	1
1868	3
1869	6
1870	4
1871	4
1872	1
1873	7
1874	4
18259	1
1875	3
1876	5
1877	4
1878	5
1879	5
1880	3
1881	5
18265	1
1882	5
1883	7
1884	8
1885	4
1887	6
1888	3
1889	3
1890	4
1891	1
1892	5
1893	5
1894	6
1895	2
1896	6
1897	4
1898	3
18282	1
1899	5
1900	6
1901	5
1902	4
1903	8
18287	1
1904	5
1905	4
1906	6
1907	5
1908	5
1909	7
1910	1
1911	2
1912	8
1913	10
1914	1
1915	6
1916	5
1917	2
1918	1
1919	8
1920	4
1921	7
1922	4
1923	5
1924	2
1925	4
1926	9
1927	7
1928	3
1929	3
1930	2
1931	6
1932	3
1933	3
1934	7
1935	4
1936	7
1937	5
1938	4
18322	1
1939	3
1940	5
1941	4
1942	4
1943	2
1944	9
1945	7
1946	4
1947	4
1948	3
1949	4
1950	3
1951	9
18335	1
1952	6
18336	1
1953	3
1954	2
1955	7
1956	4
1957	3
1958	6
1959	7
18343	1
1960	1
1961	7
1962	2
1963	2
1964	2
1965	6
1966	5
1967	2
1968	10
1969	5
18354	2
1970	5
1971	7
1972	4
18356	1
1973	5
1974	5
18358	1
1975	1
1976	5
1977	1
1978	5
1979	5
1980	6
1981	3
1982	6
18366	1
1983	5
1984	3
1985	3
1986	9
1987	5
1988	8
1990	2
1991	1
1992	5
1993	6
1994	8
1995	10
1996	4
1997	4
1998	1
1999	2
18383	1
2000	5
2001	3
2002	5
2003	5
2004	4
2005	4
2006	5
2007	4
2008	2
2009	6
2010	8
2011	5
18395	1
2012	6
2013	5
2014	3
2015	6
2016	10
2017	5
18401	1
2018	4
2019	4
2020	2
2021	6
2022	2
2023	6
2024	3
2025	6
2026	2
2027	4
2028	1
2029	4
2030	9
2031	5
2032	4
2033	2
2034	8
2035	5
2036	6
18421	1
2037	4
2038	5
2039	5
2040	3
2041	4
2042	4
2043	1
2044	3
2045	6
2046	3
2047	4
2048	4
18432	1
2049	3
2050	7
2051	7
2052	2
2053	3
2054	2
2055	2
2056	3
2057	5
2058	4
2059	5
2060	5
2061	6
2062	2
2063	3
2064	2
2065	6
2066	5
2067	3
2068	1
2069	4
2070	5
2071	2
2072	5
2073	4
2074	2
2075	3
2076	1
2077	5
18461	1
2078	4
2079	6
2080	1
2081	6
2082	10
2083	5
18467	1
2084	6
2085	4
2086	2
2087	2
2088	4
18473	1
2089	6
2090	4
2091	6
18475	1
2092	5
2093	6
2094	5
2095	5
2096	3
2097	2
2098	5
2099	6
2100	7
2101	4
2102	4
2103	4
2104	6
2105	5
2106	5
2107	3
2108	2
2109	5
2110	3
2111	4
2112	6
2113	5
2114	6
2115	3
2116	3
2117	2
2118	5
18502	1
2119	6
2120	3
2121	5
2122	7
2123	6
2124	3
2125	4
2126	6
2127	1
2128	7
2129	4
2130	8
2131	1
2132	5
2133	7
18517	1
18518	1
2134	2
2135	5
2136	5
2137	7
2138	3
2139	4
2140	3
2142	5
18526	1
2143	2
2144	2
2145	6
2146	5
2147	3
2148	6
2149	2
2150	10
2151	3
2152	4
2153	7
2154	7
2155	6
2156	1
2157	8
2158	1
2159	6
2160	3
2161	4
2162	6
2163	4
2164	3
2165	3
2166	4
2167	3
2168	6
2169	9
2170	2
2171	4
2172	3
2173	4
2174	4
2175	3
2176	1
2177	7
2178	6
2179	3
18563	1
2180	3
2181	3
2182	5
2183	4
2184	5
2185	6
2186	4
18570	1
2187	1
2188	7
2189	4
2190	4
2191	5
18575	1
2192	4
2193	7
2194	3
2195	3
2196	1
2197	8
2198	6
2199	8
2200	4
2201	5
2202	3
18586	1
2203	5
2204	5
2205	4
2206	7
2207	4
2208	4
2209	8
2210	5
18594	1
2211	2
18595	1
2212	3
2213	3
18597	1
2214	2
2215	4
2216	5
2217	1
2218	7
2219	3
2220	2
2221	6
2222	3
2223	5
2224	1
2225	5
2226	4
2227	5
2228	4
2229	6
2230	5
2231	3
2232	6
2233	7
18617	1
2234	5
2235	1
2236	7
2237	4
2238	6
18622	1
2239	4
2240	4
2241	5
2242	3
2243	4
2244	3
2245	3
18629	1
2246	1
18630	1
2247	5
2248	2
2249	11
2250	6
18634	1
2251	4
2252	4
2253	1
2254	3
2255	4
2256	5
2257	2
2258	3
2259	3
2260	3
2261	1
2262	7
2263	5
2264	8
2265	3
2266	4
2267	8
2268	6
18652	1
2269	2
2270	3
2271	5
2272	5
2273	4
2274	6
2275	8
2276	6
2277	6
2278	7
2279	2
18663	1
2280	5
2281	2
2282	3
2283	5
2284	7
2285	7
2286	6
2287	4
2288	7
2289	4
2290	5
2291	4
2292	6
2293	8
18677	1
2294	6
2295	6
2296	2
2297	5
2298	4
2299	4
2300	4
2301	6
2302	8
2303	3
2304	3
2305	4
2306	4
2307	4
2308	5
18692	1
2309	4
2310	6
2311	3
2312	1
2313	8
2314	3
18699	1
2315	1
2316	1
18700	1
2317	5
2318	5
2319	4
2320	3
2321	7
2322	7
2323	5
2324	5
2325	6
2326	8
2327	7
2328	3
2329	6
2330	1
2331	4
2332	3
2333	3
2334	3
2335	9
2336	4
2337	2
2338	4
2339	8
2340	4
2341	3
18725	1
2342	1
2343	7
18727	1
2344	8
2345	2
2346	1
2347	6
2348	3
2349	3
2350	3
2351	6
2352	5
2353	6
2354	5
2355	7
2356	4
2357	7
2358	6
2359	3
2360	5
2361	2
2362	3
2363	2
2364	5
2365	4
2366	1
2367	5
2368	5
2369	1
2370	10
2371	4
2372	2
2373	2
2374	4
2375	3
2376	3
18760	1
2377	3
2378	4
2379	5
2380	3
2381	5
2382	1
2383	5
18768	1
2384	4
2385	4
2386	10
2387	7
18771	1
2388	5
2389	5
2390	6
2391	4
2392	1
2393	2
2394	4
2395	4
2396	8
2397	3
2398	4
18782	1
2399	5
2400	2
2401	9
2402	1
2403	3
2404	3
2405	5
2406	5
2407	6
2408	3
2409	2
2410	4
18794	1
2411	3
2412	5
2413	5
18797	1
2414	3
2416	3
2417	2
2418	3
2419	8
2420	4
2421	2
2422	1
2423	5
2424	8
2425	3
2426	6
2427	6
2428	2
2429	2
2430	2
2431	3
2432	6
2433	2
18817	1
2434	5
2435	6
2436	3
2437	4
2438	4
18822	1
2439	5
2440	7
2441	6
2442	2
2443	4
2444	5
2445	8
2446	5
18831	2
2447	6
2448	2
2449	7
2450	5
2451	2
2452	8
2453	7
2454	5
2455	3
2456	4
2457	4
2458	5
2459	11
2460	6
2461	7
2462	6
2463	1
18847	1
2464	6
2465	6
2466	3
2467	3
2468	3
2469	2
2470	3
2471	2
2472	2
18856	1
2473	9
2474	2
2475	4
2476	3
2477	10
2478	3
2479	6
2480	5
2481	6
2482	2
18867	1
2483	6
2484	7
2485	2
2486	3
2487	5
2488	2
2489	6
2490	5
2491	7
2492	1
2493	5
2494	2
2495	7
2496	2
2497	5
2498	2
2499	4
2500	2
2501	5
18885	1
2502	8
2503	3
2504	5
2505	3
2506	5
2507	4
2508	3
2509	4
2510	4
2511	5
18895	1
2512	5
2513	1
2514	2
2515	3
2516	3
2517	3
18902	1
2518	3
2519	5
2520	3
2521	6
2522	5
18906	1
2523	3
18907	1
2524	6
2525	2
2526	9
2527	5
2528	4
2529	4
2530	3
18914	1
2531	5
2532	4
2533	9
2534	6
2535	3
2536	3
2537	3
2538	5
2539	4
2540	6
2541	6
2542	3
2543	5
2544	2
2545	7
2546	2
2547	6
2548	5
2549	3
2550	5
18935	1
2551	3
2552	1
2553	2
2554	4
2555	7
2556	7
2557	3
2558	2
2559	4
2560	9
2561	6
2562	3
2563	3
2564	4
18948	1
2565	7
2566	6
2567	4
2568	5
2569	6
2570	3
2571	2
2572	3
2573	3
2575	3
2576	3
2577	8
18961	1
2578	2
2579	2
2580	1
2581	4
2583	4
2584	4
2585	3
2586	2
18971	1
2587	1
2588	5
2589	3
2590	8
2591	7
2592	5
2593	1
2594	4
2595	1
2596	7
2597	2
2598	6
2599	5
2600	3
2601	5
2602	4
2603	8
2604	3
2605	4
2606	4
2607	4
2608	6
2609	3
18993	1
2610	2
2611	4
2612	5
2613	4
18997	1
2614	4
18998	1
2615	5
2616	4
2617	2
2618	5
2619	1
2620	3
2621	7
2622	5
2623	2
2624	5
2625	4
2626	4
2627	5
19011	1
2628	5
2629	5
2630	5
2631	4
2632	6
2633	5
2634	4
19018	2
2635	2
2636	4
2637	4
2638	5
2639	5
2640	4
19025	1
2641	2
2642	3
2643	4
2644	5
2645	5
19029	1
2646	3
2647	4
2648	3
2649	7
2650	5
2651	4
2652	6
2653	4
2654	7
2655	6
2656	7
2657	5
2658	3
2659	5
2660	4
19044	2
2661	4
2662	7
19046	1
2663	5
2664	4
2665	5
2666	2
2667	2
2668	2
2669	10
2670	4
2671	7
2672	5
2673	2
2674	7
2675	1
2676	3
2677	5
2678	7
2679	3
2680	2
2681	4
2682	4
19067	1
2683	4
2685	4
2686	7
2687	5
2688	4
2690	3
2691	8
19075	1
2692	3
2693	7
2694	4
2695	3
2696	4
2697	7
2698	6
2699	2
2700	5
19084	1
2701	5
2702	5
2703	7
2705	6
2706	7
2707	3
2708	2
2709	4
2710	6
2711	6
2712	5
2713	7
2714	7
2715	4
2716	6
19100	1
2717	3
2718	8
2719	5
2720	3
2721	4
2722	1
2723	5
2724	6
2725	5
2726	3
2727	4
2728	4
2729	7
2730	4
2731	4
2732	4
2733	3
2734	3
2735	3
19119	1
2736	4
2737	3
2738	7
19122	1
2739	4
2740	2
2741	5
2742	7
2743	4
2744	3
2745	1
2746	2
2747	5
2749	6
2750	4
2751	3
2752	5
2753	3
2754	6
2755	3
19139	1
2756	5
2757	2
19143	1
2759	5
2760	5
2761	4
2762	5
2763	3
2764	1
2765	2
2766	5
2767	4
2768	3
2769	6
2770	4
2771	1
2772	3
2773	3
2774	4
2775	4
2776	4
2777	8
2778	7
19162	1
2779	4
2781	2
2782	3
2783	5
2784	3
2785	2
2786	5
2787	3
2788	7
2789	4
2790	5
2791	6
19175	1
2792	2
2793	4
2794	5
2795	6
2796	3
2797	6
2798	4
2799	5
2800	3
2801	6
2802	3
2803	3
2804	5
2805	3
2806	4
2807	3
2808	2
2809	4
2810	5
2811	4
2812	5
19196	1
2813	4
2814	7
19198	1
2815	5
2816	5
19200	1
2817	3
2818	3
2819	4
2820	4
2821	7
2822	4
2823	2
2824	3
2825	5
2826	5
2827	4
2828	6
2829	8
2830	3
2831	5
2832	6
2833	4
2834	3
2835	4
2836	2
2837	1
2838	2
2839	3
2840	7
2841	3
2842	3
2843	6
2844	3
2845	6
2846	7
2847	3
2848	5
2849	4
2850	4
2851	2
2852	4
2853	7
2854	4
2855	5
2856	3
2857	4
2858	3
2859	6
2860	6
2861	4
2862	3
2863	2
2864	2
2865	4
19250	1
2866	2
2867	4
2868	6
2869	2
19253	1
2870	3
2871	1
2872	7
2873	4
2874	5
2875	5
2876	4
2877	4
2878	6
2879	6
2880	2
2881	5
2882	1
2883	4
2884	3
2885	4
2886	2
2887	8
2888	5
2889	7
2890	5
2891	3
2892	4
2893	5
2894	6
2895	3
2896	3
2897	1
2898	4
2899	2
2900	2
2901	2
19285	1
2902	3
2903	4
2904	4
2905	4
2906	1
19290	1
2907	4
2908	4
2909	4
2910	6
2911	3
2912	5
2913	3
2914	5
2915	7
2916	4
2917	7
2918	3
2919	1
2920	5
2921	4
2922	1
2923	3
2924	4
2925	4
2926	4
2927	4
2928	1
2929	2
2930	2
2931	3
19315	1
2932	1
2933	6
2934	5
2935	5
2936	3
2937	2
2938	8
19322	1
2939	4
2940	4
2941	3
2942	7
2943	5
2944	4
2945	3
2946	5
2947	3
2948	4
2949	1
2950	3
2951	2
2952	5
2953	6
2954	7
2955	1
19339	1
2956	2
2957	1
2958	5
2960	3
2961	4
2962	4
2963	7
2964	5
2965	2
2966	6
2967	8
2968	4
2969	2
2970	2
19354	1
2971	9
2972	7
19356	1
2973	4
2974	2
2975	6
19360	1
2976	5
2977	3
2978	6
2979	6
2980	4
2981	6
2982	6
2983	3
2984	6
2985	3
2986	4
2987	3
2988	2
2989	6
2990	3
2991	2
2992	5
19377	1
2993	6
2994	4
2995	3
2996	1
2997	1
2998	8
2999	6
3000	3
3001	4
3002	3
3003	4
3004	1
3005	5
19389	1
3006	3
3007	3
3008	7
3009	8
19393	1
3010	2
3011	4
19395	1
3012	1
3013	7
3014	3
3015	5
3016	4
3017	4
3018	6
3019	4
3020	4
3021	6
3022	2
3023	3
3024	3
3025	4
3026	4
3027	4
3028	3
3029	6
3030	2
3031	4
3032	8
3033	3
3034	2
3035	2
3036	5
3037	6
19421	1
3038	4
3039	5
3040	2
3041	7
3042	4
3043	5
3044	7
19428	1
3045	3
3046	6
3047	2
3048	2
3049	4
3050	4
3051	5
3052	6
3053	5
3054	9
3055	5
3056	4
3057	3
3058	7
3059	4
3060	3
3061	4
3062	6
3063	1
3064	5
3065	7
3066	5
3067	1
3068	2
3069	5
3070	1
3071	5
3072	7
3073	4
3074	7
3075	2
3076	5
3077	7
3078	4
3079	5
3080	4
3081	3
3082	2
3083	6
3084	5
3085	4
3086	5
3087	3
3088	2
3089	4
3090	2
3091	5
3092	4
3093	2
19477	1
3094	4
3095	3
3096	3
3097	5
3098	8
3099	4
19483	1
3100	3
3101	5
3102	5
3103	5
3104	2
19488	1
3105	4
3106	4
3107	4
3108	4
3109	5
3110	2
3111	5
3112	2
3113	3
19497	1
3115	1
3116	2
3117	5
3118	3
3119	1
3120	6
3121	1
19505	1
3122	3
3123	2
3124	3
3125	7
3126	4
3127	6
3128	4
3129	6
3130	5
3131	7
3132	3
3133	4
3134	7
3135	4
3136	3
3137	5
19521	1
3138	4
3139	4
3140	3
3141	6
3142	4
3143	4
3144	11
3145	7
3146	2
3147	7
3148	3
3149	6
3150	4
3151	5
3152	2
3153	7
3154	3
3155	5
3156	3
3157	3
3158	3
3159	4
3160	3
3161	5
19545	1
3162	4
19546	1
3163	1
3164	4
3165	1
3166	2
3167	5
3168	3
3169	2
3170	4
19554	1
3171	4
3172	4
3173	7
3174	1
3175	2
3176	4
3177	6
3178	3
3179	4
3180	3
19564	1
3181	8
19565	1
3182	5
3183	2
3184	3
3185	3
3186	5
3187	7
3188	5
3189	2
3190	4
3191	4
3192	4
3193	6
3194	5
3195	1
3196	3
3197	6
3198	4
3199	6
19583	1
3200	6
3201	7
3202	2
3203	3
3204	7
3205	3
3206	2
3207	4
3208	2
3209	3
3210	5
3211	2
3212	6
3213	5
3214	6
3215	2
3217	1
3218	7
3219	5
3220	5
3221	7
3222	4
3223	5
3224	7
3225	4
3226	4
3227	1
3228	3
3229	5
3230	2
3231	3
3232	3
3233	5
3234	5
3235	6
3236	5
3237	5
3238	4
3239	5
19623	1
3240	5
3241	3
3242	1
3243	4
3244	1
3245	4
3246	5
3247	2
3248	2
3249	2
3250	7
3251	2
3252	8
3253	3
3254	7
3255	2
3256	4
3257	2
3258	7
3259	4
3260	4
3261	7
3262	2
19646	1
3263	6
3264	3
3265	5
3266	3
3267	3
3268	3
3269	5
3270	3
3271	4
3272	5
3273	5
3274	1
3275	3
3276	8
3277	6
3278	3
3279	2
3280	6
3281	6
3282	6
3283	5
3284	5
3285	5
3286	5
3287	4
3288	4
3289	5
3290	7
3291	2
3292	2
3293	3
3294	1
3295	6
3296	4
3297	3
3298	5
3299	3
3300	3
3301	6
3302	4
3303	6
3304	6
3305	3
3306	8
3307	2
3308	8
3309	6
3310	1
3311	1
3312	5
3313	1
3314	6
3315	10
3316	6
3317	2
19701	1
3318	1
3319	4
3320	3
3321	4
3322	3
3323	3
3324	2
3325	9
3326	2
3327	3
3328	1
3329	3
3330	5
3331	5
3332	1
3333	3
3334	10
3335	2
3336	3
3337	5
3338	6
3339	3
3340	3
3341	5
3342	3
3343	4
3344	4
3345	4
3346	1
3347	8
3348	3
3349	4
3350	2
3351	5
3352	9
3353	5
3354	2
3355	5
3356	2
3357	4
3358	6
3359	7
3360	4
19744	1
3361	5
3362	3
3363	3
19747	1
3364	5
3365	2
19749	1
3366	5
3367	5
3368	1
3369	3
3370	5
3371	3
3372	5
3373	1
3374	3
19758	1
3375	4
3376	1
3377	2
3378	6
3379	1
3380	8
3381	4
3382	3
3383	2
3384	8
3385	2
3386	4
3387	9
3388	1
3389	4
3390	3
19774	1
3391	2
19775	1
3392	7
3393	4
3394	3
3395	4
3396	6
3397	2
3398	2
19782	1
3399	3
3400	5
3401	2
3402	3
3403	4
3404	4
3405	6
3406	3
3407	2
3408	1
3409	1
3410	1
3411	3
3412	4
3413	6
3414	4
3415	3
3416	2
3417	3
3418	3
3419	5
3420	2
3421	7
3422	5
3423	7
3424	5
3425	3
3426	5
3427	4
3428	4
3429	6
3430	4
3431	1
3432	4
3433	4
3434	5
3435	3
3436	2
3437	3
3438	2
3439	2
3440	6
19824	1
3441	3
3442	3
3443	2
3444	4
19828	1
3445	2
3446	8
3447	5
3448	4
3449	2
3450	1
3451	1
3452	2
3453	6
3454	1
3455	1
3456	7
3457	2
3458	5
3459	6
3460	4
3461	3
3462	5
3463	6
3464	2
3465	5
3466	3
3467	2
3468	5
3469	3
3470	4
3471	6
19855	1
3472	7
3473	3
3474	2
3475	4
3476	1
3477	2
3478	1
3479	2
3480	1
3481	3
3482	5
3483	2
3484	5
3485	3
3486	6
3487	6
3488	3
3489	2
3490	5
3491	2
3492	3
3493	3
3494	6
3495	2
3496	2
3497	3
3498	3
3499	2
3500	7
3501	3
3502	2
3503	9
3504	7
3505	5
3506	2
3507	1
3508	2
3509	5
3510	2
3511	4
3513	3
3514	2
3515	4
3516	5
3517	1
3518	2
3519	5
3520	2
3521	3
3522	3
19906	1
3523	7
3524	3
3525	1
3526	3
3527	2
3528	4
3529	1
3530	3
3531	5
3532	8
3533	1
3534	4
3535	2
3536	1
3537	4
3538	7
3539	6
3540	3
3541	3
3542	5
3543	6
3544	4
3545	9
3546	7
3547	4
3548	2
3549	3
3550	4
3551	8
3552	1
3553	2
3554	1
3555	3
3556	3
3557	4
3558	3
3559	4
3560	3
3561	4
3562	2
3563	3
3564	3
3565	6
3566	5
3567	6
3568	7
3569	3
3570	4
3571	5
3572	2
3573	2
3574	6
3575	5
3576	5
3577	9
3578	4
19963	1
3579	6
3580	6
3581	4
19965	1
3582	3
3583	5
3584	3
3585	3
3586	3
19971	1
3587	5
3588	2
3589	4
3590	3
3591	3
3592	5
3593	4
3594	10
3595	6
3596	3
3597	5
3598	2
3600	6
19984	1
3601	2
3602	3
3603	5
3604	2
3605	4
3606	6
19990	1
3607	4
3608	3
3609	5
3610	5
3611	6
3612	5
3613	5
3614	3
3615	3
3616	1
3617	7
3618	2
3619	2
3620	6
3621	5
3622	7
3623	5
3624	1
20009	1
3626	3
3627	8
3628	3
3629	6
3631	7
3632	2
20016	1
3633	4
3634	2
3635	4
3636	2
3637	3
3638	4
3639	1
3640	3
20024	1
20025	1
3641	1
3642	5
20026	1
3643	4
3645	7
3647	3
3648	2
3649	7
3650	3
3651	1
3652	4
3653	2
3654	1
3655	4
3656	3
20040	1
3657	1
3658	2
3659	1
3660	4
3661	1
20046	1
3662	1
3663	3
3664	4
3665	8
3666	1
3667	5
3668	1
3669	2
3670	12
3671	5
3672	1
3673	5
3674	1
3675	2
3676	7
20060	1
3677	3
3678	6
3679	3
3680	3
3681	5
20065	1
3683	1
3685	1
3686	6
3687	3
3688	4
3689	5
3690	3
3691	2
3692	4
3693	4
3694	3
3696	3
3697	4
3698	4
3699	3
3701	4
20087	1
3703	3
3704	2
3705	1
3706	3
3707	4
3708	3
3709	3
3710	3
3711	7
3712	5
3713	2
3714	1
3715	4
3716	4
3717	3
3718	2
3719	1
3720	6
3721	3
3722	1
3723	3
3724	5
3725	3
3726	4
3727	1
3728	3
3729	4
3730	8
20114	1
3731	7
3732	1
3733	2
3734	4
3735	6
3736	5
3737	3
3738	2
3739	4
3740	7
20125	1
3741	1
3742	3
3743	3
20127	1
3744	3
3745	2
3746	10
3747	3
3748	1
3749	7
3750	5
3751	4
3753	5
3754	4
3755	3
3756	2
3757	5
3759	4
3761	3
3762	2
3763	4
3764	7
3765	5
3766	4
3768	5
3769	3
3770	2
3772	4
3773	2
3774	6
3775	5
3776	4
20160	1
3777	9
3778	2
3779	4
3780	4
3781	4
3782	3
3783	3
3784	4
3785	2
3786	5
3787	4
3788	2
3789	5
20173	1
3790	5
3791	1
3792	2
3793	5
3794	2
3795	4
3796	3
3797	5
3798	5
3799	3
3800	1
3801	3
3802	5
3803	3
3804	2
3805	6
3806	3
3807	5
3808	3
3809	1
3810	2
3811	8
3812	2
3813	4
3814	5
3815	3
3816	3
3817	5
3818	4
3819	1
3820	1
3821	3
3822	2
3823	1
20207	1
3824	1
3825	4
3826	3
3827	2
3828	1
3829	5
3830	1
3831	2
3832	4
3833	4
3834	3
3835	5
3836	1
3837	2
3838	2
3839	6
3840	1
3841	6
3842	5
3843	3
3844	4
3845	4
3846	2
3848	1
3849	1
3850	3
3851	2
3852	2
3853	5
3854	4
20238	1
3855	3
3856	2
3857	6
3858	2
3859	2
3860	3
3861	3
3862	3
3863	4
3864	4
3865	3
3866	2
3867	4
3868	2
3869	2
3870	2
3871	7
3872	7
3873	3
3874	1
3875	3
3876	1
3877	3
3878	4
20263	2
3879	1
3880	4
3881	5
3882	3
3883	4
3884	3
3885	3
3886	3
3887	4
3888	2
20272	1
3889	5
3890	3
3891	5
3892	3
3893	4
3894	4
3895	1
3896	3
3897	5
3898	4
20282	1
3899	4
3900	1
3901	5
3902	1
3903	3
3904	5
20288	1
3905	3
3906	4
3907	3
3908	1
3909	5
3910	1
3911	2
3912	5
3913	5
3914	1
3915	1
3916	2
3917	1
3918	1
3919	4
3920	2
3921	4
3922	1
3923	3
3924	5
3925	3
3926	4
3927	3
3928	3
3929	1
3930	2
3931	3
3932	7
3933	4
3935	4
3936	4
3937	4
3938	5
3939	5
3940	1
3941	4
3942	4
3943	2
3944	3
20328	2
3945	2
3946	5
3947	3
3948	1
3949	4
3950	4
3951	5
3952	2
3953	6
3954	2
3955	4
3956	2
3957	3
3958	1
3959	6
3960	2
3961	4
3962	4
3963	3
3964	3
3965	3
3966	4
3967	5
3968	3
3969	2
3970	1
3971	4
3972	3
3973	1
3974	4
3976	1
3977	3
20361	1
3978	6
3979	7
3980	2
3981	4
3982	4
3983	8
3984	2
3985	3
3986	4
3987	3
3988	2
3989	2
3990	1
3991	1
3992	2
3993	2
3994	3
3995	5
3996	5
3997	2
20381	1
3999	7
4000	5
4002	2
4003	4
4004	4
4005	4
4006	2
4007	3
4008	3
4009	4
4010	1
4011	3
4012	2
4013	3
4014	2
4015	5
4016	6
4017	2
4018	3
20402	1
4020	7
4021	2
4022	1
4023	5
4024	8
4025	3
4026	7
4027	6
4028	5
4030	3
4031	4
4032	4
4033	2
4034	2
4035	1
4036	4
4037	5
4038	4
4039	1
4040	4
20424	1
4042	3
4043	4
4044	1
4045	2
4046	4
4047	6
4048	2
4049	1
4050	6
4051	4
4052	2
4053	4
4054	2
4055	3
20440	1
4056	1
4058	1
4059	3
4060	3
4061	3
4062	3
4063	4
4064	5
4065	6
4066	5
4067	3
4068	4
4069	1
4071	1
4072	4
4073	6
4074	3
4075	2
4076	2
4077	8
4078	2
4079	6
4080	1
4081	6
4082	2
4084	4
4085	3
4086	4
4087	3
4088	3
4089	2
20473	1
4090	4
4091	3
4092	2
4093	2
20478	1
4094	5
4095	3
4097	2
4098	4
4099	4
4100	2
4101	1
4102	5
4103	3
20487	1
4104	3
4105	4
4106	2
4107	5
4108	2
4109	2
4110	3
4111	1
4112	3
4113	1
4114	2
4115	2
4116	2
4117	4
4118	5
4119	2
4120	5
4121	1
4122	7
4123	2
4124	2
4125	2
4126	3
4127	3
4128	3
4129	2
4130	6
4131	2
4132	3
4133	3
4134	2
4135	6
4136	1
4137	2
4138	5
4139	4
4140	3
4142	1
20526	1
4143	6
4144	5
4145	1
4146	3
20530	1
4147	2
4148	3
4149	7
4150	2
4151	5
4152	1
4153	1
4154	2
4155	2
4156	2
4157	4
4158	4
4159	1
4160	2
4161	6
4162	3
4163	3
20548	1
4164	6
4165	1
4166	3
4167	1
4168	3
4169	1
4170	1
4171	3
4173	3
4174	2
4175	3
4176	1
4178	3
4179	1
4180	2
4181	3
4182	1
4184	1
4185	1
4186	2
4187	4
4188	2
4190	7
4191	1
4192	4
4193	1
4194	2
4195	5
20579	1
4196	2
20580	1
4197	2
4198	2
4199	4
4200	4
4201	1
4202	3
4203	4
4204	1
4205	1
4206	3
4207	8
4208	3
4209	1
4210	10
4211	6
4212	3
4213	3
4214	4
4215	4
4216	1
4217	3
4218	4
4219	4
4220	2
4221	1
4222	3
4223	4
4224	6
4225	2
4226	1
4227	2
4228	4
4230	1
4231	4
4233	4
4234	3
4235	1
4236	6
4237	4
4238	2
4239	3
4241	3
4242	7
4243	1
4244	1
4245	5
4246	4
4247	2
4248	7
4249	3
4250	3
4251	3
4252	3
4253	3
4254	1
4255	1
4256	5
4257	7
4258	1
4259	1
4260	4
4261	3
4262	2
4263	3
20647	1
4264	4
4265	1
4266	4
4267	1
4269	2
4270	2
4271	6
4272	6
4273	7
4274	4
4275	4
4276	4
4277	2
4278	3
4279	4
20663	1
4280	3
20664	1
4281	6
4282	5
4283	3
4284	4
4285	1
4286	4
4287	1
4288	6
4289	3
4290	3
4291	3
4292	1
4293	2
4294	2
4295	6
20680	2
4296	1
4297	1
4299	4
20683	1
4300	1
4301	3
4302	1
4303	2
4304	3
4305	3
4306	1
4307	1
4308	3
4309	2
4310	5
4311	6
4312	4
4313	1
4314	3
4315	4
4316	3
4317	3
4318	2
4319	2
4320	1
4321	4
4322	7
4323	3
4324	3
4325	4
4326	2
4327	7
4328	4
4329	1
4330	3
4331	3
4332	2
4333	3
4334	2
4335	1
4336	3
4337	3
4338	3
4339	2
4340	6
4341	2
4342	1
4343	3
4344	3
4345	2
4346	2
4347	2
4348	4
4349	2
4350	4
4351	2
4352	1
4353	1
4354	2
4356	2
4357	4
4358	5
4360	1
4361	2
4362	5
4363	3
4365	6
4366	1
4367	1
4368	5
4369	5
4370	3
4371	4
4372	4
4373	3
4374	2
4375	4
4376	3
4377	5
4378	1
4379	3
4380	3
4381	1
4382	2
4383	3
4384	2
4385	1
20769	1
4386	3
20770	1
4387	1
4389	3
20773	1
4390	2
4391	3
4392	2
4393	5
4394	4
4395	3
4396	4
4397	4
4398	6
4399	4
4400	5
4401	1
4402	6
4403	1
4404	7
4405	1
4406	5
4407	7
4408	2
4409	3
4410	3
4411	4
4412	3
4413	2
4414	2
4415	3
4416	3
4417	6
4418	3
4419	2
4420	4
4421	5
4422	1
4423	2
4424	3
4426	2
4427	4
4428	1
4429	1
4430	8
20815	1
4431	3
4432	2
4433	2
4434	3
4435	6
4436	4
4438	3
4439	5
4440	1
4442	4
4443	4
4444	2
4445	4
4446	2
4448	4
4449	2
20833	1
4450	4
4451	7
4452	3
4453	3
4454	2
4455	4
4456	1
4457	3
4458	1
4459	3
4460	8
4461	3
4462	1
4463	3
4464	4
4465	3
4466	2
4467	4
4468	2
4469	5
4470	3
4471	1
4472	4
20856	1
4473	5
4474	1
4475	3
4476	1
4477	5
4478	3
4480	2
4481	5
4482	1
4483	3
20867	1
4484	5
4485	1
4486	4
4487	1
4488	2
4489	3
4490	3
4491	2
4492	6
4493	3
4494	1
4495	3
4496	5
4497	2
4498	6
4499	2
4500	6
4501	3
4502	5
4503	2
20888	1
4504	2
4505	3
4506	5
4507	2
4509	4
4510	3
4511	2
4512	2
4513	3
4515	5
4516	3
4517	2
4518	5
4519	2
4520	2
20904	1
4521	2
4523	2
4524	2
4525	6
4526	2
4527	4
4528	1
4529	2
4530	1
4531	1
4532	3
4533	5
4534	2
4535	2
4536	4
4537	1
4538	2
4539	1
20923	1
4540	3
4541	6
4543	2
4544	3
4545	3
4547	2
4548	2
4549	3
4550	3
4551	2
4552	4
4553	3
4554	3
4555	2
4557	3
4558	3
4559	3
4560	2
20944	1
4561	3
4562	4
4563	4
4564	4
4565	3
4566	1
4567	4
4568	1
4569	4
4570	5
4571	3
4572	1
4573	7
4574	1
4575	5
4576	1
4577	2
4578	2
4579	2
4580	5
4581	5
4582	2
4583	4
20968	1
4584	1
4585	3
4586	1
4587	1
4588	1
4589	2
4590	1
4591	1
4592	3
4593	3
4594	1
4595	1
4596	3
4597	5
4598	5
4599	2
4600	2
4601	7
4602	4
4603	4
4604	2
4605	1
4606	3
4607	1
4608	4
4609	5
4610	2
4611	1
4612	3
4613	1
4614	2
4615	3
4616	4
4617	3
4618	4
4619	2
4620	3
4621	1
4622	1
4623	3
4624	4
4625	5
4627	1
4628	1
4629	3
4630	4
4631	2
4633	2
4634	1
4635	3
4636	3
4637	1
4638	8
4639	4
4640	1
4641	1
21025	1
4642	1
4643	3
4644	5
4645	2
4646	2
4647	2
4648	4
4649	4
4650	5
4651	1
4652	3
4653	2
4654	1
4655	5
4656	3
4658	3
21042	1
4660	2
4661	4
21046	1
4662	2
4663	4
4664	1
4665	2
4667	2
4668	2
4669	4
4670	6
4672	1
4673	3
21058	1
4675	3
4676	2
4677	6
4678	2
21062	1
4679	2
4680	1
4681	4
4682	4
4683	2
4684	5
4685	4
4686	4
4687	3
4688	2
4689	2
4690	1
4691	2
4692	1
4693	7
21077	1
4694	5
4695	3
4696	1
4697	4
4698	3
4699	4
4700	1
4701	3
4702	1
4703	4
4704	1
4705	3
4707	3
4708	4
4709	1
4710	2
4711	2
4712	3
4713	7
4714	3
4715	2
4716	4
4717	1
4718	2
4720	3
4721	2
4722	3
21106	1
4723	2
4724	1
4725	2
4726	2
4727	5
4728	1
4729	3
21113	1
4730	3
4731	3
4732	3
4733	3
4734	2
4735	2
4736	1
4737	5
4739	3
4740	5
4741	2
4742	4
4743	2
4744	3
4745	2
4746	2
4747	2
4748	6
4750	2
4751	5
4752	1
4753	5
4754	6
4755	2
4756	1
4757	4
4758	2
4759	3
4760	2
4761	2
4762	2
4763	2
4765	4
4766	2
4767	3
4768	3
4769	2
4770	3
4771	2
4772	3
4773	6
4774	1
4775	1
4776	1
4777	5
4778	1
4779	3
4780	3
4781	1
4782	3
4784	1
4785	2
4786	1
4788	5
4789	4
4790	2
4791	1
4792	3
4793	2
4794	3
4795	3
4796	2
4797	3
4798	2
4799	2
4800	3
4801	8
4802	5
4804	2
4805	4
4806	1
4807	3
4808	3
4809	4
21193	1
4810	2
4811	2
4812	4
4813	1
4814	2
4815	3
4817	1
21201	1
4818	2
4819	4
4820	4
4821	3
4822	3
4823	3
21208	1
4824	3
4825	3
4826	2
4827	4
4828	3
4829	3
4830	3
4831	3
4832	1
4833	1
4834	1
4835	1
4837	3
4839	1
4840	1
4841	2
4842	2
4843	3
4844	3
4845	1
4846	3
4847	2
4848	4
4849	2
4850	2
4851	3
21235	1
4852	2
4853	3
4854	3
4855	2
21239	1
4856	1
4857	1
4858	2
4860	2
4862	1
4863	5
4865	2
4866	1
4867	5
4868	1
4869	2
4870	4
4871	1
4872	2
4873	5
4874	2
4875	1
4876	3
4877	6
4878	1
4879	1
4880	2
4881	1
4882	4
4883	2
4884	2
4885	2
4886	1
4887	2
4888	2
4889	1
4890	2
4891	2
4892	5
4893	2
4895	1
4896	2
4897	2
4899	2
4900	3
4901	3
4903	3
4905	5
4906	2
4907	5
4908	3
4909	3
4910	2
4911	2
4912	5
4914	3
4915	2
4916	2
4917	3
4918	3
4919	4
4920	5
4921	6
4922	1
4923	4
4925	3
4926	1
4927	2
4928	1
4929	2
4930	4
4931	1
4933	4
4934	2
4935	1
4937	4
4938	2
4939	1
4940	1
4941	5
4942	3
4943	2
4944	5
4945	3
4946	2
4947	3
4948	6
4949	1
4950	5
4951	1
4952	1
4953	3
4955	4
4956	3
4957	2
4958	2
4959	1
4961	2
4962	2
4963	2
4964	4
4965	2
4966	3
4967	1
4968	1
4970	3
4971	2
4972	3
4974	2
4975	2
4976	4
4977	1
4978	2
4979	3
4980	1
4981	1
4982	1
4983	1
4984	1
4985	3
4986	4
4988	2
4989	2
4990	2
4992	3
4993	2
4994	3
21378	1
4995	3
4996	1
4997	4
4998	1
4999	2
5001	3
5002	2
5003	6
5004	3
5005	6
5007	2
5008	1
5009	1
5010	5
5011	2
5013	2
5014	2
5015	2
5016	2
5017	1
21402	1
5020	3
5021	2
5022	1
5023	1
5024	3
5025	1
5026	3
5027	1
5028	2
5029	3
5030	2
5031	1
5032	4
5033	3
5034	2
5035	1
5036	5
21420	1
5037	1
5038	4
5039	2
5040	1
5041	1
5042	2
5043	1
5044	2
5046	1
5047	2
5048	4
5049	4
5050	4
5051	2
5052	2
5053	4
5054	1
5055	1
5056	1
5058	4
5059	3
5060	1
21446	1
5062	5
5063	1
5064	2
5065	2
5066	2
21452	1
5069	5
5070	3
5071	4
5072	4
5073	2
5074	2
5075	2
5076	1
5078	4
5079	1
5080	3
5081	4
5082	5
5083	1
5086	5
5087	2
5088	1
5089	2
5090	4
5091	1
5092	2
5093	2
5094	1
5095	1
5096	4
5097	2
5098	2
5099	1
5100	2
5101	3
5102	4
5103	2
5105	3
5106	3
5107	3
5108	2
5109	2
5110	4
5112	2
5113	2
5115	1
5116	3
5117	2
5118	1
5119	3
5120	2
5121	3
5122	1
5124	5
21509	1
5125	3
5126	2
5127	1
5128	2
5129	1
5130	4
5131	3
5132	2
5133	3
5134	2
5135	4
5136	2
5137	3
5138	1
5139	1
5141	1
5142	4
5143	2
5144	5
5145	2
5146	3
5147	1
5148	3
5149	2
5150	3
5152	2
5153	4
5154	4
5155	1
5156	1
5157	3
21541	1
5158	5
5159	1
5160	3
5161	1
5162	5
5163	1
5164	3
5165	2
5166	2
5167	3
5168	3
5169	3
5171	4
5172	3
5174	1
5175	1
5176	2
5177	2
5178	2
5179	1
5180	2
5181	4
5182	3
21566	1
5184	1
5185	1
5187	5
5188	2
5189	3
5190	4
5191	3
5192	3
5193	2
5194	2
5195	3
5197	1
5198	5
21582	1
5199	3
5201	3
5202	2
5203	4
5204	2
5205	6
5206	4
5208	2
5209	4
5210	2
5211	2
5212	2
5213	2
5214	1
5215	2
5216	2
5217	3
5220	2
5221	2
5222	4
5223	3
5224	2
5225	1
5227	2
5229	3
5230	5
5231	2
5232	1
5233	5
5234	4
5235	4
5236	1
5237	5
5238	1
5239	4
5240	1
5241	4
5242	4
5243	2
5244	4
5245	2
5246	4
5247	5
5248	2
5249	3
5250	4
5251	1
5252	3
21636	1
5253	2
5254	5
5255	3
5256	2
5257	2
5258	1
5259	3
5260	1
5261	3
5262	1
5263	1
5265	1
5266	2
5267	3
5268	2
5269	2
5270	1
5271	3
5273	2
5274	4
5275	1
5277	1
5278	2
5279	4
5280	2
5281	1
5282	2
5285	1
5286	1
5287	2
5288	1
5290	1
5291	1
5292	3
5293	1
21677	1
5294	1
5295	3
5298	2
5299	4
5300	2
5301	2
5303	2
5304	3
5305	4
5308	1
5309	2
5310	4
5312	2
5313	1
5314	1
21698	1
5315	5
5316	2
5317	1
5318	2
5319	1
5320	5
5321	2
5322	2
5323	3
5324	1
5325	2
5326	1
5327	2
5328	4
5329	4
5330	3
5331	2
5332	1
5333	2
5334	2
5335	1
5336	2
5337	1
5338	2
5339	3
5341	1
5342	2
5343	4
5345	2
5347	4
5348	1
5349	3
5351	3
5352	3
5353	1
5355	3
5356	3
5357	3
5358	4
5359	2
5361	3
5362	2
5363	2
5364	2
5365	1
5367	2
5369	1
5370	2
5372	1
5373	2
5375	1
5377	2
5378	3
5379	1
21763	1
5380	2
5381	2
5382	2
5383	2
5384	2
5385	1
5386	3
5387	2
5388	3
5389	2
5391	1
5392	1
5395	4
5398	1
5399	3
5401	2
5402	2
5404	3
5406	2
21790	1
5407	4
5408	2
5409	1
5410	2
5411	4
5412	1
5413	3
5414	4
5415	1
5417	4
5418	1
5419	2
5420	3
5421	1
21805	1
5422	2
5424	3
5425	2
5426	3
5427	1
5428	1
5429	4
5430	5
5431	2
5432	1
5433	2
5434	2
5436	1
5437	3
5438	2
5439	2
5441	3
5442	4
5444	3
5446	3
5448	1
5449	2
5451	1
5453	2
5454	4
5455	1
5456	1
5457	2
5458	2
5459	3
5460	1
5461	3
5462	1
5463	3
5465	1
5466	1
21852	1
5469	1
5470	3
5473	2
5475	1
5476	2
5477	2
5479	3
5480	2
5481	1
5482	5
5483	6
5484	4
5485	2
5486	5
5487	1
5489	2
5490	1
5491	2
5492	1
21876	1
5493	3
5495	2
21879	1
5496	1
5497	3
21881	1
21882	1
5498	1
5499	2
5500	1
5501	1
5502	4
5503	1
5504	2
5505	2
5506	1
5507	4
5508	3
5509	3
21894	1
5511	2
5512	3
5513	2
5515	2
5516	2
5517	2
5518	2
5519	3
5520	1
5521	1
5522	3
5524	2
21909	1
5525	2
5526	3
5527	2
5528	3
5529	3
5533	2
5534	2
5535	3
5537	2
5538	1
5539	2
5540	2
5541	3
5542	1
5543	1
5544	2
5545	4
5546	2
5547	3
5548	3
5549	4
5550	3
5551	1
5552	1
5553	4
5554	3
5555	2
5556	1
5557	1
5558	4
5559	2
5561	1
5562	3
5564	3
5565	1
5566	2
5567	1
5568	4
5569	1
5570	3
5572	3
5574	2
5575	3
5576	3
5577	4
5578	3
5579	3
5580	1
5581	2
5582	3
5583	3
21968	1
5585	4
5586	2
5587	1
5588	1
5590	1
5591	1
5592	2
5593	1
5594	1
5595	1
5596	2
5597	3
5598	2
5599	4
5600	1
5601	1
5602	1
5604	2
5605	4
5606	2
5608	4
5609	2
5610	2
5611	2
5612	2
5613	3
5614	1
5615	4
5616	2
5617	4
5618	2
5619	1
5620	2
5621	1
5622	1
5623	2
5624	2
5625	1
5626	1
5627	2
5628	1
5629	3
5631	5
5632	1
5633	1
5634	1
5636	2
5637	2
5638	2
5639	1
5641	2
5642	2
5643	1
5644	1
5645	2
5646	3
5647	1
5648	1
5649	1
5650	1
5651	2
5652	3
5653	2
5654	1
5655	2
5657	1
5658	2
5659	1
5660	1
5661	6
5663	3
5664	1
5666	1
5667	3
5668	2
5669	2
5670	2
5671	1
5672	2
5673	1
5674	2
5675	3
5677	4
5678	1
5679	2
5680	1
5683	1
5684	3
5686	2
5687	2
5688	2
5689	3
5690	2
5691	2
5692	1
5693	2
5694	3
5695	1
5696	1
5697	3
5699	1
5700	2
5701	6
5702	1
5703	1
5704	1
5706	2
5707	4
5708	2
5709	2
5710	3
5711	3
5712	2
5713	2
5716	1
5717	4
5718	3
5719	1
5720	2
5721	4
5724	1
5726	1
5727	4
5728	1
5729	1
5730	2
5731	1
5732	5
5733	1
5734	2
5735	3
5736	1
5737	2
5739	1
5740	1
5741	3
5742	2
5743	1
5745	1
5747	3
5748	1
5750	5
5751	1
5753	2
5754	1
5755	1
5756	1
5757	2
5759	2
5761	2
5762	3
5763	4
5764	3
5765	5
5766	4
5767	3
5769	3
5771	2
5772	4
5773	3
5775	2
5776	2
5777	3
5778	2
5781	2
5782	3
5783	1
5784	2
5785	1
5786	1
5787	1
5788	3
5789	2
5790	2
5791	1
5792	1
5793	1
5794	1
5795	2
5796	2
5797	2
5798	2
5799	1
5800	1
5801	2
5802	2
5803	1
5804	5
5805	1
5806	1
5807	1
5808	2
5810	1
5811	1
5814	4
5815	1
5816	1
5817	2
5819	1
22203	1
5820	2
5821	2
22205	1
5822	1
5824	2
5825	1
5826	1
5827	3
5828	1
5830	1
5831	5
5832	2
5833	1
5834	1
5837	3
5838	2
5839	2
5840	3
5841	1
5843	3
5844	2
5845	5
5847	3
5849	3
5850	5
5851	1
5854	3
5855	2
5856	1
22240	1
5857	1
5858	1
5859	2
5860	1
5862	1
5863	2
5864	2
5865	1
5866	2
5867	5
5868	1
5870	3
5872	1
5873	2
22258	1
5875	1
5876	1
5877	4
5878	1
5879	3
5880	2
5881	2
5882	2
5884	2
5885	1
5887	3
5889	1
5890	2
5892	3
5893	2
5894	2
5895	3
5896	1
5897	2
5898	2
5899	3
5901	2
5902	1
5903	1
5904	1
5905	2
5906	1
5907	1
5910	2
5911	3
5913	3
5914	5
5916	2
5917	1
5918	1
5920	2
5921	2
5922	1
5923	2
5925	2
5926	5
5927	1
5928	1
5929	1
5931	3
5932	2
5933	2
5934	2
5935	1
5936	1
5937	2
5940	3
5941	1
5942	1
5943	1
5944	1
5947	2
5948	1
5949	2
5950	2
5951	1
5954	2
5955	1
5956	1
5957	2
5959	3
5960	1
5961	3
5962	1
5963	3
5964	2
5965	2
5966	2
5967	2
5968	3
5969	3
5970	2
5971	2
5973	1
5974	3
5975	1
5976	1
5977	1
5978	3
5979	1
5980	1
5981	1
5982	4
5985	2
5988	1
5990	1
5991	1
5992	1
5993	1
5994	1
5995	1
5996	1
5997	1
5998	2
5999	1
6000	3
6001	2
6002	1
6003	1
6004	2
6005	2
6007	1
6009	1
6010	3
6011	1
6012	1
6013	2
6014	1
6015	2
6016	4
6017	3
6018	3
6019	1
6021	1
6022	3
6023	1
6024	2
6027	1
6028	1
6029	1
6030	1
6033	1
6034	4
6035	1
6036	4
6038	1
6039	3
6040	3
6041	3
6046	2
6048	1
6049	2
6050	2
6052	1
6053	1
6054	1
6055	2
6056	1
6057	1
6058	2
6060	1
6061	2
6062	1
6063	2
6064	2
6065	4
6066	2
6067	2
6069	5
6070	2
6073	3
6074	2
6075	2
6076	1
6077	1
6078	2
22462	1
6079	3
6082	5
6083	1
6085	1
6086	3
6087	3
6089	1
6090	1
6091	1
6092	1
6093	1
6094	3
6095	4
6096	1
6097	3
6098	1
6099	5
22483	1
6101	1
6102	3
6103	2
6104	2
6106	3
6107	3
6109	2
6110	1
6111	4
6112	3
6113	4
6114	1
6115	2
6116	3
6117	2
6120	3
6121	1
6123	1
22508	1
6124	1
6125	4
6126	2
6127	1
6128	3
6129	6
6130	3
6131	2
6132	1
6134	4
6136	2
6137	3
6138	3
6139	1
6140	2
6141	2
6144	2
6145	3
6146	3
6147	1
6148	5
6149	1
6150	1
6151	2
6155	1
6156	3
6157	1
6160	4
6162	1
6163	3
6164	1
6165	1
6166	2
6167	2
6168	1
6169	1
6170	2
6171	3
6172	3
6174	1
6175	1
6176	1
6177	2
6179	2
6181	1
6182	4
6183	1
6184	1
6186	1
6187	1
6188	2
6189	2
6191	1
6193	1
6194	1
6195	2
6196	2
6197	2
6199	3
6200	1
6202	2
6203	1
6204	1
6205	1
6209	2
6211	2
6213	2
6215	1
6216	2
6217	3
6218	2
6219	4
6220	1
6223	1
6224	2
6225	1
6226	1
6229	2
6230	3
6231	2
6232	1
6233	1
6234	2
6235	2
6236	4
22620	1
6238	4
6239	3
6240	2
6241	1
6242	3
6244	1
6245	2
6246	1
6250	1
6251	2
6253	3
6254	1
6255	1
6256	3
6257	2
6258	3
6259	2
6260	3
6261	1
6263	1
6266	2
6267	1
6270	3
6271	3
6272	3
6273	2
6274	3
6275	1
6276	2
6278	2
6280	1
6281	3
6283	3
6284	2
6285	4
6286	1
22670	1
6287	2
6288	2
6289	3
6291	1
6293	1
6294	2
6296	1
6297	1
6299	1
6302	4
6303	2
6304	1
6305	2
6306	1
6307	1
6309	1
6310	1
6311	3
22702	2
6319	2
6320	3
6321	2
6323	1
6324	1
6328	1
6329	3
6330	3
6331	1
6333	1
6334	3
6335	2
6337	1
6338	4
6339	1
6340	3
6341	1
6342	1
6343	1
6345	2
6346	1
6347	2
6349	2
6350	1
6351	2
6352	1
6353	1
6354	2
6355	3
6356	2
6357	1
6358	1
6360	2
6362	1
6363	4
6364	1
6366	1
6367	3
6368	1
6371	2
6373	1
6374	1
6375	2
6376	1
6377	4
6379	2
6380	3
6382	2
6383	1
6384	2
6385	2
6386	1
6387	2
6388	2
6390	2
6391	2
6392	1
6396	2
6397	1
6398	2
6400	1
6401	1
6402	1
6403	1
6404	1
6408	1
6409	3
6410	1
6411	2
6412	1
6413	3
6416	1
6418	2
6419	2
6420	3
6421	2
6423	1
6424	2
6425	1
6426	1
22810	1
6428	1
6429	1
6430	2
6432	1
6433	2
6434	2
6435	2
6436	1
6437	2
6438	1
6439	1
6440	3
6442	1
6444	2
6448	1
6450	1
6452	1
6455	2
6457	2
6458	1
6459	1
6460	3
6461	1
6462	2
6463	2
6465	1
6467	1
6469	2
6470	1
6472	1
6473	2
6474	2
6475	1
6476	1
6477	2
6478	1
6480	2
6482	3
6483	2
6484	3
6485	1
6486	3
6487	3
6488	2
6490	2
6491	3
6493	1
6494	1
6495	1
6496	1
6497	2
6498	1
6501	2
6502	1
6503	1
6504	4
6505	2
6508	2
6509	4
6510	2
6511	1
6512	2
6514	2
6516	1
6518	1
6519	1
6520	3
6521	1
22906	1
6522	2
6525	1
6526	2
6531	2
6532	2
6533	1
6541	2
6543	3
6544	1
6545	1
6546	4
22931	1
6548	2
6549	2
6550	4
6551	1
6553	1
6555	1
6556	2
6558	1
6559	1
6560	4
6561	2
6562	4
6564	4
6565	1
6566	1
6570	1
6571	3
6572	1
6573	1
6574	1
6575	2
6576	2
6577	1
6579	1
6580	4
6582	1
6583	3
6585	3
6586	2
6587	1
6589	2
6590	3
6591	2
6593	1
6594	3
6595	1
6597	1
6598	3
6600	1
6601	1
6602	2
6604	1
6605	1
6606	3
6607	1
6608	1
6610	1
6611	2
6612	2
6614	1
6617	1
6618	1
6619	2
6620	1
6621	2
6622	2
6628	1
6629	3
6630	1
6631	2
6632	1
6634	1
6635	2
6638	1
6639	3
6641	3
23026	1
6642	1
6643	2
6644	1
6645	1
6646	3
6647	2
6651	1
6652	2
6653	2
6654	1
6657	2
6658	1
6659	1
23043	1
6663	1
6664	1
6665	3
6666	1
6667	2
6669	1
6670	2
6671	3
6673	1
6674	1
6675	1
6676	1
6677	1
6679	1
6680	3
6682	1
6683	1
6684	1
6685	1
6686	3
6687	2
6688	1
6693	2
6694	1
6695	1
6696	1
6697	1
6698	1
6700	3
6702	1
6703	1
6704	1
6705	3
6706	3
6709	1
6711	2
6712	1
6714	1
6715	2
6716	1
6717	3
6719	1
6723	2
6725	2
6728	1
6730	1
6731	1
6732	3
6733	1
6734	3
6737	1
6738	1
6739	1
6740	1
6741	1
6744	2
6745	1
6747	1
6748	2
6749	2
6751	2
6754	3
6756	2
6757	2
6758	1
6759	2
6760	2
6763	2
6765	1
6768	2
6770	2
6772	2
6775	1
6776	1
6777	1
6778	2
6779	2
6780	1
6782	1
6783	1
6784	2
6785	1
6787	2
6788	2
6789	2
6791	4
6792	1
6794	1
6796	1
6797	2
6799	3
6800	1
6803	1
6804	1
6806	3
6807	2
6808	1
6809	1
6810	3
6811	1
6812	1
6813	2
6814	1
6816	2
6817	1
6818	2
6819	2
6820	1
6821	3
6822	2
6823	3
6825	2
6826	1
6827	2
6829	1
6830	1
6831	1
6832	1
6834	1
6836	2
6837	2
6838	1
6841	1
6842	1
6843	2
6846	1
6847	3
6849	1
6853	1
6854	1
6856	1
6862	2
6863	2
6865	1
6866	1
6868	1
6869	1
6870	1
6871	2
6873	3
6875	1
6877	1
6878	1
6879	2
6882	1
6887	2
6888	1
6889	2
6891	3
6892	1
6893	1
23279	1
6897	1
6898	1
6899	1
6900	1
6901	1
6902	2
6903	1
6905	2
6906	1
6907	1
6908	3
6911	2
6912	1
6913	1
6914	3
6915	1
6916	2
6918	2
6919	1
6920	1
6924	1
6927	1
6928	2
6929	2
6930	1
6932	2
6934	1
6937	3
6939	1
6940	1
6942	3
6943	3
6945	1
6946	1
6947	1
6949	1
6950	1
6952	1
6953	2
6955	1
6956	3
6958	1
6960	3
6961	1
23346	1
6962	2
6965	1
6966	1
6967	1
6969	1
6970	2
6973	1
6974	1
6975	2
6976	1
6977	1
6978	2
6979	1
6980	1
6982	1
6983	3
6984	2
6985	1
6986	2
6988	2
6989	1
6990	2
6992	2
6995	1
23380	1
6996	4
6997	1
6998	2
23383	1
6999	1
7000	2
7001	1
7002	1
7006	2
7008	1
7009	1
7011	2
7012	1
7013	1
7016	2
7017	3
7018	1
7019	2
7020	1
7021	1
7023	2
7024	1
7025	1
7026	2
7027	1
7028	1
7029	1
7034	2
7035	2
7036	1
7037	1
7039	2
7041	2
7042	1
7043	1
7044	1
7047	1
23435	1
7053	1
7055	1
7056	1
7057	1
7061	1
7063	2
7065	2
7067	1
7068	1
7069	2
7070	1
7074	1
7077	1
7078	3
7079	1
7080	1
7082	1
23467	1
7086	3
7087	2
7088	2
7089	1
7090	1
7091	2
7093	4
7094	2
7096	1
23480	1
7098	1
7101	4
7104	1
7105	1
7108	2
7109	1
23494	1
7111	1
7115	2
7117	3
7121	1
7122	2
7124	2
7125	1
7126	1
7128	1
7130	1
7133	2
7134	1
7135	1
7138	2
7140	1
7141	1
7144	3
7145	1
7149	1
7150	2
7154	2
7155	1
7156	2
7157	2
7158	1
7159	1
7160	1
7161	2
7162	1
7164	1
7165	2
7168	2
7170	2
7171	1
7172	1
7173	2
7174	1
7175	1
7176	1
7177	1
7178	3
7179	1
7180	1
7182	1
7188	1
7189	1
7191	2
7193	1
7194	1
23581	1
7198	1
7200	2
7201	1
7204	3
7205	1
7207	1
7208	2
7212	4
7214	2
7218	1
7220	1
7221	1
7222	1
7223	1
7226	1
7227	2
7229	1
7231	1
7232	2
7233	1
7234	1
7235	2
7236	1
7237	1
7238	3
7239	1
7241	3
7242	1
7243	1
7244	1
7245	1
7246	1
7247	1
7249	1
7250	1
7253	1
7254	1
7257	3
7259	1
7260	1
7263	1
7264	1
7265	1
7268	1
7269	2
7270	1
7273	1
7274	1
7276	1
7277	1
7278	1
7279	1
7280	1
23666	1
7287	1
7290	3
7291	1
7292	2
7293	1
7294	1
7295	2
7297	1
7299	2
7301	2
7303	1
7305	1
7307	1
7308	1
7309	1
7311	2
7312	3
7313	1
7314	2
7315	1
7319	1
7320	1
7321	2
7322	1
7325	2
7327	2
7329	1
7330	2
7331	1
7334	1
7335	2
7336	2
23721	1
7337	1
7340	1
7344	1
7345	1
7347	3
7348	2
7349	1
7350	1
7352	1
7354	1
7355	3
7356	2
7357	1
7359	2
7361	1
7362	1
7365	1
7367	1
7369	1
7371	1
7373	1
7375	3
7376	2
7377	1
7378	1
7382	1
7383	2
7386	1
7387	2
7388	1
7390	3
7391	2
7395	1
7396	2
7400	1
7401	2
23787	1
7404	1
7405	1
7406	1
7408	1
7409	2
7410	1
7412	1
7413	1
7415	1
7418	1
7423	1
7424	1
7426	1
7429	1
7430	1
7431	2
7432	1
7433	1
7437	1
7438	1
7440	1
7441	1
7442	1
7443	1
23829	1
7446	1
7447	1
7449	1
23833	1
7452	2
7453	1
7454	2
7455	2
7457	2
7462	2
7463	1
7464	2
7466	1
7467	1
7468	3
7469	1
7471	2
7472	1
7473	1
7474	1
7475	1
7477	1
7479	1
7480	3
7482	1
7484	3
7485	2
7487	1
7490	1
7493	1
7494	1
7495	1
7496	1
7498	1
7501	1
7502	1
7503	1
7505	1
7506	1
7507	1
7509	1
7510	1
7512	1
7515	1
7516	1
7518	1
7520	1
7523	3
7526	4
7527	2
7528	2
7529	1
7530	2
7532	2
7533	1
7538	1
7541	1
7543	1
7548	1
7550	1
7553	1
7554	1
7555	1
7556	4
7557	2
7559	1
7560	1
7561	3
7562	1
7565	2
7567	1
7569	2
7570	2
7571	3
7573	2
7574	2
7575	1
7576	1
7577	1
7578	2
7580	1
7581	3
7584	2
7586	2
7589	1
7592	1
7594	1
7596	2
7597	2
7598	2
7599	2
7602	1
7604	1
7608	1
7610	2
7611	1
7612	2
7613	1
7614	2
7615	1
7617	1
7618	1
7620	1
7621	1
7622	2
7627	1
7629	2
7630	2
7632	2
7633	1
7635	3
7638	2
7639	1
7641	2
7646	2
7647	1
7648	1
7650	1
7651	1
7654	1
7655	1
7656	1
7657	1
7661	2
7664	1
7665	2
7668	1
7669	1
7670	1
7675	1
7676	1
7679	1
7681	1
7683	1
7685	1
7689	1
7691	1
7692	2
7693	1
7697	1
7700	1
7702	1
7703	1
7704	1
7705	2
7707	1
7708	1
7715	1
7720	4
7721	1
7724	1
7725	2
7727	1
7728	2
7729	1
7731	2
24118	1
7735	1
7739	1
7741	1
7746	1
7747	1
7748	1
7751	1
7752	1
7753	1
7756	2
7758	1
7760	2
7764	2
7765	1
7766	1
7768	1
7771	1
7772	1
7773	1
7779	1
7784	2
7785	1
7786	2
7788	1
7789	1
7792	1
7794	1
7796	1
7797	3
7798	1
7800	3
7802	2
7804	1
7807	1
7809	1
7810	1
7813	2
7816	1
7817	1
7818	1
7820	1
7821	2
7822	2
7823	1
7825	1
7828	2
7832	1
7833	1
7835	1
7836	1
7837	1
7842	1
7843	1
7844	1
7848	1
7849	1
7851	2
7852	3
7853	4
7854	1
7855	1
24241	1
7860	3
7863	2
7865	1
7866	1
7867	1
24253	1
7872	1
7879	2
7887	1
7889	1
7892	1
7896	2
7903	2
7904	1
7905	1
7906	1
7909	1
7910	1
7911	1
7912	2
7913	2
7919	1
7920	2
7925	2
7931	1
7934	3
7937	1
7938	1
7939	1
7940	1
7944	2
7946	1
7948	1
7949	1
7956	1
7957	1
7961	1
7962	1
7964	1
7966	1
7970	1
7971	1
7973	1
7975	1
7977	1
7978	1
7980	1
7981	1
7982	1
7986	1
7987	1
7988	1
7990	2
7991	1
7992	3
7995	1
7996	1
7997	1
8003	1
8004	1
8005	1
8007	2
8008	1
8010	1
8012	1
8019	1
8023	2
8024	1
8027	1
8028	1
8030	2
8031	1
8032	1
8035	2
8038	2
8041	1
8043	1
8045	1
8046	1
8047	1
8048	2
8051	2
8052	1
8055	1
8057	1
8059	3
8062	2
8066	1
8067	1
8068	1
8069	1
8073	1
8074	2
8076	2
8078	1
8079	1
8080	1
8081	1
8087	1
8089	1
8090	1
8093	1
8095	1
8098	2
8100	3
8101	2
24487	1
8103	2
8107	1
8108	1
8109	1
8111	1
8112	1
8117	1
8124	1
8125	1
8126	1
8128	3
8130	1
8140	1
8145	1
8146	1
8149	2
8152	2
8156	1
8157	3
8161	1
8167	1
8169	1
8170	1
8173	2
8175	1
8176	1
8178	1
8179	1
8184	2
8185	1
8186	1
8187	1
8190	1
8191	1
8192	1
8193	1
8200	1
8201	2
8202	1
24589	1
8205	1
8208	1
8211	2
8212	2
8214	1
8231	2
8233	2
8234	1
8237	1
8238	1
8242	2
8248	1
8249	2
8251	1
8252	1
8253	1
8254	2
8255	1
8257	1
8259	2
8260	1
8262	4
8264	1
8266	1
8267	1
8268	1
8270	1
8275	1
8276	1
8278	1
8279	2
8281	1
8283	1
8284	2
8289	1
8290	1
8292	1
8293	3
8298	1
8302	1
8304	1
8305	1
8308	1
8309	1
8315	1
8317	2
8321	2
8322	2
8323	1
8326	1
8327	2
8329	1
8330	1
8331	1
8332	1
8333	1
8335	1
8336	2
8337	1
8340	1
8341	1
8344	1
8345	1
8350	1
8351	3
8353	1
8354	2
8359	1
8360	3
8361	1
8364	2
8365	2
8369	1
8370	1
8373	2
8376	1
8377	1
8383	1
8386	1
8388	1
8390	1
8391	2
8393	1
8397	2
8400	1
8401	1
8403	2
8404	1
8407	1
8411	1
8412	1
8415	1
8417	1
8419	1
8423	2
8425	1
8429	1
8434	1
8435	2
8436	1
8438	1
8439	2
8440	1
8441	1
8442	1
8444	1
8446	2
8448	1
8458	1
8460	2
8462	1
8463	2
8468	1
8469	1
8470	2
8471	1
8473	1
8477	1
8478	1
8482	2
8484	1
8485	1
8486	1
8488	1
8493	1
8497	1
8499	1
8502	1
8505	1
8506	2
8509	1
8511	1
8513	1
8515	2
8516	1
8517	1
8521	1
8530	2
8534	1
8535	1
8537	3
8542	1
8543	1
8544	1
8548	2
8550	1
8555	1
8556	1
8557	2
8561	1
8567	1
8568	1
8570	1
8571	1
8573	1
8575	2
8580	1
8584	2
8588	1
24975	1
8591	1
24982	1
8601	1
8605	2
8607	1
8609	1
8612	1
8614	1
8616	1
8618	1
8620	2
8622	1
8625	1
8627	1
8634	2
8635	1
8638	1
8642	1
8643	1
8646	1
8647	2
8651	1
8664	1
8665	2
8671	1
8674	1
8677	2
8683	2
8684	3
8687	1
8688	1
8693	1
8694	1
8697	1
8699	2
8700	1
8705	2
8707	1
8714	1
8715	1
8717	1
8718	1
8723	1
8725	2
8727	2
8732	1
8735	1
8736	1
8737	1
8739	1
8741	2
8742	1
8743	1
8750	1
8754	2
8755	1
8756	2
8758	1
8760	1
8765	1
8770	1
8771	3
8772	1
8773	3
8775	1
8776	1
8779	1
8780	1
8781	1
8782	1
8783	1
8786	1
8788	1
8791	2
8792	2
8793	2
8795	2
8796	2
8798	1
8802	1
8803	1
8810	1
8815	1
8816	1
8819	1
8820	1
8822	2
8827	1
8830	1
8832	2
8833	1
8835	1
8837	1
8838	1
8840	1
8845	1
8849	3
8856	1
8857	1
8859	1
8860	1
8868	1
8869	1
8875	1
8876	1
8878	4
8883	1
8884	3
8885	1
8889	1
8892	2
8894	1
8895	1
8896	1
8900	1
8902	1
8904	1
8906	2
8907	1
8910	1
8924	1
8925	1
8926	1
8928	1
8930	2
8931	2
8933	1
8936	2
8938	1
8939	1
8946	1
8948	1
8949	1
8952	1
8953	1
8954	1
8961	1
8964	1
8965	1
8972	1
8973	1
8975	1
8976	2
8981	1
8983	1
8984	1
8987	1
8988	1
8991	1
8993	1
8998	2
8999	1
9001	1
9002	3
9007	1
9008	1
9013	1
9017	1
9019	1
9020	1
9024	2
9027	2
9029	1
9031	2
9035	2
9038	1
9040	1
9042	1
9044	1
9052	2
9058	1
9060	1
9063	1
9066	1
9068	1
9072	1
9073	1
9076	1
9077	1
9084	2
9085	1
9094	1
9104	1
9113	1
9115	1
9118	1
9120	1
9131	1
9135	1
9136	1
9144	1
9148	1
9150	1
9151	2
9153	1
9154	1
9155	2
9156	1
9159	3
9164	1
9166	1
9167	1
9172	1
9180	1
9182	1
9185	1
9188	2
9190	1
9191	1
9193	1
9194	2
9196	1
9201	1
9204	1
9206	1
9207	1
9210	1
9211	2
9218	2
9219	1
9220	1
9222	3
9224	3
9227	2
9231	1
9233	1
9234	1
9240	1
9241	2
9245	2
9246	1
9247	1
9249	1
9254	2
9265	1
9267	1
9269	1
9270	1
9286	1
9288	1
9289	1
9299	1
9302	1
9303	1
9311	1
9312	1
9314	1
9318	1
9319	1
9320	1
9322	1
9324	1
9328	1
9330	1
25717	1
9333	1
9334	1
9336	1
9337	1
9338	1
9342	1
9343	1
9345	1
9348	1
9350	1
9357	1
9365	1
9366	1
9367	1
9369	1
9371	1
9374	1
9379	1
9380	1
9382	2
9392	1
9400	1
9405	1
9408	2
9409	1
9410	1
9421	1
9422	2
9423	1
9425	1
9428	1
9429	1
9430	1
9433	1
9435	1
9437	1
9438	2
9439	2
9440	1
9442	2
9444	1
9451	1
9455	1
9460	1
9461	1
9462	1
9477	1
9480	1
9488	1
9489	1
9492	1
9495	1
9498	1
9500	1
9503	1
9513	1
9520	1
9521	1
9523	1
9524	1
9525	1
9534	2
9541	2
9544	1
9547	1
9548	1
9550	1
9553	1
9554	1
9566	1
9567	1
9568	1
9572	1
9576	1
9578	1
9580	1
9582	2
9586	1
9589	1
9593	1
9595	1
9599	1
9600	1
9602	1
9610	1
9612	1
9627	1
9635	1
9639	1
9640	1
9642	1
9645	1
9649	1
9651	1
9652	1
9653	1
9654	1
9659	1
9660	1
9662	1
9665	1
9667	2
9669	2
9671	1
9676	1
9681	1
9682	1
9685	1
9687	2
9689	1
9692	1
9696	1
9702	1
9705	1
9706	1
9712	1
9716	2
9720	1
9721	1
9726	1
9729	2
9733	1
9734	1
9742	1
9752	1
9753	1
9762	1
9766	1
9770	2
9778	2
9787	1
9791	1
9801	1
9803	1
9804	1
9807	1
9813	1
9814	1
9819	1
9823	1
9824	1
9827	1
9828	1
9830	1
9834	1
9839	1
9843	1
9845	1
9846	1
9847	1
9851	1
9854	1
9858	1
9859	1
9860	1
9867	2
9870	1
9873	1
9878	1
9879	1
9883	1
9886	2
9892	1
9894	1
9895	1
9906	1
9908	1
9920	1
9921	1
9925	1
9928	1
9929	1
9931	1
9932	1
9936	1
9941	1
9942	1
9955	1
9963	1
9964	1
9965	1
9966	1
9968	1
9977	1
9978	1
9984	1
9985	1
9989	1
9993	1
9994	1
9997	1
10001	1
10011	1
10012	1
10014	1
10018	2
10024	1
10029	1
10032	1
10033	2
10034	1
10037	1
10041	1
10045	1
10047	2
10059	2
10070	1
10071	1
10073	2
10074	1
10075	1
10076	1
10080	1
10083	1
10086	1
10090	1
10091	1
10093	1
10094	1
10096	1
10100	1
10102	1
10104	1
10107	1
10110	1
10111	1
10114	1
10115	2
10116	1
10126	1
10130	1
10131	1
10140	1
10149	1
10150	1
10156	1
10161	1
10163	1
10172	1
10173	1
10174	2
10177	1
10178	1
10179	1
10183	1
10184	1
10188	2
10189	1
10190	1
10193	1
10198	1
10203	2
10205	1
10209	1
10213	1
10214	1
10217	1
10229	1
10234	1
10236	2
10242	2
10255	1
10256	1
10257	1
10265	1
10267	1
10273	1
10276	1
10286	2
10287	1
10288	1
10296	1
10299	1
10301	1
10308	1
10310	1
10314	1
10315	1
10331	1
10335	1
10339	1
10340	2
10343	1
10344	1
10347	1
10349	1
10353	2
10359	1
10366	1
10367	1
10368	1
10370	1
10371	1
10375	1
10379	1
10391	1
10392	1
10401	1
10402	2
10403	1
10405	1
10407	1
10409	2
10413	1
10415	2
10417	1
10419	1
10421	2
10423	1
10424	1
10429	1
10430	1
10444	1
10447	1
10449	1
10454	1
10455	1
10459	2
10462	1
10464	1
10469	1
10479	2
10483	1
10484	1
10485	1
10492	1
10496	1
10497	1
10498	1
10503	1
10508	1
10509	1
10520	1
10523	1
10529	1
10540	1
10549	1
10556	2
10558	1
10562	1
10565	1
10566	1
10567	1
10572	1
10577	1
10588	1
10589	1
10593	1
10597	2
10601	1
10602	2
10603	2
10604	2
10606	1
10608	1
10612	1
10613	1
10619	1
10620	1
10630	1
10635	1
10637	1
10643	1
10656	1
10658	1
10663	2
10665	1
10667	1
10668	1
10672	1
10673	1
10675	1
10676	1
10680	1
10681	1
10686	1
10692	3
10696	1
10700	1
10701	1
10713	1
10715	1
10718	1
10719	1
10722	1
10724	1
10732	1
10738	2
10741	2
10744	1
10745	1
10747	1
10748	1
10749	1
10754	1
10758	1
10765	1
10769	1
10770	1
10772	1
10777	1
10779	2
10790	1
10802	1
10804	1
10821	1
10829	1
10831	1
10832	2
10833	1
10834	1
10843	1
10846	1
10856	1
10857	1
10858	1
10860	1
10864	1
10871	1
10884	1
10886	2
10895	1
10897	1
10898	1
10902	1
10904	1
10905	1
10909	1
10913	1
10915	1
10919	1
10925	1
10937	1
10943	1
10949	2
10953	1
10964	1
10968	1
10974	1
10980	1
10981	1
10986	1
10996	1
10998	1
10999	1
11002	1
11004	1
11006	1
11009	1
11010	1
11012	1
11015	1
11020	1
11021	1
11022	2
11023	1
11030	1
11032	1
11035	1
11037	1
11042	1
11044	1
11054	1
11077	1
11080	2
11087	1
11094	1
11096	1
11097	1
11098	1
11099	1
11103	1
11106	1
11110	1
11112	1
11113	1
11116	1
11119	1
11120	1
11125	1
11128	1
11133	1
11134	1
11145	1
11146	2
11147	1
11150	1
11153	1
11157	1
11163	1
11168	1
11171	1
11178	1
11180	1
11183	1
11184	1
11191	1
11194	1
11195	1
11197	1
11203	1
11207	1
11208	1
11212	1
11214	2
11217	2
11218	2
11219	4
11221	1
11223	1
11224	1
11232	1
11235	1
11237	1
11242	1
11246	1
11247	1
11252	2
11259	1
11261	1
11268	1
11278	1
11280	1
11286	1
11298	1
11301	2
11302	1
11304	1
11308	2
11310	1
11312	1
11318	2
11319	1
11320	1
11323	1
11324	1
11342	2
11343	1
11346	1
11353	1
11356	1
11358	1
11361	1
11362	1
11363	1
11369	1
11377	2
11382	1
11385	1
11390	1
11395	1
11397	1
11399	2
11400	2
11402	1
11404	1
11409	1
11420	1
11421	1
11422	1
11425	1
11426	1
11449	1
11453	1
11460	1
11462	1
11465	1
11471	1
11473	1
11475	2
11476	1
11478	1
11481	1
11484	1
11493	1
11496	1
11499	1
11510	1
11514	1
11520	1
11523	2
11528	1
11529	1
11538	1
11553	1
11554	2
11557	1
11561	2
11565	2
11567	1
11577	1
11589	1
11594	1
11595	1
11596	3
11598	1
11600	1
11607	1
11616	1
11627	1
11629	1
11634	1
11637	1
11660	1
11661	1
11662	1
11666	1
11675	1
11677	1
11682	1
11687	1
11697	1
11705	1
11714	2
11727	1
11733	1
11738	1
11748	1
11754	1
11766	2
11770	1
11771	1
11779	1
11783	1
11785	1
11790	1
11794	1
11801	1
11806	1
11807	1
11809	1
11814	1
11822	1
11824	2
11829	1
11836	1
11856	1
11861	1
11866	1
11868	1
11873	1
11878	2
11883	1
11896	1
11922	1
11930	1
11931	1
11932	1
11934	1
11939	1
11945	1
11947	1
11951	1
11952	1
11954	1
11963	1
11971	1
11972	1
11986	1
11988	1
11992	1
11997	1
12001	1
12008	1
12010	1
12011	1
12014	1
12020	1
12022	1
12030	1
12034	1
12036	1
12041	1
12043	2
12045	1
12060	1
12062	1
12065	2
12071	2
12072	1
12074	1
12078	1
12084	1
12087	1
12097	1
12100	2
12101	1
12104	2
12111	1
12125	1
12139	1
12143	1
12147	2
12153	1
12163	1
12170	1
12173	1
12184	1
12186	1
12190	1
12193	1
12197	2
12203	1
12211	1
12212	1
12216	2
12221	1
12223	1
12230	1
12234	1
12236	2
12240	1
12241	1
12248	1
12261	2
12263	1
12277	1
12281	1
12286	1
12287	1
12291	1
12302	1
12303	1
12305	1
12308	2
12310	1
12323	1
12325	1
12331	1
12336	1
12339	1
12348	1
12354	1
12356	2
12359	2
12370	1
12374	1
12391	1
12393	1
12397	1
12398	1
12407	1
12409	2
12413	1
12420	1
12423	2
12424	1
12434	1
12435	1
12439	1
12441	1
12450	1
12454	1
12457	1
12459	1
12469	1
12476	1
12477	1
12495	1
12532	1
12542	1
12548	1
12554	1
12556	1
12558	2
12569	1
12570	1
12574	1
12580	1
12584	1
12596	2
12597	1
12601	1
12603	1
12607	1
12608	1
12609	1
12610	1
12626	1
12630	2
12635	1
12636	2
12637	2
12640	1
12645	1
12653	1
12659	1
12664	1
12668	1
12673	1
12681	1
12684	1
12689	1
12693	2
12699	1
12700	1
12703	1
12705	1
12709	1
12710	1
12714	1
12716	1
12726	1
12747	1
12752	1
12759	1
12760	1
12761	1
12763	1
12764	1
12769	1
12775	1
12779	1
12784	1
12785	1
12793	1
12812	1
12813	1
12822	1
12826	1
12830	1
12838	1
12854	1
12855	1
12870	1
12872	1
12883	1
12885	1
12900	1
12903	1
12907	1
12911	1
12916	1
12926	1
12927	1
12930	1
12939	1
12946	1
12956	1
12962	1
12964	1
12968	2
12969	2
12979	1
12984	2
12991	1
12992	1
12997	1
13005	1
13008	1
13011	1
13014	1
13021	1
13035	1
13036	1
13050	1
13051	1
13052	1
13066	1
13076	1
13082	1
13086	1
13101	1
13121	1
13126	1
13139	1
13141	1
13145	3
13156	1
13157	1
13161	1
13162	1
13163	1
13164	2
13166	1
13170	1
13186	1
13209	1
13211	1
13212	1
13214	1
13215	1
13217	1
13229	1
13230	1
13232	1
13233	1
13246	1
13256	1
13257	1
13264	1
13265	1
13274	1
13281	1
13282	1
13286	2
13287	1
13297	1
13298	1
13306	1
13311	1
13313	1
13314	2
13324	1
13331	1
13339	1
13340	2
13351	1
13354	1
13363	1
13367	1
13371	1
13375	1
13379	1
13384	2
13385	1
13386	1
13390	1
13392	1
13398	1
13399	1
13401	1
13403	1
13404	1
13406	1
13421	2
13429	1
13431	1
13436	1
13441	1
13445	1
13461	2
13475	1
13479	1
13482	1
13485	2
13493	1
13497	1
13498	1
13501	1
13503	1
13508	2
13509	1
13514	1
13536	1
13544	1
13548	1
13551	1
13553	1
13558	1
13562	1
13566	1
13569	1
13573	1
13575	1
13576	1
13579	2
13580	1
13590	1
13591	1
13594	1
13595	1
13606	1
13607	1
13617	1
13622	1
13624	1
13629	1
13636	1
13640	1
13648	1
13652	1
13657	1
13664	1
13677	1
13679	1
13681	1
13683	1
13701	1
13707	1
13710	1
13730	1
13733	1
13736	1
13738	1
13742	1
13747	2
13752	2
13753	1
13759	2
13771	1
13773	1
13781	2
13782	1
13786	1
13787	1
13792	1
13793	1
13798	1
13799	1
13808	1
13815	1
13828	1
13844	1
13849	1
13851	1
13852	1
13853	1
13855	2
13873	1
13875	1
13885	1
13886	1
13895	1
13899	1
13911	1
13916	1
13921	2
13924	1
13927	1
13928	2
13939	1
13941	1
13942	1
13944	1
13945	1
13948	1
13952	1
13959	1
13961	2
13962	2
13963	1
13964	1
13979	1
13980	1
13986	1
13995	1
14010	1
14011	1
14012	1
14016	1
14020	1
14027	2
14032	2
14043	1
14048	1
14057	1
14059	1
14061	1
14062	1
14071	1
14074	1
14080	1
14082	1
14085	1
14089	2
14103	1
14107	1
14109	1
14111	2
14118	1
14131	1
14137	1
14138	1
14139	1
14148	1
14152	1
14163	1
14167	1
14180	1
14181	2
14186	1
14187	2
14188	1
14189	1
14192	1
14198	1
14199	1
14207	1
14212	1
14214	1
14229	1
14230	1
14244	1
14253	1
14254	1
14261	1
14262	2
14266	1
14272	1
14273	1
14276	1
14284	1
14285	2
14287	1
14303	1
14306	1
14309	1
14311	1
14317	1
14318	1
14319	1
14321	1
14323	1
14340	1
14345	1
14360	1
14361	1
14362	1
14366	1
14387	1
14389	1
14393	1
14395	1
14405	1
14410	2
14414	1
14417	1
14420	1
14423	1
14427	1
14437	1
14442	2
14447	2
14451	1
14472	1
14486	1
14492	1
14494	1
14501	2
14504	1
14505	1
14528	1
14531	1
14533	1
14538	1
14539	1
14544	1
14551	1
14559	1
14562	1
14573	1
14574	1
14586	1
14592	1
14596	1
14600	1
14615	1
14621	1
14633	1
14636	1
14643	1
14648	1
14653	1
14671	1
14672	1
14676	1
14698	1
14700	1
14711	1
14723	1
14724	1
14744	1
14745	1
14748	1
14754	1
14767	1
14770	1
14774	1
14788	1
14790	1
14804	1
14810	1
14813	1
14831	1
14832	1
14841	1
14845	1
14853	1
14858	1
14859	1
14861	1
14870	1
14874	1
14882	1
14900	1
14901	1
14926	1
14930	1
14931	1
14932	1
14936	1
14951	1
14961	1
14970	1
14973	1
14977	1
14979	1
14986	1
14995	1
15001	1
15004	1
15008	1
15009	1
15012	1
15015	1
15021	1
15032	1
15069	1
15074	1
15087	1
15097	1
15100	1
15108	1
15112	1
15115	2
15128	1
15131	1
15148	1
15152	1
15154	1
15155	1
15165	1
15170	1
15171	1
15185	1
15193	1
15196	1
15203	1
15216	1
15218	2
15226	1
15234	1
15239	1
15253	1
15259	1
15264	1
15279	2
15285	1
15288	1
15289	1
15301	1
15317	1
15329	1
15362	1
15366	1
15368	1
15373	1
15374	1
15381	1
15392	1
15393	1
15394	2
15411	1
15413	1
15414	1
15445	1
15447	1
15459	1
15467	1
15469	1
15472	1
15483	2
15486	1
15498	1
15500	1
15501	1
15506	1
15530	1
15540	1
15554	1
15562	1
15568	1
15579	1
15585	1
15611	1
15616	1
15618	1
15629	1
15653	2
15656	1
15663	1
15664	1
15671	1
15695	1
15708	1
15717	1
15718	1
15725	1
15730	1
15737	1
15749	1
15750	1
15754	1
15758	1
15768	1
15804	1
15822	1
15826	1
15838	1
15854	1
15855	1
15885	1
15899	1
15902	1
15912	1
15917	1
15926	1
15930	1
15931	1
15932	1
15937	2
15960	1
15974	2
15996	1
16002	1
16017	2
16022	1
16024	1
16028	1
16032	1
16033	1
16034	1
16044	1
16057	1
16084	1
16094	1
16102	2
16105	1
16110	1
16116	1
16117	1
16129	1
16130	1
16153	1
16154	1
16163	1
16170	1
16172	1
16182	1
16192	1
16203	1
16222	1
16251	1
16262	1
16284	1
16291	1
16293	1
16296	1
16305	1
16307	1
16309	1
16319	2
16321	1
16324	1
16334	1
16336	1
16337	1
16348	1
16363	1
16375	1
16376	2
16378	1
16380	1
16383	1
