1	1
2	12
3	5
4	1
5	4
6	5
8	3
9	7
10	2
11	2
12	3
13	3
14	3
16398	1
15	6
16399	1
16	3
17	6
18	7
19	4
20	10
21	3
22	3
23	2
24	6
25	6
26	6
16410	1
27	5
28	6
29	4
30	2
31	4
32	6
33	7
16417	1
34	7
35	5
16419	1
36	6
37	5
38	3
39	10
40	4
41	11
42	4
43	4
44	4
45	2
46	3
47	4
48	6
49	3
50	2
51	5
52	3
53	8
54	7
55	7
56	4
16440	1
57	4
58	1
59	5
60	4
16444	1
61	6
62	5
63	4
64	5
65	6
66	2
67	3
68	4
69	7
16453	1
70	1
16454	1
71	3
72	4
73	3
75	6
76	7
77	4
16461	1
78	4
79	3
80	3
81	2
16466	1
82	2
83	5
84	4
85	3
86	1
87	6
16471	1
88	10
89	5
90	3
91	5
92	4
93	3
94	4
95	1
96	5
97	4
98	3
99	4
100	4
101	6
16486	1
102	6
103	6
104	5
105	9
106	3
107	3
108	4
109	4
110	3
16494	1
111	5
112	3
113	7
114	5
115	4
116	4
117	5
118	1
119	3
120	1
121	3
122	5
123	2
124	5
16508	1
125	5
126	3
127	6
128	2
129	3
130	6
131	6
132	7
133	4
134	2
16519	1
135	2
136	1
137	4
138	3
139	2
140	3
141	3
142	2
143	3
144	9
145	3
147	5
148	6
149	7
150	6
151	4
152	2
153	6
154	3
155	3
156	5
157	3
158	4
159	5
160	4
161	5
162	3
163	7
164	3
165	2
166	4
16550	2
167	5
168	2
169	4
16553	1
170	1
171	3
172	8
173	4
174	5
175	5
176	7
177	5
178	4
179	3
180	7
181	5
182	1
183	3
184	5
185	5
186	5
187	2
188	2
16572	1
189	3
190	5
191	6
192	4
16576	1
193	5
16577	2
194	4
195	4
196	2
197	1
198	6
199	7
200	2
201	3
16585	1
202	7
203	2
204	3
205	6
206	7
207	8
208	3
209	8
210	3
211	2
212	11
213	1
214	3
215	4
216	3
217	8
218	2
219	4
220	8
221	4
222	2
223	4
224	2
225	9
226	2
227	2
228	6
229	10
230	3
231	9
232	4
233	6
234	1
235	5
236	4
237	5
238	5
239	4
240	5
241	9
242	5
243	2
16627	1
244	4
245	6
247	7
248	2
249	3
250	3
251	11
252	7
253	7
254	3
255	5
256	4
16640	1
257	2
16641	1
258	4
259	3
260	2
261	7
262	5
263	8
264	5
265	10
266	4
267	3
269	3
270	4
271	3
272	4
274	4
275	5
276	6
277	7
278	11
279	4
280	6
281	8
282	6
283	6
284	10
285	4
286	1
287	4
288	3
16672	1
289	4
290	3
291	6
292	5
293	7
294	7
295	4
16679	1
296	2
297	4
298	5
299	4
300	3
301	4
302	5
303	4
304	4
305	7
306	2
307	3
308	4
309	3
310	5
311	5
312	3
313	5
314	4
16698	1
315	5
316	6
317	4
318	8
319	5
320	3
321	6
322	1
323	4
324	3
325	4
326	1
327	5
16711	1
328	7
329	4
330	3
331	6
16715	1
332	5
333	7
334	4
335	4
336	1
337	4
338	5
16722	1
339	4
340	2
341	5
342	4
343	5
344	6
345	6
346	3
347	6
348	5
349	4
350	4
351	3
352	6
16736	1
353	6
354	4
355	7
356	4
357	4
358	8
359	7
360	6
361	2
362	5
363	6
364	3
365	3
16750	1
366	3
367	3
368	5
369	3
370	6
371	9
372	6
373	2
374	3
375	6
16759	1
376	7
377	4
378	6
379	5
380	8
381	2
382	4
383	4
384	4
385	4
386	6
387	3
388	3
389	4
390	4
391	3
392	9
393	3
16777	1
394	6
395	1
396	7
397	4
398	5
399	3
400	5
401	4
402	2
403	6
404	5
405	3
406	2
407	6
408	11
409	5
410	3
411	3
412	6
413	5
414	6
415	5
416	6
16800	1
417	4
418	4
419	6
420	3
421	9
422	4
423	7
424	6
425	7
426	1
427	1
428	4
429	5
430	8
431	8
432	5
433	5
434	6
435	2
436	9
437	2
438	2
439	3
440	5
441	4
442	9
16826	1
443	8
444	5
445	9
446	5
447	4
448	5
449	4
450	4
16834	1
451	7
452	4
453	4
454	3
455	4
456	5
457	6
458	3
459	6
460	7
16844	1
461	6
462	4
463	5
464	6
16848	1
465	6
466	3
467	6
16851	1
469	6
470	4
471	7
472	6
473	7
474	3
475	5
476	1
477	7
478	3
479	7
480	4
481	6
482	2
483	3
484	5
485	3
486	4
487	3
488	3
489	3
490	4
491	6
492	6
493	3
494	5
495	5
496	3
497	4
16881	1
498	5
499	5
500	3
501	1
502	10
16886	1
503	10
504	6
505	7
506	1
507	4
508	5
509	3
510	1
16894	1
511	8
512	5
513	3
514	5
516	5
16900	1
517	3
518	7
16902	1
519	3
520	6
521	9
522	4
523	3
524	4
525	6
526	10
527	3
528	1
529	5
530	2
531	4
532	5
533	4
534	6
535	4
536	6
537	7
538	5
539	5
540	4
541	8
542	2
543	4
544	4
545	7
546	7
547	8
548	4
549	3
550	6
16934	1
551	3
552	4
553	8
554	4
555	2
556	6
557	5
558	4
16942	1
559	5
560	6
561	6
562	5
563	1
564	4
565	4
566	8
567	5
568	5
16952	1
569	3
570	4
571	7
16956	1
572	3
573	5
574	4
575	4
576	3
577	6
578	4
579	8
580	3
581	3
582	5
583	3
584	2
585	10
586	8
587	5
588	3
589	6
590	8
591	5
592	2
593	7
594	3
16979	1
596	2
597	5
16981	1
598	3
599	4
600	5
601	4
16985	1
602	3
603	3
604	2
606	4
607	9
608	7
609	4
610	3
611	7
612	6
613	4
614	2
615	3
616	5
617	2
618	7
619	3
620	6
621	5
622	3
623	2
624	6
625	7
626	4
627	1
628	7
629	1
630	4
631	3
632	3
633	4
634	4
635	5
636	4
637	5
638	3
17022	1
639	6
640	3
641	5
17025	1
642	3
643	7
17027	1
644	12
645	5
646	4
647	8
648	4
649	8
650	7
651	3
652	3
17036	1
653	4
654	4
655	7
17039	1
656	5
657	5
658	9
659	5
660	3
17044	1
661	4
662	3
663	4
664	3
665	9
666	6
667	2
668	5
669	5
670	2
671	4
672	5
673	3
674	2
675	4
676	6
677	5
678	6
679	5
680	1
681	3
682	2
683	4
684	4
685	6
686	5
687	3
688	2
689	4
690	4
691	3
692	3
693	3
694	3
695	4
696	2
697	6
698	1
699	6
700	2
701	5
702	4
703	2
704	4
705	6
17089	1
706	1
707	5
708	6
709	2
710	1
17094	1
711	5
712	1
17096	1
713	3
714	6
715	4
716	5
717	6
718	6
719	4
720	5
721	5
722	3
723	6
724	3
725	5
17109	1
726	3
727	3
728	4
729	1
730	4
17114	1
731	4
732	4
733	7
17117	1
734	4
735	4
737	4
738	7
739	7
740	4
741	7
742	6
743	7
744	3
745	4
746	7
747	4
748	7
749	3
750	7
751	8
752	8
753	1
754	8
755	1
756	4
757	1
758	7
759	7
760	6
761	2
762	9
763	5
764	9
765	11
766	4
767	4
17152	1
768	3
769	3
770	6
771	2
772	3
773	6
774	7
775	2
776	8
777	6
778	3
779	4
780	4
781	4
782	5
783	1
784	5
785	6
786	4
787	2
17171	1
788	4
789	7
790	6
791	2
792	7
793	3
794	2
795	7
796	3
797	3
17181	1
798	3
799	6
800	6
801	3
802	5
803	4
804	3
805	5
806	4
807	3
808	6
809	6
810	5
811	4
812	5
813	2
814	2
815	3
816	5
817	5
818	3
819	4
820	6
821	4
822	4
823	7
824	3
825	2
826	7
17210	1
827	2
828	4
829	4
830	7
831	8
832	6
833	6
834	5
835	3
836	6
837	4
17221	1
838	3
840	5
841	2
842	7
17226	1
843	2
844	4
845	5
846	2
847	6
848	2
849	6
850	5
851	1
852	3
853	2
854	5
855	4
856	10
857	2
858	4
859	3
860	3
861	5
862	5
863	2
864	5
865	3
866	7
867	3
868	4
869	5
870	5
871	6
872	7
873	3
874	6
875	2
876	5
17260	1
877	2
878	6
879	7
880	5
881	4
882	2
883	6
884	2
885	3
886	3
887	3
888	1
889	5
17273	1
890	7
17274	1
891	4
17275	1
892	7
893	3
894	3
895	6
896	3
897	7
898	2
899	2
900	5
901	5
902	3
903	6
904	3
905	3
906	2
907	5
17291	1
908	2
909	3
910	6
911	4
912	3
913	8
914	1
915	3
916	1
917	2
918	8
17302	1
919	6
920	6
921	2
17305	1
923	4
924	6
925	6
926	3
927	3
928	3
929	5
930	5
931	6
932	5
933	4
934	6
935	5
936	7
937	6
938	6
939	5
940	3
941	3
942	5
17326	1
943	3
944	3
945	5
946	5
947	6
948	6
949	6
950	4
951	6
952	4
953	3
17337	1
954	6
955	3
956	9
957	3
958	7
959	4
17343	1
960	8
961	3
962	7
963	4
17347	1
964	5
17348	1
965	5
966	3
967	4
968	2
969	5
970	4
971	6
972	1
973	3
974	5
975	4
976	3
977	4
978	10
979	6
980	5
981	6
982	1
983	6
984	5
985	6
986	3
987	4
988	5
17372	1
989	3
990	3
991	2
992	5
993	5
994	6
17378	1
995	7
996	4
997	8
998	5
999	5
1000	4
1001	5
1002	6
1003	5
1004	4
1005	3
1006	1
1007	3
1008	3
1009	6
1010	5
1011	3
1012	2
1013	6
1014	5
1015	2
1016	5
1017	1
1018	3
1019	6
1020	4
1021	4
1022	2
1023	4
1024	5
1025	2
1026	8
1027	9
1028	8
1029	3
1030	2
1031	6
1032	6
17416	1
1033	3
17417	1
1034	7
17418	1
1035	6
1036	5
1037	4
1038	3
1039	7
1040	3
1041	3
1042	2
1043	10
1044	3
1045	3
1046	8
1047	3
1048	3
1049	7
1050	4
17434	1
1051	7
1052	4
1053	2
1054	2
1055	4
1056	4
1057	5
1058	4
1059	2
1060	4
1061	2
1062	8
1063	8
1064	2
1065	1
1066	6
1067	7
1068	2
1069	1
1070	3
17454	1
1071	3
1072	6
1073	7
1074	6
17458	1
1075	3
1076	3
1077	3
1078	4
1079	7
1080	2
1081	3
1082	6
1083	4
1084	3
1085	2
1086	5
1087	6
1088	6
1089	3
1090	8
1091	8
17475	1
1092	4
1093	4
1094	4
1095	6
1096	4
1097	4
1098	5
1099	1
1100	3
1101	4
1102	4
1103	6
1104	4
1105	4
1106	6
1107	2
1108	3
1109	7
1110	3
1111	3
1112	12
1113	3
1114	1
1115	5
1116	5
17500	1
1117	8
1118	9
1119	4
1120	6
1121	3
1122	5
1123	6
1124	4
1125	4
1126	6
1127	4
1128	3
1129	9
1130	4
1131	7
1132	1
1133	7
1134	6
1135	4
1136	1
1137	2
1138	3
1139	7
1140	4
1141	5
1142	6
1143	3
1144	3
17528	1
1145	4
1146	5
1147	5
1148	4
1149	1
1150	3
17534	1
1151	4
1152	8
1153	9
1155	4
1156	2
1157	6
1158	7
1159	3
17543	1
1160	3
1161	5
1162	3
1163	8
1164	1
1165	3
17550	1
1166	1
1167	5
1168	5
1169	3
17554	1
1170	2
1171	5
1172	3
1173	3
1174	5
1175	5
1176	5
1177	4
1178	3
1179	4
1180	2
1181	1
1182	3
1183	2
1184	3
1185	3
1186	5
17570	1
1187	6
1188	3
1189	1
1190	6
1191	5
1192	4
1193	1
1194	6
1195	2
1196	4
1197	3
1198	3
1199	4
1200	3
17584	1
1201	2
1202	9
1203	5
17587	1
1204	5
17588	1
1205	3
1206	4
1207	4
1208	3
1209	7
1210	8
1211	3
1212	4
1213	1
1214	8
1215	1
1216	5
1217	2
1218	6
1219	9
1220	7
1221	2
1222	4
1223	4
1224	5
1225	6
1226	2
1227	4
1228	2
1229	3
1230	7
1231	5
1232	4
1233	3
17617	1
1234	10
1235	2
1236	3
1237	2
1238	7
1239	1
1240	4
17624	1
1241	3
1242	6
1243	2
1244	4
1245	6
1246	3
1247	4
1248	2
1249	6
1250	1
1251	5
1252	6
1254	2
17638	1
1255	8
1256	4
1257	5
1258	3
1259	2
1260	7
1261	4
1262	6
1263	7
1264	4
1265	3
1266	7
1267	1
1268	5
1269	9
1270	2
1271	1
1272	4
1273	2
1274	3
1275	7
1276	5
1277	6
1278	5
1279	4
1280	1
1281	5
1282	4
1283	6
1284	3
1285	4
1286	1
1287	1
1288	3
1289	10
1290	9
1291	6
1292	5
1293	4
1294	6
1295	3
1296	6
1298	1
1299	7
1300	6
1301	6
1302	8
1303	4
1304	7
1305	6
1306	6
1307	8
1308	4
1309	3
1311	3
1312	5
1313	5
1314	4
1315	3
1316	5
1317	10
1318	4
1319	7
1320	1
1321	4
1322	4
1323	3
1324	4
1325	2
1326	5
1327	2
1328	1
17712	1
1329	5
1330	4
1331	4
1332	4
1333	2
17717	1
1334	6
1335	4
1336	7
1337	7
1338	5
1339	2
1340	3
1341	9
1342	4
1343	2
1344	5
1345	3
1346	7
1347	1
1348	6
1349	5
1350	2
1351	3
1352	6
1353	11
1354	2
1355	2
1356	3
1357	5
1358	2
1359	2
1360	4
1361	3
1362	4
1363	5
1364	3
1365	5
1366	5
1367	6
1368	2
1369	5
17755	1
1371	2
1372	6
1373	2
1374	7
1375	3
1376	2
1377	5
1378	5
1379	7
1380	3
17764	1
1381	2
1382	10
1383	2
1384	4
1385	5
1386	3
1387	5
1388	1
1389	6
1390	3
1391	2
1392	2
1393	3
17777	1
1394	2
1395	5
1396	6
1397	7
1398	8
1399	7
1400	7
1401	9
1402	2
1403	4
1404	7
17788	1
1405	2
1406	5
1407	7
1408	4
1409	7
1410	4
1411	5
1412	5
1413	8
1414	8
1415	4
1416	2
1417	4
1418	5
1419	4
1420	11
1421	3
1422	6
1423	6
1424	4
1425	4
1426	5
1427	4
1428	4
1429	3
1430	3
17814	1
1431	7
1432	4
1433	4
1434	4
1435	2
1436	7
17820	1
1437	3
1438	3
1439	9
1440	2
1441	4
1442	7
1443	2
1444	6
1445	6
1446	2
1447	4
1448	2
1449	6
1450	3
1451	3
1452	3
1453	5
1454	5
1455	8
1456	1
1457	7
1458	4
1459	10
1460	4
1461	6
1462	6
17846	1
1463	2
1464	3
1465	5
1466	4
1467	6
1468	5
1469	5
1470	1
1471	4
1472	3
1473	8
1474	8
1475	2
17859	1
1476	1
1477	2
1478	2
1479	2
1480	8
1481	7
1482	4
1483	6
1484	9
1485	3
1486	4
1487	5
1488	5
1489	2
1490	7
1491	2
17875	1
1492	1
1493	5
1494	2
1495	7
1496	2
1497	6
1498	5
1499	1
1500	4
1501	5
1502	2
17886	1
1503	3
1504	5
1505	6
1506	4
1507	4
1508	4
1509	6
1510	2
1511	5
1512	5
1513	2
17897	1
1514	3
17899	1
1515	5
1516	3
1517	3
1518	5
17902	1
1519	3
1520	6
1521	8
1522	10
1523	12
1524	11
17908	1
1525	3
1526	3
17910	1
1527	8
1528	3
17913	1
1530	4
1531	1
1532	1
1533	4
1534	2
1535	3
1536	3
1537	5
1538	2
1539	6
1540	3
1541	5
1542	10
1543	4
1544	2
1545	6
1546	6
1547	6
1548	3
1549	7
1550	2
1551	2
1552	2
1553	6
1554	12
1555	6
1556	4
1557	6
1558	6
1559	4
1560	4
1561	6
1562	4
1563	3
1564	3
1565	2
1566	7
1567	4
1568	2
1569	2
1570	5
1571	1
1572	4
1573	7
1574	7
1575	5
1576	3
1577	9
1578	4
1579	7
1580	9
1581	4
1582	4
1583	4
1584	7
17968	1
1585	6
1586	6
1587	5
1588	2
1589	7
1590	3
1591	6
1592	1
1593	4
17977	1
1594	12
1595	3
1596	6
1597	6
1598	2
1599	4
1600	2
1601	5
1602	5
1603	5
1604	3
1605	6
1606	4
1607	5
1608	5
1609	7
1610	4
1611	2
1612	5
1613	6
1614	8
1615	6
1616	8
1617	4
1618	5
1619	4
1620	5
1621	1
1622	4
1623	4
1624	8
1625	5
1626	2
1627	4
1628	1
1629	8
1630	5
1631	4
1632	2
1633	4
1634	4
1635	5
1636	5
1637	4
1638	5
18022	1
1639	6
18023	1
1640	6
1641	3
1642	4
1643	2
1644	6
1645	4
1646	1
18030	1
1647	6
1648	8
1649	6
1650	2
18034	1
1651	2
1652	8
1654	4
1655	2
1656	9
1657	7
1658	2
1659	10
1660	8
1661	4
1662	1
1663	5
1664	13
1665	6
1666	6
1667	6
1668	8
1669	2
1670	3
1671	6
1672	5
1673	5
1674	5
1675	3
1676	5
1677	4
1678	6
1679	4
1680	3
1681	4
1682	4
1683	10
1684	4
1685	8
1686	6
1687	2
1688	4
1689	4
1690	1
1691	10
1692	8
18076	1
1693	4
1694	7
1695	4
1696	9
1697	5
1698	3
1699	1
1700	4
1701	3
1702	7
1703	6
1705	1
1706	1
1707	4
1708	3
1709	3
1710	6
1711	2
1712	4
18096	1
1713	4
18097	1
1714	4
1715	4
1716	2
1717	4
1718	6
1719	4
18103	1
1720	4
1721	5
1722	2
1723	5
1724	5
1725	6
1726	5
1727	4
1728	2
1729	7
1730	4
1731	6
1732	5
1733	6
1734	4
1735	9
1736	7
1737	5
1738	8
1739	6
1740	5
1741	4
1742	6
1743	4
1744	1
1745	4
1746	3
1747	5
1748	4
1749	4
1750	4
1751	1
1752	5
1753	5
1754	9
1755	6
1756	10
1757	3
18141	1
1758	3
1759	5
1760	10
1761	8
18146	2
1762	3
1763	2
1764	6
1765	4
1766	2
1767	6
1768	8
1769	7
1770	4
1771	4
1772	8
1773	7
1774	5
1775	3
1776	5
18160	1
1777	2
1778	4
1779	5
1780	3
1781	2
1782	4
1783	5
1784	5
1785	4
18169	1
1786	3
1787	2
1788	4
1789	5
1790	1
1791	3
1792	4
1793	1
1794	5
1795	3
18179	1
1796	5
1797	2
1798	6
1799	7
1800	4
1801	4
1802	2
1803	4
1804	5
18188	1
1805	5
1806	5
1807	5
18191	1
1808	1
1809	2
1810	3
1811	4
1812	3
1813	4
1814	6
1815	8
1816	3
1817	5
1818	2
1819	5
1820	5
1821	8
1822	8
1823	7
1824	2
1825	5
1826	3
1827	3
1828	5
1829	4
18213	1
1830	2
1831	4
1832	4
1833	3
1834	4
1835	6
1836	1
1837	5
1838	4
1839	7
1840	4
1841	8
1842	2
1843	6
1844	8
1845	5
1846	5
1847	7
1848	4
1849	6
1850	6
1851	2
1852	4
1853	7
1854	1
1855	4
1856	4
1857	5
1858	1
18242	1
1859	5
1860	2
1861	6
1862	1
1863	4
1864	3
18248	1
1865	6
18249	1
1866	3
1867	5
1868	6
1869	5
1870	5
1871	3
1872	2
1873	5
1874	6
1875	6
1876	3
1877	3
1878	4
1879	1
1880	2
18265	1
1881	4
1882	3
1883	4
1885	4
1886	3
1887	4
1888	7
1889	5
1890	5
1891	3
1892	9
1893	6
1894	2
1895	4
1896	2
1897	5
1898	5
1899	2
1900	4
1901	5
1902	5
1903	3
1904	3
1905	5
1906	6
1907	1
1908	5
1909	10
1910	7
1911	1
1912	4
1913	6
1914	4
1915	2
1916	5
1917	4
1918	2
1919	6
1920	5
1921	8
1922	5
1923	1
1924	6
1925	7
1926	6
1927	3
1928	4
1929	7
1930	7
1931	9
1932	8
1933	3
18317	1
1934	8
1935	4
1936	2
1937	5
1938	7
1939	4
1940	3
1941	6
1942	3
1943	2
1944	3
1945	3
1946	7
1947	5
1948	6
1949	8
1950	1
1951	3
1952	8
18336	1
1953	3
1954	2
1955	3
1956	7
1957	4
1958	8
1959	3
18343	1
1960	6
1961	3
1962	2
1963	7
1964	4
1965	4
1966	9
1967	6
1968	2
1969	4
1970	8
1971	2
1972	7
1973	2
1974	3
1975	5
1976	4
1977	4
1978	5
1979	4
1980	3
1981	4
18365	1
1982	4
1983	7
1984	2
1985	3
1987	3
1988	4
1989	3
1990	7
1991	2
1992	8
1993	5
1994	5
1995	6
1996	3
1997	4
1998	7
1999	4
2000	6
2001	4
2002	5
2003	5
2004	5
2005	3
2006	2
2007	9
2008	6
2009	4
2010	3
2011	6
2012	5
2013	5
2014	5
2015	4
2016	3
2017	6
2018	7
2019	3
2020	5
2021	4
2022	2
2023	3
2024	10
18408	1
2025	7
2026	2
2027	7
2028	2
2029	2
2030	5
2031	3
2032	5
2033	4
2034	6
2035	4
2036	6
2037	3
2038	5
2039	4
2040	9
2041	6
2042	3
2043	6
2044	5
2045	6
2046	5
2047	2
2048	3
2049	3
2050	4
2051	5
2052	2
2053	1
2054	5
2055	8
2056	2
2057	6
2058	4
2059	3
2060	4
2061	6
2062	9
2063	4
2064	1
2065	5
2066	8
2067	9
2068	4
2069	4
2070	5
2071	2
2072	5
2073	3
2074	2
2075	2
2076	6
2077	6
2078	5
2079	6
2080	6
2081	8
2082	4
2083	5
2084	5
2085	2
2086	7
2087	2
2088	2
2089	7
18473	1
2090	2
2091	5
2092	3
2093	5
2094	2
2095	7
2096	4
2097	10
2098	4
2099	2
2100	4
2101	3
2102	4
2103	7
2104	1
2105	6
2106	4
2107	2
2108	3
2109	4
2110	2
2111	4
2112	8
2113	6
2114	7
2115	2
2116	7
2117	3
2118	6
2119	4
2120	3
2121	3
2122	5
2123	6
2124	2
2125	5
2126	5
2127	1
2128	2
2129	7
2130	3
2131	6
2132	7
2133	7
18517	1
2134	7
2135	5
2136	5
2137	5
2138	3
2139	4
2140	2
2141	5
2142	4
18526	1
2143	8
2144	1
2145	7
2146	3
18531	1
2147	2
2148	3
2149	7
2150	4
2151	4
2152	4
2153	4
2155	3
2156	3
2157	5
2158	3
2159	5
2160	1
2161	1
2162	4
2163	6
2164	6
2165	6
2166	2
2167	9
2168	5
2169	5
2170	1
2171	11
18555	1
2172	2
2173	8
2174	6
2175	3
2176	2
2177	2
2178	5
2179	1
2180	5
2181	2
2182	4
2183	5
2184	5
2185	3
2186	4
2187	4
2188	6
2189	2
2190	7
2191	3
2192	4
2193	7
18577	1
2194	5
2195	5
2196	4
2197	10
2198	5
2199	3
2200	4
2201	6
2202	4
2203	7
2204	2
2205	4
2206	6
2207	3
2208	3
2209	5
2210	2
2211	6
2212	4
2213	5
2214	4
2215	4
2216	3
2217	2
2218	2
2219	10
2220	5
2221	5
2222	4
2223	6
2224	3
2225	5
2226	3
2227	5
2228	4
2229	5
2230	2
2231	5
2232	1
2233	4
2234	5
2235	3
2236	5
2237	6
2238	8
2239	4
2240	9
2241	4
2242	4
2243	4
2244	2
2245	6
2246	5
2247	4
2248	4
2249	3
2250	2
2251	7
2252	5
2253	1
2254	7
2255	5
2256	5
2257	2
2258	8
18643	1
2259	2
2260	10
2261	2
2262	2
2263	4
2264	3
2265	6
2266	2
2267	4
2268	3
2269	8
2270	1
2271	2
2272	4
2273	4
2274	5
2275	2
2276	3
2277	1
2278	4
2279	4
2280	12
2281	2
2282	8
2283	1
2284	4
2285	4
2286	3
2287	3
2288	2
2289	8
2290	2
2291	7
2292	6
2293	4
2294	8
2295	5
2296	7
2297	2
2298	9
2299	6
2300	8
2301	5
2302	6
2303	5
2304	8
2305	4
2306	3
2307	4
2308	2
2309	2
2310	4
2311	1
18695	1
2312	4
2313	4
2314	4
18698	1
2315	8
2316	2
2317	8
2318	7
2319	3
2320	10
2321	9
2322	4
2323	3
2324	3
2325	1
2326	4
2327	4
2328	6
2329	5
2330	4
2331	2
2332	5
2333	3
2334	4
2335	4
2336	3
2337	6
2338	7
2339	3
2340	4
2341	6
2342	5
2344	4
2345	5
2346	6
2347	4
2348	4
2349	1
2350	1
2351	9
2352	7
2353	6
2354	4
2355	6
2356	2
2357	5
2358	4
2359	3
2360	5
2361	7
2362	4
2363	7
2364	5
2365	3
2366	4
2367	3
2368	3
2369	5
2370	1
2371	3
2372	3
2373	4
2374	6
2375	5
2376	5
2377	4
2378	5
2379	3
2380	4
2381	5
2382	5
18766	1
2383	2
2384	5
2385	4
2386	2
2387	5
2388	4
2389	9
2390	4
2391	7
2392	1
2393	3
2394	4
2395	4
2396	6
2397	3
2398	2
2399	7
2400	2
2401	4
2402	2
2403	3
2404	1
2405	6
2406	1
2407	6
2408	2
2409	3
18793	1
2410	3
2411	2
2412	6
2413	2
2414	4
2415	4
2416	5
2417	2
2418	2
2419	2
2420	1
2421	2
2422	6
2423	4
2424	5
2425	3
2426	3
2427	6
2428	3
2429	7
2430	5
2431	4
2432	5
2433	5
2434	3
2435	4
2436	5
2437	6
18821	1
2438	6
2439	7
2440	9
2441	5
2442	3
2443	3
2444	3
2445	3
2446	6
2447	1
2448	7
2449	5
2450	6
2451	6
2452	2
2453	1
2454	6
2455	1
2456	5
18840	1
2457	4
2458	1
2459	3
2460	3
2461	6
2462	1
2463	2
18847	1
2464	3
2465	2
2466	3
2467	4
2468	6
2469	12
2470	7
2471	4
2472	7
2473	4
2474	2
2475	3
2476	1
2477	6
2478	4
2479	2
2480	2
2481	3
2482	6
2483	4
18867	1
2485	8
2486	1
2487	1
2488	3
2489	6
2490	2
2491	5
2492	3
18876	1
2493	3
2494	4
2495	4
2496	11
18880	1
2497	5
2498	2
18882	1
2499	5
2500	3
2501	3
2502	9
2503	4
2504	5
2505	2
2506	7
2507	7
2508	1
2509	4
2510	6
2511	5
2512	3
2513	4
2514	4
2515	2
2516	2
2517	4
2518	5
2519	4
2520	5
2521	5
2522	4
2523	4
2524	5
2525	11
2526	5
2527	4
2528	5
2529	6
2530	6
2531	2
2532	3
2533	4
2534	4
2535	3
2536	5
2537	2
2538	4
2539	5
2540	5
2541	3
2542	2
2543	5
2544	3
2545	3
2546	8
2547	2
2548	4
2549	5
2550	3
2551	5
18935	1
2552	1
2553	10
2554	1
18938	1
2555	5
2556	4
2557	2
2558	5
2559	6
2560	5
2561	5
2562	3
2563	6
2564	2
2565	4
2566	1
2567	3
2568	5
2569	1
2570	5
2571	4
18955	1
2572	2
2573	6
2574	3
2575	2
2576	5
18961	1
2578	4
2579	1
2580	3
2581	3
2582	8
2583	2
2584	4
2585	5
2586	2
2587	4
2588	6
2589	3
2590	5
2591	2
2592	4
2593	7
2594	6
2595	5
2596	6
2597	3
2598	5
2599	5
2600	3
2601	3
2602	2
18986	1
2603	9
2604	1
2605	2
2606	2
2607	5
2608	9
2609	3
18993	1
2610	6
2611	2
2612	1
2613	6
2614	4
2615	7
18999	1
2616	1
2617	4
2618	4
2619	3
2620	7
2621	3
2622	7
19006	1
2623	3
2624	7
2625	6
2626	6
2627	6
2628	6
2629	9
2630	6
2631	6
2632	4
2633	7
2634	5
19018	1
2635	3
2636	4
2637	4
2638	6
2639	3
2640	4
2641	6
2642	2
2643	2
2644	7
2645	4
2646	2
2647	4
2648	3
2649	4
2650	5
2651	3
2652	4
2653	4
2654	5
2655	6
2656	6
2657	6
2658	1
19042	1
2659	3
2660	6
2661	6
2662	4
2663	5
2664	3
2665	1
2666	8
2667	2
2668	1
2669	4
2670	4
2671	1
2672	2
2673	1
2674	4
2675	7
2676	5
2677	3
2678	6
2679	4
2680	5
2681	5
2682	1
2683	6
2684	8
2685	7
2686	3
2687	8
2688	8
2689	2
2690	5
2691	2
2692	3
2693	2
2694	5
2695	3
2696	2
2697	5
2698	3
2699	4
2700	4
19084	1
2701	6
2702	3
2703	2
2704	2
2705	5
2706	5
2707	2
2708	6
2709	7
2710	5
2711	4
2712	4
2713	5
2714	11
2715	2
2716	2
2717	3
2718	3
2719	4
2720	1
2721	6
2722	3
2723	4
2724	4
2725	5
2726	8
2727	4
2728	3
2729	7
2730	9
2731	3
2732	5
2733	6
2734	7
2735	4
2736	1
2737	3
2738	3
2739	1
2740	4
2741	5
2742	3
2743	4
2744	6
2745	3
2746	1
2747	6
2748	2
2749	1
2750	4
2751	2
19135	1
2752	3
2753	6
2754	3
2755	3
2756	5
2757	5
2758	6
2759	6
2760	3
2761	5
2762	5
2763	2
2764	1
2765	2
2766	4
2767	6
19151	1
2768	4
2769	4
2770	4
2771	7
2772	2
2773	4
2774	5
2775	7
2776	4
2777	7
2778	1
2779	2
2780	2
2781	6
2782	2
2783	7
2784	3
2785	2
2786	2
2787	5
19171	1
2788	6
2789	5
2790	4
2791	12
2793	4
19177	1
2794	3
2795	3
2796	3
2797	6
2798	6
2799	3
2800	4
2801	3
2803	6
2804	3
2805	8
2806	6
2807	4
2808	2
2809	7
2810	2
2811	6
2812	3
2813	3
2814	1
2815	5
2816	6
2817	4
2818	4
2819	5
2820	3
2821	3
2822	4
2823	1
2824	7
2825	3
2826	2
2827	6
2829	2
2830	2
2831	3
2832	1
2833	7
2834	3
2835	2
2836	3
2837	3
2838	6
2839	4
2840	3
2841	8
2843	2
2844	2
2845	6
2846	3
2847	6
2848	2
2849	6
2850	4
2851	2
2852	5
2853	7
2854	2
2855	3
2856	3
2857	4
2858	1
2859	1
2860	4
2861	6
2862	5
2863	5
2864	3
2865	5
2866	4
2867	2
2868	1
2869	2
2870	3
2871	5
2872	4
2873	2
2874	3
2875	3
2876	4
2877	3
2878	8
2879	1
2880	5
2881	9
2882	2
2883	4
2884	6
2885	7
2886	3
2887	8
2888	8
2889	7
2890	4
2891	5
2892	3
19276	1
2893	6
19277	1
2894	1
2895	2
2896	2
2897	4
2899	4
2901	3
2903	6
2904	7
19288	1
2905	5
2906	6
2907	5
2908	2
2910	4
2911	3
2912	8
2913	5
2914	4
2915	3
2916	5
2917	3
2918	5
2919	3
2920	5
2922	1
2923	3
2924	5
2925	3
2926	5
2927	4
2928	2
2929	2
2930	8
2931	2
2932	2
2933	2
2934	6
2935	6
2936	6
2937	2
2938	2
2939	4
2940	2
2941	4
2942	7
2943	3
2944	5
2945	5
2947	4
2948	6
2949	4
19333	1
2950	3
2951	2
2952	4
2953	6
2954	6
2955	1
2956	5
2957	5
2958	3
2959	2
2960	1
2961	4
2962	7
2963	4
2964	3
2965	3
2966	6
2967	1
2968	4
2969	3
2970	6
2971	1
2972	5
2973	4
2974	5
2975	6
19359	1
2976	3
2977	5
2978	3
2979	1
2980	2
2981	3
2982	8
2983	6
2984	5
2985	6
2986	2
2987	6
2988	2
2989	4
2990	4
2991	2
2992	5
2993	1
2994	5
2995	10
2996	4
2997	8
2998	6
2999	4
3000	3
3001	3
3002	4
3003	3
3004	4
3005	7
3006	2
3007	2
3008	3
3009	1
3010	4
3011	2
3012	4
3013	3
3014	6
3015	3
3016	4
3017	3
3018	4
3019	1
3020	2
3021	4
3022	1
3024	4
3025	1
3026	3
3027	4
3028	5
3029	1
3030	2
3031	1
3032	10
3033	7
3034	8
3035	2
19419	1
3036	1
3037	7
3038	4
3039	2
3040	3
3041	5
3042	7
3043	4
19427	1
3044	7
3045	9
3046	3
3047	5
3048	6
3049	3
3050	4
3051	6
3052	5
3053	5
3054	5
3055	2
3056	2
3057	4
3058	1
3060	1
3061	3
3062	3
3063	3
3064	2
3065	4
3066	2
3067	4
3068	2
3069	5
3070	4
3071	3
3072	2
3073	3
3074	5
3075	1
3076	3
19460	1
3077	4
3078	4
3079	5
3080	10
3081	3
3082	4
3083	6
3084	4
3085	3
19469	1
3086	6
3087	3
3088	10
3089	1
3090	5
3091	4
3092	8
3093	4
3094	4
3095	5
3096	3
3097	5
3098	2
3099	4
3100	5
3101	2
3102	5
3103	5
3104	1
3105	4
3106	2
3107	3
3108	1
3109	4
3110	3
3111	2
3112	7
3113	3
3114	6
3115	7
3116	7
3117	5
3118	2
3119	3
3120	1
3121	5
3122	5
3123	4
3124	1
3125	5
3126	3
3127	6
3128	8
3129	7
3130	3
3131	5
3132	8
3133	8
3134	2
3135	2
3136	4
3137	8
3138	3
3139	4
3140	6
3141	2
3142	2
3143	4
3144	8
3145	5
3146	6
3147	8
3148	4
3149	2
3150	7
3151	5
3152	2
3153	8
3154	6
3155	6
3156	3
3158	7
3159	5
3160	2
3161	6
3162	2
3163	4
3164	4
3165	2
3166	3
3168	6
3169	5
3170	2
19554	1
3171	4
3172	3
3173	3
3174	2
3176	2
3177	4
3178	3
3179	1
3180	1
3181	2
3182	5
3183	8
3184	7
3185	2
3186	4
3187	3
3188	3
3189	3
3190	6
3191	3
3192	5
3193	2
3194	4
3196	8
3197	8
3198	5
3199	2
3200	3
3201	4
3202	3
3203	1
3204	2
3205	5
3206	3
3207	3
3208	7
3209	4
3210	5
3211	3
3212	4
19596	1
3213	7
3214	4
3215	2
3216	1
3217	2
3219	2
3221	5
3222	2
3223	2
3224	2
3225	1
3226	4
3227	1
3228	4
3229	8
3230	8
3231	8
3232	1
3233	6
3234	4
3235	4
3236	6
3237	4
3238	6
3239	4
3240	3
3241	3
3242	2
3243	3
3244	4
3245	3
3246	6
3247	4
3248	2
3249	5
3250	2
3251	6
3252	4
3253	4
3254	3
3255	4
3256	4
3257	2
3258	2
3259	3
3260	3
3261	2
3262	5
3263	4
3264	3
3265	5
3266	2
3267	7
3268	2
3269	3
3270	8
3271	6
3272	2
3273	6
3274	2
3275	3
3276	2
3277	7
3278	3
3279	4
3280	4
3281	6
3282	4
3283	8
3284	5
3285	4
3286	4
3287	5
3288	5
3289	7
3290	1
3291	1
19675	1
3292	4
3293	2
3294	6
3295	2
19679	1
3296	5
3297	5
3298	4
3299	2
3301	5
3302	5
3303	4
3304	5
3305	7
3306	2
3307	5
3309	2
3310	4
3311	4
3312	5
3313	7
3315	3
3316	4
3317	4
3318	5
3319	2
3320	3
3321	2
3322	3
3323	5
3324	1
3325	2
3326	2
3327	5
3328	2
3329	2
3330	2
3331	1
3332	4
3333	3
3334	3
3335	2
3336	6
3337	2
3338	8
3339	7
3340	7
3341	3
3342	3
3343	4
3344	5
3346	6
19730	1
3347	7
3348	3
3349	2
3350	3
3351	1
3352	3
3353	1
3354	2
3355	2
3356	6
3357	7
3358	3
3359	4
3360	4
3361	2
3362	3
3363	5
3364	2
3365	2
3366	2
3367	2
3368	3
3369	1
3370	4
3371	6
3372	5
3373	5
3374	5
3375	2
3376	6
3377	2
3378	3
3379	4
3380	5
3381	2
3382	3
19766	1
3383	6
3384	3
3385	1
3386	3
3387	5
3388	7
3389	3
3390	5
3391	3
3392	1
3393	3
3394	3
3395	7
3396	4
3397	4
3398	3
3399	2
3400	2
3401	5
3402	4
3403	6
3404	1
3405	3
3406	3
3407	6
3408	7
3409	4
3410	3
3411	5
3412	3
3413	6
3414	6
3415	1
3416	4
3417	8
19801	1
3418	6
3419	2
3420	4
3421	6
3422	2
3423	4
3424	2
3425	5
3426	3
19810	1
3427	1
3428	5
3429	2
3430	8
3431	2
3433	2
3434	6
3435	1
3436	2
3437	4
3438	5
3439	2
3440	4
3441	4
3442	4
3443	6
3444	3
3445	4
3446	3
3447	2
3448	5
3449	3
3450	2
3451	4
3452	1
3453	1
3454	4
3455	6
3456	2
3457	7
3458	3
3459	4
3460	2
3461	3
3462	2
3463	5
3464	1
3465	3
3466	2
19851	1
3467	2
3468	3
3469	4
3470	5
3471	1
3472	2
3473	2
3474	6
3475	5
3476	1
3477	3
3478	5
3479	2
3480	2
3481	2
3482	3
3483	4
3484	5
3485	2
3486	2
3487	5
3488	6
3489	2
3490	10
3491	4
3492	4
3493	6
3494	2
3495	3
3496	6
3498	5
3499	4
3500	5
3501	5
3502	7
3503	3
3504	6
3505	1
3506	4
3507	3
3508	3
3509	5
3510	4
3511	4
3512	5
3513	5
3514	6
3515	4
3516	2
3517	4
3518	3
3519	2
3520	3
3521	4
3522	4
3523	2
3524	4
3525	1
3526	5
3527	5
3529	5
3530	4
3531	2
3532	4
3533	1
3534	1
3536	4
3537	2
3538	1
3539	3
3540	1
3541	2
3542	5
3543	5
3544	6
3545	4
3546	5
3547	2
3548	4
3549	1
3550	2
3551	5
3552	4
3553	2
3554	5
3555	4
3556	5
3557	6
3558	2
3559	6
3560	4
3561	1
3562	1
3563	5
3565	4
3567	1
3568	4
3569	2
3570	4
19954	1
3571	3
3572	3
3573	6
3574	4
3575	3
3576	3
3577	3
3578	3
3579	2
3580	4
3581	6
3582	3
3583	3
3584	3
3585	3
3586	1
3587	2
3588	3
3589	1
3590	3
3591	2
3592	1
3593	6
3594	1
3595	4
3596	3
3597	3
3598	2
3599	2
3600	1
3601	3
3602	5
3603	2
3604	3
3605	2
3607	1
3608	5
3609	1
3610	1
3611	4
3612	6
3613	3
3614	3
3615	3
3616	3
3617	3
3618	4
20002	1
3619	2
3620	4
3621	2
3622	3
3623	6
3624	1
3625	3
3626	4
3627	5
3628	4
3629	5
3631	6
3632	3
20016	1
3633	3
3634	3
3635	2
3636	1
3637	5
3638	8
3640	4
3641	3
3642	1
20026	1
3643	3
3644	4
3645	4
3646	3
3647	8
3648	3
3649	9
3650	3
3651	3
3652	6
3653	5
3654	5
3655	3
3657	3
3658	2
3659	3
3660	2
3661	4
3662	1
3663	4
3664	1
3665	7
3666	6
3667	5
3668	3
3669	3
3670	6
3671	4
3672	5
3673	3
3674	3
3675	2
3676	2
20060	1
3677	1
20061	2
3678	4
3679	4
3680	5
3681	4
3682	2
3683	3
3684	4
3685	2
3686	3
3687	4
3688	6
3689	3
3690	5
3691	1
3692	3
3693	4
3694	3
3695	7
3696	4
3697	3
3698	2
3699	2
3700	6
3701	3
3702	4
3703	5
3704	5
3705	3
3707	3
3708	3
3709	2
3710	5
3711	2
3712	4
3713	6
3714	3
3715	6
3716	2
3717	4
3718	6
3719	5
3720	5
3721	2
3722	6
3723	4
3724	2
3725	2
3726	1
3727	6
3728	2
3729	3
3731	3
3732	2
3733	3
3734	3
3735	4
3736	4
3737	1
3738	4
3739	3
3740	2
3741	3
3742	6
3743	2
3744	2
20128	1
3745	3
3746	1
3747	3
3748	3
3750	3
3751	4
3752	6
3753	5
3754	2
3755	2
3756	3
3757	3
3758	5
3759	2
3760	4
3761	3
3762	2
3763	1
3764	2
3765	3
3766	3
3767	7
3768	3
3769	2
3770	3
3771	4
3772	1
3773	4
3774	2
3775	9
3776	3
3777	3
3778	6
3779	2
3780	2
3781	7
3782	1
3783	3
3784	2
3785	5
3786	3
3787	3
3788	6
3789	3
3790	4
3791	4
3792	4
3793	2
3794	3
3795	6
3796	1
3797	4
3798	5
3799	3
3800	2
3801	3
3802	4
20186	1
3803	4
3804	2
3805	3
3806	2
3807	3
3808	4
3810	5
3811	3
3812	3
20196	1
3813	4
3814	1
3815	4
3816	2
3817	3
3820	2
3821	6
3823	4
3824	3
3825	2
3827	4
3828	4
3829	3
3830	3
3831	4
20215	1
3832	2
3833	3
3834	1
3835	4
3836	6
3837	1
3838	2
3839	3
3840	4
3841	1
3842	2
3843	5
3844	5
3845	2
3846	10
3847	3
3848	1
3849	2
3850	6
3851	5
3852	2
3853	2
3854	7
3855	3
3856	2
3857	2
3858	3
3859	5
3860	4
20245	1
3861	3
3862	1
3863	4
3864	3
3865	5
20250	1
3866	3
3867	3
3868	1
3869	3
3870	1
3871	3
3872	4
3873	5
3874	2
3875	3
3876	1
3877	2
3878	2
3879	5
3880	2
3881	3
3882	2
3884	2
3885	1
3886	4
3887	1
3888	2
3889	4
3890	4
3891	1
3892	4
3893	3
3894	2
3895	1
3896	5
3897	2
3898	5
3899	2
3900	3
3902	6
20286	1
3903	4
3904	2
3905	3
3906	2
3907	1
3908	7
3909	5
3910	2
3911	5
3915	3
3916	4
3917	5
3918	2
3919	4
3920	2
3921	7
3922	4
3923	3
20307	1
3924	5
3925	4
3926	4
3927	2
3928	2
3929	1
3930	4
3931	5
3932	3
3933	4
3934	1
3935	2
3936	2
3937	2
3938	2
3939	3
3940	6
3941	2
3942	1
3943	6
3944	7
3945	5
3946	6
3947	5
3948	6
3949	3
3950	2
3951	1
3952	1
3953	1
3954	2
3955	4
3956	3
3957	1
3958	2
3959	4
3960	2
3961	1
3962	1
3963	4
3965	3
3966	4
3967	2
3968	2
3969	5
3970	1
3971	3
3972	6
3973	1
3974	1
3975	4
3976	4
3977	4
3978	2
3980	3
3981	1
3982	1
3983	2
3984	3
3985	5
3986	5
3987	2
3988	2
3989	4
3990	1
3991	5
3992	2
3993	2
3994	2
3996	5
3997	1
3998	3
3999	5
4000	3
4001	1
4002	3
4003	3
4004	5
4005	3
4006	3
4007	4
4008	3
4009	3
4010	2
4011	5
4012	3
4013	7
20397	1
4014	2
4015	2
20399	1
4016	4
4017	4
4018	4
4019	1
4020	4
4021	1
4022	5
4023	3
4024	3
4025	2
4026	3
4027	6
4028	4
4029	1
4030	3
4032	3
4033	6
4034	1
4035	2
4036	2
4037	4
4038	2
4039	1
4040	5
4041	3
4042	3
4043	1
4044	3
4045	2
4046	1
4047	1
4048	2
4049	5
4050	3
4051	1
4052	2
4053	4
4054	5
4055	6
4056	3
20440	1
4057	1
4058	1
4059	4
4060	3
4061	1
4062	3
4063	4
4064	1
4065	3
4066	5
4067	3
4068	1
4069	6
4070	2
4071	1
4072	1
4073	2
4074	4
4075	7
4076	1
4077	1
4078	1
4079	3
4080	3
4081	3
4082	3
4083	2
4084	1
4086	3
4088	4
4089	1
4090	2
4091	2
4092	2
4093	5
4094	5
4095	5
4096	4
4098	2
4099	2
4100	2
4102	3
4103	5
4104	2
4106	4
4108	3
4109	3
4110	3
4111	3
4112	1
4113	5
4114	6
4115	5
4116	5
4117	1
4118	3
4119	1
4120	4
4121	4
4122	3
4123	1
4124	3
4125	3
4126	1
4127	3
4128	4
4129	1
4131	1
4132	4
4133	1
4134	3
4135	1
4136	2
4137	3
4138	1
4139	5
4140	5
4141	1
4142	5
4143	3
4144	2
4145	2
4146	6
20530	1
4147	1
4148	2
4149	5
4150	2
4152	2
4153	6
4154	6
4155	5
4156	4
4157	2
4158	2
4159	1
4160	1
4161	4
4162	5
4163	3
4164	2
4165	7
4166	2
4167	2
4170	3
4171	1
4172	3
4173	4
4174	3
4175	3
4176	2
4177	2
4178	6
4179	2
4180	2
4181	2
4182	2
4183	2
4184	3
4185	4
4186	5
4187	3
4188	2
4190	4
4191	2
4192	1
4193	3
4194	1
4195	3
20579	1
4196	2
20580	1
4197	1
4198	5
4199	1
4200	3
4201	5
4202	3
4203	5
4204	2
4205	2
4206	2
4207	6
4208	1
4209	2
4211	5
4212	4
4213	3
4214	3
4215	2
4216	6
4217	2
4218	2
4219	6
4220	7
4221	1
4222	3
4223	3
4224	4
4225	5
4226	5
4227	3
4228	4
4229	3
4230	1
4231	2
4232	1
4233	1
4234	2
20618	1
4235	3
4237	2
4238	3
4239	4
4240	2
4241	2
4242	3
4243	5
4244	4
4246	1
4247	3
4249	3
4250	2
4251	5
4252	1
4253	4
4254	3
4255	5
4256	1
4257	5
4258	3
4259	1
4260	7
4261	2
4262	2
4263	4
4264	4
4265	3
4266	2
4267	2
4268	2
4269	2
4270	3
4272	6
4273	5
4274	3
4275	4
4276	4
4277	7
4278	4
4279	5
4280	2
4281	6
4282	2
4283	4
4284	4
4285	3
4286	3
20671	1
4287	1
4288	1
4289	4
4290	2
4291	5
4292	4
4293	1
4294	7
4295	3
4296	2
4297	2
4298	1
4299	3
4300	5
4301	4
4302	2
4303	2
4304	3
4305	1
4307	2
4308	4
4309	3
4310	1
4311	4
4312	2
4313	2
4314	1
4315	2
4316	3
4317	3
4318	5
4319	4
4320	2
4321	3
4322	5
4323	2
4324	5
4325	3
4326	5
4327	1
4328	3
4329	1
4330	4
4331	1
4332	1
4333	2
4334	3
4336	2
4338	1
4340	3
4341	2
4342	7
4343	4
4344	2
4345	1
4346	3
4348	3
4349	5
4350	2
4351	1
4352	1
4353	9
4354	5
4355	1
4356	2
4357	4
4358	2
4359	6
4361	2
20745	1
4362	2
4363	1
4364	5
4365	5
4366	5
4367	5
4368	1
4369	5
4370	1
4371	1
4372	6
4373	1
4374	2
4376	4
4377	3
4378	1
4379	2
4380	5
4381	4
4382	3
4383	2
4384	1
4385	2
4386	5
20770	1
4387	3
4388	4
4389	2
4390	5
4392	1
4394	1
4395	3
4396	1
4397	1
4398	4
4399	2
4400	6
4401	4
4402	1
4403	2
4404	2
4405	5
4406	2
4407	2
4408	1
4409	5
4410	5
4411	3
4413	5
4414	3
4415	5
4416	5
4418	3
4419	1
4420	2
4421	1
4422	4
4423	3
4424	5
4425	3
4426	2
4427	1
4428	3
4429	1
4430	3
4431	2
4432	6
4433	3
4434	6
4435	5
4436	4
4437	6
4438	5
4439	4
4440	3
4441	3
4442	1
4443	2
4444	3
4445	2
4446	1
4447	2
4448	4
4449	2
4450	3
4451	3
4452	3
4453	6
4454	2
4456	1
4457	1
4458	6
4459	1
4460	2
4461	3
4462	1
4463	2
4464	3
4465	5
4466	2
20850	1
4467	2
4468	3
4469	1
4470	1
4471	6
4472	3
20856	1
4473	2
4474	3
4475	3
4476	3
4477	1
4478	4
4479	3
4482	3
4483	1
4484	1
4485	2
4486	3
4488	2
4489	1
4490	3
4491	3
4492	2
4493	3
4494	6
4495	2
4496	2
4497	5
4498	4
4499	2
4500	2
4501	6
4502	2
4503	2
4504	1
4505	2
4507	3
4509	3
4510	1
4511	2
4512	1
4513	7
4514	5
4515	3
4517	1
4518	2
4519	2
4520	5
4521	2
4522	1
4523	4
4524	2
4525	2
4526	3
4527	1
4528	4
4529	2
4530	3
4531	2
4532	2
4533	3
4534	2
4535	2
4536	3
4537	3
4538	1
4539	4
4540	3
4541	1
4542	1
4543	1
4544	2
4546	2
4547	2
4548	2
20932	1
4549	3
4550	3
20934	1
4551	2
4552	1
4553	3
4554	4
4555	3
4556	3
4558	2
4559	2
4560	1
4561	3
4562	3
4563	3
4564	1
4565	6
4566	1
4567	3
4568	2
4570	2
4571	1
4572	1
4573	3
4574	3
4575	4
4576	3
4577	3
4578	1
4579	1
4580	3
4581	2
4582	4
20966	1
4583	2
4584	1
4585	1
4586	1
4587	2
4588	4
4589	1
4590	2
20974	1
4591	2
4592	2
4593	2
4594	1
4595	1
4596	1
4597	1
4598	8
4599	2
4600	6
4601	1
4602	5
4603	3
4604	2
4605	2
4606	3
4607	4
4608	1
4609	4
4610	5
4611	4
4612	2
4613	1
4615	2
4616	1
4617	5
4618	2
4620	1
4621	4
4622	5
4623	6
4624	2
4625	4
4626	1
4627	5
4628	2
4629	1
4630	1
4631	3
4632	7
4633	1
4634	2
4635	3
4636	5
4637	1
4638	2
4639	2
4640	3
4641	1
4642	1
4643	3
4644	2
4645	1
4646	3
4647	3
4648	8
4649	6
4650	3
4651	4
4653	1
4654	5
4655	3
4657	1
4658	3
4659	1
4660	5
4661	1
4662	1
4663	2
4664	1
4665	2
4666	1
4667	1
4668	5
4669	1
4670	2
4671	1
4672	3
4673	1
4674	4
4675	2
21060	1
4676	2
4677	3
4678	4
4679	2
4680	1
4681	1
4683	2
4684	3
4685	2
4687	2
4688	2
4689	1
4690	2
4692	2
4693	1
4694	1
4695	3
4696	5
4697	2
4698	6
4699	1
4700	1
4701	2
4702	2
4703	1
4704	5
4705	3
4707	1
4708	7
4709	5
4710	1
4711	2
4712	2
4713	4
4714	4
4715	1
4716	4
4717	1
4718	2
4719	3
4720	6
4721	2
4722	1
4723	1
4724	5
4725	4
4726	2
4727	1
4728	4
4729	1
4730	1
4731	3
4732	4
4733	2
4734	1
4735	6
4736	2
4737	1
4738	1
4739	4
4740	7
4741	3
4742	1
4743	3
4744	4
4745	4
4746	1
4747	4
4748	4
4749	2
4750	3
4751	1
4752	4
4753	1
4754	3
4757	5
4758	2
4759	6
4760	3
4761	3
4762	1
4763	3
4764	3
4765	2
4766	1
4767	1
4768	1
4769	6
4770	2
4771	1
4772	3
4773	4
4774	1
4775	3
4776	2
4777	3
4778	5
4779	4
4780	1
4781	2
4783	2
4784	1
4785	3
4786	1
4787	1
4788	2
4789	1
4790	1
4791	5
4792	1
4793	3
4795	2
4796	3
4797	4
4798	2
4799	2
4800	3
4801	3
4802	1
4803	2
4804	3
4805	1
4806	2
4807	5
4808	2
4809	2
21193	1
4810	2
4811	1
4812	2
4813	2
4815	3
4816	5
4817	4
21201	1
4818	2
4819	2
4820	2
4821	2
4822	1
4823	3
4824	2
4825	5
4827	2
4828	4
4829	3
4830	1
4831	2
4832	5
4833	5
4834	1
4835	5
4836	2
4837	2
4838	3
4839	3
4840	5
4841	1
4843	1
4844	2
4845	2
4846	4
4847	2
4848	5
4849	1
4850	2
4851	2
4852	3
4853	1
4854	2
4855	1
21239	1
4856	1
4858	1
4859	2
4860	1
4861	4
4862	3
4863	1
4864	3
4865	7
4866	1
4867	1
4868	1
4869	3
4870	1
4871	1
4872	3
4873	1
4874	2
4875	3
4876	3
4877	2
4878	2
4879	1
4880	3
4881	5
4882	2
4883	2
4884	2
4885	1
4886	3
4887	4
4888	1
4889	4
4890	1
4891	4
4892	4
4893	3
4895	2
4896	2
4897	2
4898	1
4900	3
4901	1
4902	5
4903	3
4904	4
4905	6
4906	4
4907	2
21291	1
4908	2
4909	4
4910	1
4911	2
4912	2
4913	2
4914	1
4915	3
4916	6
4917	4
4919	2
4921	3
4923	4
4925	5
4926	4
4927	4
4928	1
4929	2
4930	2
4931	4
4932	3
4933	6
4934	3
4935	2
4936	1
4937	2
4938	6
4939	3
4940	2
4941	3
4942	1
4943	2
4944	3
4945	3
4946	4
4947	1
4948	2
4949	2
4950	1
4951	2
4952	2
4953	2
4954	2
4955	3
4956	1
4957	1
4958	2
4960	1
4961	1
4962	3
4963	2
4964	1
4965	2
4966	2
4967	2
4968	3
4970	4
4971	3
4972	2
4973	2
4974	4
4975	2
4976	1
4977	3
4978	2
4979	4
4980	4
4981	5
4982	1
4983	1
4984	2
4985	1
4986	3
4987	2
4988	4
4989	1
4991	1
4992	5
4993	1
4994	2
4995	4
4996	2
4997	1
4998	4
5000	1
5001	2
5002	2
5003	2
5004	1
5005	2
5006	2
5007	4
5008	3
5009	2
5010	5
5011	3
5012	2
5013	4
5014	2
5015	2
5016	3
5017	3
5018	1
5019	3
5021	2
5022	3
5023	3
5024	3
5025	1
5026	2
5027	3
5028	1
5029	3
5030	2
5031	6
5033	1
5034	2
5035	2
5036	3
5037	4
5038	2
5039	2
5040	3
5041	1
5042	3
5043	2
5044	2
5045	4
5046	8
5047	2
5048	3
5049	2
5052	1
5053	4
5054	1
5056	1
5057	1
5058	1
5059	1
5060	6
5061	1
21446	1
5062	2
5063	4
5065	4
5066	3
5067	1
21452	1
5068	1
5069	2
5070	2
5071	3
5072	2
5073	3
5074	2
5076	2
5077	4
5078	1
5079	2
5080	4
5081	1
5082	3
5083	2
5084	2
5085	3
5086	2
5087	1
5088	3
5089	3
5090	3
5091	1
5092	5
5093	1
5094	2
5095	3
5096	2
5097	1
5098	2
5099	3
5100	1
5101	1
5102	2
5103	1
5104	3
5105	1
5106	4
5107	1
5110	2
5111	3
5113	1
5114	2
5115	1
5116	1
5117	3
5118	1
5119	3
5120	5
5121	3
5122	1
5123	2
5124	1
5126	3
5127	2
5128	5
5129	1
5130	2
5131	1
5132	5
5133	4
5135	1
5136	2
5137	3
5138	3
5140	1
5141	2
5142	4
5143	1
5144	6
5145	3
5146	1
5147	2
5149	2
5150	2
5151	2
5152	1
5153	3
5154	1
5155	1
5157	1
5158	2
5159	3
5160	2
5161	1
5162	1
5163	2
5164	2
5166	3
5167	2
5168	4
5169	3
5171	1
5172	1
5173	2
5174	3
5175	7
5176	3
5178	2
5179	1
5180	2
5181	6
5182	2
5183	2
5184	2
5185	4
5186	3
5187	1
5188	2
5189	3
5190	3
5191	2
5192	3
5193	1
5194	1
5195	3
5196	2
5197	1
5198	3
5199	2
5201	2
5202	3
5204	1
5205	1
21590	1
5206	1
5207	6
5208	2
5209	2
5211	1
5214	1
5215	3
5216	2
5219	3
5220	1
5221	2
5222	2
5223	3
5225	2
5226	1
5227	2
5228	2
5229	2
5230	1
5231	2
5232	4
5233	4
5234	2
5235	3
5236	1
5237	2
5238	4
5239	5
5241	1
5242	3
5243	3
5244	2
5245	1
5248	4
5249	2
5250	2
5251	3
5252	4
5253	3
5255	1
5256	3
5258	3
5259	1
5260	2
5261	2
5262	1
5264	2
5265	2
5266	3
5267	3
5269	2
5270	6
5273	2
5275	1
5276	2
5277	1
5278	1
5279	1
5280	1
5281	1
5282	4
5283	3
5284	2
5285	3
5286	1
5288	4
5289	2
5290	2
5291	3
5292	3
5293	4
5294	3
5295	2
5296	2
5298	3
5300	1
5301	1
5302	1
5303	4
5304	2
5305	4
5307	2
21692	1
5310	1
5311	5
5313	2
5314	3
5315	1
5317	6
5318	3
5319	3
5320	2
5321	1
5322	3
5323	1
5324	2
5325	3
5326	1
5327	4
5328	1
5329	3
5330	4
5331	4
5332	2
5333	2
5334	2
5335	2
5336	3
5337	2
5338	3
5339	1
5340	2
5341	3
5342	1
5343	1
5345	2
5346	1
5347	1
5348	2
5349	3
5351	3
5352	5
5353	1
5354	2
5356	2
5357	2
5358	2
5359	5
5360	1
5361	1
5364	3
5365	3
5366	2
5367	2
5368	2
5369	1
5370	2
5371	2
5372	3
5374	3
5375	1
5376	1
5377	2
5378	3
21763	1
5379	2
5380	2
5381	2
5382	1
5383	2
5384	2
5385	3
5386	3
5387	3
5388	1
5389	4
5390	3
5392	4
5393	2
5394	1
5395	2
5396	1
5397	1
5398	5
5399	2
5400	2
5401	4
5403	3
5404	2
5405	2
5406	6
5407	1
21791	1
5408	1
5409	1
5410	2
5411	3
5412	7
21796	1
5413	3
5414	3
5415	2
5416	2
5417	1
5418	6
5419	2
5421	1
5422	1
5423	2
5424	3
5425	2
5426	2
5427	4
5428	1
5429	4
5430	1
5431	3
5432	2
5433	2
5434	2
5436	2
5437	2
5439	2
5440	4
5441	5
5442	3
5444	3
5445	2
5446	1
5447	3
5448	1
5449	3
5450	2
5451	1
5453	2
5454	1
5456	1
5457	1
5458	3
5459	4
5460	3
5462	1
5464	3
21849	1
5466	2
5467	1
5468	1
21852	1
5469	2
5470	1
5471	1
5472	1
5473	2
5474	1
5475	1
5477	1
5479	2
5480	6
5481	2
5482	2
5483	2
5484	3
5486	1
5487	4
5488	2
5489	3
5490	3
5491	1
5492	2
5493	1
5494	3
5497	2
21882	1
5498	1
5499	1
5500	3
5502	3
5503	1
5505	3
5506	2
5507	1
5508	1
5509	2
5510	2
5511	1
5512	1
5513	1
5515	4
5516	1
5517	2
5519	1
5521	3
5522	1
5523	3
5524	1
5525	1
5528	2
5529	1
5530	4
5531	4
5532	3
5533	1
5534	3
5535	2
5536	3
5537	1
5538	1
5539	5
5541	2
5542	3
5543	4
5544	1
5545	1
5547	2
5548	2
5549	1
5550	3
5551	1
5554	2
5555	3
5556	4
5557	1
5558	4
5559	4
5560	2
5561	2
5562	1
5563	1
5564	4
5565	1
5566	3
5567	2
5568	2
5569	1
5571	2
5572	1
5573	2
5575	1
5576	5
5577	2
5578	3
5579	1
5581	1
5582	5
5584	3
5586	1
5587	2
5588	2
5590	1
5591	2
5593	4
5595	4
5596	2
5597	3
5598	3
5599	2
5600	3
5601	2
5602	2
5603	2
5604	1
5605	1
5606	2
5607	2
5608	2
5609	3
5610	1
5611	1
21995	1
5612	3
5613	4
5616	1
5617	4
5619	1
5620	4
5621	3
5622	3
5623	4
5624	1
5625	3
5628	2
5629	1
5630	1
5631	2
5632	3
5633	1
5634	1
5635	1
5636	4
5637	3
5638	4
5639	4
5640	2
5641	3
5642	4
5643	1
5644	2
5648	2
22032	1
5649	2
5650	1
5651	1
5652	3
5654	4
5655	2
5657	2
5658	3
5659	2
5660	3
5661	2
5663	2
5664	4
5665	2
5666	1
5667	3
5668	2
5669	1
5670	4
5671	1
5673	3
5674	1
5675	1
5676	3
5677	2
5678	2
5679	2
5680	1
5681	1
5682	1
5683	1
5684	1
5685	3
5686	2
5687	3
5688	2
5692	2
5693	1
5695	2
5696	2
5697	3
5699	3
5701	3
5702	4
5703	1
5704	1
5705	3
5706	1
5707	2
5708	1
5709	3
5710	2
5711	3
5712	3
5713	5
5716	2
5717	1
5718	3
5719	1
5720	3
5721	3
5722	2
5723	3
5724	2
5725	1
5726	4
5727	2
5730	3
5731	4
5733	1
5735	1
5736	1
5739	4
5740	2
5741	1
5742	1
5743	2
5744	2
5745	1
5747	2
5749	1
5750	3
5753	2
5754	1
5756	1
5759	1
5760	3
5761	2
5762	2
5764	3
5765	1
5768	2
5769	2
5770	1
5771	3
5772	2
5773	1
5774	3
5775	3
5777	1
5778	3
5780	1
5781	1
5782	1
5784	1
5785	2
5787	2
5788	5
5792	2
5794	3
5795	1
5796	4
5797	2
5799	2
5802	2
5803	3
5804	1
5805	1
5806	3
5807	1
5808	4
5811	1
5812	2
5814	1
5815	3
5816	2
5817	3
5819	3
5820	2
5821	1
5822	5
5824	2
5825	2
5826	3
22210	1
5827	2
5828	1
5829	2
5830	1
5831	2
5832	2
5833	2
5834	1
5835	1
5836	2
5837	3
5838	2
5839	2
5840	3
5841	3
5843	2
5844	1
5845	1
5846	2
5847	1
5848	1
5850	4
5853	2
5854	2
5855	2
5858	3
5859	3
5860	2
5861	1
5862	1
5864	2
5865	1
5868	3
5869	2
5870	2
5871	1
5872	2
5873	2
5875	3
5878	1
5879	1
5880	1
5881	1
5882	2
5886	2
5887	4
5888	3
5889	1
5890	2
5892	4
5893	1
5895	1
5896	2
5897	3
5898	1
5899	3
5900	1
5901	2
5902	1
5903	1
5904	4
5906	3
5909	1
5910	3
5912	3
5914	1
5915	1
5916	3
5918	1
5919	2
5921	2
5922	3
5923	1
5924	1
5925	3
5927	1
5929	1
5930	1
5931	4
22315	1
5932	1
5934	3
5935	1
5936	2
5938	2
5939	4
5940	1
5943	1
5944	3
5945	3
5946	4
5947	1
5948	1
5949	3
5950	2
5952	2
5953	1
5954	2
5957	2
5958	3
5959	1
5960	3
5961	2
5962	2
5963	2
5964	2
5965	1
5967	2
5968	2
5969	3
5970	3
5971	3
5972	2
5974	2
5975	1
5976	3
5977	3
5979	1
5980	1
5982	1
5983	2
5984	1
5986	2
5987	1
5989	2
5990	1
5991	2
5992	3
5994	3
5995	1
5998	2
6000	1
6001	1
6002	1
6003	1
6005	1
6006	1
6007	1
6008	2
6009	1
6010	2
6011	1
6012	2
6013	3
6016	1
6017	2
6018	1
6019	3
6020	2
6021	3
6022	1
6023	1
6024	2
6025	2
6029	2
22413	1
6031	2
6033	1
6034	1
6035	2
6036	1
6037	2
6038	2
6039	3
6040	2
6041	4
6042	1
6043	2
6044	2
6045	1
6046	1
6047	1
6048	1
6051	2
6052	2
6054	2
6055	3
6056	1
6057	1
6060	3
6061	1
6062	1
6063	4
6064	2
6065	5
6066	3
6069	3
6070	1
6071	2
6074	3
6076	3
6077	1
22462	1
6080	1
6081	1
6082	1
6083	2
6085	1
6087	5
6088	1
6089	2
6090	1
6092	4
6094	1
6095	4
6097	3
6098	1
6099	5
6100	4
6101	2
6102	1
6104	1
6105	2
6106	3
6107	1
6108	2
6109	1
6112	1
6113	1
6114	4
6115	5
6116	2
6117	1
6118	2
6119	1
6120	2
6121	2
6122	2
6123	3
22507	1
6124	2
6126	2
6128	1
6129	2
6130	3
22514	1
6131	3
6132	2
6133	3
6134	1
6137	1
6138	3
6140	4
6141	1
6144	2
6146	1
6147	2
6149	3
6150	3
6151	2
6152	3
6153	1
6154	4
6155	2
6156	1
6158	2
6159	1
6160	1
6161	3
6163	2
6164	1
6165	4
6166	1
6168	2
6169	1
6170	1
6171	2
6172	2
6173	4
6175	2
6176	3
6178	3
6179	2
6180	2
6181	1
6182	1
6183	4
6184	1
6185	2
6189	2
6190	1
6191	1
6193	1
6195	3
6196	1
6197	1
6198	1
6199	2
22584	1
6200	1
6203	2
6204	1
6205	1
6206	5
6207	1
6209	1
6210	3
6211	1
6212	2
6213	5
6214	1
6215	2
6216	2
6217	1
6218	3
6219	5
6220	1
6221	1
6222	2
6223	2
6224	1
6225	3
22610	1
6226	1
6227	1
6228	2
6229	3
6231	1
6232	1
6234	1
6236	1
6238	2
6239	2
6240	4
6241	2
6242	1
6243	3
6244	1
6245	2
6246	1
6247	5
6248	2
6250	2
6252	2
6253	2
6254	5
6256	1
6257	3
6258	1
6259	2
6260	1
6261	2
6262	1
6264	1
6266	1
6267	3
6268	2
6269	2
6270	3
6271	1
6273	4
6274	1
6275	2
6276	1
6277	3
6278	1
6279	2
6280	3
6281	2
6282	1
6283	1
6284	2
6286	2
6287	5
6288	1
6289	1
6290	4
6291	1
6292	1
6294	2
6296	1
6297	1
6298	1
6300	2
6301	1
22686	1
6302	1
6303	3
6304	1
6305	1
6306	1
6307	3
6309	2
6311	2
6313	1
6314	1
6315	1
22701	1
6317	1
6318	1
6319	1
6321	2
6322	3
6323	2
6324	2
6325	1
6326	1
6327	1
6328	3
6329	1
6330	2
6332	3
6333	2
6335	3
6336	1
6337	1
6338	1
6340	1
6341	1
6342	1
6343	1
6344	1
6345	2
6346	3
6347	1
6348	2
6349	1
6351	5
6352	1
6355	1
6357	1
6358	6
6359	2
6360	2
6361	1
6363	4
6365	3
6367	2
6368	3
6369	1
6370	2
6371	1
6374	1
6376	3
6377	1
6378	1
6380	1
6381	3
6384	1
6385	2
6387	2
6389	1
6390	4
6391	1
6392	1
6393	1
6394	1
6395	2
6396	3
6397	2
6398	2
6399	1
6401	2
6403	1
6404	1
6405	2
6406	1
6408	1
6410	1
6411	3
6412	2
6413	4
6414	2
6415	2
6416	3
6418	1
6419	2
6421	1
6422	2
6424	1
6426	1
6427	1
6429	1
6433	2
6434	2
6437	2
6439	1
6440	1
6444	1
6445	2
6447	3
6449	1
6451	1
6452	1
6453	2
6455	1
6456	2
6459	2
6462	3
6463	3
6464	1
6465	2
6466	1
6468	3
6469	1
6470	1
6472	2
6473	1
6475	2
6477	1
6478	2
6479	1
6481	1
6482	1
6483	1
6488	1
6491	1
6492	2
6493	2
6495	2
6496	3
6497	2
6498	2
6500	1
6501	1
6502	2
6503	1
6504	3
6505	2
6506	1
6507	1
6508	2
6509	2
6510	4
6511	1
6513	1
6514	3
6515	4
6517	1
6520	2
6521	2
6522	1
6523	2
6525	1
6526	2
6527	1
6530	1
6531	3
6536	2
6537	1
6539	1
6540	3
6541	1
6543	1
6545	1
6546	1
22931	1
6548	1
22933	1
6550	4
6552	1
6553	2
6557	1
6558	2
6559	2
6560	1
6562	4
6563	1
6564	3
6566	2
6567	1
6569	1
6570	2
6572	4
6573	1
6574	2
6575	1
6576	3
6577	1
6578	3
6579	1
6580	1
6581	1
6583	2
6584	3
6586	2
6587	1
6588	3
6589	2
6590	1
6591	2
6592	3
6593	1
6594	1
6595	1
6596	1
6597	1
6598	4
6600	3
6601	1
6602	4
6603	1
6604	2
6605	1
6606	1
6607	2
6608	1
6610	2
6613	2
6614	2
6616	1
6617	1
6618	2
6619	3
6620	1
6622	1
6623	1
6626	1
6628	2
6629	2
6630	2
6631	3
6632	2
6634	1
6635	1
6637	2
6638	4
6640	1
6641	1
6643	1
6645	1
6646	2
6647	2
6648	2
6650	1
6651	1
6652	1
6654	1
6655	2
6656	1
6658	1
6659	1
6660	1
6661	2
6662	1
6664	2
6667	1
6669	1
6670	1
6674	2
6675	2
6676	1
6679	2
6680	3
6681	1
6682	1
6683	2
6684	4
6685	1
6686	3
6687	1
6688	2
6689	3
6691	1
6693	3
6694	3
6695	1
6696	3
6697	1
6698	1
6699	3
6700	4
6701	1
6702	1
6703	2
6707	1
6708	1
6709	1
6711	1
6712	2
6713	2
6714	2
6715	2
6716	1
6718	2
6721	1
6722	2
6724	1
6725	1
6726	1
6728	1
6730	1
6732	1
6733	1
6734	1
6735	3
6736	3
6738	4
23122	1
6739	1
6740	1
6742	1
6743	1
6744	1
6745	2
6746	2
6747	1
6748	1
6750	1
6752	2
6753	1
6755	1
6756	3
6757	1
6758	2
6759	2
6760	3
6761	1
6762	4
6763	1
6764	1
6766	1
6768	2
6769	2
6770	2
6771	1
6773	2
6774	1
6775	1
6776	2
6777	2
6778	1
6779	1
6780	3
6781	1
6783	1
6784	1
6785	2
6786	1
6787	1
6788	1
6790	2
6792	2
6793	1
6794	1
6795	1
6799	1
6802	1
6803	1
6806	3
6808	1
6809	1
6810	1
6811	2
6812	2
6813	2
6814	2
6815	1
6816	1
6818	1
6819	1
6821	3
6823	4
6825	1
6826	2
6827	1
6828	3
6829	1
6831	2
6832	2
6834	2
6835	1
6837	1
6838	1
6840	1
6841	1
6843	1
6845	1
6846	1
6847	2
6848	2
6850	1
6851	1
6852	1
6854	1
6855	1
6856	1
6858	2
6859	4
6860	1
6861	2
6862	1
6863	1
6864	2
6865	1
6866	1
6869	2
6870	1
6871	2
6872	1
6873	1
6875	2
6876	1
6877	2
6878	2
6880	1
6882	2
6883	1
6884	1
6885	1
6886	2
6889	1
6890	1
6891	2
6892	1
6894	1
23279	1
6895	1
6896	1
6899	2
6900	1
6901	1
6902	2
6903	2
6904	3
6905	2
6907	2
6908	3
6909	2
6910	1
6911	2
6912	1
6914	2
6915	2
6918	1
6922	1
6927	1
6929	1
6930	1
6932	2
6935	1
6937	2
6939	2
6941	1
6942	1
6943	2
6949	2
6950	2
6951	2
6952	1
6953	1
6958	1
6960	1
6961	1
23346	1
6964	1
6965	1
6966	1
6967	1
6968	1
6970	2
6972	2
6973	3
6974	1
6975	1
6976	2
6978	1
6979	2
6981	2
6985	1
6987	1
6988	2
6990	1
6991	2
23376	1
6992	1
6993	3
6996	1
6997	2
6998	3
6999	2
7001	1
7002	2
7006	4
7007	2
7008	2
7010	1
7012	1
7013	1
7015	1
7016	1
7017	3
7018	1
7019	2
7020	2
7021	1
7022	2
7023	1
7025	1
7027	2
7028	1
23414	1
7030	1
7031	2
7033	2
7034	2
7039	3
7041	1
7042	3
7044	2
7045	1
7048	1
7054	1
7055	3
7057	1
7058	3
7059	1
7062	1
7064	1
7065	2
7066	1
7068	1
7069	1
7070	4
7072	1
7073	1
7078	1
7080	2
7081	1
7083	2
23467	1
7084	1
7087	2
7090	1
7091	1
7092	5
7093	1
7094	3
7095	1
7097	1
7098	2
7099	2
7101	2
7102	2
7103	1
7104	3
23490	1
7107	1
7108	2
7110	1
23494	1
7111	1
7112	2
7113	1
7116	1
7119	3
7120	1
7121	1
7122	2
7123	1
7124	2
7126	1
7127	1
7128	2
7129	1
7130	1
7131	1
7134	2
7135	1
7136	2
7137	1
7138	1
7139	2
7140	2
7141	2
7143	1
7144	2
7145	1
7146	2
7147	3
7148	2
7149	1
7150	1
7154	2
7156	1
7158	1
7159	1
7160	1
7161	1
7164	2
7167	1
7168	2
7171	3
7173	2
7175	1
7176	2
7177	2
7178	1
7179	2
7180	1
7182	1
7185	1
7188	1
7189	1
7190	1
7191	1
7192	3
7196	1
23581	1
7198	4
7200	2
7201	1
7202	2
7203	1
7205	2
7206	1
7207	2
7208	1
7209	2
7213	1
7214	2
7215	2
7216	3
7218	2
7220	1
7221	1
7222	3
7223	1
7224	1
7225	2
7226	1
7229	1
7230	1
7232	2
7234	1
7237	1
7239	1
7240	1
7241	1
7244	1
7245	1
7246	2
7247	2
7248	2
7249	5
7251	2
7252	2
7256	1
7257	2
7258	1
7260	2
7261	1
7262	1
7263	1
7265	1
7266	1
7269	1
7270	1
7271	2
7272	2
7275	1
7276	1
7279	2
7281	2
7282	4
7285	1
7286	1
7287	2
7290	1
7291	1
7292	1
7299	2
7301	1
7303	1
7304	1
7305	2
7306	1
7307	1
7308	1
7311	2
7316	2
7320	2
7322	2
7323	1
7325	1
7326	1
7327	1
7332	4
7333	1
7334	2
23718	1
7335	2
7336	1
23721	1
7338	1
7339	1
7340	1
7341	2
7342	1
7343	2
7345	1
7346	1
7348	1
7349	2
7350	1
7352	1
7354	3
7355	2
7356	3
7357	2
7358	2
7359	3
7360	1
7363	1
7365	1
7368	2
7369	1
7371	1
7372	1
7373	1
7376	1
7379	1
7380	1
7384	3
7385	2
7386	1
7387	1
7388	1
7389	1
7390	3
7392	1
7393	1
7395	2
7397	1
7398	2
7399	1
7400	2
7402	1
7403	2
23787	1
7404	3
7405	1
7406	2
7407	3
7410	2
7413	2
7414	2
7416	1
7418	1
7420	2
7425	2
7426	2
7428	2
7430	1
7432	1
7434	1
7435	2
7436	1
7437	2
7440	1
7442	1
7443	4
7446	1
7447	1
7449	1
23833	1
7451	1
7453	2
7454	1
7455	1
7456	1
7458	2
7459	1
7460	1
7461	1
7464	2
7465	4
7468	3
7469	1
7470	1
7473	3
23857	1
7475	3
7476	2
7479	1
7480	1
7481	1
7482	2
7484	1
7487	3
7488	1
7489	1
7494	1
7495	2
7497	1
7498	2
7500	1
7501	1
7502	1
7503	1
7505	1
7506	1
7507	1
7508	1
7509	2
7510	1
7511	1
7512	1
7513	2
7514	1
7516	1
7517	1
7518	1
7519	1
7520	3
7522	2
7523	2
7524	1
7525	2
7526	1
7527	1
7529	2
7531	1
7532	1
7533	1
7535	1
7536	5
7537	2
7538	1
7539	1
7540	1
23924	1
7542	1
7543	1
7544	2
7547	1
7549	1
7550	2
7551	2
7552	1
7553	1
7555	1
7556	1
7559	1
7561	1
7562	1
7564	1
7567	1
7569	1
7570	2
7574	3
7575	1
7577	1
7578	2
7580	1
7581	3
7586	2
7587	1
7588	1
7590	1
7591	1
7592	2
7594	1
7596	1
7597	4
7598	2
7600	1
7601	2
7602	2
7603	1
7606	1
7607	1
7609	1
7610	1
7611	2
7616	1
7617	1
7619	1
7621	2
7624	1
7629	1
7631	2
7632	1
7636	1
7638	1
7640	1
7641	1
7644	2
7646	2
7647	1
7648	1
7652	3
7657	2
7659	2
7660	2
7661	1
7662	1
7664	1
7665	1
7668	1
7669	2
7670	1
7671	3
7673	1
7676	2
7677	2
24062	1
7680	1
7681	2
7683	1
7684	2
7686	2
7688	1
7689	3
7692	1
7693	2
7694	1
7695	2
7697	2
7699	1
7701	3
7704	1
7705	1
7706	1
7707	1
7708	2
7710	2
7713	1
7716	1
7718	1
7719	3
7720	4
7721	1
7722	4
7724	1
7727	4
7731	2
7732	1
7733	1
7734	1
7737	1
7738	1
7739	2
7740	1
7741	1
7742	1
7743	1
7745	1
7746	2
7747	1
7749	1
7751	2
7754	1
7755	1
7756	1
7757	1
7758	1
7760	3
7761	2
7762	2
7766	2
7768	3
7769	3
7770	1
7773	1
7774	2
24158	1
7779	1
7780	1
7782	1
7783	1
7784	1
7785	4
7786	2
7787	3
7788	1
7789	2
7790	2
7792	1
7794	1
7795	3
7796	1
7798	1
7799	2
24184	1
7802	2
7803	1
7805	1
7808	1
7810	1
7813	1
7817	1
7818	1
7819	1
7820	3
7822	3
7825	2
7828	2
7830	1
7832	2
24221	1
7839	2
7841	1
7843	1
7845	1
7846	2
7849	1
7850	1
7851	1
7852	2
7854	1
7855	1
24241	1
7858	2
7860	1
7861	2
7864	1
7865	2
7868	1
24253	1
7872	1
7875	1
7878	2
7879	1
7880	2
7882	1
7884	1
7885	2
7886	1
7888	2
7892	1
7893	1
7895	1
7896	2
7897	1
7900	2
7901	1
7902	1
7903	1
7904	1
7907	1
7908	1
7909	2
7913	1
7914	1
7915	1
7917	1
7918	1
7919	4
7920	1
7921	1
7922	3
7925	1
7927	1
7928	1
7929	1
7932	2
7933	1
7934	2
7935	1
7936	1
7938	1
7940	1
7941	2
7946	2
7947	2
7950	2
7955	1
7956	1
7957	1
7959	1
7960	2
7961	1
7964	1
7966	1
7967	2
7968	2
7969	2
7970	1
7971	2
7973	2
7974	2
7975	3
7979	1
7980	3
7981	2
7982	1
7985	1
7988	1
7990	1
7991	1
7992	2
7993	1
7998	1
8000	1
8002	1
8007	1
8009	3
8011	1
8016	5
8018	2
8019	1
8020	1
8021	2
8022	2
8027	1
8028	1
8029	1
8030	1
8035	1
8039	1
24425	1
8042	1
8043	4
8047	3
8048	1
8050	2
8052	3
8055	1
8056	1
8057	5
8058	1
8059	1
8060	2
8062	1
8063	1
8065	1
8066	1
8067	1
8068	2
8069	1
8071	2
8072	2
8075	1
8076	1
8079	2
8080	1
8081	1
8082	1
8084	1
8087	2
8088	1
8089	1
8091	1
8093	1
8094	1
8097	2
8099	1
8101	2
8102	1
24487	1
8104	1
8105	3
8107	1
8108	2
8111	1
8112	1
8113	1
8114	1
8116	1
8117	1
8118	2
8119	1
8120	2
8121	1
8125	1
8126	1
8127	1
8128	2
8130	1
8131	2
8138	1
8139	2
8142	1
8143	1
8148	2
8152	1
8153	1
8154	1
8155	1
8158	1
8160	1
8162	1
8163	1
8164	1
8167	1
8173	3
8177	1
8178	1
8182	1
8183	2
8184	1
8187	2
8188	1
8189	1
8190	1
8193	1
8194	1
8197	1
8198	2
8199	2
8200	3
8202	4
24589	1
8207	1
8208	1
8211	1
8213	1
8220	1
8223	1
8224	2
8227	1
8231	1
8232	1
8235	2
8236	1
8240	1
8241	1
8243	1
8244	3
8246	1
8248	1
8249	1
8251	1
8252	2
8256	1
8258	1
8260	2
8262	1
8266	1
8268	3
8269	1
8273	1
8274	1
8275	1
8276	1
8280	1
8281	2
8282	2
8283	1
8286	1
8287	1
8291	1
8292	1
8295	1
8300	1
8302	1
8306	1
8307	1
8308	1
8311	1
8312	1
8313	1
8314	1
8315	2
8320	1
8321	1
8322	2
8323	1
8324	1
8326	1
8330	1
8332	2
8334	1
8335	2
8336	1
8339	1
8340	2
8341	1
8344	1
8347	2
8349	1
8352	1
8356	1
8357	1
8358	1
8359	1
8360	1
8362	1
8364	1
8365	1
8369	1
8370	1
8373	1
8374	3
8376	1
8378	1
8379	1
8381	1
8382	3
8383	1
8384	1
8385	1
8389	2
8393	1
8394	1
8395	3
8396	1
8398	2
8399	1
8402	1
8403	1
8406	1
8408	1
8412	1
8413	3
8414	1
8416	1
8422	1
8423	1
8431	1
8432	1
8433	3
8434	1
8435	2
8436	1
8442	2
8444	1
8445	2
8450	1
8451	1
8454	1
8459	1
8460	3
8461	3
8462	2
8463	1
8465	3
8469	2
8470	1
8472	1
8473	1
8474	1
8475	1
8477	1
8479	1
8480	1
8483	1
8484	2
8485	1
8489	1
8491	1
8497	3
8499	1
8502	2
8506	1
8508	1
8509	1
8510	2
8511	1
8512	1
8514	1
8518	2
8520	2
8521	3
8526	1
8528	1
8529	1
8534	1
8536	1
8541	1
8543	2
8546	1
8547	2
8553	2
8557	1
8559	1
8563	2
8564	1
8566	1
8567	1
8570	1
8571	2
8577	1
8578	1
8579	1
8582	2
8585	1
8587	2
8588	1
8589	2
8590	1
24975	1
8591	1
8594	1
8595	1
8597	2
24982	1
8601	1
8603	1
8604	1
8609	1
8612	2
8613	3
8615	1
8617	1
8618	1
8619	1
8622	1
8623	1
8624	1
8625	1
8626	1
8633	1
8634	1
8639	2
8642	2
8644	2
8646	1
8647	1
8648	1
8649	1
8650	1
8652	1
8653	2
8656	1
8659	1
8660	1
8661	2
8664	1
8665	1
8668	1
8669	1
8670	1
8674	1
8675	1
8676	2
8679	2
8680	1
8683	1
8684	1
8685	1
8689	1
8690	1
8693	1
8695	1
8696	1
8698	2
8703	1
8704	1
8705	1
8706	1
8707	2
8708	2
8709	2
8710	1
8714	3
8716	1
8719	1
8720	2
8723	1
8725	1
8726	1
8727	1
8728	1
8729	1
8730	1
8731	2
8732	1
8734	2
8735	2
8737	2
8739	1
8740	2
8741	1
8744	1
8745	1
8746	1
8748	1
8749	2
8750	1
8751	1
8756	1
8759	3
8760	1
8761	1
8762	1
8763	1
8765	1
8767	1
8768	1
8769	1
8775	1
8779	1
8780	1
8781	1
8782	2
8783	1
8790	1
8792	1
8793	1
8795	3
8797	2
8798	3
8803	1
8804	1
8805	1
8807	1
8808	1
8811	2
8812	1
8816	1
8817	2
8821	3
8822	2
8824	1
8827	1
8832	1
8836	1
8837	1
8839	1
8846	1
8849	2
8852	1
8856	2
8860	1
8862	1
8866	1
8867	1
8868	2
8871	1
8873	2
8874	1
8875	1
8878	3
8883	1
8884	1
8886	1
8887	1
8888	1
8889	1
8893	1
8895	2
8896	1
8899	3
8900	2
8902	2
8904	1
8908	1
8913	1
8918	2
8924	1
8925	1
8929	2
8930	1
8935	1
8937	1
8939	2
8942	1
8945	1
8947	1
8949	1
8950	1
8951	1
8958	1
8960	2
8964	1
8965	1
8967	1
8975	1
8977	1
8979	2
8981	1
8983	1
8984	1
8985	2
8986	3
8988	3
8992	1
8995	2
8997	1
8998	1
8999	2
9000	2
9002	1
9003	1
9004	1
9007	2
9012	3
9014	1
9015	1
9018	1
9019	2
9022	1
9023	1
9025	1
9026	1
9027	1
9030	1
9032	1
9034	1
9039	2
9040	1
9043	2
9046	1
9051	1
9054	1
9056	1
9060	1
9061	1
9063	1
9069	1
9073	1
9078	2
9079	1
9080	1
9082	1
9083	2
9084	1
9085	1
9093	1
9107	1
9110	1
9111	1
9112	1
9114	1
9115	2
9116	1
9118	2
9121	1
9122	2
9123	1
9125	1
9127	1
9130	1
9132	1
9133	1
9134	1
9135	2
9137	1
9138	2
9141	2
9142	1
9143	1
9147	1
9148	1
9154	1
9155	1
9156	1
9159	1
9161	1
9162	1
9164	2
9168	2
9170	1
9173	2
9174	1
9178	1
9180	1
9186	1
9188	2
9190	1
9191	1
9193	1
9194	1
9198	1
9199	2
9200	1
9202	1
9205	1
9207	1
9209	2
9210	1
9212	1
9214	1
9217	1
9219	1
9223	2
9224	1
9226	2
9227	1
9228	1
9229	1
9230	1
9231	1
9234	1
9235	1
9236	1
9239	1
9240	2
9242	1
9246	1
9247	1
9250	2
9251	1
9252	1
9256	2
9257	1
9261	1
9262	1
9265	1
9271	1
9277	2
9278	1
9286	1
9287	1
9289	1
9290	2
9291	1
9292	2
9293	1
9297	1
9298	1
9299	1
9302	1
9308	2
9309	2
9311	1
9312	1
9314	1
9315	1
9318	1
9319	2
9322	1
9326	1
9327	1
9328	1
9330	1
25717	1
9335	1
9337	1
9340	1
9342	2
9344	1
9345	1
9351	2
9352	1
9356	1
9357	1
9358	1
9362	2
9364	1
9365	1
9368	1
9372	1
9373	1
9375	1
9377	1
9381	1
9382	1
9384	1
9387	3
9390	1
9394	1
9405	1
9408	1
9409	1
9414	1
9416	1
9420	1
9421	1
9422	1
9424	1
9425	1
9427	1
9429	2
9433	1
9437	3
9438	1
9441	1
9442	1
9443	1
9444	1
9445	2
9447	1
9448	1
9452	1
9454	1
9457	1
9460	1
9462	1
9476	1
9478	2
9483	2
9484	1
9485	1
9490	2
9491	1
9492	2
9495	2
9496	2
9497	2
9498	1
9501	1
9502	2
9504	2
9506	2
9508	1
9511	1
9514	1
9515	1
9518	1
9524	1
9525	1
9529	1
9530	2
9531	1
9533	2
9535	1
9540	1
9544	2
9545	1
9546	1
9548	1
9555	1
9557	1
9558	1
9559	1
9561	1
9562	1
9566	3
9568	1
9570	2
9571	1
9572	1
9573	1
9575	1
9578	1
9579	1
9595	2
9600	1
9602	1
9603	1
9606	1
9610	1
9613	2
9614	1
9615	1
9619	1
9620	2
9622	1
9631	1
9633	2
9634	1
9635	1
9636	1
9643	1
9645	1
9651	1
9652	1
9653	1
9658	1
9660	1
9664	2
9668	1
9671	1
9688	1
9692	1
9694	1
9698	1
9700	1
9702	1
9706	1
9708	1
9709	1
9711	1
9718	1
9721	1
9731	1
9732	1
9733	1
9734	1
9735	1
9737	1
9739	1
9740	1
9741	2
9742	1
9744	1
9746	1
9749	1
9752	1
9759	1
9764	1
9765	1
9767	2
9768	1
9769	1
9770	1
9772	1
9773	1
9777	2
9779	1
9782	1
9785	1
9787	1
9790	2
9794	1
9795	1
9798	2
9799	1
9803	3
9804	1
9806	1
9809	1
9823	1
9828	1
9833	2
9837	2
9846	1
9847	1
9850	1
9851	1
9859	1
9861	2
9868	1
9872	1
9877	1
9882	1
9885	2
9887	1
9893	1
9896	1
9897	1
9902	1
9904	1
9907	1
9909	1
9915	1
9917	1
9921	1
9924	1
9927	1
9928	1
9931	1
9937	1
9938	1
9943	1
9945	1
9946	1
9950	1
9955	1
9960	1
9962	1
9965	1
9971	1
9972	1
9973	1
9978	2
9982	1
9983	4
9989	3
9990	1
9995	1
9998	1
10007	2
10008	2
10009	1
10011	1
10030	1
10034	1
10040	2
10041	2
10042	1
10045	3
10058	1
10063	1
10064	1
10065	1
10067	1
10069	1
10072	3
10073	1
10074	1
10075	1
10080	1
10087	2
10089	1
10090	4
10092	1
10095	1
10100	4
10103	1
10107	2
10115	1
10121	1
10122	1
10125	2
10127	1
10128	1
10129	1
10133	1
10135	1
10136	1
10138	2
10147	1
10158	1
10163	2
10165	1
10167	1
10168	1
10174	1
10179	1
10181	1
10182	1
10183	1
10184	1
10185	1
10188	2
10198	1
10202	1
10205	1
10209	1
10216	1
10219	1
10220	1
10229	1
10242	2
10249	1
10252	1
10253	1
10257	1
10258	1
10260	1
10262	1
10272	1
10276	2
10279	1
10280	1
10283	2
10285	1
10286	1
10287	1
10290	1
10291	1
10294	1
10298	1
10299	1
10303	1
10316	1
10317	1
10318	1
10321	2
10323	1
10326	2
10327	1
10330	1
10335	1
10337	1
10339	1
10340	3
10343	1
10344	1
10345	1
10346	2
10349	1
10353	1
10355	1
10363	2
10364	1
10366	1
10368	1
10374	1
10378	1
10382	1
10385	1
10389	1
10402	2
10404	1
10408	3
10421	2
10424	2
10428	1
10436	1
10440	1
10441	1
10445	1
10446	1
10453	1
10456	1
10457	1
10465	2
10466	1
10467	1
10469	1
10475	2
10479	1
10480	1
10481	1
10482	1
10483	2
10485	1
10486	1
10487	1
10501	1
10503	1
10504	1
10514	1
10517	1
10518	1
10522	1
10527	1
10544	1
10557	2
10559	1
10565	1
10570	1
10578	1
10582	1
10584	1
10586	1
10589	1
10590	2
10591	1
10592	1
10595	1
10603	2
10608	1
10609	2
10616	1
10618	1
10622	2
10627	2
10630	2
10632	1
10633	2
10634	1
10637	1
10647	1
10649	1
10651	1
10653	1
10655	1
10656	1
10660	1
10661	1
10662	1
10665	1
10666	2
10668	2
10672	2
10680	2
10691	1
10692	1
10694	1
10696	2
10698	2
10699	1
10703	1
10705	1
10707	1
10712	1
10719	1
10724	1
10725	1
10727	2
10732	2
10735	1
10750	2
10757	1
10760	1
10771	1
10773	1
10778	1
10780	1
10787	1
10793	1
10796	1
10800	2
10802	1
10805	1
10806	1
10815	2
10820	1
10826	1
10827	1
10828	1
10829	1
10831	3
10832	1
10833	1
10838	1
10839	1
10844	1
10850	1
10854	1
10856	1
10867	1
10872	1
10880	1
10885	1
10887	1
10889	1
10895	2
10896	1
10900	1
10904	1
10905	1
10906	1
10908	1
10909	2
10914	1
10924	2
10928	1
10935	1
10941	1
10944	1
10948	1
10949	1
10950	1
10953	1
10958	1
10964	2
10974	1
10977	1
10985	1
10989	2
10991	1
11002	1
11004	1
11007	1
11024	1
11030	1
11034	3
11035	1
11037	1
11040	1
11048	1
11051	1
11055	1
11061	1
11074	1
11081	2
11085	1
11087	1
11098	1
11100	1
11108	1
11111	1
11115	2
11118	1
11120	1
11127	1
11129	1
11131	1
11134	1
11135	1
11138	1
11141	1
11144	1
11145	1
11149	1
11150	1
11153	1
11155	1
11166	1
11167	1
11172	1
11173	1
11177	1
11179	1
11180	2
11183	1
11186	1
11192	1
11196	1
11198	1
11200	1
11205	1
11206	1
11207	1
11208	1
11217	1
11219	1
11226	1
11231	1
11234	1
11236	1
11237	2
11242	1
11247	1
11252	1
11253	1
11255	1
11260	1
11266	1
11269	1
11271	1
11275	1
11276	1
11280	1
11299	1
11300	1
11307	1
11308	2
11315	2
11320	1
11322	2
11325	1
11328	2
11333	1
11337	1
11339	1
11344	1
11345	1
11346	1
11352	1
11354	1
11357	1
11360	1
11361	1
11362	1
11366	1
11370	1
11376	1
11379	1
11382	1
11392	1
11393	1
11410	1
11415	1
11423	1
11431	1
11432	1
11439	1
11445	1
11446	1
11447	1
11455	2
11468	1
11475	1
11482	1
11484	1
11485	3
11489	1
11493	1
11501	1
11502	2
11505	1
11509	1
11510	1
11513	1
11515	1
11516	1
11521	1
11522	1
11525	1
11529	1
11537	1
11545	1
11550	1
11551	1
11554	1
11555	1
11557	1
11563	1
11565	1
11567	1
11573	1
11576	1
11582	1
11583	1
11590	2
11595	2
11605	1
11606	1
11608	1
11612	1
11617	1
11620	2
11621	1
11626	2
11627	1
11633	1
11641	1
11646	1
11649	1
11656	1
11660	2
11673	1
11676	1
11679	1
11685	1
11691	1
11699	1
11714	1
11716	1
11726	1
11746	1
11748	1
11758	1
11762	1
11763	1
11770	1
11778	2
11780	1
11787	1
11790	2
11794	1
11798	1
11800	1
11803	1
11807	1
11821	1
11828	1
11834	1
11847	1
11849	1
11850	1
11851	1
11856	1
11859	1
11860	2
11861	1
11863	1
11866	2
11880	1
11885	1
11889	1
11893	2
11899	1
11900	1
11906	1
11908	1
11925	1
11940	1
11944	1
11946	1
11950	1
11964	1
11972	1
11983	1
11989	1
11990	1
11997	1
12016	1
12019	1
12020	1
12028	1
12033	1
12055	1
12058	1
12075	1
12087	1
12094	1
12098	1
12104	1
12107	1
12113	1
12115	1
12128	1
12141	1
12145	1
12147	2
12148	2
12162	1
12164	1
12168	1
12170	1
12180	1
12182	1
12187	1
12203	1
12206	1
12217	1
12228	1
12232	1
12235	2
12240	1
12248	1
12259	1
12260	1
12277	1
12279	1
12289	1
12301	1
12303	1
12305	1
12308	2
12316	1
12320	1
12323	1
12325	1
12330	1
12331	1
12335	1
12339	1
12340	1
12342	1
12348	1
12354	1
12362	1
12363	1
12364	1
12369	1
12378	2
12381	1
12384	1
12390	1
12395	1
12406	1
12412	1
12419	1
12434	1
12443	1
12448	1
12450	1
12452	1
12459	1
12463	1
12467	1
12469	1
12472	1
12503	1
12505	1
12511	1
12514	2
12518	1
12520	1
12523	1
12525	1
12528	1
12529	1
12533	2
12536	1
12537	1
12543	1
12559	1
12573	1
12575	1
12576	2
12578	1
12582	1
12589	1
12592	1
12597	2
12614	1
12616	1
12622	1
12624	1
12628	1
12630	1
12632	1
12635	2
12660	1
12663	2
12666	1
12668	1
12674	2
12686	1
12687	1
12689	1
12691	2
12694	1
12696	1
12697	1
12703	1
12705	1
12722	1
12723	2
12734	1
12736	1
12737	1
12744	1
12751	1
12755	1
12760	1
12772	1
12782	1
12783	1
12786	1
12787	1
12793	1
12795	1
12796	1
12802	1
12805	1
12807	1
12809	1
12811	1
12817	1
12819	1
12820	1
12823	1
12830	1
12844	1
12847	1
12851	2
12854	1
12856	2
12859	1
12861	2
12866	1
12870	1
12879	1
12881	1
12887	1
12894	1
12903	1
12912	1
12915	1
12916	1
12917	1
12931	1
12938	1
12943	1
12952	1
12954	1
12959	2
12962	1
12986	1
13003	1
13006	1
13010	1
13013	1
13015	1
13017	1
13032	1
13034	1
13036	1
13052	1
13053	1
13060	1
13065	1
13070	2
13072	1
13080	1
13090	1
13096	1
13101	1
13107	1
13109	1
13111	1
13116	1
13131	1
13135	2
13136	1
13141	1
13145	1
13158	2
13175	1
13178	1
13179	1
13182	1
13202	1
13211	1
13217	2
13221	1
13232	1
13236	1
13241	1
13250	1
13265	1
13289	1
13297	1
13316	1
13317	1
13323	2
13339	1
13343	1
13349	1
13351	1
13353	1
13360	2
13362	1
13367	1
13371	1
13372	1
13373	1
13384	1
13388	1
13399	2
13404	1
13406	1
13408	1
13415	1
13416	1
13422	1
13432	1
13440	1
13442	1
13444	1
13447	1
13448	1
13452	2
13462	1
13466	1
13467	1
13470	1
13485	1
13487	1
13491	1
13496	1
13505	1
13512	1
13514	1
13519	1
13521	2
13524	1
13539	1
13540	1
13548	1
13549	1
13553	2
13559	1
13561	1
13564	1
13569	1
13571	1
13578	1
13579	1
13580	1
13588	1
13605	1
13616	1
13617	1
13622	1
13623	1
13624	1
13633	1
13635	1
13643	1
13654	1
13661	1
13662	1
13665	1
13668	1
13672	1
13673	1
13677	1
13691	1
13693	1
13701	1
13702	1
13707	2
13713	1
13719	1
13732	1
13733	1
13734	1
13736	1
13739	1
13744	2
13747	1
13748	1
13754	1
13757	1
13767	1
13769	2
13772	1
13784	1
13789	1
13802	2
13819	1
13824	1
13837	2
13841	2
13845	1
13847	1
13848	1
13861	1
13868	1
13869	1
13874	1
13879	1
13880	1
13886	1
13887	1
13888	1
13897	1
13898	1
13904	1
13906	1
13925	1
13932	1
13934	1
13943	1
13954	1
13955	1
13962	1
13982	1
13995	1
13998	1
13999	1
14000	1
14027	1
14032	2
14038	2
14054	1
14060	1
14077	2
14083	1
14084	1
14085	1
14089	1
14090	1
14104	1
14110	1
14112	1
14117	1
14119	1
14120	1
14123	1
14131	1
14132	1
14149	1
14152	1
14157	1
14159	1
14181	1
14184	1
14187	1
14190	1
14191	1
14197	1
14203	1
14205	1
14208	1
14210	1
14214	1
14216	1
14218	1
14220	1
14222	1
14233	1
14239	1
14242	1
14247	1
14249	1
14250	1
14251	1
14256	3
14259	1
14267	1
14279	1
14285	2
14290	1
14295	1
14298	1
14301	1
14303	1
14324	1
14328	1
14332	1
14337	1
14341	1
14343	1
14348	1
14356	1
14362	1
14363	1
14370	1
14371	1
14374	2
14375	1
14386	1
14391	1
14393	1
14400	1
14401	1
14404	1
14417	1
14419	1
14421	1
14425	1
14427	1
14429	1
14433	2
14445	1
14456	2
14461	1
14470	1
14476	1
14478	1
14483	1
14492	1
14508	1
14509	1
14522	2
14525	1
14532	2
14539	2
14541	1
14543	1
14544	1
14551	1
14559	1
14573	1
14576	1
14582	2
14586	1
14592	1
14598	1
14610	2
14618	1
14628	1
14637	1
14641	1
14643	1
14648	1
14651	1
14660	1
14672	1
14674	2
14679	1
14680	1
14684	1
14695	1
14701	1
14712	1
14723	1
14727	1
14728	1
14736	1
14746	1
14765	1
14773	1
14775	1
14776	1
14790	1
14800	1
14816	1
14817	1
14835	2
14839	1
14841	1
14842	1
14843	1
14844	1
14861	1
14865	1
14874	1
14880	1
14881	2
14883	1
14886	1
14897	1
14902	1
14911	1
14913	1
14914	1
14921	1
14931	1
14942	1
14945	1
14951	1
14961	1
14969	1
14970	1
14972	1
14977	1
14990	1
14993	1
14996	1
15015	1
15017	1
15019	1
15021	1
15027	1
15032	1
15045	2
15048	1
15051	1
15055	1
15059	1
15062	1
15063	2
15069	1
15074	1
15087	1
15089	1
15102	1
15104	1
15118	1
15120	1
15132	2
15133	2
15136	1
15141	1
15142	1
15144	1
15145	1
15147	1
15149	1
15164	2
15174	1
15190	1
15210	1
15217	2
15218	1
15229	1
15231	1
15239	1
15246	1
15253	1
15257	1
15261	1
15262	1
15295	1
15296	2
15304	1
15316	1
15318	1
15340	1
15348	1
15352	1
15356	1
15360	1
15368	1
15392	1
15394	2
15399	1
15405	1
15411	1
15418	1
15419	1
15435	1
15439	1
15441	1
15442	1
15445	1
15447	1
15462	1
15473	1
15477	1
15494	1
15495	1
15497	1
15500	1
15502	1
15506	1
15508	1
15519	1
15520	1
15540	2
15550	1
15555	1
15578	1
15611	1
15620	1
15636	1
15663	1
15668	1
15671	1
15688	1
15693	1
15704	2
15707	1
15717	1
15737	1
15752	1
15756	1
15764	2
15772	1
15774	1
15776	1
15777	1
15798	1
15809	1
15813	1
15822	1
15823	1
15834	1
15838	2
15839	1
15843	1
15848	1
15853	1
15854	1
15863	1
15866	1
15870	1
15874	1
15880	1
15888	1
15903	1
15917	1
15923	1
15947	1
15956	1
15960	2
15970	1
15991	1
15992	1
15994	2
16011	2
16014	1
16022	1
16026	1
16030	1
16033	1
16040	2
16045	1
16048	1
16053	1
16057	1
16067	1
16076	1
16077	2
16079	1
16087	1
16096	1
16113	1
16117	1
16131	1
16156	1
16159	1
16163	1
16165	1
16170	1
16174	1
16175	1
16178	1
16181	1
16187	2
16191	1
16198	1
16199	1
16207	1
16247	1
16258	1
16280	2
16291	1
16297	1
16326	1
16336	1
16353	1
16357	1
16372	1
16373	1
16376	1
16378	1
