1	13
2	6
3	6
4	4
5	5
6	2
7	3
8	12
16392	1
9	8
10	11
11	9
12	12
13	5
14	7
15	11
16	12
17	11
18	20
19	12
20	13
21	10
16405	1
22	9
23	7
24	8
25	9
26	11
27	6
28	7
29	8
30	10
31	7
32	6
33	14
34	11
35	5
36	9
37	10
38	6
39	7
40	3
41	10
42	11
43	4
44	7
45	5
46	7
47	7
48	5
49	10
50	3
51	8
52	6
53	7
54	6
55	7
56	6
16440	1
57	6
58	6
59	9
60	4
61	1
62	7
63	14
64	4
16448	1
65	7
66	5
67	3
68	8
69	5
70	5
71	9
72	7
73	5
74	12
75	8
76	5
77	9
16461	1
78	7
79	6
80	9
81	3
82	8
83	4
84	6
85	9
86	9
87	3
88	1
89	13
90	11
91	6
92	7
93	15
94	13
16478	1
95	12
96	4
97	9
16481	1
98	6
99	8
100	5
101	8
102	8
103	7
104	12
105	4
106	3
107	9
108	6
109	11
110	6
111	4
112	6
113	12
114	8
115	12
116	5
117	8
118	4
119	9
120	5
121	11
122	6
123	14
16508	1
124	13
125	9
126	6
16510	1
127	8
128	10
129	9
130	13
131	7
132	12
133	13
134	12
135	10
136	9
137	9
138	5
139	6
140	12
141	14
142	13
143	6
144	11
145	4
146	7
147	9
148	11
149	14
150	8
151	10
152	14
16536	1
153	12
154	6
155	5
156	13
157	8
158	7
159	6
160	11
161	11
162	4
163	11
164	10
165	6
166	10
16550	1
167	8
168	7
169	14
170	11
171	6
16555	1
172	9
173	11
174	9
175	8
176	7
177	10
178	17
179	15
180	4
181	10
182	5
183	8
16567	1
184	4
185	14
186	14
187	6
188	7
16572	1
189	9
190	9
191	6
192	9
193	9
194	7
195	11
196	5
197	12
198	5
199	13
200	10
201	13
16585	1
202	8
203	8
204	8
205	12
206	11
207	7
208	13
209	5
210	3
211	12
212	10
213	7
214	6
16598	1
215	13
216	8
217	7
16601	1
218	10
219	10
220	5
221	9
222	8
223	10
224	8
225	14
226	7
16610	1
227	11
228	11
229	9
230	10
231	8
232	8
233	8
234	10
235	9
236	8
237	7
238	8
239	8
240	9
241	7
242	10
243	7
244	5
245	10
16629	1
246	9
247	12
248	4
249	9
250	8
251	10
252	7
253	5
254	10
255	4
256	4
257	5
16641	1
258	5
259	8
260	11
261	13
262	9
16646	1
263	8
264	5
265	14
16649	1
266	7
267	12
268	7
269	4
270	10
271	6
272	10
273	14
274	7
275	7
276	5
277	9
278	9
279	6
280	6
281	12
16665	1
282	13
283	10
284	7
285	11
286	6
287	9
288	7
289	11
290	11
291	6
292	17
293	9
294	10
295	6
296	10
297	10
298	9
299	8
300	9
301	10
302	8
303	12
304	12
305	7
306	4
307	10
308	6
309	10
310	9
311	11
312	15
313	8
314	15
315	6
316	8
317	5
318	12
319	4
320	11
321	5
16705	1
322	9
323	8
324	6
325	10
326	12
327	8
328	16
329	7
330	12
331	8
332	6
333	8
334	9
335	5
336	12
16720	1
337	9
338	7
339	9
340	10
341	10
16725	1
342	5
343	7
344	3
345	8
346	5
347	7
348	4
16732	1
349	11
16733	1
350	4
351	10
16735	1
352	11
353	3
354	9
355	8
356	7
357	5
358	7
359	7
360	8
361	12
362	8
16746	1
363	9
364	13
365	6
16749	1
366	6
367	10
368	9
369	10
370	6
371	7
372	10
373	10
374	10
375	6
376	8
377	18
378	4
379	5
380	7
381	6
382	7
16767	1
383	9
384	9
385	6
386	13
387	10
388	13
389	15
390	6
391	14
392	9
393	10
394	7
395	9
396	11
397	7
398	3
399	6
400	8
401	11
402	10
403	4
404	8
405	7
406	7
407	11
408	9
409	7
410	10
411	11
412	4
413	7
414	5
415	5
416	7
417	7
418	2
419	6
420	7
421	10
422	7
423	7
424	5
425	9
426	7
427	14
428	9
429	5
16813	1
430	12
431	10
432	8
433	7
434	10
435	3
436	9
437	7
438	9
439	4
440	9
441	6
442	5
443	7
444	6
445	14
446	4
447	13
448	6
449	6
450	10
451	13
452	7
453	11
454	8
455	13
456	6
457	10
458	14
459	10
460	13
461	8
462	5
463	4
464	7
465	7
466	6
467	8
468	8
469	8
470	4
471	7
472	12
473	6
474	9
475	7
476	13
477	5
478	5
479	15
480	5
481	5
482	6
483	11
16867	1
484	9
485	13
486	13
487	10
488	6
489	6
490	6
491	16
492	5
493	7
494	8
495	10
496	8
497	2
498	8
499	11
16883	1
500	7
501	10
502	8
503	14
504	10
505	6
16890	1
506	8
507	8
508	10
509	5
510	6
511	11
512	9
513	6
514	6
515	10
516	7
517	3
518	7
519	11
520	7
521	11
522	11
523	11
524	5
525	9
526	10
527	9
528	10
529	7
530	4
531	9
532	5
533	8
534	11
535	11
536	12
16920	1
537	4
16921	2
538	6
539	10
540	4
541	7
16925	1
542	3
543	5
544	5
545	10
546	3
547	13
548	11
549	9
550	10
551	9
552	11
553	10
554	11
555	12
556	9
557	5
558	7
559	5
560	8
561	10
562	5
563	7
564	6
565	11
566	10
567	8
568	11
569	10
570	3
571	5
572	12
573	11
574	9
575	7
576	11
577	11
578	6
579	10
580	6
581	8
582	4
583	3
584	3
585	5
586	9
587	10
588	8
589	8
590	6
591	11
592	8
593	10
594	10
595	9
596	4
597	5
598	15
599	8
600	4
601	7
16985	1
602	7
603	7
604	5
605	12
606	11
607	8
608	11
609	10
610	8
611	12
612	6
613	9
614	8
615	6
616	6
617	11
618	8
17002	1
619	8
17004	1
620	4
621	12
622	6
623	7
624	7
625	5
626	6
627	8
628	9
629	8
630	12
631	8
632	11
633	7
634	9
635	8
636	14
637	4
638	13
639	7
640	9
641	2
642	9
643	6
644	5
645	7
646	8
647	10
648	9
17032	1
649	8
650	9
651	12
652	4
653	7
654	14
655	4
17039	1
656	5
17040	1
657	5
658	6
659	8
660	5
661	7
662	4
663	11
664	8
665	13
17049	1
666	6
667	13
668	13
669	10
670	16
671	8
672	7
673	7
674	8
675	10
676	6
677	10
678	11
679	8
680	11
17064	1
681	10
682	10
683	4
684	5
685	8
686	10
687	11
688	7
689	6
690	13
691	11
692	7
693	3
694	3
695	12
696	11
697	9
698	11
699	13
700	9
701	8
17085	1
702	8
703	9
704	5
705	13
706	9
17090	1
707	9
708	9
709	5
710	2
711	10
712	10
713	6
714	5
715	9
716	9
717	13
718	8
719	7
720	7
721	5
17105	1
722	7
723	10
724	10
725	9
726	11
17111	1
727	7
728	8
729	3
730	6
17114	1
731	9
732	5
733	9
734	11
735	15
736	7
737	3
17121	1
738	10
739	4
740	9
741	5
742	13
743	6
744	8
745	9
746	10
747	8
748	9
749	4
750	3
751	1
17135	1
752	10
753	13
754	4
755	5
756	3
757	7
758	6
759	16
760	6
761	7
762	14
17147	1
763	7
764	9
765	7
766	8
767	12
768	5
769	10
770	8
771	9
772	9
773	7
774	9
775	7
776	10
17160	1
777	11
17162	1
778	2
779	13
780	11
781	10
782	11
783	12
784	10
785	4
786	14
787	8
17171	1
788	11
789	11
790	10
17174	1
791	6
792	14
793	8
17177	1
794	6
795	10
17179	1
796	7
797	4
798	5
799	12
800	9
801	11
802	9
803	4
804	11
805	9
806	10
807	11
808	2
809	6
810	9
811	7
812	9
813	7
814	9
815	8
816	8
817	6
818	8
819	9
820	12
821	6
822	12
823	4
824	13
825	11
826	10
827	4
828	11
829	16
830	8
831	11
832	12
833	9
834	10
835	3
836	9
837	7
838	3
839	5
840	13
841	10
842	10
843	9
844	8
845	3
846	4
847	12
848	6
849	6
850	11
851	8
852	8
853	8
854	2
855	9
856	12
857	10
858	7
859	10
860	7
861	6
862	6
863	16
864	10
865	11
866	13
867	11
868	4
869	3
870	15
17255	1
871	12
872	13
873	11
874	10
875	8
876	5
877	11
878	5
879	7
880	10
881	17
882	7
883	7
884	10
885	13
886	6
887	11
888	11
889	5
890	5
17274	1
891	5
892	6
893	4
894	5
895	7
896	6
897	5
898	6
899	15
900	6
901	9
902	8
903	8
904	9
905	6
906	8
907	4
908	7
909	8
910	10
911	4
912	5
913	6
914	10
915	10
916	9
917	13
918	7
919	13
920	7
921	8
922	7
923	8
924	8
17308	1
925	7
926	4
927	10
17311	1
928	9
929	7
930	4
931	7
932	4
933	7
934	8
935	7
936	11
937	13
938	10
17323	1
939	4
940	5
941	9
942	12
17326	1
943	9
944	10
17328	1
945	8
946	8
947	12
948	7
949	10
950	6
951	4
952	12
953	8
954	6
955	10
956	8
17340	1
957	13
958	7
959	4
960	11
961	9
962	3
17347	1
963	5
964	7
17348	1
965	7
966	8
967	5
968	11
969	12
970	10
971	12
972	8
973	6
974	7
975	11
17359	1
976	8
977	6
978	9
979	4
980	10
981	7
982	9
983	7
17367	1
984	13
985	5
986	9
987	12
988	6
989	9
990	8
991	10
992	5
993	10
994	17
17379	1
995	9
996	13
997	10
998	8
999	12
1000	8
1001	11
1002	4
1003	12
1004	11
17388	1
1005	17
1006	6
1007	10
1008	16
1009	7
17393	1
1010	8
1011	11
1012	3
1013	9
1014	9
1015	7
1016	4
1017	7
1018	9
1019	7
1020	9
1021	8
1022	12
1023	14
1024	8
1025	18
1026	11
1027	9
1028	5
1029	11
1030	8
1031	10
1032	4
1033	11
1034	8
1035	7
1036	11
1037	7
1038	6
17423	2
1039	12
1040	7
17424	1
1041	13
1042	10
1043	11
1044	6
1045	10
1046	4
17430	1
1047	8
1048	11
1049	10
1050	9
1051	10
1052	8
1053	4
1054	6
1055	5
1056	6
1057	15
1058	6
1059	11
1060	9
1061	7
1062	7
1063	9
17447	1
1064	7
1065	8
1066	6
1067	5
1068	10
1069	6
1070	12
1071	8
1072	4
1073	8
1074	9
1075	6
1076	8
1077	9
1078	13
1079	9
1080	10
17464	1
1081	12
1082	6
1083	7
1084	3
17468	1
1085	5
1086	7
1087	9
1088	11
17472	1
1089	10
1090	8
1091	9
1092	11
1093	10
17477	1
1094	8
1095	4
1096	8
1097	6
1098	14
1099	13
1100	5
1101	5
1102	8
1103	7
1104	5
1105	10
1106	7
1107	10
1108	6
1109	11
1110	7
1111	8
1112	9
1113	7
1114	8
17498	1
1115	9
1116	14
1117	5
1118	7
1119	6
1120	3
1121	10
1122	11
1123	10
1124	5
1125	10
1126	3
1127	8
1128	8
1129	7
1130	9
1131	9
1132	10
1133	11
1134	13
1135	11
1136	6
1137	15
1138	6
1139	9
1140	4
1141	14
1142	7
1143	9
1144	6
1145	7
1146	5
1147	10
1148	13
1149	8
17533	1
1150	11
1151	7
1152	9
1153	5
1154	14
1155	5
1156	7
1157	13
1158	6
1159	7
1160	9
1161	12
1162	7
1163	5
1164	6
1165	7
17549	1
1166	3
17550	1
1167	5
1168	10
17552	1
1169	5
17553	1
1170	6
1171	8
1172	6
1173	6
1174	8
1175	7
1176	6
1177	11
1178	8
1179	5
1180	6
1181	9
1182	4
1183	10
1184	10
1185	11
1186	7
1187	15
1188	4
1189	6
1190	4
1191	9
1192	12
1193	11
1194	4
1195	8
1196	6
1197	5
1198	5
1199	6
1200	9
1201	5
1202	11
1203	6
1204	10
1205	7
17589	1
1206	11
1207	12
1208	8
1209	11
1210	9
1211	14
1212	7
1213	8
1214	4
1215	3
1216	7
1217	8
1218	11
1219	9
1220	12
1221	7
1222	8
17606	2
1223	7
1224	7
1225	7
1226	10
1227	4
1228	10
17612	1
1229	10
1230	4
1231	13
1232	8
1233	8
1234	11
1235	8
17619	1
1236	9
1237	2
1238	7
17622	1
1239	7
1240	8
1241	5
1242	5
1243	7
1244	11
1245	13
1246	11
1247	6
1248	8
1249	9
1250	4
1251	5
1252	7
1253	7
17637	1
1254	7
1255	10
1256	12
17640	1
1257	11
1258	7
1259	9
1260	10
1261	7
1262	15
1263	12
1264	7
1265	9
1266	5
1267	9
1268	12
1269	5
1270	10
1271	7
1272	4
17656	1
1273	8
1274	3
1275	9
1276	9
1277	7
1278	12
1279	5
1280	4
1281	10
1282	9
17666	1
1283	7
17667	1
1284	5
1285	5
17669	1
1286	11
1287	8
1288	3
17672	2
1289	13
1290	11
1291	6
1292	7
1293	11
1294	7
1295	9
1296	5
17680	1
1297	3
1298	9
1299	9
1300	4
1301	13
1302	9
1303	9
1304	7
1305	3
1306	5
1307	4
1308	8
1309	9
1310	8
1311	9
1312	11
1313	9
1314	9
1315	8
1316	6
1317	13
1318	9
1319	12
1320	14
1321	6
1322	12
1323	12
1324	12
17708	1
1325	7
1326	5
1327	10
1328	14
1329	9
1330	8
1331	10
1332	11
1333	6
17717	1
1334	6
1335	8
1336	8
1337	11
1338	6
1339	7
17723	1
1340	3
1341	5
1342	6
1343	13
1344	7
1345	7
1346	8
1347	4
1348	11
1349	7
1350	5
1351	8
1352	3
1353	14
1354	10
1355	6
1356	8
1357	10
1358	7
1359	9
1360	8
1361	9
1362	12
1363	10
1364	6
1365	11
1366	8
1367	12
1368	8
1369	5
1370	8
1371	8
17755	1
1372	15
1373	4
1374	8
1375	9
1376	10
1377	10
17761	1
1378	9
1379	8
1380	9
1381	8
17765	1
1382	6
1383	8
1384	9
1385	8
1386	10
1387	6
1388	6
1389	3
1390	9
1391	11
1392	11
1393	7
1394	12
1395	7
1396	10
1397	5
1398	11
1399	10
1400	7
1401	10
1402	9
1403	4
1404	5
1405	6
17789	1
1406	2
1407	6
1408	7
1409	4
1410	7
1411	9
1412	13
1413	10
1414	15
1415	6
1416	6
1417	8
1418	8
1419	8
1420	7
17804	1
1421	6
1422	7
1423	9
1424	14
1425	7
1426	8
1427	9
1428	5
1429	6
1430	5
17814	1
1431	5
1432	6
1433	10
1434	13
1435	10
1436	7
1437	7
1438	6
1439	7
1440	12
1441	8
1442	6
1443	9
1444	4
1445	7
1446	15
1447	6
1448	9
1449	7
1450	12
1451	12
1452	5
1453	7
1454	4
1455	10
1456	9
1457	7
1458	10
1459	6
1460	6
1461	10
1462	6
17846	1
1463	10
17847	1
1464	4
1465	9
1466	7
1467	12
1468	8
1469	5
1470	5
1471	6
1472	7
1473	5
1474	10
1475	6
1476	10
1477	8
1478	9
1479	10
1480	3
1481	2
1482	13
1483	11
17867	1
1484	6
1485	7
1486	10
1487	4
1488	9
1489	10
17874	1
1490	9
1491	8
1492	6
1493	8
1494	11
1495	10
1496	3
1497	7
1498	3
1499	6
17883	1
1500	16
1501	11
1502	8
1503	12
1504	10
17888	1
1505	10
1506	10
1507	7
1508	8
1509	6
1510	10
1511	6
1512	7
1513	13
1514	8
1515	13
1516	10
17900	1
1517	7
1518	11
1519	10
1520	7
1521	8
1522	6
1523	11
1524	9
1525	5
1526	7
1527	10
1528	5
1529	8
1530	5
1531	6
1532	17
17916	1
1533	3
1534	6
1535	9
1536	6
1537	10
1538	7
1539	7
1540	4
1541	11
1542	10
1543	2
1544	8
1545	8
1546	12
17930	1
1547	13
1548	7
1549	9
1550	6
1551	13
1552	5
1553	8
1554	5
1555	10
1556	11
1557	9
1558	7
1559	4
1560	12
1561	7
1562	13
1563	8
1564	3
1565	15
1566	5
1567	9
1568	8
17952	1
1569	15
1570	12
1571	4
1572	8
1573	5
1574	7
1575	2
1576	10
1577	6
1578	6
1579	9
1580	8
1581	6
1582	8
1583	8
1584	6
17968	1
1585	4
1586	6
1587	5
1588	10
17972	1
1589	7
1590	14
1591	4
1592	6
1593	10
1594	9
1595	4
1596	9
1597	7
1598	12
1599	4
1600	6
1601	4
1602	3
1603	8
1604	8
1605	10
1606	7
1607	8
1608	6
1609	7
1610	12
17994	1
1611	8
1612	14
1613	8
1614	7
1615	11
1616	4
1617	4
1618	4
18002	1
1619	10
1620	6
1621	9
1622	5
18007	1
1623	5
1624	7
1625	9
1626	4
1627	8
1628	7
1629	8
1630	4
1631	8
1632	7
1633	4
1634	7
1635	7
1636	6
1637	12
1638	10
1639	7
1640	7
1641	7
1642	7
1643	8
1644	6
1645	7
1646	2
1647	11
1648	9
1649	7
1650	12
1651	2
18035	1
1652	4
1653	6
1654	8
1655	7
1656	7
1657	3
1658	3
1659	10
1660	8
1661	5
1662	10
1663	5
1664	4
1665	4
1666	9
1667	7
1668	7
1669	7
1670	8
1671	7
1672	8
1673	7
1674	4
1675	11
1676	6
1677	11
1678	6
1679	11
18063	1
1680	8
1681	5
1682	7
1683	8
1684	8
1685	11
1686	7
1687	9
1688	6
1689	3
1690	9
1691	10
1692	6
1693	6
1694	1
18078	1
1695	7
1696	7
1697	8
1698	10
1699	7
1700	5
1701	10
1702	8
1703	8
1704	6
1705	1
1706	9
1707	5
1708	5
1709	9
1710	10
1711	11
1712	7
1713	8
1714	4
1715	7
1716	7
1717	6
1718	8
1719	5
18103	1
1720	10
1721	5
1722	5
1723	13
1724	6
1725	4
1726	4
1727	7
1728	9
1729	4
1730	5
1731	6
1732	5
1733	3
1734	3
1735	4
1736	8
1737	7
1738	9
1739	6
1740	7
1741	9
1742	3
1743	6
18127	1
1744	6
1745	10
1746	10
1747	13
1748	5
1749	9
1750	12
1751	2
1752	8
1753	6
1754	4
1755	7
1756	4
1757	10
1758	12
1759	9
1760	9
1761	7
1762	5
1763	7
1764	8
1765	10
1766	10
1767	13
1768	6
1769	9
1770	8
1771	4
1772	7
1773	3
1774	6
1775	6
1776	9
18160	1
1777	4
1778	4
1779	7
1780	8
1781	4
1782	7
1783	6
1784	7
1785	8
1786	7
1787	8
1788	8
18172	1
1789	11
1790	8
1791	8
18175	1
1792	10
1793	8
1794	8
1795	9
1796	6
1797	3
1798	3
1799	9
1800	9
1801	7
1802	3
1803	7
1804	4
18188	1
1805	7
1806	10
1807	7
1808	9
1809	8
1810	2
1811	7
1812	5
1813	12
1814	7
1815	10
1816	2
1817	11
1818	5
1819	8
1820	7
1821	9
1822	4
1823	6
18208	1
1824	9
1825	10
1826	4
1827	10
1828	13
1829	9
1830	7
1831	9
1832	9
1833	7
1834	9
1835	5
1836	4
18220	1
1837	5
1838	8
1839	6
1840	9
1841	5
1842	8
1843	5
18227	1
1844	2
1845	5
1846	8
1847	6
1848	7
1849	7
1850	5
1851	3
1852	10
1853	10
1854	8
1855	9
1856	9
1857	8
1858	9
1859	4
1860	5
1861	6
1862	6
1863	6
1864	6
1865	2
1866	3
1867	7
1868	9
1869	8
1870	6
1871	3
1872	5
1873	6
1874	8
1875	6
18259	1
1876	6
1877	6
1878	9
1879	5
1880	3
1881	9
1882	7
1883	5
1884	2
1885	5
1886	8
1887	4
1888	6
1889	8
1890	7
1891	6
1892	6
1893	9
1894	7
1895	10
1896	4
18280	1
1897	10
1898	7
1899	8
1900	6
18284	1
1901	5
1902	6
1903	7
1904	5
1905	5
1906	9
1907	7
18291	1
1908	11
1909	6
1910	5
1911	8
1912	4
1913	9
1914	4
1915	5
1916	10
1917	11
1918	4
1919	5
1920	3
1921	9
1922	5
1923	6
1924	4
1925	8
1926	11
1927	8
1928	5
1929	3
1930	4
1931	8
18316	1
1932	9
1933	4
1934	10
1935	4
1936	6
1937	4
1938	5
1939	7
1940	4
1941	7
1942	6
1943	7
1944	8
1945	8
1946	4
1947	5
1948	6
1949	4
1950	4
1951	1
1952	6
18336	1
1953	7
1954	2
1955	7
1956	7
1957	1
18341	1
1958	4
1959	8
18343	1
1960	6
1961	11
1962	6
1963	8
1964	8
1965	1
1966	2
1967	8
1968	7
1969	5
1970	4
1971	8
1972	5
1973	1
1974	6
1975	5
1976	4
1977	3
1978	3
18362	1
1979	17
1980	5
1981	6
18365	2
1982	9
1983	4
1984	6
1985	10
1986	9
1987	3
1988	2
1989	8
1990	4
1991	5
1992	7
1993	4
1994	4
1995	4
1996	9
1997	7
1998	7
1999	7
2000	6
2001	6
2002	9
2003	4
2004	7
2005	6
2006	6
2007	5
2008	5
2009	2
2010	7
2011	6
2012	2
2013	8
2014	5
2015	7
2016	6
18400	1
2017	3
2018	5
2019	4
2020	5
2021	5
2022	2
2023	12
2024	5
2025	10
2026	5
2027	9
2028	7
2029	8
2030	3
2031	5
2032	3
2033	7
2034	9
2035	8
2036	6
2037	8
2038	5
2039	5
2040	8
2041	5
2042	5
2043	3
2044	6
2045	10
2046	5
2047	4
2048	4
2049	8
2050	2
2051	5
2052	5
2053	9
2054	4
2055	3
2056	6
2057	10
2058	8
2059	9
2060	5
2061	5
2062	6
2063	9
2064	13
2065	6
2066	4
18450	1
2067	5
2068	6
2069	9
2070	9
2071	7
2072	5
2073	5
2074	5
2075	6
2076	6
2077	6
2078	9
2079	7
2080	5
2081	7
2082	10
2083	7
2084	6
2085	7
2086	5
2087	5
2088	6
2089	7
2090	7
2091	8
2092	2
2093	5
2094	4
2095	2
2096	7
2097	4
2098	7
2099	3
2100	7
2101	6
2102	8
2103	1
2104	3
2105	8
2106	10
2107	9
2108	10
2109	5
2110	6
2111	3
18495	1
2112	5
2113	5
2114	4
2115	6
2116	4
2117	8
2118	5
2119	3
2120	6
2121	3
2122	2
2123	11
2124	4
2125	3
2126	5
2127	7
2128	8
2129	11
2130	7
18514	1
2131	8
2132	6
2133	11
2134	8
2135	3
2136	4
2137	5
2138	5
2139	5
2140	8
2141	5
18525	1
2142	5
18526	1
2143	8
2144	6
2145	6
2146	5
2147	5
2148	3
2149	9
2150	9
2151	2
2152	4
2153	2
2154	6
2155	3
2156	7
2157	9
2158	6
2159	10
2160	7
2161	8
2162	3
2163	7
2164	7
2165	3
2166	4
2167	2
2168	5
2169	4
2170	2
2171	2
2172	7
2173	3
2174	2
2175	2
2176	5
2177	8
18562	1
2178	2
2179	7
2180	7
2182	4
18566	1
2183	5
2184	5
2185	5
2186	9
2187	2
18571	1
2188	6
18572	1
2189	3
2190	5
2191	6
2192	5
2193	8
2194	3
2195	1
2196	8
2197	9
2198	4
2199	4
2200	4
18585	1
2201	7
2202	5
2203	10
2204	8
2205	5
2206	1
2207	5
2208	3
18592	1
2209	6
2210	5
2211	4
2212	2
2213	5
2214	3
18599	1
2215	4
2216	4
2217	2
2218	3
18603	1
2219	5
2220	5
2221	6
2222	5
2223	6
2224	9
2225	6
2226	7
2227	6
2228	1
2229	5
2230	5
2231	8
2232	2
2233	5
2234	6
2235	1
2236	3
2237	11
2238	3
2239	1
2240	8
2241	5
2242	6
2243	3
2244	6
2245	4
2246	3
2247	8
2248	4
2249	6
2250	4
2251	7
2252	10
2253	6
2254	2
2255	8
2256	8
2257	3
2258	6
2259	1
2260	1
2261	2
2262	3
2263	6
2264	2
2265	7
2266	6
2267	3
2268	3
2269	9
2270	5
2271	3
2272	3
18656	1
2273	6
2274	3
18659	1
2275	3
2276	4
2277	5
18661	1
2278	6
18662	1
2279	7
2280	2
2281	2
2282	3
2283	5
18667	1
2284	9
2285	1
2286	5
2287	1
2288	4
2289	8
2290	6
2291	2
2292	5
2293	8
2294	6
2295	2
2296	6
2297	4
2298	5
2299	3
2300	4
2301	7
2302	3
2303	2
2304	6
18689	1
2305	3
2306	2
2307	7
18691	1
2308	1
2309	4
2310	4
2311	6
2312	4
2313	4
2314	4
2315	7
2316	7
2317	3
18701	1
2318	3
18702	1
2319	1
2320	5
2321	9
2322	4
2323	1
2324	4
2325	4
2326	2
2327	6
2328	7
2329	6
2330	9
2331	4
2332	8
2333	4
2334	1
2335	6
2336	2
2337	8
2338	8
2339	5
2340	5
2341	7
2342	9
2343	4
2344	4
2345	3
2346	2
2347	1
2348	4
2349	5
2350	4
2351	4
2352	2
2353	2
2354	2
2355	2
2356	6
2357	4
2358	4
2359	1
2360	5
2361	2
2362	4
2363	5
2364	8
2365	7
2366	2
2367	5
2368	6
2369	7
2370	6
2371	3
2372	3
2373	2
2374	3
2375	4
2376	4
2377	2
2378	6
2379	1
2380	2
2381	2
18765	1
2382	3
2383	2
2384	8
2385	2
2386	5
2387	6
2388	9
2389	6
2390	3
2391	4
2392	13
2393	6
2394	4
2395	4
2396	3
2397	9
2398	6
18782	1
2399	3
2400	4
2401	7
2402	5
2403	5
2404	4
2405	3
2407	7
2408	4
2409	3
2410	3
2411	8
2412	3
2413	2
18797	1
2414	6
2415	4
2416	7
2417	2
2418	2
2419	8
2420	5
2421	2
2422	4
2423	4
2424	4
2425	3
2426	5
2427	6
2428	8
2429	7
2430	5
2431	5
2432	3
2433	4
2434	3
2435	5
2436	3
2437	6
2438	2
2439	1
2440	2
2441	7
2442	6
2443	2
2444	4
2445	3
2446	10
2447	3
2448	3
2449	5
2450	6
2451	4
18835	1
2452	3
2453	3
2454	7
2455	3
2456	5
2457	3
2458	4
2459	4
2460	1
2461	4
2462	5
2463	6
2464	1
2465	4
2466	2
2467	2
2468	3
2469	3
2470	4
2471	1
2472	7
2474	4
2475	6
2476	3
2477	5
2478	2
2479	6
2480	6
2481	4
2482	3
2483	6
2484	3
2485	6
2486	6
2487	5
2488	1
2489	6
2490	5
2491	3
2492	3
2493	6
2494	1
2495	5
2496	5
18880	1
2497	4
2498	5
2499	2
2500	4
2501	2
2502	8
2503	5
2504	3
2505	5
2506	8
2507	3
18891	1
2508	4
2509	4
2510	5
2511	6
2512	7
2513	3
2515	2
2516	4
2517	3
2518	2
2519	2
2520	2
2521	4
2522	4
2523	5
2524	4
2525	2
2526	4
2527	1
2528	5
2529	4
2530	7
2531	4
2532	2
2533	6
18918	1
2534	3
2535	3
2536	6
18920	1
2537	5
18921	1
2538	6
2539	3
2540	3
2541	5
2542	9
2543	1
2544	1
2545	5
2546	6
2547	5
18931	1
2548	2
2549	4
2550	4
2551	2
2552	6
2553	4
2554	3
2555	3
2556	2
2557	3
2558	9
2559	2
2560	5
2562	5
2563	5
18947	1
2564	2
2566	7
2567	2
2568	1
2569	4
2570	3
2571	6
2572	4
2573	11
2574	4
2575	3
2576	5
2577	2
2578	5
2579	4
2580	5
2581	4
2582	5
2583	3
2584	2
2585	3
2586	4
2587	3
2588	5
18972	1
2589	4
2590	4
2592	2
2593	2
18977	2
2594	4
2595	3
2596	6
2597	4
2598	1
2599	3
2600	2
2601	6
2602	6
2603	4
2604	2
2605	5
2606	1
2607	1
2608	3
2609	3
18993	1
2610	2
2611	2
2612	1
2613	4
2614	4
2616	3
2618	10
2619	5
2620	2
2621	8
2622	2
2623	3
2624	6
19008	1
2625	2
2626	4
2627	3
2628	6
2629	5
2630	5
2631	7
2632	2
2633	4
2634	5
19018	1
2635	2
2636	4
2637	3
2638	1
2640	5
2641	5
2642	3
2643	2
2645	3
2646	5
2647	4
2648	2
2649	3
2650	3
2651	3
2652	2
2653	3
2654	3
2655	2
2656	5
2657	2
2658	3
2659	4
2660	5
2661	2
2662	2
2663	4
2664	6
2665	3
2666	2
2667	6
2668	2
2669	2
2670	4
2671	2
2672	3
2674	2
2675	3
2676	7
2677	2
19061	1
2678	3
2679	4
2680	6
2681	3
2682	3
2683	7
2685	8
2686	2
2687	2
2688	4
2689	3
2690	2
2691	3
2692	2
2693	1
2694	7
2695	3
2696	4
19081	1
2697	4
2698	3
2699	1
2700	1
19084	1
2701	5
2703	4
2704	3
2705	3
19089	1
2706	7
2707	4
2708	2
2709	4
19094	1
2711	8
2713	3
2714	3
2715	6
2716	2
2717	2
19101	1
2718	4
2719	5
2720	3
2721	4
2722	5
2723	5
2724	1
2725	4
2726	6
2727	6
19111	1
2728	3
2729	3
2730	6
2731	5
2732	4
2733	2
2734	3
2735	5
2738	5
2739	3
2740	2
2741	2
2742	1
2743	8
2744	2
2745	1
2747	1
2748	2
2749	3
2750	3
2751	2
2752	5
2753	6
2754	1
2755	3
2756	3
2757	6
2758	3
2759	2
2760	3
2761	3
2762	5
2763	4
2764	4
19148	1
2765	1
2766	2
2767	3
2768	3
2769	5
2770	5
2771	2
2772	4
2773	5
2774	4
2775	4
2776	6
2777	3
2778	4
2779	2
19165	1
2781	1
2782	2
2783	1
2784	1
2785	1
2786	1
2787	4
2788	1
19172	1
2789	8
2790	2
2791	4
2792	4
2793	4
2794	3
2795	6
2796	2
2797	1
2798	3
2799	5
2800	4
2801	2
2802	3
2803	4
2804	5
2805	4
2806	1
2807	2
2808	5
2809	6
2810	7
2811	6
2812	3
2813	5
2814	5
2815	4
2816	3
2818	4
2819	4
2820	3
2821	7
2822	3
2823	5
2824	5
2825	1
2826	8
2827	1
2828	2
2829	4
2830	2
2831	3
2832	3
2833	1
2834	2
2836	4
2837	3
2838	1
2839	1
2840	3
2841	4
2842	3
2843	2
2844	1
2845	3
2846	2
2847	4
2848	3
2849	3
2850	5
2852	1
2853	8
19237	1
2854	5
2855	3
2856	5
2857	5
2858	3
2860	6
2861	4
2862	5
19246	1
2863	3
2864	3
2865	3
2866	3
2867	2
2868	4
2869	2
2870	2
2871	1
2872	3
2873	2
2874	2
2875	1
2876	1
2877	2
2878	2
2879	1
2880	1
2881	2
2882	5
2884	3
2885	3
2886	5
2887	5
2888	2
2889	5
2890	6
2891	2
2892	2
2893	3
2894	3
2895	2
2896	1
2897	2
2898	2
2899	6
2900	5
2901	4
2902	8
2903	5
19287	1
2904	5
2905	2
2906	2
2907	5
2908	6
2909	2
2910	2
2911	3
2912	7
2913	3
2914	6
2915	4
19299	1
2917	5
2918	3
2919	4
2920	5
2923	3
2924	2
2925	1
2926	2
2927	2
2928	4
2929	3
2930	6
2931	7
2932	3
2933	1
2934	3
2935	8
2936	2
2937	2
2938	1
2939	3
2940	1
2941	3
2942	2
2943	1
19329	1
2946	3
2947	2
2948	1
2949	4
2950	3
2951	4
2952	4
2953	6
2954	3
2955	3
2956	4
2957	4
2958	2
2959	2
2960	2
2961	1
2962	1
2963	2
2964	1
2965	2
2966	1
2967	1
2968	2
2969	4
2970	1
2971	4
2972	2
2973	2
2974	3
2975	2
2976	1
19360	1
2977	5
2978	1
2979	1
2980	3
2981	2
19365	1
2982	2
2983	4
2984	2
2985	2
2986	1
19370	1
2987	4
2988	1
2989	4
19373	1
2990	6
2991	1
2992	7
2993	4
2994	2
2995	2
2996	3
2997	1
2998	2
3000	2
3001	1
3003	2
3004	5
3005	4
3006	2
19390	1
3007	4
3008	3
3009	3
3010	3
3011	2
3012	1
3013	3
3014	1
3015	1
19400	1
3016	2
3017	2
3018	3
3019	3
3020	3
3021	1
3022	2
3023	1
3024	1
3025	4
3026	3
19410	1
3027	5
3028	2
3029	2
3030	5
3031	6
3032	2
3033	7
3034	2
3035	2
3036	5
3037	2
3038	6
3039	2
3040	1
3041	3
3042	3
3043	3
3044	2
3045	4
3046	5
3048	2
3049	4
3050	3
3051	2
3052	3
3053	4
19437	1
3055	3
3056	2
3057	2
3058	4
3059	6
3060	2
3061	2
3062	5
3063	4
3064	2
3065	1
3066	3
3067	5
3068	2
3069	3
3070	1
3071	2
3072	3
3073	2
3074	3
3075	4
3077	3
3078	2
3079	2
3081	3
19465	1
3082	1
3083	2
3084	2
3086	1
3087	3
19472	1
3088	2
3089	1
3090	2
3091	5
3092	4
3093	1
3094	3
3095	3
3096	2
3097	4
3099	6
3100	3
19484	1
3102	2
3103	2
3104	5
3105	4
3106	4
19491	1
3107	1
3108	1
3109	3
3110	3
3111	3
3112	3
3113	1
3114	3
3117	2
3118	6
3119	3
3120	2
3121	3
3122	2
3124	2
3125	3
3126	1
3127	3
3128	6
3129	4
3130	2
3131	3
3132	4
3133	2
3134	2
3135	5
3136	2
3137	1
3138	2
3139	4
3140	3
3141	2
3142	3
3143	6
3144	3
3145	2
3146	2
3147	1
3148	1
3149	3
3150	2
3151	4
3152	2
3153	2
3154	1
3155	4
3156	1
3157	1
3158	7
3159	1
3161	3
3164	1
3165	2
3166	3
3167	2
3168	1
3169	3
3170	2
19554	1
3171	1
3172	2
3173	3
19557	1
3174	4
3175	3
3176	3
3177	1
3178	7
3179	3
3180	2
3181	1
3182	2
3183	3
3184	1
3185	2
3186	3
3187	1
3188	1
3189	4
3190	5
3191	1
3192	3
3193	2
3194	3
3196	3
3198	4
3199	6
3200	1
3201	3
3202	2
3203	1
3204	1
3206	2
3207	4
3208	1
3209	4
3210	3
3211	2
3213	1
3214	2
3215	2
3217	2
3218	5
3219	3
3220	3
3221	2
3222	2
3224	3
3225	7
3226	3
3227	1
3228	2
3229	5
19613	1
3230	3
3231	4
3232	2
3235	2
3236	2
3237	4
3238	2
3240	3
3241	2
3242	4
3243	2
3244	2
3245	1
3246	2
3247	2
3248	2
3249	1
3250	3
19634	1
3251	1
3252	2
3253	2
3254	2
3255	1
3256	3
3257	1
3258	3
3259	4
3260	5
3262	4
3263	1
3264	2
3265	5
3266	4
3267	3
3268	2
3269	1
3270	3
3271	3
3272	1
3273	2
3274	2
3275	3
3276	4
3277	4
3278	4
3279	2
3280	1
3281	2
3282	2
3283	1
3284	1
3285	3
3286	1
3287	1
3288	1
3289	2
3290	1
3291	1
3292	2
3293	1
3294	2
3295	2
3296	2
3297	1
3298	1
3299	1
3300	2
19684	1
3301	3
3302	2
3303	4
3304	3
3306	1
3307	1
3308	1
3309	3
3310	2
3311	2
3312	4
3313	1
3314	4
3315	3
3316	4
3319	1
3320	1
3322	4
3323	3
3324	2
3325	3
3326	1
3327	2
3328	2
3329	3
3330	3
3332	1
3333	2
3334	1
3335	1
3336	4
19720	1
3337	1
3338	1
3339	1
3340	1
3341	4
3342	3
3343	1
3344	2
3345	5
3346	2
3347	2
3348	2
3349	1
3350	1
3351	1
3352	4
3353	1
3354	1
3355	3
3356	4
3357	1
3358	3
3359	2
3360	4
3361	3
3362	1
3363	3
3364	1
3365	2
3367	5
3368	4
3369	4
3370	1
3371	3
3372	3
3373	3
19758	1
3374	3
3375	3
3377	2
3378	2
3379	2
3380	3
3381	2
3383	2
3384	1
3385	3
3386	4
3387	5
3388	3
3389	2
3390	2
3391	7
3392	1
3394	2
19779	1
3395	3
3397	1
3398	3
19782	1
3399	4
3400	2
3401	3
3402	3
3404	1
3405	1
3406	3
3408	1
3409	3
3411	1
3412	2
3413	3
3415	2
3416	2
3417	2
3418	1
3419	2
3420	3
19805	1
3421	1
3422	1
3423	1
3424	2
3425	2
3426	1
3427	2
3428	3
3429	3
3430	2
3431	1
3433	4
3434	1
3436	3
3437	1
3438	1
19822	1
3439	3
3441	1
3442	1
3443	1
3445	3
3446	2
3447	1
3448	2
3449	5
3450	1
3451	2
3452	2
3453	4
3454	3
3455	2
3456	3
3457	3
3458	5
3459	2
3460	2
3461	2
3463	2
3464	2
3466	2
3467	3
3468	4
3469	2
3470	3
3471	2
3472	2
3473	2
3474	1
3475	1
3476	1
3478	3
3480	1
3481	1
3482	2
3484	1
3485	2
3486	2
3487	2
3488	1
3489	3
3491	2
3492	6
3493	5
3494	1
3495	2
3496	2
3497	2
3498	3
3499	2
3500	3
3501	2
3502	3
3503	2
3504	2
3505	3
3506	2
3507	1
3508	1
3509	3
3510	4
3511	3
3512	2
3513	2
3514	1
3515	3
3516	1
3517	2
3518	2
3519	1
3520	2
3522	3
3523	1
3524	4
3525	1
3526	3
3527	4
3528	1
3529	1
3530	1
3531	5
3533	1
3534	6
3535	1
3536	2
3537	1
3538	3
3539	3
3540	1
3541	4
3542	1
3543	6
3544	1
3545	2
3546	1
3547	1
3548	1
3549	1
3550	2
3551	1
3552	4
3554	4
3555	3
3556	4
3557	2
3558	7
3559	1
3560	1
3562	1
3563	1
3565	3
3567	3
3570	3
19954	1
3571	1
3572	2
3573	4
3575	4
3576	1
3577	1
3578	5
3579	2
3580	1
3581	1
3582	2
3583	1
3584	3
3585	1
3586	1
3587	3
3588	3
3589	1
3590	1
3591	1
3594	1
3595	3
3596	1
3597	4
3598	1
3599	1
19984	1
3600	1
3601	4
3602	1
3604	1
3605	2
3606	4
3607	4
3609	3
3610	1
3612	1
3614	2
3615	1
3616	2
20000	1
3618	2
3619	1
3621	1
3622	1
3624	1
20008	1
3625	3
3626	2
3627	2
3631	2
3632	1
3633	3
3634	2
3635	1
3636	2
3637	4
3639	4
3640	2
3641	3
20026	1
3642	1
3643	3
3644	2
20029	1
3646	4
3648	4
3649	1
3650	2
3653	4
3654	2
3655	1
3658	2
3661	2
3662	5
3663	1
3664	2
3666	3
3667	3
3668	1
3669	2
20054	1
3670	2
3671	1
3672	1
3673	1
3674	2
3675	1
20060	2
3678	2
3679	1
3680	1
3681	3
3682	1
3683	2
3684	2
3685	3
3686	2
3687	2
3688	2
3689	2
3690	3
3691	1
3692	2
3693	6
3695	2
3696	3
3697	2
3698	2
3699	3
3700	1
3701	1
3702	2
3704	1
3705	3
3707	2
3708	3
3709	1
3710	2
3711	2
3712	4
3715	3
3717	2
3718	1
3719	2
3720	1
3721	1
3722	4
3723	1
3724	3
3725	3
3726	4
3727	2
3729	2
3730	1
3731	2
3732	2
3733	1
3735	2
3736	1
3737	1
3738	3
3739	2
3740	1
3742	3
3743	3
3744	1
3745	2
3746	3
3747	3
3749	2
3752	2
3753	3
3754	2
3755	4
3756	2
3757	1
3758	4
3759	1
3760	1
3761	1
3762	2
3763	1
3764	1
3767	3
3768	3
3769	1
3770	2
20155	1
3771	5
3772	1
3773	1
3774	2
3775	4
3776	2
3777	2
3778	2
3779	3
3780	2
3781	3
3782	1
3783	2
3784	3
3785	1
3786	2
3788	2
3789	2
3790	1
3791	1
3792	2
3794	1
3795	1
3796	3
3797	2
3798	1
3799	1
3800	1
3803	1
3807	2
3808	2
3809	1
3810	2
3811	1
3812	2
3815	1
3816	1
3817	2
3818	1
3819	4
3821	1
3822	1
3823	2
3824	3
3826	4
3830	1
3831	2
3833	2
3834	2
3835	1
3836	1
3837	1
3838	1
3839	2
3840	3
3841	1
3842	2
3843	1
3844	2
3845	2
3846	1
3847	2
3848	3
3849	2
3850	1
3852	1
3853	2
3855	1
3856	1
3857	1
3858	2
3859	1
3862	1
3863	2
3867	1
3868	3
3869	3
3870	2
3871	2
3872	4
3873	1
3875	1
3876	3
3878	1
3880	2
3881	2
3884	2
3886	1
3887	1
20271	1
3888	1
3889	3
3890	6
3891	1
3892	1
3893	2
3894	3
3895	1
3896	3
3897	1
3899	1
3900	3
3901	2
3902	2
3903	2
3905	1
3906	2
3909	1
3910	4
3911	2
3912	2
3913	4
3914	2
3916	1
3919	1
3920	2
3921	2
3922	1
3924	1
3925	2
3926	3
3927	3
3928	1
3929	1
3930	2
3931	1
3932	1
3934	3
3935	4
3936	5
3941	1
3942	3
3943	1
3944	4
3945	1
3946	1
3947	1
3948	2
3949	1
3951	3
20335	1
3952	1
3953	2
3955	1
3956	2
3959	2
3962	2
3963	4
3964	1
3966	1
3967	2
3969	2
3971	4
3972	2
3973	2
3974	1
3975	1
3976	3
3977	2
3978	3
3979	2
3980	1
3981	3
3982	5
3983	1
3984	1
3985	1
3986	1
3987	2
3989	3
3991	3
3992	2
3993	2
3995	3
20380	1
3996	2
3997	1
3999	7
4000	1
4001	3
4002	1
4003	1
4004	2
4005	2
4006	1
4007	1
4008	1
4009	1
4010	1
4011	1
4012	2
4013	5
4014	1
20399	1
4016	2
4017	1
4018	2
4019	1
4021	1
4022	1
4023	1
4025	1
4026	2
4027	1
4029	2
4030	2
4031	1
4032	1
4034	1
4035	2
4036	2
4037	2
4038	1
4040	3
4041	2
4043	3
4044	2
4045	4
4046	1
4047	1
4049	3
4050	2
4051	2
4052	1
4053	1
4054	1
4055	2
20440	1
4056	1
4057	2
4058	1
4059	3
4061	1
4063	2
4064	2
4065	1
4066	1
4067	1
4069	2
4070	1
4071	2
4072	2
4074	3
4075	2
4076	1
4077	2
4078	1
4079	2
4081	1
4083	3
4084	3
4085	1
4086	1
4087	1
4089	1
4090	1
4091	1
4092	1
4093	1
4100	1
4101	2
4102	3
4103	3
4104	1
4105	1
20489	1
4106	2
4107	1
4108	2
4109	2
4110	1
4112	3
4113	2
4114	1
4118	1
4119	2
4120	3
4121	3
4122	1
4124	1
4125	2
4126	2
4127	1
4129	1
4131	1
4134	1
4136	3
4137	2
4138	2
4140	1
4141	1
4142	2
4144	1
4146	1
20530	1
4147	1
4148	1
4149	1
4150	1
4151	1
4152	1
4153	2
4154	3
4156	1
4157	3
4158	1
4159	2
4162	1
4164	1
4165	1
4166	1
4167	1
4168	2
4170	1
4171	1
4172	1
4178	4
20563	1
4180	1
4181	2
4182	1
4184	1
4185	1
4186	1
4188	4
4189	1
4190	2
4191	1
20575	1
4194	1
4195	3
20579	1
20580	1
4197	2
4198	2
4201	3
4205	2
4206	2
4207	3
4208	1
4209	2
4211	2
4212	2
4214	2
4215	1
4216	2
4217	1
4219	1
4220	1
4221	2
4222	1
4224	2
4225	3
4226	1
4227	1
4228	1
4229	1
4230	1
4231	2
4233	3
4234	1
4236	1
4237	3
4238	1
4240	1
4242	3
4243	2
4244	1
4245	1
4246	2
4247	3
4248	1
4249	1
4251	1
4254	1
4255	3
20639	1
4257	3
4258	2
4262	2
4265	2
4267	1
4271	2
20656	1
4272	1
4273	1
4274	1
4275	1
4276	1
4277	1
4278	1
4279	2
4280	1
4283	1
4286	1
4287	1
4289	3
4290	2
4291	1
4292	5
4294	1
4295	2
4296	1
4297	1
4300	1
4302	1
4303	2
4304	1
4305	1
4306	2
4307	2
4310	2
4311	1
4312	1
4313	1
4314	3
4315	1
4316	2
4317	2
20702	1
4319	1
4320	2
4323	1
4326	1
4327	1
4328	3
4329	1
4330	2
4332	1
4333	2
4334	3
4335	1
4337	1
4338	1
4340	1
4344	2
4346	3
4348	2
4350	1
4351	1
4352	1
4354	1
4355	2
4358	1
4360	2
4364	1
4365	3
4366	4
4367	1
4368	2
4370	2
4372	3
4373	1
4377	2
4378	1
4379	3
4381	1
4382	2
4383	1
4384	2
20770	1
4387	1
4388	1
4390	2
4393	1
4394	1
4396	2
4398	3
4399	3
4400	1
4402	3
4404	2
4406	2
4407	2
4408	2
4410	1
4411	1
4412	3
4413	1
4414	1
4415	1
4416	2
4418	1
4423	1
4424	5
4426	1
4427	2
4428	1
4429	1
4430	1
4431	2
4432	1
4433	1
4434	1
4435	2
4436	1
4437	2
4441	2
4442	1
4446	2
20831	1
4447	2
4450	2
4451	2
4453	1
4454	1
20838	1
4455	2
4456	2
4457	1
4458	1
4459	1
4461	2
4465	1
4466	1
4467	1
4468	3
4469	1
4470	2
4473	2
4474	1
4475	2
4476	1
4479	2
4480	3
4481	1
4482	1
4483	1
4484	1
4485	1
4486	1
4487	1
4488	1
4489	1
4490	1
4491	1
4492	1
4493	1
4494	2
4496	1
4497	1
4498	1
4500	2
4502	1
4503	1
4504	1
4506	1
4507	1
4508	1
4510	2
20894	1
4512	1
4514	1
4515	1
4516	1
4517	1
4518	1
4519	1
4520	2
4521	2
4524	1
4525	1
4528	2
4530	2
4531	1
4533	2
4534	2
4535	1
4536	2
4537	2
4539	1
4540	1
4542	3
4543	1
4544	2
4545	1
4546	1
4547	1
4550	2
4551	1
4553	1
4554	1
4555	2
4556	1
4558	4
4562	1
4563	1
4565	1
4567	3
4568	1
4569	2
4570	2
4571	2
4574	1
4576	3
4577	1
4580	1
4582	1
4583	1
4584	1
20968	1
4585	1
4586	1
4587	3
4588	1
4591	1
4592	2
4593	2
4594	1
4595	3
4597	1
4598	3
4600	3
4602	2
4604	3
4606	1
4607	5
4612	1
4613	1
4614	2
4615	3
4618	1
4619	2
4620	2
4621	1
4623	2
4624	2
4626	1
4629	1
4635	1
4636	2
4637	1
4639	3
21023	1
4640	2
4641	2
4642	1
4643	1
4644	3
4645	1
4646	1
4648	1
4650	2
4652	1
4653	1
4654	2
4655	2
4656	1
4658	1
4659	1
4663	1
4664	3
4665	1
4666	1
4667	1
4672	1
4673	1
4674	1
4675	1
4676	3
4677	1
4678	1
4679	1
4680	1
4681	2
4682	1
4685	1
4686	1
4692	1
4693	1
4695	2
4696	2
4697	1
4698	1
4701	1
4702	2
4703	1
4704	1
4705	1
4706	1
4707	2
21093	1
4711	1
4713	2
4715	1
4717	1
4718	1
4719	1
4720	1
4721	1
4722	2
4725	1
4727	1
4728	1
4730	3
4731	1
4732	3
4733	1
4734	1
4735	1
4739	1
4740	1
4742	1
4743	2
4744	1
4745	2
4746	1
4748	1
4750	1
4751	1
4752	3
4753	1
4754	2
4756	1
4758	2
4760	1
4762	2
4763	1
4765	1
4766	2
4767	1
4770	1
4771	1
4772	1
4773	2
4774	1
4775	1
4778	3
4780	1
4783	1
4786	1
4788	1
4791	3
4792	1
4793	1
4796	1
4799	3
4801	2
4802	1
4803	2
4805	1
4806	1
4807	2
4808	1
4809	2
21193	1
4810	2
4812	2
4816	2
4817	1
21201	1
4819	1
4820	1
4821	2
4822	1
4823	1
4826	1
4827	1
4829	1
4830	1
4831	2
4834	1
4836	1
4837	2
4839	1
4844	1
4845	1
4846	1
4847	1
4848	1
4850	1
4851	2
4852	1
4853	1
4855	2
21239	1
4856	1
4860	1
4862	1
4863	2
4864	1
4870	2
4871	1
4872	1
4876	2
4880	1
4881	1
4882	1
4885	3
4886	1
4887	1
4889	2
4890	1
4891	3
4892	1
4893	1
4897	2
4901	1
4903	1
4904	1
4905	4
4906	1
4907	2
4908	3
4912	2
4913	1
4914	1
4916	1
4917	1
4921	2
4922	2
4924	1
4925	1
4927	1
4928	1
4931	1
4933	1
4935	1
4937	1
4938	1
4943	3
4944	3
4945	1
4946	1
4950	1
4958	2
4959	2
4962	1
4966	2
4968	2
4969	1
4970	1
4971	1
4974	1
4975	1
4979	1
4983	2
4985	2
4986	2
4987	1
4989	1
4990	1
4991	3
4992	1
4993	2
4994	2
4995	1
4998	1
4999	1
5000	1
5004	1
5005	2
5006	1
5008	2
5010	3
5011	2
5012	2
5013	1
5014	1
5015	3
5017	2
5018	1
5019	1
5020	1
5021	2
5029	1
5032	2
5033	1
5034	3
5039	1
5040	1
5041	2
5042	1
5043	1
5045	1
5049	2
5053	1
5054	1
5056	2
5058	2
5060	1
5062	1
5064	1
5067	3
5068	2
21452	1
5070	2
5071	1
5074	3
5076	1
21460	1
5077	1
5078	2
5079	2
5083	1
5088	1
5091	2
5095	2
5098	1
5100	1
5102	1
5103	1
5104	1
5105	1
5106	1
5109	1
5110	1
5112	1
5113	1
5115	1
5117	1
5122	2
5123	1
5125	1
5126	1
5128	2
5129	1
5130	1
5131	1
5134	1
5138	1
5142	1
5144	1
5146	2
5149	1
5154	1
5155	1
5161	2
5166	1
5167	2
5173	1
5176	1
5178	1
5182	2
5184	1
5185	1
5187	1
5191	4
5193	1
5194	1
5195	1
5201	2
5203	1
5206	2
5209	1
5210	1
5213	3
5214	1
5216	1
5217	1
5218	1
5220	1
5226	3
5229	2
5231	2
5232	1
5234	1
5236	1
5237	1
21623	1
5241	3
5242	1
5244	1
5247	1
5249	1
5251	2
5252	2
5255	1
5256	2
5258	2
5261	1
5262	2
5263	1
5265	1
5268	1
5273	2
5274	2
5277	1
5279	2
5280	1
5282	1
5283	1
5285	1
5286	2
5289	1
5290	1
5291	1
5295	2
5299	1
5300	1
5303	1
5304	2
21688	1
5306	1
5308	1
5309	1
5310	3
5315	2
5317	1
5323	1
5324	1
5326	2
5333	1
5340	1
5341	1
5344	1
5348	2
5349	1
5352	1
5356	1
5358	1
5361	1
5365	1
5366	1
5369	2
5370	1
5371	1
5372	1
5381	3
5383	4
5385	1
5386	2
21770	1
5387	3
5393	1
5394	1
5398	2
5401	1
5405	2
5411	2
5414	1
5416	1
5418	1
5419	1
5421	1
5424	2
5425	1
5427	1
5429	1
5430	2
5432	1
5433	1
5435	1
5436	1
5438	1
5439	2
5441	1
5448	1
5449	1
5450	1
5456	2
5458	1
5461	2
5464	1
5466	2
5469	1
5472	1
5492	1
5497	1
21882	2
5498	1
5500	2
21890	1
5508	1
5512	2
5515	2
5516	1
5521	1
5522	1
5524	1
5527	1
5528	4
5529	1
5535	1
5538	1
5539	2
5540	2
5543	1
5547	1
5548	2
5550	1
5554	2
5555	1
5558	1
5560	1
5563	1
5564	1
5565	1
5567	1
5569	1
5570	1
5574	1
5575	1
5576	3
5577	2
5578	1
5580	1
5581	1
5582	1
5583	1
5584	3
5585	1
5590	1
21974	1
5592	2
5599	1
5602	1
5604	1
5605	1
5609	2
5610	1
5611	2
5612	1
5614	1
5616	1
5620	1
5622	1
5625	3
5626	1
5627	1
5632	1
5633	1
5634	1
5635	1
5638	2
5641	1
5642	1
5650	1
5652	1
22039	1
5656	1
5657	2
5661	2
5662	1
5664	1
5668	1
5669	1
5675	1
5677	1
5678	2
5685	1
5690	2
5691	1
5692	1
5693	1
5700	1
5701	2
5703	1
5706	1
5707	2
5709	1
5711	3
22096	1
5712	1
5715	1
5718	1
5719	1
5720	1
5732	1
5734	1
5735	1
22121	1
5738	1
5739	1
5743	1
5745	1
5746	1
5750	2
5753	1
5755	1
5756	1
5759	2
5761	1
5762	2
5764	1
5766	1
5770	1
5771	1
5773	1
5775	1
5779	1
5788	1
5789	1
5791	1
5792	1
5801	1
5802	1
5806	1
5810	1
5812	1
5813	2
5820	1
5823	1
5824	2
5825	1
5827	1
5828	1
5829	2
5831	1
5832	1
5833	2
5834	1
5835	1
5840	1
5841	1
5843	1
5845	1
5850	1
5851	1
5854	2
5858	1
5859	2
5864	4
5865	2
5868	1
5870	2
5873	2
5876	1
5880	1
5881	1
5890	2
22275	1
5891	1
5893	1
5897	1
5898	1
5899	2
5900	1
5901	1
5903	1
22292	1
5908	1
5916	2
5919	1
5921	1
5922	1
5925	2
5930	1
5931	1
5933	1
5934	1
5935	1
5937	2
5944	1
5945	2
5946	1
5950	1
5952	2
5953	1
5956	1
5958	1
5960	1
5962	1
5967	1
5969	2
5976	2
5993	2
5996	1
5997	1
6007	1
6008	1
6009	2
6010	1
6012	1
6013	1
6019	1
6025	1
6027	1
6036	1
6040	1
6042	1
6045	1
6047	1
6048	1
6049	1
6053	1
6055	1
6061	1
6062	3
6064	1
6067	1
6069	1
6071	2
22458	1
6076	1
6077	1
6080	1
6082	1
6086	1
6094	1
6096	1
6099	1
6102	1
6106	3
6107	1
6111	1
6115	1
6116	1
6117	1
6120	2
6125	1
6126	1
6132	1
6133	1
22517	1
6134	1
6138	1
6139	2
6141	1
6145	1
6148	1
6150	2
6165	2
6166	1
6169	1
6170	1
6173	1
6178	2
6179	1
22563	1
6184	1
6185	2
6187	2
6189	1
6191	1
6192	1
6193	1
22577	1
6197	1
6199	1
6202	1
6203	1
6205	1
6206	1
6208	1
6209	2
6210	1
6213	1
6214	1
6217	2
6219	1
6222	1
6224	1
22608	1
6231	1
6232	2
6234	1
6235	1
6236	1
6244	1
6246	1
6248	1
6251	1
6252	1
6253	1
6254	1
6258	1
6266	1
6267	1
6270	1
6271	1
6272	1
6273	1
6274	1
6276	2
6281	1
6286	1
6287	1
6295	1
6296	1
6299	1
6301	1
6308	1
6313	1
6314	1
6318	2
6323	2
6324	2
6330	1
6332	1
6333	1
6334	2
6337	1
6345	3
6347	1
6348	1
6350	2
6357	1
6359	2
6364	1
6371	1
6373	1
6378	1
6379	2
6386	1
6388	2
6391	1
6392	1
6395	1
6396	1
6398	1
6399	1
22785	1
6402	1
6404	2
6407	2
6408	1
22795	1
6411	1
6416	1
6417	1
6419	1
6426	1
6428	2
6430	1
6432	2
6433	1
6434	2
6435	2
6436	2
6440	1
6442	1
6446	1
6447	1
6457	1
6458	1
6459	1
6460	1
6461	1
6462	1
6466	1
6470	1
6471	1
6476	1
6478	2
6482	2
6484	1
6489	1
6490	1
6497	1
6498	1
6499	1
6501	2
6502	1
6503	1
6504	3
6508	1
6509	1
6511	1
22896	1
6512	1
6518	1
6520	1
6525	1
6527	2
6532	1
6533	1
6534	1
6536	1
6537	2
6538	1
6543	1
6545	1
6547	1
22931	1
6549	1
6551	1
6558	2
6559	1
6562	1
6563	1
6566	2
6570	1
6573	2
6575	1
6576	2
6577	2
6578	1
6579	1
6580	1
6584	2
6586	1
6590	1
6591	1
6595	1
6603	1
6610	1
6616	1
6618	3
6626	1
6629	1
6631	1
6639	1
6641	1
6643	1
6644	1
6645	2
6646	1
6648	1
6650	1
6654	1
6658	1
6660	1
6665	1
6669	1
6675	1
23061	1
6680	3
6682	1
6683	1
6686	2
23076	1
6692	2
6695	1
6700	1
6701	1
6703	1
6706	1
6711	1
6712	1
6714	2
6723	1
6728	1
6729	1
23115	1
6732	1
6733	2
6736	1
6739	1
6742	1
6743	1
6744	1
6745	1
6751	1
6756	1
6757	1
6759	1
23144	1
6760	1
6761	1
6762	1
6764	1
6769	1
6772	1
6773	1
6776	2
6777	1
6778	3
6780	1
6785	2
6790	1
6796	2
6797	1
6806	1
6808	1
6809	1
6815	1
6824	1
6825	2
6826	1
6827	1
6828	2
6830	1
6831	1
6833	1
6835	2
6837	1
6842	1
6843	1
6850	1
6852	2
6856	1
6857	1
6859	2
23244	1
6873	1
6874	1
6878	1
6879	1
6884	3
6885	1
6887	1
6888	1
6889	1
6895	1
23279	1
6896	1
6900	1
6901	1
6902	2
6906	1
6908	2
6918	1
6924	2
6925	1
6929	1
6932	1
6937	2
6944	3
6946	1
6950	1
6955	1
6958	3
6960	1
6969	1
6970	2
6973	1
6975	2
6977	1
6979	2
6986	1
6988	1
6990	1
6991	1
6993	2
6996	1
7010	1
7016	1
7018	1
7020	1
7029	3
7032	1
7034	1
7036	1
7037	1
7042	1
7043	1
7044	1
7045	1
7048	1
7049	1
7050	1
7055	1
7065	1
7069	1
7072	1
7076	1
7079	1
23467	1
7084	1
7085	1
7087	1
7090	1
7093	2
7094	1
7096	1
7104	1
7105	1
7110	1
23494	1
7112	1
7120	1
7121	1
7127	2
7132	1
7133	1
7135	1
7137	1
7140	1
7146	2
7150	1
7154	1
23542	1
7172	1
7173	1
7174	1
7180	1
7182	1
7184	1
7189	1
7190	1
7191	2
7193	1
7195	1
7196	1
7198	1
7204	1
7211	1
7212	1
7217	1
7218	1
7220	1
7222	2
7223	1
7224	1
7226	1
7227	1
7230	1
7235	1
7243	1
7249	1
7250	1
7251	2
7257	2
23653	1
7272	1
7276	1
7279	1
7282	1
7286	1
7287	1
23673	1
7294	1
7305	1
7311	1
7314	1
7320	1
7323	1
7325	1
7327	1
7330	1
7333	1
7334	1
7335	1
7336	1
23721	1
7338	1
7341	1
7342	1
7348	1
7351	1
7356	2
7357	1
7359	1
7362	1
7366	1
7368	1
7371	1
7373	3
7383	3
7388	2
23772	1
7391	1
23787	1
7405	1
7407	1
7408	1
7422	1
23809	1
7428	1
7435	1
7436	1
7437	1
7440	1
7444	1
7449	1
23833	1
7469	1
7477	1
7479	1
7482	1
7485	1
7487	1
7493	1
7498	1
7502	2
7508	1
7509	1
7512	1
7513	1
7523	1
7526	2
7527	1
7529	1
7536	1
7543	2
7544	1
7546	1
7549	1
7556	1
7557	1
7559	1
7561	1
7562	1
7563	2
7564	1
7570	1
7573	1
23960	1
7577	1
7579	1
7581	2
7584	1
7585	1
7592	2
7595	1
7596	1
7597	5
7603	2
7607	1
7609	1
7610	1
7611	1
7612	2
7615	1
7621	1
7623	1
7626	1
7630	2
7636	1
7643	1
7652	1
7654	1
7656	1
7660	2
7661	1
7664	1
7667	2
7669	1
7671	1
7674	2
7677	1
7678	1
7679	2
7691	1
24077	1
7697	1
7698	1
7700	1
7701	1
7702	1
7714	1
7715	1
7716	1
7720	1
7721	2
7726	1
7731	1
7735	2
7740	1
7741	2
7748	1
24132	1
7759	1
7765	1
7767	1
7769	2
7770	1
7776	1
7783	1
7785	1
7788	1
7789	1
7790	1
7792	1
7793	1
7799	1
7803	1
7804	1
7805	1
7813	1
7814	1
7818	1
24204	1
7821	1
7824	1
7825	3
7829	1
7831	1
7832	1
7833	1
7839	1
7840	1
7843	1
7851	1
7854	2
7855	1
7856	2
24241	1
7861	1
7863	1
7864	2
7867	1
24253	1
7871	1
7874	1
7877	1
7878	2
7879	1
7888	1
7893	1
7898	1
7909	1
24297	1
7913	1
7917	1
7928	1
7936	1
7938	2
7943	1
7946	1
7947	1
7948	1
7950	2
7951	1
7955	1
7957	2
7960	1
7963	1
7968	2
7972	1
7973	1
7978	1
7982	1
24373	1
8000	1
8002	1
8004	1
8007	2
8008	1
8010	1
8013	1
8015	1
8016	2
8018	1
8023	1
8029	2
8031	2
8035	1
8037	1
8040	1
8046	1
8051	1
8054	1
8056	1
8057	1
8062	1
8065	1
8067	1
8069	1
8071	3
8072	1
8076	2
8077	1
8078	1
8079	1
8080	1
8083	1
8087	2
8096	1
8098	1
24487	1
8108	1
8110	1
8118	1
8121	1
8125	1
8126	1
8131	2
8133	2
8151	1
8156	1
8161	1
8163	1
8164	1
8167	2
8171	1
8175	3
8179	1
8180	2
8181	1
8191	1
8193	1
8195	1
8197	1
8201	1
8202	1
24589	1
8212	2
8219	2
8221	1
8231	1
8232	2
8239	1
8255	1
8257	2
8266	1
8268	1
8270	1
8274	1
8275	1
8280	1
8281	2
8292	1
8295	1
8305	1
8307	1
8312	1
8314	1
8316	2
8317	1
8321	2
8322	1
8324	1
8332	1
8334	1
8336	1
8339	1
8346	1
8347	1
8348	1
8350	1
8353	1
8365	1
8368	1
8369	1
8376	1
8381	1
8384	1
8388	1
8391	1
8393	1
8400	1
8401	1
8402	1
8404	2
8414	1
8415	1
8420	1
8421	1
8423	1
8426	1
8434	1
8438	1
8440	1
8445	1
8449	1
8455	1
8460	1
8461	1
8463	1
8467	1
8484	1
8488	1
8497	1
8500	1
8503	2
8508	1
8517	1
8519	1
8521	2
8530	1
8541	1
8542	1
8545	1
8550	1
8552	1
8562	1
8566	1
8569	1
8570	1
8575	1
8582	1
8583	1
8586	1
24975	1
8596	3
24982	1
8602	1
8607	1
8617	1
8633	1
8640	1
8641	2
8642	1
8648	1
8652	1
8655	1
8658	1
8674	1
8679	1
8680	1
8684	1
8697	1
8705	3
8707	1
8709	1
8714	1
8721	1
8724	1
8728	1
8732	1
8733	1
8735	1
8736	1
8740	1
8750	1
8752	1
8753	1
8757	1
8764	1
8766	2
8767	2
8768	1
8769	1
8780	1
8781	1
8782	1
8783	1
8785	1
8788	1
25174	1
8791	1
8795	2
8807	2
8808	1
8810	2
8811	2
8815	1
8817	1
8818	1
8821	1
8834	1
8835	1
8839	1
8849	1
8851	1
8852	1
8857	1
8862	1
8866	1
8867	2
8872	1
8881	1
8883	1
8884	2
8893	1
8894	1
8895	1
8901	1
8914	2
8916	1
8918	1
8922	1
8923	1
8930	1
8935	1
8946	1
8960	1
8961	1
8965	1
8969	1
8971	1
8981	1
8993	1
9001	1
9002	1
9005	1
9007	1
9008	1
9010	1
9011	1
9012	1
9017	1
9018	1
9022	1
9027	1
9031	1
9039	1
9040	1
9041	1
9052	1
9068	1
9069	1
9073	1
9079	1
9087	1
9094	1
9095	2
9103	1
9117	1
9129	1
9130	1
9131	1
9132	1
9135	1
9139	1
9140	1
9141	1
9143	1
9144	1
9147	1
9149	1
9153	2
9155	1
9159	2
9160	1
9165	1
9166	1
9182	1
9184	1
9185	1
9188	1
9191	1
9193	1
9197	1
9210	1
9218	1
9220	1
9222	1
9224	1
9227	1
9232	1
9234	2
9235	1
9242	1
9246	1
9264	1
9289	1
9295	1
9302	1
9305	1
9308	1
9310	1
9311	1
9322	1
9329	1
25717	1
9335	1
9337	2
9339	1
9342	1
9343	1
9344	1
9350	1
9354	1
9355	2
9363	1
9364	1
9375	1
9381	2
9392	2
9395	1
9406	2
9411	1
9422	1
9423	1
9427	1
9429	1
9430	1
9440	1
9444	1
9464	1
9468	1
9486	1
9489	1
9492	1
9495	1
9496	1
9501	1
9504	1
9511	1
9512	1
9516	1
9519	1
9521	1
9522	1
9523	1
9524	1
9525	1
9531	1
9533	1
9538	1
9543	2
9549	1
9553	2
9578	1
9581	1
9583	2
9589	1
9593	2
9596	1
9599	1
9618	1
9623	1
9632	1
9637	2
9642	1
9651	1
9654	1
9656	1
9658	1
9668	2
9677	1
9679	1
9682	1
9695	1
9708	1
9713	1
9715	1
9719	1
9721	1
9733	1
9734	2
9735	1
9740	1
9742	1
9753	1
9756	1
9760	1
9770	1
9771	1
9776	1
9781	1
9784	1
9791	1
9793	1
9794	1
9800	2
9809	1
9813	1
9815	1
9827	1
9828	1
9834	1
9838	2
9845	1
9849	1
9850	1
9854	1
9858	1
9861	1
9867	1
9886	1
9895	1
9912	1
9913	1
9922	1
9929	1
9931	1
9954	1
9964	1
9972	1
9978	1
9986	1
9989	2
9998	1
10001	1
10006	1
10019	2
10027	1
10028	1
10029	1
10031	1
10032	1
10044	1
10048	1
10059	1
10069	1
10073	1
10080	1
10086	1
10090	1
10122	1
10124	1
10138	1
10142	1
10144	1
10151	2
10153	1
10155	1
10159	2
10177	2
10179	1
10195	1
10203	1
10209	2
10230	1
10241	2
10243	1
10255	1
10257	1
10263	1
10268	1
10269	1
10274	1
10275	1
10279	1
10280	1
10282	1
10297	1
10299	1
10302	1
10307	1
10321	1
10324	2
10338	1
10339	1
10340	1
10344	1
10348	1
10349	1
10351	1
10352	1
10368	1
10370	1
10378	1
10379	1
10386	1
10389	2
10398	1
10403	1
10404	1
10419	1
10422	1
10424	1
10426	1
10436	1
10438	1
10441	1
10443	1
10466	3
10468	1
10469	1
10470	3
10471	1
10474	1
10483	1
10492	1
10495	1
10498	1
10504	2
10509	1
10518	1
10524	2
10535	1
10537	1
10543	1
10551	1
10564	1
10567	1
10570	2
10577	1
10582	1
10585	1
10586	1
10593	3
10602	1
10606	1
10607	1
10616	1
10617	1
10621	1
10622	2
10624	1
10627	1
10634	1
10637	1
10645	1
10656	1
10676	1
10686	1
10692	1
10695	1
10709	1
10719	1
10722	1
10725	1
10732	1
10736	1
10747	1
10749	1
10750	1
10751	1
10753	1
10756	1
10761	2
10763	1
10781	1
10787	1
10794	1
10796	1
10803	1
10806	1
10807	2
10809	1
10820	1
10831	1
10832	1
10836	1
10843	1
10848	1
10858	1
10863	2
10866	1
10868	2
10874	1
10880	1
10892	1
10896	2
10904	1
10907	1
10919	1
10925	1
10935	2
10964	1
10966	1
10980	1
10981	1
10983	1
10989	2
10991	1
10995	1
11005	1
11006	1
11013	1
11015	1
11021	1
11026	1
11030	1
11036	1
11037	1
11049	1
11058	1
11066	1
11080	2
11094	2
11098	1
11099	1
11100	1
11108	1
11118	2
11119	1
11123	1
11125	1
11135	1
11137	1
11144	1
11151	1
11179	1
11180	1
11181	1
11193	1
11218	1
11219	1
11221	1
11229	1
11233	1
11234	1
11238	1
11241	1
11242	1
11247	1
11251	1
11252	1
11260	2
11280	1
11285	1
11298	1
11308	1
11311	1
11312	1
11313	1
11314	1
11316	1
11318	1
11324	1
11331	1
11334	1
11336	1
11337	1
11338	1
11342	1
11354	1
11381	1
11382	1
11389	1
11390	2
11393	1
11396	1
11398	1
11414	1
11416	1
11417	1
11440	1
11444	1
11456	2
11460	1
11464	2
11478	1
11482	1
11493	1
11494	1
11496	1
11497	1
11507	2
11516	1
11517	1
11523	1
11542	2
11549	1
11550	1
11556	1
11561	1
11572	2
11585	1
11590	1
11594	1
11601	1
11609	1
11619	1
11621	2
11642	1
11660	1
11663	1
11665	1
11667	1
11677	1
11678	1
11679	2
11680	1
11691	1
11696	1
11697	1
11702	1
11704	1
11710	1
11719	1
11726	1
11727	1
11729	2
11732	1
11738	1
11766	1
11777	1
11779	1
11785	1
11789	1
11806	1
11813	1
11818	1
11827	1
11834	1
11835	1
11837	1
11849	1
11860	1
11876	2
11877	1
11883	1
11892	1
11894	1
11896	1
11914	1
11916	1
11930	1
11941	1
11951	1
11955	1
11962	1
11972	1
11977	1
11982	1
11983	2
11996	1
12020	1
12026	1
12027	1
12030	3
12039	1
12042	1
12054	1
12058	1
12063	1
12074	1
12076	1
12077	1
12082	1
12088	1
12089	1
12092	1
12113	1
12122	1
12127	1
12143	1
12153	1
12156	2
12166	1
12177	1
12179	1
12200	1
12206	1
12225	1
12240	1
12255	2
12266	1
12272	1
12276	1
12281	1
12287	1
12298	1
12308	1
12318	1
12319	1
12323	1
12335	1
12338	1
12339	1
12359	1
12361	1
12378	1
12385	1
12395	1
12400	1
12403	1
12422	1
12431	1
12446	1
12450	1
12453	1
12459	1
12463	1
12464	1
12470	1
12489	1
12515	1
12521	1
12522	1
12534	1
12550	1
12554	1
12562	1
12567	1
12570	1
12573	1
12574	1
12586	1
12590	1
12597	1
12603	1
12607	1
12610	1
12613	1
12621	1
12627	1
12629	1
12630	1
12631	1
12632	1
12659	1
12661	1
12679	1
12684	1
12685	1
12702	1
12712	1
12717	1
12725	1
12740	1
12742	1
12750	1
12752	1
12757	1
12763	1
12764	2
12771	2
12774	1
12778	1
12793	1
12797	1
12800	1
12819	1
12824	1
12844	1
12854	1
12855	1
12870	2
12873	2
12879	1
12882	1
12911	1
12918	1
12922	1
12944	1
12972	1
12982	1
12992	1
13002	1
13007	1
13017	1
13030	1
13031	1
13039	1
13052	1
13078	1
13083	1
13086	1
13110	1
13114	1
13117	1
13123	1
13131	1
13156	1
13158	1
13170	1
13171	2
13184	1
13193	1
13238	1
13259	1
13260	1
13278	1
13283	1
13309	1
13324	1
13326	1
13339	1
13340	1
13347	1
13364	1
13367	1
13369	1
13371	1
13378	1
13399	1
13403	1
13405	1
13410	1
13427	1
13428	1
13429	1
13431	1
13437	1
13447	1
13458	1
13462	1
13466	1
13479	1
13481	1
13508	1
13512	1
13514	1
13526	1
13542	1
13555	1
13576	1
13577	1
13578	1
13581	1
13596	1
13603	1
13607	1
13608	1
13673	1
13682	1
13688	1
13697	1
13707	1
13711	1
13715	1
13718	1
13726	1
13727	1
13730	1
13742	1
13745	1
13751	1
13776	1
13779	1
13780	1
13790	1
13797	1
13800	1
13802	2
13806	1
13820	1
13831	1
13836	1
13841	1
13843	1
13856	1
13863	1
13868	1
13874	1
13880	1
13887	1
13906	1
13924	1
13933	1
13941	1
13954	1
13961	1
13969	1
13991	1
14003	1
14005	1
14021	1
14023	1
14026	1
14027	1
14032	1
14039	1
14047	1
14051	2
14064	1
14106	1
14111	1
14118	1
14134	1
14140	1
14152	1
14153	1
14177	1
14179	1
14181	1
14185	1
14194	1
14204	1
14233	1
14250	1
14263	1
14264	1
14274	1
14285	1
14291	1
14294	1
14317	1
14333	1
14342	1
14343	1
14344	1
14347	1
14367	1
14376	1
14405	1
14407	1
14412	1
14413	1
14420	1
14445	1
14447	1
14450	1
14466	1
14467	1
14477	2
14506	1
14514	1
14524	1
14525	1
14540	1
14544	1
14549	1
14552	1
14577	1
14582	2
14586	1
14595	1
14610	1
14620	1
14621	1
14626	1
14632	1
14645	1
14648	1
14682	1
14683	1
14698	1
14703	1
14710	1
14720	1
14741	1
14762	1
14763	1
14778	1
14796	1
14841	1
14846	1
14849	1
14850	1
14861	1
14870	1
14871	1
14874	1
14876	1
14897	1
14904	1
14907	1
14948	1
14952	1
14960	1
14967	1
14973	1
14974	1
14994	1
15005	1
15021	1
15032	1
15049	1
15068	2
15069	1
15082	1
15085	1
15099	1
15127	1
15136	1
15152	1
15154	1
15161	1
15162	1
15179	2
15181	1
15187	1
15193	1
15199	1
15211	1
15235	1
15237	1
15239	2
15252	1
15253	1
15258	1
15274	1
15283	1
15287	1
15310	1
15336	1
15340	1
15368	1
15392	1
15394	1
15403	1
15437	1
15449	1
15456	1
15472	1
15496	1
15531	1
15532	1
15546	1
15563	1
15564	1
15569	1
15574	1
15586	1
15588	1
15599	1
15600	1
15614	1
15615	1
15617	1
15629	1
15638	2
15669	1
15680	1
15696	1
15709	1
15722	2
15730	1
15742	1
15794	1
15822	1
15830	1
15836	1
15840	1
15881	1
15895	1
15897	1
15900	1
15902	1
15903	1
15907	1
15915	1
15916	1
15920	1
15936	1
15938	1
15965	1
15970	1
15973	1
15980	1
15984	1
16011	1
16027	1
16035	1
16047	1
16049	1
16050	1
16057	1
16084	1
16118	1
16123	1
16127	1
16154	1
16158	1
16178	1
16210	1
16219	1
16255	1
16256	1
16275	1
16284	1
16285	1
16286	1
16291	1
16293	2
16296	1
16298	1
16314	1
16326	1
16332	1
16336	1
16337	1
16344	1
16376	1
16383	1
