1	7
2	10
3	5
4	3
5	3
6	5
7	3
8	4
16392	1
9	7
10	9
11	5
12	4
13	12
14	7
15	5
16	2
17	11
18	9
19	9
20	6
21	11
22	6
23	10
24	5
25	10
26	6
27	5
28	11
29	4
16413	1
30	10
31	10
32	9
33	9
34	9
35	7
36	3
16420	1
37	7
38	8
39	4
40	9
41	4
16425	1
42	5
43	7
44	5
45	7
46	6
47	5
48	4
49	7
16433	1
50	4
51	5
52	8
53	4
54	6
55	4
56	5
57	6
58	7
59	4
60	5
61	5
62	6
63	7
64	4
65	3
66	6
67	7
16451	1
68	4
69	7
70	8
71	4
72	12
73	6
16457	1
74	5
75	6
16459	1
76	7
77	4
16461	1
78	6
79	5
80	4
81	3
82	4
83	4
84	6
85	4
86	6
87	9
88	3
89	4
90	8
91	7
92	10
93	4
94	5
95	3
96	6
97	4
98	7
99	7
100	1
101	4
102	8
103	2
104	6
105	6
106	3
107	12
108	8
109	4
110	8
111	4
112	3
113	7
114	4
115	7
116	3
117	4
118	5
119	7
120	5
121	5
16505	1
122	6
123	6
124	7
125	5
126	4
127	4
16511	1
128	3
129	10
130	5
131	5
132	9
133	9
134	6
135	15
136	10
137	5
138	5
139	9
140	11
141	8
142	8
143	7
144	3
145	10
146	6
147	7
148	9
149	6
150	5
151	4
152	6
153	6
154	7
155	2
156	5
157	7
158	8
159	6
160	8
16544	1
161	10
162	7
163	4
164	5
165	10
166	2
16550	1
167	5
168	5
169	2
170	7
16554	1
171	9
172	3
173	7
174	2
175	9
176	9
177	10
178	8
179	5
180	9
181	5
16565	1
182	8
183	8
184	6
185	7
186	7
187	7
188	8
189	3
190	8
191	5
192	1
193	4
16577	1
194	5
195	5
196	14
197	4
198	5
199	10
200	4
201	8
202	3
203	6
204	8
205	14
206	12
207	4
208	13
209	8
210	11
211	14
212	7
213	2
214	2
215	7
216	6
217	8
218	5
219	9
220	7
221	10
16605	1
222	6
223	6
224	4
225	1
16609	1
226	11
227	10
228	10
229	5
230	2
231	9
16615	1
232	5
233	5
234	3
235	9
236	6
237	9
238	13
16622	1
239	11
240	5
241	4
242	6
243	8
244	7
16628	1
245	7
246	7
247	6
248	10
249	2
250	4
251	7
252	5
253	7
254	7
255	5
256	6
257	9
258	5
259	4
260	8
261	4
262	9
16646	1
263	5
264	4
265	5
266	11
267	6
268	7
269	10
270	8
271	7
272	2
273	2
274	8
275	10
276	4
277	4
278	8
279	10
280	7
16664	1
281	8
282	4
283	9
284	4
285	6
286	11
287	6
288	8
289	6
16673	1
290	8
291	8
292	5
293	11
294	12
16678	1
295	11
296	5
297	5
298	8
299	5
300	6
301	6
302	4
303	4
304	7
16688	1
305	9
306	6
16690	1
307	4
308	6
309	3
310	4
311	7
312	14
313	9
314	6
315	3
316	8
317	10
318	5
319	5
320	1
321	6
322	6
323	2
324	2
325	4
326	13
327	11
328	11
329	5
330	5
331	7
332	5
333	4
334	10
335	12
336	8
337	6
338	4
339	5
340	4
341	5
16725	1
342	8
343	8
344	2
345	12
346	5
347	8
348	5
349	8
350	6
351	6
352	8
353	13
354	6
355	8
356	9
357	8
358	6
359	10
360	6
361	4
362	7
363	6
16747	1
364	5
365	5
366	9
367	9
368	2
369	7
370	11
371	12
372	13
373	5
374	10
375	5
376	9
377	10
378	11
16762	1
379	9
380	10
381	5
382	16
16766	1
383	10
384	5
385	6
386	3
387	3
388	10
389	6
390	8
391	5
392	6
393	4
394	7
395	7
396	3
397	3
398	5
399	7
400	5
401	6
402	8
403	7
16787	1
404	7
405	4
406	9
407	13
408	8
409	5
410	9
411	6
412	6
413	6
414	7
415	6
16799	1
416	13
417	8
418	7
419	4
420	9
421	7
422	2
16806	1
423	6
424	4
425	6
426	8
427	5
428	8
429	4
430	10
16814	1
431	8
432	10
433	4
434	2
435	8
436	6
437	7
438	5
439	6
440	2
441	7
16826	1
442	8
443	3
444	4
445	4
446	10
447	3
448	8
449	9
450	12
16834	1
451	7
452	5
453	7
454	7
455	7
456	4
457	5
458	5
459	7
460	12
461	8
462	9
16846	2
463	9
464	8
16848	1
465	4
466	3
16850	1
467	6
16851	1
468	11
469	8
470	6
471	9
472	5
473	7
474	6
475	3
476	11
477	10
478	4
479	5
480	8
481	3
482	8
483	7
484	7
485	12
16869	1
486	7
487	12
488	6
489	4
490	5
491	3
492	7
493	3
494	2
495	6
496	3
497	6
498	7
16882	1
16883	1
499	4
500	7
16884	1
501	10
502	5
503	2
504	8
505	5
506	5
507	9
508	6
509	6
510	8
511	8
512	5
513	4
514	12
515	4
516	7
517	5
518	11
16902	1
519	6
520	8
521	9
522	4
523	9
524	5
525	9
526	10
527	1
528	7
529	6
530	7
531	10
532	6
533	3
534	9
535	2
536	8
537	4
538	4
539	3
540	8
541	7
16925	1
542	8
543	10
544	4
545	8
546	2
547	5
548	4
549	7
550	7
551	7
16935	1
552	8
553	8
554	4
555	5
16939	1
556	3
557	7
558	2
559	7
560	1
561	5
562	3
16946	1
563	7
564	9
565	5
566	4
567	9
568	4
569	3
570	10
571	5
572	10
573	7
574	5
575	6
576	5
577	6
578	7
579	9
580	10
581	10
582	5
583	5
584	3
585	5
586	14
587	7
588	9
589	7
16973	1
590	8
591	5
592	8
593	6
594	11
595	2
596	9
16980	1
597	2
598	8
599	8
600	6
601	5
16986	1
602	7
603	3
604	4
605	6
606	4
607	10
608	2
609	1
610	4
611	10
612	4
613	9
614	10
615	8
616	10
17000	1
617	7
618	4
619	6
620	4
621	4
622	5
623	7
624	5
625	10
626	5
627	8
628	8
629	5
630	6
631	9
632	7
633	7
634	4
635	9
636	6
637	3
638	13
639	9
17023	1
640	7
641	10
642	9
643	12
644	10
17028	1
645	2
646	6
647	6
648	8
649	9
17033	1
650	6
651	10
652	6
653	5
654	8
655	6
17039	1
656	9
657	7
658	7
659	8
660	5
661	4
662	10
663	9
664	6
665	7
666	1
667	5
668	9
669	6
670	10
671	8
672	12
673	3
674	7
675	10
676	9
677	6
678	7
679	10
680	8
681	1
682	6
683	4
17067	1
684	8
685	6
686	3
687	7
688	11
689	6
690	5
691	6
692	5
17076	1
693	17
694	8
695	6
696	8
697	7
698	6
699	7
700	6
701	9
702	7
703	6
704	10
705	7
706	10
707	5
708	7
709	7
710	6
711	7
712	5
713	8
17097	1
714	12
715	7
716	9
717	6
718	6
719	7
720	10
721	4
722	6
723	6
724	5
725	5
726	3
727	2
728	2
729	6
730	8
17114	1
731	14
732	7
733	3
734	5
735	6
736	7
737	3
738	2
739	6
740	9
741	8
742	10
743	1
744	3
745	6
746	4
747	13
748	3
749	12
750	6
751	5
752	8
753	6
754	11
755	9
756	3
757	5
758	6
759	5
760	5
761	6
762	9
763	8
764	3
765	4
766	6
17150	1
767	3
768	3
769	8
770	6
771	5
772	8
773	3
774	5
775	8
776	5
777	6
778	7
779	11
780	9
781	1
782	7
783	7
784	6
785	4
786	6
787	6
788	6
789	4
17173	1
790	7
791	5
792	9
793	8
794	3
795	7
796	3
797	5
798	5
799	4
800	10
801	5
802	8
803	9
804	6
805	9
806	11
807	6
808	6
809	1
810	5
811	8
812	6
813	12
814	10
815	5
816	11
817	5
818	6
819	4
820	8
821	7
822	16
823	11
824	7
825	4
826	2
827	4
828	7
829	7
830	5
831	6
832	10
833	4
834	4
835	4
836	4
837	7
838	7
839	5
840	7
841	7
842	6
843	6
844	10
17228	1
845	2
846	4
847	6
848	5
849	6
850	7
851	3
852	8
853	1
854	11
855	6
856	6
857	6
858	5
859	6
860	9
861	3
862	8
17246	1
863	9
864	5
865	2
866	9
17250	1
867	8
868	5
869	7
870	5
871	10
872	9
873	5
874	9
875	5
876	5
877	7
878	6
879	5
880	4
881	7
17265	1
882	8
883	11
884	6
885	7
886	5
887	5
888	1
889	1
890	7
17274	1
891	10
892	4
893	8
894	5
895	6
896	6
897	4
898	5
899	6
900	7
901	8
902	7
903	7
904	4
905	10
906	8
907	2
17291	1
908	8
909	9
910	4
911	3
912	7
913	9
914	7
915	9
916	3
917	7
918	7
919	6
920	3
921	6
922	8
923	5
924	3
925	6
926	4
927	10
928	10
929	4
930	6
931	4
932	4
933	9
934	6
935	2
936	10
937	8
938	9
939	7
940	8
941	4
942	5
17326	1
943	6
944	6
945	6
946	4
947	6
948	2
949	9
950	6
17334	1
951	8
952	11
953	7
954	8
955	3
956	9
957	6
958	5
959	4
960	5
961	5
962	8
963	7
17347	1
17348	1
964	7
965	5
966	12
967	5
968	7
969	7
970	4
971	8
972	7
973	12
974	11
975	5
976	9
977	6
978	12
979	3
980	3
981	8
982	9
983	11
984	6
985	7
986	5
987	12
988	8
989	7
990	4
991	2
992	5
993	5
994	8
995	7
996	7
997	9
998	9
999	4
1000	8
1001	2
17385	1
1002	3
1003	13
1004	8
1005	6
1006	12
1007	7
1008	3
1009	8
1010	13
1011	4
1012	6
1013	7
1014	7
1015	4
1016	4
17400	1
1017	9
1018	5
1019	5
1020	6
1021	6
1022	4
1023	4
1024	12
1025	7
1026	6
1027	12
1028	5
1029	4
1030	10
1031	8
1032	6
1033	7
1034	7
1035	9
1036	7
1037	3
1038	8
1039	5
17423	1
1040	8
1041	11
1042	3
1043	5
1044	5
1045	3
1046	9
1047	9
1048	6
1049	10
1050	4
1051	8
1052	6
1053	1
1054	7
1055	7
1056	5
1057	2
1058	9
1059	3
1060	7
1061	8
1062	8
1063	7
1064	7
1065	6
1066	9
1067	5
1068	4
1069	5
1070	4
1071	13
1072	8
1073	7
1074	6
1075	10
1076	9
1077	6
1078	7
1079	6
1080	6
1081	7
1082	6
1083	8
17467	1
1084	8
1085	8
1086	6
1087	9
1088	6
1089	6
1090	3
1091	7
1092	9
1093	3
1094	13
1095	4
1096	6
1097	7
1098	6
1099	4
1100	5
1101	6
1102	1
1103	6
1104	6
1105	5
1106	3
1107	5
1108	7
1109	4
1110	6
1111	11
1112	3
1113	10
1114	5
1115	6
1116	7
1117	4
1118	4
17502	1
1119	7
1120	6
1121	4
1122	6
1123	9
1124	6
17508	1
1125	12
1126	9
1127	7
1128	1
1129	3
1130	6
1131	6
1132	7
1133	9
1134	7
1135	7
1136	5
1137	8
1138	4
1139	8
1140	7
1141	6
1142	9
1143	4
1144	4
1145	1
1146	3
1147	9
1148	6
1149	7
1150	6
17534	1
1151	8
1152	4
1153	8
1154	7
1155	11
1156	8
1157	6
1158	8
1159	5
1160	8
1161	3
1162	7
1163	2
1164	6
17548	1
1165	9
17550	2
1166	13
1167	7
1168	12
1169	12
1170	3
1171	10
1172	11
1173	10
1174	7
1175	8
1176	6
1177	8
1178	5
1179	7
1180	8
1181	8
1182	9
1183	3
17567	1
17568	1
1184	6
1185	7
1186	3
1187	8
1188	11
1189	3
1190	4
1191	7
1192	9
1193	8
1194	6
1195	5
1196	3
1197	5
1198	4
17582	1
1199	6
1200	10
1201	7
1202	10
1203	6
1204	4
1205	9
1206	5
1207	10
1208	11
1209	4
1210	5
1211	7
1212	13
1213	8
1214	6
1215	5
1216	6
1217	3
1218	4
1219	13
1220	8
1221	4
1222	5
1223	11
1224	6
1225	5
1226	9
1227	4
1228	8
1229	5
1230	5
1231	6
1232	5
1233	4
1234	9
1235	5
1236	7
1237	4
1238	5
1239	5
1240	5
1241	7
1242	3
1243	7
1244	12
1245	10
1246	10
1247	9
1248	3
1249	5
1250	3
1251	12
1252	3
1253	5
1254	8
1255	4
1256	9
17640	1
1257	6
1259	10
17643	1
1260	7
1261	8
1262	5
17646	1
1263	7
1264	3
1265	11
1266	5
1267	7
1268	6
1269	5
17653	1
1270	4
1271	7
1272	5
1273	5
1274	3
1275	8
1276	4
1277	4
1278	10
1279	6
1280	8
1281	7
1282	6
17666	1
1283	9
1284	6
1285	9
1286	6
1287	10
1288	10
1289	3
1290	4
1291	3
1292	3
1293	6
1294	6
1295	4
1296	3
1297	5
1298	7
1299	8
1300	4
1301	9
1302	12
1303	9
1304	10
1305	7
1306	6
1307	9
1308	10
1309	8
1310	5
1311	11
1312	5
1313	4
1314	6
1315	8
1316	14
1317	6
1318	3
1319	10
1320	6
17704	1
1321	5
1322	6
1323	11
1324	5
1325	7
1326	5
1327	2
1328	1
17712	1
1329	11
1330	5
1331	6
1332	7
1333	10
1334	5
1335	4
1336	9
1337	10
1338	1
1340	8
1341	6
1342	8
1343	4
1344	10
1345	8
1346	7
1347	5
1348	5
1349	9
1350	6
1351	10
1352	5
1353	8
1354	8
1356	2
1357	2
1358	7
1359	9
1360	6
1361	11
1362	6
1363	8
1364	7
1365	10
1366	10
1367	7
1368	4
1369	5
1370	7
1371	3
17755	1
1372	6
1373	5
1374	12
17758	1
1375	6
1376	4
1377	9
1378	10
1379	2
1380	5
1381	4
1382	4
1383	10
1384	11
1385	3
1386	9
1387	9
1388	6
1389	15
1390	10
1391	3
1392	11
1393	7
1394	6
1395	3
1396	8
1397	5
17781	1
1398	2
1399	8
1400	9
1401	9
1402	8
1403	5
1404	7
1405	7
1406	12
1407	2
1408	8
1409	10
1410	1
1411	6
1412	8
1413	6
1414	2
1415	5
1416	4
1417	6
1418	7
1419	3
1420	7
1421	8
1422	9
1423	4
1424	7
1425	6
1426	9
1427	8
1428	4
1429	6
1430	2
17814	1
1431	9
1432	15
1433	9
1434	5
1435	2
1436	7
1437	7
1438	5
1439	4
1440	6
1441	5
1442	6
1443	8
1444	5
1445	3
1446	7
1447	11
1448	4
1449	5
1450	8
1451	6
1452	10
1453	10
1454	5
1455	5
1456	11
1457	1
1458	4
1459	5
1460	4
17844	1
1461	5
1462	8
1463	7
1464	7
1465	10
1466	11
1467	5
1468	5
1469	3
1470	12
1471	7
1472	10
1473	4
1474	7
17858	1
1475	8
1476	8
1477	7
1478	6
1479	7
1480	5
1481	8
1482	8
1483	7
1484	8
1485	6
1486	8
1487	2
1488	4
1489	2
1490	7
1491	3
17876	1
1492	5
1493	10
1494	6
17879	1
1495	3
1496	4
1497	8
17881	1
1498	5
1499	11
1500	8
1501	9
1502	3
1503	2
1504	2
1505	8
1506	6
1507	3
1508	6
1509	6
1510	3
1511	6
1512	10
1513	8
17897	1
1514	4
1515	7
17900	1
1516	3
1517	6
1518	5
1519	2
1520	9
1521	8
1522	3
1523	11
1524	8
1525	5
1526	10
1527	4
1528	11
1529	5
1530	6
1531	7
1532	6
1533	9
1534	11
1535	7
1536	11
1537	9
17921	1
1538	2
1539	6
1540	6
1541	7
1542	7
1543	6
1544	3
1545	3
1546	9
1547	6
1548	3
1549	5
17933	1
1550	3
1551	5
1552	6
1553	8
1554	9
1555	3
1556	5
1557	3
1558	8
1559	6
1560	5
1561	8
1562	5
1563	8
1564	2
1565	5
1566	5
1567	4
1568	7
1569	4
1570	8
1571	5
1572	7
1573	8
1574	3
1575	3
1576	6
1577	2
1578	7
1579	12
1580	9
1581	9
1582	4
17966	1
1583	9
1584	9
1585	3
1586	5
1587	8
1588	5
1589	6
1590	9
1591	9
1592	4
1593	8
1594	5
1595	6
1596	4
1597	4
1598	9
1599	10
1600	9
1601	9
1602	5
1603	7
1604	4
1605	7
1606	3
1607	3
1608	6
1609	8
17993	1
1610	6
1611	10
17995	1
1612	8
1613	5
1614	6
1615	3
1616	10
18000	2
1617	10
1618	10
1619	8
18003	1
1620	10
1621	6
1622	3
1623	5
1624	5
1625	8
1626	4
1627	5
1628	4
1629	4
1630	2
1631	1
1632	6
1633	4
1634	6
1635	6
1636	5
1637	4
1638	6
1639	5
1640	8
1641	5
1642	2
1643	4
1644	7
1645	5
1646	7
1647	11
1648	6
1649	7
1650	5
1651	6
1652	10
1653	4
1654	7
18038	1
1655	6
18039	1
1656	10
1657	6
1658	6
1659	3
1660	12
1661	5
1662	7
1663	6
1664	8
1665	6
1666	10
1667	8
1668	1
1669	6
1670	7
1671	6
1672	4
1673	5
1674	8
1675	7
1676	9
1677	6
1678	4
1679	9
1680	4
1681	8
1682	7
1683	6
1684	10
1685	4
1686	5
1687	8
1688	8
1689	3
1690	4
1691	5
1692	5
1693	5
1694	3
1695	3
1696	8
1697	7
1698	7
1699	11
1700	4
1701	6
1702	7
1703	9
1704	3
1705	5
1706	7
1707	5
1708	2
1709	6
1710	6
1711	9
1712	9
1713	8
1714	6
1715	8
1716	8
1717	4
1718	5
1719	6
1720	5
1721	5
1722	10
1723	7
1724	5
1725	9
1726	4
1727	5
1728	5
1729	5
1730	4
1731	9
1732	6
1733	5
18117	1
1734	9
1735	7
1736	8
1737	6
18121	1
1738	8
1739	7
1740	4
1741	9
1742	3
1743	5
1744	6
1745	4
1746	7
1747	3
1748	3
1749	7
1750	7
1751	6
1752	5
1753	6
1754	4
1755	2
1756	5
1757	7
1758	9
1759	9
1760	9
1761	4
1762	6
1763	6
1764	5
1765	7
1766	7
1767	7
1768	6
1769	4
1770	4
1771	4
18155	1
1772	3
1773	9
1774	4
1775	4
1776	4
18160	1
1777	3
1778	6
1779	6
1780	7
1781	6
1782	4
1783	9
1784	8
1785	10
1786	1
1787	7
1788	6
1789	5
1790	9
1791	5
1792	7
1793	9
1794	8
1795	5
1796	6
1797	14
1798	6
1799	8
1800	10
1801	8
1802	6
1803	9
1804	9
18188	1
1805	7
1806	4
1807	3
1808	8
18192	1
1809	5
1810	11
1811	9
1812	5
1813	5
1814	8
1815	11
1816	9
1817	9
1818	3
1819	11
1820	11
1821	2
1822	3
1823	6
1824	7
1825	8
1826	1
1827	8
1828	10
1829	5
1830	3
18214	1
1831	6
1832	4
1833	11
1834	5
1835	6
1836	5
1837	5
1838	7
1839	10
1840	5
1841	6
1842	3
1843	8
1844	8
1845	9
1846	8
1847	4
1848	12
1849	10
1850	6
1851	5
18235	1
1852	9
1853	11
1854	8
1855	7
1856	3
1857	6
1858	8
1859	4
1860	8
1861	7
18245	1
1862	13
1863	5
1864	7
1865	5
1866	5
1867	4
1868	8
1869	6
1870	6
1871	7
1872	6
1873	6
1874	1
1875	8
1876	6
1877	5
1878	5
1879	6
1880	9
1881	10
1882	2
1883	6
1884	5
1885	7
1886	9
1887	3
1888	4
1889	9
1890	5
1891	7
1892	9
1893	11
1894	7
1895	4
1896	7
1897	6
1898	4
1899	3
1900	7
1901	6
1902	5
1903	10
1904	7
1905	5
1906	7
1907	5
1908	12
1909	2
1910	6
1911	12
1912	14
1913	10
1914	9
1915	3
1916	11
1917	2
1918	3
1919	4
18303	1
1920	7
1921	7
1922	10
1923	7
1924	6
18308	1
1925	7
1926	5
1927	5
1928	3
1929	5
1930	12
1931	6
1932	5
1933	4
1934	1
1935	5
1936	4
1937	6
18321	1
1938	7
1939	4
1940	4
1941	7
1942	5
1943	5
1944	7
1945	10
1946	10
1947	7
1948	5
1949	6
1950	7
1951	9
1952	7
1953	10
1954	4
1955	5
1956	7
1957	3
1958	7
1959	4
18343	1
1960	5
1961	9
1962	5
1963	5
1964	5
1965	3
1966	6
1967	8
1968	6
1969	3
1970	6
1971	7
1972	3
1973	4
1974	7
1975	6
18360	1
1976	6
1977	6
1978	6
1979	1
1980	4
1982	2
1983	4
1984	8
1985	12
1986	3
1987	6
1988	2
1989	6
1990	2
1991	7
1992	4
1993	6
1994	5
1995	7
1996	4
1997	5
1998	7
1999	5
2000	6
2001	8
2002	11
2003	7
2004	6
2005	14
2006	4
2007	5
2008	7
2009	3
2010	11
2011	11
2012	5
2013	10
2014	5
2015	4
2016	7
2017	6
2018	4
2019	1
2020	4
2021	8
2022	10
2023	4
2024	5
2025	6
2026	5
2027	11
2028	7
2029	8
2030	5
2031	3
2032	5
2033	6
2034	5
2035	4
18419	1
2036	2
2037	5
2038	4
2039	10
2040	8
2041	6
2042	10
2043	5
2044	4
18428	1
2045	6
2046	6
2047	10
2048	8
2049	7
2050	9
2051	3
2052	3
2053	4
2054	10
2055	7
2056	9
2057	6
2058	5
2059	10
2060	7
2061	2
2062	6
2063	5
2064	2
2065	7
2066	6
2067	5
2068	5
2069	11
2070	5
2071	9
2072	7
2073	1
2074	6
2075	7
2076	6
2077	6
2078	4
2079	11
2080	6
2081	6
2082	5
2083	9
2084	8
2085	6
2086	4
2087	6
2088	6
2089	1
2090	4
2091	4
2092	6
2093	10
2094	5
2095	5
2096	6
2097	4
2098	2
2099	10
18483	1
2100	7
2101	4
2102	5
2103	7
2104	2
2105	5
2106	5
2107	7
2108	4
2109	7
2110	3
2111	3
2112	4
2113	5
2114	2
2115	10
2116	4
2117	5
2118	3
2119	7
2120	5
18504	1
2121	12
2122	4
2123	5
2124	1
2125	5
2126	3
2127	4
2128	2
2129	5
2130	5
2131	4
2132	3
2133	6
2134	4
2135	5
2136	3
2137	6
2138	10
2139	4
2140	4
2141	6
2142	6
18526	1
2143	11
2144	5
2145	4
2146	8
2147	6
2148	7
2149	3
2150	3
2151	5
18535	1
2152	12
2153	4
2154	5
2155	4
2156	5
2157	5
2158	8
2159	3
18543	1
2160	8
2161	7
2162	6
2163	5
2164	2
2165	8
2166	4
2167	6
18551	1
2168	2
18552	1
18553	1
2169	1
2170	4
2171	3
2172	7
2173	9
2174	6
2175	5
2176	10
2177	4
2178	4
2179	7
2180	5
2181	5
2182	7
2183	4
2184	4
2185	7
2186	3
2187	6
2188	5
2189	5
2190	6
2191	6
2192	4
2193	4
2194	10
18578	1
2195	3
2196	5
2197	7
18581	1
2198	2
2199	9
2200	9
2201	2
2202	4
2203	3
2204	5
2205	10
2206	4
2207	6
2208	3
2209	5
2210	7
2211	1
2212	3
2213	6
2214	3
2215	5
2216	2
2217	5
2218	4
2219	2
2220	4
2221	13
2222	4
2223	5
2224	5
2225	6
2226	6
2227	5
18611	1
2228	3
2229	3
2230	10
2231	10
2232	7
2233	2
2234	7
2235	7
2236	6
2237	7
2238	5
2239	5
2240	6
2241	6
2242	2
2243	6
2244	5
2245	5
2246	6
2247	4
2248	6
2249	5
2250	3
2251	4
2252	4
2253	4
18637	1
2254	5
2255	5
2256	5
2257	3
2258	4
2259	9
2260	6
2261	6
2262	5
2263	5
18647	1
2264	4
2265	5
2266	6
18650	1
2267	9
18651	2
2268	6
2269	7
2270	5
2271	8
2272	5
2273	6
2274	14
2275	6
2276	4
2277	4
2278	5
2279	4
2280	4
2281	5
2282	4
2283	3
2284	6
2285	6
2286	8
2287	2
2288	6
2289	2
2290	5
2291	11
2292	5
2293	6
2294	8
2295	9
2296	4
2297	6
2298	1
2299	8
2300	4
2301	5
2302	3
2303	6
18687	1
2304	3
2305	7
2306	5
2307	8
2308	10
2309	9
2310	7
2311	2
2312	7
2313	7
2314	5
2315	5
18699	2
2316	5
2317	13
2318	9
2319	6
2320	3
2321	5
2322	8
2323	4
2324	4
2325	5
18709	1
2326	7
2327	3
2328	13
2329	4
2330	6
18714	1
2331	8
2332	7
2333	8
2334	5
2335	9
2336	4
2337	7
2338	7
2339	7
2340	7
2341	7
2342	3
2343	10
18727	1
2344	4
2345	6
2346	7
2347	3
2348	4
2349	8
2350	5
2351	8
2352	2
2353	7
2354	3
2355	4
2356	3
2357	5
2358	3
2359	5
2360	5
2361	3
2362	7
2363	4
2364	6
2365	2
2366	5
2367	5
2368	5
2369	6
2370	1
2371	8
2372	5
2373	5
2374	1
2375	4
2376	6
18760	1
2377	2
2378	8
2379	2
2380	8
2381	3
2382	5
2383	7
2384	5
2385	10
2386	4
2387	6
2388	9
2389	8
2390	7
2391	6
2392	2
2393	5
2394	4
2395	11
2396	4
2397	7
2398	9
2399	4
2400	8
2401	5
2402	7
2403	7
2404	10
2405	3
2406	3
2407	4
2408	6
18792	1
2409	4
2410	3
2411	7
2412	4
2413	6
2414	3
2415	6
2416	7
2417	8
2418	5
2419	5
2420	9
2421	7
2422	6
2423	4
2424	7
2425	5
2426	4
2427	2
2428	1
2429	5
2430	2
2431	6
2432	8
2433	4
2434	5
2435	7
2436	4
2437	9
2438	2
2439	8
18823	1
2440	2
2441	6
2442	2
2443	4
2444	6
2445	6
2446	7
2447	9
2448	5
2449	5
2450	1
2451	3
2452	2
2453	8
2454	7
2455	5
2456	8
2457	3
2458	10
2459	6
2460	2
2461	4
2462	8
2463	1
2464	3
2465	3
2466	5
2467	4
18851	1
2468	5
2469	3
2470	5
2471	7
2472	6
2473	9
2474	2
2475	3
2476	1
2477	2
2478	8
2479	4
2480	3
2481	5
2482	12
2483	5
2484	3
2485	3
2486	4
2487	4
2488	8
2489	6
2490	4
2491	5
2492	5
2493	3
2495	3
2496	6
2497	6
2498	5
18882	1
2499	4
2500	2
2501	3
2502	2
2503	4
2504	3
2505	6
2506	2
2507	3
2508	7
2509	3
2510	8
2511	1
2512	8
2513	6
2514	4
2515	8
2516	4
2517	4
2518	4
2519	1
2520	11
2521	10
2522	6
2523	6
2524	7
2525	7
2526	2
2527	3
2528	6
2529	5
2530	8
2531	5
2532	3
2533	3
2534	2
2535	1
2536	5
2537	4
2538	5
2539	4
2540	3
2541	7
2542	9
2543	2
2544	6
2545	6
2546	5
2547	6
2548	3
2549	6
2550	6
2551	5
2552	3
2553	4
2554	4
2555	7
2556	9
2557	2
2558	4
2559	11
2560	5
2561	8
2562	6
2563	4
2564	2
2565	7
2566	4
2567	7
2568	3
2569	2
2570	3
2571	4
2572	7
2573	4
2574	3
2575	6
2576	5
2577	5
2579	5
2580	5
2581	1
2582	4
2583	3
2584	3
2585	3
2586	4
18970	1
2587	6
2588	11
2589	2
2590	7
2591	3
2592	6
2593	5
2594	4
2595	3
18979	1
2596	1
2597	4
2598	4
2599	1
2600	2
2601	8
2602	5
2603	2
2604	8
18988	1
2605	4
2606	10
2607	5
2608	4
2609	10
18993	1
2610	7
2611	7
2612	2
2613	5
2614	3
2615	5
2616	9
2617	8
2618	5
2619	3
2620	11
2621	8
2622	6
2623	7
2624	5
2625	5
2626	6
2627	2
2628	6
19013	2
2629	5
2630	7
2632	6
2633	6
2634	6
19018	1
2635	5
2636	4
2637	3
2638	4
2639	3
2640	3
2641	4
2642	3
2643	5
2644	7
2645	5
2646	7
2647	3
2648	9
2649	4
2650	5
2651	4
2652	5
2653	5
2654	3
2655	4
2656	6
19041	1
2657	2
2658	10
19042	1
2659	8
2660	7
2661	1
2662	2
2663	4
2664	3
2665	5
2666	2
2667	5
2668	3
2669	6
19053	1
2670	6
2671	5
19055	1
2672	4
2673	6
2674	9
2675	7
2676	4
2677	7
2678	2
2679	4
2680	7
2681	8
2682	8
2683	3
2684	6
2685	1
2686	5
2687	6
2688	8
2689	4
2690	3
2691	2
2692	4
2693	4
2694	8
2695	3
2696	6
2697	4
2698	4
2699	2
2700	4
19084	1
2701	3
2702	4
2703	2
2704	5
2705	2
2706	2
2707	8
2708	2
2709	3
2710	4
2711	5
2712	4
2714	7
2715	2
2716	5
2717	6
2718	5
2719	3
2720	3
2721	6
2722	4
2723	2
2724	2
2725	3
2726	3
2727	3
2728	4
2729	7
2730	4
2731	4
2732	6
2733	2
2734	3
2735	4
2736	2
2737	6
19121	1
2738	6
2739	2
2740	3
2741	6
2742	6
2743	2
2744	6
2745	3
2746	3
2747	6
2748	3
2749	5
2750	6
2751	2
2752	3
2753	2
2754	2
2755	6
2756	10
2757	3
2758	2
2759	2
2760	6
2761	5
2762	6
2763	8
2764	2
2765	6
2766	6
2767	4
19151	1
2768	1
2769	4
2770	2
2771	5
2772	4
2773	2
2774	3
2775	2
19159	1
2776	2
2777	3
2778	8
2779	4
2780	2
2781	4
2782	3
2783	1
2784	8
2785	6
2786	6
2787	4
2788	8
19172	1
2789	6
2790	4
2791	5
2792	3
2793	3
2794	3
2795	7
2796	3
2797	2
2798	4
2799	5
2800	3
2801	3
2802	6
2803	6
2804	5
2805	6
2806	8
2807	7
2808	5
2809	10
2810	3
19194	1
2811	4
2812	7
2813	1
2814	5
2815	4
2816	5
2817	5
2818	1
2819	3
2820	4
2821	2
2822	4
2823	5
2824	7
2825	4
2826	2
2827	4
2828	4
2829	1
2830	2
2831	12
2832	4
2833	5
2834	3
2835	1
2836	5
2837	7
2838	4
2839	6
2840	4
2841	5
2842	3
2843	5
2844	3
2845	3
2846	4
2847	4
2848	6
2849	6
2850	3
2851	5
2852	5
2853	1
2854	5
2855	4
2856	5
2857	7
2858	4
2859	5
2860	6
19244	1
2861	7
2862	1
2863	4
2864	4
2865	7
2866	3
2867	7
2868	5
2869	2
2870	4
2871	8
2872	3
2873	6
2874	4
2875	2
2876	5
2877	4
2878	2
2879	3
2880	5
2881	3
2882	4
2883	2
2884	5
2885	3
2886	3
2887	6
2888	3
2889	1
2890	8
2891	3
2892	2
2893	8
2894	3
19278	1
2895	4
2896	3
2897	4
19281	1
2898	4
2899	2
2900	5
2901	8
2902	7
2903	5
2904	5
2905	2
2906	3
2907	1
19291	1
2908	5
2909	5
2910	3
2911	3
2912	1
2913	6
2914	4
2915	5
2916	4
2917	5
2918	5
2919	4
2920	4
2921	6
2922	4
2923	7
2924	4
2925	7
2926	9
2927	3
2928	4
2929	8
2930	4
2931	7
2932	2
2933	6
2934	2
2935	1
2936	4
2937	1
2938	8
2939	4
2940	3
2941	4
2942	2
2944	8
2945	3
2946	2
2947	2
2948	2
2949	5
2950	4
2951	8
2952	4
2953	8
2954	4
2955	7
2956	2
2957	8
2958	1
2959	6
2961	8
2962	4
2963	5
2964	3
2965	7
2966	2
2967	2
2968	7
2969	4
2970	5
2971	2
2972	1
2973	6
2974	2
2975	3
2976	5
2977	3
2978	3
2979	4
2980	1
2981	2
19365	1
2982	3
2983	4
2984	1
2985	4
2986	5
2987	7
2988	3
2989	6
2990	4
2991	4
19375	1
2992	5
2993	4
2994	3
2995	4
2996	2
2997	5
2998	2
2999	3
3000	6
3002	4
3003	5
3004	8
3005	4
3006	1
3007	3
3008	6
3009	7
3010	5
3011	5
3012	3
3013	3
3014	1
3015	4
3016	3
3017	9
3018	3
3019	5
3020	1
3021	1
3022	4
3023	2
3024	6
3025	6
3026	1
3027	3
3029	6
3030	4
3031	5
3032	2
3033	6
3034	6
3035	3
3036	4
3037	2
3038	1
3039	1
3040	2
3041	8
3042	3
3043	3
3044	5
3045	7
3046	4
3047	4
3048	2
3049	5
3050	3
3051	4
3052	1
3054	1
3055	4
3056	3
3057	1
3058	8
3059	6
3061	6
3062	1
3063	1
3064	5
3065	1
3066	2
3067	4
3068	2
3069	2
3070	5
3071	3
3072	4
3073	3
3074	2
3075	4
3077	5
3078	4
3079	5
3080	2
3081	4
3082	4
19466	1
3083	3
3084	5
3085	4
3086	4
3087	3
3088	4
3089	2
3090	7
3091	2
3092	4
3093	2
3094	4
19478	1
3095	6
3096	5
3097	2
3099	1
3100	2
3101	1
3102	1
3103	3
3104	2
3105	5
3107	3
3108	6
3109	5
3110	5
3111	6
3112	1
3113	2
3114	2
3115	6
3116	1
3117	5
3118	4
3119	3
3120	1
3121	6
3122	6
3123	5
3124	2
3125	6
3126	8
3127	5
3128	3
3129	5
3130	6
19514	1
3131	2
3132	2
3133	4
3134	4
3135	3
3136	8
3137	4
3139	2
3140	1
3141	5
3142	2
3144	8
3145	5
3146	1
3147	5
3148	8
3149	4
3150	2
3151	5
3152	1
3153	6
3154	5
3155	5
3156	3
3157	2
3158	3
3159	4
3160	1
3161	3
3162	1
3163	3
3164	5
3165	2
3166	4
3167	1
3168	3
3169	3
3170	3
19554	1
3171	3
3172	2
3173	3
3174	3
3175	5
3176	2
3177	4
3178	5
3179	8
19563	1
3180	2
3181	4
3182	2
3183	5
3184	2
3185	3
3186	1
3187	7
3188	1
3190	1
3191	5
3192	5
3193	3
3194	2
3195	2
3196	6
3197	4
3198	4
3199	3
3201	2
3202	4
3203	3
3204	7
3205	2
3206	5
3207	4
3208	2
3209	2
3210	4
3211	4
3212	1
3213	5
3214	6
3215	2
3216	5
3217	1
3218	1
3219	3
3220	2
3221	1
3222	4
3223	5
3224	4
3225	3
3226	3
3227	2
3228	4
3229	2
3230	4
3231	3
3232	5
3233	6
3234	2
3235	5
3236	3
3237	5
3238	5
3239	3
3240	1
3241	2
3242	4
3243	3
3244	1
3245	2
3246	2
3247	1
3248	3
3249	3
3250	2
3251	8
3252	3
3253	3
3254	3
3255	2
3256	7
3257	1
3258	4
3259	2
3260	1
3261	5
19645	1
3262	5
3263	4
3264	5
3265	3
3266	3
3267	2
3268	4
3269	9
3270	4
3271	7
3272	3
3273	3
3274	5
3275	9
3276	3
3277	5
3278	2
3279	3
3280	3
3281	5
3282	2
3283	2
3284	2
3285	1
3286	7
3287	3
3288	6
3289	1
3290	5
3291	3
3292	3
3293	2
3294	5
3295	3
3296	3
3297	5
3298	2
3299	3
3300	4
3301	1
3302	2
3303	2
3304	1
3305	2
3306	5
3307	3
3308	3
3309	2
3310	3
3311	1
3312	7
3313	2
3314	7
3315	6
3316	6
3317	2
3318	3
3319	1
3320	5
3321	4
3322	3
3323	5
3324	5
3325	5
3326	1
3327	5
19711	1
3328	3
3329	5
3330	4
3331	5
3332	3
3333	4
3334	5
3335	2
3336	1
3337	2
3338	7
3339	1
3340	3
3341	6
3342	1
3343	4
3344	3
3345	1
3346	1
3348	5
3349	3
3350	2
3351	3
3352	4
3353	3
3354	1
3355	4
3356	3
3357	6
3358	1
3359	3
3360	6
3361	2
3362	2
3363	2
3364	9
19748	1
3365	3
3366	6
3367	3
3368	1
3369	3
3370	1
3371	1
3372	4
3373	5
19758	1
3374	4
3375	1
3376	5
3377	4
3378	3
3379	6
3380	4
3381	3
3382	5
3383	3
3384	5
3385	1
3386	5
3387	1
3388	4
3389	4
3390	4
3391	4
3392	1
3393	6
3394	2
3395	2
3396	3
3397	3
3398	3
3400	1
3402	5
3403	4
3404	5
3405	5
3406	2
3407	3
3408	4
3409	1
3410	2
3411	1
3412	4
3413	2
3414	6
3415	8
3416	3
3417	2
3418	1
3419	2
3420	3
3421	2
3422	5
3423	1
3424	5
3425	3
3427	2
3428	1
3429	3
3430	3
3431	5
3432	6
3433	2
3434	4
3435	5
3436	5
3438	3
3440	3
3441	2
3442	2
3443	3
3444	5
3445	3
3446	5
19831	1
3448	4
3449	8
3450	1
3451	4
3452	2
3453	1
3455	1
3456	2
3457	6
3458	2
3459	2
3460	4
3461	4
3462	1
3463	5
3464	4
3465	4
19849	1
3466	2
3467	2
3469	6
3470	4
3471	4
3472	6
3473	3
3474	1
3475	4
3476	2
3477	1
3478	3
3479	3
3480	3
3481	5
3482	1
19866	1
3483	2
3484	2
3485	5
3487	3
3488	4
3489	6
3490	2
3491	1
3492	2
3493	5
3495	1
3496	3
3497	1
3498	4
3499	4
3500	3
3501	2
3502	1
3503	1
3504	3
3506	2
3507	4
3508	5
3509	2
3510	2
3511	2
3512	3
3513	2
3514	2
3515	1
3516	3
3518	2
3519	3
3520	4
3521	1
3522	2
3523	4
3524	1
3525	1
3526	3
3527	2
3529	3
3530	3
3531	5
3533	2
3534	2
3536	1
3537	2
3539	5
3540	2
3542	2
3543	4
3544	4
3545	6
19929	1
3546	1
3547	1
3548	2
3549	3
3550	5
3551	1
3552	3
3554	3
3555	3
3557	4
3558	2
3559	1
3560	2
3561	2
3562	1
3563	2
3564	5
3565	5
3566	2
3567	3
3568	3
3569	6
3570	4
3571	1
3572	3
3574	1
3575	4
3576	3
3577	3
3578	3
19963	1
3579	6
3580	3
3581	2
3582	2
3583	3
3584	2
3585	4
3586	1
3588	1
3589	3
3590	1
3591	2
3592	1
19977	1
3593	1
3594	2
3595	5
3596	2
3597	2
3598	3
3602	3
3603	4
3604	2
3605	2
3606	3
3607	3
3608	2
3609	2
3610	2
3611	1
3612	3
3613	1
3614	2
3615	5
3616	5
3617	3
3618	5
3619	2
3620	5
3621	3
3622	3
3623	3
3624	1
3625	3
3626	4
3627	2
3628	1
3629	1
3630	5
3631	6
3632	3
3633	3
3634	4
3635	2
3636	3
3637	3
3638	1
3639	2
3640	1
3642	5
20026	1
3643	1
3644	3
3645	3
3646	2
3647	3
3648	5
3649	2
3650	2
3651	2
3652	3
3653	3
3655	3
3656	4
3657	4
3658	1
3659	2
3660	2
3661	3
3662	3
3663	3
3664	1
3665	3
3666	3
3667	2
3668	3
3669	3
3670	8
3672	2
3673	1
3674	4
3675	2
20060	1
3677	2
3678	5
3679	6
3680	6
3681	1
3682	2
3683	4
3684	2
3685	3
3686	1
3687	1
3688	3
3689	2
20073	1
3690	1
3691	3
3692	1
3693	4
3695	3
3696	5
3697	2
3698	4
3699	5
3700	4
3701	5
3702	1
3703	3
3704	3
3705	2
3706	3
3707	1
3708	2
3709	5
3710	2
3711	2
3712	3
3713	2
3715	1
3716	1
3717	2
3718	3
3719	2
3720	4
3721	4
20105	1
3722	3
3723	3
3724	3
3725	4
3726	1
3727	3
3728	4
3729	4
3730	3
3731	2
3732	1
3733	4
3734	2
3735	2
3736	3
3737	3
3738	3
3739	3
3740	1
3741	4
3742	1
3743	1
3744	2
3745	2
3746	4
3747	7
3748	1
3749	2
3750	3
3751	2
3752	2
3753	2
3754	2
3755	2
3756	2
3757	3
3758	1
3759	2
3760	1
3762	5
3763	1
3764	2
3765	1
3767	1
3768	1
3769	4
3770	2
3771	3
3772	2
3773	3
3774	3
3775	2
3776	1
3777	1
3778	4
3779	1
3781	1
3782	3
3783	2
3784	6
3786	4
20170	1
3787	1
3788	1
3789	2
3790	2
3791	2
3792	1
3793	3
3794	1
3795	3
3796	1
3797	4
3798	1
3799	1
3800	6
3801	3
3802	2
3803	1
3804	3
3806	3
3807	4
3809	1
20193	1
3810	1
3811	2
20196	1
3812	1
3813	1
3814	2
3815	1
3816	3
3817	2
3818	2
3819	1
3820	2
3821	2
3822	1
3823	4
3824	3
3825	4
3826	3
20210	1
3827	4
3829	3
3830	3
3831	4
3832	3
3833	7
3835	3
3836	1
3837	3
3838	1
3839	3
3840	1
3841	2
3842	2
3843	2
3844	3
3845	2
3846	3
3847	4
3848	5
3849	1
3850	2
3851	3
3852	7
3853	1
3854	1
3855	2
3856	2
3857	1
3858	1
3859	2
3860	2
3861	1
3863	2
3864	2
3865	6
3866	1
3868	2
3871	5
3872	4
3873	4
3875	1
3876	1
3877	3
3878	3
3879	4
3880	2
3881	3
3882	1
3883	4
3884	2
3885	1
3886	3
3887	2
3888	4
3889	1
3890	1
3891	1
3892	2
3895	2
3896	1
3897	3
3898	1
3899	5
3900	1
3901	3
3902	1
3903	2
3904	1
3905	2
3906	4
3907	7
3908	3
3909	1
3911	2
3912	5
3913	2
3914	4
3915	4
3917	2
3918	4
3919	2
3920	2
3921	1
3922	4
3924	1
3926	4
3927	6
3928	5
3929	2
3930	3
3931	5
3932	3
3933	2
3934	3
3935	4
3936	3
3937	1
3938	1
3939	4
3940	2
3941	1
3942	2
3944	2
3945	2
3946	3
3947	1
3948	2
3949	1
3950	2
3951	1
3952	1
3953	6
3955	2
3956	3
3957	2
3958	3
3959	6
3960	2
3961	2
3962	3
3963	2
3964	1
20348	1
3965	3
3966	4
3967	2
3968	1
3969	1
3970	3
3971	1
3972	1
3973	1
3974	1
3975	5
3976	2
3977	3
3978	2
3979	2
3980	3
20364	1
3981	1
3982	2
3983	4
3984	2
3985	1
3986	3
3987	4
3988	2
20372	1
3989	2
3990	2
3991	1
3992	2
3993	2
3994	2
3995	6
3996	1
3997	2
3998	2
3999	3
4000	3
4001	2
4003	2
4004	2
4006	1
4007	2
4008	2
4009	2
4010	2
4011	2
4012	1
4013	1
4014	6
4015	1
4016	5
4017	2
4019	1
4020	7
4021	2
4022	4
4023	1
4024	2
4026	2
4027	2
4028	3
4029	1
4030	2
20414	1
4031	3
4032	4
4034	1
4035	2
4036	1
4037	3
4038	2
4039	2
20424	1
4041	3
4042	2
4044	1
4045	1
4046	1
4047	1
4048	3
4050	3
4051	2
4052	1
4054	2
4055	3
4056	1
20440	1
4059	1
4060	1
4061	4
4062	3
4063	2
4064	3
4066	1
4067	2
4068	1
4069	1
4070	1
4071	2
4072	2
4073	2
4074	2
4075	1
4076	3
4077	1
4079	2
4080	2
4081	4
4082	2
4083	3
4084	1
4085	1
4086	1
4087	3
4089	2
4090	2
4091	1
4092	1
4093	1
20478	1
4094	2
4095	4
4096	1
4097	2
4101	1
4102	4
4103	3
4104	1
4105	3
4107	1
4108	1
4110	3
4111	1
4113	2
4114	4
4115	4
4116	4
4117	2
4118	1
4122	3
4123	2
4125	3
4126	2
4127	1
4128	2
4129	1
4130	1
4131	1
4132	5
4134	1
4135	3
4136	1
4138	3
4139	2
4140	1
4141	2
4142	1
4143	2
4144	4
4145	4
20530	1
4146	1
4147	3
4148	3
4149	4
4150	3
4152	1
4153	3
4154	2
20538	1
4155	4
4156	4
4157	2
4158	2
4159	1
4160	2
4161	2
4162	3
20546	1
4163	2
4164	5
4165	1
4166	4
4167	1
4168	2
20552	1
4169	3
4170	2
4171	5
4172	1
4173	2
4175	2
4177	2
4178	2
4179	6
4180	2
4181	2
4183	5
4184	2
4185	5
4186	2
4187	2
4188	2
4189	2
4190	5
4191	2
4192	1
4193	1
4195	4
20579	1
20580	1
4197	3
4198	1
4201	1
4202	2
4203	3
4204	2
4205	4
4206	1
4207	5
4208	1
4209	3
4210	4
4211	3
4212	4
4213	1
4214	2
4215	2
4216	3
4217	3
4218	4
4219	2
4220	1
4221	3
4222	2
4223	1
4224	2
4225	2
4226	4
4227	2
4228	1
4231	2
4232	1
4233	3
4235	2
4236	1
4237	4
4238	1
4239	2
4240	1
4241	4
4243	3
4244	4
4245	1
4246	3
4248	2
4250	2
4251	1
4253	1
4254	3
4255	2
4256	2
4258	1
4259	2
4260	1
4261	2
4262	1
4263	1
4264	2
4265	2
4266	3
4267	1
4268	2
4269	4
4270	3
4272	1
4273	3
4274	8
4275	1
4276	3
4277	3
4278	2
4279	2
4280	3
4281	1
4282	3
4283	3
4284	2
4285	1
4287	2
4288	1
4289	5
4290	1
4291	2
4293	1
4294	2
4296	3
4297	1
4298	1
4299	2
4300	1
4301	1
4302	3
4303	1
4304	1
4305	1
4306	3
4307	1
4308	2
4310	2
4311	4
4312	4
4314	1
4315	1
4316	1
4317	1
4318	3
4319	1
4320	2
4323	4
4324	2
4325	2
4326	3
4327	2
4328	3
4329	2
4330	4
4331	3
4332	2
4333	2
4334	3
4335	2
4336	3
4337	4
4338	2
4340	1
4341	2
4342	4
4343	2
4344	2
4345	1
4347	3
4348	1
4349	1
4350	1
4351	2
4352	2
4353	2
4354	2
4355	1
4356	2
4357	2
4358	3
4359	2
4360	3
4361	3
4362	3
4363	3
4364	4
4365	3
4366	1
4367	2
4369	4
4370	3
4371	4
20757	1
4373	2
4374	2
4375	1
4376	1
4377	1
4378	1
4379	1
4380	1
4381	3
4382	7
4383	1
4384	3
4385	3
4386	2
20770	1
4387	2
4388	1
4389	1
4391	2
4392	2
4394	1
4395	2
4397	4
4398	3
4399	1
4402	2
4403	1
4404	3
4405	3
4406	1
4407	3
4409	3
4410	1
4411	1
4412	2
4413	6
4415	1
4416	1
4417	6
4418	1
4419	1
4420	1
4422	1
4423	3
4424	4
4425	1
4426	2
4427	3
4428	3
4430	7
4431	2
4432	2
4433	1
4434	1
4435	3
4436	1
4437	2
4438	2
4439	1
4440	1
4441	2
4443	1
4446	2
4447	2
4449	2
4450	1
4453	2
4454	1
4455	2
4456	2
4458	2
4460	1
4461	1
4463	1
4464	2
4465	1
4466	1
4467	3
4469	6
4471	2
4472	2
4474	5
4475	5
4476	2
4477	3
4478	2
4479	2
20863	1
4480	1
4481	1
4482	1
20866	1
4483	1
4484	1
4485	2
4487	1
4490	1
4491	2
4492	1
4493	2
4494	2
4496	1
4498	3
4499	1
4500	3
4502	2
4504	1
4505	2
4506	2
4509	1
4510	1
4511	3
4512	4
4513	1
4515	2
4517	1
4519	1
4520	1
4521	2
4522	2
4523	1
4525	1
4526	3
4527	2
4528	1
4529	3
4530	1
4532	2
4534	2
4536	1
4537	3
4538	3
4539	2
4542	3
4543	1
4544	2
4545	5
4546	1
4548	3
4549	2
4550	1
4551	2
4552	1
4553	1
4554	2
4555	2
4556	2
4557	1
4558	4
4560	1
4561	1
4562	3
4564	1
4565	1
4566	1
4567	3
4568	3
4570	1
4571	2
4572	4
4573	2
4574	1
4575	3
4576	3
4577	2
4578	2
4579	2
4583	1
4584	3
4586	1
4587	1
4589	2
4590	1
4591	3
4593	2
4596	1
4597	3
4598	1
4599	3
4602	2
4603	1
4604	2
4605	1
4606	3
4607	2
4608	1
4609	1
4613	3
4614	1
4615	2
4616	1
4618	3
4622	1
4623	1
4624	1
4625	1
4626	2
4627	2
4628	2
4629	1
4630	1
4631	1
4632	1
4634	1
4635	1
4636	1
4637	1
4639	3
4641	1
4643	1
4644	1
4645	3
4646	2
4647	2
4650	3
4651	2
4654	2
4655	2
4656	1
4657	3
4658	2
4659	3
4660	3
4661	2
4662	3
4666	4
4667	1
4668	3
4669	1
4670	1
4671	3
4672	1
4673	1
4674	1
4675	3
4676	1
4677	1
4678	2
4680	3
4682	2
4683	1
4684	2
4686	2
4687	2
4688	2
4689	2
4690	2
4691	1
4692	1
4693	2
4695	1
4696	3
4697	1
4698	1
4699	1
4701	1
4702	2
4704	1
4705	1
4706	2
4707	1
4708	3
4709	1
4711	3
4712	1
4714	2
4716	1
4717	1
4720	1
4721	2
4723	2
4724	2
4725	2
4726	5
4727	1
4728	1
4729	1
4730	1
4731	4
4732	3
4733	1
4734	1
4735	3
4736	1
4737	1
4738	2
4739	1
4740	2
4742	3
4744	2
4745	1
4746	3
4747	1
4748	5
21133	1
4750	3
4752	1
4754	2
4756	4
4757	2
4759	1
4760	1
4761	2
4763	3
4764	1
21149	1
4765	3
4767	2
4768	1
4769	3
4771	1
4772	1
4773	3
4778	4
4780	1
4782	2
4786	1
4790	3
4791	1
4792	2
4793	1
4794	1
4795	2
4797	1
4798	1
4799	1
4800	2
4801	1
4802	1
4804	2
4805	4
4806	2
4807	3
4808	1
21193	1
4811	1
4813	1
4815	3
4816	2
4817	1
21201	2
4818	2
4820	1
4821	1
4823	1
4824	1
4826	4
4829	1
4830	2
4831	3
4832	2
4833	2
4836	2
4837	1
4838	2
4839	1
4843	2
4844	1
4845	2
4846	2
4847	3
4848	1
4849	1
4850	3
4851	4
4854	1
21239	2
4856	1
4858	1
4861	3
4862	1
4864	1
4865	2
4866	1
4867	1
4869	1
4871	1
4872	1
4873	1
4879	3
4880	3
4881	2
4882	1
4885	3
4886	1
4887	3
4888	4
4889	1
4891	1
4892	1
4893	5
4895	1
4896	2
4897	1
4899	2
4900	1
4901	1
4905	1
4906	1
4907	1
4908	1
4909	1
4910	3
4912	1
4913	1
4914	1
4917	1
4918	1
4920	1
4921	2
4922	1
4923	1
4924	1
4925	1
4926	1
4927	1
4928	4
4929	1
4931	1
4932	1
4933	2
4935	3
4936	1
4938	1
4939	2
4941	1
4944	1
4945	2
4946	1
4948	1
4950	1
4952	1
4953	2
4954	2
4955	2
4956	2
21344	1
4960	2
4962	1
4964	1
4965	1
4967	1
4969	2
4971	1
4974	2
4975	1
4976	3
4978	1
4980	2
4982	3
4983	2
4985	2
4986	2
4987	1
4988	2
4989	1
4990	1
4992	2
4993	1
4996	3
4997	1
4999	2
5000	1
5002	1
5003	1
5004	2
5005	1
5006	1
5007	2
5008	1
5009	1
5010	3
5011	2
5013	1
5014	1
5015	1
5016	1
5017	1
5019	1
5020	1
5023	2
5024	1
5026	3
5027	1
5029	2
5031	2
5032	1
5033	3
5034	3
5035	4
5037	2
5038	4
5042	2
5043	1
5044	1
5049	2
5051	1
5055	3
5059	2
5062	1
5063	1
5065	2
5066	1
5067	2
21452	1
5070	1
5071	2
5072	1
5073	1
5074	1
5075	1
5076	1
5077	2
5078	3
5079	2
5081	4
5082	3
5083	1
5084	2
5086	3
5087	2
21471	1
5088	2
5089	1
5091	3
5092	1
5094	2
5098	1
5099	2
5100	2
5101	2
5102	1
5103	2
5105	2
5107	2
5108	3
5110	2
5111	1
5112	1
5113	2
5116	2
5117	2
5118	3
5120	1
5122	1
5123	1
5124	1
5125	1
5126	3
5128	2
21512	1
5129	1
5130	3
5131	1
5133	1
5135	3
5136	2
5137	1
5141	1
5144	1
5145	2
5147	2
5148	1
5149	4
5151	1
5152	3
5153	1
5154	1
5155	1
5156	1
5157	1
5160	1
5161	1
5162	1
5164	1
5166	1
5167	1
5168	1
5169	2
5170	1
5171	2
5172	2
5174	3
5176	2
5177	1
5179	2
5181	2
5182	1
5187	1
5188	2
5190	2
5191	1
5192	3
5193	1
5194	1
5195	1
5198	2
5200	2
5202	1
5203	1
5204	1
5207	2
5208	1
5209	3
5210	1
5213	1
5214	2
5216	1
5217	2
5219	1
5220	2
5221	1
21606	1
5222	1
5223	1
5228	1
5230	3
5233	3
5234	2
5236	1
5241	1
5242	2
5243	1
5244	1
5246	1
5247	2
5249	1
5250	1
5251	4
5252	3
5253	1
5254	1
5255	1
5256	2
5258	1
21643	1
5261	1
5263	1
5264	3
5265	2
5267	1
5268	1
5269	2
5270	3
5271	1
5273	1
21658	1
5274	2
5277	1
5278	1
5280	1
5281	1
5282	1
5283	1
5285	1
5286	1
5291	1
5292	1
5293	2
5295	3
5296	2
5297	2
5298	2
5301	1
5302	4
5303	1
5304	3
5305	3
5306	1
5307	2
5309	1
5310	1
5312	1
5313	2
21697	1
5314	1
5315	4
5316	2
5317	1
5324	1
5329	2
5330	1
5331	1
5333	1
5335	1
5336	1
5337	1
5339	1
5340	1
5341	1
5343	1
5344	3
5345	1
5349	1
5350	2
5352	1
5353	2
5354	1
5356	1
5358	1
5360	1
5364	1
5368	1
5369	2
5370	1
5372	1
5373	1
5374	3
5375	1
5379	2
5381	1
5383	1
5385	1
5386	2
5387	1
5388	1
5389	1
5390	2
5392	2
5393	1
5394	2
5395	2
21779	1
5397	1
5398	1
5401	2
5402	1
5403	1
5404	2
5405	1
5406	1
5407	2
5411	1
5412	1
5413	1
5416	1
5418	2
5419	1
5420	1
5421	1
5427	3
5430	2
5431	3
5433	2
5436	1
5438	1
5439	2
5441	1
5442	2
5444	2
5445	1
5447	1
5448	1
5449	1
5450	1
5451	1
5452	1
5453	1
5455	1
5456	1
5457	1
5459	1
5463	2
5465	2
5472	1
5473	1
5474	1
5475	1
5476	1
5477	2
5479	2
5480	1
5481	3
5482	1
5483	1
5486	1
5489	1
5492	2
5493	1
5494	1
5496	1
21882	1
5498	1
21884	1
5502	1
5503	2
5505	2
5508	2
5510	1
5511	2
5512	2
5514	1
5515	1
5517	2
5519	2
5520	2
5521	2
5522	1
5524	1
5528	1
5529	2
5531	2
5533	1
5534	1
5535	1
5536	2
5537	1
5538	1
5540	1
5541	2
5542	1
21928	1
5546	1
5547	1
5548	2
5550	1
5552	3
5554	2
5555	2
5556	1
5557	1
5558	3
5559	2
5560	1
5563	3
5565	2
5569	1
5570	1
5576	2
5577	2
5578	1
5582	1
5583	1
5589	1
5595	2
5596	2
5597	2
5598	1
5600	2
5603	1
5604	1
5605	1
21993	1
5613	1
5614	1
5615	1
5616	2
5617	1
5618	3
5619	1
5620	1
5623	1
5624	2
5629	1
5633	2
5634	4
22022	1
5644	1
5646	1
5648	1
5650	1
5651	1
5652	4
22036	1
5653	1
5654	1
5661	1
5663	1
5664	1
5665	2
5669	1
5671	1
5673	1
5676	2
5678	3
5680	1
5681	2
5685	1
5687	1
5689	1
5691	2
5692	1
5696	1
5698	2
5699	1
5701	4
5703	1
5706	1
5708	2
5711	2
5714	3
5716	2
5721	3
5723	1
5725	1
5727	1
5728	2
5731	2
5739	2
5740	1
5741	1
5744	3
5745	3
5746	1
5747	1
5748	1
5749	1
5750	1
5751	3
5753	1
5756	1
5762	1
5763	1
5764	1
5765	1
5766	1
5767	1
5768	1
5771	1
5774	1
5775	1
5776	1
5778	2
5782	2
5784	1
5785	1
5788	1
5790	1
5791	2
5793	2
5795	2
5796	1
5797	1
5798	1
5799	1
5802	2
5803	2
5804	2
5805	1
5806	2
5808	3
5809	1
5811	1
5818	1
5819	1
5823	1
5827	1
5829	1
5831	2
5832	2
5833	1
5835	1
5836	1
5839	1
5842	1
5843	1
5846	1
5850	1
5851	2
5852	1
5856	2
5858	2
5859	1
5860	1
5864	1
5869	2
5870	2
5872	1
5873	2
5874	2
5876	1
5878	3
5879	1
5881	1
5882	1
5884	1
5889	1
5892	1
5897	2
5900	1
5901	1
5903	1
5905	1
5906	1
5907	2
5908	1
22292	1
5910	1
5912	1
22299	1
5916	2
5917	1
5918	1
5921	1
5922	1
5928	2
5929	1
5930	1
5931	1
5934	1
5943	2
5944	1
5945	1
5947	1
5950	1
5951	1
5956	1
5961	1
5963	1
5964	2
5966	1
5969	1
5973	1
5974	1
5976	1
5978	1
5979	1
5980	1
5984	1
5985	1
5988	1
5993	1
6004	1
6006	1
6012	1
6016	1
6019	1
6020	1
6025	1
6028	1
6029	1
6030	1
6031	1
6032	1
6036	2
22421	1
6040	1
6043	1
6046	1
6048	1
6050	1
6052	1
6053	2
6055	1
6057	1
6058	2
6059	1
6060	1
6061	1
6063	2
6064	1
22451	1
6069	1
6070	1
6071	1
6074	1
6076	1
6078	2
6080	1
6081	1
6082	1
6083	2
6084	1
6087	1
6089	1
6090	1
6093	1
6094	1
6097	1
6099	1
6101	2
6103	1
6104	1
6106	1
6108	1
6113	1
6114	1
6115	2
6116	1
6118	1
6120	1
6122	1
6126	1
6128	1
6130	2
6132	2
6133	1
6134	1
6136	1
6137	1
6138	1
22523	1
6142	2
6143	1
6144	1
6145	1
6148	1
6151	1
6155	1
6160	1
6163	1
6164	1
6165	1
6167	1
6168	1
6171	1
6175	1
6180	1
6184	2
6192	2
6195	3
6199	1
6204	1
6205	1
6209	1
6210	1
6212	1
6215	1
6217	1
6218	1
6219	2
6220	1
6221	1
6223	1
6225	1
6232	1
6237	2
6239	1
6246	1
6247	1
6249	1
6250	2
6251	1
6253	1
6260	1
6265	2
6266	2
6267	1
6274	1
6279	1
6282	2
6285	1
6287	1
6295	2
6296	1
6297	3
6299	1
6300	1
6307	1
6312	1
6316	1
6323	1
6324	2
6325	1
6326	1
6327	2
6332	1
6340	1
6341	1
6343	1
6344	1
6345	2
6346	1
6349	1
6353	2
6356	2
6357	1
6358	1
22743	1
6360	1
6363	1
6365	1
6369	1
6375	1
6377	2
6379	2
6387	1
22773	1
6390	1
6392	1
6402	1
6403	2
6405	1
6406	1
6407	1
6408	3
6411	2
22795	1
6412	3
6413	1
6418	1
6419	1
6420	1
6422	1
6429	1
6431	1
6435	1
6436	1
6438	1
6443	1
6444	1
6445	3
6453	2
6454	1
6455	2
6457	1
6459	1
6463	1
6464	2
6465	1
6467	2
6472	1
6478	1
6482	1
6483	2
6484	1
6487	1
6489	1
6491	2
6498	1
6501	1
6503	1
6504	1
6508	2
6513	1
6514	1
6520	1
6521	1
6525	1
6527	1
6529	1
6530	2
6532	2
6533	1
6535	1
6538	2
6539	2
6541	1
6542	1
6543	1
6546	1
22931	1
6547	2
6553	1
6556	2
6557	1
6559	1
6562	1
6564	1
6568	1
6569	1
6570	1
6574	1
6576	1
6579	1
6580	1
6582	1
6586	1
6588	3
6590	1
6591	1
6592	1
6593	1
6594	1
6597	1
6599	2
6604	1
6605	2
6607	1
6610	1
6612	1
6613	2
6614	1
6616	1
6618	1
6624	2
6626	1
6627	2
6629	2
6637	1
6638	1
6642	1
6643	1
6645	1
6646	1
6647	1
6648	2
6650	2
6653	1
6657	1
6659	1
6660	1
6663	1
6665	1
6666	1
6668	1
6671	1
6673	1
6674	1
6679	1
6680	1
6681	1
6685	1
6686	2
6687	1
6688	1
6694	1
6695	1
6696	1
6699	1
6713	1
6714	1
6717	2
6724	1
6731	1
6732	1
6733	1
6736	1
6738	1
6742	1
6750	2
6752	1
6753	1
23139	1
6757	1
6758	1
6760	1
6765	1
6766	1
6770	1
6778	1
6779	1
6781	1
6783	2
6784	1
6786	2
6790	1
6792	1
6793	1
6797	1
6803	1
6805	1
6806	1
6808	1
6810	1
6813	2
6815	1
6817	2
6818	1
6823	1
6825	1
6829	1
6830	1
6836	1
6838	1
6840	2
6845	1
6846	1
6847	1
6849	1
6851	1
6853	3
6854	1
6862	1
6864	1
6865	2
6867	1
6870	1
6871	1
6873	1
6880	1
6882	2
6883	1
6894	1
23279	1
6896	1
6897	1
6898	1
6899	1
6900	1
6901	1
6902	2
6906	1
6907	1
6908	1
6916	1
6923	1
6925	1
6931	1
6937	1
6939	3
6940	2
6942	1
6944	1
6946	1
6952	1
6954	2
6955	1
6956	2
6957	1
6960	3
6965	1
6967	1
6970	1
6975	1
6976	2
6981	1
6984	2
6986	1
6987	1
6989	1
6990	1
23376	1
6995	2
23380	1
6998	1
6999	1
7002	2
7003	1
7004	2
7011	1
7014	1
7015	1
7018	1
7022	1
7031	1
7034	1
7036	1
7041	2
7047	1
7049	2
7063	1
7066	1
7068	2
7069	1
7073	2
7074	1
23460	1
7082	1
23467	1
7084	1
7085	1
7087	2
7096	1
7098	1
7099	1
7102	1
7104	2
7105	1
23490	1
7107	1
23494	1
7115	1
7118	1
7121	1
7122	1
7123	1
7128	1
7129	1
7130	1
7131	1
7132	2
7138	4
7139	1
7150	1
7151	1
7154	1
7155	1
7156	2
7161	1
7165	1
7167	1
7173	1
7179	1
7180	1
7181	1
7185	1
7189	1
7190	1
7191	2
7193	1
7194	1
7195	1
7196	1
7197	1
7198	1
7199	1
7201	1
7204	1
7205	1
7206	1
7209	2
7210	2
7211	1
7214	1
7216	1
7223	1
7227	1
7235	1
7242	1
7248	1
7250	1
7258	1
7261	2
7263	1
7266	1
7270	1
7275	1
7279	1
7281	1
7283	1
7287	1
7290	1
7293	1
7297	1
7299	1
7306	1
7309	1
7310	1
7311	1
7314	1
7316	1
7319	1
7320	1
7321	1
7322	1
7323	1
7325	1
23713	1
7332	2
7336	1
23721	1
7341	1
7344	1
7348	1
7349	1
7354	2
7359	1
7360	1
7371	1
7375	1
7379	1
7381	1
7383	1
7386	1
7388	1
7397	1
23787	1
7404	1
7405	1
7406	1
7414	1
7415	1
7419	1
7420	1
7428	2
7429	1
7431	2
7438	2
7439	1
7440	1
7443	1
7444	1
7445	1
23833	1
7452	2
7457	1
7458	2
7460	1
7463	1
7465	4
7470	1
7474	2
7482	2
7485	1
7490	1
7492	1
7494	1
7514	1
7515	1
7523	1
7526	1
7527	1
7530	1
7535	1
7543	1
7544	1
7549	2
7551	1
7554	1
7559	1
7561	1
7570	1
7575	2
7581	2
7582	1
7583	1
7584	1
7592	1
7593	1
7595	1
7596	1
7597	2
23981	1
7598	1
7599	1
7604	2
7607	1
7608	1
7612	1
7616	1
7617	1
7621	1
7625	2
7627	1
7631	1
7633	1
7638	1
7639	1
7640	1
7644	1
7646	1
7650	1
7653	1
7656	1
7662	1
7664	1
7666	1
7669	1
7672	1
7673	1
7674	1
7675	1
7676	1
7679	2
7680	1
7687	1
7694	1
7695	1
7699	1
7700	1
7701	1
7704	1
7705	1
7715	1
7717	1
7720	1
7721	1
7724	1
7725	1
7730	1
7731	2
7732	1
24118	1
7741	1
7746	1
7747	1
7750	1
7754	1
7757	1
7760	1
7762	2
7763	2
7779	1
7781	1
7782	1
7784	1
7785	1
7786	1
7788	1
7789	2
7790	1
7794	1
7797	1
7798	1
7801	1
7803	2
7804	1
7805	2
7809	1
7815	1
7816	1
7818	1
7819	2
7820	1
7822	2
7825	1
7826	1
7830	1
7832	1
7837	1
7838	1
7839	1
7840	1
7845	1
7848	1
7849	1
7852	1
7853	1
7854	2
7855	1
7856	1
24241	1
7860	1
7862	1
7867	1
7868	1
24253	1
7871	2
7879	2
7884	1
7885	1
7886	1
7888	1
7889	3
7892	1
7897	1
7903	1
7908	1
7912	1
7913	2
7916	1
7917	1
7920	1
7923	1
7925	1
7927	1
7928	1
7943	2
7946	1
7949	1
7951	1
7954	1
7956	1
7958	1
7960	1
7964	1
7966	1
7967	1
7975	1
7977	1
7978	2
7980	1
7981	1
7982	1
7985	1
7987	1
7990	1
7992	2
7995	1
7998	1
7999	1
8000	1
8005	1
8018	1
8024	1
8031	1
8035	1
8038	1
8040	1
8054	1
8057	1
8058	1
8062	1
8065	2
8068	1
8069	1
8074	1
8075	1
8079	1
8084	1
8086	3
8087	1
8088	1
8089	1
8090	1
8100	1
24487	1
8103	1
8104	2
8108	1
8109	1
8112	1
8120	1
8124	1
8125	1
8130	1
8139	2
8143	1
8147	1
8148	1
8151	1
8153	1
8157	1
8158	1
8160	1
8166	1
8169	1
8170	1
8183	1
8187	1
8189	1
8192	1
8197	1
24589	1
8211	1
8213	1
8219	1
8224	1
8226	1
8227	1
8232	1
8233	1
8241	1
8242	1
8244	1
8246	1
8249	1
8256	1
8263	1
8266	1
8268	1
8270	2
8273	1
8275	2
8279	1
8280	1
8283	1
8284	1
8286	1
8287	2
8290	1
8299	1
8302	1
8303	1
8309	2
8310	1
8311	2
8321	1
8325	1
8331	1
8338	1
8340	1
8346	1
8348	1
8350	1
8358	1
8363	1
8364	1
8372	1
8373	3
8374	1
8375	1
8386	1
8389	1
8390	1
8392	1
8400	1
8410	1
8415	1
8417	1
8421	1
8427	1
8432	2
8433	1
8434	1
8437	1
8439	2
8440	1
8441	2
8454	2
8457	1
8460	2
8464	1
8470	1
8472	2
8476	1
8480	2
8489	1
8492	1
8494	1
8496	1
8497	1
8498	1
8506	1
8508	1
8520	1
8521	1
8523	1
8528	1
8534	1
8551	1
8555	1
8560	1
8563	1
8570	1
8571	1
8574	1
8576	1
8585	1
8590	1
24975	1
24982	1
8601	3
8603	1
8606	1
8618	1
8620	1
8621	1
8625	1
8628	1
8629	1
8633	1
8636	1
8640	1
8641	1
8643	1
8644	1
8645	1
8647	1
8648	1
8650	1
8651	2
8654	1
8655	1
8657	1
8665	1
8669	3
8670	1
8671	1
8674	1
8676	1
8678	1
8679	1
8684	1
8688	1
8690	1
8697	1
8703	1
8705	1
8707	1
8715	1
8722	1
8729	1
8733	1
8739	1
8741	1
8746	1
8751	1
8753	1
8754	1
8757	1
8762	1
8767	1
8771	1
8773	1
8774	1
8780	1
8781	1
8782	1
8785	2
8794	1
8797	1
8812	1
8819	1
8822	1
8824	1
8825	1
8828	2
8830	1
8849	1
8852	1
8855	2
8856	1
8857	1
8858	1
8860	1
8863	1
8864	1
8872	1
8877	1
8879	1
8884	2
8885	1
8886	1
8894	1
8895	1
8900	1
8903	3
8910	1
8912	2
8918	2
8923	1
8926	1
8931	1
8936	1
8937	1
8941	1
8944	1
8953	1
8954	1
8960	1
8962	1
8981	1
8982	2
8992	2
8993	1
8995	1
8997	3
8998	1
9010	2
9022	1
9023	1
9025	1
9029	1
9037	2
9040	1
9048	1
9050	1
9053	1
9054	1
9056	1
9059	1
9063	1
9064	1
9065	1
9072	1
9075	1
9087	1
9088	1
9090	1
9094	1
9095	1
9096	2
9103	1
9104	1
9106	1
9110	2
9115	1
9120	2
9125	1
9130	1
9131	1
9135	1
9136	1
9140	3
9141	1
9146	1
9149	1
9150	1
9164	1
9165	1
9167	1
9170	1
9171	1
9174	1
9176	1
9177	1
9179	1
9180	1
9186	1
9188	1
9189	1
9193	1
9195	2
9197	1
9198	1
9203	1
9211	1
9212	1
9222	1
9225	1
9230	1
9234	1
9238	1
9247	1
9248	1
9253	1
9261	1
9267	2
9275	1
9284	1
9291	1
9303	2
9318	1
9322	1
9326	1
25717	1
9336	1
9343	1
9347	2
9349	1
9351	1
9352	1
9355	1
9359	1
9364	1
9368	1
9378	1
9379	1
9383	1
9385	1
9391	1
9401	1
9402	1
9403	1
9410	2
9412	1
9419	1
9422	1
9448	1
9452	1
9457	1
9462	1
9464	2
9473	1
9477	2
9480	1
9486	1
9491	1
9499	1
9509	1
9520	2
9524	1
9525	1
9526	1
9527	1
9536	1
9539	1
9542	1
9543	1
9544	1
9547	1
9548	1
9550	1
9551	1
9553	1
9560	2
9563	1
9570	1
9571	1
9574	1
9575	1
9582	1
9587	1
9588	1
9595	1
9597	1
9598	1
9601	1
9602	1
9620	1
9621	1
9623	1
9625	1
9629	3
9630	1
9639	1
9646	1
9652	2
9653	1
9654	1
9656	1
9657	1
9661	1
9666	1
9671	1
9675	1
9677	1
9680	1
9687	1
9689	1
9690	1
9694	1
9709	2
9715	1
9721	1
9723	1
9725	1
9727	1
9730	1
9733	1
9734	1
9735	1
9736	1
9741	1
9753	1
9758	1
9770	1
9771	1
9776	1
9784	1
9791	1
9792	1
9797	1
9805	1
9806	1
9807	2
9814	1
9815	1
9816	1
9818	1
9819	1
9824	1
9834	1
9835	1
9840	1
9845	1
9846	1
9854	1
9855	1
9856	1
9858	1
9860	1
9869	1
9872	1
9874	1
9881	1
9883	1
9887	1
9888	1
9891	1
9895	1
9896	1
9899	1
9901	1
9902	1
9907	1
9911	1
9917	3
9918	1
9919	1
9921	1
9922	1
9925	1
9926	1
9933	1
9935	1
9942	1
9945	1
9949	2
9951	1
9968	1
9978	1
9979	1
9982	2
9983	1
9984	1
9988	1
9989	1
9991	1
10008	1
10011	2
10016	1
10020	1
10026	1
10031	1
10032	1
10034	1
10038	1
10047	1
10053	1
10054	1
10057	1
10062	1
10063	2
10074	1
10076	1
10079	1
10088	1
10103	1
10105	1
10107	2
10119	1
10128	1
10130	1
10131	1
10134	1
10136	1
10142	1
10149	1
10153	3
10157	1
10160	2
10163	1
10175	1
10183	1
10187	1
10189	1
10193	1
10194	1
10195	1
10196	1
10207	1
10211	1
10213	1
10214	1
10217	1
10233	1
10234	1
10240	1
10241	1
10243	1
10244	1
10250	1
10255	1
10257	2
10263	1
10264	1
10274	1
10285	1
10293	1
10296	1
10298	1
10299	2
10300	1
10301	2
10307	1
10310	1
10321	3
10326	1
10327	1
10329	1
10333	1
10339	1
10340	1
10341	1
10345	1
10346	1
10353	1
10356	1
10360	1
10363	1
10364	1
10368	1
10370	2
10383	1
10384	2
10385	1
10388	1
10389	1
10404	1
10406	1
10408	1
10412	3
10415	2
10423	1
10424	1
10431	1
10433	1
10435	1
10446	1
10450	1
10452	1
10455	1
10460	1
10468	1
10469	1
10480	2
10483	1
10486	1
10487	1
10489	1
10494	1
10495	1
10498	1
10500	2
10504	1
10510	1
10511	1
10515	2
10521	1
10523	1
10524	1
10526	1
10527	1
10528	1
10533	1
10535	1
10536	2
10546	1
10554	1
10563	1
10564	1
10568	2
10569	1
10574	2
10576	1
10577	2
10579	1
10580	1
10582	1
10593	1
10601	1
10602	1
10606	1
10609	1
10611	1
10616	1
10618	1
10631	1
10638	1
10640	1
10641	1
10647	1
10650	1
10661	1
10663	1
10664	1
10669	2
10675	1
10677	1
10684	1
10696	1
10700	1
10702	1
10704	1
10705	1
10707	1
10712	2
10719	2
10744	1
10751	1
10752	1
10756	1
10764	1
10766	1
10767	1
10769	1
10771	1
10774	1
10775	1
10776	1
10778	1
10782	1
10783	1
10786	1
10789	1
10794	1
10795	1
10807	1
10811	1
10825	2
10827	1
10829	1
10833	1
10841	1
10847	1
10850	1
10854	2
10857	1
10874	2
10886	1
10890	2
10894	1
10895	1
10898	1
10900	1
10906	1
10907	1
10911	1
10913	1
10918	1
10921	1
10926	1
10930	1
10936	1
10944	1
10953	2
10961	2
10962	1
10964	1
10965	1
10971	2
10973	1
10975	1
10976	1
10983	1
10997	1
11003	1
11007	1
11009	1
11030	1
11045	1
11048	2
11051	1
11057	1
11062	1
11063	1
11068	1
11069	1
11071	1
11090	1
11093	1
11098	1
11107	1
11108	1
11109	1
11120	1
11135	1
11138	1
11139	1
11145	1
11146	1
11168	1
11169	3
11174	1
11180	1
11185	1
11187	1
11188	1
11191	2
11197	1
11212	1
11214	1
11219	1
11225	1
11229	1
11238	1
11243	1
11244	1
11250	1
11252	1
11262	1
11267	1
11276	1
11278	1
11287	2
11288	1
11297	1
11302	1
11308	1
11320	1
11322	1
11325	1
11332	1
11334	1
11335	1
11354	2
11355	1
11359	2
11372	1
11375	1
11377	1
11381	2
11388	1
11395	1
11398	2
11399	1
11412	1
11414	1
11418	1
11419	1
11422	1
11425	1
11430	1
11432	1
11436	1
11437	1
11442	1
11443	1
11455	1
11460	1
11462	1
11465	1
11467	1
11470	1
11471	2
11474	1
11477	1
11478	1
11480	1
11482	1
11492	1
11497	1
11498	2
11502	1
11505	1
11509	1
11517	2
11527	1
11530	1
11538	1
11543	1
11544	1
11549	1
11552	1
11553	1
11557	1
11560	1
11562	1
11566	2
11568	1
11569	1
11572	1
11588	1
11596	1
11609	1
11616	1
11617	1
11620	1
11627	1
11632	1
11646	1
11647	1
11648	1
11650	1
11651	1
11652	1
11654	1
11660	1
11664	1
11674	1
11686	1
11706	1
11708	1
11712	1
11731	1
11734	1
11736	1
11738	2
11740	1
11756	1
11766	1
11773	1
11775	1
11779	1
11781	1
11790	2
11792	1
11793	1
11795	1
11800	1
11804	1
11809	1
11815	1
11817	1
11822	1
11834	1
11839	1
11844	1
11853	1
11857	1
11858	2
11864	1
11866	2
11872	1
11873	1
11875	1
11878	1
11882	2
11888	1
11890	1
11897	1
11900	1
11903	1
11925	1
11929	1
11931	1
11933	1
11948	1
11960	1
11962	1
11964	1
11974	1
11977	2
11981	2
11982	1
11986	1
11990	1
11997	1
11998	1
12001	1
12010	1
12012	1
12016	1
12020	1
12034	1
12037	1
12041	1
12049	2
12069	1
12080	1
12092	1
12093	1
12105	1
12115	1
12121	1
12127	1
12128	1
12143	1
12149	1
12159	1
12168	1
12176	1
12177	1
12178	1
12187	1
12190	1
12196	1
12200	1
12205	1
12221	1
12227	1
12231	1
12240	1
12255	1
12256	1
12259	1
12260	1
12276	1
12285	1
12300	1
12302	1
12303	1
12306	1
12308	2
12310	1
12311	1
12321	1
12323	1
12324	1
12335	1
12339	1
12350	1
12356	1
12364	1
12367	1
12380	1
12383	1
12385	1
12386	2
12397	1
12398	1
12403	1
12408	1
12429	1
12436	1
12437	1
12439	3
12446	1
12454	1
12458	1
12459	1
12462	1
12469	1
12476	1
12482	1
12483	1
12486	1
12493	1
12501	1
12504	1
12518	1
12525	1
12533	1
12547	1
12555	1
12570	2
12572	1
12582	1
12589	1
12590	1
12592	1
12593	2
12595	1
12601	1
12605	1
12609	1
12612	1
12617	1
12620	1
12635	1
12640	1
12650	1
12659	1
12681	1
12686	1
12687	1
12688	1
12707	1
12714	1
12715	1
12722	1
12723	1
12727	1
12729	1
12737	2
12740	1
12759	1
12761	1
12763	1
12764	1
12766	1
12768	1
12778	1
12787	1
12788	1
12790	1
12796	1
12798	1
12817	1
12818	2
12826	1
12850	1
12852	1
12853	1
12854	1
12858	1
12860	1
12863	1
12866	1
12870	1
12903	1
12908	1
12913	1
12916	1
12922	1
12925	1
12934	1
12935	1
12936	1
12939	2
12941	1
12946	1
12953	1
12958	1
12963	1
12975	1
13002	1
13006	1
13008	2
13011	1
13015	2
13020	1
13037	1
13038	1
13045	1
13052	1
13054	1
13055	1
13056	1
13057	1
13058	1
13063	1
13064	1
13065	1
13067	1
13072	1
13075	1
13085	1
13087	1
13090	1
13094	1
13112	1
13116	1
13120	1
13122	1
13165	1
13183	1
13196	1
13197	1
13205	1
13206	1
13209	1
13233	2
13235	3
13236	1
13248	1
13252	1
13268	1
13284	1
13292	1
13296	1
13323	1
13324	1
13333	1
13338	1
13359	1
13366	1
13367	1
13369	1
13371	2
13378	1
13383	1
13385	1
13394	1
13395	1
13397	1
13399	1
13400	1
13401	1
13404	1
13413	2
13423	1
13430	1
13432	1
13433	1
13446	1
13448	1
13452	1
13466	1
13483	1
13495	1
13499	1
13500	1
13502	1
13506	2
13512	1
13513	1
13515	1
13529	1
13532	1
13536	1
13548	1
13553	1
13554	1
13556	1
13562	1
13563	1
13567	1
13573	1
13592	1
13595	1
13596	1
13621	1
13629	1
13635	1
13638	1
13650	1
13658	1
13661	1
13662	1
13674	1
13675	1
13682	1
13687	1
13690	1
13709	2
13720	1
13738	1
13743	1
13745	1
13752	1
13756	1
13766	1
13770	1
13773	1
13783	1
13795	1
13800	1
13804	1
13809	1
13816	1
13827	1
13835	2
13838	1
13850	1
13853	1
13867	1
13871	1
13873	1
13877	1
13883	1
13887	2
13905	1
13912	1
13924	1
13926	1
13928	1
13932	1
13935	1
13939	1
13943	1
13947	1
13954	1
13960	1
13965	1
13969	1
13977	1
13981	1
13987	1
13989	1
13997	1
14006	1
14016	1
14027	1
14032	1
14034	1
14050	1
14056	1
14059	1
14064	1
14068	1
14078	1
14083	1
14085	1
14103	1
14113	1
14117	1
14124	1
14125	1
14126	1
14131	1
14138	1
14139	1
14140	1
14147	1
14152	1
14156	1
14161	1
14165	1
14177	2
14180	1
14181	1
14188	1
14194	1
14196	1
14203	2
14205	1
14210	1
14217	1
14228	1
14230	1
14242	1
14247	1
14248	1
14249	1
14256	1
14261	1
14262	1
14267	1
14268	1
14269	1
14280	1
14285	1
14290	1
14293	1
14305	1
14308	1
14311	1
14312	1
14314	1
14316	2
14328	3
14333	1
14338	1
14339	1
14348	1
14370	1
14379	1
14397	1
14403	1
14406	1
14413	1
14417	1
14426	1
14443	1
14446	1
14460	1
14467	1
14468	1
14482	1
14493	1
14494	1
14498	1
14501	1
14503	1
14506	1
14511	1
14522	1
14523	1
14530	1
14535	1
14536	1
14544	1
14545	1
14553	1
14568	1
14574	1
14586	1
14590	1
14600	1
14601	1
14624	1
14628	1
14630	2
14632	1
14634	1
14637	1
14648	1
14649	1
14656	1
14698	1
14702	1
14703	1
14710	1
14711	1
14712	1
14727	1
14733	1
14744	1
14747	1
14768	1
14774	1
14775	1
14782	1
14790	2
14791	1
14799	1
14813	1
14817	1
14819	1
14820	1
14823	1
14841	1
14846	1
14847	1
14850	1
14861	1
14872	2
14874	1
14889	1
14895	1
14906	1
14910	1
14911	1
14912	1
14922	1
14923	2
14931	1
14934	1
14940	1
14943	1
14948	1
14958	1
14962	1
14967	1
14968	1
14974	1
14976	2
14983	1
14984	1
14990	1
15008	1
15021	1
15022	1
15024	2
15034	1
15040	1
15051	1
15052	1
15069	1
15073	1
15079	2
15102	1
15110	1
15124	1
15125	1
15130	1
15132	1
15154	2
15158	1
15165	1
15167	2
15175	1
15179	1
15195	1
15197	1
15199	1
15207	1
15210	1
15239	2
15248	1
15251	1
15262	1
15269	1
15270	1
15273	1
15279	1
15291	1
15303	1
15322	1
15326	1
15361	1
15366	1
15371	1
15383	1
15392	1
15394	1
15399	1
15402	1
15403	3
15410	1
15413	1
15416	1
15422	1
15438	1
15466	1
15471	1
15501	1
15504	1
15506	1
15508	1
15520	1
15522	1
15525	1
15528	1
15553	1
15563	1
15586	1
15612	1
15622	1
15649	1
15654	1
15676	1
15678	1
15707	1
15717	1
15729	1
15733	1
15741	1
15752	1
15757	1
15763	1
15783	1
15793	2
15808	1
15812	1
15820	1
15822	1
15824	1
15832	1
15833	1
15838	1
15862	1
15882	1
15883	1
15892	1
15913	1
15932	1
15940	1
15942	1
15956	2
15991	1
15995	1
16012	1
16017	1
16020	1
16036	1
16050	1
16051	1
16053	1
16057	1
16061	1
16063	1
16081	1
16084	1
16098	1
16126	1
16133	1
16138	1
16155	1
16156	1
16164	1
16174	1
16179	1
16181	1
16188	1
16196	1
16219	1
16231	2
16250	1
16291	1
16299	1
16300	1
16326	1
16336	1
16341	2
16350	1
16354	1
16370	1
16376	1
