1	8
2	6
3	4
4	6
5	2
16389	1
6	4
7	2
8	1
10	2
11	4
12	3
13	4
14	3
15	7
16	7
17	6
18	8
19	4
20	9
21	6
22	6
23	7
24	4
25	6
26	6
27	11
28	7
29	2
30	3
31	8
16415	1
32	6
33	6
34	11
35	6
36	4
37	4
38	12
39	9
40	6
41	5
42	6
43	8
44	3
45	4
46	5
47	4
48	9
49	4
50	4
51	5
52	9
53	1
54	2
55	2
56	3
57	5
58	5
59	6
60	8
61	7
62	6
63	5
64	6
66	3
67	1
68	4
69	3
70	7
71	4
72	8
16456	1
73	5
74	6
75	3
76	5
77	4
16461	1
78	4
79	4
80	3
16464	1
81	4
82	6
83	3
84	4
85	2
86	1
87	6
88	5
89	4
90	4
91	9
92	5
93	3
94	4
95	9
96	5
97	3
98	2
99	5
100	6
101	4
16485	1
102	3
103	2
104	5
105	4
106	3
107	9
108	8
109	7
110	4
111	2
112	7
113	3
114	4
115	6
116	5
117	2
118	6
119	4
120	8
121	3
122	7
123	7
124	3
125	7
126	3
16510	1
127	5
128	4
129	3
130	8
131	6
132	3
133	11
134	4
135	8
136	5
137	4
16522	1
138	4
139	1
140	9
141	8
142	8
143	2
144	4
145	4
146	3
147	7
148	10
149	8
150	9
151	2
152	4
153	1
154	2
155	6
156	3
157	4
158	5
159	5
160	3
161	3
162	5
163	2
164	8
165	9
166	10
16550	1
167	6
168	1
169	5
170	1
171	6
172	7
173	3
174	4
175	2
176	2
177	9
178	11
179	3
180	8
181	3
182	6
183	3
184	7
185	6
186	3
187	7
188	6
189	5
190	6
191	8
192	10
193	7
194	1
195	4
196	3
197	2
198	7
199	1
200	5
201	6
202	7
203	7
204	7
205	3
206	5
207	4
208	2
209	3
210	7
211	3
212	3
213	3
214	8
215	5
216	4
217	6
218	4
219	9
220	3
221	5
222	6
223	3
224	9
16608	1
225	3
226	6
227	10
228	10
229	4
230	5
231	4
232	5
233	7
234	10
16618	1
235	8
16619	1
236	7
237	8
238	3
239	3
240	9
241	6
242	3
243	2
244	5
245	5
246	8
247	3
248	6
249	4
250	6
251	4
252	6
253	7
254	3
255	6
256	1
257	6
258	5
259	3
260	4
261	2
262	2
263	4
264	5
265	6
266	4
267	8
268	4
269	6
270	3
271	5
272	3
273	9
274	5
275	5
276	7
277	3
278	4
279	4
280	5
16665	1
281	4
282	7
283	5
284	3
285	4
286	5
287	5
288	5
289	9
290	7
291	7
292	8
293	6
294	7
295	2
296	7
297	6
298	8
16682	1
299	4
300	6
301	6
302	7
303	5
304	7
305	8
306	8
307	3
308	7
309	7
310	6
311	5
312	2
313	6
314	5
315	5
316	3
317	9
318	5
319	2
320	6
321	4
322	3
323	6
324	7
325	3
326	8
327	6
328	9
329	5
330	1
331	3
332	6
333	4
334	7
335	5
336	2
337	7
338	12
339	5
340	3
341	7
342	10
343	7
344	8
345	8
346	3
347	1
16731	1
348	4
16733	1
349	10
350	2
351	4
352	2
16736	1
353	8
354	6
355	8
356	4
357	7
358	6
359	4
360	5
361	6
362	6
16746	1
363	3
364	9
365	5
366	4
367	2
368	8
369	3
370	7
371	2
372	5
373	3
374	10
375	5
16760	2
376	5
377	5
378	4
379	4
380	11
381	3
382	3
383	7
384	8
385	9
386	8
387	4
388	3
389	7
390	6
391	4
392	2
393	5
16777	1
394	9
395	5
396	7
397	3
398	8
399	11
400	11
401	4
402	6
403	2
404	4
405	2
406	5
407	6
408	4
409	3
410	3
411	6
412	5
413	5
414	6
415	7
416	5
417	8
418	5
419	6
16803	1
420	6
421	6
422	6
423	8
424	5
425	5
16809	1
426	6
427	8
428	4
429	8
430	8
431	5
16815	1
432	9
16816	1
433	9
434	4
435	8
436	5
437	6
438	4
16822	2
439	3
440	4
441	4
442	5
443	7
444	10
445	2
446	6
447	11
448	7
449	3
450	6
451	5
452	4
453	6
454	3
455	8
456	6
457	6
458	4
459	6
460	4
461	7
462	9
463	5
464	8
465	4
466	3
467	8
468	3
469	5
470	6
471	2
16855	1
472	6
473	2
474	7
475	5
476	4
478	6
479	7
480	8
481	6
482	6
483	4
484	7
485	6
486	7
16870	2
487	1
488	8
16873	1
489	6
490	3
491	6
492	6
493	5
494	9
16878	1
495	9
496	3
497	3
498	8
499	6
500	4
501	6
502	2
16886	1
503	7
504	3
505	9
506	4
507	4
508	3
509	6
510	7
511	3
512	6
513	5
514	2
515	1
16899	1
516	3
517	5
518	6
519	4
520	5
521	7
522	3
523	4
524	4
525	3
526	5
527	3
528	3
529	7
16913	1
530	5
531	4
532	5
533	4
534	4
535	3
536	7
537	5
538	4
539	2
540	4
541	3
542	4
543	1
544	5
545	5
546	7
547	6
16931	1
548	5
549	5
550	5
551	11
552	9
553	2
554	5
555	6
16939	1
556	4
557	2
558	4
559	6
560	4
561	5
562	8
563	5
564	3
566	2
567	2
568	3
569	6
570	4
571	6
572	6
573	7
574	2
575	2
576	3
577	2
578	3
579	4
580	1
581	2
582	6
583	7
584	3
585	3
586	8
587	1
588	6
589	7
590	6
591	5
592	4
593	2
16977	1
594	7
595	3
596	3
597	3
598	6
599	5
600	3
601	3
602	2
603	10
604	8
605	3
606	6
607	6
608	4
610	4
611	5
612	5
613	7
614	7
615	4
616	4
617	3
618	8
17002	1
619	5
620	8
621	6
622	4
623	8
624	5
625	5
626	8
627	6
628	6
629	7
630	12
631	7
632	8
633	12
634	7
635	8
636	5
637	7
638	5
639	7
17023	1
640	10
641	5
642	6
643	8
17027	1
644	8
645	3
646	6
647	4
17031	1
648	4
649	6
650	3
651	7
652	4
653	4
654	6
655	6
17039	1
656	6
657	3
658	6
659	8
660	5
661	5
662	3
663	9
664	5
665	6
666	3
667	10
668	6
669	7
670	6
671	6
673	5
674	6
675	6
676	5
677	3
678	10
17063	1
679	3
680	9
681	3
682	5
683	7
684	9
685	3
686	8
17070	1
687	4
688	4
689	7
690	7
691	4
692	4
693	5
694	11
695	4
696	2
697	5
698	5
699	3
700	5
701	6
702	5
703	6
704	5
17088	1
705	8
706	1
707	10
708	6
709	8
710	7
711	4
712	6
713	3
714	3
715	6
716	9
717	4
718	4
719	3
720	5
17104	1
721	5
722	5
723	7
17108	1
724	5
725	5
726	8
727	7
728	4
729	6
730	10
17114	2
731	4
732	9
733	9
734	5
735	6
736	8
737	3
738	8
739	5
740	6
741	6
742	4
743	7
744	3
745	3
746	5
747	13
748	6
749	6
750	4
751	2
752	9
753	10
17137	1
754	5
17138	1
755	6
756	6
757	2
758	5
759	5
760	6
761	6
762	5
763	7
764	5
765	6
766	8
767	8
768	4
769	3
770	3
771	5
772	4
773	2
774	6
775	6
776	5
777	3
778	6
779	3
780	6
781	5
782	7
783	9
784	6
785	4
786	4
787	8
788	4
789	1
790	6
17174	1
791	4
792	9
793	4
794	9
795	4
796	5
797	4
17181	1
798	4
799	4
800	7
801	3
802	6
803	3
804	8
805	5
806	4
807	5
808	11
809	2
810	4
811	7
812	5
813	4
814	6
815	6
816	5
17200	1
817	6
818	4
819	4
820	6
821	7
822	6
823	5
824	4
825	5
826	9
827	2
828	9
829	7
830	5
831	4
832	4
833	6
834	4
835	4
836	5
837	2
838	7
839	2
840	3
841	5
842	5
843	8
844	5
845	5
846	2
17230	1
847	3
848	4
849	6
850	5
851	6
852	2
853	6
854	3
855	7
17240	1
856	2
857	6
858	2
859	5
860	6
861	3
862	5
863	7
864	4
865	2
866	6
867	2
868	6
869	6
870	7
871	2
872	5
873	13
874	4
875	6
876	4
877	8
878	5
879	2
880	7
881	3
882	2
883	4
884	1
885	6
886	4
887	8
888	4
889	5
890	2
17274	1
891	6
892	4
893	8
894	4
895	3
896	10
17280	1
897	4
898	8
899	6
17283	1
900	7
901	6
902	3
903	3
904	5
905	4
906	5
907	7
908	7
909	3
910	4
912	5
913	4
914	5
915	3
916	5
917	4
918	5
919	7
920	10
921	4
922	8
17306	1
923	2
924	7
925	4
926	9
927	1
928	2
929	10
930	4
931	4
932	7
933	10
17317	1
934	3
935	2
936	4
937	4
938	5
939	3
940	5
941	6
942	7
17326	1
943	6
17327	1
944	3
945	7
946	7
947	3
948	5
949	5
950	3
951	4
952	5
953	5
954	3
955	6
956	4
957	3
958	5
959	4
960	4
961	4
962	6
963	10
17347	1
17348	1
964	3
965	8
966	4
967	4
968	11
969	3
970	5
971	4
972	7
973	6
974	9
975	4
976	2
977	3
978	5
979	5
980	3
17364	1
981	6
982	5
983	5
984	3
985	4
986	11
17370	1
987	4
988	4
989	6
990	3
991	8
992	4
993	3
994	8
995	1
996	6
997	5
998	4
999	7
1000	3
1001	10
1002	3
1003	3
1004	3
1005	7
1006	1
1007	4
1008	3
1009	5
1010	6
1011	4
1012	6
1013	6
1014	4
1015	5
1016	5
1017	5
1018	3
1019	6
1020	3
1021	5
1022	7
1023	6
1024	4
1025	3
1026	9
1027	8
1028	1
1029	6
1030	3
1031	7
1032	4
1033	5
1034	9
1035	4
1036	8
1037	7
1038	6
1039	3
1040	1
1041	3
1042	7
1043	3
1044	5
1045	4
1046	4
1047	3
1048	2
1049	4
1050	8
1051	8
1052	8
1053	8
1054	5
1055	3
1056	5
1057	7
1058	5
1059	7
1060	9
1061	8
1062	8
1063	5
1064	4
1065	2
1066	7
1067	3
17451	1
1068	5
1069	10
1070	6
1071	8
1072	2
1073	4
1074	4
1075	5
1076	6
1077	6
1078	6
1079	7
1080	7
1081	3
1082	6
1083	5
1084	6
1085	6
1086	5
1087	4
1088	5
1089	2
1090	4
1091	6
1092	5
1093	4
1094	4
1095	5
1096	5
1097	2
1098	4
1099	7
1100	7
1101	3
1102	6
1103	2
1104	8
1105	6
1106	5
17490	1
1107	4
1108	7
1109	6
1111	6
1112	2
1113	7
1114	6
1115	3
1116	6
1117	6
1118	3
1119	4
1120	3
1121	3
1122	4
1123	5
1124	6
1125	5
1126	5
1127	6
1128	5
1129	5
1130	2
1132	3
1133	7
1134	5
1135	4
1136	3
1137	5
1138	3
1139	5
1140	2
1141	3
1142	5
1143	6
1144	4
1145	5
1146	3
1147	8
1148	9
1149	6
1150	5
1151	6
1152	6
1153	4
1154	5
1155	5
1156	9
1157	6
1158	6
1159	5
1160	4
1161	5
1162	6
1163	4
1164	1
1165	5
1166	13
17550	1
1167	5
1168	3
17552	1
1169	11
1170	2
1171	9
1172	8
1173	6
1174	4
1175	4
1176	6
1177	6
1178	8
1179	8
1180	2
1181	3
1182	4
1183	8
1184	4
1185	6
1186	8
1187	8
1188	6
1189	7
1190	1
1191	4
1192	1
1193	9
1194	8
1195	7
1196	5
1197	7
1198	7
1199	3
1200	6
1201	7
1202	3
17586	1
1203	5
17587	1
1204	1
17588	1
1205	2
1206	7
1207	2
1208	3
1209	5
1210	8
1211	4
1212	5
1213	6
1214	13
1215	7
17599	1
1216	8
1217	1
1218	5
1219	8
1220	5
1221	5
1222	4
1223	2
1224	6
1225	4
1226	3
1227	7
1228	15
1229	3
1230	3
1231	2
1232	6
1233	5
1234	8
1236	4
1237	5
1238	3
1239	5
1240	7
1241	4
1242	7
1243	5
1244	11
1245	3
1246	6
1247	1
1248	6
1249	4
1250	5
1251	5
1252	5
1253	5
1254	4
1255	6
1256	7
1257	5
1258	8
1259	5
1260	2
17644	1
1261	9
17645	1
1262	2
1263	2
1264	7
1265	5
1266	3
1267	8
1268	3
1269	9
1270	3
17654	1
1271	9
1272	6
1273	4
1274	4
1275	8
1276	8
1277	8
1278	6
1279	2
17663	1
1280	2
1281	6
1282	13
1283	9
1284	7
1285	7
1286	5
1287	4
1288	5
1289	7
1290	4
1291	7
1292	4
1293	4
1294	6
1295	9
1296	4
1297	5
1298	6
1299	8
1300	5
1301	3
1302	4
1303	9
1304	8
1305	3
1306	3
1307	3
1308	3
1309	4
1310	5
1311	5
1312	5
1313	4
1314	3
1315	7
1316	3
1317	7
1318	5
1319	9
1320	6
1321	9
1322	3
1323	4
1324	7
1325	8
1326	7
1327	5
1328	4
1329	7
1330	4
17714	1
1331	6
1332	3
1333	8
1334	5
1335	6
1336	3
1337	3
1338	3
1339	7
1340	2
1341	4
1342	3
1343	8
1344	5
1345	8
1346	7
17730	1
1347	4
1348	7
1349	3
1350	5
1351	6
1352	3
1353	6
1354	2
1355	1
1356	6
1357	3
1358	8
1359	3
1360	6
1361	3
1362	4
1363	5
1364	5
1365	11
1366	2
1367	5
1368	4
1369	4
1370	4
17755	1
1371	2
1372	6
1373	6
1374	5
1375	3
1376	6
1377	7
1378	8
1379	6
1380	1
1381	3
1382	3
17766	1
1383	6
1384	4
1385	9
1386	5
1387	2
1388	2
1389	3
1390	4
1391	6
1392	6
1393	4
1394	5
1395	3
1396	2
1397	7
17781	1
1398	7
1399	6
1400	4
1401	6
1402	7
1403	5
1404	4
1405	5
1406	6
1407	4
1408	7
1409	4
17793	1
1410	5
1411	3
1412	12
1413	6
1414	4
1415	4
1416	5
1417	3
1418	6
1419	5
1420	7
1421	7
1422	6
1423	5
1424	7
1425	2
1426	3
1427	5
1428	3
1429	9
1430	7
17814	1
1431	5
1432	6
1433	8
1434	4
1435	4
1436	1
1437	7
1438	9
1439	4
1440	9
1441	5
1442	7
1443	2
1444	5
1445	9
1446	5
1447	7
1448	5
1449	8
1450	5
1451	4
1452	5
1453	4
1454	4
1455	4
1456	6
1457	6
1458	6
1459	7
1460	5
1461	1
1462	4
1463	2
1464	5
1465	5
1466	5
1467	8
1468	3
1469	5
1470	6
1471	9
1472	3
1473	6
1474	7
1475	5
1476	2
1477	3
1479	5
1480	8
1481	12
1482	6
1483	6
1485	4
1486	3
1487	3
1488	7
17873	1
1489	4
1490	7
1491	4
1492	3
1493	7
1494	8
17878	1
1495	4
1496	4
1497	2
17881	1
1498	4
1499	9
1500	5
1501	9
1502	7
1503	8
1504	3
1505	4
1506	5
1507	5
1508	4
1509	2
1510	3
1511	7
17895	1
1512	5
1513	4
1514	5
1515	10
1516	3
1517	4
1518	4
1519	3
1520	6
1521	10
1522	7
1523	4
1524	8
1525	4
1526	8
1527	4
1528	5
1529	8
1530	5
1531	3
1532	3
1533	4
1534	10
1535	7
1536	3
1537	6
1538	3
1539	8
1540	4
1541	4
1542	3
1543	5
1544	2
1545	8
1546	2
1547	4
1548	12
1549	5
1550	8
1551	5
1552	4
1553	4
1554	5
1555	7
1556	5
1557	7
1558	6
1559	7
1560	5
1561	9
17946	1
1562	1
1563	2
1564	8
1565	7
1566	2
1567	3
1568	8
1569	3
1570	6
1571	6
1572	4
1573	3
1574	4
1575	7
1576	5
1577	6
1578	7
1579	6
1580	5
1581	3
1582	4
1583	4
1584	7
1585	3
1586	9
1587	2
1588	5
1589	7
1590	7
1591	7
1592	2
1593	4
17978	1
1594	2
1595	3
1596	11
1597	2
1598	4
1599	2
1600	4
1601	7
1602	7
17987	1
1603	3
1604	6
17988	1
1605	2
1606	2
1607	9
1608	3
1609	4
1610	6
1611	3
1612	3
1613	4
1614	8
1615	5
1616	4
1617	11
1618	4
1619	7
1620	7
1621	6
1622	5
1623	3
1624	10
1625	5
1626	9
1627	7
1628	9
1629	6
1630	7
1631	12
1632	8
1633	8
1634	7
1635	8
1636	6
1637	4
1638	1
1639	6
1640	7
1641	6
1642	3
1643	6
1644	7
1645	1
1646	6
1647	9
1648	7
1649	2
1650	4
1651	6
1652	6
1653	2
18037	1
1654	2
1655	5
1656	3
1657	5
1658	3
1659	6
1660	2
1661	3
1662	3
1663	4
1664	3
1665	5
1666	9
1667	7
1668	9
1669	4
1670	9
1671	7
1672	2
1673	4
1674	4
1675	6
1676	6
1677	7
1678	6
1679	7
1680	3
1681	2
1682	3
1683	3
1684	3
1685	5
1686	8
1687	4
1688	7
1689	4
1690	7
1691	3
1692	6
18076	1
1693	9
1694	4
1695	5
1696	2
1697	5
1698	9
1699	8
1700	8
1701	9
1702	3
1703	4
1704	2
1705	4
1706	7
1707	2
1708	4
1709	3
1710	6
1711	7
1712	4
1713	5
1714	2
1715	3
1716	7
1717	8
1718	1
1719	5
1720	6
1721	9
1722	1
1723	3
1724	3
1725	10
1726	4
1727	6
1728	5
1729	7
1730	3
1731	4
1732	5
1733	8
1734	5
1735	4
1736	4
1737	10
1738	7
18122	1
1739	5
1740	9
1741	2
1742	10
1743	7
1744	4
1745	5
1746	6
1747	7
1748	2
1749	5
1750	1
1751	10
1752	9
1753	7
1754	3
18138	1
1755	5
1756	5
1757	10
1758	4
1759	9
1760	8
1761	7
1762	6
1763	6
1764	7
1765	2
1766	6
1767	4
1768	4
1769	9
1770	8
1771	2
1772	3
1773	2
1774	2
1775	3
1776	7
18160	1
1777	9
1778	4
1779	9
1780	3
1781	5
1782	4
1783	5
1784	10
1785	5
1786	8
1787	3
1788	4
1789	3
1790	5
1791	4
1792	4
1793	4
1794	6
1795	2
1796	8
1797	8
1798	6
1799	2
1800	6
1801	1
1802	5
1803	8
18188	1
1804	3
1805	5
1806	6
1807	5
1808	6
1809	5
1810	10
1811	10
1812	7
1813	6
1814	6
1815	1
1816	7
1817	6
1818	5
1819	2
1820	8
1821	6
1822	2
1823	7
1824	2
1825	6
1826	3
1827	2
1828	5
1829	6
1830	7
1831	8
1832	5
1833	4
1834	7
1835	4
1836	5
1837	8
1838	4
1839	5
1840	6
1841	7
1842	6
1843	3
18227	1
1844	6
1845	5
1846	4
1847	6
1848	4
1849	2
1850	8
1851	6
1852	2
1853	4
1854	6
1855	5
1856	10
1857	7
1858	5
1859	4
1860	5
1861	5
1862	6
1863	3
1864	6
1865	6
18249	1
1866	5
1867	4
1868	2
1869	8
1870	6
1871	4
1872	5
18256	1
1873	5
1874	5
1875	5
1876	6
1877	4
1878	5
1879	9
1880	6
1881	6
1882	5
1883	4
1884	2
1885	2
1886	2
1887	1
1888	1
1889	7
1890	7
1891	1
1892	3
1893	6
1894	5
1895	4
18279	1
1896	3
1897	7
1898	9
1899	3
1900	2
1901	3
1902	12
1903	6
18287	1
1904	4
1905	4
1906	4
1907	3
1908	2
1909	5
1910	5
1911	3
1912	1
1913	7
1914	3
1915	6
1916	5
1917	7
1918	3
1919	5
1920	7
1921	5
1922	7
1923	6
1924	8
1925	3
1926	1
1927	5
1928	5
1929	5
1930	8
1931	6
1932	6
1933	7
1935	5
1936	3
1937	1
1938	5
1939	5
1940	11
1941	3
1942	5
1943	2
1944	4
1945	9
1946	5
1947	6
1948	6
1949	6
1950	5
1951	3
1952	4
1953	8
1954	3
1955	5
1956	4
1957	3
1958	4
1959	7
18343	1
1960	6
1961	6
1962	3
1963	4
1964	3
1965	6
1966	5
1967	4
1968	8
1969	4
1970	3
1971	6
1972	7
1973	2
1974	3
1975	2
1976	4
1977	6
1978	5
1979	3
1980	3
1981	6
1982	4
1983	5
18367	1
1984	2
1985	3
1986	5
1987	4
1988	3
1989	6
1990	6
1991	3
1992	9
1993	4
1994	8
1995	4
1996	6
1997	5
1998	5
1999	8
2000	2
2001	3
2002	4
2003	3
2004	3
2005	7
2006	4
2007	5
2008	6
2009	3
2010	10
2011	5
2012	6
2013	3
2014	7
2015	7
18400	1
2016	5
2017	4
2018	6
2019	4
2020	5
2021	2
2022	4
2023	8
2024	1
2025	5
2026	1
2027	6
2028	5
2029	8
2030	6
2031	4
2032	8
2033	7
2034	4
2035	7
2036	5
2037	5
2038	10
2039	2
2040	5
2041	7
2042	5
2043	5
2044	4
2045	2
2046	6
2047	2
2048	5
18432	1
2049	1
2050	6
2051	5
2052	3
2053	2
2054	3
2055	4
2056	4
18440	1
2057	4
2058	6
2059	4
2060	9
2061	2
2062	7
2063	5
2064	1
2065	3
2066	7
18450	1
2067	3
2068	8
2069	7
2070	5
2071	3
2072	5
2073	3
2074	6
2075	7
2076	2
2077	5
2078	6
2079	7
2080	8
2081	1
2082	5
2083	10
2084	12
2085	1
2086	5
2087	4
2088	8
2089	7
2090	4
2091	4
2092	4
2093	6
2094	6
2095	9
2096	6
2097	6
2098	10
2099	6
2100	10
2101	2
2102	4
18487	1
2103	6
2104	4
2105	6
2106	2
2107	4
2108	3
2109	6
2110	5
2111	6
2112	5
2113	4
2114	1
2115	10
2116	8
2117	12
2118	4
2119	5
2120	2
2121	1
2122	3
2123	3
2124	9
2125	5
2126	4
2127	6
2128	3
2129	8
2130	3
2131	3
2132	6
2133	5
2134	7
2135	5
2136	6
2137	4
2138	7
2139	3
2140	5
2141	1
2142	4
18526	1
2143	10
2144	4
2145	3
2146	4
2147	6
2148	4
2149	5
2150	5
2151	4
2152	3
2153	6
2154	8
2155	3
2156	4
2157	2
2158	4
2159	7
2160	3
2161	6
2162	4
2163	6
2164	2
2165	3
2166	7
2167	2
2168	4
2169	7
2170	4
18555	1
2172	1
2173	6
2174	6
2175	5
2176	7
2177	7
2178	9
2179	6
2180	3
2181	5
2182	6
2183	8
2184	5
2185	6
2186	4
2187	8
2188	7
2189	3
2190	4
2191	4
2192	2
2193	1
2194	7
18578	1
2195	8
2196	6
2197	3
2198	7
2199	6
2200	5
2201	9
2202	1
2203	6
2204	6
2205	3
2206	8
2207	4
18591	1
2208	7
2209	4
2210	7
2211	9
2212	2
2213	4
2214	2
2215	6
2216	7
2217	1
2218	6
2219	2
2220	2
2221	3
2222	6
2223	6
2224	10
2225	5
2226	6
2227	2
18611	1
2228	3
2229	6
2230	8
2231	7
2232	8
2233	8
2234	3
2235	6
2236	2
2237	4
2238	5
2239	2
2240	6
2241	5
2242	3
2243	7
2244	4
2245	4
2246	3
2247	4
2248	5
2249	7
2250	8
2251	6
2252	4
2253	5
2254	4
2255	5
2256	7
2257	4
2258	8
2259	8
2260	3
2261	6
2262	5
2263	7
18647	1
2264	4
18649	2
2265	8
18650	1
2266	5
2267	8
2268	6
2269	6
2270	5
2271	5
2272	8
2273	9
2274	7
2275	2
2276	3
18660	1
2277	2
2278	2
2279	9
2280	7
2281	9
2282	6
2283	4
2284	10
2285	9
2286	9
2287	5
2288	5
2289	4
2290	5
2291	5
2292	2
2293	5
2294	4
18679	1
2295	5
2296	5
2297	6
2298	4
2299	4
2300	6
2301	7
2302	9
2303	4
2304	8
2305	5
2306	7
2307	8
2308	4
18692	1
2309	9
2310	3
2311	4
2312	6
2313	3
2314	1
2315	3
2316	5
2317	2
2318	2
2319	5
2320	8
2321	8
2322	6
2323	9
2324	5
2325	5
2326	3
2327	6
2328	8
2329	8
2330	4
2331	8
2332	6
2333	7
2334	6
2335	7
2336	6
2337	2
2338	8
2339	9
2340	4
2341	6
2342	3
18727	2
2343	2
2344	6
2345	2
2346	5
2347	2
2348	3
2349	6
2350	5
2351	6
2352	2
2353	7
2354	3
2355	8
2356	6
2357	9
2358	7
2359	8
2360	6
2361	4
2362	4
2363	2
2364	5
2365	7
2366	4
2367	4
2368	5
18752	1
2369	2
2370	6
2371	5
2372	5
2373	8
2374	5
2375	5
2376	11
2377	6
2378	3
2379	3
2380	4
2381	5
2382	6
2383	6
2384	6
2385	8
2386	3
2387	5
2388	9
2389	6
2390	3
2391	2
2392	7
2393	4
2394	4
2395	4
2396	6
2397	4
2398	6
18782	1
2399	3
2400	6
2401	2
2402	6
2403	2
2404	4
2405	8
2406	6
2407	6
2408	5
2409	3
2410	3
2411	8
2412	5
2413	4
2414	2
2415	5
2416	1
2417	1
2418	8
2419	7
2420	5
2421	3
2422	2
2423	6
2424	3
2425	7
2426	6
2427	5
2428	2
2429	6
2430	4
2431	6
2432	4
2433	4
2434	7
2435	5
2436	8
2437	5
18821	1
2438	3
2439	4
2440	4
2441	1
2442	4
2443	5
2444	6
2445	6
2446	1
2447	5
2448	7
2449	5
2450	6
2451	3
2452	4
2453	6
2454	4
2455	4
2456	5
2457	3
2458	4
2459	3
2460	3
2461	3
2462	5
2463	4
2464	2
2465	2
2466	8
2467	4
18852	1
2468	7
2469	6
2470	5
2471	1
2472	8
2473	9
2474	9
2475	8
2476	4
2477	6
2478	8
2479	4
2480	6
2481	3
2482	3
2483	4
2484	4
2485	7
2486	4
2487	5
2488	3
2489	9
2490	6
2491	5
2492	2
2493	11
2494	7
2495	8
2496	5
18880	1
2497	3
2498	6
2499	4
2500	5
2501	8
2502	2
2503	2
2504	5
2505	4
2506	2
2507	4
2508	6
2509	8
2510	9
2511	5
2512	2
2513	1
2514	8
2515	9
2516	3
2517	6
2518	3
2519	6
2520	3
2521	3
2522	3
2523	2
2524	5
2525	10
2526	5
18910	1
2527	7
2528	4
2529	4
2530	5
2531	4
2532	7
2533	1
2534	3
2535	3
2536	5
2537	3
2538	5
2539	1
2540	4
2541	3
2542	6
2543	4
2544	2
2545	4
2546	2
2547	6
2548	6
2549	4
2550	3
2551	7
2552	4
2553	8
2554	8
2555	2
2556	2
2557	7
2558	9
2559	4
2560	5
2561	3
2562	5
2563	5
2564	2
2565	6
2566	4
2567	3
2568	3
2569	4
2570	1
2571	3
2572	5
2573	5
2574	4
2575	5
2576	7
2577	4
2578	7
2579	6
2580	6
2581	5
2582	3
2583	1
2584	6
2585	6
2586	2
2587	2
18971	1
2588	3
2589	2
2590	4
2591	8
2592	9
2593	4
18977	1
2594	9
2595	7
2596	6
2597	5
2598	5
2599	3
2600	3
2601	3
2602	5
2603	9
2604	6
2605	3
2606	4
2607	2
2608	3
2609	7
18993	1
2610	5
2611	4
2612	2
2613	3
2614	3
2615	2
2616	3
2617	4
2618	7
2619	4
2620	3
2621	7
2622	2
2623	7
2624	5
2625	3
2626	4
2627	4
2628	7
2629	6
2630	6
2631	12
2632	4
2633	3
2634	4
19018	1
2635	3
2636	6
2637	7
2638	6
2639	4
2640	3
19024	1
2641	9
2642	4
2643	6
2644	8
2645	3
2646	6
2647	6
2648	9
2649	4
2650	3
2651	6
2652	8
2653	7
2654	7
2655	5
2656	7
2657	5
2658	4
2659	1
2660	5
2661	5
2662	6
2663	4
2664	1
2665	3
2666	3
2667	2
2668	6
2669	5
2670	7
2671	2
2672	4
2673	2
2674	10
2675	5
2676	6
2677	3
2678	3
19062	1
2679	5
2680	6
2681	3
2682	4
2683	5
2684	2
2685	7
2686	5
2687	3
2688	3
2689	2
2690	6
2691	3
2692	5
2693	5
2694	3
2695	7
2696	4
2697	4
2698	4
2699	5
2700	4
19084	1
2701	5
2702	7
2703	5
2704	6
2705	5
2706	4
2707	11
2708	9
2709	8
2710	6
2711	5
2712	4
2713	1
2714	9
2715	4
2716	2
2717	3
2718	5
2719	3
2720	8
2721	7
2722	2
2723	6
2724	2
2725	6
2726	3
19110	1
2727	5
2728	1
2729	2
2730	4
2731	1
2732	6
2733	3
2734	4
2735	3
2736	5
2737	7
2738	4
2739	3
2740	5
2741	4
2742	4
2743	3
2744	5
2745	4
2746	6
2747	5
2748	5
19133	1
2749	2
2750	1
2751	2
2752	2
19136	1
2753	4
2754	3
2755	6
2756	5
2757	4
2758	4
2759	7
2760	3
2761	6
2762	6
2763	3
2764	4
2765	3
2766	4
2767	4
2768	5
2769	6
2770	5
2771	4
2772	5
2773	6
2774	8
2775	3
2776	2
2777	5
2778	5
2779	6
2780	10
2781	2
2782	6
2783	3
2784	7
2785	5
2786	5
2787	7
2788	2
2789	9
2790	4
2791	5
2792	1
2793	4
2794	4
2795	4
2796	4
2797	4
2798	9
2799	8
2800	3
2801	6
2802	5
2803	3
2804	3
2805	5
2806	4
2807	6
2808	3
2809	6
2810	3
2811	10
2812	7
19196	1
2813	7
2814	4
19198	1
2815	7
2816	1
2817	8
2818	4
2819	5
2820	10
2821	9
2822	7
2823	2
2824	6
19208	1
2825	4
2826	4
2827	4
2828	5
2829	6
2830	3
2831	7
2832	4
2833	8
2834	4
2835	4
2836	7
2837	4
2838	6
2839	2
2840	6
2841	5
2842	4
2843	5
2844	4
2845	2
2846	6
2847	7
2848	5
2849	8
2850	4
2851	3
2852	3
2853	6
2854	2
2855	6
2856	3
2857	5
2858	7
2859	3
19243	1
2860	6
2861	4
2862	9
2863	2
2864	5
2865	2
2866	4
2867	5
2868	4
2869	7
2870	2
2871	5
2872	5
2873	6
2874	5
2875	7
2876	3
2877	4
2878	2
2879	5
2880	6
2881	3
2882	8
2883	4
2884	3
2885	5
2886	5
19270	1
2887	7
2888	2
2889	4
2890	3
2891	6
2892	2
2893	7
2894	3
2895	3
2896	6
2897	3
2898	8
2899	7
2900	1
2901	8
2902	1
2903	2
2904	5
2905	3
2906	4
2907	2
2908	3
2909	2
2910	6
2911	2
2912	9
2913	3
2914	5
2915	3
2916	2
2917	6
2918	9
2919	5
2920	3
2921	7
2922	5
2923	5
2924	4
2925	7
2926	9
2927	7
2928	5
2929	5
2930	4
2931	4
2932	1
2933	5
2934	3
2935	5
2936	2
2937	4
2938	2
2939	5
2940	5
2941	5
2942	7
2943	7
2944	4
2945	5
2946	5
2947	3
19331	1
2948	10
2949	2
2950	6
2951	4
2952	2
2953	9
2954	7
2955	3
2956	5
2957	4
2958	4
2959	6
2960	2
2961	2
2962	5
2963	6
2964	11
2965	9
2966	3
2967	4
2968	4
2969	3
2970	2
2971	5
2972	6
2973	4
2974	9
2975	3
2976	10
2977	1
2978	3
2979	4
2980	4
2981	5
2982	6
2983	2
2984	2
2985	6
2986	2
2987	2
2988	4
2989	6
2990	7
2991	1
2992	4
2993	3
2994	7
2995	6
2996	2
2997	4
2998	3
2999	4
3000	2
3001	6
3002	4
3003	5
3004	4
3005	7
3006	1
3007	3
3008	5
3009	6
3010	7
3011	8
3012	6
3013	4
3014	5
3015	8
3016	1
3017	3
3018	4
3019	4
3020	3
3021	1
3022	6
3023	5
3024	5
3025	4
3027	2
3028	3
3029	2
3030	8
3031	6
3032	6
3033	3
3034	2
3035	2
19419	1
3036	1
3037	7
3038	5
3039	5
3040	3
3041	7
3042	3
3043	1
3044	5
3045	8
3046	5
3047	6
3048	6
3049	2
3050	5
3051	3
3052	5
3053	2
3054	1
3055	4
3056	6
3057	4
3058	5
3059	3
3060	3
3061	2
3062	10
3063	4
3064	3
3065	4
3066	4
3067	5
3068	4
3069	4
3070	3
3071	3
3072	2
3073	3
3074	6
3075	5
3076	3
3077	5
3078	4
3079	10
3080	3
3081	5
3082	4
3083	5
3084	2
3085	7
3086	2
3087	2
3088	4
3089	10
3090	1
3091	5
3092	2
3093	4
3094	3
3095	3
3096	5
3097	5
3098	3
3099	6
3100	6
3101	6
3102	2
3103	4
3104	4
3105	8
3106	5
3107	3
3108	8
3109	6
3110	3
3111	11
3112	3
3113	4
3114	4
3115	5
3116	6
3117	6
3118	4
3120	5
3121	6
3122	6
3123	2
3124	5
3125	7
3126	4
3127	4
3128	4
3129	9
3130	7
3131	4
3132	5
3133	4
3134	3
3135	5
3136	2
3137	2
3139	5
3140	6
3141	8
3142	4
19527	1
3143	1
3144	6
3145	6
3146	2
3147	8
3148	5
3149	4
3150	3
3151	5
3152	1
3153	5
3154	5
19538	1
3155	2
3156	6
3157	5
3158	2
3159	2
3160	8
3161	5
3162	4
3163	3
3164	6
3166	3
3167	2
3168	3
3169	4
3170	3
19554	1
3171	5
3172	2
3173	3
3174	5
3175	3
3176	3
3177	2
3178	3
3179	5
3180	3
3181	1
3182	5
3183	5
3184	3
3185	3
3186	8
3187	5
3188	5
3189	3
3190	6
3191	3
3192	6
3193	4
3194	3
3195	5
3197	5
3198	6
3199	6
3200	5
3201	6
3202	5
3203	2
3204	6
3205	2
3206	2
3207	5
3208	6
3209	5
3210	5
3211	8
3212	1
3213	2
3214	4
3215	4
3216	4
3217	5
3218	4
3219	4
3220	2
3221	5
3222	7
3223	4
3224	3
3225	3
3226	8
3227	7
3228	6
3229	2
3230	4
3231	5
3232	3
3233	3
3234	4
3235	6
3236	7
3237	7
3238	6
3239	4
3240	5
3242	6
3243	4
3244	7
3245	3
3246	2
3247	3
3248	4
3249	4
3250	7
3251	4
3252	5
3254	7
3255	5
3256	5
3257	7
3258	6
3259	7
3260	7
3261	5
3262	3
3263	3
3264	1
3265	3
3266	6
3267	2
3268	5
3269	7
3270	4
3271	9
3272	4
3273	3
3274	4
3275	5
3276	4
3277	8
3278	7
3280	6
3281	8
3282	5
3283	1
3284	3
3285	6
3286	2
3288	4
3289	2
3290	4
3291	10
3292	4
3293	4
3294	6
3295	6
3296	3
3297	7
3298	5
3299	1
3300	6
19684	1
3301	3
3302	5
3303	3
19687	1
3304	5
3305	4
3306	7
3307	2
3309	3
3310	4
3311	5
3312	4
3313	6
3314	2
3315	9
3316	5
3317	4
19701	1
3318	4
3319	3
3320	4
3321	2
3322	5
3323	10
3324	2
3325	3
3326	1
3327	4
3328	6
3329	2
3330	3
3331	4
3332	4
3333	3
3334	5
3335	4
3336	4
3337	1
3338	6
3339	6
3340	4
3342	5
3343	3
3344	7
3345	2
3346	1
3347	6
3348	5
3349	8
3350	4
3352	3
3353	5
3354	3
3355	5
3356	1
3357	3
3358	3
3359	7
3360	4
3361	4
3362	4
3363	6
3364	1
3366	2
3367	4
3368	2
3369	2
3370	1
3371	4
3372	2
3373	2
3374	5
3375	1
3376	2
3377	4
3378	5
3379	4
3380	7
3381	3
3382	4
3383	5
3384	2
3385	3
3386	6
3387	2
3388	1
3389	1
3390	5
3391	3
3392	7
3393	4
3394	5
3395	5
3396	3
3397	2
3398	3
3399	2
3400	3
3401	3
3402	6
3403	4
3404	7
3405	3
3406	2
3407	3
3408	2
3409	6
3410	5
3411	3
3412	5
3413	7
3415	4
3416	6
3417	7
3418	8
3419	4
3420	5
3421	7
3422	4
3423	2
3424	2
3425	2
3426	4
3427	1
3428	1
3429	1
3430	5
3431	3
3432	4
3433	8
3434	6
3435	6
3436	3
3437	5
3438	4
3439	4
3440	1
3441	3
3442	4
3443	5
3444	4
3445	3
3446	4
3447	2
3448	5
3449	10
3450	6
3451	5
3452	4
3453	3
3454	6
3455	3
3456	3
3458	3
3459	4
3460	3
3461	3
3462	4
3463	5
3464	1
3465	3
3466	3
3467	6
19851	1
3468	3
3469	4
3470	2
3471	5
3472	5
3473	4
3474	5
19858	1
3475	4
3476	3
3477	6
3478	4
3479	4
3480	2
3481	4
3482	4
3483	3
3484	3
3485	2
3486	7
3487	3
3488	4
3489	7
3490	2
3491	2
3492	3
3493	3
3494	4
3495	5
3496	4
3497	3
3498	4
3499	1
3500	1
3501	4
3502	2
3503	6
3504	6
3505	4
3506	4
3507	6
3509	5
3510	7
3511	4
3512	2
3513	3
3514	4
3515	6
3516	6
3517	3
3518	1
3519	2
3520	1
3521	4
3522	5
3523	4
3524	3
3525	1
3526	2
3527	3
3528	3
3529	1
3530	2
3531	4
3532	3
3533	3
3534	2
3535	2
3536	6
3537	3
19921	1
3538	3
3539	7
3540	3
3541	3
3542	4
3543	7
3544	3
3545	2
3546	6
3547	3
3548	2
3549	4
3550	3
3551	3
3552	4
3553	6
3554	4
3555	4
3556	3
3557	1
3558	3
3559	3
3560	1
3561	1
3562	4
3563	3
3564	4
3565	5
3566	2
3567	3
3568	3
3569	4
3570	2
3571	4
3572	4
3573	7
3574	3
3575	4
3576	2
3577	2
3578	2
3579	5
19963	1
3580	3
3581	5
3582	3
3583	5
3584	3
3585	1
3586	4
3587	2
3588	4
3589	2
3590	3
3591	4
3592	5
3593	4
3594	6
3595	2
3596	2
3597	1
3598	6
3599	6
3600	6
3601	1
3602	2
3603	4
3604	3
3605	5
3606	2
3607	1
3608	1
3609	4
3610	6
3611	2
3612	1
3613	1
3614	6
3615	4
3616	2
3617	2
3618	2
3619	4
3620	5
3621	5
3622	3
3623	2
3624	5
3625	1
3626	1
3627	1
3628	6
3629	6
3630	4
3631	5
3632	4
3633	3
3634	2
3635	4
3636	5
3637	2
3638	2
3639	5
20023	1
3640	2
3641	5
3642	4
20026	1
3643	1
3644	2
3645	6
3646	7
3648	3
3649	4
3650	1
3651	3
3652	6
3653	5
3655	5
3656	9
3657	5
3658	3
3659	3
3660	2
3661	5
3662	1
3663	5
3664	3
3665	3
3666	4
3667	1
3668	3
3669	2
3670	2
3671	1
3672	6
3673	4
3674	2
3675	3
3676	3
20060	1
3677	6
3678	3
3679	6
3680	3
3681	1
3682	2
3684	2
3685	8
3686	2
3687	7
3688	5
3689	6
3690	7
3691	5
3692	3
3693	6
3694	3
3695	2
3696	5
3697	3
3698	4
3699	3
3700	3
3701	5
3702	4
3703	4
3704	2
3705	2
3706	2
3707	4
3708	5
3709	2
3710	2
3711	9
3712	3
3713	2
3714	7
3715	2
3716	3
3717	1
3718	3
3719	5
3720	4
3721	6
3722	1
3723	4
3724	3
3725	2
3726	4
3727	1
3728	2
3729	3
3730	3
3731	5
3732	2
3733	5
3734	1
3735	6
3736	2
3737	1
3738	3
3739	1
3740	4
3741	1
3742	5
3743	4
3744	3
3745	2
3746	6
3747	1
20131	1
3748	2
20132	1
3749	3
3750	1
3751	4
3752	2
3753	2
3754	2
3755	3
3756	2
3757	7
3758	4
3759	4
3760	3
3761	3
3762	5
3763	4
3764	2
3765	5
3766	2
3767	1
3768	4
3769	1
3770	5
20154	1
3771	4
20155	1
3772	2
3773	5
3774	6
3775	6
3776	2
3777	4
3778	2
3779	5
3780	4
3781	2
3782	3
3783	5
3784	5
3785	5
3786	2
3787	4
3788	3
3789	4
3790	6
3791	3
3792	2
3794	3
3796	2
3797	6
3798	4
3799	1
3800	3
3801	6
3802	3
3803	4
3805	2
3806	4
3807	3
3808	1
3809	1
3810	3
3812	2
3813	1
3814	1
3816	6
3817	2
3818	3
3819	1
3820	4
3821	4
3822	3
3823	4
3824	4
3825	2
3826	4
3827	4
3828	4
3829	5
3830	2
3831	1
3832	2
3833	4
3835	2
3836	3
3837	2
3838	3
3839	7
3840	2
3841	1
3842	1
3843	7
3844	6
3845	2
3846	3
20230	1
3847	6
3848	4
3849	6
3850	2
3851	3
3852	4
3853	2
3854	3
3855	3
3856	4
3857	6
3858	5
3859	2
3860	2
3861	3
3862	3
3863	6
3864	3
3865	3
3866	3
3867	4
3868	2
3869	1
3870	4
3871	3
3872	5
3873	3
3874	8
3875	8
3876	4
3877	3
3878	3
3879	2
3880	2
3881	6
3882	3
3883	3
3884	4
3885	4
3886	2
3887	1
3888	3
3889	3
3890	2
3891	4
3892	4
3893	6
3894	3
3895	2
3896	5
3897	6
3898	4
3899	3
3900	5
3901	1
3903	2
3904	3
3905	5
3906	4
3908	6
3909	2
3911	2
3912	2
3913	3
3914	8
3915	4
3916	9
3917	5
3918	3
3919	4
3920	4
3921	1
3922	1
3923	4
3925	2
3926	4
3927	6
3928	1
3929	4
3930	3
3931	2
3932	2
3933	4
3934	4
3935	4
3936	3
3937	1
3938	2
3939	4
3940	4
3941	3
3942	1
3943	2
3944	2
3945	3
3946	3
3947	5
3948	1
3949	2
3950	1
3951	4
3952	4
3953	6
3954	2
3955	3
3957	2
3958	2
3959	4
3960	5
3962	2
3963	6
3964	1
3966	3
3967	4
3968	5
3969	3
3970	4
3971	4
3972	6
3973	2
3974	3
3975	1
3976	1
3977	2
3978	5
3979	3
3980	4
3981	4
3982	4
3983	2
3984	3
3985	4
3986	1
3987	3
3988	2
3989	3
3990	1
3991	2
3992	5
3993	3
3994	2
3995	2
3996	2
3997	5
3998	4
3999	6
4000	3
4001	5
4002	5
4003	4
4004	2
4005	2
4006	2
4007	4
4008	4
4009	5
4010	1
4011	1
4012	2
4013	4
4014	3
4015	4
4016	4
4017	2
4018	6
4019	4
4020	1
4021	1
4022	1
4023	2
4024	3
4025	3
4026	2
4027	2
4028	1
4029	1
4030	3
4031	3
4032	7
4033	3
4034	1
4035	2
4036	2
4037	2
4038	3
4039	4
4040	4
4041	3
4042	3
4043	3
4044	3
4045	1
4046	1
4047	3
4048	2
4049	2
4050	2
4051	2
4052	3
4053	4
4054	3
4055	5
4056	3
20440	1
4057	1
4058	3
4059	5
4060	3
4061	4
4063	2
4064	7
4065	5
4066	2
4067	3
4068	4
4069	3
4070	5
4071	5
4072	3
4073	3
4074	1
4075	4
4076	2
4077	1
4078	2
4080	1
4081	2
4082	1
4084	1
4085	5
4086	3
4087	1
4088	3
4089	1
4091	3
4093	2
4094	2
4095	3
4096	1
4097	1
4098	2
4099	6
4100	5
4101	2
4102	2
4103	5
4104	4
4105	4
4107	2
4108	2
4109	3
4111	4
4112	3
4113	2
4114	1
4115	2
4116	2
4117	5
4118	1
4119	2
4120	2
4121	2
4122	2
4123	1
4124	5
20510	1
4127	4
4128	3
4129	4
4130	4
4131	3
4132	2
4133	1
4134	3
4135	1
4136	1
4137	2
4138	3
4140	3
4141	3
4142	3
4143	1
4144	4
4145	4
4146	4
20530	1
4147	2
4148	3
4149	2
4150	1
4152	2
4153	1
4154	3
4155	2
4156	1
4157	1
4158	3
4159	3
4160	5
4161	1
4162	2
4163	1
4164	5
4165	1
4166	3
4167	3
4168	3
4169	1
4170	3
4171	3
4172	2
4173	1
4174	1
4176	5
4177	2
4178	2
4179	3
4180	1
4182	1
4183	2
4184	1
4185	4
4186	1
4187	3
4188	4
4189	2
4190	1
4191	2
4192	1
4193	4
4194	1
4195	4
20579	1
20580	1
4197	3
4198	2
4199	3
4200	3
4201	2
4202	4
4204	5
4205	2
4206	4
4207	5
4208	5
4209	5
4210	4
4211	5
4212	3
4213	3
4214	1
4215	1
4216	2
4217	1
4218	6
4220	5
4221	1
4222	3
4223	3
4224	1
4226	2
4227	3
20611	1
4228	1
4229	3
4230	3
20614	1
4231	3
4232	2
4233	3
4234	2
4235	5
20619	1
20620	1
4236	3
4237	6
4238	2
4239	5
4240	4
4241	2
4242	2
4243	3
4244	3
4245	6
4246	3
4247	2
4249	6
4250	6
4252	2
4253	4
4255	1
20639	1
4256	4
4257	3
4258	3
4260	2
4261	5
4262	3
4264	2
4265	3
4266	3
4267	5
4268	4
4269	2
4270	3
4271	2
4272	2
4273	1
4274	3
4275	5
4276	1
4277	2
4278	5
4279	3
4280	2
4281	4
4282	4
4283	3
4284	1
4285	1
4287	1
4288	3
4289	2
4290	3
4291	5
4292	3
4293	2
4294	2
4295	3
4296	1
4297	4
4298	1
4299	4
4300	4
4301	4
4302	2
4303	2
4304	3
4305	6
4306	4
4307	1
4308	2
4310	4
4311	1
4312	3
4313	2
4314	2
4315	4
4316	1
4317	4
20701	1
4318	3
4320	3
4321	3
4322	3
4323	2
4324	1
4325	5
4326	2
4327	1
4328	1
4329	2
4330	6
4331	2
4332	2
4333	2
4334	1
4335	4
4337	3
4338	3
4339	5
4340	1
4341	1
4342	3
4343	2
4345	2
4346	1
4348	1
4349	4
4350	3
4351	2
4352	5
4353	1
4354	6
4355	1
4356	1
4357	2
4358	1
4359	2
4360	5
4361	3
4363	3
4364	3
4365	2
4366	3
4367	3
4368	3
4369	6
4370	3
4371	1
4372	2
4373	2
4375	1
4376	2
4377	3
4378	4
4379	1
4380	1
4381	5
4382	3
4384	4
4385	2
20770	1
4387	4
4388	4
4389	6
4390	3
4391	1
4392	3
4393	2
4394	2
4395	2
4396	1
4397	3
4398	2
4399	3
4400	1
4401	2
4402	2
4403	4
4404	4
4405	2
4406	2
4407	3
4408	3
4409	1
4410	3
4411	2
4412	4
4414	4
4415	1
4417	1
4418	2
4419	3
4420	3
4421	4
4422	2
4423	3
4424	4
4425	2
4427	4
4428	1
4429	1
4430	2
4431	2
4432	3
4433	1
4434	1
4435	1
4436	4
4438	3
4439	5
4440	3
4441	2
4442	5
4443	1
4444	4
20828	1
4445	1
4446	1
4447	2
4448	2
4449	2
4450	3
4451	4
4453	2
4454	6
20838	1
4455	4
4457	2
4460	1
4461	1
4462	2
4463	4
4464	2
4465	3
4466	4
4468	2
4469	6
4470	3
4471	1
4472	5
4473	2
4474	3
4475	4
4476	2
4477	4
4478	1
4479	4
4480	2
4481	4
4482	2
4483	1
4484	4
4486	4
4487	2
4488	2
4489	2
4490	4
4491	1
4492	3
4493	1
4494	1
4495	2
4496	3
4497	1
4498	1
4499	1
4500	2
4501	1
4502	3
4503	3
4504	2
4505	3
4506	3
4507	1
4508	3
4509	3
4510	3
4511	1
4512	1
4513	1
4514	2
4515	2
4516	1
4517	1
4518	1
4519	1
4520	6
4521	2
4522	3
4523	1
4524	2
4527	2
4529	1
4530	4
4531	2
4533	3
4534	5
4535	2
4536	4
4537	7
4538	1
4539	2
4540	1
4541	1
4542	1
4544	1
4545	3
4546	3
4547	3
4548	2
4549	2
4550	5
4551	1
4552	3
4553	2
4554	1
4555	2
4556	5
4557	2
4558	2
4559	1
4560	1
4561	4
4562	1
4563	1
4564	4
4565	3
4566	2
4567	2
4568	2
4569	2
4571	2
4572	3
4573	4
4574	5
4575	1
4576	3
4577	3
4578	2
4579	3
4580	5
4581	1
4583	4
4584	2
4585	1
4586	1
4587	1
4588	5
4589	3
4590	2
4591	2
4593	2
4596	2
4597	2
4598	2
4599	4
4600	1
4601	2
4602	3
4603	1
4605	5
4606	4
4607	2
4609	1
4610	4
4611	3
4612	3
4613	3
4614	1
4615	8
4616	3
4617	2
4618	2
4619	6
4620	4
4622	2
4623	4
4624	4
4625	1
4626	1
4628	1
4629	3
4630	3
4631	2
4632	3
4633	1
4634	2
4635	2
4636	4
4637	1
4638	4
4639	3
4640	1
4641	3
4642	2
4643	2
4644	3
4646	3
4647	5
4648	1
4650	4
4651	3
4652	4
4653	3
4654	4
4655	3
4656	2
4657	1
4658	4
4660	3
4662	1
4663	3
4664	4
4665	3
4666	4
4667	5
4668	4
4669	1
4670	1
4671	2
4673	2
4674	3
4675	2
4678	1
4680	2
4681	1
4682	1
4684	1
4685	1
4686	2
21072	1
4688	3
4690	3
4691	1
4692	1
4693	3
4694	2
4695	3
4696	4
4697	2
4698	1
4699	1
4700	3
4701	4
4702	2
4703	1
4704	4
4705	1
4708	2
4709	1
4710	1
4711	8
4712	1
4713	3
4714	3
4715	3
4716	2
4717	1
4718	1
4719	3
4720	4
4721	2
4722	2
4723	2
4724	1
4725	3
4726	2
4728	1
4729	2
4730	1
4731	6
4732	2
4733	3
4734	4
4735	3
4737	3
4738	4
4739	3
4740	1
4741	1
4742	1
4743	1
4744	2
4746	1
4747	4
4748	1
4749	4
4750	5
4751	2
4752	3
4753	2
4754	1
4755	2
4756	2
4757	1
4758	2
4759	2
4761	3
4762	1
4763	4
4764	3
4765	3
4767	1
4768	1
4769	2
4770	1
4771	4
4772	3
4773	4
4774	2
4775	1
4776	4
4777	2
4778	3
4780	1
4781	2
4782	2
4783	1
4784	4
4785	3
4786	3
4787	1
4788	1
4789	2
4790	1
4791	1
4792	3
4793	3
4795	1
4796	1
4797	1
4798	2
4799	3
4800	1
4801	2
4802	3
4803	3
4804	1
4805	2
4806	3
4807	2
4808	1
21193	1
4809	2
4810	4
4811	1
4812	3
4813	2
4816	1
4817	1
21201	1
4818	1
4819	3
4820	3
4821	3
4822	1
4823	4
4824	1
4825	1
4826	2
4827	3
4828	1
4829	1
4830	1
4831	6
4832	1
4833	1
4834	2
4836	2
4837	2
4838	2
4839	3
4840	1
4841	1
4842	2
4843	2
4844	4
4845	3
4846	4
4848	4
4851	1
4852	3
4853	1
4854	1
21239	1
4855	4
4857	4
4858	1
4859	3
4860	1
4861	1
4862	1
4863	1
4864	4
4865	1
4866	3
4867	2
4868	1
4869	1
4870	2
4871	1
4873	4
4874	1
4876	1
21260	1
4877	3
4878	3
4879	3
4880	3
4881	2
4883	2
4884	2
4885	1
4886	2
4887	3
4888	1
4889	6
4890	2
4892	2
4894	2
4895	2
4897	2
4899	2
4900	6
4901	2
4902	1
4903	1
4905	5
4907	2
4908	5
4909	1
4910	1
4911	1
4912	3
4913	2
4916	1
4917	2
4918	1
4920	1
4921	3
4922	4
4923	1
4924	1
4925	3
4927	2
4929	2
4930	1
4931	1
4932	4
4933	2
4936	3
4937	3
4938	1
4939	3
4940	1
4941	1
21325	1
4942	2
4943	1
4944	1
4945	2
4946	1
4947	2
4949	3
4950	2
4952	3
4953	2
4959	1
4960	3
4961	1
4962	2
4963	4
4964	1
4965	1
4966	1
4967	1
4968	2
4969	4
4970	3
4972	2
4973	1
4974	4
4975	3
4976	2
4977	1
4979	2
4980	2
4981	2
4982	1
4985	3
4986	4
4987	1
4989	2
4993	2
4994	3
4995	4
4996	3
4997	2
4998	1
5000	2
5001	1
5002	1
5003	1
5004	1
5005	3
5007	1
5008	1
5009	3
5010	2
5011	3
5012	3
5013	2
5014	4
5015	1
5016	1
5017	5
5018	1
5019	3
5020	1
5021	1
5022	2
5024	1
5025	2
5026	3
5027	2
5028	1
5030	2
5031	1
5032	2
5034	1
5035	2
5037	3
5038	3
5039	1
5041	1
5042	2
5044	2
5047	1
5048	3
5049	2
5050	1
5051	3
5052	1
5054	3
5056	1
5059	2
5061	2
5062	2
5063	1
5065	3
5066	1
21452	1
5069	2
5070	2
5071	4
5072	1
5073	2
5074	2
5075	5
5076	1
5077	2
5079	1
5080	2
5081	2
5082	1
5084	3
5085	1
5086	1
5087	1
5088	2
5089	1
5091	1
5092	1
5096	2
5097	2
5098	1
5099	1
5100	3
5101	1
5103	2
5104	5
5106	1
5107	2
5108	1
5109	2
5110	2
5111	4
5112	2
5113	4
5116	1
5117	1
5118	2
21503	1
5120	2
5123	1
5125	2
5126	4
5128	2
5129	1
5130	1
5131	1
5132	1
5134	1
5136	1
5137	3
5138	1
5142	1
5144	1
5145	5
5146	3
5147	1
5148	2
5149	1
5152	1
5153	2
5154	1
5155	1
5156	3
5158	3
5159	4
5160	1
5161	1
5162	4
5163	1
5164	3
5165	1
5166	3
5167	3
5168	3
5169	3
5171	2
5172	2
5173	3
5174	2
5175	1
5176	3
5177	1
5178	1
5179	3
5180	3
5182	4
5184	2
5185	1
5186	2
5187	1
5188	4
5189	1
5190	1
5191	1
5192	1
5194	2
5195	1
5196	1
5197	3
5198	3
5200	2
5202	1
5203	2
5204	2
5206	4
5207	2
5208	3
5209	1
5210	3
5211	1
5213	4
5214	3
5215	4
5216	2
21602	1
5219	1
5220	2
5221	1
5222	4
5223	4
5224	3
5226	2
5227	1
5228	1
5229	1
5230	5
21614	1
5231	2
5233	1
5235	1
5236	2
5237	2
5238	2
5242	2
5243	3
5246	2
5247	3
5249	3
5250	1
5251	3
5252	1
5253	1
5254	2
5255	3
5257	2
5258	2
5259	1
5261	1
5262	1
5263	2
5265	3
5266	1
5268	2
5269	2
5270	2
5271	2
5272	1
5273	1
5274	1
5276	1
5277	3
5278	2
21662	1
5279	3
5281	2
5282	1
5283	1
5284	1
5285	1
5286	4
5288	3
5289	3
5290	2
5291	4
5292	2
5294	1
5296	1
5297	2
5298	2
5299	4
5300	1
5301	1
5302	1
5303	1
5304	3
5306	2
5307	2
5308	2
5309	1
5310	2
5311	3
5312	2
5313	4
5314	3
5315	2
5316	2
5317	1
5319	1
5321	1
5323	2
5324	2
5325	2
5326	1
5327	1
5328	2
5330	1
5332	3
5333	1
5334	1
5335	1
5339	2
5340	2
5341	3
5344	2
5345	2
5346	3
5347	3
5348	1
5350	3
5352	2
5353	1
5354	1
5355	1
5357	1
5358	3
5359	1
5361	4
5362	1
5365	2
5368	1
5370	2
5371	2
5372	1
5373	1
5374	2
5375	2
5376	1
5377	2
5378	3
5379	2
5380	1
5381	2
5383	2
5384	3
5385	3
5386	2
5387	2
5388	3
5390	3
5391	4
5392	3
5394	2
5396	2
5397	1
5398	1
5400	3
5401	1
5402	1
5403	3
5405	2
5407	1
5408	2
5410	1
5411	3
5412	2
5414	1
5415	4
5416	3
5417	2
5418	1
5419	1
5420	2
5421	1
5422	1
5423	1
5424	1
5425	2
5426	1
5427	5
5428	2
21812	1
5429	1
5430	2
21814	1
5431	4
5432	2
5433	2
5434	1
5435	2
5436	1
5437	2
5438	5
5439	1
5440	1
5441	3
5443	3
5444	1
5446	1
5447	2
5448	2
5449	3
5450	1
5451	1
5452	1
5453	2
5454	2
5455	1
5456	1
5457	2
5458	1
5459	3
5460	2
5462	1
5463	4
5464	1
5465	1
5467	1
5469	1
21854	1
5471	1
5472	2
5473	2
5474	1
5475	3
5476	3
5479	2
5480	2
5483	1
5485	1
5487	2
5488	3
5490	2
5492	1
5494	1
5495	4
5497	1
21882	1
5499	1
5500	1
5501	1
5502	2
5503	1
5504	1
5506	2
5507	1
5508	1
5509	1
5511	2
5513	2
5514	1
5516	2
5518	2
5521	1
5522	1
5523	1
5524	1
5526	1
5527	2
5530	3
5533	1
5534	2
5535	5
5537	1
5538	3
5539	3
5540	1
5543	1
5544	2
5545	3
5546	2
5548	1
5549	1
5550	1
5551	2
5552	2
5553	1
5554	1
5555	3
21941	1
5557	1
5558	2
5560	3
5561	2
5562	1
5565	1
5566	1
5567	3
5568	1
5569	1
5570	1
5571	2
5573	1
5575	1
5576	4
5577	2
5578	5
5580	1
5581	1
5582	3
5583	2
5584	1
5585	2
5587	2
5588	1
5593	2
5594	2
5595	1
5597	1
5599	4
5600	1
5601	1
5602	2
5604	1
5605	1
5606	1
5607	2
5608	1
5610	1
5612	3
5613	1
5614	2
5615	1
5616	1
5617	3
22002	1
5619	1
5620	2
5621	1
5625	1
5626	1
5627	1
5628	1
5630	1
5634	3
5635	1
5636	2
5637	1
5638	3
5639	1
5641	1
5642	4
5644	2
5647	3
5648	1
5651	2
5652	1
5655	2
5657	3
5658	1
5659	1
5660	1
5661	1
5662	2
5663	1
5664	3
5665	2
5666	2
5668	1
5669	3
5670	1
5672	1
5673	1
5677	2
5678	1
5679	1
5680	1
5681	1
5682	1
5684	1
5688	3
5690	2
5691	1
5693	1
5694	2
5696	3
22081	1
5698	1
5700	2
5701	2
5702	1
5704	3
5705	4
5706	1
5707	2
5708	4
5709	1
5710	1
5711	2
5712	1
5713	4
5714	2
5715	1
5716	1
5717	2
5718	3
5722	1
5723	3
5724	3
5725	1
5726	2
5728	3
5729	1
5730	3
5731	2
5732	2
5733	2
5734	1
5735	1
5736	2
22121	1
5737	3
5738	1
5739	3
5740	2
5741	1
5743	1
5744	2
5745	3
5750	3
5751	1
5752	1
5754	3
5755	1
5756	1
5758	1
5759	2
5760	2
5762	2
5763	1
5765	4
5766	2
5767	1
5769	1
5770	1
5773	1
5775	1
5777	1
5780	2
5781	3
5785	5
5788	2
5789	1
5790	2
5791	2
5792	3
5794	3
5795	1
5797	1
5798	1
5800	1
5802	4
5803	1
5804	1
5806	2
5807	1
5810	1
5811	1
5813	1
5815	1
5816	3
5817	2
5820	2
5821	1
5822	2
5823	4
5824	2
5826	3
5827	1
5828	1
5830	2
5831	2
5832	2
5834	3
5836	1
5837	1
5838	1
5841	1
5843	1
5846	1
5847	1
5850	1
5851	1
5855	1
5856	1
5857	1
5858	2
5859	1
22243	1
5860	2
5862	1
5864	2
5865	2
5866	2
5867	1
5869	2
5870	2
5871	2
5872	1
5873	1
5874	2
5876	3
5877	2
5879	2
5880	1
5881	1
5883	1
5884	1
5886	1
5890	1
5893	1
5896	2
5897	1
5899	1
5900	1
5901	2
5905	1
5906	1
5907	1
5909	2
5910	1
5911	2
5912	2
5914	3
5915	1
5916	2
5917	1
5919	1
5921	1
5922	2
5923	1
5924	1
5925	2
5927	1
5928	1
5929	1
5931	2
5934	1
5940	1
5942	3
5943	1
5945	2
5949	1
5950	2
5951	2
5952	2
5953	2
5954	1
5957	1
5958	1
5960	1
5961	2
5962	1
5965	1
22349	1
5966	2
5967	1
5969	1
5970	1
5971	2
5972	1
5973	1
5975	1
5976	3
5977	1
5981	1
5987	3
5988	1
5989	1
5990	1
22376	1
5993	3
5996	1
5998	2
5999	1
6000	1
6002	1
6004	1
6007	1
6009	1
6010	2
6015	2
6016	2
6017	2
6020	1
6021	1
6022	1
6025	5
6026	2
6028	2
6029	1
6030	1
22415	1
22417	1
6033	1
6034	1
6035	1
6036	1
6037	1
6039	2
6041	1
6046	1
6047	1
6048	1
6050	2
6051	1
6052	2
6053	3
6054	1
6055	1
6056	1
6057	1
6058	2
6060	1
6061	2
22446	1
6064	2
6065	2
6066	2
6069	4
6072	2
6076	1
6077	1
6078	1
6079	2
6081	3
6082	1
6084	1
6085	3
6088	2
6089	1
6090	1
6092	1
6094	3
6095	1
6096	1
6099	1
6102	1
6105	1
6106	1
6107	1
6110	1
6112	1
6114	2
6115	1
6116	1
6117	1
6120	1
6121	2
6122	1
6123	1
6124	2
6125	1
6128	1
6129	1
6130	1
6133	1
6134	2
6135	1
6136	1
6138	1
6140	1
6143	1
6144	1
6145	1
6147	1
6148	2
6149	4
6150	1
6151	1
6153	1
6155	1
6157	1
6158	1
6160	2
6162	1
6164	2
6165	1
6167	2
6170	1
6171	1
6172	2
6174	1
6175	1
6176	1
6177	1
6178	1
6179	1
6180	4
6182	2
6183	2
6184	1
6185	2
6186	1
6188	1
6193	1
6194	2
6196	2
6197	2
6198	3
6200	1
6201	2
6202	1
6203	2
6205	1
6209	2
6210	1
6219	2
6220	3
6223	1
6225	1
6228	1
6229	2
6232	1
6233	1
6234	1
6236	2
6237	1
6238	1
6240	1
6242	1
6243	2
6244	2
6248	1
22635	1
6251	2
6252	2
6256	2
6258	1
6259	2
6261	1
6262	1
6267	1
6269	1
6270	3
6271	1
6272	1
6273	3
6274	1
6276	2
6279	3
6280	1
6281	3
6283	1
6284	1
6285	1
6287	2
6288	2
6290	1
6291	1
6292	1
6295	1
6298	3
6300	1
6301	2
6302	1
6303	1
6304	1
6305	2
6306	1
6308	1
6310	2
6312	2
6315	1
6316	2
6319	1
6320	5
6321	1
6323	1
6324	1
6325	2
6326	2
6327	1
6329	1
6332	1
6333	1
6334	2
22720	1
6338	1
6341	2
6343	2
6345	2
6346	1
6348	3
6350	1
6351	1
6353	2
6357	1
6359	1
6360	1
6364	1
6367	1
6368	1
6369	1
6370	1
6371	2
6372	1
6374	1
6381	1
6383	1
6386	3
6388	1
6389	1
6390	1
6391	2
6392	2
6398	1
6400	3
6401	2
6403	3
6405	1
6408	2
6409	1
6410	1
6411	1
6414	1
6415	1
6416	1
6417	1
6418	1
6419	3
6420	1
6422	1
6423	1
6425	2
6430	2
6433	1
6434	1
6436	1
6438	1
6440	1
6442	1
6443	1
6444	1
6445	2
6449	2
6450	1
6451	1
6452	3
6453	2
6458	1
6460	1
6462	1
6465	2
22849	1
6466	1
6468	1
6470	1
6471	1
6472	1
6474	1
6475	2
6479	1
6480	2
6481	2
6484	1
6485	1
6487	2
6491	1
6492	1
6494	2
6495	2
6496	3
6499	2
6502	1
6504	1
6505	1
6506	5
6507	2
6508	2
6509	2
6511	2
6512	2
6513	1
6514	1
6516	1
6518	1
6519	1
6520	1
6523	1
6524	1
6525	2
6527	1
6529	1
6531	1
6534	4
6536	1
6537	1
6539	3
6541	1
6542	2
6543	2
6544	2
6545	1
22931	1
6548	1
6549	3
6551	2
6553	1
6555	2
6557	2
6559	3
6560	1
6561	3
6562	2
6563	1
6565	2
6566	2
6567	1
6568	1
6570	1
6572	1
6575	1
6576	1
6577	1
6579	3
6580	1
6581	1
6582	1
6584	2
6587	2
6588	1
6590	2
6591	1
6592	1
6597	1
6598	2
6600	1
6602	1
6603	1
6606	3
6607	1
6608	1
6610	1
6611	2
6613	1
6615	2
6616	1
6617	2
6618	2
6619	3
6620	1
6622	1
6623	2
6625	1
6626	1
6627	1
6629	1
6631	3
6633	2
6635	2
6636	1
6637	1
6639	3
6641	3
6643	2
6644	1
6645	1
6646	3
6647	3
6648	1
6650	1
6652	2
6653	1
6656	1
6659	1
6661	1
6663	1
6665	1
6666	1
6669	2
6672	1
6673	2
6674	1
6675	1
6676	3
6678	1
6679	2
6680	2
6683	2
6685	1
6686	1
6687	1
6690	1
6691	2
6692	1
6693	1
6695	1
6696	2
6697	1
6704	1
6705	2
6706	3
6708	1
6710	1
6714	2
6715	2
6716	1
6718	1
6719	1
6720	1
23109	1
6726	1
6727	1
6731	1
6732	4
6733	1
6735	1
6736	1
6737	3
6739	2
6743	1
6744	2
6747	1
6748	2
6749	1
6754	2
6755	1
6758	1
6759	1
6760	2
6763	1
6764	2
6765	1
6767	2
6769	1
6770	2
6771	2
6773	1
6774	1
6775	1
6778	1
6779	1
6780	2
6784	1
6785	1
6793	2
6794	1
6795	1
6796	1
6797	1
6800	1
6809	1
6810	1
6813	1
6818	1
6820	1
6821	1
6823	2
6825	2
6827	2
6829	1
6832	2
6833	2
6834	2
6835	1
6837	1
6839	2
6842	1
6845	1
6846	1
6848	1
6849	1
6850	1
6851	1
6852	3
6853	1
6854	1
6857	1
6859	2
6861	1
6862	1
6863	1
6864	1
6868	1
6872	2
6879	1
6880	1
6881	2
6883	2
6884	1
6887	1
6888	1
6890	3
6892	2
23279	1
6895	1
6896	1
6900	1
6901	2
23285	1
6902	2
6903	2
6904	1
6907	1
6908	1
6909	1
6910	1
6912	1
6913	2
6914	1
6915	1
6917	1
6919	1
6922	1
6924	1
6929	2
6930	1
6931	1
6932	1
6937	1
6938	1
6940	1
6941	1
6942	1
6943	1
6946	2
6947	1
6948	1
6949	1
6953	2
6956	2
6958	1
6960	1
6962	1
6964	1
6965	2
6968	2
6971	1
6975	1
6976	1
6979	3
6982	2
6985	1
6989	1
6990	2
6998	1
7001	1
7002	2
7006	1
7008	1
7009	1
7016	1
7019	1
7022	1
7023	2
7024	1
7026	1
7029	1
7033	1
7035	1
7037	1
7040	1
7041	1
7042	1
7043	1
7045	1
7049	2
7051	2
7057	1
7059	1
7060	2
7061	1
7064	1
7065	3
7066	2
7069	3
7070	1
7072	1
7073	3
7074	1
7076	1
7079	1
7081	1
23467	1
7087	1
7090	3
7092	1
7093	2
7094	1
7095	1
7096	1
7098	1
7104	1
7106	2
7109	1
23494	1
7112	2
7113	1
7116	1
7117	1
7118	1
7123	1
7124	1
7127	2
7132	2
7133	1
7135	2
7140	1
7142	1
7144	2
7145	1
7148	1
7149	1
7150	1
7153	1
7154	1
7155	1
7157	1
23542	1
7160	1
7162	1
7163	1
7164	1
7169	2
7170	1
7173	2
7174	1
7175	2
7176	1
7180	1
7183	1
7185	2
7186	2
7189	1
7191	2
7194	1
7195	1
7197	1
7198	1
7199	1
7202	1
7203	1
7205	3
7207	1
7214	1
7215	1
7216	1
7217	2
7219	1
7220	1
7225	1
7233	1
7236	1
7237	1
7238	1
7240	2
7243	2
7249	1
7250	1
7251	1
7254	2
7257	1
7258	1
7260	1
7262	2
7263	1
7265	2
7266	2
7267	1
7268	2
23653	1
7269	1
7270	2
23654	1
7275	1
7279	1
7283	1
7284	1
7288	1
7289	1
7290	1
7292	1
7295	2
7297	3
7298	1
7299	1
7304	1
7307	2
7308	2
7310	1
7314	1
7317	1
7318	1
7319	1
7320	1
7321	1
7323	1
7324	1
7325	1
7328	1
7330	1
7331	2
7333	1
7334	1
7335	1
7336	2
7337	1
23721	1
7338	1
7339	1
7341	1
7342	1
7348	1
7349	2
7350	2
7353	1
7354	1
7355	2
7357	2
7360	1
7373	2
7374	1
7375	1
7377	1
7382	1
7383	2
7384	1
7389	1
7396	1
7397	1
7399	1
7400	1
7401	1
7402	2
23787	1
7406	1
7407	1
7408	1
7409	1
7411	1
7415	1
7425	2
7426	1
7427	1
7432	2
7434	1
7438	1
7439	1
7440	1
7445	1
7449	1
23833	1
7452	1
7454	2
7455	4
7456	1
7457	2
7460	1
7461	1
7470	1
7472	1
7473	1
7477	1
7478	1
7480	1
7481	1
7482	1
7484	2
7488	1
7489	1
7490	1
7494	1
7501	1
7502	1
7507	1
7510	1
7511	1
7514	1
7516	1
7517	1
7518	1
7519	1
7520	1
7526	1
7527	1
7529	3
7530	1
7532	1
7534	1
7536	1
7539	2
7541	2
7547	1
7548	1
7550	1
7551	2
7552	1
7553	1
7556	1
7557	2
7560	2
7561	2
7570	1
7572	1
7574	5
7576	1
23960	1
7577	1
7578	1
7580	1
7581	3
7582	1
7587	1
7588	1
7590	1
7592	1
7593	1
7595	1
7596	1
7597	2
7599	1
7601	1
7602	1
7606	1
7608	1
7610	1
7615	1
7617	1
7618	2
7619	1
7620	1
7621	2
7622	1
7623	1
7631	1
7632	1
7633	1
7636	1
7637	1
7638	1
7640	1
7641	1
7642	1
7648	1
7651	3
7652	1
7661	1
7662	1
7664	1
7667	3
7669	1
7671	1
7675	1
7676	1
7681	2
7683	1
7686	1
7688	1
7692	1
7693	3
7699	1
7702	1
7703	1
7708	1
7709	1
7711	2
7714	1
7716	1
7717	1
7718	1
7719	1
7720	1
7721	2
7723	1
7725	1
7728	1
7729	1
7731	3
7733	2
24118	1
7737	1
7740	1
7741	1
7742	1
7744	1
7750	1
7754	1
7756	1
7764	1
7766	1
7768	2
7772	1
7773	1
7775	1
7779	1
7785	2
7788	2
7789	2
7798	1
7803	1
7804	2
7805	1
7807	2
7808	2
7813	1
7814	2
7816	1
7818	1
7819	1
7821	1
7822	1
7825	2
7826	1
7831	1
7832	1
7836	1
7842	1
7853	1
7854	1
7855	1
7856	1
24241	1
7858	1
7859	1
7861	1
7862	3
7866	1
24253	1
7874	2
7875	1
7877	1
7878	1
7879	1
7882	1
7883	1
7885	1
7894	2
7897	1
7902	1
7903	1
7905	3
7913	1
7915	3
7918	1
7920	1
7922	1
7923	1
7924	1
7925	1
7926	1
7937	2
7939	1
7940	1
7941	1
7942	1
7943	1
7952	1
7958	1
7965	1
7972	1
7974	1
7975	1
7976	1
7977	1
7979	1
7981	1
7983	1
7984	1
24373	1
7990	1
7993	1
7994	1
7995	2
8000	1
8001	1
8004	1
8005	2
8008	1
8009	2
8012	1
8016	1
8018	1
8019	2
8020	2
8021	1
8028	1
8030	2
8032	1
8033	1
8035	1
8040	1
8041	1
8054	1
8055	1
8057	1
8059	2
8061	1
8062	1
24447	1
8064	1
8065	1
8069	1
8070	2
8071	1
8073	1
8076	1
8079	1
8086	2
8087	1
24472	1
8088	1
8094	1
8096	1
8097	1
8098	2
8100	1
24487	1
8108	2
8109	1
8110	2
8119	1
8122	1
8124	1
8125	2
8130	2
8132	1
8139	1
8141	1
8143	1
8152	1
8154	1
8158	2
8161	1
8162	1
8163	1
8164	2
8165	1
8169	1
8171	1
8174	1
8181	1
8183	2
8185	3
8186	1
8189	1
8191	1
8194	2
8198	1
8200	1
24589	1
8206	1
8210	2
8213	1
8216	1
8217	1
8220	1
8221	1
8222	1
8225	1
8226	1
8230	1
8231	1
8232	1
8234	2
8236	2
8237	1
8238	1
8240	1
8244	1
8256	1
8257	1
8259	1
8262	1
8263	1
8265	1
8268	1
8277	1
8278	1
8279	2
8283	1
8292	2
8293	1
8299	1
8301	1
8304	3
8306	1
8307	1
8310	1
8312	1
8320	1
8321	2
8327	1
8328	2
8332	2
8333	1
8336	1
8338	2
8341	1
8344	1
8348	1
8352	1
8353	1
8354	1
8364	1
8366	1
8371	1
8372	2
8374	2
8375	1
8376	1
8386	2
8387	1
8389	1
8391	1
8393	1
8402	1
8404	1
8409	1
8424	2
8430	1
8433	2
8437	1
8440	1
8441	1
8442	1
8446	1
8459	1
8460	2
8462	2
8464	1
8472	1
8475	1
8479	2
8481	1
8482	1
8483	1
8487	1
8489	1
8494	1
8497	1
8498	1
8500	1
8503	2
8511	1
8519	1
8521	2
8522	1
8523	1
8534	1
8537	1
8543	1
8551	1
8559	1
8565	2
8568	1
8570	3
8571	1
8572	1
8574	1
8579	1
8583	1
8587	1
8591	1
24975	1
8593	1
8594	2
24982	1
8599	2
8604	2
8605	1
8607	1
8610	1
8619	1
8621	3
8622	2
8628	1
8632	1
8638	1
8639	2
8641	1
8642	1
8644	2
8645	1
8647	1
8652	1
8653	3
8660	1
8665	1
8672	3
8674	2
8678	1
8680	2
8684	1
8686	1
8705	1
8707	1
8709	1
8714	1
8718	1
8727	1
8728	2
8731	1
8732	1
8739	1
8746	1
8747	2
8757	1
8758	1
8763	1
8767	1
8769	1
8772	2
8780	1
8781	2
8782	1
8785	1
8786	1
8791	1
8792	1
8796	1
8800	1
8805	1
8807	1
8811	1
8816	1
8818	1
8824	1
8825	1
8826	1
8832	1
8834	1
8835	1
8836	1
8844	1
8845	1
8846	1
8847	1
8849	1
8856	2
8860	1
8861	1
8863	1
8868	1
8869	1
8870	1
8875	1
8876	2
8877	1
8883	1
8884	1
8888	1
8893	1
8895	1
8901	1
8902	1
8903	1
8904	1
8905	1
8912	1
8914	1
8918	3
8919	1
8924	1
8925	1
8931	1
8936	1
8942	1
8948	1
8956	1
8958	1
8959	1
8960	2
8965	1
8966	1
8968	1
8974	1
8979	1
9001	1
9007	1
9008	1
9009	1
9010	1
9020	1
9027	1
9028	1
9037	1
9038	1
9047	1
9048	1
9054	2
9057	1
9058	1
9064	2
9065	1
9075	1
9077	1
9083	2
9088	1
9090	1
9092	1
9096	1
9099	3
9102	1
9111	1
9120	2
9121	1
9133	1
9135	1
9137	1
9142	1
9147	2
9149	2
9157	1
9159	1
9161	1
9164	1
9170	1
9171	1
9175	1
9177	1
9181	1
9188	2
9189	1
9190	1
9193	1
9194	1
9196	1
9197	1
9202	1
9203	1
9204	1
9208	1
9209	1
9218	1
9221	1
9233	1
9234	1
9241	2
9242	1
9251	1
9254	1
9256	1
9261	1
9265	1
9266	1
9273	1
9277	1
9287	1
9291	1
9292	1
9294	1
9295	1
9301	1
9302	1
9307	1
9319	1
9322	1
9328	1
25717	1
9346	2
9349	1
9350	1
9356	1
9364	1
9365	1
9367	1
9368	1
9377	2
9379	1
9397	1
9399	1
9404	1
9407	1
9412	2
9414	1
9416	1
9419	1
9421	1
9422	1
9426	1
9431	1
9436	1
9439	1
9440	1
9442	1
9444	1
9447	2
9453	1
9456	2
9457	1
9462	1
9468	1
9469	1
9474	1
9476	3
9481	1
9496	1
9498	1
9507	1
9516	1
9525	1
9534	1
9535	1
9541	1
9542	1
9544	1
9547	1
9548	1
9549	1
9554	1
9555	1
9563	1
9564	2
9565	1
9566	1
9577	1
9585	1
9591	2
9592	1
9593	1
9597	1
9598	2
9600	2
9607	1
9616	1
9624	1
9633	1
9635	1
9636	1
9640	1
9642	1
9649	1
9653	1
9654	1
9655	1
9659	1
9663	1
9664	1
9667	1
9668	1
9669	1
9670	1
9680	1
9681	1
9686	1
9692	2
9693	1
9694	1
9700	1
9711	1
9713	1
9716	1
9719	1
9720	1
9721	1
9725	1
9733	1
9734	1
9735	1
9736	1
9737	1
9738	1
9739	2
9740	1
9742	1
9743	1
9744	1
9750	1
9755	1
9758	1
9767	1
9768	1
9770	2
9786	1
9788	1
9796	1
9802	1
9808	1
9812	1
9813	1
9818	1
9824	2
9828	1
9841	1
9845	1
9850	1
9858	1
9861	1
9863	1
9866	1
9870	1
9871	2
9876	1
9877	1
9879	2
9880	1
9881	1
9882	1
9883	1
9884	1
9885	1
9886	2
9891	1
9896	1
9900	1
9904	1
9907	1
9909	1
9911	1
9913	3
9918	2
9919	1
9924	1
9932	1
9937	1
9939	1
9945	1
9947	1
9953	1
9955	1
9957	1
9962	1
9963	1
9967	1
9968	1
9977	1
9978	1
9984	1
9989	1
9992	1
9999	2
10001	1
10002	1
10008	2
10011	1
10012	2
10013	1
10021	1
10023	1
10024	1
10026	2
10034	1
10039	1
10041	1
10043	1
10044	1
10045	1
10046	2
10053	1
10064	1
10066	1
10071	1
10073	1
10074	1
10078	1
10081	1
10086	1
10087	1
10092	1
10097	1
10099	1
10100	2
10102	1
10103	1
10104	1
10110	1
10115	1
10122	2
10146	1
10147	1
10155	1
10159	1
10160	1
10161	1
10172	1
10175	1
10176	4
10179	1
10185	1
10186	1
10201	1
10203	1
10208	2
10212	1
10214	1
10215	1
10217	1
10221	1
10224	1
10235	1
10238	1
10240	1
10243	2
10246	1
10248	1
10255	1
10256	1
10257	1
10260	1
10270	1
10272	1
10275	1
10278	1
10280	1
10282	1
10284	1
10287	1
10288	1
10299	2
10300	1
10301	1
10303	1
10304	2
10316	1
10317	2
10325	1
10327	1
10331	1
10337	1
10339	1
10340	1
10344	1
10347	1
10349	1
10350	1
10362	1
10364	1
10366	1
10368	1
10377	1
10378	1
10379	1
10383	1
10384	2
10387	1
10388	1
10395	2
10396	1
10403	1
10405	1
10408	1
10409	1
10411	1
10420	1
10421	1
10424	1
10425	1
10429	3
10430	2
10439	1
10445	1
10446	1
10452	1
10454	1
10459	1
10461	1
10463	1
10464	2
10465	1
10468	2
10469	1
10477	1
10478	1
10480	1
10483	1
10487	2
10488	1
10491	1
10493	2
10497	2
10500	1
10504	1
10507	1
10510	1
10529	1
10530	1
10532	1
10541	1
10544	1
10546	1
10549	1
10556	1
10560	1
10572	1
10592	1
10594	1
10596	1
10598	1
10599	1
10610	1
10611	1
10616	1
10623	1
10625	1
10630	1
10638	1
10643	1
10647	1
10651	1
10654	1
10656	1
10660	2
10662	1
10674	1
10678	1
10682	1
10683	1
10690	1
10693	1
10697	1
10704	1
10719	1
10720	1
10722	1
10723	1
10731	2
10737	1
10738	1
10745	1
10759	1
10761	1
10771	1
10776	2
10782	1
10791	1
10796	1
10799	2
10805	1
10807	1
10808	1
10814	1
10822	1
10824	1
10832	1
10833	1
10838	1
10852	1
10854	3
10860	1
10863	1
10870	4
10871	1
10872	1
10876	1
10891	2
10893	1
10901	1
10903	1
10904	1
10919	1
10925	1
10926	1
10931	1
10932	2
10934	1
10948	1
10950	2
10953	2
10955	1
10964	1
10965	1
10969	1
10973	1
10976	1
10978	1
10979	1
10980	1
10982	1
10986	1
10987	1
10988	1
10992	1
10997	2
10999	1
11012	2
11016	1
11017	1
11023	1
11024	1
11028	1
11029	1
11037	1
11039	1
11048	1
11054	1
11066	1
11068	2
11082	1
11089	1
11091	2
11103	2
11109	1
11112	1
11122	1
11123	1
11124	1
11130	1
11132	1
11133	1
11137	1
11139	1
11144	3
11161	1
11168	1
11169	1
11170	1
11171	1
11174	1
11175	1
11179	1
11180	1
11181	1
11182	2
11183	1
11187	1
11201	1
11204	1
11210	1
11214	1
11217	1
11219	1
11220	1
11223	1
11224	1
11229	1
11231	1
11239	1
11243	1
11247	1
11252	1
11266	1
11267	1
11270	1
11285	1
11292	1
11298	1
11302	1
11307	2
11308	1
11312	1
11316	1
11317	1
11320	1
11322	1
11323	3
11328	1
11329	1
11334	1
11335	1
11349	1
11350	1
11354	1
11356	1
11362	1
11363	1
11367	1
11370	2
11374	1
11377	1
11382	1
11383	1
11387	2
11388	1
11390	1
11404	1
11407	1
11413	1
11433	1
11447	1
11452	1
11454	1
11455	1
11458	1
11468	1
11469	1
11472	1
11477	1
11478	1
11479	1
11482	1
11493	1
11495	1
11496	1
11497	1
11501	1
11503	1
11510	1
11514	1
11543	1
11555	1
11563	1
11564	1
11566	1
11571	1
11572	1
11584	2
11591	1
11592	1
11599	1
11600	1
11601	1
11603	1
11608	1
11614	1
11618	1
11625	1
11636	1
11638	1
11641	1
11643	1
11651	1
11652	1
11658	1
11660	1
11662	1
11674	1
11676	1
11679	1
11684	1
11686	1
11689	1
11691	1
11699	1
11703	1
11708	1
11718	1
11719	1
11726	1
11735	1
11744	1
11749	2
11758	1
11764	1
11771	1
11774	1
11779	1
11782	1
11783	1
11785	1
11793	1
11795	2
11802	1
11814	1
11816	1
11821	1
11830	1
11846	1
11848	1
11861	1
11867	1
11879	1
11899	2
11906	1
11908	1
11911	2
11913	1
11919	1
11920	1
11922	1
11931	1
11935	1
11937	1
11943	1
11947	1
11951	1
11958	1
11962	1
11972	1
11993	1
11995	1
11997	1
12002	1
12007	1
12010	2
12012	1
12013	1
12015	2
12020	1
12021	1
12023	2
12026	1
12030	1
12035	2
12036	1
12041	1
12044	1
12045	1
12051	1
12059	2
12060	1
12069	1
12077	1
12084	1
12085	1
12086	1
12110	1
12116	1
12122	1
12127	1
12139	1
12143	1
12151	1
12152	1
12156	1
12159	1
12160	1
12161	1
12162	1
12164	1
12168	1
12171	1
12172	1
12183	1
12184	1
12187	1
12200	2
12202	1
12208	1
12209	1
12220	1
12227	1
12230	1
12233	1
12234	1
12240	1
12245	1
12248	1
12259	1
12260	1
12266	1
12268	1
12273	1
12280	1
12283	1
12286	2
12301	1
12308	1
12310	1
12311	1
12321	1
12323	1
12325	1
12338	1
12339	1
12350	1
12355	1
12359	1
12381	1
12383	1
12409	1
12439	1
12447	1
12449	1
12458	1
12459	1
12460	1
12463	1
12466	1
12468	1
12471	1
12479	1
12481	1
12488	1
12491	1
12493	1
12496	1
12504	1
12507	1
12511	1
12516	1
12518	1
12523	1
12524	2
12530	1
12544	1
12554	1
12568	1
12571	1
12577	1
12580	1
12585	1
12615	1
12620	1
12629	1
12630	1
12637	1
12644	1
12648	1
12653	1
12654	1
12663	1
12666	1
12674	1
12675	1
12680	1
12681	1
12684	1
12703	2
12711	1
12715	1
12724	1
12730	1
12752	1
12754	1
12763	2
12764	2
12769	1
12770	1
12774	1
12777	1
12799	1
12820	1
12821	1
12824	1
12835	1
12841	1
12850	1
12851	1
12854	1
12859	1
12860	1
12870	1
12883	1
12885	1
12894	1
12900	1
12907	1
12912	2
12919	2
12926	1
12930	1
12933	1
12946	1
12947	1
12949	1
12951	1
12952	1
12958	1
12973	1
12985	1
12989	1
13004	1
13008	1
13009	2
13015	1
13021	1
13023	2
13029	1
13039	1
13043	1
13046	1
13047	1
13050	1
13052	1
13056	1
13057	1
13058	1
13070	1
13080	1
13081	1
13083	3
13085	1
13086	1
13107	1
13108	1
13109	1
13110	1
13134	2
13136	1
13138	1
13145	1
13154	1
13156	1
13157	1
13158	2
13165	1
13169	1
13171	1
13178	1
13180	2
13188	1
13190	1
13197	1
13200	1
13201	1
13202	1
13204	1
13205	2
13207	1
13212	1
13224	1
13225	1
13232	1
13235	1
13236	1
13248	4
13250	1
13257	1
13259	1
13271	2
13283	1
13286	1
13287	1
13297	1
13298	1
13302	1
13314	1
13316	1
13320	1
13325	1
13326	1
13329	1
13335	1
13336	1
13337	1
13338	1
13343	1
13350	1
13352	1
13355	1
13356	1
13360	1
13362	1
13367	1
13371	1
13374	1
13380	1
13390	1
13399	1
13407	1
13421	1
13427	1
13429	1
13439	1
13446	1
13449	2
13460	1
13470	1
13473	1
13487	1
13499	1
13514	1
13517	1
13521	1
13528	1
13537	1
13540	1
13542	1
13544	1
13545	1
13553	1
13560	1
13561	2
13565	1
13574	1
13586	1
13589	1
13592	1
13594	1
13600	1
13609	1
13619	1
13627	1
13628	1
13629	1
13634	1
13644	1
13657	1
13660	1
13673	1
13675	1
13705	1
13709	1
13712	1
13718	1
13719	1
13722	1
13724	1
13729	2
13736	1
13744	1
13757	1
13759	1
13768	1
13785	1
13799	2
13805	1
13813	1
13815	1
13825	1
13827	1
13832	1
13838	1
13841	1
13845	1
13860	1
13862	1
13863	1
13869	1
13875	1
13884	2
13895	1
13903	1
13911	1
13929	1
13930	1
13931	2
13934	1
13935	1
13937	1
13938	2
13946	1
13960	2
13963	1
13966	1
13969	1
13971	1
13972	1
13990	1
13995	1
13999	1
14000	1
14008	1
14010	1
14011	1
14012	1
14016	1
14026	1
14027	1
14032	1
14037	1
14041	1
14045	1
14051	1
14052	1
14054	1
14058	1
14059	1
14063	1
14068	1
14085	1
14089	1
14101	1
14107	1
14112	1
14113	1
14118	1
14121	4
14136	1
14141	1
14148	1
14152	1
14155	2
14157	1
14181	1
14187	1
14209	1
14214	2
14220	1
14221	1
14235	1
14243	1
14244	1
14262	1
14272	1
14285	1
14289	1
14290	1
14293	1
14295	1
14297	1
14301	1
14305	1
14317	1
14325	1
14335	1
14364	1
14367	1
14371	1
14372	1
14381	1
14405	2
14407	1
14410	1
14414	1
14419	1
14438	1
14445	2
14449	2
14454	1
14456	2
14458	1
14464	1
14488	1
14491	1
14502	1
14518	1
14519	1
14524	1
14544	1
14546	2
14548	1
14551	1
14574	1
14583	1
14586	1
14597	1
14598	1
14600	1
14607	1
14615	1
14641	1
14659	1
14668	1
14670	1
14681	1
14696	1
14699	1
14710	1
14718	1
14720	1
14725	1
14729	1
14763	1
14771	1
14773	1
14780	1
14786	1
14788	1
14799	1
14806	2
14813	1
14839	2
14841	1
14843	1
14849	1
14857	1
14861	2
14869	1
14874	2
14877	1
14880	1
14883	1
14895	1
14906	1
14918	1
14919	1
14935	1
14939	1
14942	1
14948	1
14954	1
14964	1
14966	1
14972	1
14986	1
14994	1
15008	1
15021	2
15022	1
15035	1
15036	1
15040	1
15046	1
15050	1
15060	1
15062	1
15069	1
15082	1
15092	1
15095	1
15097	1
15105	1
15112	1
15119	1
15149	1
15152	1
15154	1
15160	1
15165	1
15170	1
15181	2
15183	2
15188	1
15193	1
15202	1
15218	1
15238	1
15239	1
15243	1
15253	2
15261	1
15268	1
15269	1
15274	1
15289	1
15294	1
15295	1
15344	1
15346	1
15356	1
15360	1
15363	1
15365	1
15368	1
15371	1
15374	1
15380	1
15388	2
15392	1
15393	1
15394	1
15405	1
15414	1
15420	1
15447	1
15454	1
15485	1
15517	1
15520	2
15521	1
15525	2
15528	1
15529	1
15542	1
15549	1
15573	1
15585	1
15602	1
15610	1
15617	1
15637	2
15642	1
15649	1
15673	1
15685	1
15686	1
15701	1
15705	1
15711	1
15712	1
15731	1
15733	1
15741	1
15750	1
15776	1
15797	1
15799	1
15814	1
15822	1
15826	1
15829	1
15864	1
15914	1
15929	1
15936	1
15938	1
15946	1
15953	1
15958	1
15959	1
15969	1
15983	1
15984	1
16001	1
16002	1
16037	1
16048	1
16057	1
16064	1
16067	1
16070	1
16086	1
16094	1
16098	1
16103	2
16121	1
16122	1
16129	1
16144	1
16168	1
16200	2
16217	1
16220	1
16229	1
16231	1
16237	2
16247	2
16256	2
16270	1
16289	1
16291	1
16301	1
16336	1
16343	1
16346	1
16355	2
16361	1
16364	1
16376	1
