1	2
2	1
3	3
4	1
5	3
6	5
7	5
9	2
16394	1
11	2
12	2
13	3
14	3
15	2
16399	1
16	1
17	2
20	1
21	3
22	1
23	1
24	2
16408	1
25	4
26	3
16410	1
27	2
28	2
29	4
16413	1
30	1
31	3
32	4
16416	1
33	3
16418	2
34	5
35	2
36	3
37	1
38	2
39	3
40	1
16424	1
41	3
42	1
43	3
44	1
45	1
46	1
47	1
48	1
49	4
16434	1
51	3
52	3
53	1
54	3
16439	1
55	2
56	4
57	5
16441	1
58	1
16442	1
59	1
60	1
62	1
63	3
64	1
65	3
66	3
67	1
68	1
69	2
71	3
72	1
73	3
74	4
16458	1
75	2
76	4
77	2
16461	1
78	2
79	2
80	1
81	2
84	3
85	2
16469	1
87	2
89	4
16474	1
90	1
92	5
16476	1
93	4
94	1
95	3
96	2
16480	2
97	3
98	3
99	2
100	3
102	4
16486	2
103	2
104	1
105	5
106	2
16491	1
107	1
108	4
110	1
111	2
112	1
113	3
114	3
115	4
116	3
117	2
118	4
119	1
120	3
121	3
122	4
123	5
124	2
125	5
126	4
128	4
16512	1
129	2
130	3
16514	1
131	4
132	4
134	1
135	2
136	4
137	1
138	5
139	2
16523	1
140	3
16524	1
141	2
142	2
143	3
144	3
16528	1
145	2
146	4
147	4
149	4
16534	1
151	2
152	1
153	2
16538	1
154	2
155	2
16539	1
156	2
158	2
16542	1
159	1
160	3
161	2
162	2
163	1
16547	1
164	1
165	2
16550	1
167	3
168	2
169	1
170	2
171	2
172	4
173	3
174	1
175	1
16559	1
176	2
16560	1
178	2
179	3
180	1
16564	1
182	4
183	2
184	2
185	1
186	3
16573	1
190	1
16574	1
191	3
192	1
194	4
195	3
197	2
198	1
199	1
16583	1
201	1
16585	1
202	1
203	3
16587	1
204	2
205	1
206	10
207	4
208	2
209	4
210	5
211	3
212	2
213	2
214	1
215	2
216	1
217	2
218	1
219	5
220	1
16604	1
221	3
222	3
223	3
224	1
227	2
228	2
229	2
16613	1
230	3
16614	1
232	1
233	1
16617	1
234	3
235	1
236	1
237	1
238	1
239	4
16623	1
240	4
244	3
245	1
246	4
247	2
248	2
249	5
250	2
251	4
16636	2
252	2
253	2
16638	1
256	2
257	1
259	1
260	2
261	1
262	2
263	3
16647	1
264	1
265	2
266	1
267	3
268	1
16652	1
269	3
270	1
271	1
272	1
16657	2
273	2
274	1
275	2
276	2
277	2
16662	1
279	2
280	2
281	2
16665	1
282	1
283	3
284	3
285	3
286	1
288	3
289	3
290	2
292	2
16676	1
293	1
294	1
295	4
16679	1
296	3
297	3
298	1
16683	1
300	2
301	1
302	1
304	5
305	1
306	2
307	3
308	2
309	3
16693	1
310	3
311	3
312	4
16696	1
313	3
314	1
315	2
316	6
317	1
318	1
319	1
320	3
321	2
322	2
323	3
324	6
325	2
326	2
327	2
328	3
16712	1
329	3
330	2
331	3
332	2
333	3
334	3
335	2
16719	1
336	3
337	2
338	3
339	3
341	2
16726	1
343	4
16727	1
344	4
346	6
347	1
348	1
349	3
350	1
351	2
352	4
353	3
354	4
355	5
357	2
16741	1
358	2
359	2
360	2
361	4
362	3
363	2
365	1
16749	1
366	2
367	2
368	2
369	3
370	1
372	3
373	2
375	1
376	1
377	3
16761	1
378	3
379	2
380	4
381	2
382	2
16766	1
383	3
384	1
387	7
388	1
16773	1
389	3
390	1
391	3
392	2
393	4
394	1
395	3
396	2
397	1
398	5
399	4
400	2
16785	1
402	2
403	3
404	4
405	4
406	3
16791	1
407	1
409	2
16794	1
410	1
411	1
412	2
413	6
414	6
416	3
417	3
419	3
420	3
16804	1
421	1
423	1
424	3
425	3
16809	1
426	4
16810	1
427	2
429	3
430	2
432	1
433	4
16818	1
436	4
437	1
438	2
16822	1
16823	1
439	1
440	1
441	3
442	4
16826	1
443	4
16828	3
444	5
445	1
446	2
447	1
448	4
450	2
16834	1
451	2
452	2
453	6
454	2
455	4
456	1
457	4
458	3
459	1
460	1
461	4
462	2
463	4
464	2
16848	1
465	3
466	1
467	1
468	5
469	1
471	2
16855	1
472	1
16857	1
474	2
475	6
476	6
477	5
16861	1
16862	1
478	5
479	1
480	7
16864	1
481	3
482	4
483	1
484	2
486	1
487	1
490	4
491	2
16876	1
493	2
494	2
496	3
497	4
499	1
500	3
501	1
502	1
16886	1
503	2
504	2
505	5
506	2
507	1
508	1
509	1
510	4
511	1
512	2
513	3
514	2
515	2
516	1
517	2
518	1
16902	1
519	2
16903	1
520	5
521	3
522	3
523	1
524	7
525	2
526	2
527	1
528	3
529	3
531	3
16915	1
532	3
16916	1
535	5
16919	1
536	3
537	1
538	1
539	8
540	2
541	1
16925	1
542	2
543	4
546	1
547	2
548	1
549	3
550	3
552	2
553	2
554	5
556	1
557	1
16941	1
558	4
559	4
560	3
561	1
16947	2
563	2
564	6
16950	1
566	4
567	2
568	1
569	8
16953	1
570	3
571	1
573	2
574	1
575	4
576	2
16961	1
577	2
578	3
579	4
580	1
16964	1
581	2
583	4
584	3
585	1
586	2
587	2
588	1
589	1
590	2
591	1
592	2
16976	1
593	2
594	3
595	3
596	4
597	5
598	1
599	4
600	5
602	3
16987	1
603	2
604	4
605	2
606	3
607	4
608	3
609	2
611	1
612	1
613	3
16998	1
615	3
616	2
617	3
618	4
620	2
621	1
622	1
623	4
624	1
625	2
17009	1
626	4
627	4
628	3
629	4
630	2
631	1
632	1
633	1
634	1
635	1
637	2
638	3
639	3
640	2
641	2
642	2
644	3
645	2
646	1
647	4
648	2
649	3
17033	1
650	3
651	1
652	3
653	2
654	1
655	3
17039	1
657	2
658	4
659	2
660	1
661	2
662	1
663	2
664	3
665	4
666	3
667	2
669	3
670	1
671	2
672	2
673	1
674	2
675	2
676	1
677	3
678	2
679	1
680	2
681	3
682	4
683	3
684	2
17069	1
685	2
686	1
687	1
688	4
17072	1
689	2
690	1
691	1
692	3
693	2
695	2
696	2
697	1
698	1
700	3
17084	1
701	1
17085	1
702	7
703	1
704	2
705	1
706	2
707	4
708	2
710	3
711	3
712	3
713	1
714	1
715	4
716	4
17100	1
17101	1
717	1
719	2
720	5
721	3
722	1
723	1
726	4
727	2
17111	1
728	3
729	1
730	5
17114	1
731	3
732	2
733	4
17117	1
734	1
735	3
17120	2
736	1
737	4
738	3
739	2
740	2
741	2
742	2
743	3
744	2
745	3
746	3
17130	1
747	3
748	3
749	2
750	1
751	1
752	2
753	4
754	4
755	3
756	3
757	3
758	4
759	3
760	4
761	4
17146	1
762	1
763	2
764	2
766	2
767	4
768	1
769	3
770	1
771	2
772	1
773	1
774	3
775	3
776	2
17160	1
777	4
778	2
779	1
780	1
781	1
783	3
784	3
785	2
786	3
787	3
788	2
789	3
790	1
791	1
17175	1
792	1
793	4
794	2
795	2
796	1
797	2
798	2
799	1
800	1
801	1
802	2
804	3
805	4
806	2
807	1
808	2
809	4
811	4
812	2
813	4
17197	1
814	3
815	2
816	2
817	1
818	5
17203	1
819	1
821	3
822	1
823	4
824	1
825	3
826	2
827	3
828	3
829	5
830	5
831	3
832	2
833	1
834	2
836	1
837	2
838	3
839	1
840	4
841	2
17225	1
842	2
843	3
844	1
845	4
846	4
848	1
849	3
850	3
851	1
852	2
853	1
854	5
855	7
856	2
857	3
858	3
859	1
860	3
862	2
863	1
864	3
865	2
17249	1
866	3
867	2
868	1
869	3
871	1
872	2
873	1
874	3
875	2
876	1
877	5
878	3
879	2
880	5
882	2
883	4
884	4
885	4
886	1
887	1
888	2
889	3
890	2
17274	1
891	2
892	3
17276	1
893	2
895	4
897	2
898	4
899	2
900	1
901	5
902	5
903	2
904	4
905	5
906	2
907	3
908	1
909	4
910	1
911	2
912	3
913	2
914	3
915	1
17300	1
916	3
917	4
918	2
919	5
17303	1
921	4
922	3
923	1
924	3
925	1
927	3
928	2
929	2
930	2
931	1
932	5
933	3
934	5
935	2
937	3
938	3
939	5
940	3
941	3
942	1
17326	1
944	1
945	5
946	2
948	3
949	2
17334	1
952	2
956	4
957	2
958	2
959	5
17343	1
960	2
961	4
962	1
17347	1
17348	1
965	5
966	2
968	3
969	3
971	1
972	1
973	2
975	3
976	4
977	1
978	2
979	6
982	2
984	1
985	4
986	5
987	3
17371	1
989	3
991	1
992	3
17376	1
993	1
994	1
995	4
997	2
998	3
999	1
1000	1
1001	4
1002	1
1003	1
1004	2
1005	1
1006	1
1007	1
17393	1
1010	1
1011	3
1012	1
1013	1
1014	2
1015	3
1016	1
1017	2
1018	2
17403	1
1020	2
17404	1
1021	3
1022	5
1024	2
17408	2
1025	3
1026	5
1027	1
1028	6
1031	3
1033	2
1035	5
1037	4
1038	1
17422	1
1039	2
1040	2
1041	3
1042	4
1043	2
1044	3
1045	2
1046	5
1047	1
1049	2
17433	1
1051	2
17435	1
1053	2
1054	3
1055	3
17439	1
17440	1
1057	4
1058	2
1059	3
1060	8
1061	2
1062	3
17448	1
1064	2
1066	3
1067	1
1068	4
1069	3
1070	6
1071	3
1072	2
1073	3
1074	1
1075	3
1076	1
1079	2
17463	1
1080	3
1082	2
1083	2
1084	3
1085	2
1086	1
17471	1
1087	2
1089	1
1090	4
1091	3
1092	1
1093	3
1094	2
1095	1
17479	1
1096	1
1097	2
1098	1
1100	2
1101	1
1102	1
1103	3
1104	6
1105	2
1106	3
1107	4
1108	3
1109	1
1110	1
1111	3
1112	4
1113	3
1114	1
1115	2
1116	2
1117	1
1118	1
1119	4
1120	1
1121	3
17505	1
1122	5
1123	4
1124	4
1127	2
1128	2
17512	2
1129	1
1130	4
1131	2
1132	3
1133	3
1134	2
1135	3
1136	1
1138	2
1139	1
1140	1
1141	2
1142	5
1143	3
1144	3
1145	4
1146	1
1147	4
1148	3
1149	3
1150	2
1151	4
1152	1
1153	2
1154	1
1155	3
1156	1
1157	1
1158	1
1159	2
1160	1
1161	1
1163	2
1164	4
1165	1
17550	1
1167	3
1168	3
1169	2
17555	1
1171	2
1172	3
1173	2
1175	3
1176	1
1177	7
1178	1
1179	1
1181	4
1182	2
1183	3
1184	2
1185	1
1186	2
1187	1
1189	2
1190	2
17575	1
1191	2
1192	2
1193	1
1194	3
1195	2
1196	1
17582	1
1199	3
1200	2
1203	2
1204	3
1205	1
1206	3
1207	3
1208	2
1209	2
1210	3
1211	4
1212	6
1213	4
1215	3
1216	1
1217	1
1218	1
1219	3
1220	2
1221	5
17606	1
1223	1
1224	3
1225	4
1226	1
1227	1
1229	3
1230	4
17614	1
1231	1
17616	1
1232	4
1233	9
1234	3
1235	2
1236	4
1237	5
1238	2
1239	2
1241	1
1242	3
1243	3
1244	5
1245	3
1246	1
17631	1
1247	1
1248	1
1249	2
1250	2
1251	1
1252	3
1254	1
1255	4
1256	3
1257	3
1258	3
1259	3
1260	2
1261	1
1262	3
1263	3
1264	1
1265	1
1266	3
1267	1
1268	1
1269	2
1270	2
1271	3
1272	2
1273	1
1274	6
1275	1
17659	1
1276	3
1278	3
1279	5
1280	2
1281	2
1282	3
1283	3
1284	3
1285	5
1286	5
17671	1
1287	1
1289	4
1290	3
1291	4
1292	1
1293	2
1294	2
1296	6
1297	4
17681	1
1298	1
1299	2
1300	3
1301	1
1302	3
1303	2
1304	4
17690	1
1306	1
1307	2
17692	1
1308	3
17693	1
1309	1
17694	1
1310	2
1311	1
17696	1
1312	1
1313	3
1314	1
1315	3
1316	2
1317	4
1318	2
1319	2
1320	2
1321	2
1323	3
1324	1
1325	4
1326	4
1327	4
1328	3
1329	1
1330	4
1331	3
1332	3
1333	2
1334	2
1335	2
1336	4
1337	2
1338	2
1339	2
17723	1
1340	3
1341	1
1342	2
1343	5
1344	1
17728	1
1345	3
1346	1
1347	3
1348	3
1349	4
17734	1
1350	5
1351	4
1352	3
17737	1
1354	6
1355	1
17739	1
1356	2
1357	2
1358	1
1359	1
1360	2
1361	3
1363	3
1364	1
1365	2
1366	3
1367	2
1368	2
17752	1
1369	2
1370	3
17755	1
1371	1
1372	3
1373	4
1374	4
1375	4
1376	3
1377	3
1378	4
1379	2
1381	2
1382	2
1383	2
1384	1
1385	2
1386	3
1387	1
17771	1
1389	5
17774	1
1390	2
1391	3
1392	5
1393	2
1394	2
1396	4
1397	2
1398	1
1399	1
1400	4
1401	2
1403	1
1404	2
1405	3
1406	5
1407	1
1408	3
1409	2
17794	1
1411	3
1412	1
1413	4
17798	1
1414	2
1415	1
1416	2
1417	5
1418	4
1419	2
1420	1
1422	2
1424	3
1426	2
1427	2
1429	4
1430	2
17814	1
1431	5
1433	3
1434	2
1435	1
1436	2
17820	1
1437	5
1438	2
1439	4
1440	2
1441	2
1442	1
1443	2
1444	1
1445	1
1446	1
1447	1
1448	2
1449	3
1450	4
1451	4
1452	2
1453	2
1454	2
1455	1
1456	1
1457	4
1458	4
1459	1
1460	2
1461	3
1463	4
1464	2
1465	7
1466	1
1467	3
1468	4
1469	1
1470	4
17855	1
1472	2
1473	3
17858	1
1474	1
1475	3
1476	2
1478	1
17862	1
1480	1
1481	3
1482	1
1483	2
1484	2
1485	1
1486	4
1487	4
17872	1
1488	1
1489	3
1490	4
1491	3
1492	1
1493	2
17878	2
1495	3
17879	1
1496	2
1497	1
1498	4
1499	3
1500	1
1501	2
1503	3
1504	1
1505	3
1506	2
1508	4
1509	2
1510	5
1511	3
1512	3
17896	1
1513	3
1514	2
1515	1
1516	3
1517	5
1518	2
1519	3
17903	1
1520	3
1521	7
1522	2
1523	3
1524	6
1525	2
1526	1
1528	3
17912	1
1529	1
1530	4
1531	3
1533	3
1535	4
1536	1
1537	3
1538	2
1539	1
1540	2
1541	4
1542	1
1543	2
1544	3
1545	2
1546	2
1547	3
1548	4
1549	2
1550	3
1551	2
1552	2
1553	3
1555	2
1558	1
1559	1
1560	5
1561	2
1562	2
17947	1
1563	3
1564	2
1566	5
1567	1
1568	1
1569	1
1570	2
1571	1
1572	7
1573	3
1574	1
1575	2
1576	1
1577	3
1578	2
1580	3
1581	2
1582	1
1583	2
1584	1
1585	2
1586	2
1587	4
1588	3
1589	3
1590	2
1591	2
1592	1
1593	1
1594	1
1595	2
1596	2
1597	2
1598	1
1599	2
1600	5
1601	5
1602	1
1603	2
17987	1
1604	3
17988	1
1605	2
1606	3
1607	1
1608	1
1609	1
1610	1
1611	4
1612	1
1613	3
1614	1
1615	5
18000	1
1617	2
1618	5
1619	2
1620	4
1622	4
1623	3
1624	1
1625	3
1626	1
1627	1
1628	1
1629	4
1630	3
18015	1
1632	1
1633	4
1634	4
1635	1
1636	1
1637	5
1638	3
1640	1
1641	3
18025	1
1642	4
1644	5
1645	5
1646	2
1647	2
1649	3
1650	5
1651	1
1652	1
1654	3
1655	7
18039	1
1656	1
1657	1
1658	3
1659	4
1660	1
1661	3
1662	5
1663	5
1664	2
1665	4
1666	1
1667	3
1669	1
1670	3
1671	2
1673	2
1674	2
1675	5
1676	2
1677	4
1680	4
1681	2
1683	4
1684	1
1685	2
1686	1
1687	2
1688	2
18072	1
1689	1
1690	2
18074	1
18075	3
1691	2
1692	3
18076	1
1693	1
1695	4
1696	4
1697	1
1698	1
1699	3
1700	3
1701	2
1702	4
18086	1
1703	3
1704	2
1705	3
1706	3
1707	6
18091	1
1708	3
1709	1
1710	3
1711	2
1712	2
1713	3
1715	1
1716	2
1717	1
1718	4
1719	2
1720	1
1721	3
1722	1
1723	3
1725	4
1726	2
1728	1
1730	1
1731	2
1732	5
1733	3
1734	1
1735	1
1736	2
1737	1
1739	2
1740	5
1741	1
1742	4
1743	3
1744	2
1745	1
1746	3
1747	3
1748	1
1749	4
1750	1
1751	1
1752	4
1753	5
1754	2
1755	2
1756	3
1759	5
1760	2
1762	4
1763	1
1764	2
1765	2
1766	5
1767	3
1768	3
1769	1
18153	1
1770	6
1771	1
1772	2
1773	2
1774	2
1775	2
1776	3
18160	1
1777	2
1778	1
1779	2
1780	2
1782	1
1783	5
1784	2
1785	2
1786	2
18171	1
1787	3
1788	2
1789	1
1790	4
1791	3
1792	3
1793	4
1794	3
1795	2
1796	1
1797	3
1798	4
1799	4
1800	3
1801	5
1803	2
1804	2
18188	1
1805	4
1806	4
1807	2
1809	2
1810	5
1811	1
1812	3
18196	1
1813	3
18198	1
1815	2
1816	2
1817	2
1818	3
1820	3
1821	1
18205	1
1822	2
1823	2
1824	1
1825	3
1826	1
1828	2
1829	3
1830	1
1831	3
1833	3
1834	5
1835	1
1836	1
1837	2
1838	4
1839	2
1840	2
1841	3
1843	2
1844	3
1845	2
1846	1
1848	5
1849	1
1850	1
1851	4
1852	4
1853	3
1854	3
1855	1
1856	2
1857	3
1858	1
1859	2
1861	1
1862	3
1863	1
1864	2
18249	1
1865	2
1866	2
18250	1
1867	1
1868	4
1870	4
1873	4
1874	2
1875	2
1876	3
1877	2
1878	2
18262	1
1879	3
1881	2
1882	2
1883	1
1884	4
1885	2
18270	2
1886	1
1887	5
18271	1
1888	1
1889	3
1890	2
1891	1
1892	1
1893	3
1894	4
1895	3
1896	3
1897	1
1898	2
1899	1
1900	4
1901	1
1903	5
1904	1
1906	1
1907	3
1908	4
1909	2
1910	2
1911	2
1912	1
18296	1
1913	2
1914	1
1915	3
1916	2
18300	1
1917	3
1918	2
1919	1
1920	2
18304	1
1921	3
1922	3
1923	4
1924	5
1925	2
1927	1
1928	4
1929	1
1930	3
1931	3
1932	4
1933	4
1935	3
1936	2
1937	1
1938	6
18322	1
1939	2
1941	2
1943	4
1944	1
1945	1
1946	1
1947	2
1948	3
1949	2
1950	1
1951	1
1954	2
1955	1
1956	4
1957	3
1958	4
1959	1
18343	1
1960	3
1961	3
1962	1
1963	3
1964	1
1965	2
1966	1
1967	1
1968	2
1970	1
1971	1
1972	3
1973	1
1974	2
1975	5
1976	3
1977	2
1978	6
1979	2
1980	3
1981	1
1982	1
1983	1
1984	2
1985	2
1986	1
18370	2
1987	1
1989	2
1990	2
1991	2
1993	1
1994	2
1995	1
1996	2
1997	3
1998	4
1999	3
2000	1
2001	3
2002	5
2005	1
2006	3
2007	3
2008	2
2009	3
2010	2
2011	1
2012	3
2013	3
2014	3
2015	2
18400	1
2016	1
2017	1
2018	2
2019	1
2020	2
2021	1
2022	2
2023	3
2024	5
2025	5
18410	1
2026	1
2027	1
2030	2
2031	4
2032	1
2033	1
2034	2
2036	2
2037	3
2039	3
2040	3
2041	2
2042	2
2043	2
2045	3
2046	4
2047	2
2048	1
2049	5
18435	1
2051	2
18436	1
2052	3
2053	1
2054	2
2055	3
2056	3
2060	4
2061	2
2062	5
2063	2
2064	2
18448	1
2065	2
2066	3
2067	5
2068	3
2069	2
2070	2
2071	3
2072	2
2073	2
2075	2
2076	3
2077	2
2078	1
2080	4
2081	2
18465	1
2082	2
2083	1
2084	1
2085	3
2086	2
2088	3
2089	4
2090	1
2091	2
2093	3
2094	2
2095	3
2096	1
2097	2
2098	2
2099	3
2100	5
2101	6
18485	1
2102	2
2103	2
2104	1
2105	2
18489	1
2106	2
2107	3
2108	1
2109	2
2112	1
2113	1
2114	1
2115	3
2116	1
2117	2
2118	2
2119	2
2120	3
2121	1
2122	1
2125	1
2126	4
2128	3
2129	4
2130	4
2131	1
2132	3
2133	6
2134	1
2135	5
18519	1
2136	2
2137	1
18521	1
2139	5
2140	2
2141	5
2142	4
18526	1
2143	4
2144	3
2145	1
2146	2
2148	2
2149	2
2150	3
2151	2
18535	1
2152	3
2153	1
2154	1
2155	7
2156	4
2157	2
2158	3
2159	1
2161	1
2162	2
2163	2
2164	5
2166	3
18551	1
2168	2
2169	2
2170	3
2171	4
2172	2
2173	2
2174	1
2176	2
2177	2
2178	2
2179	2
2180	1
2181	2
2182	5
2184	3
2185	2
2186	2
2187	1
2188	1
2189	2
2190	2
2191	3
2192	3
2193	5
2194	6
2195	3
2196	1
2197	2
2198	1
2199	5
2200	1
2201	3
2202	3
2203	3
2204	5
18588	1
2205	2
2206	3
2207	1
2208	3
2209	1
2210	2
2211	2
2212	3
2213	3
2214	3
2215	2
2216	2
2217	4
2219	1
2221	2
2222	2
2223	4
2224	2
2225	1
2226	2
2227	2
2228	1
2229	1
2230	1
18614	1
2231	3
2233	5
2234	4
2235	4
2236	3
2238	1
2239	2
2241	1
2242	1
2243	2
2244	3
2246	1
18630	1
2247	2
2248	1
2249	2
2250	3
2252	1
2253	2
2254	1
2255	3
2256	2
2257	3
2258	5
2260	1
2261	1
2262	5
2263	1
2265	3
2266	4
18650	1
2267	1
2268	3
18652	1
2269	3
2270	4
18654	1
2271	3
2272	1
2273	1
2274	1
2275	3
2276	1
2277	1
2278	2
2279	3
2280	2
2281	1
2282	1
2283	1
2284	2
2285	2
2286	4
2287	3
2288	3
2289	4
2291	2
2293	4
2294	1
2295	5
2296	3
2297	5
2298	2
2299	1
2300	3
2301	3
2302	3
2303	2
2304	1
2305	3
2306	3
2307	2
2308	4
2309	3
2310	1
2311	1
2312	1
18696	1
2314	2
18699	1
2315	1
2317	2
2318	2
2319	4
2321	2
2322	4
2323	3
2324	2
2325	2
2327	2
2328	2
18713	1
2330	2
2331	5
2332	1
2333	1
2334	1
2335	3
2337	4
2338	3
2339	3
2340	2
2341	3
2343	2
18727	1
2344	2
2345	1
2346	1
2348	2
2349	1
2350	3
2351	1
2352	1
2353	5
2354	5
2356	4
2357	4
2358	1
2359	3
2360	1
2361	2
2362	1
2363	2
2364	3
2365	2
2366	2
18750	1
2367	2
2368	6
2369	2
2370	2
2371	1
2372	2
2373	1
2375	3
2376	2
2377	1
2378	3
2379	2
2380	2
2381	3
2382	3
2383	4
2384	3
2385	5
18769	1
2386	2
2387	4
2388	6
2389	2
2390	2
2391	1
2392	4
2393	1
2394	1
2395	3
2397	1
2398	2
2399	2
2400	2
2402	1
2403	2
2404	3
2405	3
2407	2
2408	2
2409	1
18793	1
2410	3
2411	1
2413	1
2414	3
2415	5
2416	2
2419	4
2420	3
2421	4
2422	5
2423	2
2424	3
2425	2
18809	1
2426	4
2427	4
2428	1
2429	3
2431	4
2432	4
18816	1
2433	2
2434	3
2436	2
2437	2
2438	3
2439	1
2440	3
2442	3
2443	2
2444	1
2445	3
2446	2
2447	3
2448	2
2449	3
2450	4
2452	4
2453	1
2454	1
2455	3
2456	2
2457	1
2458	4
2459	2
2460	3
2461	3
2462	3
18846	1
2463	1
2464	1
2465	2
2466	4
2467	3
2468	1
2469	6
2470	5
2471	2
2472	3
2473	3
2474	3
2475	1
2476	1
2477	3
2478	2
2480	2
2481	3
2482	3
2483	2
2484	4
2485	2
2486	4
18870	1
2487	2
2488	3
2489	1
2490	3
2491	5
2492	2
2493	1
2494	1
2495	2
2496	3
2497	3
2498	1
2499	2
2500	2
2501	4
2502	1
2503	5
2504	2
2505	1
2506	3
2507	3
2509	1
18894	1
2510	3
2511	1
2513	6
2514	3
2515	2
2516	1
2517	1
2518	5
2519	5
2520	3
2521	4
2522	2
2523	3
2524	1
2525	3
2526	1
2527	1
2528	2
2529	4
2530	2
2531	1
2532	2
2533	1
2534	4
2535	1
2536	2
2537	2
2538	5
2539	1
2540	3
2541	2
2542	3
2543	3
2545	2
2546	2
2547	2
2548	2
2549	3
2551	2
2553	2
2554	3
2556	2
2557	2
2558	1
2559	1
2560	1
2561	1
2562	5
2563	1
2564	2
2565	2
2566	2
2567	2
2568	1
18952	1
2569	1
2570	5
2571	3
2573	3
2574	2
18958	1
2575	4
2576	2
2577	2
2578	1
2579	4
2580	1
2581	2
2583	1
2584	1
2586	1
2587	1
2588	4
2589	2
2590	3
2591	3
18975	1
2592	1
2593	1
2594	1
2595	1
2596	2
2597	3
2598	4
2599	1
2600	1
18984	1
2601	1
18986	1
2602	1
2603	1
2604	4
2605	2
2606	1
2608	2
2609	3
18993	1
2610	2
2611	1
2612	3
2613	4
2614	2
2615	1
2617	5
2619	1
2620	6
2621	1
2622	5
2623	3
2624	1
2625	1
2626	4
2627	2
2628	2
2629	1
2630	2
2632	2
2633	4
19018	1
2635	7
2637	3
2638	4
2639	1
2640	4
19024	1
2641	4
2642	1
2643	1
2645	2
19029	1
2646	5
2647	3
2648	6
2650	4
2651	3
2652	5
2653	1
2654	5
2655	3
2656	2
2657	1
2658	5
2659	2
2660	5
2661	2
2662	1
2663	3
2664	2
2666	2
2667	4
2668	4
2669	1
2670	3
2671	2
2672	2
2674	3
2675	1
2676	6
2677	3
2678	1
2679	2
2680	2
2681	1
19066	1
2682	2
2683	3
2684	2
2685	2
2686	4
2687	1
2688	3
2690	2
2691	1
2692	1
2693	1
2694	1
2695	1
2696	2
2697	1
2698	4
2699	2
2700	2
19084	1
2701	3
2702	5
2703	1
2704	1
2705	2
2706	3
2707	2
2708	2
2709	1
2710	1
2711	2
2712	4
2713	1
2715	2
2716	2
2717	1
2718	3
2719	2
2720	4
2721	4
2723	1
2724	2
2725	1
2726	1
2727	1
2728	2
2729	1
2730	1
2731	2
2732	2
2734	3
2735	1
2737	2
2738	2
19122	1
2739	1
2740	3
2741	2
2742	2
2743	1
2745	3
2746	1
2747	2
2748	3
2749	1
2750	2
2751	4
2752	6
2753	4
19137	1
2754	1
2755	3
2756	5
2757	2
2758	2
2759	2
2760	1
2761	2
2762	1
2763	4
2764	5
2765	2
2766	2
2768	5
2769	3
2770	4
2771	1
2772	3
19156	1
2773	5
2774	1
2775	4
2777	3
2778	1
2779	1
2780	1
2781	2
2783	3
2786	2
2787	2
2788	4
2789	3
2790	4
2791	6
2792	1
2793	1
2794	1
2795	5
2796	3
2797	2
2798	4
2799	2
2800	3
2801	1
2802	1
2803	3
2804	1
2805	2
2806	1
2807	3
2809	2
2810	2
2811	1
2812	5
19196	1
2814	2
2815	2
2816	1
2817	3
2818	3
2819	3
2820	6
2821	2
19205	1
2822	3
2823	3
2824	1
2825	3
2826	4
2827	1
2828	1
2829	3
2830	2
2831	1
2832	3
2833	5
19217	1
2834	4
2836	2
2837	1
2838	2
2839	4
2840	1
2841	2
2843	2
2844	1
2845	2
2846	2
2847	4
2848	6
2849	7
2850	3
2851	2
2852	1
2853	3
2854	1
2855	1
2856	3
2857	3
2858	2
2859	4
19244	1
2860	2
2861	2
2863	2
2865	5
2866	4
2867	3
2869	1
2870	2
2871	4
2872	6
2873	2
2874	1
2875	3
2876	6
2877	1
2878	3
2879	3
2880	2
2881	1
2882	2
2883	2
2884	1
2885	2
2886	4
2887	4
2888	1
2889	1
2890	1
2891	2
2892	1
2893	3
2894	2
2895	1
2896	4
2898	2
2899	3
2900	2
2901	3
2902	2
2903	5
2904	2
2905	5
2906	4
2907	3
2908	5
2909	1
2910	2
19297	1
2913	2
2914	1
2917	1
2918	2
2920	8
2921	2
2922	2
2923	3
2924	3
2925	3
2926	3
2927	1
19311	1
2928	3
2929	2
2930	4
2932	3
2933	4
2934	3
19318	1
2935	2
2936	2
2937	1
2938	1
2939	2
2940	2
2941	2
2942	2
2943	3
2944	4
2946	3
2947	3
2948	2
2950	2
2951	4
2952	2
2953	3
2954	2
2955	2
2956	3
19340	1
2957	2
2958	3
2959	3
2960	3
2961	1
2962	2
2963	1
2964	1
2965	1
2966	4
2967	3
2968	2
2969	3
2970	2
2971	3
2972	4
2973	2
2975	2
2976	5
2977	4
2978	2
2979	3
2980	4
2981	4
2983	2
2984	1
2985	1
2986	4
2988	6
2989	3
2990	3
2991	4
2992	4
2993	2
2994	1
2995	1
2997	3
2999	2
3000	4
3001	4
3002	3
3003	1
3005	4
3006	4
3007	4
3008	1
3009	2
3010	1
3012	3
19396	1
3013	3
3014	3
3015	3
3016	2
3017	3
3018	2
3019	3
3020	2
3021	3
3022	2
19406	1
3023	1
3024	1
3025	3
3026	1
3027	2
3028	3
3029	1
3030	1
3031	2
3032	4
3033	3
19417	1
3034	2
3035	1
3038	1
3039	4
3040	2
3042	4
3044	3
3046	1
3047	1
3049	6
3051	2
3052	5
3053	2
3054	4
3055	4
3056	2
3057	1
3058	2
3059	3
3061	1
3062	5
3063	1
3064	6
3065	3
3066	3
3067	4
3068	2
3070	3
3071	2
19455	1
3072	3
3074	3
3075	4
3076	3
3077	1
3078	3
3079	2
3081	2
3082	3
3083	5
3084	1
3085	1
3086	4
3087	5
3088	2
3089	3
19474	1
3090	1
3091	1
3092	4
19476	1
3093	3
3095	2
3096	2
3097	2
3098	3
3099	2
3100	3
3101	3
3102	2
3103	1
3105	3
3106	3
3107	2
3108	4
3109	7
3110	2
3111	5
3112	3
3113	2
3114	1
3115	2
3116	1
3117	1
3121	3
3122	4
19506	1
3124	1
3125	2
3126	1
3127	5
3129	1
3130	2
3131	1
3132	8
3133	2
3134	2
3135	3
3136	1
3137	4
3139	2
3141	2
3144	2
3145	2
3146	2
3147	2
3148	2
3150	3
3152	2
3153	2
3154	6
3155	2
19539	1
19540	1
3157	3
3158	4
3159	2
3160	3
3161	1
3162	4
3163	6
3164	3
3165	1
3166	1
3167	5
3168	1
3169	3
19554	1
3171	3
3172	5
19557	1
3175	1
3176	5
3177	4
3178	3
3179	5
3180	2
3181	3
3182	4
3183	1
3184	1
3185	2
3187	6
3189	4
3190	3
3191	2
3192	1
3193	2
3194	2
3195	1
3196	3
3197	3
3198	2
3199	3
3200	2
3201	1
3202	4
3203	2
3204	2
3205	1
3206	2
3208	4
3209	2
3210	2
3211	1
3212	1
3214	4
3215	2
3216	5
3217	1
3218	2
3219	5
3220	1
3222	1
3223	2
3224	5
3225	1
3227	2
3228	1
3230	2
19614	1
3231	3
3232	3
3233	5
3234	3
19619	1
3235	2
3236	1
3237	2
3238	1
3239	1
3240	2
3241	1
3242	3
3243	1
3244	1
3245	1
3247	2
3248	3
3249	3
3250	4
3251	4
3252	3
3253	2
3254	1
3256	2
3258	3
3259	4
3260	2
3261	1
3262	2
3263	3
3264	2
3265	1
3267	4
3268	1
3269	2
3270	1
3271	1
3272	3
3273	1
3274	5
3275	2
3276	3
3277	1
3278	2
3279	2
3280	2
3281	1
3282	3
3283	3
3284	2
3285	2
3286	2
3287	1
3288	3
3290	3
3291	1
3292	1
3293	3
3295	6
3296	3
3298	1
19682	1
3299	3
3300	2
3301	3
3302	2
3303	3
3304	3
3305	2
3306	1
3307	4
3308	3
3309	3
3310	1
3311	2
3312	4
3313	4
3314	2
3315	2
3316	1
3317	1
3319	2
3320	3
3324	1
3325	1
3326	3
3327	4
3328	6
3329	2
3332	2
3333	3
3335	2
3336	1
3338	1
3339	3
3340	3
3341	2
3342	2
3343	2
3344	3
3345	3
3346	1
3347	5
3348	2
3349	1
3350	3
3351	3
3352	2
3353	1
3354	2
3355	2
3356	1
3357	3
3358	4
3359	1
3360	3
3361	4
3362	4
3363	3
3364	4
3365	2
3366	8
19750	1
3367	3
3369	2
3370	3
3371	2
3372	4
3373	3
3374	4
3375	1
3376	4
3377	5
3378	1
3379	1
3380	3
3382	1
3383	3
3384	4
3385	1
3386	2
3387	1
3388	2
3389	3
3390	2
3391	2
3392	2
19776	1
3393	1
3394	3
3395	2
3396	5
3397	2
3398	2
3399	1
3400	3
3401	2
3402	1
3403	4
3404	4
3405	2
3406	2
3407	2
3408	3
3409	1
3410	2
3411	4
3412	2
3413	2
3414	2
3415	1
3416	1
3417	2
3418	2
3419	3
3420	1
3421	3
3423	1
3424	4
3425	1
3426	1
3427	3
3428	4
3429	4
3430	2
3431	5
3432	2
3433	1
3434	1
3435	2
3436	2
3437	3
3438	2
3440	2
3441	2
3442	1
3444	3
3445	2
3447	3
3448	1
3450	4
3451	1
3452	2
3453	2
3454	2
3455	3
3456	1
3457	1
3458	2
3459	3
3460	2
3461	5
3462	2
3463	2
3464	4
19848	1
3465	2
3466	5
3467	1
3468	1
3470	3
3471	4
3472	6
3474	2
3475	1
3476	4
3477	2
19861	1
3478	3
3480	4
3481	1
3482	4
3483	1
3484	2
3485	2
3486	4
19871	1
3487	3
3488	4
3489	1
3490	2
3491	3
3492	3
3493	3
3494	5
3495	1
3496	3
3497	3
3498	2
3499	3
3500	2
3502	4
3503	2
3504	2
3505	4
3506	1
3507	2
3508	5
3509	1
3510	2
3511	1
3512	1
3513	4
3514	1
3515	2
3516	1
3517	3
3519	4
3522	1
3523	1
3525	1
3526	4
3527	3
3528	3
3529	5
3530	3
3531	2
3532	2
3533	4
3534	3
3535	2
3536	2
3537	2
3538	3
3539	1
3541	3
3542	5
3543	3
19928	1
3545	6
3546	4
3547	2
3548	2
3551	3
3552	3
3553	2
3554	1
3555	3
3556	2
3557	3
3558	3
3560	1
3561	4
3562	9
3564	1
3565	3
3566	1
3567	5
3568	1
3569	2
3570	1
3571	2
19955	1
3572	2
3573	3
3574	3
3575	2
3576	3
3577	4
3578	2
3579	4
3580	2
3581	2
3583	1
3585	1
3587	2
3588	4
3589	2
3590	5
3591	2
3592	1
3593	2
3594	2
3596	2
3597	5
3598	6
3599	1
19983	1
3600	5
3601	3
3602	2
3603	5
3604	2
3605	3
3607	4
3608	2
3609	3
3610	3
3611	1
3612	2
3613	4
3614	1
3615	1
3616	3
3617	2
3618	3
3619	5
3620	3
3621	2
3622	2
3623	3
3624	5
3626	2
3627	4
3629	3
3630	1
3631	3
3632	2
3634	1
3635	4
20020	1
3636	3
20021	1
3637	2
3638	5
3639	1
3640	1
3641	1
3642	1
20026	1
3643	2
3644	3
3645	2
3646	3
3647	1
3648	3
3649	5
3650	2
3651	1
3652	2
3653	1
3654	6
3655	2
3656	1
3657	4
3658	3
3660	1
3661	1
3663	1
3664	3
3665	1
3666	1
3667	3
3668	2
3669	5
3670	2
3671	1
3672	3
3673	1
3675	3
3676	4
20060	1
3677	2
3678	5
3679	3
3680	2
3681	1
3682	4
20067	1
3684	1
3686	7
3687	2
3688	1
3689	2
3690	3
3691	5
3692	5
3693	3
3694	3
3695	2
3696	1
3697	3
3698	3
3700	4
3701	3
20085	1
3702	2
3703	1
3704	3
3705	3
3707	2
3708	4
3709	1
3710	3
3711	3
3712	3
3713	4
3714	2
3716	1
3717	2
3718	2
3719	2
3721	1
3722	3
3723	4
3724	2
3725	4
3726	1
3727	4
3728	2
3729	3
3731	1
3732	3
3733	3
3734	4
3736	2
3737	1
3738	1
3739	3
3740	3
3741	1
3743	3
3744	2
3745	4
3746	1
3747	2
3748	5
3749	3
3750	3
3751	1
3752	1
3753	2
3754	1
3755	2
3756	2
3757	2
3758	2
3759	5
3760	1
3761	1
3762	1
3763	3
3765	5
20150	1
3766	1
3767	2
3769	2
3771	3
3772	1
3773	2
3774	3
3775	4
3776	4
3778	2
3780	4
3781	4
3782	3
3783	4
3785	4
3786	2
3787	2
3789	3
3790	2
3791	1
3792	2
3794	2
3795	3
3796	2
3798	2
3799	3
3800	2
3801	3
3802	3
3803	5
3804	2
3806	1
3807	5
3808	5
3809	2
3810	5
20194	1
3811	3
3812	1
3813	1
3814	2
3815	1
3816	1
3817	4
3818	2
3819	2
3821	3
3822	2
3823	2
3824	2
3825	5
3826	6
3827	2
3828	4
3829	2
3830	2
3831	1
3832	2
3833	2
3834	2
3835	3
3836	2
3837	3
3838	2
3842	4
3843	2
3844	3
3845	3
3846	2
3847	3
3848	3
3850	2
3851	2
3852	2
3853	2
3854	2
3855	1
3856	1
3857	1
3858	3
3859	3
3860	4
3861	3
3862	2
3863	4
3864	1
3865	1
3867	1
3868	2
3869	4
3870	4
3871	2
3872	2
3874	2
3875	1
3876	2
3878	4
3880	2
3881	5
3882	2
3883	4
3884	1
3885	1
3887	1
3888	2
3889	2
3890	2
3891	3
3892	1
3893	1
3894	2
3895	2
3896	2
3897	2
3898	3
3899	3
3900	3
3901	3
3902	4
3903	1
20288	1
3904	1
3905	2
3906	1
3907	1
3910	3
3911	1
3912	2
3913	2
3916	1
3917	1
3918	2
3920	1
3921	4
3922	3
3923	3
3925	6
3926	2
3927	3
3928	2
3929	1
3931	5
3932	1
3933	3
3934	1
3935	2
3936	1
3937	2
3938	4
3939	5
3940	4
3941	2
3942	2
3943	1
3944	4
3945	1
3946	1
3947	4
3948	3
3949	1
20333	1
3950	1
3951	2
3952	2
3953	2
3954	2
3955	2
3956	3
3957	2
3958	1
3959	3
3960	2
3961	1
3962	2
3963	4
3964	1
3966	4
3967	1
3968	3
3969	1
3971	4
3972	3
3973	1
3974	2
3975	2
3976	3
3977	3
3979	2
3980	1
3981	6
3982	3
3983	1
3984	3
3985	5
3986	3
3987	1
3988	3
3989	2
3990	2
3991	3
3992	2
3993	6
3994	4
3995	3
3996	2
20380	1
20381	1
3997	3
3998	1
3999	2
4000	3
4001	1
4002	1
4003	4
4004	2
4005	3
4006	1
4007	4
4008	3
4009	1
4010	3
4011	1
4012	2
4013	3
4014	6
4015	3
4016	3
4017	1
4018	4
4019	3
4020	3
4021	4
20405	1
4022	4
4023	1
4024	2
4025	2
4026	4
4028	3
4029	2
4030	4
4033	2
4034	2
4036	3
4037	3
4040	1
4041	1
4042	5
4043	2
4044	2
4045	3
4046	1
4049	3
4050	2
4051	5
4053	5
4054	4
4055	1
4056	2
20440	1
4057	2
4059	2
4060	3
4061	1
4062	1
4063	2
4064	2
4065	3
4066	2
4067	4
20452	1
4068	2
4071	3
4072	3
4073	2
4074	5
4075	2
4076	3
4077	4
4078	2
4079	3
4080	1
4082	4
4083	2
4084	1
20468	1
4085	7
4086	1
4088	1
4089	1
4090	4
4092	5
4093	2
4094	5
4095	2
4096	3
4097	2
4099	1
4100	4
4102	2
4103	3
20487	1
4104	1
4105	4
4106	1
4107	3
4109	2
4110	2
4111	4
4112	1
4113	4
4114	3
4116	3
4117	2
4118	2
4119	3
4121	4
4122	1
4123	3
4125	2
4126	3
4127	1
4128	4
4129	1
4130	3
4131	3
4132	1
4133	2
4134	3
4135	4
4136	1
4137	3
4138	2
4139	3
4140	3
4141	4
4142	1
4143	4
20528	2
4144	2
4145	2
4146	1
20530	1
20531	1
4147	1
4148	3
4149	2
4150	3
4151	2
4153	2
4154	4
4155	3
4156	1
4157	2
20541	1
4158	2
4159	4
4161	1
4162	1
4163	3
4164	1
4165	5
4166	3
4167	3
4168	2
4169	5
4170	2
4171	3
4172	3
4175	5
4176	2
4178	1
4179	2
4180	2
4181	3
4182	1
4184	1
4185	2
4186	1
4187	5
4188	2
4189	1
4190	7
4191	2
4193	4
4194	3
4195	2
20579	1
4196	3
20580	1
4197	4
4198	5
4199	3
4200	3
4201	4
4202	4
4203	2
4204	1
4205	4
4206	2
4207	3
4208	2
4209	2
4210	3
4211	4
4212	2
4213	2
4214	6
4215	2
4216	1
4217	2
4218	3
4219	1
4220	4
4221	2
4222	1
4223	1
4224	3
4225	2
4226	5
4227	1
4228	1
4229	2
4230	1
4232	3
4233	1
20618	1
4234	2
4235	4
4236	1
20620	1
4237	3
4238	1
4239	2
4240	2
4241	1
4242	3
4243	2
4244	1
4245	6
4246	5
4247	1
4248	4
4250	2
4251	1
4252	1
4254	4
4255	2
4256	1
20641	1
4258	3
4259	3
4260	2
4261	3
4262	6
4263	3
20647	1
4264	3
4265	4
4267	3
4268	4
4270	3
4271	1
4272	1
4273	5
4274	1
4275	2
4276	1
4277	2
20662	1
4278	2
4279	2
4280	3
4282	1
4283	4
4284	2
4285	4
4286	1
4287	2
4288	2
4290	2
4291	2
4292	1
4293	2
4294	2
4295	1
4296	4
4297	1
4298	5
4299	2
4300	3
4301	4
4302	3
4303	1
4304	1
4305	2
4306	2
4307	1
4308	4
20693	1
4310	1
4311	2
4312	2
4313	2
4314	2
4315	4
4316	1
4317	2
4318	4
4319	4
4320	1
20705	1
4322	3
4324	1
4325	1
4327	3
4328	2
20712	1
4329	2
4330	1
4331	2
4332	3
4334	1
4335	1
4336	1
4338	5
4339	6
4340	2
4341	3
4342	2
4343	3
4344	2
4345	3
4346	2
4347	1
4348	2
4350	3
4351	4
4352	2
4353	3
4354	1
4355	1
4356	2
4357	2
4358	1
4359	2
4360	1
4361	6
4362	2
4363	2
4364	4
4365	2
20749	1
4366	1
4367	5
4368	3
4369	1
4370	4
4371	3
4372	1
4373	1
4374	1
4375	2
4376	6
4377	6
4378	2
4380	3
4381	3
4382	1
4383	2
20767	1
4384	2
4385	3
4386	4
20770	1
4387	3
4388	1
4390	1
4392	1
4393	2
4394	1
4395	3
4396	1
4397	3
4398	2
4399	2
4400	2
4401	1
4402	1
20786	1
4403	1
4404	6
4405	3
4406	1
4407	2
20791	1
4408	3
4409	4
4410	1
4412	1
4413	4
4414	1
4415	3
4416	3
4417	2
4418	2
4422	5
4423	3
4424	3
4425	1
20809	1
4426	2
4427	4
4428	3
4429	1
4430	5
4431	5
4433	3
4434	1
4435	3
4436	1
4437	3
4438	5
4439	2
4440	3
4441	3
4442	4
4443	1
4444	3
4445	2
4446	3
4447	1
4448	2
4449	2
4450	1
4451	3
4452	2
4453	5
4454	2
4455	3
4456	2
4457	1
4458	2
4459	4
4460	2
4461	1
4463	2
4464	3
4465	3
4466	1
4467	3
4468	1
4469	2
4472	4
4473	2
4474	4
4475	4
4476	5
4477	1
4478	1
4479	1
4480	2
4481	3
4482	1
4484	3
4485	2
4486	1
4487	2
4488	1
4489	3
4490	1
4491	2
4492	5
4493	3
4494	2
4495	1
4496	1
20880	1
4497	3
4498	2
4499	2
4500	6
4501	3
4502	3
4503	5
4504	2
4506	4
4507	1
20891	1
4508	2
4509	1
4510	5
4511	3
4512	1
4513	2
4516	2
4517	2
4518	1
4519	3
4520	1
4523	1
4524	4
20908	1
4525	2
4526	4
4527	1
4528	2
4529	3
4530	4
4532	1
4533	2
4534	4
4535	4
4536	1
4537	3
4538	1
4539	3
4540	5
4541	3
4542	5
4545	4
4546	1
4547	2
4548	2
4549	2
4550	6
4551	4
4552	1
4553	4
4555	4
4556	3
4557	3
4558	2
4559	4
4560	5
4561	2
4562	3
4563	1
4564	5
4566	2
4567	1
4568	6
4569	2
4570	1
4571	2
4572	2
4575	3
4576	2
4577	1
4578	1
4579	1
4580	2
4581	2
4583	4
4584	4
20970	1
4587	1
4588	1
4589	4
4590	2
4591	2
4592	4
4593	3
4594	6
4595	5
4596	2
4597	3
4598	2
4599	4
4600	1
4601	3
4602	2
4603	3
4604	1
4605	3
4606	2
4607	2
4608	2
4609	1
4610	1
4611	6
4612	2
4613	1
4615	2
4616	2
4617	5
4618	5
4619	2
4620	1
4621	4
4623	5
4624	2
4625	3
4626	5
4627	2
4628	3
4629	4
4630	2
4631	1
4632	4
4634	3
4635	2
4637	2
4638	8
4639	1
4640	4
4641	1
4642	5
4644	2
4645	2
4646	3
4647	2
4649	1
4650	3
4651	1
4652	1
4653	3
4654	1
4655	2
4656	2
4657	1
4658	4
4659	3
4662	2
4664	2
4665	4
4666	2
4667	5
4668	3
4670	1
4671	3
4672	2
4673	2
4674	5
4675	2
4676	2
4677	1
4678	1
4679	2
4680	2
4681	2
4682	7
4683	3
4684	1
4685	4
4686	1
4688	1
4689	2
4690	2
4691	4
4693	2
4694	4
4695	4
4700	4
4701	2
4702	3
4703	2
4704	2
4705	2
4706	2
4707	5
4708	3
4709	1
4710	1
4711	1
4712	3
4713	4
4714	1
4717	2
4718	3
4719	4
4720	2
4721	2
4722	2
4723	1
4724	3
4725	4
21110	1
4726	2
4727	2
4728	1
4729	5
4730	1
4732	3
21116	1
4733	1
4734	4
4735	4
4736	3
4737	1
4738	3
4739	2
4740	1
4741	1
4742	1
4743	2
4744	3
4745	4
4746	2
4747	4
4748	7
4749	2
4751	3
4752	3
4753	3
4754	2
4755	3
4756	3
4757	1
4758	3
4759	4
4760	3
4761	3
4762	1
4763	3
4764	1
4765	2
4766	1
4767	1
4768	4
4769	4
4770	1
4771	6
4772	1
4773	4
4774	5
4775	2
4776	4
21160	1
4777	3
4778	3
4779	2
4781	1
4782	1
4783	2
4784	4
4785	1
4786	3
4787	1
4788	5
4789	2
4790	2
4791	3
4792	3
4795	2
4796	2
4797	1
4798	4
4799	1
21183	1
4800	5
4801	6
4802	2
4803	2
4804	3
4805	4
4806	1
4807	1
4808	1
21193	1
4809	1
4810	2
4812	1
4813	1
4814	1
4815	2
4816	6
4817	2
21201	1
4818	4
4819	2
4820	5
4821	2
4822	2
4823	5
4824	3
4826	3
4827	1
4828	2
4829	2
4830	4
4831	5
4833	4
4835	4
4836	1
4837	4
4838	1
4839	1
4840	4
21224	1
4841	2
4842	3
4843	1
4844	4
4845	2
4846	3
4847	4
4848	3
4849	1
4850	4
4851	1
4852	1
4853	4
4854	1
4855	5
21239	1
4856	2
4857	1
4858	3
4859	1
4860	2
4861	3
4862	1
4863	2
4864	2
4866	4
4867	2
4868	2
4869	2
4870	3
4872	4
4873	1
4874	2
4875	3
4876	4
21261	1
4877	4
4878	4
4879	2
4880	1
4881	1
4882	2
4883	2
4884	7
4885	1
4886	1
4887	2
4888	1
4889	4
4890	2
4891	2
4892	2
4893	1
4894	2
4895	1
4896	2
4897	4
4898	1
4899	4
4900	2
4901	6
4902	2
4903	1
4904	2
4905	3
4906	1
4907	3
4908	3
4909	3
4910	1
4911	1
4912	3
4913	1
4914	4
4915	1
4916	3
4918	2
4919	2
4920	1
4923	2
4924	2
4925	3
4926	4
4927	4
4928	5
4929	2
4930	4
4931	4
4932	4
4933	3
4934	2
4935	4
4936	1
4937	1
4939	3
4940	2
4941	2
4942	1
4943	2
4944	3
4945	5
4946	2
4947	3
4948	4
4950	2
4951	2
4952	1
4953	5
4954	4
4955	1
4956	2
4957	1
4958	2
4960	2
4961	1
4963	2
21347	1
4964	3
4965	2
4966	4
4967	1
4968	1
4969	4
4970	4
4971	1
4973	2
4974	3
4976	1
4978	2
4979	3
4980	1
4981	2
4982	4
4983	1
4985	2
4986	2
4987	2
4988	2
4989	3
21374	1
4991	4
4992	1
4993	5
4994	3
4995	3
4996	1
4997	3
4998	2
4999	4
5000	1
5001	2
5002	4
5003	1
5004	1
5005	1
5006	3
5008	3
21392	1
5010	2
5011	1
5012	1
5013	1
5014	1
5015	2
5016	4
5017	1
21401	1
5018	1
5019	2
5020	1
5021	5
5024	1
5025	4
5026	4
5027	2
5028	4
5029	2
5030	1
5031	3
5033	1
5034	3
5035	1
5036	2
5037	1
5038	2
5040	3
5041	3
5042	1
5043	1
5044	3
5045	2
21429	1
5046	1
5047	2
5048	4
5049	4
5051	2
5052	1
5053	2
5055	2
5056	1
5057	4
5059	2
5060	5
5061	3
5062	4
5063	3
5064	3
5065	2
21449	1
5066	4
5067	2
5068	4
21452	1
5069	2
5070	1
5071	4
5072	6
5073	3
5074	5
5075	1
5076	5
21460	1
5077	2
5078	5
5079	2
5080	2
5081	2
5082	1
5085	2
5086	4
5088	3
5089	2
5090	1
5091	2
5092	4
5093	1
5095	3
21479	1
5096	2
5097	1
5098	3
5099	1
5100	3
5101	4
5102	1
5104	1
5105	3
5106	4
5107	3
5108	2
5109	6
5110	1
5111	3
5112	2
5113	1
5115	3
21499	1
5117	4
5118	2
5119	2
5120	2
5121	3
5122	3
5123	1
5125	2
5126	1
5127	2
5128	2
5129	4
5130	4
5131	2
5133	3
5134	4
5136	2
5137	3
5138	1
5139	1
5140	4
5141	2
5142	4
21526	1
5143	3
5144	2
5145	3
5146	2
5147	4
5148	5
5149	2
5150	4
5151	2
5152	3
5153	4
5154	2
5155	1
5156	1
5157	2
5158	1
5159	4
5160	2
5161	3
5162	2
5163	4
5164	1
5165	2
5166	1
5167	1
5168	3
5169	3
5170	1
5172	4
5174	1
5176	2
5178	2
5180	1
5181	1
21565	1
5183	3
5184	4
21569	1
5187	1
5188	3
5189	3
5190	2
5191	4
5192	1
5193	2
5194	2
5195	1
5196	1
5197	1
5198	5
5199	4
5200	2
5201	4
5202	2
5204	2
5206	1
5207	1
5208	3
5209	6
5210	2
5211	1
5212	1
5213	4
5214	2
5215	4
5216	2
5218	4
5219	2
5220	3
5221	1
5222	1
5223	4
5224	2
5225	4
5226	1
5228	3
5229	1
5231	1
5233	1
5234	1
5235	2
5236	2
5237	3
5238	1
5239	5
5240	4
5241	2
5242	1
5243	3
5244	3
5246	3
5247	1
5248	2
5249	3
5250	1
5251	4
5252	3
5253	3
5254	2
5255	6
5257	4
5258	3
5259	1
5260	2
5262	2
5264	4
5265	2
5266	5
5267	1
5268	1
5269	2
5270	3
5271	2
5272	2
5273	1
5274	2
5275	1
5276	5
5277	2
5278	4
5279	1
5280	1
5281	4
5282	4
5283	3
5284	2
5285	2
5286	1
5287	2
5288	4
5290	3
5292	1
5293	1
5294	2
5295	1
5296	2
5297	2
5298	2
5299	4
5300	3
5301	2
5302	1
5303	4
5304	3
5305	4
5306	2
5308	2
5309	3
21694	1
5310	5
5311	4
5312	1
5313	2
5316	1
5317	4
5318	1
5319	4
5320	1
5321	3
5322	2
5323	3
5324	7
5325	1
5326	3
5327	2
5329	2
5330	2
5331	5
5332	3
5333	1
5334	2
5335	2
5336	1
5338	2
5339	1
5340	8
5341	1
5342	2
5343	2
5344	2
5345	2
5346	4
5347	1
5348	3
5349	4
5350	1
5353	2
5354	3
5355	4
5356	1
5357	1
5358	2
5360	2
5361	4
5362	2
5363	2
5364	1
5365	1
5366	1
21750	1
5367	4
5368	2
5370	1
5371	3
5372	2
5373	3
5374	2
5375	2
5376	2
5377	2
21761	1
5378	1
5379	2
5380	2
5381	4
5382	3
5383	3
5384	5
5387	1
5388	2
5389	3
5390	4
5391	5
5392	3
5394	4
5395	1
5396	2
5398	1
5400	3
5401	3
5402	2
5403	3
5404	2
5407	2
5409	3
5410	1
5411	3
5412	2
5413	2
5415	1
5416	3
5417	4
5418	1
5419	4
5420	5
5421	1
5422	2
5423	4
5425	1
5426	3
5427	3
5428	2
5429	2
5430	6
5431	2
5432	2
5433	2
5434	1
5435	2
5437	1
5438	4
5439	3
5440	2
5441	1
5442	3
5443	1
5444	3
5445	5
5446	1
5447	2
5448	1
5449	1
5450	4
5451	2
5452	4
5453	5
5454	1
5455	5
5456	2
5457	3
5458	2
5459	4
5460	2
5462	2
5463	2
5464	4
5465	4
5466	4
5467	4
5468	3
5470	5
5471	2
5472	4
5474	5
5475	3
5476	2
5478	1
5479	1
5481	2
5482	3
5483	2
5484	2
5485	1
5486	3
5487	1
5489	3
5491	2
5492	2
5494	2
5495	5
5496	3
5497	3
5498	5
21882	1
5499	5
5500	1
5501	3
5502	1
5503	3
5505	6
5506	4
5507	1
5508	1
5509	2
5511	5
5512	5
5513	2
5516	1
5517	2
5518	2
5519	1
5520	3
5521	2
5522	1
5523	5
5524	2
5525	3
5526	2
5527	2
5528	2
5529	6
5530	3
5531	2
5532	2
5535	3
5536	2
5537	4
5538	3
5539	3
5540	1
5541	2
5542	2
5543	6
5544	2
5545	1
5546	6
5547	5
5548	5
5549	4
5550	1
5551	2
5552	2
5553	2
5554	1
5555	2
5556	2
5558	4
5559	2
5560	5
5561	5
5562	6
5563	5
5564	2
21949	1
5565	2
5566	1
5567	2
5568	2
5569	5
21953	1
5570	1
5571	3
5572	3
5573	2
5574	4
5575	2
5576	3
5577	4
5578	2
5579	1
5582	2
5583	1
5584	3
5586	2
5587	5
5588	5
5589	1
5590	1
5591	3
5592	2
5593	5
5594	1
5596	1
5597	3
5598	3
5600	1
5601	2
5602	4
5603	2
5604	3
5605	2
5606	2
5607	1
5608	3
5609	6
5610	3
5611	1
5613	4
5614	1
5615	2
5616	1
5619	2
5620	3
5621	4
22007	1
5624	6
5625	3
5626	4
5627	1
5628	2
5629	2
5630	3
5631	1
5632	1
5633	1
5634	3
5636	4
5638	3
5640	4
5641	2
5642	2
5643	1
5644	3
5646	3
5647	1
5648	1
5649	2
5650	1
5651	5
5652	3
5653	2
5654	2
5655	1
5656	2
5658	1
5660	2
5661	5
5663	4
5664	3
5667	3
5670	2
5671	2
5672	2
5673	1
5674	2
5676	1
5677	7
5678	2
5679	2
5680	1
5681	1
5683	1
5684	1
5685	2
5686	3
5687	1
5688	1
5689	2
5690	3
5691	2
5692	2
5693	4
5694	2
5695	2
5696	3
5697	2
5698	2
5699	3
5700	2
5701	1
5702	2
5703	1
22087	1
5704	3
22089	1
5706	5
5707	2
22091	1
5708	4
5710	1
5711	1
5712	4
5713	4
5716	1
5717	1
5718	3
22102	1
5719	2
5720	2
5721	2
5723	2
5725	2
5726	4
5727	2
5728	1
5729	3
5730	1
5731	3
5732	2
5733	4
5734	6
22119	1
5735	1
5736	3
5737	2
5738	2
5739	1
5740	2
5741	3
5742	5
5743	3
5745	2
5746	1
5747	3
5748	4
5749	5
5750	1
5751	3
5753	3
5754	1
5755	2
5756	3
5757	1
5758	2
5759	3
5760	2
5761	2
22146	1
5762	1
5763	4
5764	2
5765	2
5766	2
5767	3
5768	6
5770	6
5773	2
5774	2
5775	1
5776	2
5777	3
5778	2
5779	2
5780	2
5781	4
5782	4
5785	2
5786	1
5787	2
5788	4
5789	2
5790	1
5791	3
5792	4
5793	4
5794	2
5795	5
5796	1
5798	2
5799	5
5800	3
5801	3
5802	6
5804	1
5805	3
5806	3
5807	4
5808	4
5809	1
5810	2
5811	1
5812	6
5813	5
5815	1
5817	1
5818	4
5819	3
5820	2
5821	2
5822	1
5824	3
5825	4
5826	1
5827	1
5828	1
5831	1
5832	1
5833	2
5834	5
5836	1
5837	2
5839	1
5840	1
5841	1
5842	3
5843	1
22227	1
5844	3
5845	1
5846	2
5847	2
5848	1
5849	2
5850	2
5851	1
5852	3
5853	3
5855	2
5856	1
5857	1
5859	2
5860	1
5861	4
22245	1
5862	2
5863	2
5864	3
5865	3
5866	3
5867	4
5868	2
5869	2
5870	1
5871	2
5872	1
5873	4
5875	2
5876	3
5877	3
5878	1
5879	2
5880	1
5881	7
5882	4
5883	1
5884	2
5885	2
5886	2
5887	1
5889	4
5890	6
5891	4
5892	1
5894	2
5895	3
5896	3
5897	2
5898	1
5899	4
5900	4
5901	4
5902	3
5903	3
5904	2
5905	2
5906	2
5907	1
5908	2
5909	1
5910	4
5911	5
5912	3
22298	1
5914	1
5915	1
5916	3
5917	3
5918	1
5919	2
5920	4
22304	1
5921	2
5922	2
5923	3
5924	4
5925	2
5926	1
5927	3
5928	1
5929	1
5930	1
5931	2
5932	3
5933	4
5934	3
5935	2
5936	3
5937	1
5938	1
5939	4
5940	3
22324	1
5941	1
5942	6
5943	3
22327	1
5944	5
5945	1
5946	3
5947	2
5948	1
5949	4
5950	2
5952	3
5953	1
5954	2
22338	1
5955	5
5956	5
5957	2
5958	1
5959	4
5960	1
5961	2
5962	3
5963	4
5964	3
5965	1
5966	1
5967	1
5968	4
5969	1
5970	2
5971	3
5972	3
5973	3
5975	3
5976	4
5978	4
5979	1
5980	5
5981	1
5982	3
5984	3
5985	5
5987	7
5988	1
5989	3
5990	1
5991	1
5992	1
5994	2
5995	4
5996	3
5997	2
5998	2
5999	1
6000	3
6001	2
6003	5
6004	1
6005	2
6006	3
6007	2
6010	3
6011	1
6013	1
6014	5
6015	1
6016	3
22400	1
6017	1
6018	5
6019	2
6020	6
6021	3
6022	4
22406	1
6023	4
6024	1
6026	1
6027	2
6028	3
6029	5
6030	6
6031	5
6032	2
6033	2
6034	5
6035	2
6037	6
6038	1
6039	1
6040	6
6041	3
6042	4
22426	1
6043	1
6044	1
6045	2
6046	5
6047	4
6048	4
6049	1
6050	1
6051	4
6052	3
6053	4
6054	4
6055	3
6056	2
6057	2
6058	3
6059	3
6060	1
6061	4
6062	1
22446	1
6063	3
6064	1
6066	1
6067	1
6068	1
6069	5
6070	1
6071	3
6072	3
6074	1
6075	2
6077	2
6078	1
6079	4
6080	1
6081	4
6082	2
6083	3
6084	1
6085	5
6086	2
6087	1
6088	2
6089	1
6090	3
6091	2
6092	1
6093	1
6094	5
6095	3
6096	3
6097	2
6098	2
6099	2
6101	2
6102	4
6103	4
6104	2
6106	3
6107	4
6109	2
6110	3
6111	5
6112	2
6113	2
6115	3
6116	2
6117	2
6118	1
6119	2
6120	7
6121	1
6122	3
6123	1
6124	2
6126	1
6129	3
6130	3
6131	1
6132	3
6133	4
6134	2
6135	1
6136	2
6138	2
6139	3
6140	1
6141	5
6142	1
6143	3
6144	3
6145	3
6146	2
6147	1
6148	6
6149	2
6150	1
6151	3
6152	1
6153	2
6154	1
6155	2
6156	3
6157	1
6158	2
6160	3
6161	6
6162	2
6163	4
22548	1
6165	1
6166	3
6167	1
6168	3
6169	2
6170	2
6171	2
6172	4
6174	3
6175	3
6176	3
6178	2
6179	2
6180	1
6181	4
6183	1
6184	6
6185	2
6186	1
6187	2
6189	1
6190	1
6191	1
6192	3
6193	3
6194	2
6196	3
6197	2
6198	6
6201	3
6202	1
6203	1
6205	2
6206	1
6208	2
6209	4
6212	3
6213	2
6214	2
6215	3
6216	3
6217	2
6218	1
6219	3
6220	1
6221	1
6222	1
6223	1
6224	3
6225	1
6226	5
6227	2
6228	1
6229	1
6230	5
6231	5
6232	2
6233	2
6234	5
6235	3
6236	3
6238	2
6240	1
6241	2
6242	1
6243	1
6244	2
22628	1
6246	3
6248	1
6249	1
6251	3
6252	2
6253	2
6254	3
6255	1
6257	3
6259	2
22643	1
6260	2
6261	2
6262	1
6263	3
6264	4
6265	5
6266	3
6267	3
6268	3
6269	1
6271	1
6272	1
6273	4
6275	3
6276	3
6277	4
6278	3
6279	3
6280	5
6281	3
6282	4
6283	1
6284	2
6285	2
6286	2
6287	4
6288	6
6289	3
6290	2
6292	2
6293	1
6294	4
6295	1
6296	4
6297	5
6298	1
6299	2
6300	2
22684	1
6301	1
6303	2
6304	4
6305	5
6306	1
6307	3
6308	1
6309	1
6310	2
6311	3
6312	1
6313	4
6314	3
6315	2
6316	1
6317	3
6318	3
6319	1
6320	3
22704	1
6321	6
6322	1
6323	1
6324	3
6325	2
22709	1
6326	3
6327	1
6328	1
6330	1
6331	2
6332	2
6333	1
6334	2
6335	1
6336	1
6337	1
6338	2
22722	1
6339	2
6340	2
6341	2
6342	2
6343	3
6344	6
6345	1
6346	4
6347	2
6348	2
6349	4
6351	2
6352	1
6353	2
6354	4
6355	2
6356	3
6357	5
6358	2
6360	4
6361	6
6362	2
6363	4
6364	1
6365	3
6366	1
6367	5
6368	1
6369	3
6370	1
6371	1
6372	3
6373	3
6374	3
6375	3
6376	1
6377	1
6378	2
6379	1
6380	3
6381	1
6382	3
6383	2
6384	2
6386	1
6387	1
6388	2
6389	3
6390	1
6391	1
6392	2
6393	1
6394	4
6395	3
6396	1
6397	1
6398	3
6400	3
6401	3
6402	3
6403	2
6404	2
6406	3
6407	3
6408	1
6409	7
6410	1
6411	3
6412	1
6413	4
6414	1
6415	3
6416	2
6418	3
6419	1
6420	4
6421	3
6422	1
6423	4
6425	1
6426	4
6428	1
6429	3
6430	3
6431	4
6432	1
6433	2
6434	1
6435	3
6436	1
6437	1
6438	2
6439	3
6440	3
6442	2
6443	4
6446	3
6447	2
6448	2
6450	5
6451	3
6453	2
6455	3
6456	2
6458	1
6460	2
6461	3
22846	1
6463	2
6464	3
6465	3
6467	4
6468	1
6469	2
6470	2
6472	1
6473	2
6474	4
6476	4
6477	2
6478	3
6479	1
6480	2
6481	2
6482	2
6483	1
6484	9
6485	3
6486	2
6487	4
6488	2
6489	1
6490	4
6491	1
6492	1
6493	2
6494	1
6495	1
6497	2
6498	1
6499	3
6500	1
6501	2
6502	5
6503	2
6504	1
6505	4
6506	1
6507	1
6508	2
6509	2
6510	3
6511	1
6512	2
6513	2
6514	3
6516	2
6517	2
6518	5
22902	1
6519	1
6520	2
6521	1
6523	1
6524	2
6525	3
6526	1
6527	1
6528	1
6529	1
6530	3
6531	1
6532	2
6534	2
6535	3
6536	3
6537	1
6539	2
6540	4
6541	2
6542	2
6543	2
6544	1
6546	1
6547	2
22931	1
6548	1
6549	5
6551	2
6552	2
6553	2
6554	7
6555	4
6556	1
6558	5
6559	6
6560	1
6561	1
6562	1
6563	1
6564	5
6565	1
6566	5
6567	2
6568	3
22952	1
22953	1
6570	2
6571	1
6572	4
6573	2
6574	2
6575	1
6576	3
6577	1
6578	1
6579	1
6580	3
6581	4
6582	2
6583	1
6584	3
6585	3
6586	2
6587	2
6588	1
6589	4
6590	1
6591	1
6592	3
6594	4
6595	5
6596	1
6597	3
6599	1
6600	2
6601	4
6602	4
6603	1
6604	2
6605	1
6606	1
6607	2
6608	4
6609	1
6610	2
6611	5
6612	4
6613	2
6614	2
6615	1
6616	1
6617	7
6618	5
6619	6
6621	4
6622	4
6623	3
6624	4
6625	5
6626	3
6627	3
6628	3
6629	1
6630	1
6631	3
6632	2
6633	2
6634	4
6635	3
6636	3
6637	2
6638	3
6639	4
6641	5
6642	1
6644	2
6645	4
6646	1
6647	1
6648	5
6649	1
6651	3
6653	6
6654	2
6655	1
6656	2
6657	4
6658	2
6659	2
6660	5
6661	7
6662	2
6663	2
6664	1
6665	1
6668	1
6669	1
6670	4
6672	3
6673	5
6674	2
6675	1
6676	2
6677	1
6678	2
6681	4
6682	1
6684	2
6685	2
6686	3
6687	4
6688	4
6689	3
6690	1
6692	5
6693	1
6694	2
6695	6
6696	3
6697	5
6698	1
6699	5
6700	1
6702	3
6703	1
6704	2
6705	1
6707	4
6708	3
6709	3
6710	2
6712	6
6713	3
23097	1
6714	3
6715	1
6716	3
6717	3
6718	5
6719	1
6720	5
6721	3
6722	3
6723	2
6724	1
6725	1
6726	2
6727	3
6728	3
6729	3
6730	2
6731	2
6732	1
6733	1
6734	5
6736	3
6738	2
6739	3
6740	1
6741	2
6742	1
6743	2
6745	2
6746	5
6747	5
6748	3
6749	5
6750	3
23134	1
6751	1
6752	5
6753	2
6754	6
6755	3
6756	3
6757	2
6758	1
6759	2
6760	3
6761	3
6762	1
6763	1
6764	3
6765	3
6766	1
6767	3
6768	2
6769	1
6770	5
23154	1
6771	2
6772	4
6773	4
6774	4
6775	2
6777	4
6778	3
6779	4
6780	2
6781	1
6782	3
6783	1
6784	2
6785	1
6786	2
6787	2
6788	6
6789	1
6790	2
6791	1
6793	2
6794	2
6795	1
6796	1
6797	3
6798	1
6799	1
6800	4
6801	1
6802	1
6803	2
23188	1
6804	1
6807	1
6808	3
23192	1
6809	1
6810	1
6811	2
6813	2
6814	2
6815	2
6816	1
6817	2
6818	3
6820	5
6821	1
6822	2
6823	3
6824	2
6825	1
6826	1
6827	5
6828	2
6829	1
6831	2
6832	1
6833	1
6834	3
6835	1
6836	3
6838	2
6839	3
6840	3
6841	2
6842	3
6844	1
6845	5
6846	5
6847	2
6848	2
6850	1
6851	5
6853	1
6854	2
6856	1
6857	4
6858	1
6859	2
6861	4
6862	2
6863	3
6864	2
6865	4
6866	3
6868	1
6869	2
6870	3
6871	2
6872	3
6873	2
6874	2
6875	3
6876	1
6877	2
6878	1
6880	1
6881	1
6882	2
6883	4
6884	3
6885	4
6886	1
6887	3
6888	4
6889	2
6891	2
6892	4
6893	4
6894	2
6895	4
23279	1
6896	2
23280	1
6897	2
6898	3
6899	3
6900	1
6901	1
6902	1
6903	3
6904	2
6905	2
23290	1
6906	3
6907	6
6908	3
6909	5
6910	3
6912	3
6913	1
6914	2
6915	4
6916	4
6917	2
6918	2
6919	4
6920	3
6922	4
6923	2
6924	6
6925	2
6926	2
6927	3
6928	2
6929	5
6930	6
23314	1
6931	3
6932	3
6933	1
6934	2
6935	5
6936	2
6939	1
6941	3
23326	1
6943	5
6944	2
6945	1
23329	1
6946	2
6947	5
6948	3
6949	1
6950	4
6951	1
6952	2
6953	4
6954	1
6955	1
6957	3
6958	1
6959	2
6960	3
6961	2
6962	2
6963	1
6964	4
6966	3
6967	3
6968	3
6969	2
6970	3
6971	1
6972	2
6973	4
6975	4
6976	2
6977	2
6978	3
6979	6
6980	1
6981	3
6982	2
6983	4
6984	1
6986	5
6988	1
6989	4
6990	1
6991	2
6993	1
6994	1
6995	2
23379	1
6996	2
6997	6
6998	3
7000	2
7002	3
7003	1
7004	2
7008	5
7009	2
7010	2
7012	3
7013	2
7014	2
7015	1
23401	1
7018	5
7019	3
7020	3
7021	1
7022	1
7023	5
7024	3
7025	3
7026	1
7027	3
7028	2
7029	3
7030	1
7031	5
7032	1
7033	3
7035	4
7036	1
7038	1
7041	4
7042	2
7043	2
7044	1
7045	2
7047	2
7049	2
7050	3
7051	1
7053	5
7055	4
7056	2
7057	1
7058	3
7059	1
7060	2
7061	5
7062	2
7063	1
7064	1
7065	1
7066	2
7067	3
7069	8
7070	1
7071	1
7072	2
7073	3
7074	2
7075	2
7076	1
7077	2
7078	1
7079	2
7080	2
7081	2
7082	4
7083	2
23467	1
7084	2
7085	4
7086	2
7087	1
7088	2
7089	2
7091	1
7092	6
7094	2
7095	2
7096	2
7097	5
7098	3
7099	1
7100	1
23485	1
7101	3
7103	2
7104	4
23488	2
7105	4
23489	1
7107	1
7108	4
7109	4
7110	1
23494	1
7111	2
7112	1
7113	5
7115	1
7116	1
7117	6
7118	4
7120	3
7121	3
7122	1
7123	2
7124	1
7125	1
7127	1
7128	3
7130	2
7131	2
7132	3
7135	5
7136	1
7137	4
7138	2
7139	3
7140	2
7141	1
7142	2
7143	2
7144	2
7145	2
7146	1
7147	2
7148	3
7149	2
7151	1
7152	1
7153	1
7154	3
7156	3
7158	1
7159	1
7160	2
7161	1
7162	3
7163	2
7164	2
7165	2
7166	3
7168	1
7170	1
7171	3
7172	2
7173	2
7174	5
7175	1
7176	3
7177	1
7178	1
7179	2
7180	1
7181	2
7182	2
7183	2
7184	1
7185	1
7186	1
7187	2
7188	2
7189	1
7190	2
7191	1
7192	6
7193	3
7194	5
7195	3
7196	1
7198	5
7199	1
7200	1
7201	2
7202	2
7203	2
7204	3
7207	3
7208	3
7209	3
7210	2
7211	4
7212	2
7213	1
7215	4
7216	3
7217	1
7218	2
7219	7
7220	4
7221	5
7222	1
7223	2
7224	4
7225	1
7226	5
7227	4
7228	6
7229	5
7232	4
7233	2
7234	1
7235	5
7237	2
7238	1
7239	2
7240	1
7241	3
7243	1
7244	1
7245	1
7246	4
7248	2
7250	1
7251	1
7252	2
7253	1
7254	1
7255	4
7256	2
7257	2
7258	2
7259	1
7260	2
7262	2
7263	3
7264	4
7265	4
7266	3
7267	1
7268	2
7269	3
7270	2
7271	2
7272	2
7273	1
7274	2
7275	3
7276	1
7277	6
7278	1
7279	1
7280	1
7281	2
7284	1
7285	1
7286	3
7287	3
7288	3
7289	2
7290	1
7291	3
7292	2
7293	3
7294	2
7295	2
7296	2
7297	2
7298	3
7300	1
7301	1
7302	3
7303	4
7304	4
7305	2
7307	1
7309	1
7310	4
7311	1
7313	5
7314	3
23698	1
7315	3
7316	2
7317	1
7318	2
7319	2
7321	1
7322	3
7323	1
7324	4
7326	5
7327	4
7328	2
7329	3
7330	1
7331	3
7332	3
7333	4
7334	3
7335	2
7336	2
7337	1
23721	1
7338	3
7339	1
7340	4
7341	2
7342	1
7343	1
7344	2
7345	1
7346	1
7348	1
7349	1
7350	1
7352	1
7353	1
7354	2
7355	1
7356	2
7357	3
7358	2
7359	2
7360	3
7361	2
7362	1
7363	4
7364	2
7365	3
7366	1
7367	3
7368	2
7369	2
7370	2
7371	2
7372	1
7373	2
7374	2
7375	2
7376	1
7377	2
7378	6
7379	5
7380	2
7381	1
7382	1
7383	2
7385	1
7386	1
7387	4
7389	3
7390	2
7391	1
7392	1
7393	1
7394	4
7395	2
7397	2
7398	2
7399	1
7400	1
7401	2
7402	3
23787	1
7404	1
7405	2
7406	2
7407	1
23791	1
7408	3
7410	1
7411	2
7412	1
7413	1
7414	3
7416	2
7418	1
7419	1
7420	1
7421	1
7422	2
7423	2
7424	1
7425	5
7426	2
7427	5
7428	1
7429	4
7430	3
7431	1
7432	1
7433	2
7434	3
7435	2
7436	2
7437	2
7438	2
7439	1
7440	4
7441	2
23825	1
7442	1
7443	1
7444	2
7445	2
7446	1
7447	1
7448	4
7449	1
23833	1
7450	2
7451	2
7452	4
7453	4
7454	2
7455	1
7456	3
7457	2
7458	3
7459	2
7460	2
7461	2
7463	4
7464	2
7465	3
7466	2
7467	3
7468	1
7470	1
7471	2
7472	1
7473	3
7474	1
7476	2
7477	4
7479	1
7481	2
7482	2
7483	3
7484	5
7485	2
7486	3
7487	1
7488	3
7489	1
7490	5
7492	3
7494	2
7496	2
7497	2
7498	1
7499	2
7500	3
7501	3
7502	4
7503	4
7505	5
7508	2
7509	1
7510	2
7511	3
7512	3
7513	1
7515	1
7516	4
7517	1
7518	1
7519	3
7520	2
7521	3
7522	1
7525	1
7526	2
7527	2
7528	2
7529	4
7530	3
7531	1
7532	3
7533	3
7534	1
7535	1
7536	4
7537	2
7538	4
7540	1
7542	1
7543	2
7544	3
7545	3
7546	2
7547	2
7548	3
7549	1
7550	1
7551	2
7552	3
7553	1
7554	1
7555	7
7556	1
7557	3
7558	2
7559	2
7561	1
7562	2
7563	3
7564	3
7565	1
7566	2
7568	1
7569	1
7570	4
7571	2
7572	1
7573	1
7574	3
7575	2
7576	4
7577	1
7578	1
7580	1
7581	7
7582	3
7583	5
7584	3
7585	4
7587	1
7588	2
7589	5
7590	2
7591	1
7592	1
7593	2
7594	1
7595	5
7596	3
7597	3
7599	2
7600	3
7601	3
7602	2
7603	4
7604	1
7605	3
7607	1
7609	3
7611	3
7612	3
7613	3
7614	1
7615	1
7616	2
7617	2
7619	1
7621	2
7622	1
7624	5
7625	3
7626	3
7628	4
7629	1
7630	2
7632	2
7633	2
7634	1
7635	2
7636	2
24021	1
7637	2
7638	1
7639	2
7642	3
7644	4
7645	2
7646	2
7647	5
7648	3
7649	2
7651	1
7652	1
7653	3
7654	3
7655	6
7656	1
7657	1
7658	4
7659	2
7660	2
7661	1
7664	1
7665	3
7666	1
7667	2
7668	3
7669	5
7670	3
7671	3
7672	1
7673	4
7674	2
7675	2
7676	2
7677	4
7678	1
7679	1
24063	1
7682	1
7684	4
7685	3
7686	1
7687	6
7688	2
7689	3
7690	1
7691	2
7692	2
7693	1
7694	1
7695	3
7696	3
7697	4
7698	2
7699	1
7700	3
7701	1
7702	2
7703	3
7705	4
7706	2
7707	1
7708	2
7709	1
7710	2
7711	1
7712	4
7713	2
7714	2
7715	4
7716	1
7718	1
7720	1
7721	1
7722	2
7723	1
7724	4
7725	3
24109	1
7726	1
7727	1
7728	2
7729	2
7730	2
7732	4
7733	3
7734	1
7736	3
7737	3
7738	2
7740	1
7741	3
7742	1
7743	1
7744	1
7745	4
7746	3
7748	1
7749	2
7750	1
7751	1
7752	5
7753	2
7754	2
7755	3
7756	2
7757	1
7758	3
7760	1
7761	1
7762	1
7763	2
7764	4
7765	2
7766	2
7768	4
7769	2
7770	1
7771	2
7772	2
7773	2
7774	4
7775	2
7776	3
7777	2
7778	3
7779	1
7780	1
7781	1
7782	2
7784	2
7785	2
7786	2
7787	3
7788	4
7789	1
7791	2
7792	4
7793	2
7794	6
7795	2
7796	2
7797	1
7798	2
7799	3
7800	2
7801	2
7802	1
7803	3
7804	1
7805	3
7806	2
7807	1
7808	1
7810	4
7811	1
7812	4
7813	3
7814	3
7815	2
7816	2
7817	3
24201	1
7820	5
7821	1
7823	5
7824	2
7825	1
7826	1
7827	1
7828	3
7829	1
7833	2
7835	2
7836	2
7837	2
7838	2
7839	2
7840	4
7841	2
7842	3
7844	1
7845	3
7846	1
7848	3
7849	2
7850	4
7851	2
7852	2
7853	1
7854	1
7855	4
7856	3
7857	1
24241	1
7858	2
7859	2
7860	3
7861	1
7862	3
7863	2
7864	1
7865	3
7866	2
7867	1
7868	2
7869	3
24253	1
7870	2
7871	1
7872	2
7873	3
7874	1
7875	2
7876	5
7877	2
7878	2
7879	7
7880	3
7881	2
7882	4
7883	3
7884	1
7885	3
7886	2
7887	1
7888	2
7889	4
7890	3
7891	3
7892	3
7893	2
7894	4
7895	2
7896	2
7897	2
7898	2
7899	1
7901	2
7902	4
7903	1
7904	4
7905	2
7906	3
7907	1
7908	1
7909	4
7910	4
7911	1
7913	4
7914	1
7915	3
7916	1
7917	1
7918	1
7919	3
7920	3
7922	3
7923	4
7924	1
7926	2
7928	5
7929	2
7930	1
7931	1
7932	4
7933	4
7934	1
7935	1
7936	1
7940	2
7943	5
7944	1
7945	4
7946	1
7947	1
7948	2
7949	1
7950	4
7951	1
7953	5
7954	2
7955	3
7956	3
7957	3
7959	2
7960	2
7961	3
7962	1
7963	4
7964	4
7965	4
7966	1
7967	3
7968	2
7969	1
7970	1
7971	3
24355	1
7972	2
7973	2
7974	2
7975	4
7976	1
7977	2
7979	2
7980	4
7981	2
7982	2
7983	1
7984	3
7985	1
7986	2
7987	3
7988	2
7989	1
7990	3
7991	4
7993	3
7994	1
7995	3
7996	2
7997	3
7998	1
7999	3
8002	3
8003	6
8005	2
8006	3
8007	1
8009	1
8010	1
8011	1
8012	1
8013	5
8014	1
8015	1
8017	1
8019	2
8020	3
8021	1
8022	3
8023	1
8024	4
8025	4
8026	1
8027	3
8028	3
8029	3
8030	6
8032	4
8033	3
8034	2
8035	1
8036	1
8037	1
8038	2
8039	1
24425	1
8041	1
8043	3
8044	2
8045	1
8046	1
24431	1
8048	3
24433	1
8049	3
24434	1
8050	4
8051	1
8052	3
8053	3
8054	2
8055	2
8057	2
8059	5
8060	2
8061	3
8062	1
8063	1
8064	2
8065	1
8066	2
8067	1
8068	3
8069	2
8070	1
8071	2
8072	1
8073	2
24457	1
8074	2
8076	2
8077	3
8078	2
8079	4
8080	2
8081	2
8082	3
8084	3
8085	1
8086	2
8087	2
8088	3
8089	2
8091	1
8092	3
8093	1
8095	3
8096	4
8097	1
8098	2
8099	3
8100	1
8101	2
8102	1
24487	1
8103	1
8105	3
8106	3
8108	2
8109	1
8110	3
8112	2
8113	1
8115	3
8116	3
8117	2
8118	1
8119	3
8120	3
8121	1
8122	1
8123	3
8124	2
8125	4
8126	2
8127	6
8128	3
8129	2
8130	1
8131	1
8132	2
8133	1
8134	5
8135	1
8137	3
8138	1
8141	2
8142	1
8144	3
8145	2
8146	2
8147	3
8148	4
8150	1
8151	2
8152	5
8153	1
8154	5
8155	3
8156	1
8159	1
8161	3
8162	2
8163	2
8164	1
8165	6
8166	2
8167	2
8168	2
8169	3
8170	1
8171	3
8172	4
8173	3
8174	3
8175	3
8176	1
8177	2
8178	2
8179	2
8180	1
8181	1
8182	1
8183	3
8184	4
8185	5
8186	2
8187	4
8188	5
8189	1
8190	1
8191	1
8192	2
8193	1
8194	1
8195	3
8196	4
8197	3
8198	1
8199	2
8200	2
8201	1
8202	3
8203	1
8204	2
8205	1
24589	1
8206	2
8207	1
8208	2
8209	2
8210	2
8211	2
8212	2
8213	6
8214	1
8215	3
8216	2
8217	1
8218	2
8219	1
8220	1
8223	2
8224	2
8225	3
8226	2
8227	3
8228	6
8229	2
8230	1
8231	2
8232	3
8233	2
8234	7
8236	2
8237	3
8238	1
8239	4
8240	2
8241	1
8242	3
8244	1
8245	1
8247	4
8248	2
8250	2
8251	3
8252	3
8253	3
8254	1
8256	1
8257	1
8258	1
8259	1
8260	2
8261	2
8262	3
8263	8
8264	2
8265	2
8266	2
8267	4
8268	1
8270	4
8272	1
8273	1
8274	1
8275	1
8276	3
8277	3
8278	2
8279	2
8280	2
8281	3
8282	1
8283	1
8284	3
8285	1
8286	3
8287	1
8288	1
8289	2
8290	1
8292	1
8293	2
8294	2
8295	4
8296	2
8297	2
8298	3
8299	1
8300	4
8302	2
8303	1
8304	2
8306	2
8307	4
8308	1
8309	1
8310	3
8311	1
8313	3
8314	1
8315	2
8316	3
8318	1
8319	1
8320	1
8321	4
8322	3
8323	1
8324	1
8327	1
8328	5
8329	3
8331	2
8332	5
8333	3
8334	1
8335	4
8337	3
8338	2
8339	1
8340	3
8343	2
8345	2
8346	3
8347	3
8348	1
8349	1
8350	3
8351	2
8352	4
8353	2
8354	3
8355	1
8356	2
8358	2
8359	2
8360	2
8361	1
8362	1
8363	4
8364	3
8365	4
8366	1
8367	1
8368	1
8369	2
8370	2
8371	1
8372	1
8373	4
8374	1
8375	1
8376	2
8377	1
8378	4
8379	1
8380	2
8381	5
8382	1
8383	5
8384	3
8385	5
8387	4
8388	3
8389	1
8390	2
8391	3
8392	1
8393	4
8394	1
8395	1
8397	2
8398	1
8399	1
8400	2
8401	2
8402	1
8403	2
8404	3
8405	3
8406	1
8407	3
8410	4
8411	1
8412	3
8413	1
8414	2
8415	2
8416	2
8417	1
8418	5
8419	1
8421	1
8422	1
24806	1
8423	1
8424	1
8426	2
8427	1
8428	4
8430	1
8431	2
8432	1
8433	3
8435	1
8436	1
8437	2
8438	4
8439	3
8440	5
8441	2
8442	2
8443	3
8444	2
8446	2
8447	2
8448	1
8449	1
8450	1
8452	2
8454	4
8455	1
8456	4
8457	2
8458	2
8459	1
8460	3
8461	1
8462	2
8463	1
8464	1
8465	2
8466	1
8467	1
8470	1
8471	2
8472	3
8473	3
8474	4
8475	1
8476	2
8477	3
8478	6
8479	4
8480	4
8481	2
24866	1
8483	3
8484	1
8485	2
8486	1
8487	1
8489	2
8490	1
8491	1
8492	1
8493	3
8496	2
8497	3
8499	1
8500	1
8501	2
8502	1
8503	6
8504	6
8505	1
8506	2
8507	1
8508	7
8509	5
8511	1
8512	1
8513	2
8514	2
8515	2
8516	1
8517	3
8518	1
8519	2
8520	3
8521	2
8522	1
8523	4
8524	1
8525	3
8526	2
8527	1
8528	1
8529	1
8530	3
8531	2
24915	1
8532	2
8533	1
8534	3
8536	3
8537	3
8538	2
8540	2
8541	2
8543	3
8545	1
8546	2
8547	1
8548	4
8549	2
8550	3
8551	1
8552	3
8554	1
8555	2
8556	1
8557	3
8558	4
8559	1
8560	2
8561	2
8562	2
8563	3
8564	1
8565	1
8566	1
8567	1
8568	3
8569	1
8570	1
8571	4
8572	1
8573	1
8574	1
8575	2
8576	3
8577	2
8578	2
8579	2
8580	4
8581	3
8582	1
8583	4
8584	1
8587	2
8588	2
8589	3
8590	2
8591	3
24975	1
8593	4
8594	1
8595	3
8596	4
8597	4
24982	1
8599	5
8600	1
8602	2
8607	2
8608	1
8609	2
8610	4
8611	1
8612	2
8613	1
8614	2
8615	1
8616	2
8617	1
25002	1
8619	4
8620	1
8621	1
8622	3
25006	1
8623	1
8624	1
8625	5
8627	5
8628	1
8629	2
8630	1
8631	1
8633	1
8634	2
8635	1
8636	2
8637	1
8638	2
8639	1
8640	5
8641	2
8642	1
8643	2
8644	2
8646	2
8647	2
8648	1
8651	2
8652	2
8653	4
8654	1
8655	2
8657	3
8658	2
8659	2
8660	1
8661	1
8662	3
8664	2
8665	2
8666	2
8667	1
8668	4
8669	3
8671	3
8672	1
8673	4
8674	3
8676	4
8677	2
8678	1
8679	2
8680	3
8681	2
8682	3
8683	1
8684	1
8685	1
8686	3
8687	1
8688	2
8689	1
8690	1
8691	3
8692	2
8693	2
8694	1
8695	3
8696	1
8697	2
8698	2
8699	1
8700	2
8703	1
8704	1
8705	3
8706	1
8707	1
8708	2
8710	2
8711	1
8713	1
8715	2
8716	1
8717	3
8718	4
8719	5
8720	6
8721	3
8722	1
8723	1
8725	1
8727	2
8728	4
8729	2
8730	1
8731	4
8732	2
8733	1
8734	2
8735	5
8736	3
8737	4
8738	1
8739	1
8740	1
8741	3
8744	1
8746	4
8747	4
8748	1
8750	4
8751	1
8752	4
8753	2
8754	2
8755	1
8756	3
8757	1
8758	2
8759	3
8760	2
8761	3
8762	1
8763	3
8764	2
8765	1
8766	4
8767	2
8768	1
8769	1
8770	2
8771	1
8772	1
8775	2
8776	2
8777	1
8778	3
8779	2
8780	3
8781	2
8782	4
8783	2
8784	3
8785	3
8786	2
8787	2
8788	1
8789	1
8790	1
8791	1
8792	1
8793	2
8794	2
8795	1
8796	3
8797	2
8798	2
25183	1
8799	1
8800	2
8801	2
8802	2
8803	4
8805	1
8806	5
8807	1
8808	1
8809	1
8810	2
8811	1
8812	3
8813	4
25197	1
8814	2
8816	1
8817	1
8818	2
8819	1
8820	1
8821	1
8822	2
8823	2
8824	1
8825	1
8827	1
8828	1
8829	2
8831	2
8832	2
8835	3
8836	1
8837	1
8838	1
8839	5
8840	2
8841	5
8842	2
8844	5
8845	2
8846	3
8847	3
8848	4
8849	3
8850	2
8851	2
8852	3
8853	4
8854	1
8855	1
8856	1
8857	5
8858	2
8859	2
8860	2
8861	5
8862	4
8863	2
8864	1
8865	3
8866	1
8868	2
8869	1
8870	1
8871	1
8872	3
8873	1
8874	3
8875	1
25260	1
8877	2
8878	1
8879	5
8880	3
8881	2
8882	3
8883	3
8884	5
8885	2
8886	1
8887	3
8888	1
8889	1
8891	2
8892	3
8893	3
8894	2
8896	2
8897	4
8898	2
8899	1
8900	5
8901	1
8903	1
8904	3
8906	1
8907	1
8908	2
8909	1
8912	1
8913	3
8914	1
8915	3
8916	4
8917	2
8918	2
8919	1
8921	3
8922	4
8923	1
8925	3
8927	1
8928	1
8929	3
8930	1
8931	8
8933	5
8934	3
8935	2
8936	2
8937	1
8938	2
8939	2
8941	4
8942	3
8944	4
8945	5
8946	2
8947	2
8948	1
8949	2
8950	2
8952	5
8953	1
8954	2
8955	1
8956	4
8958	2
8959	3
8963	2
8964	2
8965	4
8967	2
8968	1
8971	1
8973	2
8974	3
8976	1
8977	1
8978	5
8979	4
8980	1
8981	4
8985	2
8986	5
8987	3
8988	1
8989	2
8991	2
8992	1
8993	1
8994	1
8995	2
8997	2
8998	2
8999	1
9000	2
9001	2
9002	2
9003	1
9004	1
9005	4
9006	1
9007	1
9009	1
9010	3
9011	2
9012	2
9013	2
9014	2
9015	1
9016	1
9017	2
9018	1
9019	2
9020	4
9022	4
9023	2
9024	4
9025	1
9026	1
9029	2
9030	1
9031	4
9032	2
9033	2
9034	1
9035	1
9037	3
9038	1
9039	1
9040	2
9041	1
9042	1
9043	1
9044	1
9045	4
9046	2
9047	2
9048	1
9049	1
9051	5
9052	2
9053	2
9054	2
9055	5
9056	2
9057	2
9058	3
9059	3
9060	1
9062	3
9063	2
9064	1
9065	3
9066	1
9067	4
9068	3
9070	3
9071	1
9073	2
9074	3
9075	1
9077	2
9080	2
9081	1
9082	3
9084	1
9085	4
9086	2
9087	2
9088	2
9090	2
9091	2
9092	2
9094	1
9095	1
9098	1
9099	4
9100	1
9101	2
9102	2
9103	3
9104	2
9105	1
9106	1
9107	2
9108	3
9110	2
9111	2
9113	4
9114	3
9115	2
9116	1
9117	3
9118	1
9120	2
9121	2
9122	2
9124	1
9125	2
9126	4
9127	2
9128	3
9129	2
9130	2
9131	1
9133	3
9134	2
9135	1
9136	1
9137	2
9139	1
9140	2
9141	3
9142	2
9143	1
9144	3
9145	1
9146	3
9147	3
9148	2
9149	1
9151	1
9152	3
9153	3
9154	1
9155	3
9156	3
9157	4
9158	2
9159	2
9160	2
9161	1
9162	4
9165	1
9166	4
9167	1
9169	2
9170	2
9171	2
9172	1
9173	1
9174	1
9175	4
9176	1
9177	2
9178	3
9179	2
9180	1
9182	2
9183	2
9184	3
9186	2
9187	2
9188	1
9189	2
9190	1
9191	2
9192	1
9193	3
9194	3
9195	1
9196	2
9197	1
9198	3
9200	3
9201	3
9202	1
9203	2
9204	3
9207	1
9208	2
9209	2
9210	1
9211	2
9214	3
9215	1
9216	4
9218	1
9220	2
9221	6
9224	3
9226	3
9227	2
9229	3
9230	2
9231	3
9232	2
9233	3
9234	1
9235	1
9236	3
9237	1
9238	1
9239	2
9240	3
9242	3
9243	4
9244	3
9245	4
9248	3
9249	1
9250	1
9251	2
9252	3
9253	2
9254	2
9255	2
9256	1
9257	2
9258	2
9259	1
9260	4
9263	4
9264	1
9266	1
9267	2
9268	2
9269	2
9271	3
9272	2
9273	2
9274	1
9275	1
9276	3
9279	2
9281	3
9282	1
9284	3
9286	1
9287	3
9288	2
9289	4
9290	3
9291	2
9293	2
9295	3
9296	2
9298	1
9299	2
9300	1
9301	3
9302	3
9303	2
9304	1
9305	4
9306	1
9307	5
9308	2
9309	2
9310	4
9311	1
9312	1
9313	1
9314	3
9315	2
9317	1
9318	2
9319	1
9321	1
9322	2
9323	1
9324	2
9328	2
9329	4
9330	4
9331	2
9333	2
25717	1
9334	1
9335	1
9337	2
9338	2
9340	3
9342	1
9343	4
9344	1
9345	2
9346	4
9347	3
9349	4
9350	1
9351	1
9352	6
9353	2
9355	2
9356	2
9357	4
9358	1
9359	1
9360	2
9361	4
9362	2
9363	3
9364	1
9365	2
9367	4
9368	4
9369	1
9371	2
9375	3
9376	1
9378	2
9379	1
9380	1
9381	1
9382	2
9383	1
9384	1
9385	4
9386	2
9387	3
9388	1
9389	2
9390	3
9391	1
9392	3
9393	2
9394	2
9395	3
9396	1
9397	3
9398	1
9399	2
9400	2
9402	3
9404	4
9405	3
9406	6
9407	2
9408	5
9410	2
9411	1
9413	2
9414	1
9415	1
9417	1
9418	1
9419	2
9420	2
9421	2
9422	3
9424	1
9425	2
9426	1
9427	1
9428	2
9430	1
9431	1
9432	3
9433	5
9434	1
9435	1
9437	3
9438	2
9439	1
9441	1
9442	3
9443	2
9444	5
9445	1
9446	2
9448	2
9449	2
9450	3
9451	1
9452	3
9453	2
9454	3
9455	1
9456	3
9457	2
9458	2
9459	1
9460	1
9461	3
9462	2
9463	2
9464	3
9466	1
9467	2
9468	3
9469	2
9470	2
9471	1
9473	4
9474	1
9475	3
9476	1
9478	2
9479	4
9480	1
9481	2
9482	1
9483	1
9484	2
9486	1
9487	3
9488	3
9489	5
9490	5
9491	3
9493	3
9494	1
9495	3
9496	2
9497	3
9498	4
9499	1
9500	1
9501	1
9502	1
9503	1
9504	2
9505	3
9506	1
9507	3
9508	1
9509	2
9510	1
9511	1
9513	2
9514	1
9515	2
9516	1
9517	1
9518	2
9520	2
9521	3
9522	2
9523	2
9525	1
9526	1
9528	2
9529	1
9530	1
9531	2
9532	2
9533	1
9534	4
9535	1
9536	2
9537	1
9538	1
9539	1
9540	2
9541	3
9543	4
9544	2
9545	3
9546	2
9547	4
9548	1
9550	2
9551	5
9552	1
9553	2
9554	1
9555	1
9556	2
9557	2
9558	1
9559	1
9560	1
9561	2
9562	6
9563	3
9564	1
9566	2
9567	2
9568	2
9569	2
9570	1
9571	6
9572	1
9573	3
9574	2
9575	3
9576	4
9577	2
9578	2
9579	2
9581	3
9582	2
9583	1
9584	1
9585	1
9586	4
9587	2
9588	1
9589	2
9591	3
9592	1
9593	1
9595	1
9597	3
9598	1
9599	1
9601	1
9603	1
9605	2
9606	1
9607	2
9608	2
9609	2
9610	3
9612	1
9613	2
9614	2
9615	3
9616	3
9617	2
9618	3
9620	3
9621	2
9623	1
9624	4
9625	1
9626	2
9627	2
9629	2
9630	2
9631	1
9633	3
9636	4
9637	3
9638	1
9639	2
9641	2
9642	1
9646	3
9647	1
9650	2
9651	1
9652	2
9653	2
9654	1
9655	1
9657	1
9658	1
9659	4
9660	3
9661	2
9662	2
9663	3
9664	1
9667	1
9669	1
9670	3
9671	1
9673	1
9674	5
9675	3
9676	1
9677	1
9678	2
9679	2
9680	1
9682	2
9684	1
9685	1
9686	2
9687	3
9688	2
9689	1
9690	2
9691	1
9694	1
9695	1
9696	2
9697	3
9698	3
9699	2
9701	1
9702	1
9703	1
9704	1
9705	1
9706	3
9708	2
9709	1
9710	2
9711	1
9712	1
9713	1
9714	4
9715	2
9716	4
9719	1
9720	1
9721	1
9722	1
9724	2
9725	4
9727	1
9728	3
9729	1
9730	1
9731	1
9732	2
9734	3
9736	1
9737	1
9738	3
9740	4
9741	1
9742	1
9743	3
9744	3
9745	1
9746	2
9748	3
9749	4
9751	3
9753	1
9754	1
9755	2
9756	2
9757	2
9759	1
9760	1
9761	1
9762	1
9763	3
9764	2
9765	1
9766	1
9767	2
9768	1
9769	1
9770	2
9771	1
9773	3
9775	2
9776	1
9777	2
9778	2
9780	2
9781	4
9782	2
9783	1
9785	1
9786	2
9788	1
9789	1
9790	2
9791	4
9793	4
9794	1
9795	4
9796	4
9797	1
9799	3
9800	1
9803	1
9805	2
9806	1
9807	1
9808	5
9810	1
9811	1
9812	1
9813	2
9814	1
9815	1
9817	3
9821	2
9822	1
9823	2
9825	2
9826	3
9827	1
9828	1
9829	1
9830	1
9832	1
9833	1
9834	3
9835	3
9836	2
9837	3
9838	2
9839	1
9841	1
9846	2
9847	3
9848	1
9849	3
9850	1
9851	2
9852	1
9853	2
9856	2
9857	2
9858	2
9859	1
9860	3
9861	2
9863	1
9864	1
9865	2
9867	4
9868	2
9869	4
9871	1
9872	4
9873	2
9874	2
9875	3
9876	1
9877	2
9878	2
9879	1
9881	1
9882	2
9883	1
9884	1
9886	4
9887	2
9888	1
9889	1
9892	2
9893	3
9894	1
9895	3
9896	2
9897	1
9899	1
9900	1
9902	3
9905	2
9906	1
9907	3
9908	2
9909	1
9910	3
9912	2
9914	1
9916	3
9918	3
9919	3
9920	1
9922	1
9923	1
9924	1
9925	2
9926	1
9927	5
9928	2
9929	4
9930	1
9932	1
9933	3
9934	1
9935	1
9936	1
9937	1
9938	4
9939	1
9940	2
9941	2
9942	3
9943	2
9944	1
9945	3
9949	2
9950	2
9951	1
9952	3
9953	2
9954	1
9955	1
9956	1
9957	2
9958	4
9959	1
9960	1
9962	3
9963	1
9965	3
9966	1
9967	2
9969	4
9970	1
9971	1
9972	1
9973	5
9974	3
9976	2
9978	2
9979	2
9980	4
9981	2
9982	2
9983	1
9985	2
9986	1
9988	3
9989	3
9991	4
9992	2
9993	2
9994	2
9995	1
9996	2
9997	2
9998	2
9999	1
10002	2
10004	2
10005	2
10008	5
10009	3
10010	1
10011	2
10014	4
10016	1
10017	3
10018	1
10019	3
10020	1
10021	1
10022	2
10023	2
10024	2
10025	2
10026	3
10027	2
10029	1
10033	3
10034	2
10035	5
10036	3
10039	2
10040	2
10041	1
10042	2
10044	2
10045	2
10046	4
10049	1
10050	3
10051	2
10052	2
10053	2
10054	2
10057	4
10059	1
10060	1
10061	2
10064	2
10066	1
10067	2
10068	1
10069	1
10070	2
10072	1
10073	2
10074	2
10075	1
10076	2
10077	3
10078	6
10079	1
10081	2
10083	2
10084	5
10085	1
10086	3
10087	2
10088	2
10089	3
10090	1
10091	1
10092	2
10093	2
10094	1
10095	4
10096	2
10099	1
10100	1
10101	4
10103	4
10105	1
10106	3
10107	1
10109	1
10110	5
10111	2
10112	1
10113	3
10114	3
10116	1
10117	1
10118	2
10119	2
10120	5
10123	3
10124	2
10126	1
10128	2
10129	2
10130	5
10132	3
10133	1
10134	1
10135	1
10137	2
10138	1
10139	1
10141	1
10144	2
10145	2
10147	3
10148	5
10150	3
10151	3
10153	1
10154	4
10155	1
10156	1
10157	2
10161	2
10164	1
10165	1
10166	1
10169	1
10171	2
10172	3
10173	3
10175	2
10176	2
10177	3
10178	1
10179	2
10180	2
10182	3
10183	3
10184	4
10185	1
10186	2
10187	2
10188	2
10191	3
10192	2
10193	1
10194	4
10196	2
10197	1
10198	1
10200	5
10201	2
10202	1
10203	3
10204	2
10205	1
10206	5
10207	1
10208	2
10210	2
10212	1
10213	1
10214	2
10216	3
10217	3
10218	1
10219	2
10220	1
10221	2
10223	1
10224	3
10226	2
10227	4
10228	2
10229	3
10230	1
10231	2
10233	1
10234	1
10237	5
10238	3
10239	4
10240	1
10241	6
10242	1
10243	1
10244	1
10245	4
10246	5
10247	2
10249	1
10252	2
10253	2
10254	3
10256	1
10257	4
10259	3
10261	2
10262	2
10263	9
10264	3
10265	1
10266	2
10267	4
10269	1
10270	4
10271	2
10272	1
10273	2
10274	1
10275	1
10277	2
10278	1
10279	4
10280	1
10282	2
10283	4
10285	3
10286	1
10287	2
10289	1
10292	1
10293	1
10295	2
10296	1
10297	1
10298	1
10299	1
10300	4
10301	4
10302	2
10303	2
10304	1
10307	2
10308	1
10309	2
10310	1
10311	1
10312	1
10313	1
10314	2
10315	2
10316	2
10317	1
10318	5
10320	1
10321	2
10322	1
10326	2
10327	1
10328	1
10329	1
10330	1
10331	1
10332	2
10333	1
10334	3
10335	4
10338	1
10339	3
10340	1
10341	3
10342	2
10343	1
10344	1
10345	2
10348	1
10349	1
10350	1
10351	2
10352	1
10353	2
10354	2
10357	2
10358	2
10359	2
10360	2
10361	2
10365	2
10366	3
10368	2
10369	2
10370	3
10371	2
10372	1
10373	2
10374	2
10376	3
10377	2
10378	1
10380	1
10381	1
10382	1
10386	1
10387	2
10388	2
10391	4
10392	3
10393	3
10394	2
10395	1
10397	1
10398	4
10399	2
10400	3
10401	2
10402	3
10403	3
10404	1
10405	3
10407	3
10409	1
10410	2
10411	2
10412	1
10413	4
10414	2
10415	1
10416	5
10417	2
10418	1
10422	2
10424	3
10426	2
10427	2
10428	1
10429	3
10430	1
10431	1
10432	2
10433	1
10434	3
10435	1
10436	1
10437	1
10439	1
10440	1
10441	1
10442	1
10443	1
10444	1
10445	3
10446	3
10447	1
10448	2
10450	1
10451	2
10452	5
10453	1
10455	4
10456	3
10457	2
10458	1
10459	1
10460	3
10461	3
10462	2
10463	1
10464	2
10466	2
10467	1
10469	3
10470	2
10471	3
10472	2
10473	1
10476	2
10477	1
10479	1
10480	2
10481	7
10482	2
10483	1
10485	1
10486	1
10487	2
10488	1
10489	3
10490	2
10491	4
10493	1
10496	1
10497	1
10498	3
10499	3
10500	1
10502	1
10504	2
10505	1
10506	3
10507	1
10508	2
10509	2
10510	1
10511	2
10513	2
10514	2
10516	2
10517	4
10519	2
10521	1
10522	3
10523	2
10524	3
10525	2
10526	2
10527	2
10528	1
10529	1
10532	3
10533	1
10535	1
10536	2
10537	2
10538	1
10539	1
10543	1
10545	1
10546	1
10547	1
10548	2
10549	1
10551	2
10553	2
10555	1
10556	1
10557	2
10560	2
10562	3
10563	2
10564	2
10566	2
10567	1
10568	1
10569	1
10571	1
10573	2
10574	2
10575	1
10576	1
10578	1
10579	2
10580	1
10581	1
10582	2
10583	3
10584	2
10586	2
10587	2
10588	1
10589	1
10590	1
10592	2
10593	3
10595	3
10596	2
10598	1
10605	1
10607	2
10608	1
10609	1
10610	1
10612	2
10613	1
10614	2
10615	1
10617	4
10618	1
10620	1
10621	1
10622	1
10623	1
10625	1
10628	1
10629	1
10630	2
10631	2
10633	1
10635	2
10637	1
10638	1
10639	3
10641	2
10643	1
10644	2
10645	1
10646	1
10647	1
10649	3
10651	3
10655	3
10656	4
10657	1
10658	1
10661	2
10662	6
10664	2
10666	1
10669	2
10670	2
10672	2
10673	1
10675	2
10677	3
10679	1
10681	3
10682	2
10683	1
10685	1
10686	3
10687	2
10689	3
10690	1
10691	2
10694	2
10695	3
10696	1
10697	1
10698	3
10699	3
10700	1
10703	2
10704	1
10707	1
10708	1
10709	2
10710	2
10711	2
10715	2
10716	1
10717	1
10719	3
10720	1
10721	1
10722	1
10723	1
10724	1
10725	1
10726	3
10727	2
10730	1
10731	1
10732	1
10734	2
10735	2
10736	1
10737	2
10739	1
10741	2
10742	2
10743	1
10744	2
10745	1
10748	1
10749	1
10750	2
10751	4
10752	1
10753	2
10755	2
10756	4
10757	1
10758	2
10764	2
10765	1
10766	1
10767	1
10770	2
10772	2
10773	4
10774	2
10775	1
10777	1
10779	3
10780	1
10781	2
10784	3
10785	2
10786	2
10787	1
10788	1
10789	3
10790	2
10792	1
10795	1
10796	1
10797	1
10798	2
10799	1
10804	2
10805	1
10806	3
10807	1
10809	2
10810	2
10812	1
10813	2
10814	1
10815	4
10817	2
10818	2
10819	2
10820	3
10821	1
10825	2
10826	2
10828	1
10829	2
10830	2
10831	1
10833	1
10834	1
10835	1
10836	1
10838	3
10839	3
10840	2
10841	2
10842	2
10843	2
10844	1
10845	2
10846	2
10848	1
10849	2
10850	1
10851	1
10853	3
10856	1
10857	1
10858	1
10859	1
10860	3
10861	1
10863	1
10864	2
10866	2
10868	1
10869	2
10870	1
10871	2
10873	1
10875	2
10877	2
10879	2
10880	2
10881	1
10882	2
10886	5
10888	1
10889	1
10890	5
10891	2
10892	2
10893	1
10894	1
10895	2
10896	1
10897	1
10898	4
10900	1
10901	1
10902	3
10903	2
10904	1
10905	3
10908	2
10912	1
10913	1
10914	1
10915	1
10918	1
10919	1
10920	1
10921	3
10922	3
10924	4
10925	1
10926	4
10927	1
10929	1
10930	1
10932	1
10933	2
10934	2
10935	1
10937	4
10938	1
10939	1
10941	1
10942	1
10943	2
10944	1
10945	3
10947	1
10948	1
10949	2
10952	3
10954	2
10955	1
10959	1
10960	1
10961	3
10962	1
10963	1
10964	5
10965	1
10966	1
10969	1
10971	1
10972	3
10973	2
10976	3
10977	2
10978	2
10979	2
10980	1
10981	2
10984	1
10985	2
10986	3
10988	3
10989	2
10990	1
10991	1
10992	2
10993	1
10994	1
10995	4
10996	1
10997	1
10998	2
10999	1
11000	2
11002	1
11003	3
11004	1
11005	1
11006	1
11008	1
11009	2
11010	2
11012	1
11013	2
11014	2
11016	2
11017	2
11019	2
11020	2
11021	3
11022	1
11026	3
11027	4
11028	1
11030	1
11031	1
11032	1
11033	3
11034	2
11035	2
11036	3
11037	1
11038	2
11039	3
11040	1
11043	1
11044	1
11045	4
11046	2
11047	4
11049	2
11050	3
11051	1
11052	4
11053	3
11055	3
11056	3
11057	1
11058	3
11062	2
11064	1
11065	1
11066	1
11069	3
11071	1
11072	5
11073	2
11075	1
11076	2
11077	1
11080	3
11083	1
11084	2
11085	1
11086	4
11088	4
11089	1
11090	3
11092	1
11093	1
11094	3
11096	1
11098	1
11099	1
11100	1
11102	1
11103	1
11104	2
11105	2
11107	4
11110	1
11111	1
11112	2
11114	1
11115	2
11116	1
11119	2
11120	2
11121	1
11122	1
11123	1
11126	1
11127	3
11128	3
11131	1
11132	1
11133	4
11134	3
11135	2
11136	2
11137	3
11138	2
11139	1
11140	1
11142	3
11143	1
11144	1
11145	1
11147	6
11148	1
11149	1
11150	2
11151	2
11152	2
11155	1
11156	2
11157	2
11161	2
11163	1
11166	1
11167	4
11168	2
11169	1
11170	2
11173	2
11174	1
11177	1
11180	3
11181	2
11182	1
11183	2
11184	3
11185	2
11186	1
11187	4
11188	2
11190	2
11191	4
11193	2
11194	1
11195	2
11197	2
11198	2
11200	1
11201	3
11202	1
11203	1
11204	1
11205	1
11206	1
11208	2
11211	1
11212	2
11213	5
11215	1
11217	1
11218	1
11219	1
11220	1
11221	1
11222	3
11223	1
11225	3
11226	1
11227	2
11228	1
11229	3
11231	2
11232	1
11233	4
11234	3
11236	2
11237	2
11238	1
11239	1
11240	1
11242	2
11243	2
11247	2
11248	1
11249	3
11251	1
11252	1
11254	1
11256	2
11257	1
11260	1
11261	1
11262	1
11263	2
11264	2
11265	1
11266	3
11268	1
11269	2
11271	1
11272	1
11273	2
11274	2
11275	2
11276	1
11277	1
11278	3
11279	3
11280	3
11288	3
11289	1
11293	2
11295	2
11299	4
11301	1
11302	2
11303	2
11304	1
11305	2
11307	1
11308	2
11309	1
11310	2
11312	1
11314	2
11318	1
11319	2
11320	2
11322	1
11323	1
11324	3
11325	3
11326	3
11327	1
11328	1
11329	2
11333	4
11334	1
11335	1
11336	1
11339	1
11340	1
11341	1
11342	1
11343	1
11344	1
11346	1
11347	1
11350	1
11351	2
11353	2
11359	2
11360	1
11361	2
11362	1
11363	1
11364	1
11366	2
11367	2
11368	1
11370	1
11371	3
11372	1
11374	3
11376	1
11378	1
11379	1
11380	2
11381	2
11382	2
11383	1
11384	1
11387	2
11390	2
11391	1
11392	1
11393	1
11395	4
11396	1
11397	2
11398	3
11400	1
11401	1
11402	4
11403	2
11404	3
11405	3
11406	1
11407	1
11409	3
11410	2
11412	1
11413	2
11414	1
11415	1
11416	2
11417	1
11418	1
11419	2
11422	2
11424	4
11425	3
11426	2
11427	2
11428	1
11429	3
11430	1
11431	1
11436	2
11437	1
11438	1
11439	1
11441	2
11443	2
11444	2
11445	1
11447	1
11448	2
11449	4
11451	2
11452	3
11456	2
11457	4
11458	3
11459	1
11460	2
11461	2
11465	2
11466	1
11467	1
11469	3
11470	3
11471	2
11472	1
11473	4
11474	1
11475	1
11476	1
11477	3
11479	2
11485	4
11486	3
11487	1
11488	2
11491	2
11492	1
11493	1
11496	2
11497	3
11498	2
11500	3
11501	2
11502	2
11504	2
11507	3
11508	1
11510	1
11511	1
11513	1
11517	1
11521	2
11530	3
11531	1
11533	1
11534	4
11536	2
11537	1
11538	1
11540	1
11541	2
11542	1
11544	2
11545	4
11547	1
11550	1
11551	1
11552	1
11557	1
11558	1
11564	3
11571	1
11572	2
11573	2
11575	1
11576	3
11580	1
11581	3
11582	3
11583	3
11584	1
11587	1
11589	7
11591	2
11592	1
11594	2
11595	1
11596	1
11598	1
11600	1
11601	1
11602	1
11603	3
11604	3
11606	1
11607	2
11608	1
11610	2
11611	1
11613	4
11614	2
11618	3
11622	1
11623	2
11625	1
11633	1
11634	2
11635	3
11637	1
11638	1
11639	1
11642	3
11643	2
11645	1
11646	2
11648	1
11649	2
11651	2
11654	1
11655	2
11656	1
11657	1
11660	2
11661	1
11663	1
11664	1
11665	1
11668	1
11671	4
11672	2
11673	3
11675	1
11676	1
11678	1
11679	3
11680	3
11681	2
11682	1
11683	1
11684	1
11685	1
11686	2
11687	1
11689	2
11690	2
11692	1
11693	1
11694	2
11695	2
11696	3
11698	2
11703	1
11704	1
11706	1
11707	1
11708	3
11709	1
11710	2
11711	1
11716	1
11719	2
11720	4
11722	1
11723	1
11724	1
11726	1
11727	2
11729	1
11732	3
11734	1
11735	2
11736	2
11740	1
11742	1
11744	4
11745	2
11746	1
11747	1
11748	3
11749	1
11750	1
11751	2
11752	2
11755	1
11757	3
11758	1
11759	1
11761	1
11763	2
11764	1
11765	1
11766	4
11767	2
11768	1
11770	2
11772	1
11773	1
11777	1
11778	1
11779	1
11780	1
11781	2
11782	1
11784	1
11785	3
11788	2
11790	1
11791	2
11794	2
11797	3
11798	1
11799	1
11800	3
11801	4
11802	1
11803	1
11804	1
11807	1
11811	2
11814	1
11819	1
11821	1
11824	1
11825	3
11826	2
11827	1
11830	1
11832	3
11833	1
11834	1
11836	1
11838	1
11839	1
11841	1
11843	1
11844	2
11846	1
11847	1
11848	3
11849	1
11850	2
11852	3
11853	2
11855	2
11859	2
11860	2
11861	1
11862	1
11863	2
11864	1
11865	1
11866	2
11867	1
11868	3
11869	1
11870	1
11871	3
11872	1
11873	1
11874	2
11875	1
11877	1
11880	2
11881	1
11882	1
11883	2
11884	1
11887	1
11888	1
11889	1
11891	3
11892	1
11894	1
11900	1
11901	1
11902	2
11903	1
11905	1
11906	1
11907	1
11908	1
11909	1
11910	1
11911	2
11912	1
11914	1
11915	1
11920	1
11921	1
11922	2
11924	1
11925	1
11926	2
11927	5
11928	1
11929	1
11931	1
11933	1
11934	1
11937	1
11938	3
11939	1
11940	1
11941	2
11942	1
11943	1
11944	1
11945	1
11946	1
11947	1
11953	1
11954	1
11956	1
11957	1
11958	1
11959	1
11960	2
11962	1
11965	1
11966	1
11967	2
11968	2
11969	1
11970	2
11972	1
11974	1
11975	1
11976	2
11979	2
11980	1
11981	1
11982	3
11983	2
11984	2
11987	1
11988	2
11989	1
11992	1
11995	3
11998	3
11999	1
12000	1
12002	3
12004	1
12005	3
12006	1
12008	1
12009	2
12011	1
12012	1
12013	1
12015	1
12016	1
12017	1
12018	1
12020	5
12022	3
12023	1
12024	1
12025	1
12026	1
12030	1
12031	1
12033	2
12036	2
12039	2
12040	1
12041	2
12043	1
12045	2
12046	2
12047	1
12049	1
12050	1
12051	2
12052	3
12053	1
12054	2
12056	1
12059	1
12061	1
12062	3
12063	1
12067	1
12068	2
12070	1
12072	2
12073	1
12075	3
12076	1
12078	1
12079	2
12080	1
12082	2
12085	1
12086	1
12087	2
12088	1
12089	1
12091	1
12092	2
12093	1
12094	1
12095	2
12097	1
12099	1
12102	2
12103	2
12105	1
12107	1
12109	2
12111	1
12112	1
12113	1
12115	2
12116	1
12117	2
12121	1
12122	2
12123	4
12124	1
12126	2
12127	2
12129	2
12133	3
12134	1
12138	2
12140	3
12141	1
12142	1
12143	1
12144	1
12146	2
12148	1
12149	2
12150	6
12151	2
12154	2
12155	1
12158	2
12161	1
12163	2
12166	1
12168	1
12169	1
12171	1
12173	1
12174	2
12176	1
12177	2
12179	2
12181	2
12182	1
12183	2
12188	1
12189	1
12190	2
12191	2
12192	2
12193	2
12196	1
12199	1
12202	1
12203	2
12204	1
12207	1
12209	1
12212	2
12214	1
12215	1
12219	1
12220	2
12221	4
12222	1
12223	2
12225	3
12226	2
12228	3
12230	1
12231	1
12232	2
12234	4
12235	1
12240	3
12241	1
12242	1
12243	2
12246	1
12247	3
12251	3
12254	1
12256	1
12257	1
12258	2
12259	2
12260	1
12261	2
12266	1
12271	2
12274	3
12275	1
12277	2
12279	3
12281	3
12282	3
12283	2
12287	3
12288	1
12291	2
12293	1
12294	4
12295	3
12296	3
12298	1
12299	1
12300	1
12302	1
12303	1
12304	1
12305	1
12307	1
12308	1
12309	1
12310	1
12311	1
12312	1
12313	4
12316	1
12317	1
12321	1
12322	1
12323	1
12324	1
12326	3
12328	2
12331	1
12332	1
12334	1
12335	3
12337	1
12339	1
12341	1
12346	1
12347	2
12348	1
12349	1
12355	2
12357	4
12358	1
12360	2
12364	1
12368	2
12369	1
12370	1
12371	2
12372	1
12374	2
12376	1
12377	2
12381	1
12382	1
12383	3
12384	1
12386	1
12387	1
12388	2
12391	2
12392	1
12393	2
12395	1
12396	1
12397	1
12400	1
12401	1
12404	1
12408	2
12410	1
12411	2
12412	2
12415	2
12416	1
12417	1
12418	1
12421	1
12423	1
12424	3
12425	2
12427	1
12430	2
12432	1
12433	1
12435	2
12436	1
12438	1
12439	1
12441	1
12443	1
12445	1
12446	2
12448	1
12450	1
12452	1
12453	1
12454	1
12456	2
12457	1
12459	1
12460	3
12463	1
12464	1
12466	2
12468	2
12473	1
12474	1
12475	1
12478	2
12480	1
12482	1
12485	1
12486	1
12489	1
12490	2
12491	3
12492	1
12493	1
12494	1
12495	1
12496	1
12497	2
12502	2
12503	1
12504	2
12506	1
12507	2
12508	1
12514	1
12516	1
12517	1
12518	1
12519	1
12520	3
12521	1
12522	1
12523	1
12524	2
12525	1
12527	4
12530	1
12531	2
12533	1
12534	2
12535	2
12537	2
12539	1
12542	1
12544	1
12547	2
12550	1
12551	1
12554	1
12555	1
12560	2
12564	1
12567	1
12568	1
12569	3
12571	2
12572	1
12575	1
12576	1
12577	2
12581	1
12582	2
12583	1
12584	1
12585	1
12586	3
12587	1
12588	1
12589	1
12590	1
12591	2
12592	2
12593	2
12594	1
12595	1
12596	1
12598	1
12599	1
12602	2
12605	1
12606	1
12607	2
12610	2
12611	1
12612	3
12613	1
12615	3
12618	3
12620	3
12621	3
12622	1
12624	1
12625	1
12626	2
12627	1
12629	1
12630	1
12631	1
12632	1
12634	1
12636	3
12637	1
12639	1
12640	1
12641	3
12643	2
12644	1
12645	1
12648	1
12649	1
12650	1
12651	1
12652	1
12653	3
12654	1
12656	3
12657	1
12663	1
12665	1
12667	1
12668	2
12669	3
12670	1
12671	1
12674	1
12675	1
12676	1
12677	1
12678	1
12682	1
12684	1
12686	3
12688	1
12690	1
12693	1
12694	1
12697	1
12699	1
12701	1
12703	1
12709	3
12711	2
12713	2
12715	1
12716	1
12717	1
12720	1
12721	2
12722	1
12723	1
12724	1
12725	1
12727	1
12728	1
12729	1
12730	1
12732	1
12734	1
12735	1
12738	2
12739	2
12745	2
12747	3
12748	1
12750	1
12755	1
12761	1
12762	1
12763	1
12764	2
12765	4
12766	1
12767	1
12768	3
12769	2
12770	1
12771	2
12773	2
12775	2
12776	2
12778	2
12782	1
12783	3
12785	2
12789	1
12791	1
12793	2
12796	1
12797	1
12798	1
12800	2
12804	2
12805	1
12807	1
12809	1
12810	1
12812	2
12813	1
12814	1
12815	1
12816	1
12817	1
12818	1
12819	1
12820	1
12824	2
12826	1
12828	2
12829	1
12830	1
12832	1
12833	1
12836	1
12842	1
12847	1
12854	2
12856	1
12858	1
12859	1
12860	2
12863	1
12864	1
12868	2
12870	1
12871	1
12872	2
12874	1
12876	1
12877	1
12879	1
12880	1
12884	1
12885	1
12886	1
12888	2
12890	3
12891	1
12895	2
12897	2
12900	1
12901	1
12907	1
12908	1
12909	4
12910	1
12911	1
12912	1
12913	1
12916	1
12917	1
12918	2
12919	1
12923	1
12925	1
12927	1
12929	2
12930	2
12932	1
12933	1
12935	2
12940	1
12944	1
12946	1
12947	1
12948	1
12949	3
12950	1
12951	2
12952	3
12954	1
12955	1
12956	1
12957	1
12958	1
12959	1
12962	1
12964	1
12965	1
12966	1
12967	1
12973	2
12974	2
12979	1
12981	2
12982	1
12987	1
12990	2
12991	1
12992	1
12995	1
12996	1
12997	2
13000	1
13004	2
13005	1
13006	1
13011	1
13014	1
13015	3
13017	2
13018	1
13021	2
13022	3
13024	3
13025	2
13027	1
13029	1
13031	2
13032	1
13035	2
13036	2
13038	1
13040	1
13042	1
13045	1
13048	1
13049	1
13052	1
13054	2
13057	3
13058	1
13064	1
13066	1
13067	1
13070	2
13072	1
13073	2
13074	1
13075	1
13077	1
13079	2
13085	1
13087	1
13088	1
13090	1
13091	1
13093	1
13101	1
13102	2
13106	1
13107	2
13109	2
13114	2
13116	1
13117	2
13123	1
13124	1
13128	1
13131	1
13132	1
13135	1
13137	1
13139	2
13143	1
13144	1
13147	3
13148	1
13155	1
13156	1
13162	1
13163	1
13165	1
13166	2
13168	2
13172	1
13173	1
13174	2
13176	1
13178	1
13182	1
13183	1
13185	1
13186	1
13188	1
13195	1
13197	1
13200	1
13201	1
13203	2
13204	1
13206	1
13207	2
13208	2
13211	2
13212	2
13214	1
13216	1
13218	1
13219	1
13220	1
13225	1
13233	1
13234	1
13236	1
13240	1
13242	1
13243	1
13249	1
13253	1
13263	1
13265	1
13269	1
13270	1
13271	1
13273	1
13274	1
13276	2
13281	1
13283	2
13284	1
13286	1
13288	1
13290	2
13292	1
13294	1
13295	1
13297	1
13299	1
13300	1
13301	1
13307	1
13309	3
13313	1
13315	1
13316	1
13318	1
13319	1
13322	1
13323	1
13326	1
13329	1
13331	1
13332	1
13334	1
13335	1
13336	1
13337	1
13338	2
13340	3
13344	1
13346	3
13348	1
13349	1
13350	1
13353	1
13355	1
13356	2
13357	1
13358	1
13359	1
13361	2
13362	1
13363	1
13366	1
13367	1
13370	1
13371	2
13372	2
13373	2
13374	2
13377	1
13378	1
13380	1
13381	1
13383	1
13384	1
13385	2
13392	1
13394	2
13396	1
13397	1
13398	1
13399	2
13402	1
13404	1
13405	1
13409	1
13410	1
13411	1
13414	1
13415	1
13418	1
13419	1
13424	1
13426	2
13427	1
13428	1
13429	1
13431	2
13434	2
13435	1
13437	1
13442	2
13444	1
13445	1
13446	3
13448	1
13449	1
13451	1
13455	1
13456	2
13457	1
13462	1
13464	1
13467	1
13468	1
13473	1
13475	1
13485	1
13488	1
13489	1
13491	3
13492	1
13498	1
13500	1
13506	2
13508	3
13511	1
13517	1
13518	2
13520	2
13521	1
13525	1
13526	1
13529	2
13539	1
13546	2
13551	2
13555	1
13558	1
13560	1
13561	2
13566	1
13569	1
13570	1
13571	1
13573	1
13575	1
13576	1
13578	1
13584	1
13587	1
13589	1
13593	1
13595	1
13596	2
13597	1
13598	1
13599	1
13605	1
13608	3
13609	1
13611	1
13616	1
13618	1
13620	1
13625	2
13627	2
13629	1
13631	1
13634	1
13635	1
13638	1
13639	2
13641	1
13644	1
13645	1
13650	1
13652	1
13658	1
13659	1
13661	1
13662	1
13666	1
13667	1
13670	1
13671	1
13673	1
13676	1
13681	1
13682	1
13683	3
13684	1
13685	1
13686	2
13688	1
13691	1
13692	1
13693	1
13694	1
13698	2
13702	1
13705	1
13708	4
13710	1
13714	2
13715	2
13716	3
13717	2
13718	1
13719	1
13722	1
13724	1
13726	1
13727	2
13729	1
13730	1
13732	1
13734	1
13735	1
13737	1
13739	1
13742	1
13745	1
13747	1
13748	1
13749	1
13756	1
13760	1
13761	1
13762	2
13763	1
13766	1
13768	1
13769	1
13770	1
13771	1
13774	2
13777	1
13778	2
13780	1
13784	1
13787	1
13790	1
13791	1
13793	2
13795	1
13797	2
13800	2
13803	1
13808	1
13814	1
13818	1
13819	1
13821	1
13824	2
13827	1
13830	1
13831	1
13833	1
13836	1
13841	3
13843	1
13845	1
13847	1
13849	1
13851	1
13853	1
13855	2
13858	1
13859	1
13864	2
13868	1
13869	1
13873	1
13874	2
13876	1
13880	1
13882	1
13883	1
13884	1
13886	1
13887	1
13889	1
13892	1
13896	1
13897	1
13898	1
13899	1
13903	1
13908	1
13910	2
13911	1
13914	1
13915	1
13916	1
13917	1
13925	1
13926	1
13928	2
13930	1
13931	1
13932	1
13933	1
13937	1
13939	2
13942	2
13943	1
13944	1
13945	1
13946	1
13949	1
13950	1
13951	1
13954	1
13956	1
13960	2
13962	1
13963	1
13966	2
13967	2
13969	1
13971	1
13973	1
13975	1
13977	1
13978	1
13980	1
13981	1
13982	1
13988	1
13989	2
13991	1
13992	3
13993	1
14004	1
14007	1
14010	2
14015	1
14017	1
14018	1
14021	2
14025	2
14027	1
14030	1
14031	1
14032	2
14033	2
14035	1
14036	1
14038	1
14042	1
14044	1
14047	1
14051	1
14052	2
14055	2
14062	2
14063	3
14069	1
14071	1
14076	1
14081	3
14085	2
14086	2
14090	1
14092	1
14094	1
14099	1
14101	1
14106	1
14113	1
14117	1
14118	1
14121	2
14125	1
14126	1
14127	1
14131	1
14132	1
14133	2
14135	2
14136	1
14137	1
14139	1
14141	1
14152	1
14153	1
14154	1
14155	1
14157	2
14160	1
14162	1
14166	1
14169	2
14170	1
14172	1
14176	1
14178	1
14180	1
14181	1
14182	2
14183	1
14185	1
14186	1
14189	2
14191	1
14195	1
14200	1
14201	1
14203	1
14206	2
14209	1
14214	1
14219	1
14224	1
14227	1
14228	1
14236	2
14238	1
14240	1
14243	1
14245	1
14249	1
14252	1
14255	1
14258	1
14259	1
14264	1
14268	1
14275	1
14280	1
14282	2
14285	2
14286	1
14287	1
14289	1
14290	1
14292	1
14296	1
14297	1
14298	1
14305	1
14306	1
14307	1
14311	1
14314	1
14323	1
14324	1
14327	1
14328	1
14330	1
14332	1
14341	2
14342	1
14343	1
14350	1
14355	1
14358	1
14363	2
14364	1
14366	1
14369	1
14372	1
14375	1
14378	1
14389	2
14390	1
14391	1
14393	1
14394	1
14396	1
14397	1
14400	1
14401	1
14403	1
14404	1
14405	1
14408	1
14409	1
14410	1
14413	1
14417	1
14420	1
14424	1
14429	1
14431	1
14434	1
14438	1
14443	1
14444	4
14445	1
14448	1
14452	1
14453	1
14458	2
14463	1
14464	1
14465	1
14467	1
14468	1
14471	1
14474	1
14475	1
14476	1
14477	1
14480	1
14488	1
14490	1
14500	1
14503	2
14505	2
14506	1
14511	1
14516	1
14522	1
14523	1
14527	1
14528	1
14538	1
14540	2
14544	1
14545	2
14551	1
14557	1
14559	1
14561	1
14562	1
14567	1
14568	1
14569	1
14577	1
14578	1
14583	1
14585	2
14586	1
14589	1
14590	2
14594	1
14595	2
14598	1
14600	1
14602	1
14609	1
14611	1
14614	2
14616	1
14626	1
14628	1
14630	1
14634	1
14636	1
14641	3
14642	1
14643	1
14655	2
14658	1
14659	1
14672	1
14673	1
14674	1
14677	1
14678	1
14679	1
14680	1
14684	1
14687	1
14690	1
14693	1
14695	1
14696	1
14698	1
14699	1
14702	1
14709	1
14710	2
14717	1
14719	1
14723	1
14725	1
14730	2
14731	1
14735	1
14742	1
14744	1
14748	1
14750	1
14754	1
14759	1
14761	1
14762	1
14763	1
14768	1
14776	2
14780	1
14784	1
14794	1
14797	1
14803	1
14804	1
14805	1
14807	1
14809	1
14811	1
14813	2
14815	1
14816	1
14817	2
14818	2
14820	2
14823	1
14826	1
14830	1
14832	1
14841	1
14843	1
14844	1
14850	2
14854	1
14855	2
14857	1
14859	1
14861	3
14862	1
14869	1
14870	1
14872	1
14874	1
14879	2
14881	1
14887	1
14888	1
14889	1
14895	1
14900	1
14902	2
14905	1
14907	1
14918	2
14924	1
14925	1
14926	1
14929	1
14933	1
14935	1
14937	1
14941	2
14945	1
14948	1
14954	2
14955	1
14956	1
14961	1
14963	1
14973	1
14977	1
14981	1
14987	2
14993	1
14995	1
15002	2
15003	2
15009	1
15016	1
15021	1
15032	1
15041	1
15045	1
15046	1
15049	1
15051	1
15052	1
15055	1
15058	2
15069	2
15072	1
15074	1
15087	1
15089	1
15090	1
15092	1
15095	1
15098	1
15102	1
15107	1
15109	1
15114	2
15117	1
15118	1
15122	2
15123	1
15127	1
15138	1
15141	1
15142	1
15143	1
15149	1
15150	1
15154	1
15167	1
15170	1
15174	1
15186	1
15189	1
15201	1
15204	1
15207	1
15218	1
15221	1
15222	1
15228	1
15239	1
15240	1
15241	1
15251	1
15256	1
15258	1
15268	1
15271	1
15273	2
15275	1
15279	1
15284	1
15286	1
15287	2
15290	1
15291	1
15292	1
15293	3
15298	1
15300	1
15313	1
15317	1
15319	1
15321	2
15325	1
15332	2
15336	1
15338	1
15344	1
15349	2
15355	1
15358	1
15386	1
15391	1
15392	1
15393	1
15394	1
15396	1
15402	1
15403	1
15406	1
15407	1
15409	1
15418	1
15424	1
15432	1
15434	1
15439	2
15444	1
15451	1
15456	2
15461	1
15465	1
15470	1
15471	1
15473	1
15479	1
15482	2
15488	1
15490	1
15495	1
15499	1
15503	1
15511	2
15520	1
15533	1
15542	1
15543	1
15545	1
15554	3
15556	1
15557	1
15561	1
15564	1
15575	1
15576	2
15579	1
15581	1
15587	1
15588	1
15589	1
15603	1
15609	1
15610	1
15611	1
15612	1
15624	1
15643	1
15644	2
15646	1
15651	1
15653	1
15654	1
15659	1
15671	1
15677	1
15678	1
15681	2
15685	1
15691	1
15697	1
15703	1
15709	1
15719	1
15728	1
15729	1
15731	1
15742	1
15749	2
15764	1
15768	1
15769	1
15770	2
15784	1
15787	1
15788	1
15803	1
15806	1
15812	1
15817	1
15822	2
15842	1
15852	1
15856	1
15857	3
15859	1
15865	1
15868	1
15870	1
15873	1
15882	1
15885	1
15897	1
15898	1
15901	1
15904	1
15905	1
15906	1
15907	1
15917	1
15932	1
15952	1
15953	1
15966	1
15976	1
15981	1
15983	1
15985	1
15989	2
15995	2
16003	1
16016	1
16026	1
16028	1
16038	1
16044	1
16045	1
16053	1
16055	2
16057	2
16059	1
16071	1
16076	1
16079	1
16080	1
16095	1
16096	1
16114	1
16119	1
16128	1
16133	1
16140	1
16142	1
16143	1
16151	1
16173	1
16176	1
16180	1
16186	2
16187	1
16192	3
16195	1
16198	1
16200	1
16204	1
16211	1
16212	1
16215	1
16234	1
16236	1
16241	2
16246	1
16252	2
16257	1
16264	1
16278	1
16286	1
16291	2
16297	1
16309	1
16314	1
16319	1
16321	1
16327	1
16336	1
16338	1
16351	1
16352	1
16357	2
16360	1
16364	1
16368	1
16371	1
16373	1
16374	1
16375	1
16376	1
