1	16
16385	1
2	5
3	6
4	6
5	3
6	6
7	5
8	11
9	8
16393	1
10	7
11	9
12	9
13	9
14	11
15	7
16	9
17	13
18	6
19	13
20	14
21	7
22	4
23	11
24	7
25	7
26	11
27	10
28	5
29	8
30	3
31	10
32	9
16416	1
33	9
34	12
35	8
36	4
37	4
38	9
39	13
40	10
41	8
42	9
16427	1
43	8
44	6
45	11
46	9
47	11
48	6
49	9
50	5
51	7
52	6
53	5
54	9
55	8
56	10
57	4
58	8
59	4
60	6
61	10
62	5
63	11
64	3
65	4
66	4
67	9
16452	1
69	6
70	10
71	6
72	3
73	10
74	3
75	4
76	9
77	14
16461	1
78	5
79	4
80	5
16464	1
81	7
82	5
83	9
84	6
85	8
86	10
87	6
88	4
89	10
90	6
91	4
92	5
93	11
94	12
95	8
96	8
97	5
98	5
99	10
100	6
101	11
102	11
16486	1
103	8
104	9
105	5
106	12
107	9
16491	1
108	3
16492	1
109	10
110	9
111	14
112	9
113	6
114	6
115	8
116	6
117	9
118	6
119	8
120	6
121	7
122	13
123	9
124	11
16508	1
125	6
126	7
127	11
128	8
129	8
130	12
131	11
132	11
133	11
134	10
135	6
136	3
137	9
138	10
139	14
140	10
141	9
142	6
143	11
144	8
145	10
146	5
147	8
148	9
149	8
150	8
151	10
152	10
153	16
154	5
155	11
156	13
157	11
158	8
159	12
160	11
161	15
162	5
163	6
164	7
165	6
166	9
16550	1
167	11
16551	1
168	8
169	7
170	7
171	11
172	6
173	7
174	12
175	6
176	7
177	7
178	10
179	8
180	9
181	9
182	12
183	12
184	9
185	8
186	8
187	11
188	9
189	9
190	13
191	7
192	14
193	6
194	5
195	6
196	8
197	9
198	8
199	7
200	10
201	7
16585	1
202	13
203	8
204	10
205	12
206	11
207	11
208	13
209	6
210	6
211	12
212	6
213	5
16597	1
214	5
215	10
216	11
217	5
218	19
219	6
220	10
221	17
222	9
223	8
224	15
225	11
226	12
227	6
228	6
229	8
230	9
231	6
232	6
233	10
234	9
235	9
236	9
237	4
16621	1
238	9
239	5
240	11
241	8
242	12
243	10
244	10
245	14
246	8
247	5
248	12
249	7
250	12
251	7
252	9
253	12
254	8
255	7
256	9
257	15
258	10
259	12
260	8
261	6
262	11
263	7
264	10
265	7
266	8
267	10
268	7
269	7
270	8
271	7
272	5
273	11
274	10
275	8
276	11
277	10
278	11
279	10
280	10
281	6
16665	1
282	5
283	8
284	4
285	8
286	6
287	10
288	8
289	6
290	10
291	13
292	15
293	15
294	5
295	3
296	11
297	8
298	5
299	9
300	12
301	14
302	8
303	9
304	3
16688	1
305	11
306	9
307	11
308	8
309	12
310	7
311	5
312	7
313	8
314	11
315	7
316	6
317	7
318	10
319	5
320	3
321	8
322	10
16706	1
323	8
324	10
325	5
16709	1
326	8
327	9
328	10
329	14
330	5
331	8
332	7
333	10
334	6
16718	1
335	11
336	15
337	8
338	15
339	7
340	8
16724	1
341	8
342	9
343	6
344	5
345	19
346	7
347	8
16731	1
348	13
349	3
350	9
351	9
352	8
353	10
354	7
16738	1
355	7
356	10
357	12
358	6
359	10
360	12
361	10
362	7
363	5
364	8
365	8
366	11
367	10
368	11
369	10
370	10
371	6
372	14
373	14
374	6
375	12
376	3
377	7
378	10
379	5
380	3
381	10
382	6
383	12
384	11
385	8
386	9
387	9
388	6
389	9
390	9
391	18
392	7
393	7
16777	1
394	14
395	14
396	10
397	8
398	10
399	12
400	6
401	7
402	6
403	11
404	6
405	7
406	9
407	8
408	4
409	4
410	13
411	8
412	8
413	6
414	5
415	7
416	12
417	7
418	8
419	9
420	6
421	9
422	11
423	10
424	9
425	7
426	4
427	8
428	7
429	11
430	7
431	13
432	8
433	10
434	10
435	6
436	9
437	7
438	8
439	8
16823	2
440	7
441	9
442	15
443	8
444	7
445	13
446	7
447	7
448	5
449	3
450	10
451	8
452	13
453	11
454	4
455	10
456	12
457	8
458	7
16842	1
459	12
460	6
461	6
462	8
463	9
464	7
465	6
466	8
467	7
468	2
469	8
470	8
471	4
16855	1
472	10
473	5
474	6
16858	1
475	13
476	11
477	7
478	7
479	11
480	7
481	7
482	11
483	14
484	8
485	13
486	11
487	9
488	5
489	7
490	8
16874	1
491	6
492	8
493	12
494	7
495	5
16879	2
496	8
497	11
498	13
499	11
500	4
501	9
502	8
503	13
504	7
505	11
506	7
507	4
508	4
509	6
510	7
511	7
512	15
513	13
514	11
515	10
516	4
517	12
518	8
16902	1
519	11
16903	1
520	9
521	9
522	7
523	6
524	7
525	9
526	12
527	6
528	7
529	8
530	5
531	10
532	13
533	9
534	9
535	13
536	13
537	11
538	12
539	5
540	14
541	9
542	13
543	8
544	9
545	11
546	8
547	8
548	15
549	8
550	7
551	8
552	16
553	7
554	8
555	8
556	10
557	15
558	5
559	6
560	6
561	6
562	6
563	8
564	17
565	12
566	2
567	5
568	5
569	10
570	1
571	7
572	7
573	13
16957	1
574	11
575	5
576	6
577	10
578	12
579	5
580	2
581	3
582	7
583	8
584	6
585	7
586	5
587	8
588	9
589	5
590	7
591	9
592	4
593	11
594	8
595	7
596	9
16980	1
597	7
598	11
599	8
600	13
601	8
602	9
603	14
604	6
605	8
606	4
607	6
608	6
609	10
610	14
611	12
612	5
613	9
614	5
16998	1
615	10
616	8
617	7
17001	1
618	11
619	14
620	10
621	9
622	9
623	8
624	7
625	10
626	12
627	8
628	9
629	8
630	10
631	5
632	8
633	8
634	8
635	9
636	8
637	5
638	9
639	14
640	5
641	7
642	13
643	9
644	11
645	6
646	5
647	8
648	12
649	12
650	7
651	11
652	2
653	5
654	6
655	7
17039	1
656	8
657	4
658	5
659	7
660	7
661	5
662	6
663	9
664	7
665	9
666	11
667	12
668	9
669	6
670	10
671	7
672	7
673	5
674	7
17058	1
675	5
676	6
677	6
678	8
17062	1
679	10
680	8
681	7
682	11
683	8
684	8
685	14
686	11
687	9
688	10
689	7
690	4
691	7
692	10
693	15
694	8
695	7
696	9
697	20
698	10
699	11
700	6
701	11
702	4
703	10
704	6
705	10
706	5
707	11
708	3
709	11
710	7
711	9
712	5
713	9
17097	1
714	6
715	10
716	7
717	4
718	8
719	14
720	9
721	4
722	10
723	6
724	13
725	6
726	7
727	12
728	7
729	3
730	5
17114	1
731	8
732	9
733	7
734	6
735	11
736	8
737	12
738	13
739	4
740	6
741	2
742	6
743	4
744	10
745	8
746	5
747	14
748	10
749	6
750	5
751	7
752	7
753	5
754	9
755	4
756	7
757	7
758	5
759	10
760	14
761	9
762	7
763	11
764	4
765	4
766	9
767	7
768	7
769	13
770	11
771	9
772	10
773	14
774	9
775	10
776	13
777	11
778	13
779	13
17163	1
780	14
781	5
782	8
783	15
784	11
785	11
786	9
787	8
788	16
789	6
790	9
791	9
792	17
793	6
794	7
795	13
796	5
797	12
798	5
799	7
800	10
801	9
802	6
803	9
804	9
805	6
17189	1
806	13
807	13
808	5
809	5
810	11
811	5
812	8
813	8
814	12
815	11
816	6
817	6
818	7
819	6
820	11
17204	1
821	10
822	7
823	9
824	10
825	7
826	14
827	3
828	10
829	10
830	11
831	7
832	9
833	6
834	6
835	6
836	8
17220	1
837	10
838	5
839	8
840	8
841	13
842	8
843	12
844	9
845	11
846	6
847	8
848	10
849	10
850	7
851	5
852	6
853	5
854	9
855	11
856	7
857	7
858	9
859	10
860	10
861	5
862	4
863	7
864	13
865	8
866	7
867	7
868	11
869	10
870	6
871	10
872	6
873	12
874	10
17258	1
875	8
876	7
877	7
878	9
879	9
880	7
881	5
882	10
883	13
884	3
885	9
886	10
887	9
888	7
889	3
890	9
17274	1
891	8
892	10
893	8
894	5
895	8
896	7
897	9
898	7
899	13
900	10
901	6
902	9
903	10
904	12
905	3
906	11
907	5
908	11
909	6
910	13
911	6
912	10
913	13
914	7
915	3
916	6
917	8
918	6
919	9
920	5
921	6
922	8
923	6
924	6
925	9
926	4
927	10
928	11
929	15
930	17
931	7
932	9
933	13
934	6
17318	1
935	4
936	11
937	13
938	13
939	7
940	10
941	4
942	8
17326	1
943	5
944	13
945	9
946	11
947	7
948	6
949	7
950	12
951	9
952	10
953	9
954	11
955	13
956	5
957	10
958	10
959	8
960	8
961	9
962	15
963	6
17347	1
964	11
17348	2
965	3
966	11
967	5
968	11
969	10
970	11
971	14
972	5
973	4
974	7
975	13
976	7
977	13
978	7
979	10
980	8
981	13
982	7
983	6
984	6
985	6
986	7
987	4
988	6
989	8
990	7
991	7
992	10
993	8
994	7
17378	1
995	9
17379	1
996	14
997	12
998	7
999	8
1000	11
1001	8
1002	8
17386	1
1003	13
1004	8
1005	11
1006	9
1007	6
1008	12
1009	8
1010	7
1011	11
1012	8
1013	7
1014	9
1015	12
1016	9
1017	11
1018	9
1019	8
1020	11
1021	8
1022	7
17406	1
1023	4
1024	11
1025	9
1026	10
1027	11
1028	8
1029	6
1030	6
1031	9
1032	7
1033	3
1034	5
1035	7
1036	9
1037	5
1038	4
1039	8
1040	7
1041	9
1042	9
1043	3
1044	7
1045	8
1046	6
1047	15
1048	9
1049	9
1050	4
1051	9
1052	15
1053	6
1054	6
1055	13
1056	5
1057	8
1058	5
1059	14
1060	7
1061	10
1062	10
1063	6
1064	5
1065	7
1066	8
1067	8
1068	11
1069	7
1070	7
1071	12
1072	3
1073	9
1074	11
1075	7
1076	4
1077	4
1078	9
1079	10
1080	11
1081	10
1082	9
17466	1
1083	9
1084	8
1085	6
1086	5
1087	10
1088	5
1089	8
1090	8
1091	6
1092	11
1093	8
1094	4
1095	11
1096	8
1097	5
1098	14
1099	13
1100	14
1101	10
1102	2
1103	10
1104	7
1105	13
1106	11
1107	8
1108	6
1109	6
1110	13
1111	16
1112	6
1113	9
1114	9
1115	12
1116	3
1117	6
1118	12
1119	8
1120	7
1121	11
1122	7
1123	7
1124	12
1125	12
1126	12
1127	9
1128	8
1129	19
1130	9
1131	11
1132	8
1133	10
1134	10
1135	8
1136	6
1137	10
1138	14
1139	14
1140	12
1141	12
1142	16
1143	7
1144	7
1145	11
1146	7
1147	13
1148	10
1149	13
1150	5
1151	9
1152	9
1153	7
1154	7
1155	9
1156	7
1157	12
1158	2
1159	11
1160	6
1161	7
1162	7
1163	9
1164	9
1165	12
1166	8
17550	1
1167	12
1168	12
1169	9
1170	7
1171	5
1172	3
1173	10
1174	13
1175	3
1176	11
1177	7
1178	4
1179	8
1180	8
1181	9
1182	6
1183	14
1184	5
1185	7
1186	7
1187	7
17571	1
1188	13
1189	6
1190	13
1191	9
1192	7
1193	11
1194	10
1195	10
1196	13
1197	13
1198	7
1199	5
1200	9
1201	4
1202	5
1203	10
1204	6
1205	11
1206	7
1207	16
1208	6
1209	7
1210	8
1211	8
1212	10
1213	7
1214	6
1215	7
1216	15
1217	11
1218	5
1219	15
1220	8
1221	5
1222	16
1223	6
1224	7
1225	5
17609	1
1226	8
1227	7
1228	6
17612	1
1229	8
1230	13
17614	1
1231	12
1232	11
1233	9
1234	9
1235	6
1236	6
1237	6
1238	8
1239	8
1240	4
1241	11
1242	7
1243	7
1244	11
1245	13
1246	8
1247	11
1248	6
1249	9
1250	7
1251	6
1252	5
1253	9
1254	7
1255	8
1256	6
1257	8
1258	6
1259	7
17643	1
1260	7
1261	11
1262	8
17646	1
1263	8
1264	9
1265	7
1266	9
1267	10
1268	8
1269	8
1270	9
1271	4
1272	17
1273	5
1274	8
1275	9
1276	7
1277	11
1278	7
17662	1
1279	3
1280	10
1281	7
1282	8
1283	4
1284	10
17668	1
1285	7
1286	15
1287	7
1288	7
1289	4
1290	9
1291	17
1292	10
1293	6
1294	9
17678	1
1295	8
1296	2
1297	10
1298	9
1299	9
1300	11
1301	8
1302	8
1303	8
1304	6
1305	8
1306	7
1307	5
1308	4
1309	9
1310	6
1311	6
1312	7
1313	10
1314	6
1315	6
1316	9
1317	9
1318	7
1319	10
1320	7
1321	4
1322	5
1323	6
1324	6
1325	7
1326	8
1327	6
1328	5
1329	14
1330	14
1331	11
1332	8
1333	6
1334	11
1335	5
1336	8
1337	10
1338	4
1339	14
1340	6
1341	11
1342	8
1343	7
1344	13
1345	6
1346	10
1347	8
1348	5
1349	8
1350	9
1351	10
1352	7
1353	9
1354	10
1355	6
1356	9
1357	12
1358	9
1359	8
1360	8
1361	10
1362	7
1363	12
1364	10
1365	7
1366	9
1367	5
1368	4
1369	5
1370	13
1371	10
17755	2
1372	6
1373	6
1374	8
1375	11
1376	3
1377	10
1378	3
1379	8
1380	12
1381	9
1382	11
1383	4
17767	1
1384	10
1385	5
17769	1
1386	4
1387	12
1388	9
17772	1
1389	2
1390	9
1391	4
1392	7
17776	1
1393	7
1394	9
1395	5
1396	15
1397	4
1398	5
1399	9
1400	4
1401	9
1402	5
1403	3
1404	8
1405	12
1406	14
1407	11
1408	12
1409	7
1410	8
1411	9
1412	12
1413	7
1414	5
1415	7
1416	5
1417	14
1418	17
1419	5
1420	4
1421	9
1422	9
1423	4
1424	11
1425	10
1426	8
1427	5
1428	13
1429	7
1430	2
17814	1
1431	12
1432	17
1433	5
1434	6
1435	11
17819	1
1436	13
1437	7
1438	6
1439	10
1440	8
1441	11
1442	5
1443	7
1444	5
1445	9
1446	12
1447	7
1448	5
1449	8
1450	11
1451	6
1452	7
1453	11
1454	5
1455	7
1456	9
1457	6
1458	9
1459	8
1460	12
1461	9
1462	9
1463	6
1464	9
17848	1
1465	11
1466	5
1467	7
1468	10
1469	11
1470	6
1471	6
1472	6
1473	11
1474	10
1475	10
1476	12
1477	11
1478	7
1479	6
1480	13
1481	5
1482	8
1483	10
1484	10
17869	1
1485	12
1486	6
1487	5
1488	6
1489	14
1490	13
1491	8
17875	1
1492	11
1493	3
1494	7
1495	6
1496	5
1497	7
17881	1
1498	8
1499	4
1500	5
1501	9
1502	12
1503	6
1504	6
1505	9
1506	13
1507	5
1508	7
1509	8
1510	9
1511	4
1512	12
1513	5
1514	14
1515	8
1516	8
1517	11
1518	15
1519	8
1520	7
1521	7
1522	7
1523	5
1524	3
1525	7
1526	7
1527	10
1528	8
1529	7
1530	7
1531	6
1532	3
1533	12
1534	4
1535	14
1536	10
1537	5
1538	10
1539	6
1540	4
1541	6
1542	7
1543	5
1544	7
1545	5
1546	8
1547	5
1548	7
1549	5
1550	7
1551	12
1552	7
1553	8
17937	1
1554	14
1555	4
1556	9
17940	1
1557	3
1558	10
1559	6
1560	9
1561	5
1562	6
1563	7
1564	5
1565	3
1566	4
1567	9
1568	9
1569	6
1570	10
1571	6
1572	8
1573	11
1574	12
1575	9
1576	6
1577	4
1578	8
1579	6
1580	4
1581	4
1582	7
1583	5
1584	6
1585	7
1586	7
1587	9
1588	5
1589	4
17973	1
1590	8
1591	9
1592	4
1593	5
1594	3
1595	7
1596	8
1597	8
1598	7
1599	5
1600	2
1601	8
1602	7
1603	8
1604	7
1605	7
1606	10
1607	3
1608	8
1609	11
1610	7
1611	8
1612	10
1613	6
1614	8
1615	8
1616	10
1617	6
1618	6
1619	9
1620	3
18004	1
1621	6
1622	10
1623	5
1624	12
1625	7
18009	1
1626	8
1627	8
1628	7
1629	5
1630	2
1631	4
1632	9
1633	8
1634	5
1635	7
1636	3
1637	6
1638	7
1639	11
1640	11
1641	3
1642	11
1643	7
1644	5
1645	6
1646	10
1647	3
1648	8
1649	5
1650	6
1651	7
1652	7
1653	11
1654	7
1655	5
1656	5
1657	3
1658	5
1659	12
1660	4
18044	1
1661	7
1662	8
1663	10
1664	6
1665	6
1666	8
1667	8
1668	7
1669	7
1670	3
1671	9
1672	5
1673	7
1674	9
1675	7
1676	8
1677	6
1678	6
1679	7
1680	3
1681	8
1682	7
1683	8
1684	2
1685	6
1686	3
1687	6
1688	2
1689	4
1690	10
1691	6
1692	5
1693	5
1694	8
1695	11
1696	7
1697	3
1698	7
1699	7
1700	7
1701	2
1702	9
1703	3
1704	9
1705	7
1706	7
1707	7
1708	5
1709	3
1710	14
1711	7
1712	6
1713	6
1714	1
1715	8
1716	5
1717	6
1718	9
1719	7
1720	4
1721	3
1722	5
1723	7
1724	16
1725	11
1726	7
1727	4
1728	7
1729	6
1730	1
1731	4
1732	6
1733	8
1734	8
1735	5
18119	1
1736	3
1737	3
1738	10
1739	2
1740	8
1741	6
1742	7
1743	4
1744	9
18128	1
1745	3
1746	5
1747	9
1748	5
1749	3
1750	9
1751	8
1752	6
1753	3
1754	8
1755	5
1756	9
1757	6
1758	9
1759	9
1760	7
1761	3
1762	5
1763	9
1764	6
1765	7
1766	5
1767	8
1768	6
1769	7
1770	4
1771	10
1772	12
1773	6
1774	6
1775	7
1776	7
18160	1
1777	8
1778	2
1779	5
1780	4
1781	6
18165	1
1782	5
1783	5
1784	7
1785	5
1786	9
1787	5
1788	5
1789	7
1790	8
1791	3
1792	4
1793	5
1794	4
1795	6
1796	3
1797	2
1798	3
1799	8
1800	10
1801	7
1802	8
1803	6
1804	10
18188	1
1805	5
1806	4
1807	8
18191	1
1808	5
1809	2
1810	4
1811	2
1812	6
1813	8
1814	5
1815	9
1816	14
1817	7
1818	7
1819	3
1820	8
1821	4
1822	2
1823	4
1824	7
1825	3
1826	9
1827	9
1828	9
1829	5
1830	8
1831	7
1832	7
1833	9
1834	6
1835	5
1836	2
1837	7
1838	9
1839	3
18223	1
1840	3
1841	3
1842	3
1843	5
1844	3
1845	3
1846	5
1847	6
1848	2
1849	5
1850	5
1851	5
1852	10
1853	9
1854	4
1855	8
1856	5
1857	4
1858	6
1859	7
1860	7
1861	1
1862	3
1863	5
1864	5
1865	8
1866	9
1867	5
1868	3
1869	2
1870	7
1871	4
1872	5
1873	3
1874	8
1875	5
18259	1
1876	8
1877	5
1878	5
1879	3
1880	5
1881	5
1882	2
1883	3
1884	9
1885	8
1886	9
1887	1
1888	9
1889	6
1890	6
1891	6
1892	7
1893	2
1894	7
1895	4
1896	9
1897	7
1898	5
1900	3
1901	8
1902	10
1903	4
1904	9
1905	7
1906	10
1907	8
1908	4
1909	4
1910	6
1911	6
1912	7
1913	6
1914	5
1915	2
1916	10
1917	6
1918	11
1919	8
1920	8
1921	2
1922	10
1923	6
1924	2
1925	5
1926	9
1927	10
1928	4
1929	4
1930	6
1931	4
1932	7
1933	6
1934	1
1935	12
1936	11
1937	1
1938	10
1939	6
1940	3
1941	4
1942	5
1943	6
1944	4
1945	6
1946	6
1947	5
1948	12
1949	9
1950	6
1951	12
1952	9
1954	5
1955	5
1956	4
1957	3
1958	5
1959	8
18343	1
1960	1
1961	5
1962	6
1963	5
1964	7
1965	3
1966	9
1967	5
1968	9
1969	3
1970	5
1971	2
1972	1
1973	8
1974	7
1975	5
1976	5
1977	6
1978	8
1979	5
1980	6
1981	5
1982	11
1983	8
1984	12
1985	6
1986	6
1987	3
1988	5
1989	5
1990	7
1991	6
1992	5
1993	5
1994	7
1995	7
1996	4
1997	6
1998	6
1999	5
2000	6
2001	5
2002	5
2003	6
2004	7
2005	6
2006	11
2007	6
2008	2
2009	5
2010	3
2011	9
2012	6
2013	5
2014	11
2015	5
18400	1
2016	3
2017	7
2018	3
2019	8
2020	7
2021	2
2022	6
2023	9
2024	10
2025	11
2026	7
2027	6
2028	3
2029	7
2030	6
2031	3
2032	6
2033	7
2034	5
2035	8
2036	4
2037	5
2038	9
18422	1
2039	9
2040	8
2041	7
2042	2
2043	4
18427	1
2044	3
2045	6
2046	2
2047	5
2048	6
2049	8
2050	7
2051	4
2052	4
2053	10
2054	11
2055	2
2056	7
2057	4
2058	8
2059	5
2060	12
2061	6
2062	5
2063	4
18447	1
2064	8
2065	6
2066	9
2067	10
2069	2
2070	3
2071	3
2072	3
2073	6
2074	5
2075	2
2076	6
2077	6
2078	4
2079	5
2080	7
2081	4
18466	1
2082	5
2083	6
2084	7
2085	3
2086	8
2087	10
2088	4
2089	8
2090	5
2091	1
2092	8
2093	4
2094	3
2095	7
2096	2
2097	4
2098	10
2099	7
2100	7
2101	4
2102	7
2103	4
2104	7
2105	2
2106	5
2107	5
2108	2
2109	5
2110	2
2111	6
2112	5
2113	9
2114	9
2115	4
2116	6
2117	8
2118	4
2119	3
2120	1
2121	7
2122	4
2124	3
2125	9
2126	3
2127	9
2128	5
2129	3
2130	4
2131	7
2132	5
2133	4
2134	4
2135	4
2136	8
2137	2
2138	1
2139	9
2140	4
2141	3
2142	7
18526	1
2143	6
2144	6
2145	5
2146	6
2147	9
2148	5
2149	7
2150	7
2151	7
2152	7
2153	7
2154	4
2155	6
2156	6
2157	2
2158	6
2159	6
2160	4
2161	8
2162	5
2163	7
2164	5
2165	5
18549	1
2166	6
2167	3
2168	6
2169	6
2170	6
2171	4
2172	7
2173	10
2174	7
2175	6
2176	3
2177	2
2178	4
2179	4
2180	4
2181	6
2182	6
2183	5
2184	4
2185	3
2186	4
2187	8
2188	6
2189	8
18573	1
2190	6
2191	6
2192	6
2193	1
2194	6
18578	1
2195	10
2196	6
2197	5
2198	3
2199	5
2200	3
2201	4
2202	2
2203	1
2204	5
2205	4
2206	5
2207	2
2208	6
2209	5
2210	5
2211	8
2212	6
18596	1
2213	3
2214	8
2215	4
2216	2
2217	6
2218	3
2219	6
2220	4
2221	1
2222	2
2223	4
2224	4
2225	5
2226	2
2227	5
2228	6
2229	2
2230	5
2231	7
2232	2
2233	8
2234	4
2235	5
2236	3
2237	6
2238	8
2239	6
2240	7
2241	2
2242	5
2243	4
2244	5
2245	2
2246	3
2247	2
2248	6
2249	2
2250	8
2251	8
2252	5
2253	9
2254	4
2255	2
2256	3
2257	10
2258	3
2259	5
2260	4
2261	11
2262	1
2263	4
2264	4
2265	8
2266	4
2267	5
2268	6
2269	6
2270	7
2271	6
2272	4
2273	7
2274	5
2275	5
2276	5
2277	6
2278	3
2279	9
2280	5
2281	5
2282	10
2283	5
2284	7
2285	6
18669	1
2286	10
2287	2
2288	2
2289	4
2291	3
2292	8
2293	2
2294	6
2295	2
2296	2
2297	7
2298	6
18682	1
2299	4
2300	9
2301	3
2302	7
2303	5
2304	9
2305	2
2306	4
2307	6
2308	1
2309	3
2310	8
2311	4
2312	1
2313	9
2314	6
2315	8
2316	4
2317	5
2318	4
2319	8
2320	4
2321	4
2322	4
18706	1
2323	4
2324	5
2325	12
2326	4
18710	1
2327	5
2328	7
2329	1
2330	3
2331	4
2332	5
2333	3
2334	8
2335	3
2336	1
2337	7
2338	3
2340	6
2341	4
2342	1
18727	1
2343	5
2344	1
2345	3
2346	4
2347	3
2348	6
2349	4
2350	3
2351	4
2352	10
2353	6
2354	3
2355	5
2356	7
2357	6
2358	6
2359	4
2360	2
2361	7
2362	3
2363	3
2364	3
2365	6
2366	7
2367	8
2368	6
2369	6
2370	2
2371	4
2372	4
2373	5
2374	3
2375	3
2376	4
2377	4
2378	6
2379	3
2380	2
2381	4
2382	3
2383	1
2384	5
2385	5
2386	3
2387	5
2388	6
2389	4
2390	4
2391	10
2392	4
2393	5
2394	5
2395	3
2396	3
2397	7
2398	3
18782	1
2399	6
2400	8
2401	3
2402	3
2403	5
2404	8
2405	3
2406	6
2407	9
2408	5
2409	4
2410	2
18794	1
2411	5
2412	7
2413	5
2414	5
2415	5
18799	1
2416	3
2417	4
2418	5
2419	5
2420	6
2421	7
2422	2
2423	8
2424	5
2425	6
2426	5
2427	4
2429	2
2430	3
2431	1
2432	1
2433	4
2434	1
2435	8
2436	5
2437	4
2438	2
2439	4
2440	1
2441	3
2442	5
2443	5
2444	7
2445	4
2446	4
2447	4
2448	8
2449	2
2450	3
2451	7
2452	2
2453	4
2454	2
2455	2
2456	4
2457	6
2458	5
2459	1
2460	5
2461	5
2462	8
2463	3
2464	4
2465	6
2466	4
2467	2
18851	1
2468	5
2469	5
2470	8
2471	2
2472	3
2473	10
2474	1
2475	5
2476	5
2477	5
2478	3
18862	1
2479	3
2480	6
2481	3
2482	6
2483	3
2484	6
2485	3
2486	5
2487	4
2488	6
2489	5
2490	10
2491	3
2492	2
2493	7
2494	5
2495	5
2496	3
2497	3
2498	3
2499	7
2500	3
2501	2
2502	6
2503	3
2504	5
2505	5
18889	1
2506	8
2507	4
2508	4
2509	4
2510	2
2511	3
2512	1
2514	4
2515	2
2516	2
2517	5
2518	5
2519	1
2520	6
2521	4
2522	4
2523	4
2524	2
2525	2
2526	4
2527	8
2528	5
2529	6
2530	1
2531	6
2532	10
2533	3
2534	3
2535	3
2536	2
2537	9
2538	2
2539	5
2540	4
2541	8
2542	1
2543	3
2545	3
2546	3
2547	3
2549	3
2550	3
2551	6
2552	2
2553	4
2554	4
2555	6
2556	6
2557	5
2558	5
2559	3
2560	2
2561	4
2562	3
2563	4
2564	3
2565	3
2566	5
2567	3
2568	2
2569	3
2570	5
2571	4
2572	7
2573	6
2574	5
2575	3
2576	4
2577	3
2578	3
2580	4
2581	9
2582	6
2583	5
2584	1
2585	5
2586	2
2587	4
2588	4
2589	5
2590	5
18974	1
2591	5
2592	2
2593	3
2594	4
2595	1
2596	2
2597	3
2598	4
2599	4
2600	5
2601	5
2602	8
2603	3
2604	3
2605	6
2606	4
2607	3
2608	4
2609	3
18993	1
2610	2
2611	2
2612	3
2613	2
2614	6
2615	7
2616	3
2617	6
2618	6
2621	5
2622	6
2623	3
2624	6
2625	2
2626	2
2627	4
2628	5
2629	1
2630	4
2631	7
2632	5
2633	5
2634	3
19018	1
2635	4
2636	7
2637	4
2638	3
2639	1
2640	4
2641	4
2642	7
2643	4
2644	4
2645	1
2646	1
2647	9
2648	4
2649	5
2650	2
2652	3
2653	6
2654	2
2655	8
2656	2
2657	3
2658	7
2659	4
2660	5
2661	5
2662	3
2663	1
2664	2
2665	1
2666	4
2667	5
2668	3
2669	4
2670	2
2671	4
2672	1
2674	3
2675	1
2676	7
2677	1
2678	2
2679	3
2680	7
2681	2
2682	2
2683	6
2684	1
2685	6
2686	4
2687	4
2688	2
2689	3
2690	6
2691	6
2692	2
2693	5
2694	3
2695	5
2696	5
2697	4
2698	4
2699	4
2700	2
19084	1
2701	3
2702	2
2703	4
2704	2
2705	7
2706	2
2707	2
2708	3
2709	4
2710	3
2711	3
2712	3
2713	2
2714	4
2715	9
2716	6
2717	5
2718	3
2719	7
2720	3
2721	2
2722	4
2723	6
2725	4
2726	2
2727	5
2728	4
2729	5
2730	4
2731	4
2732	6
2733	2
2734	3
2735	2
2736	3
2737	4
2738	3
2739	4
2740	2
2741	3
2742	5
2743	6
2744	8
2745	2
2746	1
2747	6
2748	1
2749	3
2750	3
2751	2
2752	6
2753	4
2754	4
2755	5
2756	2
2757	5
2758	3
2759	2
19143	1
2760	3
2761	2
2762	2
2763	5
2764	2
2765	1
2766	4
2767	1
2768	5
2769	2
2770	3
2771	3
2772	3
2773	1
2774	2
2775	3
2776	5
2777	2
2778	4
2779	1
2780	5
2781	3
19165	1
2782	6
2783	2
2784	1
2785	5
2786	4
2787	5
2788	5
2789	1
2790	2
2791	1
2792	4
2793	2
2794	5
2795	3
2797	6
2798	3
2799	5
2800	5
2801	3
2802	4
2803	5
2804	7
2805	5
2806	5
2807	7
2808	8
2809	2
19193	1
2810	1
2811	6
2812	5
2813	3
2814	1
2815	3
2816	3
2817	5
2818	3
2819	6
2820	2
2821	8
2822	3
2823	4
2824	4
2825	3
2826	1
2827	5
2828	3
2829	1
2830	7
2831	1
2832	5
2833	3
2834	3
2835	4
2836	4
2837	3
2839	2
2840	3
2841	2
2842	3
2843	3
2845	4
2846	3
2847	2
2848	2
2849	3
2850	6
2851	2
2852	3
2853	4
2854	3
2855	4
2856	1
2857	1
2858	1
2859	4
2860	4
2861	4
2862	1
2863	2
2865	4
2866	5
2867	2
2868	3
2869	1
2870	2
2871	2
2872	3
2873	1
2874	1
19258	1
2875	5
2876	2
2877	4
2878	2
2879	2
2880	2
2881	3
2882	2
2883	3
2884	6
2885	3
2886	2
2887	5
2888	5
2889	3
2890	6
2891	2
2892	4
2893	1
19277	1
2894	1
2895	4
2896	5
2897	5
2898	3
2899	2
2900	3
2901	1
2902	5
2903	2
2904	5
2905	2
2906	2
2907	1
2908	2
2909	1
2910	2
2911	1
2912	4
2913	6
2914	3
2915	2
2916	2
2917	2
2918	2
2919	3
2920	6
2921	1
2922	1
2923	3
2924	7
2925	4
2926	4
2927	5
2928	2
2929	3
2930	2
2931	4
2932	3
2934	4
2935	3
2936	2
2937	1
2938	1
2939	5
2940	3
2941	4
2942	2
2943	1
2944	3
2945	2
2947	3
2948	2
2949	2
2950	3
2951	4
2952	2
2953	2
2954	6
2955	1
2956	4
2958	1
2959	2
2960	3
2961	2
2962	5
2963	1
2964	2
2965	3
2966	3
2967	4
2968	3
2969	3
2970	5
2971	2
2972	3
2973	4
2975	3
2976	2
2977	5
2978	4
2980	3
2981	5
2982	7
2983	6
2984	2
2985	2
2986	2
2987	6
2988	2
2989	3
2990	3
2991	6
2992	3
2993	1
2994	1
2995	4
2996	2
2997	7
2998	2
2999	4
3000	4
3001	1
3002	2
3003	3
3004	5
3005	5
3006	5
3008	3
3010	1
3011	3
3012	1
3013	2
3014	4
3015	2
3017	3
3018	1
3019	1
19403	1
3020	2
3021	2
3022	1
3023	3
3024	3
3025	2
3026	3
3027	3
3028	1
3029	2
3030	1
3031	4
3032	1
3034	1
3035	4
3036	4
3037	5
3038	1
3039	3
3040	6
3041	3
3042	1
3043	4
3044	2
3045	2
3047	2
3048	3
3049	1
3050	4
3051	2
3052	1
3053	2
3054	1
3055	3
3056	3
3057	1
3058	3
3059	3
3060	3
3061	1
3062	2
3063	4
3064	3
3065	6
3066	2
3067	3
3068	1
3069	4
3070	3
3071	3
3072	2
3073	4
3074	3
3075	6
3076	3
3077	2
3078	4
3080	2
3081	3
3082	1
3083	2
3084	1
3085	1
3086	2
3087	1
3088	3
3089	2
3090	4
3091	3
3092	2
3093	3
3094	6
3095	1
3096	4
3097	1
19481	1
3098	2
3099	2
3100	3
3101	3
3102	1
3103	2
3104	2
3105	5
3106	4
3107	4
3108	1
3109	3
3110	4
3111	1
3112	3
3113	4
3115	2
3116	6
3117	1
3118	2
3119	4
3120	1
3121	3
3122	3
3123	2
3124	1
3125	1
3126	1
3127	4
3128	6
3129	4
3130	3
3131	2
3132	6
3133	1
3134	3
3136	3
3137	2
3138	1
3139	4
3141	3
3142	3
3143	6
3144	3
3145	5
3147	3
3148	4
3149	2
3150	6
3151	1
3152	5
3153	1
3154	3
3155	3
3156	2
3157	4
3158	1
3159	2
3161	1
3162	2
3163	2
3164	2
3165	3
3166	2
3167	2
3168	3
3169	4
3170	1
19554	1
3171	2
3172	1
3173	1
3174	4
3175	4
3176	2
3177	1
19561	1
3178	1
3179	5
3180	1
3181	3
3183	1
3184	2
19568	1
3185	2
3186	1
3187	2
3188	1
3189	1
3190	1
3191	1
3192	2
3193	5
3194	2
3196	1
3197	3
3198	4
3199	3
3200	3
3201	2
3202	4
3203	2
19588	1
3205	1
3206	2
3207	3
3208	2
3209	4
3210	2
3211	5
3212	3
3213	5
3214	1
3215	2
3216	1
3217	2
3218	2
3219	2
3220	2
3221	1
3223	1
3224	3
3225	1
3227	3
3228	5
3229	2
3230	2
3231	5
3232	2
3233	4
3234	2
3236	6
3237	1
3238	3
3239	5
3240	2
3241	3
3242	3
3243	3
3244	1
3245	2
3246	1
3248	2
3249	2
3250	1
3251	2
3252	1
3253	5
3254	1
3255	1
19640	1
3256	1
3258	3
3259	3
3260	3
3261	2
3262	1
3263	1
3265	2
3266	6
3268	2
3269	2
3270	3
3271	3
3272	1
3273	1
3274	3
3275	2
3276	2
3277	3
3278	3
3279	2
3280	2
3281	2
19665	1
3282	3
3283	5
3284	2
3285	1
3286	2
3287	4
3288	3
19672	1
3290	3
3291	3
3292	1
3293	2
3294	2
3296	1
3297	4
3298	6
3299	2
19684	1
3300	1
3301	4
3302	1
3303	1
3304	1
3305	3
3306	3
3307	4
3308	2
3309	1
3310	2
3311	2
3312	1
3313	1
3314	3
3315	4
3316	5
3317	2
19702	1
3318	1
3319	3
3320	1
3321	3
19705	1
3322	2
3323	4
3325	4
3326	2
3327	3
3328	3
3329	2
3330	3
3331	1
3332	2
3334	1
3335	2
3336	4
19720	1
3337	1
3338	3
3340	1
3341	2
3342	2
3343	1
3344	1
3345	3
3346	2
3347	5
3348	3
3349	1
3350	2
3351	5
3352	1
3353	5
3354	1
3355	1
3356	2
3357	4
3358	1
3359	2
3360	3
3361	3
3362	1
3363	3
3364	3
3365	2
3367	4
3369	3
3370	3
3371	2
3372	1
3373	3
3374	4
3375	1
3376	4
3377	2
3378	6
3379	1
3380	3
3381	4
3382	2
3384	3
3385	2
3386	4
3387	1
3388	3
3389	1
3390	3
3391	2
3392	1
3393	2
3394	3
3395	1
3397	3
3398	2
3399	4
3400	1
3401	5
3403	1
3405	3
3406	3
3408	5
3410	1
3411	2
3412	2
3413	2
3414	3
3415	2
3416	1
3419	6
3420	3
3421	4
3422	4
3423	1
3424	4
3425	6
3426	6
3427	2
3428	3
3429	1
3430	1
3431	2
3432	4
3433	1
3434	1
3436	3
3437	1
3438	5
3439	4
3440	2
3441	1
3442	3
3443	2
3444	3
3445	1
3446	1
3447	2
19831	1
3449	2
3450	2
3451	1
3452	1
3453	4
3454	1
3455	3
3456	1
3457	2
3458	3
3460	1
3461	2
3462	2
3463	3
3465	1
3466	1
3467	1
3468	3
3469	1
19854	1
3470	1
3471	2
3472	3
3473	4
3474	3
3476	2
3478	1
3479	4
3481	3
3482	3
3483	1
3484	1
3485	1
3487	3
3488	1
3489	1
3490	3
3491	1
3493	5
3494	1
3495	1
3496	2
3497	2
3498	3
3499	1
3500	2
3502	2
3503	1
3505	2
3507	3
3508	2
3511	2
3512	2
3513	3
3514	4
3515	2
3517	2
3518	2
3520	3
19904	1
3521	4
3522	4
3523	1
3524	1
3525	2
3526	4
3527	4
3528	1
3529	2
3530	4
3531	1
3532	1
3533	3
3535	2
3536	1
3537	3
3538	4
3539	3
3540	4
3541	1
3542	2
3543	3
3544	5
3545	3
3546	2
3547	2
3548	1
3549	1
3550	1
3551	3
3552	2
3553	4
3554	3
3555	3
3556	5
3557	1
3558	1
3559	1
3560	1
3561	2
3562	1
3563	4
19947	1
3565	5
3566	4
3567	1
3568	1
3569	5
3571	2
3572	1
3573	2
3574	1
3575	1
3578	1
19963	2
3579	3
3580	2
3581	1
3582	2
3583	2
3584	2
3585	6
3586	1
3587	1
3588	2
3589	1
3590	3
3591	1
3592	3
3595	1
3596	2
3597	4
3598	1
3599	2
3600	3
3601	3
3602	3
3603	3
3604	1
3606	1
3607	1
3608	3
3609	4
3610	1
3611	1
3612	1
3613	1
3614	2
3615	3
3616	3
3617	1
3618	4
3619	2
3621	3
3622	1
3625	2
3627	3
3628	3
3629	1
3630	2
3631	2
3632	1
3633	1
3634	5
3637	2
3639	4
3640	2
3641	2
20026	1
3643	1
20027	1
3645	3
3646	2
3647	1
3648	4
3649	2
3650	1
3651	3
3652	1
3653	2
3654	1
3655	1
3657	1
3658	3
3659	1
3660	1
3662	4
3663	3
3664	3
3665	2
3666	3
3667	3
20052	1
3669	1
3670	3
3672	2
3673	1
3674	2
3675	1
3676	1
20060	1
3677	1
3678	3
3679	2
20063	1
3680	1
3681	2
3682	3
3683	2
3684	3
3685	1
3686	1
3688	1
3689	1
3690	2
3691	1
3692	2
3693	1
3694	4
3695	4
3696	3
3699	4
3700	2
3701	1
3702	1
3703	2
3706	3
3707	2
3709	3
3710	1
3711	2
3712	2
3713	2
3714	3
20099	2
3715	1
3717	2
3719	1
3720	2
3721	2
3722	2
3723	1
3724	1
3725	3
3727	1
3728	3
3730	1
3731	2
3732	2
3733	1
3734	1
3735	2
3736	2
3737	2
3738	3
3739	2
3740	4
3741	2
3742	2
3743	1
3744	3
3745	1
3746	3
3747	3
3749	1
3752	2
3753	3
20140	1
3757	1
3758	1
3759	2
3761	2
3762	1
3763	2
3766	5
3767	1
3768	4
3769	2
3770	2
3772	2
3774	2
3779	1
3780	2
3781	2
3783	1
3784	1
3785	1
3786	1
3789	2
3791	2
3795	2
3798	1
3799	1
3802	1
3803	3
3804	1
3806	1
3807	1
3808	1
3809	3
3811	1
3812	2
3813	2
3814	3
3815	1
3816	1
3818	1
3819	1
3821	4
3822	1
3823	3
3824	1
3825	1
3829	1
3830	1
3832	1
3833	2
3835	2
3837	3
3838	1
3839	1
3840	2
3841	2
3843	1
3844	1
3845	3
3849	2
3851	3
3852	1
3855	1
3856	1
3857	6
3859	1
3860	1
3861	1
3863	2
3864	1
3865	2
3866	3
3867	1
3868	2
3869	4
3870	1
3871	2
3872	3
3873	3
3874	2
3875	1
3876	2
3877	1
3878	2
3879	3
3881	3
3882	1
3883	4
3885	2
3886	2
3889	1
3891	2
3892	1
3893	4
3895	1
3896	1
3897	3
3898	1
3899	1
3901	1
3902	1
20286	1
3903	2
3905	1
3906	5
3907	1
3909	4
3910	1
3912	2
3916	2
20301	1
3919	1
3921	1
3922	1
3924	2
3925	1
3926	1
3927	2
3929	1
3930	1
3931	1
3932	2
3934	1
3935	1
3937	4
3938	4
3939	6
3940	1
3941	1
3942	1
3943	2
3944	4
3946	3
3947	1
3948	1
3949	3
3951	3
3952	1
3953	1
3954	1
20338	1
3955	1
20340	1
3957	1
3958	3
3959	2
3960	3
3961	1
3962	1
3963	1
3964	1
3965	1
3966	3
3967	1
3969	2
3970	1
3971	1
3972	3
3973	1
3974	3
3976	1
3977	1
3978	2
3980	2
3982	3
3983	1
3984	1
3985	1
3986	2
20370	1
3987	1
3988	1
3989	3
3990	2
3993	1
3994	1
3995	6
3996	2
3997	1
3998	1
3999	1
4001	1
4002	1
4003	2
4004	1
4006	3
4009	4
4010	2
20396	1
4012	1
4013	1
4014	1
4015	1
4016	1
4017	1
4018	1
4019	3
4021	2
4022	1
4023	3
4024	3
4027	2
4028	1
4029	2
4030	1
4031	4
4032	3
4033	1
4037	2
4039	2
4041	1
4042	4
4043	3
4045	1
4047	1
4048	1
20433	1
4050	1
4053	1
4054	2
4055	3
20440	1
4056	1
4058	1
4059	4
4060	1
4061	2
4062	2
4063	3
4064	2
4065	2
4066	1
4067	1
4068	1
4069	1
4070	1
4072	2
4074	3
4075	1
4076	1
4077	1
4078	2
4079	1
4080	2
4081	2
4083	1
4084	2
4085	1
4086	1
20473	1
4089	1
4090	2
4091	2
4092	1
4093	2
4095	3
4096	1
4097	1
4098	1
4100	1
4101	2
4102	1
4104	2
4105	1
4106	2
4107	3
4108	2
4110	2
4113	4
4114	1
4115	2
4116	1
4117	4
4119	1
20504	1
4120	1
4121	2
4122	1
4123	2
4124	1
4125	2
4126	1
4128	1
4129	1
4130	1
4132	3
4133	1
4134	1
4136	1
4137	1
4143	1
4144	2
20530	1
4148	4
4149	1
4151	2
4153	1
4156	1
4157	2
4158	1
4160	2
4161	1
4163	4
4165	1
4166	2
4167	3
4168	2
4169	4
4171	1
4172	2
4173	1
4175	2
4178	2
4180	2
4181	1
4182	1
4183	1
4184	1
4185	1
4189	1
4191	1
4192	3
4193	2
4194	1
4195	3
20579	1
4196	2
20580	1
4197	1
4198	1
4199	2
4200	3
4201	3
4202	1
4203	1
4204	3
4205	1
4206	1
4207	1
4208	1
4209	1
4211	2
4212	1
4213	2
4214	1
4215	1
4219	2
4220	3
4223	2
4227	1
4228	3
4230	2
4231	3
4233	2
4234	2
4236	1
4237	2
4239	2
4241	3
4244	5
4246	1
4248	1
4249	1
4250	2
4252	3
4253	3
4254	4
4255	1
4256	2
4257	1
4258	2
4259	2
4260	1
4262	3
4263	1
4264	2
4266	4
4268	1
4269	1
4271	2
4272	2
4273	3
4275	4
4276	2
4277	1
4279	2
4280	1
4281	1
4284	1
4286	2
4287	2
4288	1
4290	1
4291	1
4292	1
4293	1
4295	1
4297	1
4298	1
4299	1
4301	1
4302	1
4306	2
4307	1
4309	1
4310	1
4311	3
20695	1
4312	1
4313	3
4315	1
4316	3
4317	1
4318	1
4319	1
4320	1
4322	2
4324	1
4326	3
4327	1
4328	1
4330	2
4332	1
20716	1
4333	1
4334	2
4335	1
4339	1
4342	2
4343	2
4344	4
4345	1
4346	1
4347	2
4349	1
4351	1
4352	3
4356	1
4361	2
4362	1
20747	1
4364	1
4366	2
4370	1
4371	1
4374	1
4376	2
4377	2
4380	2
4381	1
4383	1
4384	1
20770	1
4386	1
4387	1
4388	4
4391	2
4393	3
4394	2
4396	1
4399	1
4400	1
4401	1
4402	2
4404	1
4406	1
4409	1
4411	1
4412	2
4413	1
4414	1
4416	4
4418	1
4421	3
4422	2
4423	2
4424	1
4425	1
4426	1
4428	1
4431	3
4435	1
4436	1
4437	1
4438	3
4439	1
4444	1
4445	1
4446	1
4451	2
4452	1
4453	1
4454	3
4457	4
4459	2
4460	1
4462	2
4463	1
4466	1
4468	1
4469	1
4470	1
4471	1
4472	1
4473	3
4474	1
4475	1
4476	2
4478	2
4480	1
4481	3
4482	2
4483	1
4484	1
4485	1
4487	1
4489	3
4490	1
4491	1
4492	1
4493	2
4494	2
4495	1
4496	1
4497	1
20882	1
4498	2
4499	1
4500	1
4502	1
4503	1
4505	1
4508	2
4509	1
20896	1
4512	1
4514	1
4515	2
4516	1
4517	1
4518	2
4519	3
4520	1
4521	2
4522	1
4523	1
4525	2
4526	1
4531	2
4534	1
4535	1
4538	1
4539	2
4540	1
4543	1
4544	2
4546	3
4547	1
4548	3
4550	1
4551	1
4552	1
4554	2
4556	1
4557	2
4558	3
4559	2
4560	1
4561	2
4562	1
4563	2
4568	1
4569	2
4571	1
4573	1
4575	2
4576	1
4577	2
4578	1
4581	1
4582	1
4583	1
4584	2
4585	1
4586	2
4588	1
4590	1
4592	2
4596	2
20982	1
4602	3
4603	2
4604	2
4606	1
4607	2
4610	1
4611	1
4613	1
4615	4
4616	1
4617	1
4621	1
4625	1
4629	1
4630	2
4631	1
4632	2
4635	1
4636	3
4639	2
21023	1
4640	3
4641	1
4644	2
4645	1
4646	1
4647	1
4648	2
4649	1
4650	1
21035	1
4652	1
4653	2
4656	3
4658	1
4660	1
4662	1
4663	3
4664	1
4669	3
4670	3
4673	1
4674	1
4677	2
4679	1
4680	2
4682	2
4683	1
4685	2
4686	1
4689	1
4692	2
4696	1
4697	1
4698	1
4699	1
4703	1
4704	3
4705	1
4708	1
4711	1
4712	1
4713	1
4714	2
4715	1
4716	2
4718	1
4719	2
4721	1
4723	1
4724	1
4725	2
4726	1
4731	1
4732	2
4733	2
4734	2
4735	2
4738	2
4739	2
4740	1
4742	1
4743	1
4744	2
4745	1
4747	1
4748	2
4749	2
4752	3
4757	1
4759	2
4761	1
4762	2
4763	2
4765	2
4771	3
4773	2
4774	1
4780	2
4781	1
4784	1
4788	1
4789	1
4791	1
4793	1
4794	1
4798	1
4799	2
4801	2
4803	2
4805	1
4807	3
21193	1
4810	1
4811	2
4814	1
4816	2
21201	1
4817	1
4819	1
4821	2
4822	1
4825	2
4828	1
4830	1
4831	1
4834	2
4835	1
4836	1
4837	1
4839	1
4843	1
4844	1
4845	1
4848	1
4850	2
4853	2
4854	1
21239	1
4855	2
4856	2
4858	2
4864	1
4872	1
4874	2
4876	2
4882	1
4884	2
4885	3
4886	1
4889	2
4894	1
4895	2
4897	1
4900	2
4902	1
21286	1
4903	2
4905	2
4908	2
4911	1
4912	3
4913	1
4914	1
4915	1
4917	1
4918	1
4919	2
4920	3
4923	2
4924	2
4925	1
4926	1
4930	2
4931	1
4932	1
4933	1
4935	1
4938	3
4939	1
4941	1
4943	1
4944	1
4945	2
4946	1
4947	2
4950	2
4962	1
4963	1
4965	2
4967	1
4969	1
4970	1
4971	3
4972	1
4974	1
4976	1
4979	2
4981	1
4982	2
4983	1
4986	1
4988	1
4992	1
4994	1
4996	1
4997	3
4999	1
5000	1
5001	2
5003	1
5005	1
5006	1
5007	2
5010	2
5011	1
5012	2
5013	1
5014	1
5016	1
5017	1
5020	2
5021	2
5022	1
5024	1
5025	2
5028	1
5034	1
5035	1
5039	1
5041	1
5043	2
5044	2
5048	1
5050	2
5051	1
5052	1
5055	1
5056	1
5059	2
21444	1
5060	2
5061	1
5062	1
5064	1
21452	1
5072	2
5077	2
5084	1
5085	1
5088	1
5090	1
5091	1
5092	2
5103	3
5105	1
21489	1
5106	1
5108	1
21492	1
5110	1
5111	2
5112	1
5113	1
5118	3
5120	1
5126	1
5127	1
5128	2
5129	2
5130	2
5131	1
5134	2
5135	3
5140	1
5144	2
5146	2
5149	1
21534	1
5153	3
5155	2
5158	2
5160	3
5161	2
5163	2
5170	1
5171	1
5172	1
5174	1
5176	1
5178	1
21562	1
5179	2
5181	1
5183	3
5185	1
21570	1
5186	1
5188	1
5189	1
5192	1
5195	1
5196	1
5199	2
5202	1
5203	1
5206	1
5208	1
5209	2
5211	1
5212	1
5213	2
5214	1
5218	1
5219	1
5220	1
5222	1
5223	2
5224	1
5226	1
5229	2
5233	1
5234	1
5235	2
5239	2
5241	1
5246	1
5251	2
5252	2
5253	1
5254	2
5255	1
5256	1
5257	1
21643	1
5259	2
5261	1
5265	1
5267	1
5271	1
5272	1
5274	1
5278	2
5282	1
5289	1
5291	1
5292	1
5297	2
5299	1
5301	1
5303	1
5304	2
5308	2
5310	1
5311	1
5313	1
5316	1
5317	1
5318	1
5319	1
5320	1
5321	1
5323	2
5325	1
5333	1
5340	1
5341	1
5345	1
5346	2
5350	1
5351	1
5354	1
5355	1
5356	1
5357	1
5358	3
5360	1
5361	1
5362	1
5365	1
5366	1
5367	1
5368	3
5369	1
5370	1
5371	1
5375	1
5379	1
5380	1
5382	1
5384	1
5385	1
5386	1
5387	1
5392	1
21779	1
5398	1
5402	1
5405	1
5406	1
5407	2
5408	1
5411	1
5413	1
5414	1
5415	1
5416	1
5420	1
5422	1
5423	1
5427	1
5428	1
21814	1
5430	1
5432	1
5434	1
5440	1
5442	1
5443	1
5444	2
5445	1
5449	2
5450	1
5451	1
5453	1
5454	1
5456	1
5459	1
5460	1
5461	1
5463	1
5465	2
5469	1
5470	1
5471	1
5472	1
5473	1
5479	2
5480	1
5481	2
5482	1
5483	1
5485	3
5491	1
5492	1
5496	1
21882	1
5500	1
5501	1
5502	1
5505	1
21890	1
5508	1
5510	2
5518	1
5519	1
5520	2
5522	1
5524	2
5525	1
5528	1
5531	1
5537	1
5541	1
5542	1
5543	1
21928	1
5549	1
5554	1
5555	1
5558	2
5561	3
5562	2
5564	2
5567	1
5569	1
5575	2
5576	2
5577	1
5578	1
5582	2
5584	1
21971	1
5587	1
5594	1
5596	1
5600	1
5604	1
5610	1
5611	1
5614	2
5615	1
5616	3
22002	1
5620	1
5621	1
5629	1
5630	1
5632	1
5648	1
5650	2
5652	1
5657	1
5659	2
5660	1
5661	1
5664	1
5665	1
22050	1
5669	2
5670	1
5672	1
5677	1
5679	1
5680	1
5681	3
5685	1
5691	1
5693	1
5698	1
5701	2
5702	1
5706	1
5708	1
5714	1
5719	1
5722	1
5735	1
5736	1
5737	1
5742	2
5745	2
5749	2
5751	1
5752	2
5753	1
5756	2
5757	1
5760	1
5761	1
5762	1
5765	1
5766	1
5769	2
5771	1
5776	2
5777	1
5778	1
5784	1
5786	2
5788	1
5789	1
5792	1
5793	3
5794	1
5798	1
5802	1
5804	2
5805	1
5806	1
5809	1
5811	2
5812	1
5820	1
5824	1
5827	2
5828	1
5831	1
5832	1
5833	1
5840	1
5843	1
5845	1
5846	1
5848	1
5849	1
5850	1
5851	1
5853	1
5855	1
5856	2
5859	2
5860	1
5863	1
5866	1
5868	1
5869	2
5870	2
5872	1
5873	1
5875	1
5878	1
5879	1
5880	1
5881	1
5882	1
5883	1
5897	1
5898	1
5901	1
5904	1
5906	3
5907	1
22292	1
5912	1
5913	1
5916	1
5917	1
5919	1
5921	1
5922	1
5923	1
5926	2
5929	1
5930	1
5935	3
5938	2
5943	1
5944	1
5947	1
5948	1
5949	1
5956	2
5957	1
5960	1
5961	1
5965	1
5966	2
5976	2
5979	1
5982	1
5984	1
5987	1
5989	1
5990	1
5991	1
5996	1
5997	1
6002	1
6003	2
6004	2
6007	1
6013	1
6015	1
6017	1
6025	1
6026	1
6028	1
6029	2
22413	1
6030	1
22419	1
6038	1
6044	1
6050	1
6052	1
6054	1
6055	1
6059	2
6060	1
6064	1
6068	1
6069	1
6072	1
22459	1
6075	1
6077	2
6078	1
6082	2
6084	2
6094	1
6101	1
6103	1
6106	2
6107	3
6109	1
6111	1
6114	1
6115	2
6118	1
6120	2
6122	2
6129	1
22515	1
6131	1
6135	1
6136	1
6138	1
6144	1
6148	3
6150	1
6155	1
22542	2
6161	1
6164	1
6165	2
6167	1
6168	1
6172	2
6175	1
6178	1
6181	1
6191	1
6195	1
6197	1
6203	1
6209	1
6216	2
6217	1
6219	3
6220	1
6221	1
6222	1
6225	1
6228	1
6229	1
6233	1
6234	1
6240	1
6243	3
6245	1
6247	2
6248	1
6268	1
6273	1
6274	1
6275	1
6281	1
6282	1
6284	1
6285	1
6287	1
6288	1
6290	1
6291	1
6299	2
6301	1
6302	1
6303	1
6306	1
6313	1
6314	1
6316	1
6323	2
6324	1
6326	1
6334	1
6335	1
6339	1
6342	3
6344	2
6345	1
6346	1
6347	1
6352	2
6356	1
6357	1
6363	1
6364	2
6371	1
22757	1
6375	1
6376	2
6379	1
6382	1
6384	1
6386	1
6387	1
6389	1
6390	1
6393	1
6394	1
6396	1
6399	1
6408	1
6410	1
6411	1
6413	1
6417	1
6418	1
6419	1
6427	1
6428	1
6434	1
6435	2
6437	1
6439	1
6440	1
6442	1
6443	1
6445	1
22829	1
6448	1
22832	1
6449	1
6456	1
6461	2
6470	1
6471	1
6472	1
6476	1
6479	1
6489	2
6490	1
6492	1
6494	1
6497	1
6500	1
6504	1
6505	2
6508	1
6516	1
6520	1
6523	1
6524	1
6526	2
6529	1
6533	1
6535	1
6541	1
6543	1
22928	1
22931	1
6551	1
6552	1
6554	1
6557	1
6559	2
6560	1
6562	2
6566	1
6567	1
6568	2
6570	1
6576	1
22961	1
6579	1
6580	1
6584	2
6586	1
22971	1
6588	1
6591	1
6592	1
6597	1
6598	1
6602	1
6604	1
6611	1
6618	1
6623	1
6624	1
6629	1
23019	1
6640	1
6642	1
6643	2
6645	1
6646	1
23048	1
6667	1
6668	1
6671	1
6672	1
6676	1
6678	1
6680	3
6683	1
6686	1
6687	1
6690	1
6695	1
6696	2
6698	1
6699	1
6706	1
6711	2
6715	1
6716	1
6717	1
6719	1
6723	2
6725	1
6727	1
6728	1
6729	1
6731	1
6732	1
6739	1
6740	1
6741	1
6743	1
6752	1
6756	1
6759	2
6760	1
6763	1
6765	2
6767	1
6772	2
6773	1
6775	2
6776	2
6778	1
6785	1
6789	1
6797	1
6799	1
6803	1
6804	1
6806	1
6807	1
6809	1
6811	1
6817	1
6823	1
6826	1
6830	1
6836	1
6842	1
6845	1
6846	1
6847	1
6848	1
6849	1
6851	1
23237	1
6856	1
6872	1
6875	1
6877	1
6887	1
6889	1
6891	1
23279	1
6897	1
6899	3
6901	1
6902	2
6903	2
6907	1
6908	1
6909	1
6912	1
6914	1
6921	1
6930	1
6936	1
6937	1
23324	1
6940	1
6942	1
6944	1
6945	1
6949	1
6954	1
6955	1
6958	2
6959	1
6960	2
6964	1
6969	2
6972	1
6975	1
23360	1
6978	1
6980	2
6986	1
6990	1
6993	1
6995	1
7002	1
7005	2
7008	1
7011	1
7017	1
7019	1
7025	1
7027	1
7032	1
7038	1
7040	1
7046	1
7050	1
7059	1
7062	2
7069	1
7070	1
7073	1
7081	1
7082	1
23467	1
7086	1
7087	1
7090	1
7094	1
7104	2
7105	1
7106	1
7108	1
7109	1
23494	1
7113	1
7117	1
7119	1
7121	2
7126	1
7133	1
7142	1
7151	2
7154	1
7156	3
7158	1
7159	1
7160	2
7161	2
7162	1
7163	1
7165	1
7167	2
7173	1
7176	1
7177	2
7180	1
7182	1
23568	1
7186	1
7187	1
7189	1
7191	1
7192	1
7194	2
7196	1
7198	1
7199	1
7200	1
7202	1
7204	1
7207	1
23592	1
7208	1
7216	1
7218	1
7219	1
7220	1
7222	1
7224	1
7228	1
7229	2
7233	1
7235	1
7237	1
7238	1
7244	1
7250	1
7257	1
7259	1
7264	1
7265	1
7270	1
7272	1
7273	1
23658	1
7284	1
7285	1
7286	1
7287	1
23674	1
7292	1
7297	1
7300	1
7306	2
7309	1
7310	1
7311	1
7312	1
7317	2
7320	1
7323	1
7325	1
7334	1
7335	2
7336	1
23721	1
7340	1
7343	1
7347	1
7352	2
7357	2
7359	1
7360	1
7362	2
7370	2
7373	2
7374	1
7378	1
7379	1
7390	1
7391	1
7392	1
23787	1
7410	1
7411	1
7412	2
7416	1
7417	1
7418	1
7419	1
7429	1
7440	1
7443	1
7445	1
23833	1
7450	1
7457	1
7459	1
7462	1
7465	1
7471	1
7472	1
7473	1
7477	1
7482	1
7499	1
7501	1
7503	2
7504	1
7505	1
7507	1
7511	2
7512	1
7520	1
7526	1
7527	1
7528	1
7531	1
7532	1
7533	1
23918	1
7536	1
7543	1
7544	1
7545	2
7549	1
7554	1
7559	1
7561	1
7562	1
7567	1
7569	1
7570	2
7577	1
7581	1
7582	2
7584	1
7588	1
7590	2
7592	2
7596	3
7597	1
7602	1
7609	1
7617	1
7618	1
7621	1
7623	2
24019	1
7636	1
7644	2
7645	1
7648	1
7649	1
7651	1
7652	1
7655	1
24042	1
7664	1
7669	1
7670	1
7680	1
7683	1
7687	1
7688	1
7691	2
7693	1
24079	1
7696	1
7702	1
7704	1
7708	1
7711	3
7719	1
24103	1
7720	1
7721	1
7726	1
7731	1
7734	1
24118	1
7736	2
7742	1
7748	1
7749	1
7751	1
7754	1
7756	1
7759	2
7766	1
7773	1
7775	1
7776	1
7777	1
7778	1
7779	1
7781	1
7782	1
7783	1
7785	2
7786	1
7787	1
7788	1
7793	1
7796	2
7798	1
24184	1
7803	1
7806	1
7807	1
7810	1
7814	3
7825	2
24209	1
7839	1
7844	1
7851	1
7854	1
7855	2
7856	1
24241	1
7858	2
7864	1
24252	1
24253	1
7870	1
7873	1
7877	1
7879	1
7880	2
7888	1
7893	1
7904	1
7909	1
7910	1
7913	1
7916	1
7917	1
7931	1
7936	1
7937	1
7938	1
7939	3
7941	2
7945	1
7946	1
7949	1
24336	1
7953	1
7957	3
7960	1
7962	1
7965	1
7966	1
7968	1
7970	1
7973	1
7982	1
7983	2
7985	1
7989	1
7995	1
7996	1
7999	2
8008	1
8013	1
8016	1
8022	1
8023	2
8024	1
8029	1
8032	1
8035	2
8040	1
8041	1
8045	1
24432	1
8056	1
8057	2
8062	1
8063	1
8069	1
8071	1
8073	2
8074	1
8078	2
8079	1
8081	1
8084	1
8086	2
8087	1
8088	1
8094	2
8095	1
8102	1
24487	1
8105	1
8108	1
8110	1
8111	1
8115	1
8116	1
8118	1
8131	1
8136	1
8140	1
8142	2
8144	1
8147	1
8148	1
8156	1
8162	2
8166	1
8172	1
8174	1
8176	2
8183	1
8186	1
8190	1
8192	1
8193	1
8196	1
8198	1
8201	1
8203	1
8204	1
24589	1
8213	1
8215	1
8219	2
8224	1
8226	1
8227	1
8231	1
8232	1
8234	2
8235	1
8240	1
8246	1
8247	1
8248	1
8255	1
8257	1
8265	1
8268	1
8272	1
8273	1
8275	1
8276	1
8279	1
8282	2
8284	1
8290	1
8292	1
8293	1
8296	2
8300	1
8303	1
8304	1
8309	1
8315	1
8319	1
8321	1
8323	1
8326	1
8330	1
8336	1
8338	1
8339	1
8346	1
8350	1
8351	1
8355	1
8361	1
8364	1
8365	1
8368	1
8376	1
8377	1
8384	1
8386	1
8394	1
8409	1
8412	1
8421	1
8430	2
8434	1
8439	1
8441	1
8444	1
8449	1
8450	1
8454	1
8457	1
8460	2
24846	1
8468	1
8470	2
8474	1
8475	1
8479	1
8483	1
8494	1
8495	1
8498	1
8500	1
8506	1
8507	1
8510	1
24901	1
8521	1
8524	1
8529	1
8531	1
8535	1
8539	1
8540	1
8545	1
8547	1
8549	1
8559	1
8562	1
8570	1
8575	1
8578	1
8584	1
8589	1
24975	1
8592	1
8594	1
8598	1
24982	1
8603	1
8604	1
8606	1
8609	1
8611	1
8612	1
8623	1
8628	1
8633	1
8637	1
8640	1
8641	1
8642	1
8643	1
8644	1
8645	3
8654	2
8655	1
8657	1
8658	1
25043	1
8661	1
8664	1
8666	1
8668	1
8674	1
8684	1
8687	1
8697	1
8699	1
8703	1
8705	2
8706	1
8707	1
8708	1
8710	1
8711	1
8714	1
8719	1
8722	1
8729	1
8733	1
8736	1
8742	1
8745	1
8748	1
8750	1
8756	1
8768	2
8770	1
8773	1
8778	2
8780	1
8781	2
8782	2
25167	1
8788	1
8791	1
8804	1
8811	1
8817	1
8820	1
8835	1
8836	1
8839	1
8849	1
8853	2
8854	1
8855	1
8856	1
8858	1
8862	1
8867	1
8869	2
8870	1
8871	1
8875	1
8884	3
8889	2
8890	1
8895	1
8897	1
8898	1
8902	1
8904	1
8905	1
8906	1
8909	1
8911	1
8913	1
8918	1
8923	1
8928	1
8931	1
8939	1
8942	1
8943	1
8945	1
8956	1
8957	1
8958	1
8962	2
8965	2
8972	1
8973	1
8982	1
8983	1
8995	1
8997	1
9003	1
9009	1
9010	1
9012	1
9014	2
9020	1
9026	1
9036	1
9039	1
9060	1
9065	1
9069	1
9072	1
9074	1
9079	1
9081	1
9083	1
9086	1
9087	1
9088	1
9090	1
9101	1
9109	1
9114	2
9119	1
9123	1
9125	1
9135	2
9137	1
9147	1
9150	2
9159	1
9163	2
9164	1
9168	1
9171	4
9176	1
9182	1
9183	1
9184	1
9187	1
9193	1
9196	3
9197	1
9203	1
9206	1
9215	1
9216	1
9217	1
9219	1
9221	1
9222	1
9234	1
9246	1
9252	1
9262	1
9263	2
9264	1
9273	1
9275	2
9280	1
9283	1
9284	1
9285	1
9286	1
9287	1
9289	1
9302	1
9308	1
9317	1
9318	1
9322	1
9330	1
25717	1
9334	1
9335	1
9345	1
9350	1
9352	2
9358	1
9360	1
9363	1
9382	1
9383	1
9386	1
9387	1
9399	1
9400	1
9412	1
9413	2
9415	1
9422	1
9424	2
9429	1
9439	1
9440	1
9446	1
9449	1
9459	1
9461	1
9463	2
9466	1
9481	1
9483	1
9492	1
9494	1
9498	1
9500	1
9501	1
9502	1
9509	1
9516	1
9517	1
9521	1
9525	1
9526	2
9529	1
9539	1
9542	1
9545	1
9547	1
9549	2
9556	1
9557	1
9560	1
9565	1
9577	1
9582	1
9583	2
9586	1
9590	1
9595	1
9607	1
9610	1
9615	1
9618	1
9624	1
9628	1
9632	2
9646	1
9667	1
9668	1
9669	1
9671	1
9678	1
9680	1
9682	1
9690	1
9697	1
9698	1
9708	1
9721	1
9725	1
9734	1
9742	1
9748	1
9751	1
9753	1
9759	1
9760	1
9769	1
9770	1
9771	1
9772	1
9781	1
9784	1
9793	1
9794	1
9801	1
9813	1
9814	1
9821	1
9829	1
9833	1
9834	1
9843	1
9846	1
9850	1
9856	2
9859	1
9867	1
9868	2
9869	1
9870	1
9878	1
9888	1
9910	1
9913	2
9921	1
9933	2
9938	1
9941	1
9948	1
9949	1
9957	1
9962	1
9963	2
9968	1
9969	1
9972	1
9978	1
9979	1
9983	1
9986	1
9989	1
10011	2
10019	1
10020	1
10022	1
10025	1
10037	1
10045	1
10047	1
10059	2
10063	1
10066	1
10070	1
10076	1
10079	1
10081	2
10085	1
10087	1
10088	1
10090	3
10092	1
10096	1
10098	1
10104	1
10106	1
10110	1
10111	1
10113	1
10114	1
10115	1
10123	1
10126	1
10143	1
10144	1
10153	1
10155	1
10158	1
10159	1
10162	1
10177	1
10178	1
10179	2
10183	1
10188	1
10190	1
10193	1
10194	1
10195	1
10197	1
10198	1
10199	1
10200	1
10202	1
10203	1
10204	1
10206	1
10208	1
10210	2
10212	1
10221	1
10223	1
10227	1
10232	1
10237	1
10243	1
10253	1
10257	1
10259	1
10262	1
10270	1
10275	1
10276	2
10282	1
10284	1
10286	1
10299	1
10304	1
10311	1
10316	1
10317	1
10318	1
10332	1
10335	1
10339	1
10340	1
10349	1
10350	1
10351	1
10355	2
10368	1
10377	1
10386	1
10396	1
10401	2
10405	1
10413	1
10417	1
10418	1
10419	2
10424	1
10428	1
10430	1
10454	2
10455	1
10461	1
10466	1
10469	2
10471	1
10478	1
10480	1
10485	1
10487	1
10489	1
10490	1
10530	1
10540	1
10541	1
10548	1
10549	1
10550	2
10552	1
10556	1
10557	1
10558	1
10566	1
10567	1
10570	1
10575	1
10577	1
10579	1
10581	1
10585	1
10590	1
10591	1
10592	2
10593	1
10596	2
10599	2
10601	1
10602	1
10613	1
10627	1
10636	1
10651	1
10653	1
10663	1
10671	1
10677	1
10680	1
10687	2
10692	1
10694	1
10695	1
10702	1
10719	1
10724	1
10726	1
10730	1
10736	1
10742	2
10752	1
10755	1
10758	1
10765	1
10780	1
10791	1
10792	1
10797	2
10798	1
10800	1
10817	1
10818	1
10825	1
10833	1
10835	1
10836	1
10837	1
10851	1
10860	1
10863	4
10874	1
10891	2
10896	1
10898	1
10901	1
10916	1
10919	1
10921	1
10928	1
10929	1
10931	1
10954	1
10956	1
10961	1
10962	1
10964	2
10974	1
10979	1
10989	1
10990	1
10993	1
10994	1
10996	2
11011	1
11034	1
11036	1
11040	1
11041	1
11051	1
11058	1
11059	1
11073	1
11087	1
11088	1
11098	1
11104	1
11105	1
11114	1
11116	1
11119	1
11123	1
11133	1
11134	2
11135	1
11146	1
11151	1
11153	1
11172	1
11175	2
11177	1
11188	1
11191	1
11193	1
11211	1
11214	2
11219	1
11226	1
11228	1
11229	1
11238	2
11246	1
11248	1
11250	2
11252	1
11254	2
11267	1
11272	1
11287	2
11293	1
11296	1
11302	3
11308	1
11314	1
11320	1
11321	1
11324	1
11327	1
11328	1
11332	2
11333	1
11335	1
11336	1
11344	1
11349	1
11352	1
11353	1
11355	1
11367	1
11370	1
11374	1
11378	3
11379	1
11381	1
11382	1
11389	1
11393	1
11394	1
11395	1
11407	1
11418	1
11420	1
11421	2
11428	1
11430	1
11432	1
11437	1
11440	1
11444	1
11453	2
11461	1
11464	1
11469	1
11472	2
11486	1
11487	1
11489	1
11491	1
11492	1
11501	1
11502	2
11508	2
11512	1
11514	1
11516	1
11521	1
11532	1
11533	1
11536	1
11539	1
11541	1
11542	1
11550	1
11556	1
11564	1
11565	2
11577	1
11582	1
11586	1
11588	1
11593	1
11600	1
11617	1
11621	1
11623	1
11633	1
11635	1
11639	1
11658	1
11660	1
11668	1
11675	1
11679	1
11689	1
11691	1
11699	1
11700	1
11703	1
11704	1
11706	2
11719	1
11723	1
11725	1
11729	1
11733	1
11745	1
11749	1
11750	1
11753	1
11756	1
11759	1
11770	1
11776	2
11807	1
11809	1
11812	1
11817	1
11818	1
11833	1
11836	1
11837	1
11839	1
11844	1
11856	1
11861	1
11863	1
11865	1
11866	1
11868	1
11872	1
11874	1
11875	1
11879	1
11909	1
11913	2
11929	1
11930	1
11939	1
11946	1
11957	1
11964	1
11967	1
11972	2
11976	1
11977	1
11983	1
11984	1
11992	1
12001	1
12006	2
12014	1
12019	1
12020	1
12029	1
12034	1
12037	1
12042	1
12054	1
12055	1
12056	1
12057	1
12062	1
12069	1
12075	1
12082	1
12084	1
12087	1
12093	1
12110	1
12130	1
12133	1
12135	2
12141	1
12146	1
12157	1
12161	1
12166	1
12168	2
12169	1
12176	1
12180	1
12187	2
12218	1
12228	1
12233	1
12235	2
12240	1
12255	2
12256	1
12266	1
12267	1
12275	1
12281	1
12292	1
12298	1
12308	1
12320	2
12323	1
12325	1
12327	1
12328	1
12331	1
12339	1
12341	1
12357	1
12370	1
12373	1
12376	1
12381	1
12390	1
12396	1
12421	1
12425	1
12432	1
12449	1
12455	1
12457	1
12459	1
12469	2
12473	1
12477	1
12481	1
12489	1
12490	1
12491	1
12497	1
12500	1
12506	1
12514	1
12517	1
12528	1
12533	1
12536	1
12540	1
12542	1
12544	1
12547	1
12551	1
12554	1
12562	1
12573	1
12576	1
12583	1
12591	1
12601	1
12604	1
12612	1
12621	1
12633	1
12634	1
12637	1
12638	1
12653	1
12654	1
12655	1
12658	1
12668	1
12677	1
12678	1
12683	1
12695	1
12703	1
12711	1
12713	1
12716	1
12728	2
12731	1
12732	1
12733	1
12744	1
12756	1
12763	1
12767	1
12774	2
12776	1
12778	1
12781	2
12782	1
12784	1
12788	1
12793	1
12797	1
12800	2
12801	1
12802	1
12803	1
12806	1
12832	1
12839	1
12847	1
12853	1
12854	1
12855	1
12862	1
12865	1
12870	2
12875	1
12892	1
12909	1
12916	1
12948	1
12951	1
12952	1
12953	1
12954	1
12955	1
12970	1
12972	1
12980	1
12981	1
12982	2
12986	1
12998	1
13001	1
13003	1
13007	1
13008	2
13017	1
13035	1
13047	1
13049	1
13050	1
13052	2
13054	1
13058	1
13069	1
13070	1
13073	1
13075	1
13077	1
13080	1
13085	1
13090	1
13092	1
13115	1
13116	1
13120	1
13130	1
13136	1
13146	1
13147	1
13151	1
13155	1
13166	1
13169	1
13179	1
13181	1
13183	1
13193	1
13195	1
13218	3
13222	1
13231	1
13232	1
13233	1
13234	1
13237	1
13255	1
13263	1
13286	2
13288	1
13304	1
13306	1
13351	1
13359	1
13367	1
13368	1
13371	1
13374	1
13378	1
13383	1
13391	1
13399	1
13404	1
13406	1
13413	1
13417	1
13420	1
13426	1
13431	1
13437	1
13438	1
13439	1
13461	2
13462	1
13465	1
13469	1
13473	1
13490	1
13500	1
13506	1
13507	1
13514	1
13521	1
13543	1
13546	1
13555	1
13556	1
13572	1
13579	1
13585	1
13586	1
13611	1
13615	1
13624	1
13630	1
13652	1
13682	1
13718	1
13737	1
13745	1
13762	1
13773	1
13774	1
13782	1
13808	1
13818	1
13821	1
13826	1
13850	1
13859	1
13882	1
13885	1
13900	1
13902	1
13910	1
13912	1
13913	1
13923	1
13933	2
13959	1
13961	1
13990	1
13991	1
13997	1
14014	1
14027	1
14032	1
14034	1
14049	1
14055	1
14066	1
14070	1
14075	1
14082	1
14084	1
14096	1
14099	1
14123	1
14127	1
14152	1
14181	1
14185	1
14188	1
14194	1
14211	1
14233	1
14236	1
14242	1
14252	1
14254	1
14261	1
14274	1
14279	1
14285	2
14287	1
14335	1
14352	1
14361	1
14373	1
14407	1
14408	1
14418	1
14436	2
14437	1
14486	1
14488	1
14490	1
14504	1
14537	1
14544	1
14562	1
14564	1
14568	1
14581	1
14585	1
14586	1
14612	1
14614	1
14635	1
14643	1
14687	1
14696	1
14714	1
14729	1
14733	1
14738	2
14741	1
14756	1
14758	1
14771	1
14772	1
14773	1
14809	1
14810	1
14818	1
14822	1
14826	1
14829	1
14832	1
14841	1
14861	1
14863	1
14866	1
14874	1
14883	1
14890	1
14904	1
14911	1
14936	1
14970	1
14971	1
14980	1
14985	1
14990	1
15011	1
15021	1
15026	1
15028	1
15038	1
15040	1
15061	1
15069	1
15093	1
15108	1
15109	1
15110	1
15143	1
15146	1
15147	1
15154	1
15159	1
15163	1
15201	1
15207	1
15238	1
15239	1
15241	1
15320	1
15338	1
15341	1
15350	1
15357	1
15371	1
15383	1
15386	1
15389	1
15390	1
15392	1
15394	1
15424	1
15442	1
15462	1
15470	1
15500	1
15503	1
15509	1
15532	1
15553	1
15609	1
15612	1
15614	1
15620	1
15649	1
15652	1
15657	1
15660	1
15661	1
15677	2
15728	1
15732	1
15779	1
15819	1
15822	1
15851	1
15864	1
15865	1
15885	1
15891	1
15892	1
15908	1
15932	1
15947	1
15966	1
16024	1
16040	1
16057	1
16079	1
16107	1
16116	1
16123	1
16144	1
16167	1
16203	1
16212	1
16218	1
16222	1
16239	1
16248	2
16285	1
16291	1
16301	1
16326	1
16333	1
16336	1
16345	1
16376	1
16377	1
