1	9
2	10
3	5
4	2
6	8
7	4
8	5
9	1
10	7
16394	1
11	6
16396	1
12	5
13	6
14	11
15	11
16	7
17	10
18	4
19	11
20	8
21	13
22	6
23	4
24	12
25	10
26	6
16410	1
27	8
28	10
29	6
30	5
31	10
32	4
33	4
34	8
35	9
36	6
37	8
38	5
39	5
40	11
41	7
42	10
43	6
44	5
45	5
46	6
47	2
48	8
16432	1
49	4
50	10
51	8
52	8
53	5
54	7
55	6
16440	2
56	5
58	6
59	1
60	4
61	4
62	5
63	3
64	6
65	5
66	3
67	5
16452	1
68	4
16453	1
69	7
70	5
71	7
72	8
73	6
74	3
75	5
76	7
77	5
16461	1
78	4
79	5
80	6
81	6
82	4
83	7
84	8
85	5
86	4
87	5
88	3
16472	1
89	3
90	11
91	8
92	3
93	7
94	7
95	10
96	6
97	6
98	6
99	3
100	6
101	6
102	5
103	3
104	4
105	3
106	7
107	7
108	6
109	9
110	2
111	9
112	4
16497	1
113	4
114	6
115	7
116	11
16500	1
117	5
118	2
119	11
120	1
121	8
122	6
123	7
124	3
125	7
126	6
127	7
128	6
129	10
130	7
131	6
132	3
133	6
134	7
135	7
137	6
138	12
139	6
140	2
141	8
142	4
143	4
144	8
145	5
146	5
147	7
148	7
149	7
150	6
151	6
152	8
16536	1
153	2
154	9
155	5
156	6
157	8
158	5
159	9
160	10
161	5
162	10
163	6
164	6
165	13
166	4
16550	1
167	7
168	7
169	6
170	5
171	9
16556	1
172	4
173	4
16557	1
174	5
175	3
16559	1
176	8
177	10
16561	1
178	7
179	4
180	6
181	10
182	6
183	5
184	4
185	5
186	13
187	3
188	3
189	4
190	7
16574	1
191	8
192	6
193	4
194	8
195	9
196	4
197	7
198	12
199	10
200	9
201	5
202	7
203	5
204	6
205	10
206	13
207	8
208	7
16592	1
209	3
210	4
211	6
212	6
213	6
16597	1
214	11
16598	1
215	7
216	6
217	9
218	7
219	8
220	7
16605	1
221	1
222	5
223	7
16607	1
224	8
225	4
226	5
227	10
228	6
229	11
230	7
231	8
232	10
233	8
234	3
235	4
236	7
237	5
238	9
239	6
240	6
16624	1
241	12
242	6
243	5
244	11
245	6
246	8
247	11
248	10
249	1
250	8
251	11
252	6
253	6
254	2
255	7
256	7
257	4
258	5
259	6
260	5
261	4
262	10
263	8
264	7
265	11
266	4
267	4
16651	1
268	7
269	5
270	9
271	9
272	11
273	7
274	6
275	6
276	9
277	5
278	9
16662	1
279	10
280	7
281	8
282	7
283	6
284	6
285	9
286	9
287	6
288	3
289	3
290	5
291	7
292	8
293	7
294	10
295	7
16679	1
296	6
297	8
298	9
299	3
300	8
301	9
302	2
303	13
304	6
305	11
306	7
307	4
308	9
309	1
310	8
16694	1
311	11
312	10
313	8
314	8
315	9
316	8
317	3
318	4
319	5
320	7
321	4
322	5
323	10
324	5
325	6
326	4
327	5
16711	1
328	7
329	8
330	7
331	8
332	5
333	10
334	7
335	9
336	1
337	4
338	9
339	12
340	9
341	5
342	6
343	8
344	8
345	7
346	11
347	14
348	5
349	5
350	7
351	5
352	10
353	5
354	6
355	8
356	7
357	6
16742	1
358	5
359	8
360	5
361	5
362	1
363	7
364	3
365	8
366	4
367	9
368	11
369	12
370	4
371	9
372	3
373	7
374	9
375	6
376	9
377	3
378	7
379	9
380	6
381	9
382	7
383	2
384	7
385	8
386	12
387	5
388	8
16772	1
389	6
390	7
391	6
392	5
16776	2
393	8
16777	1
394	3
395	15
396	8
397	7
398	12
399	5
400	4
401	7
402	2
403	9
404	8
405	1
406	7
407	8
408	8
409	9
410	10
411	11
412	5
413	8
414	7
415	4
416	6
417	4
418	9
419	8
420	10
421	4
422	7
423	5
424	7
425	6
426	9
427	10
428	13
429	7
430	7
431	10
432	6
433	7
434	6
435	7
436	7
437	4
438	6
439	4
440	9
441	8
442	1
443	4
444	6
445	7
446	8
447	4
448	5
449	6
450	8
451	3
452	2
453	2
16837	1
454	8
455	8
456	10
457	4
458	7
16842	1
459	8
16844	1
460	4
461	10
16845	1
462	6
463	3
464	6
465	8
466	12
467	6
468	4
16852	1
469	9
470	6
16854	1
471	13
472	3
473	7
474	6
475	6
476	5
477	4
478	4
479	7
480	8
481	4
482	3
483	6
484	3
485	8
486	8
487	3
488	9
489	5
490	11
491	7
492	8
493	11
494	10
495	8
496	5
497	4
498	9
499	8
500	8
501	9
502	3
503	4
16887	1
504	5
505	8
506	8
507	7
16891	1
508	7
16892	1
509	4
510	3
511	6
512	7
513	6
514	2
515	6
516	7
517	9
518	3
519	5
520	5
521	5
522	9
523	5
524	7
16908	1
525	4
526	3
527	4
528	6
529	14
530	9
531	4
532	6
533	5
534	5
16918	1
535	8
536	3
537	5
538	10
16922	1
539	5
540	9
541	9
542	3
543	6
544	8
545	3
546	10
547	4
16931	2
548	10
549	9
550	6
551	5
552	6
553	2
554	8
555	7
556	4
557	4
558	12
559	8
560	6
561	6
562	11
563	5
564	4
565	12
16949	1
566	10
567	5
568	10
569	7
570	9
571	5
572	7
573	9
574	11
575	8
576	13
578	7
579	12
580	11
581	7
582	8
583	8
584	4
585	8
586	4
587	12
588	3
589	3
590	5
591	6
592	5
593	6
594	7
595	4
596	14
597	9
16981	1
598	9
599	7
600	3
601	5
602	3
603	5
604	8
605	7
606	6
607	7
608	8
609	3
610	5
611	6
612	6
613	1
614	6
615	4
616	5
17000	1
617	11
618	10
619	8
620	5
621	7
622	10
623	10
624	7
625	6
626	8
627	7
628	5
629	5
630	5
631	4
632	6
633	6
17018	1
634	9
635	6
17019	1
636	12
637	11
638	6
639	6
640	11
641	7
642	3
643	2
644	8
645	5
646	7
647	8
648	4
649	7
650	5
651	6
652	12
653	4
654	4
655	8
17039	1
656	6
657	9
658	5
659	5
660	7
661	5
662	7
17046	1
663	7
664	3
665	4
666	7
667	6
668	8
669	7
670	8
17054	1
671	7
672	6
673	6
674	5
675	5
676	6
677	7
678	10
679	11
17063	1
680	9
681	11
682	3
683	8
684	5
685	8
686	14
687	3
688	5
689	2
690	2
691	6
692	4
693	8
694	6
695	5
696	8
697	8
698	5
17082	2
699	4
700	7
701	5
702	9
703	3
704	9
705	10
706	8
707	6
17091	1
708	8
709	3
710	5
711	5
712	11
713	7
714	6
715	2
716	5
717	4
718	9
719	6
720	5
721	7
722	8
723	3
724	7
725	4
726	4
727	5
728	7
729	8
730	4
17114	1
731	6
732	8
733	4
734	7
735	8
736	8
737	9
738	10
739	5
740	6
741	3
742	6
743	6
744	7
745	1
746	6
17130	1
747	7
748	6
749	10
750	5
17134	1
751	8
752	11
753	4
754	8
755	7
756	6
757	5
758	6
759	8
760	6
761	5
762	4
763	8
764	7
765	5
766	8
767	5
768	4
769	9
770	4
771	7
17155	1
772	7
773	5
774	8
775	4
776	6
777	11
778	7
779	7
780	4
781	6
782	2
783	6
784	7
785	11
786	4
17171	1
787	4
788	9
789	5
790	11
791	9
792	7
793	7
794	12
795	5
796	7
797	1
798	8
799	7
800	4
801	6
802	7
803	6
804	5
805	9
806	7
807	9
808	6
809	7
810	9
811	6
812	7
813	8
814	9
815	5
816	10
817	7
818	5
819	3
820	8
821	9
822	10
823	10
824	7
825	7
826	10
827	4
828	6
829	13
830	7
831	7
833	7
834	2
17218	1
835	10
836	7
837	5
838	4
839	10
840	6
841	7
842	2
843	6
844	2
845	2
846	9
847	5
848	7
849	4
850	9
851	8
852	12
853	6
854	9
855	7
856	9
857	7
858	9
859	5
860	10
861	6
862	5
863	4
864	9
865	8
866	6
867	9
868	6
869	12
870	2
871	5
872	3
873	4
874	11
875	6
876	5
877	2
878	5
879	5
880	8
881	5
882	4
883	6
884	6
17268	1
885	9
886	6
887	10
888	5
889	3
17273	1
890	9
17274	1
891	5
892	5
893	4
894	4
895	6
896	6
897	6
898	11
899	8
900	7
901	5
902	8
903	6
904	8
905	2
906	4
907	4
908	11
909	5
910	5
911	7
912	10
913	5
914	6
915	8
916	3
917	7
918	3
919	7
920	8
17304	1
921	8
922	10
923	2
924	10
925	7
926	7
927	9
928	7
929	13
930	6
931	5
932	6
933	5
934	5
17318	1
935	8
936	10
937	7
938	7
939	8
940	6
17324	1
941	11
942	8
17326	1
943	8
944	5
945	8
946	9
947	4
948	4
949	7
950	7
951	8
952	5
953	7
954	8
955	5
17339	1
956	9
957	8
958	2
959	6
960	5
961	4
962	12
17347	1
963	6
964	8
17348	1
965	9
966	4
967	6
968	7
969	6
970	9
17354	1
971	3
972	7
973	4
974	4
975	5
976	8
977	7
978	9
979	6
980	6
981	9
982	8
983	4
984	4
17368	1
985	6
986	6
987	8
988	5
989	4
990	4
991	6
992	4
993	6
994	8
995	4
996	4
997	9
998	11
999	4
1000	4
1001	13
1002	3
1003	11
1004	4
1005	6
1006	4
1007	5
1008	8
1009	9
1010	1
1011	1
1012	5
1013	2
1014	11
1015	10
1016	3
1017	7
1018	2
17402	1
1019	5
1020	8
1021	9
1022	3
1023	4
1024	9
1025	8
1026	7
1027	7
1028	4
1029	4
1030	3
1031	5
1032	7
1033	6
1034	11
1035	5
1036	7
1037	8
1038	4
1039	3
1040	12
1041	3
1042	9
1043	9
1044	5
1045	2
1046	8
1047	10
1048	8
1049	7
1050	6
1051	4
1052	10
1053	6
17437	1
1054	10
1055	6
1056	11
1057	7
1058	4
1059	3
1060	9
1061	8
1062	6
1063	8
1064	6
1065	8
1066	8
17450	1
1067	4
1068	7
1069	4
1070	7
1071	10
1072	3
1073	5
1074	8
1075	4
1076	5
1077	5
1078	12
1079	9
1080	8
17464	1
1081	3
1082	15
1083	4
1084	8
1085	5
1086	7
1087	4
1088	3
17472	1
1089	3
1090	5
1091	6
1092	5
1093	7
1094	4
1095	7
1096	7
1097	7
1098	6
1099	6
17483	1
1100	8
1101	9
1102	3
1103	9
1104	8
1105	4
1106	5
1107	11
1108	6
1109	5
1110	11
1111	2
1112	9
1113	7
1114	6
1115	6
1116	8
1117	7
1118	8
17502	1
1119	4
1120	6
1121	6
1122	9
1123	9
1124	7
1125	4
1126	3
1127	7
1128	8
1129	8
1130	3
1131	9
1132	7
1133	11
1134	6
1135	3
1136	6
17521	1
1137	6
1138	7
1139	5
1140	11
1141	1
1142	9
1143	5
1144	5
1145	2
1146	5
1147	11
1148	7
1149	8
1150	9
1151	7
1152	4
1153	7
1154	4
1155	9
1156	5
1157	5
1158	6
1159	6
1160	5
1161	6
1162	5
1163	4
1164	5
1165	6
1166	8
17550	1
1167	9
1168	5
1169	3
1170	3
1171	7
1172	4
1173	6
1174	4
1175	8
1176	2
1177	7
1178	5
1179	12
1180	14
1181	7
1182	5
1183	4
1184	10
1185	5
1186	8
17571	1
1187	4
1188	7
1189	3
1190	3
1191	10
1192	3
1193	3
1194	7
1195	9
1196	7
1197	6
1198	5
17582	1
1199	2
1200	8
1201	12
1202	5
1203	5
17587	1
1204	4
1205	6
17589	1
1206	8
17590	1
1207	7
1208	8
1209	10
1210	12
1211	4
1212	5
1213	7
1214	6
1215	6
1216	6
1217	2
1218	4
1219	5
1220	9
1221	8
1222	7
1223	15
1224	7
1225	9
1226	3
1227	3
1228	10
1229	9
1230	8
1231	5
1232	5
1233	6
1234	5
1235	11
1236	1
1237	8
1238	7
1239	1
1240	12
1241	7
1242	9
1243	7
1244	7
1245	4
1246	2
1247	6
1248	12
1249	6
1250	10
17634	1
1251	6
1252	3
1253	8
1254	3
1255	7
1256	3
1257	9
1258	5
1259	12
1260	6
1261	4
1262	5
1263	5
1264	4
1265	9
1266	5
1267	3
1268	6
1269	6
1270	5
1271	6
1272	2
1273	4
1274	8
1275	10
1276	7
1277	6
1278	6
1279	3
1280	7
1281	7
1282	5
1283	11
1284	9
1285	7
1286	3
1287	2
17671	1
1288	7
1289	5
1290	4
1291	7
1292	1
1293	7
1294	4
1295	5
1296	6
1297	8
1298	5
1299	7
1300	5
1301	5
1302	5
1303	6
1304	9
1305	2
1306	8
17690	1
1307	7
1308	9
1309	6
1310	9
1311	7
1312	1
1313	1
1314	6
1315	6
1316	10
17700	2
1317	1
1318	9
1319	9
1320	3
1321	6
1322	7
1323	5
1324	5
1325	5
1326	2
1327	5
1328	8
1329	6
17713	1
1330	9
1331	10
1332	5
1333	11
1334	9
1335	6
1336	3
1337	4
1338	9
1339	6
1340	6
1341	8
1342	5
1343	8
1344	5
1345	8
1346	6
1347	13
1348	4
1349	8
1350	7
1351	6
1352	8
1353	12
1354	5
1355	5
1356	8
1357	6
1358	6
1359	10
1360	5
1361	4
1362	5
1363	7
1364	5
17748	1
1365	6
1366	6
17750	1
1367	3
1368	9
1369	7
1370	5
1371	5
17755	1
1372	11
1373	8
1374	7
1375	10
17759	1
1376	8
1377	2
1378	8
1379	8
1380	7
1381	5
17765	1
1382	7
1383	6
1384	3
1385	5
1386	5
1387	9
1388	8
1389	6
1390	12
1391	6
1392	5
1393	1
1394	12
17778	1
1395	3
1396	8
1397	7
1398	5
1399	6
1400	7
1401	9
1402	8
1403	8
1404	8
1405	3
1406	5
1407	5
1408	9
1409	5
1410	7
1411	6
1412	4
1413	9
1414	7
1415	9
1416	5
17800	1
1417	6
1418	6
1419	5
1420	8
1421	6
1422	8
1423	11
1424	10
1425	7
17809	1
1426	4
1427	7
1428	9
1429	6
1430	8
17814	1
1431	5
1432	5
1433	8
1434	2
1435	6
1436	9
1437	9
1438	7
1439	8
1440	6
1441	12
1442	5
1443	6
1444	9
1445	8
1446	8
1447	3
1448	10
1449	4
1450	4
1451	7
1452	5
1453	10
1454	8
1455	4
1456	5
1457	7
1458	5
1459	7
1460	9
1461	4
1462	5
1463	7
1464	7
1465	8
1466	7
1467	3
1468	5
1469	7
1470	6
1471	6
17855	1
1472	12
1473	5
1474	2
1475	10
1476	5
1477	5
1478	7
1479	6
1480	4
17864	1
1481	6
1482	8
1483	3
1484	10
1485	4
1486	7
1487	3
1488	7
1489	6
1490	11
1491	8
1492	12
1493	8
1494	6
1495	7
17879	1
1496	8
1497	9
1498	7
1499	6
1500	10
1501	8
1502	7
1503	2
1504	6
1505	6
1506	9
1507	7
1508	11
1509	9
17893	1
1510	7
1511	7
1512	8
1513	5
1514	2
1515	8
17899	1
1516	7
1517	10
1518	6
1519	3
1520	7
1521	7
1522	11
17906	1
1523	4
1524	5
1525	6
1526	4
1527	4
1528	4
1529	6
1530	2
1531	6
1532	8
1533	5
1534	7
1535	13
1536	7
1537	3
1538	3
1539	5
1540	7
1541	3
1542	7
1543	4
1544	4
1545	3
17929	1
1546	5
1547	7
1548	8
1549	9
1550	5
1551	6
1552	7
1553	2
1554	2
1555	5
1556	7
1557	6
1558	7
1559	8
1560	3
1561	6
1562	3
1563	8
1564	9
1565	8
1566	4
1567	6
1568	6
17952	1
1569	12
1570	6
1571	4
1572	7
1573	4
1574	8
1575	8
1576	5
1577	6
17961	1
1578	9
1579	3
17964	1
1580	6
1581	5
1582	3
1583	5
1584	8
1585	10
1586	5
1587	5
1588	2
1589	4
1590	6
1591	9
1592	2
1593	4
1594	9
1595	5
1596	13
1597	6
1598	6
1599	8
1600	4
1601	7
1602	3
17986	1
1603	7
1604	2
1605	3
1606	7
1607	6
1608	2
1609	8
1610	10
1611	5
1612	7
1613	3
1614	7
1615	7
1616	8
1617	10
1618	3
1619	3
1620	7
1621	2
1622	6
1623	7
1624	13
1625	3
1626	5
1627	3
1628	3
1629	9
1630	6
1631	10
1632	7
18016	1
1633	3
1634	4
1635	9
1636	6
1637	7
1638	7
1639	4
1640	8
1641	6
1642	7
1643	6
1644	9
1645	5
1646	11
18030	1
1647	6
1648	7
1649	4
1650	8
1651	8
1652	4
1653	11
1654	5
1655	6
1656	10
1657	5
1658	8
1659	6
1660	5
1661	1
1662	3
1663	8
1664	8
1665	6
1666	8
18050	1
1667	4
1668	5
1669	8
1670	4
1671	6
1672	7
1673	4
1674	8
1675	9
1676	8
18061	1
1677	5
1678	4
1679	9
1680	2
1681	6
1682	4
1683	8
1684	4
1685	9
1686	8
1687	7
1688	8
1689	9
1690	4
1691	6
1692	5
1693	10
1694	5
1695	3
1696	6
1697	2
18081	1
1698	7
1699	7
1700	8
1701	7
1702	3
1703	7
1704	8
1705	5
1706	6
1707	5
1708	6
1709	6
1710	6
1711	7
18095	1
1712	5
1713	8
1714	5
1715	10
1716	9
1717	4
1718	10
18102	1
1719	6
1720	6
1721	5
18105	1
1722	3
1723	8
18107	1
1724	3
1725	9
1726	3
1727	7
1728	4
1729	4
1730	5
1731	2
1732	4
1733	7
1734	6
1735	5
1736	12
1737	6
1738	4
1739	4
1740	10
1741	10
1742	7
1743	7
1744	2
1745	8
1746	9
1747	4
1748	11
1749	3
1750	8
1751	9
1752	6
1753	7
1754	5
1755	10
1756	4
1757	1
1758	5
1759	9
1760	2
1761	7
1762	6
1763	6
1764	4
1765	6
1766	3
1767	4
1768	5
1769	5
1770	3
1771	2
1772	8
1773	4
1774	1
1775	2
1776	7
18160	1
1777	5
1778	5
1779	2
1780	9
1781	7
1782	6
1783	7
1784	12
1785	2
1786	11
1787	6
1788	3
1789	6
1790	7
1791	7
1792	5
1793	9
1794	3
1795	2
1796	6
1797	8
1798	10
1799	8
1800	3
1801	6
1802	9
1803	14
1804	5
18188	1
1805	5
1806	6
1807	6
1808	7
18192	1
1809	6
1810	7
1811	6
1812	3
1813	2
1814	6
1815	3
1816	4
1817	8
1818	12
1819	2
1820	3
1821	6
1822	4
18206	1
1823	6
1824	9
1825	9
1827	4
1828	5
1829	7
1830	7
1831	5
1832	4
1833	3
1834	4
1835	2
1836	6
1837	8
1838	6
1839	5
1840	3
1842	6
1843	6
1844	5
1845	5
1846	4
18230	1
1847	8
1848	9
1849	6
1850	3
1851	3
1852	3
1853	9
1854	5
1855	12
1856	6
1857	7
1858	7
1859	5
1860	5
1861	7
1862	4
1863	6
1864	3
1865	12
1866	5
1867	4
1868	6
1869	6
1870	7
1871	4
1872	8
1873	4
1874	8
1875	3
18259	1
1876	6
1877	6
1878	8
1879	9
1880	5
1881	7
1882	4
1883	5
1884	10
1885	4
18269	1
1886	6
18270	1
1887	7
1888	7
1889	5
1890	7
1891	7
1892	3
1893	4
1894	7
1895	5
18279	1
1896	6
1897	5
1898	6
1899	8
1900	4
1901	1
1902	4
1903	5
1904	3
1905	6
1906	10
1907	8
1908	5
1909	4
1910	7
1911	7
1912	5
1913	6
1914	6
1915	8
1916	5
1917	12
1918	7
1919	6
18303	1
1920	8
1921	5
1922	6
1923	9
1924	4
1925	12
1926	7
1927	6
1928	7
1929	4
1930	9
1931	2
1932	7
1933	6
1934	6
1935	10
1936	9
1937	6
1938	4
1939	4
18323	1
1940	4
1941	9
1942	3
1943	6
1944	4
1945	5
1946	8
1947	4
1948	7
1949	5
1950	9
1951	7
1952	6
18336	1
1953	3
1954	7
1955	5
1956	7
1957	6
1958	6
1959	8
18343	1
1960	6
1961	6
1962	4
1963	6
1964	9
1965	2
1966	7
1967	6
1968	10
1969	8
1970	6
1971	8
1972	5
1973	4
1974	10
1975	7
1976	6
1977	4
1978	6
1979	10
1980	6
1981	7
1982	6
1983	6
1984	5
1985	6
1986	8
1987	3
1988	2
1989	8
18373	1
1990	16
1991	6
1992	8
1993	9
1994	6
1995	1
1996	6
1997	6
1998	3
1999	2
2000	3
2001	10
2002	8
2003	8
2004	10
2005	4
2006	8
2007	6
2008	4
2009	7
2010	5
2011	5
2012	2
2013	10
2014	4
2015	2
2016	8
2017	6
2018	5
2019	7
2020	4
2021	3
2022	2
2023	8
2024	7
2025	7
2026	7
2027	6
2028	6
2029	9
2030	3
2031	8
2032	2
2033	8
2034	3
2035	4
2036	6
2037	9
18421	1
2038	7
2039	6
2040	11
2041	6
2042	5
2043	4
2044	8
2045	3
2046	4
2047	4
2048	5
2049	6
2050	8
2051	5
18436	1
2052	5
2053	6
2054	5
2055	5
2056	7
2057	5
2058	4
2059	1
2060	2
2061	8
2062	6
2063	5
18447	1
2064	10
2065	8
2066	7
2067	3
2068	2
2069	5
2070	7
2071	6
2072	5
2073	5
2074	3
2075	5
2076	6
2077	3
2078	3
2079	7
2080	8
2081	5
2082	8
2083	10
2084	8
18468	1
2085	7
2086	6
2087	6
2088	4
2089	4
2090	2
2091	8
2092	9
2093	6
2094	8
2095	3
2096	6
18480	1
2097	8
2098	5
2099	5
2100	4
2101	6
2102	9
18487	1
2103	3
2104	3
2105	5
2106	9
2107	2
2108	11
2109	5
2110	10
2111	7
2112	7
18496	1
2113	7
2114	18
2115	3
2116	3
2117	6
2118	9
2119	4
2120	4
2121	10
2122	5
2123	13
2124	7
2125	2
2126	5
2127	3
2128	5
2129	7
2130	3
2131	7
2132	6
2133	8
2134	10
2135	4
2136	9
2137	10
2138	3
2139	4
2140	10
2141	5
18526	2
2142	2
2143	5
2144	9
2145	8
2146	5
2147	5
2148	3
2149	5
2150	12
2151	8
2152	4
2153	8
2154	5
2155	4
2156	1
2157	6
2158	3
2159	6
2160	3
2161	8
2162	3
2163	5
2164	6
2165	3
2166	6
2167	9
2168	2
2169	3
2170	3
2171	10
18555	1
2172	4
2173	9
2174	4
2175	10
2176	13
2177	6
2178	7
2179	2
2180	7
2181	6
2182	7
2183	2
2184	7
2185	6
2186	4
2187	3
2188	6
2189	3
2190	9
2191	6
2192	4
2193	5
2194	4
2195	5
2196	7
2197	7
2198	4
2199	8
2200	3
2201	4
2202	5
2203	13
2204	6
2205	2
2206	7
2207	10
2208	3
2209	7
2210	4
2211	6
2212	7
2213	8
2214	4
2215	9
2216	4
2217	6
2218	9
2219	7
2220	3
2221	9
2222	8
2223	5
2224	1
2225	7
2226	7
18610	1
2227	8
2228	7
2229	2
2230	7
2231	12
2232	3
2233	8
2234	8
2235	7
2236	3
2237	5
2238	8
2239	3
2240	4
2241	3
2242	6
2243	9
2244	11
2245	4
2246	6
2247	1
2248	3
2249	5
2250	11
18634	1
2252	1
2253	8
2254	6
2255	8
2256	4
2257	2
2258	8
2259	5
2260	7
2261	4
2262	4
2263	5
2264	6
18648	1
2265	5
2266	4
2267	7
2268	9
2269	7
2270	2
2271	7
2272	9
2273	8
2274	6
2275	2
2276	5
2277	6
2278	3
18662	1
18663	1
2279	2
2280	5
2281	9
2282	8
2283	1
2284	5
2285	7
2286	4
2287	5
2288	4
2289	5
2290	5
2291	4
2292	2
2293	5
18677	1
2294	9
2295	5
2296	5
2297	10
2298	5
2299	5
2300	4
2301	9
2302	3
2303	8
2304	4
2305	6
2306	3
2307	4
2308	13
2309	6
2310	5
2311	5
2312	4
2313	7
2314	8
18698	1
2315	7
2316	5
2317	8
2318	4
2319	5
2320	4
2321	9
2322	5
2323	4
2324	5
2325	2
2326	7
2327	7
2328	5
2329	13
2330	7
18714	1
2331	7
2332	6
18716	1
2333	7
2334	7
2335	8
2336	5
2337	8
2338	6
2339	2
2340	5
2341	6
2342	2
18727	1
2343	6
2344	10
2345	3
2346	10
2347	4
18732	1
2348	4
2349	6
2350	4
2351	8
2352	6
2353	7
2354	7
18738	1
2355	6
2356	6
2357	12
2358	2
2359	4
2360	7
2361	9
2362	4
2363	7
2364	4
2365	4
2366	8
2367	4
2368	5
2369	9
2370	3
18754	1
2371	4
2372	10
2373	4
2374	7
2375	4
2376	3
2377	6
2378	5
2379	10
2380	5
2381	7
2382	6
2383	3
2384	3
2385	8
2386	4
2387	6
2388	5
2389	6
2390	5
2391	7
2392	4
2393	11
2394	3
2395	7
2396	8
2397	2
2398	10
2399	4
2400	3
2401	4
2402	3
2403	8
2404	1
2405	5
2406	8
2407	8
2408	7
2409	7
2410	10
2411	8
2412	3
2413	4
18797	1
2414	4
2415	6
2416	1
2417	4
2418	7
2419	7
2420	8
2421	2
2422	3
2423	4
2424	8
2425	6
2426	10
2427	6
2428	12
2429	4
2430	4
2431	11
18816	1
2432	4
2433	7
2434	8
2435	11
2436	2
2437	5
2438	5
2439	5
2440	7
2441	7
2442	6
2443	6
2444	4
2445	4
2446	4
2447	8
2448	5
2449	2
2450	5
2451	6
2452	5
2453	3
2454	6
2455	3
2456	2
2457	9
2458	3
2459	4
2460	2
2461	8
2462	4
2463	2
2464	10
2465	5
2466	5
2467	5
2468	9
2469	5
2470	9
2471	3
2472	1
2473	1
2474	5
2475	6
2476	6
18860	1
2477	6
2478	3
18862	1
2479	4
2480	6
2481	5
2482	7
2483	6
2484	13
18868	2
2485	4
2486	5
2487	6
2488	3
2489	7
2490	7
2491	6
2492	5
2493	4
2494	6
2495	2
2496	3
2497	5
2498	7
2499	7
2500	6
2501	2
2502	6
2503	6
18887	1
2504	7
2505	10
2506	5
2507	6
2508	4
2509	8
18893	1
2510	6
2511	5
2512	5
2513	5
2514	7
2515	3
2516	9
2517	5
2518	2
2519	6
2520	8
2521	4
2522	4
2523	1
2524	2
2525	5
2526	3
2527	5
2528	2
2529	8
2530	4
2531	5
2532	8
2533	6
2534	5
2535	6
2536	3
2537	4
2538	4
18923	1
2539	4
2540	3
2541	3
2542	4
2543	6
2544	4
2545	4
2546	2
18931	1
2547	8
2548	1
2549	3
2550	3
2551	6
2552	5
2553	3
2554	4
2555	1
2556	3
2557	2
2558	9
2559	8
2560	7
2561	5
2562	4
2563	4
2564	3
2565	4
2566	6
2567	8
2568	8
2569	1
2570	3
2571	2
2572	5
2573	5
2574	7
2575	6
2576	7
2577	4
2578	4
2579	5
2580	10
18964	1
2581	3
2582	4
18966	1
2583	5
2584	9
2585	2
2586	2
2587	5
2588	1
2589	3
2590	10
2591	6
2592	2
2593	5
2594	9
2595	9
2596	6
2597	8
2598	7
2599	3
2600	3
2601	4
2602	7
2603	2
2604	3
2605	6
2606	7
2607	5
2608	1
2609	3
18993	1
2610	5
2611	1
2612	3
2613	3
2614	6
2615	6
2616	6
2617	7
2618	6
2619	6
2620	4
2621	6
2622	7
2623	3
2624	6
2625	6
2626	2
2627	1
2628	5
2629	5
2630	7
2631	5
2632	6
2633	7
2634	6
19018	1
2635	6
2636	1
2637	6
2638	7
2639	5
19023	1
2640	7
2641	2
2642	4
2643	4
2644	1
2645	4
2646	4
2647	4
2648	3
2649	3
19034	1
2650	4
2651	7
2652	1
2653	3
2654	9
2655	1
2656	8
2657	1
2658	9
2659	6
2660	6
2661	6
2662	8
2663	5
2664	5
2665	4
2666	2
2667	2
2668	1
2669	8
2670	4
2671	5
2672	5
2673	2
2674	5
2675	5
2676	6
2677	2
2678	3
2679	2
2680	6
2681	3
2682	7
2683	2
19067	1
2684	5
2685	6
2686	4
2687	2
2688	5
2689	2
2690	6
2691	4
2692	5
2693	4
2694	4
2695	3
2696	3
2697	6
2698	7
2699	1
2700	5
19084	1
2701	4
2702	2
2703	4
2704	5
2705	4
2706	2
2707	6
2708	4
2709	5
2710	2
2711	6
2712	6
2713	3
2714	7
2715	5
2716	7
2717	3
2718	2
2719	3
19103	1
2720	7
2721	7
2722	3
2723	7
2724	1
2725	6
2726	4
2727	1
2728	5
2729	4
2730	3
2731	5
2732	8
2733	7
2734	4
2735	11
2736	4
2737	9
2738	3
2739	4
2740	7
2741	3
2742	4
2743	4
2744	2
2745	4
2746	6
2747	3
2748	3
2749	2
2750	4
2751	1
2752	4
2753	1
19137	1
2754	9
2755	3
2756	3
2757	7
2758	5
2759	3
2760	1
2761	2
2762	4
2763	5
2764	4
2765	5
2766	2
2767	6
2768	1
2769	5
2770	7
2771	4
2772	3
2773	4
2774	6
2775	1
2776	2
2777	2
2778	2
2779	3
2780	5
2781	3
2782	1
2783	4
2784	3
2785	7
2786	6
2787	6
2788	5
2789	3
2790	6
2791	7
19175	1
2792	5
2793	2
2794	7
2795	4
2796	2
2797	4
2798	2
2799	2
2801	5
2802	4
2803	6
2804	7
2805	2
2806	5
2807	7
2808	4
2809	5
2810	5
2811	5
2812	5
2813	7
2814	4
2815	5
2816	4
2817	2
2818	1
2819	3
2820	4
2821	7
2822	2
2823	4
2824	5
2825	2
2826	5
2827	3
2828	3
2829	2
2830	2
2831	6
2832	3
2833	7
2834	7
2835	3
2836	4
2837	4
2838	6
2839	4
2840	2
2841	2
2842	4
2843	6
2844	3
2845	3
2846	4
2847	3
2848	7
2849	5
2850	3
2851	4
2852	5
2853	10
2854	2
2855	4
2856	3
2857	2
2858	4
2859	3
2860	2
2861	9
2862	7
2863	9
2864	2
2865	6
2866	2
2867	2
2868	5
2869	4
2870	2
2871	7
2872	4
2873	5
2874	5
2875	6
2876	5
2877	3
2878	3
2879	3
2880	5
2881	1
2882	4
2883	3
2884	3
2885	2
2886	5
2887	6
2888	4
2889	5
2890	1
2891	3
2892	3
2893	2
2894	7
2895	1
2896	6
2897	1
2898	5
2899	4
2900	5
2901	3
2902	3
2903	3
2904	4
19288	1
2905	4
2906	5
2907	3
2908	3
2909	3
2910	6
2911	5
19295	1
2912	4
2913	6
2914	5
2915	3
2916	7
2917	8
2918	3
2919	3
2920	8
2921	9
2922	2
2923	6
2924	3
2925	3
2926	7
2927	4
2928	7
2929	3
2930	3
2931	4
2932	5
2933	4
2934	2
2935	2
2936	2
2937	7
2938	4
2939	3
2940	2
2941	8
2942	3
2943	4
2944	4
2945	1
2946	2
2947	3
2948	2
2949	3
2950	8
2951	5
2952	5
2953	4
2954	2
2955	1
2956	4
2957	6
2958	4
2959	4
2960	2
2961	4
2962	5
2963	4
2964	3
2965	5
19350	1
2966	5
2967	5
2968	7
2969	2
2970	2
2971	4
2972	3
2973	4
2974	4
2975	5
2976	2
2977	3
2978	2
2979	6
2980	11
2982	6
2983	2
2984	1
2985	3
2986	4
2987	2
2988	4
2989	4
2990	4
2991	4
2992	3
2993	7
2994	2
2995	4
2996	2
2997	4
2998	2
2999	3
3000	6
3001	4
3002	8
3003	4
3004	4
3005	5
3006	3
3007	5
3008	8
3009	4
3010	1
3011	6
3012	3
3013	4
3014	4
3015	3
3016	4
3017	1
3018	4
3019	6
3020	2
3021	3
3022	3
3023	4
3024	2
3025	6
3026	4
3027	3
3028	1
3029	2
3030	7
3031	4
3032	4
3033	6
3034	4
3035	4
3036	7
3037	5
3038	6
3039	1
3041	3
3042	3
3043	6
3044	3
3046	4
3047	2
3048	5
3049	4
3050	4
3051	5
3052	7
3053	3
3054	5
3055	2
19439	1
3056	4
3057	6
3058	5
3059	4
3060	5
3061	7
3062	2
3063	4
3064	8
3065	5
3066	4
3067	3
3068	5
3069	2
3070	2
3071	9
3072	3
3073	4
3074	6
3075	6
3076	4
3077	7
3078	6
3079	5
3080	1
3081	3
3082	2
3083	6
3084	5
3085	5
3086	2
3087	4
3089	3
3090	5
3091	3
3092	2
3093	4
3094	3
3096	3
3097	1
3098	4
3099	1
3100	4
3101	4
3102	8
3103	4
3104	5
3105	9
3106	3
3108	5
3109	1
3110	3
3111	6
3112	1
3113	4
3114	4
3115	3
3116	7
3117	2
3118	7
3119	5
3120	5
3121	4
3123	5
3124	2
19508	1
3125	3
3126	4
3127	5
3128	2
3129	4
3130	3
3131	5
3132	5
3133	4
3135	5
3136	3
3137	3
3138	5
3140	3
3141	7
3142	1
3143	6
3144	4
3145	1
3146	3
3147	3
3148	6
19532	1
19533	1
3149	1
3150	4
3151	2
3152	3
3153	3
3154	1
3155	3
3156	2
3157	1
3158	2
3159	5
3160	7
3161	6
3162	5
3163	1
3164	6
3165	1
3166	4
3167	5
3168	3
3169	3
3170	3
19554	1
3171	4
3172	3
3173	3
3174	8
3175	6
3176	4
3177	1
3178	2
3179	5
3180	2
3181	2
3182	5
3183	3
3184	2
3185	3
3186	2
3187	4
3188	3
3189	3
3190	4
3191	5
3192	3
3193	4
3194	5
3195	2
3196	5
3197	2
3198	3
3199	6
3200	3
3201	3
3202	2
3203	3
3204	2
3205	4
3206	2
3207	2
3208	4
3209	1
3210	4
3211	6
3212	3
3213	4
3214	5
3215	5
3216	4
3217	3
3218	4
3219	3
3220	8
3221	4
3222	5
3223	4
3224	3
3225	1
3226	1
3227	4
3228	1
3229	6
3230	2
3231	4
3232	4
3233	5
3234	6
3235	3
3236	6
3237	3
3238	4
3239	2
3240	4
3241	3
3242	3
3243	4
3244	2
3245	3
3249	5
3250	4
3251	5
3252	5
3253	4
3254	2
3255	1
3256	3
3257	1
3258	3
3259	2
3260	4
3261	1
3262	3
3263	3
3264	4
3265	5
3266	5
3267	2
3268	2
3269	2
3270	3
3271	2
3272	3
3273	3
3274	3
3275	4
3276	3
3277	6
3278	2
3279	3
3280	1
3281	4
3282	1
3283	3
3284	1
3285	4
3286	3
3287	3
3288	1
3289	4
3290	1
3291	3
3292	6
3293	5
3294	1
3295	2
3296	5
3297	5
3298	6
3299	2
3300	4
3301	7
3302	3
3303	1
3304	1
3305	5
3306	3
3307	2
3308	2
3309	4
3310	4
3311	3
3312	3
3313	3
3314	5
3315	1
3316	6
3317	6
3318	5
3319	1
3320	2
3321	3
3322	3
3323	3
3324	1
3325	4
3326	2
3327	3
3328	2
3329	6
3330	2
3331	4
3332	2
3333	2
3334	2
3335	4
3336	3
3337	6
3338	6
3339	4
3340	1
3342	2
3343	4
3344	3
3346	2
3348	4
3349	2
3350	3
3351	3
3352	2
3353	5
3354	1
3355	5
3356	4
3358	6
3360	3
3361	2
3362	5
3363	7
3364	1
3365	3
3366	2
3367	3
3368	2
3369	1
3370	4
3371	6
3372	3
3374	6
3375	2
3376	6
3377	1
3378	5
3379	5
19763	1
3380	3
3381	6
3382	7
3383	4
3384	2
3385	5
3386	4
3387	3
3388	3
3389	5
3390	5
3392	4
3393	2
3394	4
3395	2
3396	3
3397	4
3398	2
3399	3
3400	2
3401	7
3403	4
3404	2
3405	2
3406	1
19790	1
3407	1
3408	2
3410	4
3411	4
3412	2
3413	5
3414	2
3415	3
3416	3
3417	1
3418	3
3419	7
3420	5
3421	3
19806	1
3422	2
3423	2
3424	4
3425	4
3426	4
3427	6
3428	1
3429	5
3430	1
3431	2
3432	3
3433	3
3434	3
3435	3
3436	4
3437	2
3439	5
3440	2
3441	2
3443	1
3444	5
3445	1
3446	4
3447	5
3448	4
3449	5
3450	2
3451	1
19836	1
3452	2
3453	3
3454	1
3455	4
3456	5
3457	1
3458	5
3459	6
3460	6
3462	6
3463	3
3464	5
3465	5
3466	5
3467	4
3468	2
3469	5
3470	2
19854	1
3471	1
3472	1
3473	3
3474	1
3475	1
3476	6
3477	3
3478	1
3479	2
3480	1
3481	5
3482	5
3483	6
3484	2
3485	6
3486	5
3487	3
3488	3
3489	3
3490	3
3491	3
3493	2
3494	6
3495	3
3496	4
3497	1
3499	3
3500	4
3501	2
3502	1
3503	1
3504	2
3505	5
3506	6
3507	1
3508	3
3509	4
3510	2
3511	3
3512	1
3513	2
3514	1
3515	2
3516	3
3517	7
3518	6
3519	2
3520	2
3521	4
3523	4
3524	5
3525	1
3526	4
3527	1
3528	1
3529	1
3530	5
3531	2
3532	5
3533	2
3534	6
3535	1
3536	5
3537	2
3538	5
3539	3
3540	5
3541	5
3542	3
3543	3
3544	2
3545	1
3546	2
3547	2
3548	6
3549	3
3550	4
3551	3
3552	3
3553	3
3554	2
3555	1
3556	6
3557	2
3558	6
3560	2
3561	4
3562	5
3563	2
3564	1
3565	4
3566	3
3567	1
3568	3
3570	2
3571	5
3572	9
3573	1
3574	2
3575	2
3576	3
3577	2
3578	3
3579	1
3580	5
3581	5
3582	5
3583	5
3584	3
3585	4
3586	2
19970	1
3587	4
3588	4
3589	3
19973	1
3591	1
3592	2
3593	3
3595	1
3596	2
19981	1
3597	1
3598	2
3599	1
3600	2
3601	3
3602	4
3603	1
3606	1
3607	3
3608	2
3609	2
3610	4
3611	4
3612	1
3613	3
3614	2
3615	3
3616	3
3617	1
3618	3
3619	2
3620	6
3621	3
3622	3
3623	2
3624	4
3625	1
3626	2
3627	3
3628	3
3629	2
3630	4
3632	3
3633	2
3634	3
3635	1
3636	4
3638	3
3639	5
3640	8
3641	1
3642	2
20026	1
3643	3
3645	3
3646	2
3647	4
3648	5
3649	2
3650	1
3651	2
3652	2
3653	3
3654	2
3655	3
3656	2
3657	1
3658	4
3659	1
3660	3
3661	5
3662	1
3663	2
3664	2
3665	1
3666	2
3667	2
3669	1
3670	5
3671	3
3672	2
3673	2
3674	3
3675	1
3676	3
20060	1
3678	2
3679	2
3680	1
3681	1
3682	2
3683	1
3684	2
3685	1
3686	5
3687	4
3689	2
3691	2
3692	3
3693	1
3694	1
3695	3
3696	2
3697	5
3698	1
3699	5
3700	1
3701	2
3702	3
3705	2
3706	2
3707	3
3708	1
3709	1
3710	2
3711	3
3712	1
3713	2
3714	4
3715	3
20100	1
3716	3
3717	2
3718	3
3719	2
3720	5
3721	4
3722	8
3723	2
3724	1
3725	4
3726	2
3727	2
3728	2
3730	1
3731	1
3732	2
3733	3
3734	1
3735	3
3736	2
3738	2
3739	4
3741	1
3742	1
3743	2
3744	2
3745	1
3746	1
3747	2
3749	3
3750	1
3751	1
3752	4
3753	4
20138	1
3754	4
3756	2
3757	2
3758	3
20142	1
3759	1
3762	3
20147	1
3763	1
3764	3
3765	2
3766	4
3767	4
3768	5
3769	1
3770	3
3771	2
3772	1
3773	1
3774	1
3776	1
3778	1
3780	1
3781	1
3782	1
3783	1
3784	2
3786	2
3787	2
3788	1
3789	1
3790	1
3791	3
3793	5
3794	2
3795	1
3796	1
3797	2
3798	1
3799	5
3800	3
3801	2
3802	2
3803	2
3804	1
3805	4
3806	3
3808	1
3809	2
3810	2
3811	1
3812	4
3813	3
3814	2
3815	3
3816	3
3817	5
3818	2
3819	2
3820	2
3821	3
3823	3
3824	2
3825	1
3826	1
3827	2
3828	1
3829	4
3830	2
3831	2
3832	6
3833	3
3834	1
3835	2
3836	1
3837	1
20222	1
3838	5
3839	3
3840	3
3841	6
3842	3
3843	5
3844	3
3845	2
3846	3
3847	3
3849	2
3850	3
3851	3
3852	2
3853	2
3854	1
3855	1
3856	3
3857	1
3858	2
3861	2
3862	3
3863	2
3864	5
3865	1
3866	1
3867	3
3868	4
3869	3
3870	2
3871	2
3872	2
3873	1
3874	1
3875	2
3876	1
3877	4
3878	2
3879	3
3880	4
3881	2
3882	1
3883	2
3884	1
3885	1
3886	2
3887	2
3888	4
3889	6
3890	5
3891	1
3894	5
3895	2
3896	3
3897	4
3899	3
3900	3
3902	1
3903	5
3904	1
3905	4
3906	2
3907	2
3908	2
3909	5
3910	3
3911	3
3912	2
3913	6
3914	2
3915	1
3916	4
3917	1
3918	2
3919	1
3920	3
3921	1
3922	6
3924	1
3925	2
20309	1
3926	2
3927	1
3928	2
3929	3
3930	2
3931	3
3932	1
3933	3
3934	1
3935	3
3936	3
3937	3
3939	4
3940	3
20324	1
3941	3
3942	2
3943	2
3944	1
3945	2
3946	2
3947	1
3948	2
3949	1
3951	1
3952	1
3953	3
3955	4
3956	2
3957	3
3958	2
3959	1
3960	5
3961	1
3962	4
3963	2
3964	1
3965	2
3966	1
3967	4
3968	1
3969	2
3970	6
3971	3
3972	2
3974	4
3975	1
3976	1
3977	3
3978	2
3979	4
3981	3
3984	2
3985	4
3987	2
3988	3
20374	1
3991	2
3992	2
3993	1
3995	1
3996	3
3997	2
3998	3
3999	3
4000	3
4001	1
4002	1
4003	1
4004	2
4005	3
4006	1
4007	6
4008	3
4009	5
4010	3
4011	2
4012	3
4013	1
4014	2
4015	2
4016	2
4017	2
4018	5
4021	4
4022	1
4023	3
4025	3
4026	2
4027	2
4028	5
4029	1
4030	2
4031	3
4033	1
4034	1
4035	6
4036	1
20420	1
4037	5
4038	4
4039	1
4040	2
4041	2
4043	2
4044	2
4045	2
4046	3
4047	1
4048	5
4049	2
4050	5
4051	1
4052	2
4053	1
4054	2
4055	3
4056	5
20440	1
4058	2
4059	3
4060	2
4061	3
4062	1
4063	1
4064	3
4065	2
4066	1
4067	4
4068	3
20452	1
4069	2
4070	3
4071	3
4072	1
4073	3
4074	3
4075	2
4076	2
4077	4
4078	1
4079	1
4081	1
4082	4
4083	2
4084	1
4085	1
4086	3
4087	2
4088	4
4091	1
4092	1
4093	2
4094	1
4095	1
4096	1
4097	4
4098	2
4099	3
4100	2
4101	5
4102	5
4103	2
4104	3
4105	1
4106	1
4107	1
4108	1
4109	1
4112	3
4113	4
4114	2
4115	3
4116	3
4117	4
4118	1
4120	2
4121	1
4122	3
4123	1
4124	2
4125	3
4127	2
4128	2
4129	2
4130	2
4131	1
4134	2
4135	1
4136	1
4137	1
4138	3
4139	4
4140	1
4141	1
4142	1
4143	4
4145	3
4146	1
20530	1
4147	2
4149	1
4151	1
4152	1
4153	1
4154	2
4156	1
4157	2
4158	1
4159	4
4160	1
4161	2
4162	3
4165	3
4166	2
4167	1
4168	2
4169	2
4171	4
4172	1
4173	2
4174	5
4175	2
4176	3
4177	4
4178	1
4179	1
4180	2
4181	2
4182	1
4183	3
4185	2
4187	2
4188	4
4189	1
4190	2
4191	2
4192	1
4193	2
4194	2
20579	1
4195	1
20580	1
4196	1
4197	1
4199	3
4200	1
4201	3
4202	2
4203	1
4204	2
4205	1
4208	1
4210	2
4211	4
4212	2
4213	3
4214	1
4215	4
4216	2
4218	2
4219	2
4221	1
4222	1
4223	2
4224	1
4225	1
4226	1
4227	1
20611	1
4228	1
4229	1
4231	2
4232	3
4233	2
4234	2
4235	1
4236	2
4237	2
4239	3
4240	3
4241	3
4243	2
4244	2
4245	3
4246	4
4247	4
4248	1
4249	1
4250	3
4252	1
4253	3
4254	4
4255	1
4256	1
4257	3
4258	2
4259	1
4260	1
4261	5
4262	4
4263	1
4264	2
4265	1
4267	3
4268	4
4269	5
4270	3
4271	2
4272	3
4273	4
20658	1
4276	3
4277	4
4278	5
4279	4
4280	1
4281	3
4282	2
4283	2
4285	2
4288	1
4289	1
4290	2
4291	1
4292	2
4293	2
4294	3
4296	1
4299	2
4301	4
4303	3
4305	1
4307	3
4308	3
4309	1
4310	2
4311	1
4312	2
4313	1
4315	3
4316	3
4318	1
4319	1
4320	1
4321	1
4322	4
4323	1
4324	1
4325	2
4326	2
4327	1
4328	1
4329	2
4330	5
4332	1
4333	2
4334	1
4335	3
4337	4
4338	2
4340	2
4342	1
4343	1
4346	2
4347	2
4348	1
4349	1
4350	3
4351	1
4352	1
4353	1
4356	2
4357	1
4358	1
4359	3
4360	1
4361	2
4362	1
4363	1
4364	1
4365	1
20749	1
4366	5
4368	3
4369	1
4371	3
4372	5
4373	4
4374	1
4375	1
4376	2
4377	3
4378	1
4379	1
4381	2
4383	2
4384	1
4385	1
4386	1
20770	1
4387	3
4388	1
4389	1
4390	1
4391	3
4392	1
4394	1
4395	3
4396	1
4398	3
4400	4
20785	1
4402	1
4403	2
4404	2
4405	2
4406	2
4407	1
4408	3
4409	1
4411	3
4412	2
4413	4
4415	1
4416	1
4417	1
20802	1
4419	2
4420	1
4421	4
4422	2
4423	1
4424	4
4425	3
4427	2
20813	1
4430	4
4432	3
4434	1
4436	2
4437	2
4438	2
4440	2
4441	3
4442	1
4444	1
4446	1
4448	2
4449	1
4450	1
4451	2
4452	1
4453	1
4454	1
4455	1
4456	2
4457	1
4458	1
4459	5
4461	4
4463	2
4464	4
4466	1
4467	2
4468	2
4469	1
4470	2
4471	1
4472	1
4473	1
4474	3
4475	1
4477	1
4480	2
4481	2
4482	3
4484	1
4485	4
4487	3
4488	3
4489	3
4490	1
4491	4
4492	1
4493	1
4494	2
4496	1
4497	1
4498	4
4499	2
4500	1
4501	2
4502	2
4503	2
4504	1
4505	2
4506	1
4507	2
4509	1
4510	1
4511	1
4512	4
4514	3
4515	2
4516	2
4519	4
4521	1
4522	2
4523	1
4524	1
4527	2
4529	3
4530	1
4531	1
4532	2
4533	2
4534	2
4535	2
4537	1
4539	2
4540	1
20924	1
4542	1
4543	1
4544	1
4545	1
4546	3
4547	3
4548	2
4551	3
4552	1
4553	1
4554	1
4556	1
4557	2
4558	2
4559	1
4560	3
4561	2
4563	1
4564	2
4566	2
4568	2
4569	2
4570	1
4571	2
4572	2
4573	1
4576	4
4577	1
4578	2
4579	1
4580	2
4581	1
4582	1
4583	3
4584	2
4585	1
4586	4
4587	3
4588	2
4589	1
4590	2
4592	1
4595	1
4596	1
4597	1
4599	1
4600	1
4601	1
4602	2
4603	1
4604	1
4606	4
4607	4
4608	1
4609	1
4612	3
4613	3
4614	2
4615	2
4616	1
4617	1
4618	3
4620	2
4621	2
4622	1
4624	1
4625	4
4626	1
21010	1
4627	1
4629	1
4630	4
4631	1
4632	1
4635	2
4636	1
4637	3
4638	1
4641	1
4644	3
4645	2
4646	2
4647	1
4648	1
4649	1
4650	1
4651	4
4652	4
4653	2
4654	2
4655	1
4656	1
4659	1
4661	2
4663	1
4665	2
4666	1
4667	1
4668	2
4669	1
4673	3
4674	1
4677	1
4678	1
4680	3
4682	2
4683	1
4684	1
4688	1
4692	1
4694	1
4696	3
4697	2
4698	4
4699	1
4700	2
4701	1
4702	2
4703	2
4704	1
4705	1
4706	3
4708	4
4709	1
4710	4
4711	5
4714	2
4715	1
4718	3
4719	2
4720	1
4722	1
4723	2
4724	1
4725	4
4726	1
4727	1
4728	1
4729	2
4731	2
4732	3
4733	1
4734	4
4735	2
4736	1
4737	3
4739	1
4740	2
4741	1
4743	2
4744	1
4746	1
4748	1
4749	2
4751	2
4752	2
4755	2
4756	3
4759	1
4761	2
4762	1
4764	1
4765	1
4766	2
4767	1
4768	1
4769	1
4770	1
4772	2
4773	1
4774	1
4775	1
4778	1
4779	2
4780	4
4781	2
4783	3
4786	2
4787	1
4788	2
4791	1
4792	1
4793	1
4795	3
4796	1
4797	2
4798	1
4799	4
4800	3
4801	4
4802	1
21187	1
4804	1
4805	1
4807	4
4808	1
4809	3
21193	1
4813	1
4815	1
4816	2
21200	1
21201	1
4817	1
4818	2
4819	2
4821	1
4822	2
4826	2
4828	2
4829	1
4830	1
4831	2
4832	3
4834	1
4835	1
4836	3
4837	1
4838	1
4839	1
21224	1
4840	1
4841	2
4843	1
4845	3
4846	2
4847	1
4848	2
4849	1
4850	1
4853	1
4854	2
21239	1
4857	1
4858	3
4859	1
4863	1
4864	1
4865	2
4866	2
4867	1
4868	1
4869	3
4870	2
4873	1
4874	1
21260	1
4877	1
21263	1
4879	2
4880	2
4882	3
4883	2
4884	2
4885	1
4886	1
4889	1
4890	2
4892	2
4893	3
4895	1
4897	1
4898	2
4900	3
4901	1
4902	1
4903	2
4905	1
4906	2
4908	3
4910	2
4911	2
4912	1
21298	1
4915	1
4917	3
4918	1
4919	1
4920	1
4921	4
4923	2
4924	1
4926	1
4927	1
4928	1
4931	2
4932	1
4933	1
4934	1
4935	2
4936	1
4937	1
4938	1
4940	1
4943	2
4945	2
4946	1
4948	2
4950	1
4956	1
4957	1
4958	1
4959	2
4962	1
4963	1
4964	1
4965	1
4967	1
4969	1
4970	1
4973	1
4974	1
4975	1
4977	1
4979	1
4980	1
4981	1
4984	1
4985	2
4987	1
4988	1
4989	2
4990	1
4993	1
4998	1
4999	1
5000	1
5001	1
5004	2
5005	1
5007	1
5008	1
5009	3
5010	4
5011	2
5012	1
5013	2
5014	1
5017	2
5018	3
5020	2
5021	2
5023	1
5024	1
5026	2
5027	1
5028	1
5029	1
5032	1
5033	1
5034	1
5036	2
5038	1
5041	1
5042	1
5043	1
5044	1
5045	1
5047	2
5050	2
5051	3
5053	3
5054	2
5056	1
5057	2
5058	2
5059	1
5060	1
5062	1
5063	1
5064	1
5065	2
5066	1
5067	1
5068	2
21452	1
5069	1
5070	2
5071	4
5073	1
5074	1
5075	1
5077	1
5078	2
5079	4
5080	1
5086	1
5088	1
5090	3
5093	2
5094	2
5097	1
5099	1
5101	3
5102	2
5103	1
5106	2
5108	1
5109	2
5110	3
5113	1
5115	1
5116	1
5117	2
5119	1
5120	2
5121	2
5122	1
5123	2
5124	1
5125	1
5126	2
5127	1
5128	1
21513	1
5130	2
5131	1
5133	3
5134	1
5135	1
5136	1
5137	1
5141	1
5143	1
5144	1
5145	3
5148	1
5149	3
5150	1
5151	3
5154	1
5155	1
5156	2
5157	1
5160	2
5162	2
5165	1
5167	2
5169	1
5174	1
5175	1
5176	1
5177	1
5178	2
21563	1
5179	1
5180	1
5182	1
5183	2
5185	1
5187	1
5188	1
5191	1
5192	1
5195	2
5196	1
5198	2
5199	2
5201	2
5202	5
5203	1
5204	1
5207	4
5208	1
5209	1
5210	3
21594	1
5212	2
5214	1
5215	2
5216	3
5217	1
5221	2
5222	2
5224	1
5225	1
5227	1
5229	1
5232	2
5235	1
5240	3
5242	2
5244	1
5245	1
5246	1
5247	1
5248	1
5252	1
5253	1
5255	1
5256	5
21641	1
5262	1
5264	1
5265	2
5266	3
5267	1
5268	2
5269	3
5270	1
5273	3
5274	2
5276	1
21662	1
5279	1
5281	1
5282	1
5283	2
5289	2
5290	1
5291	2
5292	1
5293	1
5295	2
5296	2
5297	1
5298	1
5299	1
5304	1
5305	2
5307	1
5308	1
5309	1
5310	1
5313	1
5315	1
5317	1
5318	1
5320	1
5322	1
5323	2
5324	1
5325	1
5326	3
5327	1
5328	2
5330	1
5332	2
5333	1
5334	1
5335	1
5337	1
5340	1
5342	2
5344	1
5345	1
5346	1
5348	1
5351	1
5352	1
5353	1
5355	1
5356	1
5357	1
5358	1
5359	2
5361	3
5362	1
5366	1
5369	1
5370	2
5371	1
5372	1
5373	1
5377	1
5378	2
5379	1
5381	1
5382	1
5383	2
5384	1
5386	2
5387	3
5389	3
5390	1
5391	1
5392	1
5393	2
5394	1
5397	1
5398	1
5399	1
5401	1
5402	1
5403	1
5407	1
5408	1
5409	1
5412	1
5415	1
5417	1
5418	1
5419	2
5420	1
5421	1
5422	1
5423	1
5426	1
5427	1
5430	2
5431	3
5432	2
5434	1
5435	1
5439	1
5441	2
5444	2
5445	1
5446	1
5447	1
5449	3
5451	1
5454	1
5455	2
5457	1
5460	1
5461	1
5462	1
5465	1
5467	1
5470	1
5472	1
5473	1
5474	1
5476	1
5479	1
5480	1
5482	2
5486	1
5487	1
5488	2
5489	1
5490	2
5492	1
5493	1
5494	2
21882	1
5498	1
5499	3
5500	1
5502	1
5504	1
5505	3
5507	1
5508	2
5509	1
5510	1
5511	1
5512	1
5514	1
5515	3
5516	1
5517	2
5518	1
5519	2
5520	1
5521	1
5522	1
5523	2
21908	1
5525	1
5526	1
5527	1
5528	1
5531	2
5533	2
5536	1
5539	1
5540	2
5541	1
5543	1
5545	2
5546	2
5547	1
5553	3
5554	1
5555	1
5558	2
5559	1
5561	1
5564	1
5566	1
5572	1
5573	1
5575	1
5576	2
5577	2
5578	1
5579	1
5580	2
5581	1
5582	2
5584	1
5587	1
5588	3
5590	1
5592	1
5593	2
5597	1
5598	1
5600	1
5602	2
5603	1
5604	2
5609	2
5611	1
5613	1
5616	1
5617	1
5620	2
5622	2
5625	2
5628	1
5631	1
5632	2
5636	1
5637	2
5638	1
5641	3
5644	3
5649	2
5651	2
5652	1
5653	1
5654	3
5655	1
5657	2
5658	1
5664	1
5666	1
5667	1
22051	1
5669	1
5671	1
5672	2
5674	1
5676	1
5677	1
5678	1
5679	1
5681	2
5684	2
5686	1
5687	1
5689	1
5690	1
5691	2
5692	1
5696	3
5700	1
5701	1
5702	1
5705	1
5706	1
5708	1
5710	2
5711	1
5714	1
5715	1
5721	1
5722	3
5723	1
5726	1
5728	1
5729	1
5731	1
5734	1
5735	2
5737	1
5739	1
5741	2
5742	3
5744	1
5745	2
5747	2
5749	1
5751	2
5753	1
5754	1
5756	1
5758	1
5760	2
5762	1
5764	1
5767	2
5768	1
5770	2
5771	1
5773	1
5775	1
5778	1
5780	2
5781	1
5783	1
5787	2
5788	1
5789	1
5790	1
5792	2
5793	1
5794	1
5795	2
5796	2
5797	2
5799	1
5801	3
5802	1
5803	1
5804	2
5806	2
5807	2
5809	1
5812	1
5813	2
5814	2
5816	2
5818	1
5820	2
5822	3
5825	1
5826	2
5827	1
5828	1
5829	1
5830	1
5831	2
5832	2
5833	1
5835	2
5841	1
5843	1
5844	1
5846	1
5851	1
5854	1
5855	1
5859	1
5860	1
5861	1
5864	3
5865	1
5866	1
5870	1
5873	2
5874	2
22259	1
5876	1
5878	1
5879	1
5880	1
5881	1
5882	2
5894	1
5897	1
5898	1
5899	1
5902	1
5904	1
5907	1
5908	1
22293	1
5909	2
5913	1
5914	1
5916	1
5918	1
5920	1
5922	1
5926	1
5929	1
5931	2
5933	1
5938	1
5939	1
5947	2
5956	2
5959	2
5960	2
5961	1
5964	1
5968	1
5973	1
5976	1
5977	1
5978	1
5986	1
5987	1
5992	1
5995	2
5996	1
5997	1
6004	1
6007	3
6008	1
6010	1
6011	1
6012	1
6013	1
6015	1
6016	2
6017	1
6023	1
6026	2
6028	1
6031	2
6032	2
6033	1
6035	1
6037	2
6040	1
6041	1
22426	1
6043	1
6045	2
6049	1
6051	1
6055	1
6056	1
6057	1
6060	1
6066	1
6069	1
6072	1
6074	1
6077	1
6079	1
6082	1
6085	1
6088	2
6091	1
6093	1
6094	1
6095	1
6096	1
6097	1
6099	2
6100	2
6101	1
6102	1
6103	1
6104	1
6105	1
6106	1
6107	2
6109	2
6111	1
6114	1
6115	1
6118	2
6120	1
6122	1
6129	1
6132	1
6134	1
6135	1
6138	3
6141	2
6142	1
6144	1
6151	1
6153	1
6154	1
6159	2
6162	1
6163	1
6165	3
6169	1
6170	2
6176	1
22560	1
6182	1
6184	1
6188	1
6189	1
6190	1
6191	2
6192	1
6196	1
6207	1
6209	1
6210	1
6215	1
6217	1
22602	1
6219	2
6221	1
6223	1
6225	1
6228	1
6232	1
6235	1
6249	2
6250	1
6252	1
22636	1
6255	2
6260	2
6261	1
6263	1
22647	1
6266	1
6267	1
6268	1
6269	1
6271	1
6272	1
6273	1
6274	2
6277	2
6283	1
6284	1
6285	2
6287	1
6288	2
6290	1
6291	2
6296	1
6299	1
6300	1
6302	1
6304	1
6307	2
6308	1
6313	1
6320	1
6321	1
6323	1
6325	2
6326	1
6327	1
6328	1
6332	1
6336	1
6338	1
6339	2
6340	1
6342	1
6343	1
6344	1
6345	1
6346	2
6347	2
6356	1
6357	1
6359	1
6361	2
6362	1
6363	1
6369	1
6371	1
6373	1
6376	1
6378	1
6379	1
6383	1
6384	2
22771	1
6389	1
6390	1
6393	1
6394	1
6396	2
6399	1
6406	2
6408	2
6411	1
6414	1
6415	1
6417	1
6418	2
6419	1
6423	1
6425	1
6428	1
6429	1
6432	1
6433	2
6434	2
6435	4
6445	1
6446	1
6447	2
6448	1
6450	1
6451	1
6452	1
6459	1
6464	2
6465	1
6467	1
6468	1
6470	1
6472	1
6477	1
6480	1
6486	1
6488	1
6490	1
6494	1
6496	1
6497	1
22881	1
6503	1
6504	1
6505	1
6506	1
6508	2
6516	2
6518	1
6520	2
6528	1
6533	1
6535	1
6539	3
6541	3
6543	3
6545	2
6546	1
22931	1
6548	1
6549	2
6551	2
6552	1
6555	2
6557	1
6558	1
6559	2
6562	2
6565	2
6568	1
6570	1
6574	1
6576	1
6579	1
6584	1
6589	2
6593	1
6594	1
6596	1
6598	1
6599	1
6600	1
6606	1
6607	1
6608	1
6609	1
22995	1
6613	1
6614	1
6618	2
6620	1
6621	1
6623	1
6625	2
6629	2
6636	1
6643	1
6645	1
6646	3
6647	1
6650	1
6655	1
6660	2
6661	1
6662	1
6663	1
6667	1
6668	1
6669	2
6673	1
6676	1
6679	1
6680	2
6684	2
23068	1
6686	2
23071	1
6688	2
6693	2
6694	1
6695	1
6696	1
6703	2
6708	1
6710	1
6711	1
6715	1
6719	1
6720	1
6721	1
6722	2
6723	2
6724	1
6728	2
6730	1
6732	1
6740	1
6744	1
6745	1
6746	1
23131	1
6748	1
6751	1
6759	1
6760	1
6761	1
23147	1
6766	1
6774	1
6776	1
6778	2
6779	1
6781	1
6783	2
6785	1
6788	1
6792	1
6796	1
6797	1
6799	1
6801	1
6802	2
6804	1
6812	2
6813	1
23204	1
6821	1
6822	1
6833	1
6835	1
6839	1
6843	1
6845	1
6846	1
6847	1
6853	1
6861	1
6862	1
6863	1
6864	1
6868	1
6871	1
6881	1
6887	1
23279	1
6896	1
6897	1
6899	1
6901	2
6902	3
6904	1
6907	1
6908	3
6910	1
6913	2
6922	1
6924	2
6926	1
6927	1
6933	1
6934	2
6937	2
6940	1
6942	1
6943	1
6949	1
6951	2
6952	1
6954	1
6956	1
6958	2
23342	1
6960	1
6961	2
6963	1
6967	1
6970	1
6971	2
6976	1
6979	1
6980	1
6984	2
6986	1
6990	1
6991	1
6992	1
6993	1
6994	1
23380	1
6996	2
7000	1
7001	1
7002	1
7004	1
7009	1
7011	1
7012	1
7015	1
7019	1
7021	2
7028	1
7033	1
7037	1
7038	1
23429	1
7046	1
7052	1
7059	1
7060	1
7062	1
7066	1
7069	2
7070	1
7073	1
7074	2
7076	1
7077	1
7080	1
23467	1
7085	2
7087	1
7091	1
7093	1
7095	2
7098	1
7102	1
7104	2
7105	1
7107	1
23494	1
7111	1
7112	1
7115	2
7118	1
7121	1
7124	1
7125	2
7131	3
7132	1
7134	1
7139	1
7147	1
7149	1
7150	1
7154	1
7157	1
7160	1
7166	1
7168	1
7170	1
7171	1
7173	1
7181	1
7182	1
7186	1
7189	3
7191	2
7193	2
7196	1
7198	1
23584	1
7201	1
7203	2
7205	1
7213	1
7214	1
7215	1
7216	1
7217	1
7221	3
7222	1
7224	1
7227	1
7233	1
7236	1
7239	1
7240	1
7249	1
7254	1
7256	1
7257	2
7262	1
7267	1
7272	1
7273	2
7283	1
7286	1
7289	1
7290	2
7294	2
7295	1
7298	1
7299	1
7303	1
7308	1
7310	1
7311	1
7312	1
7317	1
7320	2
7322	1
7325	1
7329	3
7330	1
7331	1
7334	1
7336	1
23721	1
7350	1
7351	1
7361	1
7363	1
7369	1
7370	1
7373	1
7386	1
7387	2
7390	1
7391	1
7392	1
7395	1
7397	1
7399	1
7401	1
23787	1
7412	1
7421	1
7426	1
7429	2
7437	1
7441	1
7445	1
7446	1
7448	1
23833	1
7450	2
7453	1
7454	3
7459	2
7464	1
7470	1
7471	1
7474	1
7477	2
7478	1
7480	1
7482	1
7483	1
7485	2
7488	1
7489	2
7490	1
7493	1
7497	1
7499	1
7501	1
7507	1
7509	1
7511	1
7520	1
7524	1
7526	1
7527	1
7529	1
7530	1
7531	2
7532	1
7535	1
7539	1
7542	1
7544	1
7548	2
7551	1
7554	1
7558	1
7559	1
7561	1
7562	2
7565	1
7566	1
7570	1
7571	1
7572	1
7581	1
7582	1
7587	2
7588	1
7592	1
7593	1
7596	1
7597	1
7600	1
7601	1
7602	1
7605	1
7606	1
7607	1
7610	1
7616	1
7619	2
7620	1
7621	1
7623	1
7625	2
7630	1
7631	1
7644	1
7645	1
7654	1
7655	1
7657	1
7661	1
7666	1
7667	1
7669	1
7672	1
7675	1
7678	1
7683	1
7685	1
7688	1
7691	1
7693	1
7694	1
7700	1
7702	1
7709	1
7714	2
24102	1
7720	1
7721	1
7723	1
7726	1
7731	1
7733	1
7734	1
7741	1
7742	1
7746	1
7756	1
7763	1
7764	1
7767	1
7771	4
7772	1
7779	1
7784	1
7785	1
7786	1
7787	1
7788	1
7793	2
7796	2
7797	1
7799	1
7802	1
7803	2
7804	1
7805	2
7807	1
7815	1
24200	1
7816	2
7817	1
7819	1
7823	1
7825	1
7829	2
7830	1
7833	1
7834	1
7837	1
24222	1
7841	1
7851	1
7853	1
7854	1
7855	1
24241	1
7858	1
7861	1
7863	1
7864	1
24253	1
7871	1
7877	1
7879	2
7884	1
7885	1
7888	1
7893	1
7895	1
7898	3
7900	1
7912	1
7913	1
7914	2
7920	1
7922	1
7926	1
7927	1
7938	1
7940	1
7941	1
7942	2
7945	1
7953	1
7954	1
7960	1
7961	1
7967	1
7968	3
7969	1
7970	1
7979	2
7983	1
7985	1
7988	1
7990	2
7993	1
7998	1
8011	1
8013	1
8015	1
8016	2
8017	1
8018	1
8022	1
8023	3
8025	1
8027	1
8029	3
8030	2
8031	1
8034	1
8035	1
8037	1
8044	1
8053	2
8057	1
8062	1
8069	1
8071	1
8079	1
8080	2
8083	1
8084	1
8085	2
8087	2
8089	2
8090	1
8092	1
8094	1
8096	3
24487	1
8105	1
8106	1
8108	3
8110	1
8111	1
8112	2
8115	1
8118	1
8126	1
8127	1
8131	2
8133	1
8139	1
8141	1
8144	1
8149	1
8151	1
8161	1
8164	1
8176	1
8183	1
8188	1
8194	1
8200	1
24589	1
8206	1
8210	1
8215	1
8217	1
8218	1
8221	1
8236	1
8237	1
8239	1
8241	1
8242	1
8245	1
8246	1
8250	1
8252	1
8255	1
8257	1
8261	1
8264	2
8268	1
24654	1
8270	2
8273	2
8284	1
8294	1
8301	1
8303	1
8304	1
8307	1
8313	1
8314	1
8318	1
8320	1
8321	1
8322	2
8335	1
8336	1
8339	2
8344	1
8345	1
8350	1
8351	1
8354	1
8356	1
8360	1
8363	1
8365	1
8366	1
8367	2
8370	1
8376	2
8379	1
8380	1
8385	1
8387	1
8389	1
8393	1
8395	1
8396	1
8400	1
8404	1
8406	1
8411	1
8425	2
8426	1
8428	1
8440	1
8442	1
8445	1
8448	1
8450	1
8456	1
8459	1
8460	2
8463	1
8467	1
8472	1
8485	1
8486	2
8489	1
8498	1
8501	1
8505	2
8508	1
8509	1
8511	1
8516	1
8518	1
8519	2
8520	1
8521	2
8526	2
8532	1
8544	1
8545	1
8546	1
8552	2
8554	1
8556	2
8557	1
8558	2
8560	1
8561	1
8562	1
8564	1
8570	2
8571	1
8572	1
8573	1
8582	1
8589	1
24975	1
24982	1
8599	1
8604	1
8606	1
8614	1
8622	1
8626	1
8629	1
8633	1
8634	1
8635	1
8638	3
8641	4
8644	1
8649	1
8657	1
8663	1
8664	1
8674	1
8676	1
8678	2
8684	1
8685	1
8687	1
8692	1
8695	2
8703	1
8705	3
8707	1
8711	1
8714	1
8720	1
8721	2
8725	1
8728	1
8731	1
8733	2
8734	1
8739	1
8741	1
8744	1
8746	1
8747	1
8764	1
8767	1
8768	1
8771	1
8775	1
8780	1
8781	1
8782	2
8787	1
8794	1
8797	1
8805	1
8806	1
8808	2
8810	3
8817	1
8822	1
8826	1
8831	1
8833	1
8838	3
8849	1
8856	1
8862	1
8867	1
8869	1
8870	1
8872	1
8876	1
8884	1
8886	2
8891	1
8894	1
8895	1
8896	1
8898	1
8899	1
8910	1
8923	1
8926	2
8931	1
8933	1
8935	1
8942	1
8945	1
8948	2
8966	1
8971	1
8978	1
8979	1
8983	1
8984	1
8990	3
8994	1
9001	1
9008	1
9009	1
9012	1
9014	1
9021	1
9026	1
9028	1
9029	1
9039	1
9063	1
9068	1
9069	1
9076	1
9088	2
9090	1
9091	1
9094	1
9100	1
9107	1
9111	1
9114	1
9119	1
9124	1
9130	1
9134	1
9135	1
9138	1
9140	1
9142	1
9152	1
9154	1
9158	1
9159	1
9161	1
9162	1
9166	1
9171	1
9173	1
9176	1
9177	1
9185	1
9187	1
9190	1
9193	1
9194	1
9197	1
9203	1
9206	1
9207	2
9208	1
9219	1
9222	1
9224	1
9231	1
9232	1
9234	1
9238	1
9243	1
9245	1
9254	1
9259	1
9264	1
9271	1
9280	1
9289	1
9291	3
9300	1
9302	1
9316	1
9318	2
9322	1
9323	1
9328	1
9331	1
25717	1
9333	1
9336	1
9338	1
9344	1
9345	1
9348	1
9350	2
9357	2
9364	1
9368	1
9372	1
9377	1
9384	1
9388	1
9392	1
9393	1
9402	1
9403	1
9412	1
9420	1
9422	1
9427	2
9429	1
9432	1
9433	1
9435	1
9441	1
9443	1
9444	1
9445	1
9447	1
9451	1
9453	2
9458	1
9463	1
9473	1
9476	1
9477	1
9480	1
9481	1
9494	1
9497	1
9507	1
9511	2
9515	1
9516	2
9520	1
9521	1
9524	1
9525	1
9529	2
9533	1
9536	2
9538	1
9539	1
9540	2
9547	1
9549	1
9550	1
9553	1
9559	2
9560	1
9561	1
9564	1
9576	1
9579	2
9583	1
9587	1
9588	1
9590	1
9608	1
9609	1
9610	1
9613	1
9614	1
9616	1
9617	1
9625	2
9635	2
9644	1
9648	1
9656	1
9659	1
9667	1
9673	1
9676	1
9679	1
9682	1
9683	1
9691	1
9693	1
9698	2
9699	1
9700	1
9703	1
9708	1
9711	1
9714	1
9716	1
9717	1
9721	3
9733	1
9734	1
9737	1
9739	1
9741	1
9742	2
9745	1
9746	1
9747	1
9749	1
9752	1
9760	1
9766	1
9770	2
9771	1
9772	2
9773	1
9775	1
9778	1
9779	1
9783	1
9784	1
9787	1
9793	1
9794	1
9796	1
9800	1
9801	1
9803	1
9804	1
9810	1
9813	1
9815	1
9817	1
9822	1
9824	1
9825	1
9841	2
9844	1
9847	1
9850	2
9851	1
9863	1
9869	1
9871	1
9878	1
9893	1
9894	1
9895	1
9900	1
9906	1
9907	1
9911	1
9912	1
9913	1
9917	1
9919	1
9922	1
9929	1
9933	1
9944	1
9947	1
9959	1
9961	1
9967	1
9972	2
9973	2
9978	1
9981	2
9983	1
9985	1
9989	1
9994	1
10001	1
10007	1
10010	1
10011	1
10012	1
10013	1
10015	1
10019	1
10029	1
10032	1
10039	1
10041	1
10043	2
10049	1
10059	1
10067	1
10070	1
10076	1
10081	1
10083	1
10085	1
10088	1
10090	2
10094	1
10101	1
10105	1
10108	1
10113	2
10116	1
10117	1
10119	1
10126	1
10129	1
10130	1
10133	1
10135	1
10136	1
10137	1
10139	1
10140	2
10141	1
10151	1
10152	1
10155	1
10163	1
10166	1
10167	1
10168	1
10170	1
10174	1
10177	1
10178	2
10181	1
10185	1
10195	2
10200	1
10207	1
10210	1
10215	1
10218	1
10219	1
10220	1
10231	2
10232	2
10234	2
10237	1
10239	1
10240	1
10243	1
10249	2
10252	2
10256	1
10257	1
10259	2
10263	2
10270	1
10273	1
10277	1
10283	1
10285	1
10286	2
10291	1
10293	1
10299	1
10301	1
10302	1
10303	1
10305	1
10316	1
10324	2
10326	1
10330	1
10334	1
10336	3
10337	1
10339	3
10340	2
10355	1
10358	2
10364	1
10366	1
10368	2
10375	1
10393	1
10395	1
10397	1
10405	1
10408	1
10409	1
10410	1
10414	1
10415	1
10418	1
10422	1
10423	2
10424	1
10426	1
10429	1
10436	1
10450	2
10462	2
10464	1
10467	1
10473	1
10474	1
10478	1
10484	1
10487	2
10502	1
10507	1
10513	1
10515	1
10516	1
10518	1
10520	2
10525	1
10528	1
10531	1
10535	1
10542	1
10543	1
10544	1
10550	1
10551	1
10559	1
10560	1
10561	1
10567	1
10570	1
10576	1
10582	1
10590	2
10592	1
10593	2
10597	1
10606	2
10620	1
10622	1
10623	1
10624	1
10626	1
10627	1
10628	1
10632	2
10641	1
10644	1
10655	2
10656	1
10661	1
10663	1
10672	1
10674	1
10685	1
10692	1
10710	2
10719	1
10720	1
10722	1
10724	1
10729	1
10733	1
10739	2
10741	1
10745	1
10751	1
10755	1
10758	1
10762	1
10764	1
10766	1
10772	1
10778	1
10779	1
10785	1
10788	1
10789	1
10792	1
10795	1
10808	1
10811	1
10814	1
10816	1
10817	1
10819	1
10823	1
10825	1
10829	1
10831	1
10836	1
10838	1
10847	1
10848	1
10853	1
10858	1
10861	1
10863	3
10869	1
10872	2
10880	2
10884	1
10886	1
10889	1
10901	1
10914	1
10925	1
10929	1
10934	1
10936	1
10939	1
10941	1
10943	1
10944	1
10945	1
10947	1
10951	1
10952	1
10964	1
10968	1
10971	1
10978	1
10980	1
10981	1
10990	1
10992	1
11005	1
11011	1
11014	1
11015	2
11019	1
11023	1
11029	1
11031	1
11033	1
11037	1
11043	1
11044	1
11050	1
11051	1
11053	1
11054	1
11061	1
11062	1
11066	1
11072	1
11078	1
11086	1
11091	1
11099	2
11101	1
11106	1
11107	2
11112	1
11123	2
11129	1
11136	1
11139	1
11140	1
11143	1
11156	1
11160	1
11163	1
11176	1
11178	1
11182	1
11186	1
11190	1
11194	1
11198	1
11203	1
11208	2
11219	2
11220	1
11222	1
11223	1
11229	1
11236	1
11244	1
11245	1
11247	1
11249	1
11250	1
11252	1
11254	1
11256	1
11272	1
11284	1
11286	1
11287	1
11288	1
11300	1
11303	1
11307	1
11308	1
11318	1
11329	1
11334	1
11341	3
11343	1
11347	1
11365	1
11368	1
11369	1
11370	1
11376	1
11379	1
11392	2
11393	1
11398	1
11399	1
11404	1
11405	1
11408	2
11414	1
11415	1
11417	1
11429	1
11430	1
11438	1
11441	1
11446	1
11447	1
11451	1
11452	2
11453	1
11470	1
11473	1
11476	1
11479	1
11484	1
11487	1
11488	1
11492	1
11503	1
11508	2
11511	1
11513	2
11516	1
11528	1
11533	1
11536	1
11537	1
11545	2
11554	1
11556	1
11563	2
11567	1
11574	1
11587	1
11594	1
11595	1
11610	1
11618	1
11621	1
11629	1
11635	2
11644	1
11646	1
11660	2
11664	1
11672	1
11683	1
11694	1
11703	1
11724	1
11728	1
11729	1
11731	1
11733	1
11736	1
11742	1
11744	1
11749	1
11751	1
11758	1
11762	1
11772	1
11773	1
11783	1
11785	1
11791	1
11801	1
11805	1
11810	1
11818	1
11853	1
11857	1
11858	1
11859	1
11866	1
11868	1
11870	1
11877	1
11879	1
11883	1
11884	1
11889	1
11891	1
11892	1
11896	1
11905	1
11911	1
11920	1
11924	2
11934	1
11939	1
11954	1
11964	1
11965	1
11974	1
11985	1
11993	1
11994	1
11998	1
12003	1
12006	4
12010	1
12012	1
12020	1
12023	1
12026	1
12040	1
12042	1
12046	1
12058	2
12060	1
12068	2
12080	1
12082	2
12084	1
12095	2
12098	1
12103	1
12118	1
12120	1
12134	1
12140	1
12145	2
12151	1
12152	1
12153	1
12156	1
12164	2
12177	1
12187	1
12202	2
12205	1
12207	1
12211	1
12213	1
12226	1
12228	2
12235	2
12240	1
12242	1
12251	1
12255	1
12256	1
12260	1
12269	1
12273	1
12274	1
12276	1
12281	1
12284	1
12290	1
12297	1
12304	1
12308	1
12314	1
12318	1
12323	1
12327	2
12328	2
12339	1
12344	1
12345	1
12350	1
12361	1
12362	1
12363	1
12371	1
12391	1
12404	1
12424	2
12427	1
12440	1
12447	1
12448	1
12449	1
12451	1
12459	2
12460	1
12479	1
12488	2
12512	1
12527	1
12536	1
12537	1
12540	1
12584	1
12586	1
12596	1
12599	1
12603	1
12607	1
12614	1
12615	1
12622	1
12635	1
12638	1
12649	1
12672	1
12673	1
12677	1
12679	1
12686	1
12691	1
12701	1
12704	1
12712	1
12715	1
12718	2
12721	1
12730	1
12744	1
12748	1
12749	1
12751	1
12753	1
12758	1
12764	1
12774	1
12780	1
12782	2
12783	1
12788	1
12789	2
12797	1
12800	1
12802	1
12810	1
12820	1
12823	1
12825	1
12835	1
12846	1
12851	1
12852	1
12854	1
12856	1
12857	1
12862	1
12864	2
12870	1
12889	1
12890	1
12894	1
12895	1
12899	1
12900	1
12902	1
12910	1
12915	1
12920	1
12935	1
12936	3
12943	1
12946	1
12947	1
12954	1
12956	1
12966	1
12967	1
12968	1
12978	1
12980	1
12981	2
12982	1
12983	1
12988	1
13000	1
13006	1
13007	3
13009	1
13014	2
13026	1
13047	1
13052	1
13070	1
13073	2
13084	1
13092	1
13096	1
13103	1
13104	1
13109	1
13116	1
13119	1
13120	1
13125	1
13128	1
13134	1
13144	1
13149	1
13152	1
13156	1
13160	1
13173	1
13187	1
13190	1
13191	1
13193	1
13202	1
13203	2
13209	1
13241	1
13248	1
13256	1
13259	1
13281	1
13283	1
13291	1
13292	1
13293	1
13296	1
13297	1
13301	1
13303	1
13308	2
13310	1
13322	1
13323	1
13324	1
13332	1
13342	1
13357	1
13361	1
13365	1
13367	2
13368	1
13370	1
13371	1
13375	1
13377	1
13396	1
13399	1
13420	1
13421	1
13422	1
13426	1
13434	2
13448	1
13454	1
13464	1
13467	1
13468	1
13470	1
13492	1
13495	1
13504	1
13512	1
13514	1
13515	1
13518	2
13536	1
13540	1
13553	1
13559	1
13560	2
13563	1
13583	1
13584	1
13586	1
13599	1
13612	2
13613	1
13620	1
13626	1
13627	1
13644	2
13663	1
13664	2
13669	1
13674	1
13687	1
13697	1
13711	1
13712	1
13716	1
13717	1
13724	2
13725	1
13737	1
13741	1
13744	1
13767	1
13789	1
13790	1
13798	1
13800	1
13804	1
13815	1
13819	1
13820	1
13822	1
13824	1
13828	1
13833	1
13845	1
13846	1
13860	1
13867	2
13868	1
13889	1
13890	1
13893	1
13905	1
13914	1
13933	1
13941	1
13943	1
13951	1
13966	1
13974	1
13978	1
13980	1
13992	1
13994	1
13999	1
14012	1
14014	1
14015	1
14020	1
14027	2
14031	2
14032	1
14033	1
14038	1
14048	1
14052	2
14056	1
14066	1
14080	1
14090	1
14091	2
14108	3
14111	1
14119	2
14126	1
14128	1
14131	1
14135	1
14136	1
14139	1
14141	1
14144	1
14145	1
14146	1
14147	1
14149	1
14152	1
14161	1
14172	1
14180	1
14181	1
14191	1
14201	1
14207	1
14209	1
14225	1
14228	1
14234	1
14242	1
14243	1
14255	1
14257	2
14263	1
14268	1
14270	1
14275	1
14284	1
14285	1
14301	1
14304	1
14306	1
14310	1
14312	3
14319	1
14323	1
14328	1
14346	1
14351	1
14352	1
14354	1
14359	1
14367	1
14371	1
14376	1
14378	2
14383	1
14388	1
14394	1
14396	1
14417	1
14422	1
14436	1
14445	1
14451	1
14454	1
14456	1
14457	1
14459	1
14472	1
14487	1
14489	1
14494	1
14516	1
14522	1
14528	1
14529	1
14544	1
14547	1
14556	1
14558	1
14563	1
14567	1
14570	1
14572	1
14579	1
14581	1
14584	1
14586	1
14593	1
14604	1
14614	2
14618	1
14622	1
14626	1
14638	1
14640	1
14648	2
14653	1
14655	1
14664	1
14681	1
14693	1
14698	1
14699	1
14701	1
14717	1
14721	1
14726	1
14727	1
14728	1
14731	1
14740	1
14756	1
14757	1
14768	1
14770	1
14772	1
14782	1
14787	1
14802	1
14805	1
14806	1
14810	1
14815	2
14818	1
14824	1
14827	2
14834	1
14837	1
14841	1
14843	1
14845	1
14847	1
14861	1
14874	1
14880	1
14907	1
14924	1
14928	1
14942	1
14944	1
14948	1
14949	1
14967	1
14976	1
14989	1
14999	1
15009	1
15015	1
15016	1
15021	1
15024	1
15033	1
15034	1
15037	1
15039	1
15045	1
15056	1
15057	1
15058	1
15069	1
15073	1
15076	1
15078	1
15090	1
15100	1
15108	1
15119	1
15150	1
15164	1
15173	1
15182	1
15199	1
15200	1
15213	1
15215	1
15227	1
15228	1
15239	2
15280	1
15293	1
15307	1
15310	1
15319	1
15330	1
15346	1
15362	1
15364	1
15366	1
15380	1
15386	1
15388	1
15392	2
15394	1
15401	1
15410	1
15411	1
15448	1
15454	1
15459	1
15481	1
15484	1
15491	1
15511	2
15522	1
15523	2
15524	1
15530	2
15544	1
15546	1
15550	1
15557	1
15560	1
15561	1
15566	1
15568	1
15570	1
15586	1
15600	1
15602	1
15604	1
15607	1
15655	1
15662	1
15695	1
15706	1
15720	1
15737	1
15749	1
15751	1
15752	1
15755	1
15770	1
15776	1
15777	1
15785	1
15791	1
15798	2
15820	1
15822	1
15823	1
15827	1
15828	1
15831	1
15840	1
15854	1
15864	1
15877	1
15893	1
15897	1
15898	1
15900	1
15947	1
15953	1
15960	1
15966	1
15990	1
15991	1
16012	1
16021	1
16051	1
16057	1
16104	1
16106	1
16108	1
16118	1
16119	1
16141	1
16160	1
16161	1
16163	1
16169	1
16175	1
16177	1
16180	1
16191	1
16193	1
16215	1
16228	1
16239	1
16249	1
16251	1
16254	1
16258	1
16263	1
16264	1
16268	1
16275	1
16291	1
16302	1
16311	1
16314	1
16316	1
16320	1
16329	1
16335	1
16336	1
16337	1
16340	1
16350	2
16353	1
16370	1
16376	1
16377	1
