1	2
2	12
3	4
4	3
5	3
6	3
7	1
8	2
9	3
10	5
11	5
12	3
13	7
15	5
16	8
16400	1
17	6
18	5
19	7
20	6
21	6
22	7
23	4
24	7
25	4
26	3
27	4
28	5
29	6
30	9
31	10
32	6
16416	1
33	5
34	3
16418	1
35	6
16419	1
36	3
37	1
38	8
39	5
40	7
41	6
42	8
16427	1
43	7
44	4
45	7
16429	1
46	9
47	4
48	3
16432	1
49	7
50	8
16434	1
51	2
52	3
54	4
55	8
56	1
57	8
58	7
59	2
60	4
61	4
62	7
63	6
64	2
65	5
66	5
67	3
68	7
16453	1
69	4
70	6
71	10
72	8
73	6
74	5
75	4
76	5
77	4
16461	1
78	6
79	9
80	4
81	1
82	6
83	6
84	1
85	5
86	4
87	2
88	3
89	2
90	5
91	9
92	5
93	2
94	2
95	3
96	3
97	4
98	4
99	6
100	7
101	5
102	7
16486	1
103	3
104	5
105	7
106	3
107	3
108	2
109	6
110	3
111	1
112	5
113	6
114	3
116	5
117	5
118	5
119	3
120	5
121	3
122	5
123	10
124	3
125	6
126	4
127	3
128	7
129	6
130	7
131	7
132	4
133	5
134	6
135	3
136	7
137	4
139	3
140	2
141	2
142	5
143	5
16527	1
144	3
145	5
146	5
147	3
148	4
149	4
150	5
151	6
152	1
153	2
154	3
155	7
156	1
157	4
158	4
159	8
160	4
161	8
162	6
163	5
164	7
165	4
16549	1
166	4
16550	1
167	2
168	8
16552	1
169	5
170	5
171	3
172	3
173	5
174	3
175	4
176	5
177	6
16561	1
178	5
179	7
180	2
181	5
182	5
183	7
184	4
185	1
186	6
187	11
188	3
189	3
190	4
191	3
192	10
193	2
194	8
195	5
196	6
197	10
198	4
199	7
200	4
201	4
202	3
203	4
204	9
205	6
206	7
207	2
208	4
209	10
210	6
211	8
212	6
213	3
214	5
215	8
216	3
217	6
218	6
219	8
220	2
221	3
16605	1
222	9
223	12
224	6
225	7
226	4
227	5
228	5
229	2
230	4
231	6
232	2
233	1
234	10
235	6
236	6
237	6
238	6
239	7
240	5
16624	1
241	3
242	5
243	2
244	2
245	4
246	7
247	10
248	3
249	4
250	4
251	4
252	5
253	9
254	4
255	8
256	5
257	9
258	7
259	2
260	4
261	5
262	7
263	10
264	6
265	5
266	5
267	9
268	3
269	5
270	5
271	5
272	3
273	6
274	5
275	5
276	6
277	4
278	7
279	2
280	5
281	6
16665	1
282	5
283	4
284	5
285	8
286	10
287	3
288	6
289	3
290	4
291	8
292	1
293	7
294	3
295	9
296	9
297	5
298	2
299	4
300	4
16684	1
301	3
302	6
303	7
304	5
305	5
16689	1
306	7
307	6
308	6
309	3
310	3
311	8
312	5
313	3
314	5
315	4
316	1
317	3
318	9
319	5
320	10
321	4
322	6
323	5
324	6
325	7
326	4
327	6
328	4
329	8
330	3
331	7
332	5
333	2
334	8
335	5
336	2
16720	1
337	4
338	6
339	4
340	7
341	1
342	7
343	8
16727	1
344	3
345	7
346	4
347	5
348	11
349	8
350	6
351	1
352	6
353	4
354	3
16738	2
355	7
356	4
357	4
358	8
359	3
360	7
361	2
362	5
363	5
364	8
365	3
366	7
367	4
368	4
369	4
370	7
371	7
16755	1
372	3
16756	1
373	11
374	2
375	6
376	6
377	5
378	3
379	1
380	6
381	3
382	7
383	5
384	8
385	3
386	5
387	6
388	6
389	10
390	5
16774	1
391	6
392	8
393	9
16778	1
394	1
395	2
16779	1
396	3
397	4
398	4
399	6
400	3
401	6
402	7
403	6
404	6
405	10
406	10
407	4
408	7
409	4
410	4
16794	1
411	6
412	8
413	5
414	2
415	8
416	3
417	1
418	6
419	2
420	7
421	3
422	5
423	1
424	3
425	3
426	4
427	3
16811	1
428	6
429	6
430	2
431	7
432	4
433	7
434	2
435	6
436	4
437	4
438	4
439	4
440	4
441	4
16825	1
442	7
443	4
444	6
445	5
16829	1
446	7
447	2
448	2
449	5
450	3
451	5
452	1
453	2
454	8
455	7
456	6
457	5
458	7
459	8
460	5
461	5
462	6
463	7
464	5
465	4
466	6
467	10
468	6
469	3
470	6
471	9
472	8
473	5
474	4
475	4
476	7
477	5
478	7
479	7
480	5
481	3
482	2
483	3
484	5
485	6
486	7
487	9
488	7
489	6
490	5
491	8
492	6
493	4
16877	1
494	6
495	4
496	8
497	5
498	4
499	7
500	5
501	5
502	2
503	4
504	4
505	6
506	2
507	3
508	9
509	2
510	5
511	5
512	8
513	9
514	6
16898	1
515	6
516	3
517	4
518	8
519	7
520	5
521	2
522	7
523	3
524	6
525	4
526	6
527	8
528	5
529	1
530	6
531	6
532	4
533	5
534	9
535	5
536	9
537	9
538	4
539	6
540	6
541	8
542	3
543	4
544	4
545	8
546	1
547	6
548	8
549	4
550	9
551	10
552	5
553	4
554	5
555	3
557	4
558	5
559	5
560	5
561	3
562	6
563	8
564	5
565	4
566	8
567	3
568	6
569	4
570	6
571	7
572	5
573	4
574	5
575	6
576	3
577	5
578	5
579	6
580	5
581	3
582	6
583	9
584	4
585	7
586	2
587	4
588	3
589	7
590	4
591	10
592	2
593	3
594	2
595	3
596	7
597	5
598	5
599	4
600	6
16984	1
601	7
602	1
603	1
604	3
16988	1
605	2
606	6
607	2
608	9
609	2
610	5
611	3
612	6
613	6
614	3
615	11
616	7
17000	1
617	4
618	6
619	10
620	4
621	3
622	5
623	5
624	3
625	4
626	8
627	6
628	4
629	2
630	5
631	4
632	5
633	3
634	1
635	4
636	3
637	3
638	15
639	3
640	7
641	7
642	2
643	8
644	7
645	1
646	6
647	6
648	5
649	4
650	2
651	6
652	2
653	2
654	4
655	4
17039	1
656	3
657	3
658	5
659	4
660	4
661	4
662	3
663	4
664	2
665	6
666	4
667	10
668	4
17052	1
669	4
17053	1
670	9
671	6
672	8
673	5
674	4
675	4
676	3
677	4
678	4
679	6
680	4
681	3
682	6
683	4
684	6
685	3
686	6
687	7
688	4
689	7
690	6
691	7
692	5
693	13
694	8
695	4
17079	1
696	4
697	7
698	6
699	5
17083	1
700	8
17084	1
701	4
702	5
703	8
704	4
705	7
706	6
707	8
708	3
709	7
710	7
711	8
712	6
713	6
714	4
715	5
716	5
717	13
718	2
719	5
720	5
721	3
722	7
723	3
724	7
725	2
726	6
727	6
728	5
729	9
730	6
17114	1
731	3
732	2
733	4
734	3
17118	1
735	4
736	5
737	6
738	8
739	3
740	6
741	6
742	8
743	10
744	3
745	2
746	2
747	5
748	3
749	9
750	1
751	4
752	2
753	3
754	4
755	7
756	4
757	2
758	7
759	6
760	7
761	3
762	7
763	5
764	2
765	8
766	6
767	4
768	5
769	6
770	7
771	9
772	12
773	3
774	5
775	8
776	6
777	5
17161	1
778	4
779	4
780	2
781	3
782	7
783	4
784	2
785	6
786	4
787	5
788	4
789	4
790	4
791	4
792	4
793	6
794	4
795	3
796	4
797	2
798	9
799	2
800	4
801	4
802	2
17186	1
803	2
804	4
805	10
17189	1
806	7
807	6
808	3
809	13
810	9
811	4
812	4
813	5
814	3
815	2
816	9
817	8
818	8
819	10
820	4
821	4
17205	1
822	3
823	9
824	3
825	8
826	4
17210	1
827	4
828	3
829	10
830	4
831	4
832	4
17216	1
833	4
834	13
835	6
837	4
839	5
840	8
841	4
842	4
843	10
844	3
845	4
846	8
847	8
848	4
849	5
17233	1
850	5
851	10
852	4
853	7
854	2
855	5
856	6
857	7
858	5
859	8
860	4
861	9
862	5
863	3
864	7
865	2
866	5
867	6
868	6
869	5
870	2
871	5
872	2
873	6
874	3
875	4
876	3
877	3
878	7
879	3
17263	1
880	2
881	7
882	4
883	9
884	3
885	6
886	2
887	6
888	5
889	2
890	1
17274	1
891	5
892	2
893	7
894	5
895	5
896	3
897	7
898	4
899	6
900	1
901	6
902	7
903	5
904	6
905	5
17289	1
906	7
907	2
908	1
909	5
910	3
17294	1
911	6
912	3
913	5
914	4
915	5
916	3
917	2
918	2
919	7
920	4
921	7
922	4
923	4
924	10
925	1
926	5
927	8
17311	1
928	3
929	8
930	7
931	2
932	4
933	7
934	4
935	7
936	2
937	8
938	8
939	3
17323	1
940	7
941	5
942	5
17326	1
943	5
944	5
945	6
946	3
947	3
948	3
949	4
950	6
951	7
17336	1
952	2
953	5
954	4
955	2
956	6
957	4
958	3
959	6
960	4
961	3
962	3
963	8
17347	1
17348	1
964	7
965	7
966	4
17350	1
967	5
968	7
969	5
970	9
971	4
972	5
973	6
974	10
975	5
976	3
977	4
978	6
979	6
980	6
981	6
982	8
983	2
984	4
17368	1
985	9
986	5
987	4
988	5
989	3
990	4
991	5
992	6
993	3
994	5
995	5
996	6
997	5
998	8
999	3
1000	1
1001	4
1002	1
1003	6
1004	4
1005	7
1006	11
1007	6
1008	4
1009	5
1010	13
17394	1
1011	3
1012	4
1013	6
1014	2
1015	5
1016	5
1017	6
1018	1
17403	1
1019	1
1020	7
1021	1
1022	8
1023	6
1024	9
1025	2
1026	6
1027	12
1029	5
1030	5
17414	1
1031	2
1032	5
1033	6
1034	5
1035	7
1036	3
1037	10
1038	1
1039	5
1041	7
1042	5
1043	4
1044	2
1045	6
1046	5
1047	5
1048	5
1049	7
1050	6
1051	9
1052	12
1053	7
1054	7
1055	7
1056	7
1057	5
1058	6
1059	4
1060	9
1061	7
1062	4
1063	2
1064	3
1065	5
1066	9
1067	6
1068	5
1069	3
1070	4
1071	1
1072	2
1073	4
1074	3
1075	8
1076	3
1077	4
1078	3
1079	5
1080	10
1081	5
1082	6
1083	7
1084	3
1085	3
1086	2
17470	1
1087	9
1088	5
1089	5
1090	3
1091	4
1092	5
1093	2
1094	4
1095	4
1096	7
1097	3
1098	5
1099	6
17483	1
1100	3
1101	5
1102	3
17486	1
1103	6
1104	6
1105	7
1106	9
17490	1
1107	8
1108	6
1109	3
1110	3
1111	10
1112	6
1113	6
1114	3
17498	1
1115	4
1116	6
1117	4
1118	5
17502	1
1119	6
1120	5
1121	4
1122	8
1123	3
1124	7
1125	7
1126	5
1127	6
1128	5
1129	7
1130	5
1131	5
1132	5
1133	5
1134	11
1135	4
1136	5
1137	7
1138	6
1139	5
17523	1
1140	6
1141	6
1142	3
1143	5
1144	9
1145	4
1146	2
1147	4
1148	3
1149	2
1150	5
1151	4
1152	8
1153	5
1154	6
1155	9
1156	3
1157	6
1158	4
1159	6
1160	7
1161	10
1162	8
1163	4
1164	4
1165	7
17550	1
1166	4
1167	7
1168	6
1169	3
1170	3
1171	7
1172	2
1173	7
1174	4
1175	4
1176	3
1177	10
1178	5
1179	11
1180	6
1181	6
1182	3
1183	2
1184	8
1185	8
1186	6
1187	1
1188	5
17572	1
1189	3
1190	8
1191	8
1192	3
1193	4
17577	1
1194	4
1195	9
1196	6
1197	9
1198	7
1199	2
1200	5
1201	5
1202	5
17586	1
1203	10
17588	1
1204	1
1205	2
1206	4
1207	1
1208	7
1209	4
1210	5
1211	7
1212	11
1213	6
1214	2
1216	9
1217	3
1218	6
1219	6
1220	3
1221	5
1222	5
1223	6
1224	3
1225	1
1226	7
1227	6
1228	4
1229	4
1230	6
1231	5
1232	8
1233	4
1234	14
1235	3
1236	9
1237	3
1238	5
1239	7
1240	7
1241	5
1242	3
1243	3
1244	8
1245	8
1246	5
1247	1
1248	6
1249	4
1250	5
1251	6
1252	7
1253	4
1254	4
1255	1
1256	6
17640	1
1257	6
1258	6
1259	1
1260	2
1261	5
1262	4
1263	6
1264	4
1265	2
1266	7
1267	4
1268	9
1269	7
1270	4
1271	2
1272	2
1273	6
1274	2
1275	3
1276	6
1277	4
1278	4
1279	5
1280	2
1281	3
1282	7
17666	1
1283	6
1284	3
1285	4
1286	2
1287	6
1288	5
1289	3
1290	6
17674	1
1291	5
1292	2
1293	6
1294	7
1295	6
1296	6
1297	4
1298	3
1299	6
17683	1
17684	1
1301	3
1302	5
1303	4
1304	3
1305	6
1306	7
1307	5
1308	3
17692	1
1309	8
1310	8
1311	5
1312	6
1313	4
1314	3
1315	6
1316	4
1317	5
1318	3
1319	6
1320	5
1321	4
1322	7
1323	3
1324	2
1325	1
1326	7
17710	1
1327	3
17712	1
1328	6
1329	7
1330	2
1331	5
1332	4
1333	1
1334	7
1335	4
1336	12
1337	8
1338	2
1339	3
1340	3
1341	4
1342	4
1343	5
1344	4
1345	6
1346	2
1347	5
1348	7
1349	6
1350	2
1351	4
1352	3
1353	5
1354	5
1355	5
1356	5
1357	1
1358	4
1359	7
1360	6
1361	3
1362	4
1363	7
1364	1
1365	2
1366	6
1367	3
1368	5
1369	3
1370	3
17755	1
1371	3
1372	11
1373	7
1374	7
1375	6
1376	6
1377	4
1378	2
1379	4
1380	3
1381	4
1382	4
1383	4
17767	1
1384	7
1385	3
1386	3
1387	5
1388	4
1389	3
1390	8
1391	4
1392	5
1393	5
1394	7
17778	1
1395	8
1396	10
1397	2
1398	2
1399	5
1400	2
1401	4
1402	9
1403	3
1404	7
1405	5
1406	6
1407	3
1408	7
1409	12
1410	8
1411	3
1412	7
1413	8
1414	3
1415	11
1416	4
17800	1
1417	1
1418	2
1419	6
1420	4
1421	6
1422	7
1423	10
1424	5
1425	4
1426	5
1427	3
1428	7
1429	11
1430	6
17814	1
1431	4
1432	4
1433	7
1434	5
1435	2
1436	4
1437	4
1438	5
1439	6
1440	7
1441	10
1442	5
1443	3
1444	6
1445	3
1446	3
1447	5
1448	4
1449	4
1450	6
1451	3
1452	5
1453	5
1454	3
1455	2
1456	6
1457	2
1458	4
1459	12
1460	2
1461	5
1462	5
1463	4
1464	2
1465	3
17849	1
1466	7
1467	6
1468	6
1469	9
1470	4
1471	6
1472	3
1473	5
1474	5
1475	9
1476	4
1477	2
1478	1
1479	3
1480	7
1481	9
1482	8
1483	5
1484	4
1485	3
1486	3
1487	3
1488	5
1489	2
1490	9
1491	3
1492	3
1493	5
1494	2
1495	8
17879	1
1496	3
1497	2
1498	7
17882	1
1499	11
1500	10
1501	3
17885	1
1502	10
1503	4
1504	5
1505	10
1506	3
1507	5
1508	6
1509	5
1510	7
1511	4
1512	5
1513	3
1514	4
1515	7
1516	4
1517	4
1518	6
1519	5
1520	10
1521	6
1522	5
1523	2
1524	3
1525	4
1526	4
1527	6
1528	1
1529	6
1530	2
1531	7
17915	1
1532	3
1533	7
1534	7
1535	6
1536	6
1537	6
1538	4
1539	4
1540	7
1541	4
1542	4
1543	6
1544	6
1545	6
17929	1
1546	6
1547	6
1548	3
1549	6
1550	3
1551	8
1552	12
1553	2
1554	3
1555	7
1556	5
1557	7
1558	5
1559	9
1560	5
1561	6
1562	7
1563	2
1564	5
1565	6
1566	7
1567	2
1568	4
1569	7
1570	5
17954	1
1571	6
1572	2
1573	2
1574	7
1575	10
1576	5
1577	3
1578	5
1579	3
1580	4
1581	3
1582	3
1583	5
1584	3
1585	8
1586	4
1588	6
1589	4
1590	4
1591	3
1592	5
1593	5
1594	4
1595	9
1596	9
1597	4
1598	5
1599	8
1600	6
1601	5
1602	5
1603	8
17987	1
1604	7
1605	6
1606	1
1607	5
1608	8
1609	12
1610	3
1611	2
1612	6
1613	2
1614	10
17998	1
1615	2
1616	3
1617	4
1618	8
1619	8
1620	5
1621	5
1622	5
1623	3
1624	8
1625	4
18009	1
1626	2
1627	3
1628	6
1629	6
1630	3
1631	4
1632	4
1633	5
1634	4
1635	2
1636	11
1637	6
1638	4
1639	2
1640	6
1641	6
1642	1
1643	6
1644	9
1645	3
1646	4
18030	1
1647	3
1648	6
1649	3
1650	6
1651	4
1652	5
1653	3
1654	7
1655	2
1656	4
1657	6
18041	1
1658	4
1659	6
1660	6
1661	3
1662	7
1663	4
1664	8
1665	3
1666	2
1667	7
1668	5
1669	9
1670	4
1671	8
1672	6
1673	3
1674	5
1675	6
1676	5
1677	3
1678	3
1679	6
1680	3
1681	5
1682	4
1683	4
1684	1
1685	5
1686	2
1687	5
1688	5
1689	3
1690	4
1691	5
1692	6
1693	3
1694	4
1695	5
1696	3
1697	7
1698	2
1699	5
1700	9
1701	2
1702	4
1703	5
1704	4
1705	3
1706	7
1707	4
1708	4
1709	4
1710	6
18095	1
1711	3
1712	5
1713	3
1714	8
1715	5
1716	8
1717	4
1718	3
1719	7
1720	4
1721	7
1722	6
1723	6
18107	1
1724	10
1725	8
1726	3
1727	6
1728	7
18112	1
1729	5
1730	3
1731	15
1732	2
1733	3
1734	3
1735	7
1736	1
1737	6
1738	6
1739	10
18123	1
1740	5
1741	6
1742	3
1743	9
1744	1
1745	2
1746	4
1747	6
1748	5
1749	7
1750	4
1751	6
1752	4
1753	6
1754	2
1755	2
1756	9
1757	7
1758	11
1759	3
1760	9
1761	8
1762	6
1763	9
1764	6
1765	5
1766	7
1767	10
1768	1
1769	5
1770	3
1771	2
1772	2
1773	2
1774	5
1775	2
1776	5
18160	1
1777	1
1778	5
1779	4
1780	6
1781	6
1782	10
1783	2
1784	4
1785	5
1786	4
1787	8
1788	2
1789	6
1790	7
1791	10
1792	9
1793	7
1794	4
1795	8
1796	4
1797	1
1798	7
1799	6
1800	5
1801	5
1802	1
1803	3
1804	6
18188	1
1805	4
1806	6
1807	8
1808	2
18192	1
1809	2
1810	1
1811	4
1812	11
1813	5
1814	5
1815	4
1816	8
1817	6
1818	6
1819	7
1820	6
1821	5
1822	6
1823	6
1824	3
1825	6
1826	7
1827	4
1828	5
1829	3
1830	4
1831	6
1832	5
18216	1
1833	5
1834	6
1835	3
1836	7
1837	2
1838	7
1839	2
1840	4
1841	6
1842	5
1843	5
1844	3
1845	4
1846	9
1847	3
1848	5
1849	2
1850	6
1851	2
1852	1
1853	3
1854	4
1855	7
1856	7
1857	5
1858	3
1859	4
1860	7
1861	4
1862	4
1863	6
18247	1
1864	5
1865	4
1866	5
1867	6
1868	3
1870	6
1871	3
1872	4
1873	1
1874	6
1875	6
1876	6
1877	5
1878	5
1879	4
1880	5
1881	7
1882	2
1883	6
1884	9
1885	3
1886	6
18270	1
1887	6
1888	5
18272	1
1889	8
1890	6
1891	8
1892	6
1893	6
1894	9
1895	5
18280	1
1896	4
1897	9
1898	7
1899	3
1900	5
1901	6
1902	4
1903	1
1904	1
1905	8
18290	1
1906	2
1908	6
1909	4
1910	7
1911	9
1912	3
1913	6
1914	3
1915	6
1916	1
1917	5
1918	6
1919	7
1920	3
1921	6
1922	4
1923	4
1924	4
1925	11
1926	2
1927	7
1928	4
1929	4
1930	3
1931	10
1932	5
1933	10
1934	3
1935	7
1936	4
1937	9
1938	5
1939	5
1940	4
1941	4
1942	2
1943	4
1944	5
1945	8
1946	4
1947	2
1948	8
1949	6
1950	8
1951	13
1952	7
1953	2
1954	6
1955	5
1956	2
1957	4
1958	3
1959	6
18343	1
1960	7
1961	4
1962	4
1963	8
1964	9
1965	5
1966	4
1967	3
1968	8
1969	5
1970	1
1971	5
1972	4
1973	3
1974	3
1976	7
1977	4
1978	6
1979	8
1980	1
1981	3
1982	6
1983	6
1984	7
1985	1
1986	6
1987	8
1989	3
18373	1
1990	5
1991	8
18375	1
1992	1
1993	1
1994	4
1995	4
1996	7
1997	10
1998	4
1999	5
2000	2
2001	3
2002	2
18386	1
2003	8
2004	5
2005	4
2006	10
2007	4
2008	2
2009	5
2010	5
2011	4
2012	4
18396	1
2013	7
2014	4
2015	4
2016	4
2017	2
2018	5
2019	4
2020	8
2021	5
2022	9
2023	5
2024	5
2025	5
2026	5
2027	6
2028	4
2029	2
2030	4
2031	4
2032	6
2033	6
2034	2
2035	7
2036	7
2037	4
2038	2
2039	7
2040	2
2041	7
2042	5
2043	6
2044	3
2045	5
2046	5
2047	5
2048	3
2049	3
2050	2
2051	6
2052	5
2053	4
2054	7
2055	4
2056	6
2057	3
2058	5
2059	6
2060	6
2061	2
2062	5
18447	1
2063	4
2064	6
2065	3
2066	3
2067	3
2068	5
2069	3
2070	4
2071	2
2072	3
2073	8
2074	4
2075	5
2076	4
2077	4
2078	3
2079	5
2080	4
2081	7
2082	7
2083	6
2084	5
2085	3
2086	5
2087	7
2088	5
2089	3
2090	4
2091	3
2092	7
2093	6
2094	7
2095	3
2096	5
2097	2
2098	6
2099	4
2100	11
2101	9
2102	6
2103	8
2104	1
2105	2
2106	3
2107	5
2108	3
2109	2
2110	7
2111	5
2112	6
2113	8
2114	3
2115	3
2116	3
2117	4
2118	3
2119	4
2120	5
2121	4
2122	4
2123	3
2124	8
2125	2
2126	1
2127	5
2128	5
2129	2
2130	4
2131	5
2132	9
2133	4
2134	10
2135	5
2136	5
2137	10
18521	1
2138	4
2139	6
2140	8
2141	7
2142	4
18526	1
2143	3
2144	4
2145	6
2146	4
2147	7
2148	3
2149	4
2150	1
2151	8
2152	1
2153	4
18537	1
2154	4
2155	8
2156	4
2157	8
2158	5
2159	7
2160	2
2161	2
2162	4
2163	4
2164	7
2165	4
2166	8
2167	3
2168	4
2169	6
2170	6
2171	2
2172	3
2173	7
2174	4
2175	1
2176	6
2177	5
2178	4
2179	5
2180	8
2181	8
2182	2
2183	3
2184	7
2185	7
2186	8
2187	3
2188	5
2189	5
2190	2
2191	8
2193	4
2194	3
2195	4
2196	8
2197	4
2198	4
2199	2
2200	4
2201	8
2202	3
2203	11
18587	1
2204	4
2205	5
2206	3
2207	3
2208	8
2209	3
2210	4
2211	7
2212	5
2213	3
2214	4
2215	7
2216	7
2217	4
2218	8
2219	2
2220	6
2221	9
2222	7
2223	3
2224	1
2225	2
2226	3
2227	3
2228	3
2229	5
2230	7
2231	9
2232	4
2233	1
2234	2
2235	9
2236	7
2237	8
2238	6
2239	1
2240	4
2241	9
2242	2
2243	4
2244	7
2245	6
2246	6
2247	4
2248	3
2249	9
2250	6
2251	2
2252	5
2253	10
2254	4
2255	3
2256	6
2257	4
2258	3
2259	7
2260	8
2261	2
2262	5
2263	7
2264	4
2265	6
2266	6
2267	3
2268	4
2269	3
2270	4
2271	6
2272	2
18656	1
2273	7
2274	2
2275	5
2276	5
2277	3
2278	3
2279	4
18663	1
2280	4
2281	5
2282	7
2283	6
2284	2
2285	5
2286	7
2287	2
2288	3
2289	5
2290	6
18674	2
2291	6
2292	3
2293	5
2294	5
2295	4
18679	1
2296	5
2297	4
2298	2
2299	5
2300	5
2301	4
2302	3
2303	5
2304	4
2305	5
2306	5
2307	3
2308	3
2309	2
2310	7
2311	8
2312	2
2313	3
2314	3
18698	1
2315	2
2316	5
2317	3
2318	6
2319	4
2320	5
2321	9
2322	2
2323	2
2324	2
2325	6
2326	5
2327	4
2328	4
2329	7
2330	6
18714	1
2331	5
2332	5
2333	3
2334	5
2335	5
2336	5
2337	4
2338	7
2339	5
2340	5
2341	5
2342	4
2343	4
2344	8
2345	2
2346	7
2347	5
2348	5
2349	9
2350	3
2351	6
2352	5
2353	7
2354	4
2355	4
2356	6
2357	2
2358	4
2359	2
2360	3
2361	5
2362	5
2363	2
2364	5
2365	3
2366	4
2367	4
2368	5
2369	6
18753	1
2370	3
2371	2
2372	10
2373	3
2374	7
2375	5
2376	6
2378	4
2379	7
2380	3
2381	3
2382	3
2383	5
2384	9
2385	5
2386	3
2387	2
2388	4
2389	3
2390	2
2391	6
2392	6
2393	1
2394	5
2395	2
2396	5
2397	6
2398	5
18782	1
2399	6
2400	6
2401	3
2402	5
2403	2
2404	5
2405	4
2406	3
2407	7
2408	2
2409	7
2410	3
2411	4
2412	1
2413	4
2414	5
18798	1
2415	2
2416	5
2417	2
2418	5
2419	6
2420	3
2421	5
2422	2
2423	3
2424	5
2425	2
2426	5
2427	3
2428	1
2429	6
2430	6
2431	4
2432	3
2433	3
2434	3
2435	3
2436	1
2437	9
2438	4
2439	3
2440	6
2441	7
2442	3
2443	7
2444	4
2445	3
2446	4
2447	6
2448	3
2449	1
2450	6
2451	6
2452	4
2453	3
2454	6
2455	5
2456	3
2457	3
2458	1
2459	5
2460	1
2461	5
2462	5
2463	5
18847	1
2464	2
2465	2
2466	8
2467	4
18851	1
2468	2
2469	5
2470	9
2471	8
2472	6
2473	6
2474	4
2475	3
2476	7
2477	3
2478	4
2479	1
2480	2
2481	7
2482	5
2483	5
2484	6
2485	3
2486	1
2487	3
2488	6
2489	6
2490	3
2491	5
2492	3
2493	1
2494	5
2495	8
2496	3
2497	5
2498	1
2499	11
2500	3
2501	3
2502	6
2503	5
2504	3
2505	7
2506	7
2507	4
2508	6
2509	11
2510	4
2511	2
2512	5
2513	4
2514	4
2515	5
2516	8
2517	4
2518	3
2519	3
2520	3
2521	2
2522	4
2523	3
2524	2
18908	1
2525	4
2526	4
2527	1
2528	3
2529	5
2530	4
2531	3
2532	5
2533	4
2534	4
2535	4
2536	6
2537	6
2538	4
2539	6
18923	1
2540	8
2541	6
2542	4
2543	5
2544	5
2545	5
2546	3
2547	4
2548	2
2549	4
2550	5
2551	7
2552	5
2553	6
2554	1
2555	4
2556	4
2558	5
2559	6
2560	3
2561	7
2562	2
2563	4
2564	2
2565	3
2566	4
2567	5
2568	2
18952	1
2569	2
2570	6
2571	5
2572	6
2573	4
2574	3
2575	4
2576	3
2577	5
18961	1
2578	7
2579	8
2580	2
2581	7
2583	6
2584	6
2585	3
18969	1
2586	2
2587	6
2588	6
2589	3
2590	5
2591	5
2592	4
2593	6
2594	3
2595	7
2596	3
2597	5
2598	4
2599	5
2600	4
2601	5
2602	5
2603	2
2604	2
2605	5
2606	3
2607	4
2608	11
2609	3
18993	1
2610	5
2611	5
2612	3
2613	1
2614	9
2615	6
2616	6
2617	3
2618	7
2619	7
2620	3
2621	3
2622	4
2623	5
2624	6
2625	5
2626	6
2627	7
2628	7
2629	6
2630	3
2631	4
2632	3
19016	1
2633	3
2634	5
19018	1
2635	7
2636	4
2637	6
2639	3
2640	7
2641	5
2642	3
2643	2
2644	6
2645	4
2646	5
2647	5
2648	7
2649	6
2650	5
2651	6
2652	3
2653	5
2654	2
2655	2
2656	4
2657	4
2658	6
19042	1
2659	2
2660	4
2661	2
2662	4
2663	3
2664	3
2665	5
2666	4
2667	5
2668	2
2669	3
2670	5
2671	5
2672	5
2673	4
2674	5
2675	2
2676	3
2677	1
19061	1
2678	7
2679	4
2680	3
2681	3
2682	4
2683	3
2684	6
2685	7
2686	5
2687	3
2688	8
2689	5
2690	8
2691	2
2692	4
2693	6
2694	6
2695	5
2696	2
2697	6
19081	1
2698	5
2699	8
2700	3
19084	1
2701	4
2702	3
2703	3
2704	7
2705	6
2706	6
2707	5
2708	5
2709	7
2710	6
2711	6
2712	4
2713	3
2714	3
2715	5
2716	4
2717	6
2718	5
2719	3
2720	4
2721	6
2722	9
2723	2
19108	1
2724	5
2725	6
2726	5
2727	5
2728	4
2729	3
2730	2
2731	3
2732	3
2733	5
2734	5
2735	5
2736	5
2737	2
2738	4
2739	5
2740	2
2741	6
2742	5
2743	2
2744	3
2745	8
2746	7
2747	3
2748	4
2749	2
2750	4
2751	6
2752	5
2753	2
2754	5
2755	4
2756	3
2757	2
2758	4
2759	2
2760	3
2761	4
19145	1
2762	9
2763	5
2764	4
2765	4
2766	4
2767	6
2768	6
2769	11
2770	7
2771	3
2772	5
2773	4
2774	4
2775	4
2776	2
2777	1
2778	6
2779	4
2780	5
2781	4
2782	5
2783	2
2784	7
2785	4
2786	5
2787	9
2788	4
2789	4
2790	4
2791	5
2792	8
2793	5
2794	2
2795	2
2796	7
2797	4
2798	8
2799	7
2800	3
2801	2
2802	2
2803	7
2804	7
2805	6
2806	5
2807	2
2808	4
2809	6
2810	2
2811	2
2812	9
2813	8
2815	2
2816	1
2817	1
2818	7
2819	5
2820	3
2821	6
2822	2
2823	5
2824	5
2825	7
2826	3
2827	8
19211	1
2828	7
2829	4
2830	1
2831	9
2832	5
2833	6
2834	2
2835	1
2836	2
2837	12
2838	4
2839	7
2840	7
2841	6
2842	3
2843	6
2844	5
2845	6
2846	2
2847	1
2848	4
2849	9
2850	3
2852	4
2854	3
2855	2
2856	3
2857	4
2858	3
2859	4
2860	5
2861	6
2862	4
2863	4
2864	5
2865	4
2866	3
2867	3
2868	8
2869	9
2870	4
2871	6
2872	5
2873	5
2874	5
2875	2
2876	2
2877	4
2878	6
2879	2
2880	6
2881	4
2882	4
2883	6
2884	2
2885	2
2886	7
2887	7
2888	1
2889	5
2890	5
2891	5
2892	1
2893	4
2894	4
2895	3
2896	6
2897	6
2898	2
2899	2
2900	2
2901	10
2902	5
2903	7
2904	9
2905	4
2906	7
2907	4
2908	4
2909	2
2910	6
2912	8
2913	7
2914	3
2915	8
2916	5
2917	3
2918	5
2919	3
2920	3
2921	3
2922	5
2923	5
2924	3
2925	6
2926	2
2927	3
2928	3
2929	4
2930	7
2931	6
2932	1
2933	7
2935	6
2936	2
2937	4
2938	3
2939	5
2940	3
2941	2
2942	5
2943	3
2944	3
2945	4
2946	2
2947	1
2948	2
2949	1
2950	5
2951	4
2952	7
2953	5
2954	4
2955	6
2956	3
2957	1
2958	5
2959	2
2960	3
19344	1
2961	4
2962	2
2963	5
2964	4
2965	9
2966	3
2967	3
2968	4
2969	4
2970	2
2971	5
2972	6
2973	6
2974	3
2975	5
2976	5
2977	5
2978	1
2979	5
2980	6
2981	4
2982	4
2983	6
2984	5
2985	4
2986	3
2987	7
2988	9
2989	6
2990	5
2991	7
2992	6
2993	6
2994	4
2995	4
2996	6
2997	8
2998	7
2999	4
3000	2
3001	2
3002	4
3003	3
3004	5
3005	5
3006	2
3007	2
3008	4
3009	4
3010	2
3011	3
3012	5
3013	6
3014	4
3015	6
3016	5
3017	5
3018	7
3019	5
3020	2
3021	2
3022	2
3023	1
3024	3
3025	3
3026	7
3027	6
3028	3
3029	6
3030	3
3031	3
19415	1
3032	3
3033	3
3034	3
3035	3
3036	3
3037	3
3038	5
3039	3
3040	7
3041	4
3042	5
3043	7
3044	3
3045	2
3046	2
3047	5
3048	3
3049	7
3050	7
3051	6
3052	8
3053	5
3054	3
3055	4
3056	3
3057	5
3058	2
3059	4
3060	5
3061	4
3062	5
3063	4
3064	2
19448	1
3065	5
3066	6
3067	7
3068	4
3069	2
3070	3
3071	5
19455	1
3072	6
3073	6
3074	5
3075	6
3076	1
3077	6
3078	4
3079	2
3080	3
3081	5
3082	7
3083	1
3084	7
3085	3
3086	3
3087	6
3088	7
3089	3
3091	4
3092	2
3093	4
3094	3
3095	2
3096	3
3097	3
3098	5
3099	1
3100	7
3101	5
3102	3
3103	3
3104	8
3105	4
3106	6
3107	3
3108	5
3109	6
3110	5
19494	1
3111	4
3112	2
19496	1
3113	5
3114	7
3115	3
3116	3
3117	1
3119	3
3120	3
3121	2
3122	4
3123	2
3124	2
3125	6
3126	3
3127	5
3128	10
3129	13
3130	4
3131	6
3132	6
3133	4
19517	1
3134	6
3135	4
3136	6
3137	3
3138	1
3139	8
3140	4
3141	12
3142	6
3143	3
3144	5
3145	4
3146	7
3147	4
3148	2
3149	8
3150	4
19534	1
3151	4
3152	5
3153	2
19538	1
3154	4
3155	2
3156	4
3157	5
3158	6
3159	5
3160	3
3161	4
3162	5
3163	2
3164	4
3165	2
3166	3
3167	1
3168	4
3169	5
3170	3
19554	1
3171	4
3172	2
3173	4
3174	6
3175	1
3176	6
3177	4
3178	1
19562	1
3179	4
3180	8
3181	6
3182	2
3183	4
3184	3
3185	2
3186	4
3187	2
3188	3
3189	6
3190	2
3191	2
3192	2
3193	4
3194	4
3195	5
3196	2
3197	1
3198	2
3199	2
3200	4
3201	6
3202	2
3203	5
3204	5
3205	4
3206	4
3207	3
3208	4
3209	5
3210	7
3211	4
3213	5
3214	4
3215	7
3216	2
3217	4
3218	3
19602	1
3219	4
3220	4
3221	10
3222	5
3223	3
3224	2
3225	4
3226	7
3227	6
3228	3
3229	2
3230	6
3231	3
3232	4
3233	2
3234	1
3235	3
3236	4
3237	4
3238	2
3239	4
3240	6
3241	5
3242	7
3243	2
3244	4
3245	3
3246	4
3247	2
3248	4
3249	2
3250	3
3251	4
3252	3
3253	5
3254	9
3255	5
3256	2
3257	3
3258	3
3259	4
3260	4
3261	7
3262	1
3263	7
3264	2
3265	6
3267	1
3268	9
3269	8
3270	5
3271	6
3272	1
3273	1
3274	4
3275	5
3276	2
3277	3
3278	5
3280	6
3281	4
3282	2
3283	5
3284	7
19668	1
3285	4
3286	2
3287	1
3288	4
3289	3
3290	3
3291	4
3292	4
3293	5
3294	9
3295	8
3296	3
3297	3
3298	5
3299	5
3300	5
3301	4
3302	1
3303	2
3304	2
3305	3
3306	2
3307	4
3308	1
3309	5
3310	6
3311	2
3312	7
3313	2
3314	2
3315	4
3316	2
3317	7
3318	6
3319	3
3320	2
3322	3
3323	4
3324	4
3325	2
3326	3
3327	6
3328	4
3329	2
3330	4
3331	4
3332	1
3333	6
3334	1
3335	3
3336	5
3337	3
3338	2
3339	3
3340	1
3341	3
3342	4
3343	4
3344	7
3345	3
3346	1
3347	1
3348	3
3349	4
3350	4
3351	2
3352	5
3353	6
3354	5
3355	4
3356	1
3357	3
3358	7
3359	7
3360	4
3361	8
3362	1
3363	4
3364	3
3365	3
3366	5
3367	4
3368	5
3369	4
3370	4
3371	3
3373	3
3374	4
19758	1
3375	7
3376	5
3377	4
3378	3
3379	3
3380	4
3381	5
3382	3
3383	3
3384	3
3385	3
3386	3
3387	3
3388	2
3389	1
3390	4
3391	4
3392	2
3393	3
3394	4
3395	2
3396	5
3397	5
3398	5
3399	2
3400	3
3401	2
3402	3
3403	2
3404	2
3405	7
3406	4
3407	3
19791	1
3408	3
3409	5
3410	2
3411	3
3412	3
3413	6
3414	1
3415	1
3416	6
3417	5
3418	5
3420	5
3421	6
3422	4
3423	4
3424	3
3425	4
3426	1
3427	2
3428	1
3429	4
3430	6
3431	5
3432	1
3433	4
3434	4
3435	2
3436	1
3438	2
3439	2
3440	3
3441	5
3442	4
3443	6
3444	4
3445	4
3446	4
3447	5
3448	4
3449	3
3450	8
3451	3
3452	4
3453	4
19837	1
3454	6
3455	3
3456	3
3457	3
3458	2
3459	2
3460	3
3461	4
3462	3
3463	2
3464	1
3465	5
3466	4
3468	3
3469	2
3470	7
19854	1
3471	1
3472	2
3473	4
3474	2
3475	3
3476	4
3477	1
3478	4
3479	6
3480	2
3481	2
3482	4
3483	5
3484	1
3485	1
3486	10
3487	3
3488	2
3489	6
3490	5
3491	7
3492	5
3493	3
3494	2
3495	5
3496	2
19880	1
3497	2
3498	2
3499	2
3500	1
3501	2
3502	4
3503	2
3504	2
3505	4
3506	2
3507	1
3508	5
3509	3
3510	4
3511	4
3512	2
3513	2
3514	9
3515	3
3516	7
3517	4
3518	3
3519	7
3520	2
3521	5
3522	1
3523	4
3524	5
3525	3
3526	8
3527	2
3528	3
3529	1
3530	1
3531	6
3532	3
3533	4
3534	4
3535	4
3536	2
3538	9
3539	4
3541	1
3542	2
3543	2
3544	4
3545	3
19930	1
3546	2
3547	6
3548	1
3549	5
3550	1
3551	6
3552	6
3553	1
3554	1
3555	3
3556	1
3557	2
3558	3
3559	1
3560	1
3561	4
3562	4
3563	4
3564	1
3565	7
3566	2
3567	5
3568	4
3569	2
3570	1
3571	4
3572	1
3573	5
3574	5
3575	2
3577	1
3578	5
3579	6
3580	2
3581	2
3582	3
3583	6
3584	4
3585	4
3586	5
3587	4
3588	2
3589	2
3590	5
3591	3
3592	4
3594	4
3595	3
3596	6
3597	2
3598	3
3599	3
3600	4
3601	4
3602	3
3603	2
3604	4
3605	3
3606	2
3607	1
3608	5
3609	3
3610	3
3611	4
3612	5
3614	4
3615	6
3616	2
3617	3
3618	3
3619	2
3620	5
3621	4
3622	8
3623	1
3624	4
3625	1
3626	3
3627	5
3628	3
3629	2
3630	3
3631	1
3632	3
3634	1
3635	3
3636	7
3637	4
3638	3
3639	5
3640	1
3641	4
3642	2
20026	1
3643	3
3644	3
3645	4
3646	2
3647	4
3648	6
3649	2
3650	6
3651	3
3652	1
3653	2
3654	3
3655	2
3656	8
3657	4
3658	5
3660	3
3661	3
3662	3
3663	4
3664	3
3665	5
3666	2
3667	1
3668	6
3669	4
3670	5
3671	3
3672	1
3673	1
3674	2
3675	3
3676	1
20060	1
3677	2
3678	1
3679	2
3680	6
3681	1
3682	1
3683	3
3684	3
3685	4
3686	2
3687	2
3688	4
3689	3
3690	3
3691	3
3692	4
3693	2
3694	4
3695	5
3696	3
3697	4
3698	2
3699	1
3700	3
3701	5
3702	2
3703	3
3704	2
3705	4
3706	2
3707	3
3708	4
3709	3
3710	4
3711	4
3712	2
3713	2
3714	4
20098	1
3716	6
3717	3
3718	5
3719	2
3720	2
3721	2
3722	3
3723	2
3724	4
3725	4
3726	2
3727	2
3728	4
3729	2
3730	2
3731	1
3732	3
3733	1
3734	5
3735	5
3736	1
3737	1
3738	5
3740	5
3741	5
3742	2
3743	4
3744	2
20128	1
3745	2
3746	2
3747	6
3748	3
3749	2
3750	5
20134	1
3752	2
3753	1
3755	4
3757	4
3758	2
3759	4
3760	2
3761	5
3762	2
3763	5
20147	1
3764	3
3765	1
3766	3
3767	2
3768	2
3769	3
3770	6
3771	1
3772	3
3773	4
3774	3
3775	2
3776	3
3777	1
3778	4
3779	2
3780	5
3781	5
3782	3
3783	4
3784	2
3785	2
3786	3
3787	1
3788	1
3789	4
3790	4
3791	2
3792	2
3793	4
20177	1
3794	1
3795	4
3796	1
3797	6
3798	2
3799	1
3800	2
3801	1
3802	4
3803	5
3804	1
3805	1
3806	3
3807	1
3808	7
3809	4
3810	1
3811	7
3812	4
3813	1
3814	2
3815	5
3816	1
3817	4
20201	1
3818	3
3819	2
3820	2
3821	5
3822	1
3823	2
3824	1
3825	2
3826	7
3827	2
3828	2
3829	4
3830	1
3831	1
3832	1
3833	4
3834	5
3835	3
3836	3
3837	3
3838	6
3839	4
3840	3
3841	2
3842	4
3843	4
3844	4
3845	4
3846	2
3847	1
3849	1
3850	2
3851	9
3852	8
3853	3
3854	1
3855	1
3856	5
3857	5
3858	5
3859	5
3860	1
3861	3
3862	2
3863	3
3864	3
3866	4
3867	6
3868	3
3869	4
3870	2
3871	3
3872	5
3873	2
3874	4
3875	1
3876	3
3877	5
3878	1
3879	3
3880	10
3881	4
3882	7
3883	3
3884	2
3885	2
3886	4
3887	5
3888	3
3889	2
3890	2
3891	1
3892	3
3893	5
3894	3
3895	3
3896	2
3897	6
3898	4
3899	4
3900	4
3901	3
3903	4
3904	8
3905	2
3906	1
3907	4
3908	4
3909	2
3910	5
3911	1
3912	2
3913	2
3914	5
3915	1
3916	3
3917	4
3918	4
3919	1
3920	4
3921	1
3922	2
3923	2
3925	3
3926	3
3927	3
3928	5
3929	3
3930	1
3931	2
3932	4
3933	2
3934	10
3935	3
3936	1
3937	2
3938	4
3939	3
3940	3
3941	4
3942	2
3943	4
3944	6
3945	3
3946	4
3947	2
3948	2
3949	2
3950	1
3951	2
3952	1
3953	3
3954	2
3955	2
3956	3
3957	2
3958	3
3959	3
3960	3
3961	3
3962	4
3964	3
3965	5
3966	1
3967	2
3968	3
3969	3
3970	4
3971	2
3972	1
3973	5
3974	2
3975	3
3976	4
3977	1
3978	2
3979	3
3980	5
3981	2
3982	3
3983	1
3984	6
3985	8
3986	2
3987	2
3988	3
3989	3
3990	3
3991	2
3992	3
3993	2
3994	5
3995	1
3996	4
3997	1
3998	3
3999	5
4000	2
20384	1
4001	1
4002	5
4003	2
4004	2
4005	2
4006	2
4007	2
4008	5
4009	1
4010	3
4012	2
4013	2
4014	1
4015	3
4016	1
4017	2
4018	2
4019	5
4020	2
4021	2
4022	5
4023	2
4024	4
4025	2
4026	3
4027	1
4028	3
4029	1
4030	3
4031	3
4032	4
4033	2
4034	3
4035	4
4036	3
4037	2
4038	3
4039	2
4040	4
4041	2
4042	2
4043	5
4045	2
4046	1
4047	1
4048	1
4050	5
4051	2
4052	1
4053	4
4054	5
4055	2
4056	2
20440	1
4057	3
4058	2
4059	5
4060	1
4061	3
4062	4
4063	2
4064	5
4065	4
4066	3
4067	2
4068	3
4069	3
4070	1
4071	3
4072	5
4073	5
4074	3
4076	3
4077	4
4078	4
4079	3
4080	2
4081	3
4082	4
4083	1
4084	2
20468	1
4085	3
4086	3
4087	3
4088	2
4089	2
4090	2
4091	2
4092	1
4093	3
4094	3
4095	3
4096	1
4097	2
4098	5
4099	3
4100	2
4101	2
4102	4
4103	3
4104	2
4105	2
4106	3
4107	6
4108	2
4109	1
4111	1
4112	2
4113	3
4114	1
4115	4
4116	3
4117	1
4118	3
4119	4
4120	1
4121	2
4122	6
4123	2
4124	2
4125	1
4126	3
4127	2
4128	3
4129	4
4130	2
4131	1
4132	3
4133	2
4134	3
4135	2
4136	4
4137	5
4138	3
4139	2
4140	3
4141	4
4142	7
4143	2
4144	4
4145	1
20530	1
4147	4
4148	1
4149	1
4150	3
4151	3
4152	1
4153	4
4154	2
4155	4
4156	2
4157	3
4158	1
4159	2
4160	3
4161	4
4162	1
4163	6
4164	3
4165	4
4166	1
4167	1
4168	3
4169	3
4170	2
4171	2
4172	4
4173	3
4174	4
4175	3
4176	2
4177	4
4178	2
4179	3
4181	4
4182	3
4184	2
4185	2
4186	3
4187	1
4188	4
4189	3
4190	2
4191	7
4192	3
4193	2
4194	6
4195	3
20579	1
4196	3
20580	1
4197	1
4198	1
4199	2
4200	1
4201	3
4202	2
4203	4
4204	4
4205	2
4207	1
4208	3
4209	3
4210	4
4211	6
4212	4
4213	6
4214	1
4215	1
4216	2
4217	1
4219	2
4220	3
4221	1
4222	3
4223	2
4225	1
4226	3
4227	4
20611	1
4228	4
4229	2
4230	5
4231	6
4232	3
4233	3
4234	1
4236	2
4237	2
4238	3
4239	3
4240	1
4242	4
4244	2
4245	2
4246	3
4247	2
4248	1
4249	2
4250	1
4251	2
4252	4
4253	3
4254	2
4255	6
4257	2
4258	5
4259	1
4260	4
4262	3
4263	3
4264	5
4265	3
4266	4
4267	4
4268	3
4269	1
4270	1
4272	2
4273	3
4274	2
4275	1
4276	2
4277	2
4278	4
4279	2
4280	2
4281	2
4282	1
4283	3
4285	1
4287	5
4288	1
4289	1
4290	3
4292	2
4293	3
4294	2
4295	1
4297	4
4298	3
4299	6
4300	5
4301	5
4302	4
4303	1
4305	4
4306	2
4307	3
4308	2
4309	2
4310	4
4311	2
4312	5
4313	1
20698	1
4315	6
4316	3
4317	3
4318	1
4319	4
4320	3
4322	7
4323	2
4324	5
4325	4
4326	3
4328	3
4329	2
4330	2
4331	4
4332	4
4333	2
4334	3
4335	3
4336	1
4337	3
4338	1
4339	6
4340	6
4341	2
4342	3
4344	1
4345	1
4346	2
4347	4
4348	2
4349	3
4350	4
4351	4
4352	1
4353	4
4354	3
4355	3
4356	3
4357	5
4358	4
4359	3
4360	4
4361	4
4362	4
4363	3
4364	2
4367	3
4368	4
4369	2
4370	3
4371	2
4372	3
4373	3
4374	3
4375	2
4376	1
4377	3
4378	1
4379	3
4380	5
4381	5
4382	3
4383	4
4384	2
4385	5
4386	2
20770	1
4387	1
4388	1
4389	1
4390	2
4391	3
4392	1
4393	1
4394	1
4395	3
4396	2
4397	1
4398	1
4399	3
4400	2
4401	1
4402	2
4403	3
4404	2
4405	4
4406	2
4407	1
4408	5
4409	1
4410	1
4411	3
4412	4
4413	5
4414	3
4415	1
4416	3
4417	1
4418	5
4419	1
20803	1
4421	1
4422	1
4423	3
4424	3
4425	5
4426	2
4427	4
4428	3
4429	1
4430	2
4431	2
4434	3
4436	3
4438	2
4439	2
4440	2
4441	2
4443	1
4444	2
20828	1
4446	4
4447	1
4448	1
4449	3
4450	5
4451	2
4452	1
4453	2
20838	1
4454	1
4455	6
4456	4
4458	2
4459	3
4460	2
4461	3
4462	2
4463	1
4464	2
4465	3
4466	2
4467	1
4468	2
4469	8
4470	4
4471	1
4472	1
4473	2
4474	2
4477	4
4478	2
4479	1
4480	3
4481	2
4482	1
4483	4
4484	1
4485	5
4486	4
4487	5
4488	2
4489	2
4490	3
4491	4
4492	1
4493	1
4494	2
4495	6
4496	2
4497	2
4498	3
4499	5
4500	3
4503	2
4504	1
4505	2
4506	2
4507	1
4508	1
4509	3
4510	2
4511	4
4512	3
4513	5
4514	1
4515	2
4516	2
4517	2
4518	2
4519	1
4520	4
4521	2
4523	4
4524	4
4525	1
4526	3
4527	5
4528	3
4529	2
4530	3
4532	1
4533	1
4534	1
4535	5
4536	1
4537	2
4538	4
4539	3
4540	3
4541	1
4543	1
4544	2
4546	2
4547	2
4548	3
4549	1
4550	3
4551	7
4552	1
4553	1
4554	1
4555	1
4556	4
4557	2
4558	1
4559	2
4560	4
4561	2
4562	6
4564	2
4565	2
4566	3
4567	3
4568	1
4569	2
4571	2
4572	1
4573	2
4575	3
4576	3
4577	3
4578	1
4579	5
4581	2
4582	2
4583	4
4584	1
4585	2
4586	5
4587	1
4589	1
4590	3
4591	2
4592	2
4593	1
4594	4
4595	4
4596	2
4597	4
4598	1
4599	4
4600	1
4601	4
4602	4
4603	3
4606	2
4607	1
4608	2
4610	6
4611	1
4612	2
4613	1
4614	1
4615	1
4616	3
4617	2
4618	2
4619	4
4620	3
4621	3
4622	1
4623	3
4624	3
4627	3
4628	1
4629	5
4630	6
4632	2
4634	2
4635	5
4636	2
4638	3
4639	3
4640	1
4641	4
4642	3
4643	4
4644	3
4645	2
4646	1
4648	3
4649	1
4650	6
4651	1
4652	3
4653	8
4654	1
4655	2
4656	4
4657	1
4659	3
4661	1
4662	2
4663	2
4664	2
4665	2
4667	2
4668	1
4669	1
4670	1
4671	2
4672	3
4673	3
4674	5
4676	1
4677	1
4678	1
4679	5
4680	4
4681	3
4683	3
4684	5
4685	3
4687	1
4688	3
4689	1
4690	1
4691	3
4692	4
4693	3
4694	2
4695	1
4696	2
4697	2
4698	2
4699	1
4700	1
4702	1
4703	1
4704	2
4705	4
4706	1
4707	2
4708	2
4709	1
4710	1
4712	2
4713	3
4714	2
4715	2
4716	5
4717	2
4718	5
4719	2
4720	4
4721	2
4722	6
4723	1
4724	1
4725	6
4726	3
4727	1
4729	4
4730	2
4731	3
4732	5
4733	2
4734	6
4735	2
4736	3
4737	3
4739	3
4741	3
4743	2
4744	1
4745	3
4746	3
4747	2
4748	2
4750	1
4751	1
4752	6
4754	4
4755	1
4757	2
4759	5
4760	3
4761	3
4762	5
4763	1
4764	1
4765	2
4766	5
4767	1
4769	5
4771	1
4772	1
4773	4
4775	3
4776	1
4777	2
4778	3
4779	1
4780	4
4781	1
4782	1
4783	2
4784	2
4785	2
4786	3
4787	2
4788	1
4789	1
4790	1
4791	1
4792	4
4793	1
4794	2
4795	1
4797	3
4798	2
4799	3
4800	3
4801	4
4802	1
4803	2
21187	1
4804	2
4805	7
4806	2
4807	2
21193	1
4809	2
4810	1
4811	5
4812	2
4813	1
4815	1
4816	3
4817	2
21201	1
4818	3
4819	2
4820	1
4821	1
4822	5
4823	2
4824	3
4825	3
4826	4
4827	1
4829	2
4830	4
4831	2
4832	1
4833	2
4834	2
4835	5
4837	1
4838	1
4839	3
4841	3
4842	2
4843	4
4844	2
4845	3
4846	1
4847	3
4849	3
4850	3
4851	2
4852	3
4853	3
4854	1
21239	1
4856	1
4857	1
4858	1
4860	5
4861	5
4862	3
4863	1
4865	2
4866	2
4867	2
4868	3
4869	1
4871	1
4872	1
4873	1
4874	2
4875	3
4876	5
4877	2
21263	1
4880	1
4881	2
4883	1
4884	4
4885	5
4886	5
4888	5
4889	2
4890	1
4891	1
4893	3
4894	4
4895	4
4896	1
21281	1
4897	2
4898	2
4899	4
4902	2
4903	4
4904	1
4905	6
4907	3
4908	4
4909	3
4910	1
4911	1
4912	2
4913	1
4914	1
4915	2
4916	3
4917	3
4918	1
4919	2
4920	1
4921	1
4922	1
4923	2
4924	1
4925	1
4926	2
4927	3
4928	1
4929	1
4930	6
4931	3
4932	3
4933	1
4934	2
4935	1
4936	2
4937	2
4939	2
4940	1
4941	3
4942	3
4943	1
4944	1
4945	1
4946	1
4947	1
4950	3
4951	3
4952	2
4953	2
4954	1
4955	2
4956	1
4957	2
4959	1
4960	1
4961	5
4963	3
4964	1
4965	1
4967	3
4968	3
4969	2
4970	2
4971	5
4974	4
4975	4
4976	2
4977	3
4978	2
4980	1
4982	5
4983	1
4984	2
4986	2
4987	1
4988	2
4989	1
4991	1
4992	4
4993	1
4994	2
4995	1
4998	1
4999	3
5000	1
5001	1
5003	4
5004	1
5005	4
5006	1
5007	1
5008	2
5010	2
5011	3
5012	2
5013	2
5014	4
5015	3
5017	2
5018	3
5019	2
5020	1
5021	2
5022	1
5024	2
5025	1
5026	2
5029	2
5030	2
5033	1
5034	2
5036	2
5037	2
5040	4
5041	2
5042	1
5043	2
5046	1
5048	1
5049	3
5050	2
5051	1
5052	2
5053	1
5056	2
5059	2
5060	1
5061	2
5062	5
5063	2
5064	1
5066	2
5067	1
21452	1
5068	1
5069	2
5071	1
5072	2
5073	1
5074	1
5075	1
5076	2
5077	2
5078	4
5079	2
5080	3
5081	1
5082	2
5083	1
5084	2
5085	1
5086	3
5087	3
5088	3
5089	1
5090	4
5091	2
5092	1
5094	2
5095	2
5097	1
5098	4
5099	1
5101	3
5102	5
5103	1
5104	3
5105	4
5106	2
5107	2
5108	2
5109	2
5110	4
5111	2
5112	1
5113	3
5114	1
5115	4
5116	2
5117	2
5118	1
5119	2
5120	3
5121	1
5122	4
5124	2
5125	2
5126	3
5128	1
5129	2
5130	5
5131	1
5132	1
5133	1
5135	6
5136	5
21520	1
5137	3
5138	1
5141	1
5142	3
5144	5
5145	2
5146	3
5147	2
5148	2
5149	2
5150	2
5151	4
5153	4
5155	2
5156	1
5157	3
5158	2
5159	2
5160	2
5161	3
5162	2
5166	6
5167	2
5168	3
5169	1
5175	5
5177	3
5178	1
5179	1
5181	2
5183	3
5184	1
5185	4
5186	3
5188	2
5189	1
5190	1
5192	1
5193	2
5194	3
5195	1
5196	4
5197	2
5199	2
5201	3
5202	1
5203	2
5204	1
5205	2
5206	1
5207	1
5208	3
5209	2
5210	2
5211	2
5212	6
5213	4
5214	2
5215	4
5216	3
5217	2
5218	2
5219	3
5220	2
5221	3
5222	3
5223	2
5224	6
5225	4
5226	1
5227	1
5228	1
5229	4
5230	1
5231	5
5232	3
5233	1
5234	1
5235	1
5238	1
5239	3
5240	6
5242	1
5243	3
5245	1
5246	1
5247	1
5248	4
5249	3
5250	5
5251	2
5252	2
5253	5
5255	5
5256	1
5257	4
5258	2
5259	6
5261	1
5262	1
5263	2
5264	3
5265	3
5267	1
5268	3
5269	2
5270	1
5271	1
5272	1
5273	1
5274	1
5275	1
5276	3
5277	2
5279	2
5280	4
5282	3
5283	1
5284	1
5286	2
5289	1
5290	1
5292	3
5293	3
5294	1
5295	2
5297	1
5298	3
5299	2
5301	1
5302	3
5304	2
5305	3
5307	2
5308	3
5309	1
5310	1
5311	2
5312	1
5313	2
5314	2
5315	4
5316	2
5317	4
5318	2
5319	1
5320	4
5321	2
5322	3
5324	4
5326	2
5327	6
5328	3
5330	3
5331	2
5332	4
5334	2
5335	1
5336	2
5337	4
5338	4
5339	3
5340	3
5341	3
5342	1
5343	2
5344	2
5345	1
5346	2
5347	4
5348	2
5350	4
5351	3
5352	1
5354	1
5355	3
5357	3
5358	1
5359	1
5360	2
5362	1
5363	1
5364	4
5365	3
5366	1
5367	1
5368	3
5369	2
5371	1
5372	6
5373	2
5374	4
5376	1
5377	2
5379	1
5380	2
5382	1
5384	2
5386	2
5387	3
5388	1
5389	1
21773	1
5390	2
5391	2
5392	2
5393	2
5394	5
5395	3
5396	3
5397	1
5399	2
5400	2
5401	1
5405	1
5406	3
5407	5
5408	4
5409	3
5410	1
5411	3
5413	3
5414	1
5415	4
5416	3
5417	3
5418	1
5419	3
5420	3
5424	1
5425	3
5427	1
5428	1
5429	1
5430	3
5431	2
5432	1
5433	3
5436	3
5437	1
5439	2
5442	1
5443	1
5444	1
5445	1
5446	2
5449	3
5450	2
5451	4
5453	2
5455	4
5456	2
5458	2
5459	2
5460	5
5461	2
5463	4
5464	2
5465	3
5466	1
5467	3
5468	1
5469	1
5470	3
5472	1
5473	2
5475	1
5476	1
5478	1
5479	3
5480	1
5481	2
5482	1
5483	1
5485	1
5486	2
5487	2
5488	2
5489	1
5490	1
5491	2
5492	2
5493	1
5494	1
5495	2
5496	1
5497	4
21882	1
5498	1
5499	2
5500	5
5501	2
5502	2
5504	1
5505	1
5506	1
5507	1
5508	2
5510	2
5511	2
5512	2
5513	2
5515	1
5516	2
5517	1
5519	1
5520	2
5521	2
5522	2
5523	2
5524	2
5525	2
5526	3
5528	3
5529	1
5530	2
5532	2
5533	2
5534	2
5535	1
5536	2
5537	3
5538	2
5539	1
5541	1
5542	3
5543	3
5544	3
5545	4
5546	2
21930	1
5547	1
5548	2
5549	5
5550	2
5552	1
5553	1
5554	1
5555	2
5556	1
5557	3
21941	1
5558	2
5559	3
5560	2
5562	1
5564	3
5565	2
5566	1
5567	3
5568	3
5569	1
5570	1
5571	1
5572	1
5573	2
5575	3
5576	3
5577	3
5578	2
5579	2
5582	1
5583	3
5584	1
5585	3
5586	1
5587	3
5588	1
5590	1
5591	1
5592	4
5593	1
5595	1
5596	1
5597	1
5598	1
5599	2
5600	2
5601	1
5603	2
5604	1
5606	3
5608	3
5609	1
5610	3
5611	2
5612	2
5614	3
5616	1
5617	1
5618	1
5619	3
5622	2
5623	1
5624	1
5625	1
5626	1
5627	3
5628	2
5629	2
5631	1
5632	1
5633	4
5635	1
5636	4
5637	1
5638	2
5640	3
5641	2
5642	2
5643	5
5644	2
5645	1
5648	4
5651	1
5653	1
5654	3
5655	1
5656	1
5658	2
5659	4
5660	5
5662	2
5663	1
5664	1
5665	1
5666	1
22050	1
5667	2
5668	2
5669	2
5671	1
5672	1
5673	1
5674	3
5676	3
5677	4
5678	1
5679	2
5682	1
5683	1
5686	1
5687	3
5688	2
5689	3
5690	1
5691	1
5693	1
5694	1
5695	1
5696	3
5697	1
5698	2
5700	2
5701	4
5702	1
5705	1
5706	2
5707	1
5709	3
5710	2
5711	2
5712	2
5714	2
5715	1
5716	1
5717	1
5718	2
5719	1
5720	2
5721	1
5722	2
5723	4
5724	2
5725	2
5734	4
5737	2
5738	3
5739	1
5740	1
5741	2
5742	4
5743	1
5744	2
5745	1
5746	1
5747	3
5748	2
5749	2
5750	2
5752	2
22137	2
5753	1
5754	2
5755	3
5756	2
5757	1
5760	3
5762	1
5763	1
5764	1
5765	2
5767	1
5768	2
5769	3
5770	4
5771	2
5772	1
5773	1
5774	4
5777	2
5778	3
5779	1
5780	2
5781	3
5782	1
5783	1
5785	2
5786	2
5788	2
5789	2
5790	1
5791	1
5794	5
5795	5
5796	2
5798	1
5799	2
5800	2
5801	1
5802	2
5803	2
5804	1
5805	1
5806	2
5807	1
5808	1
5809	1
5811	5
5812	1
5813	1
5814	2
5815	1
5816	1
5818	2
22203	1
5820	2
5821	1
5824	3
5826	1
5827	2
5828	2
5830	1
5831	2
5832	4
5835	1
5837	1
5838	1
5840	2
5841	4
5845	4
5846	2
5847	1
5848	1
5849	1
5850	3
5851	1
5852	1
5854	3
5855	4
5857	1
5858	1
5859	1
5863	1
5866	2
5867	2
5868	1
5869	2
5870	3
5871	1
5872	2
5873	4
5874	1
5875	1
5876	3
5877	1
5879	1
5880	1
5881	2
5883	2
5884	3
5889	1
5891	1
5892	3
5895	1
5897	3
5898	1
5899	3
5900	1
5901	3
5902	1
5903	1
5904	1
5905	2
5908	1
22292	1
5911	2
5912	2
5914	1
5915	1
5916	4
5917	1
5918	1
5919	1
5920	2
5921	3
5922	2
5923	3
5925	2
5926	3
5927	1
5929	1
5930	1
5931	3
5934	2
5935	2
5936	2
5937	1
5938	1
5939	1
5940	1
5941	3
5943	3
5944	2
5945	2
5948	1
5949	3
5950	1
5951	4
5954	1
5955	1
5956	2
5957	1
5959	2
5960	2
5961	1
5964	3
5965	2
22349	1
5966	3
5967	1
5968	1
5970	1
5971	1
5972	1
5973	3
5974	2
5976	3
5978	1
5979	1
5980	1
5981	3
5984	1
5985	3
5986	2
5987	1
5992	2
5993	1
5995	1
5996	1
5997	5
5998	1
5999	2
6000	1
6001	2
6002	1
6003	2
6004	1
6005	2
6007	1
6008	2
6009	1
6011	1
6012	2
6013	2
6014	4
6015	1
6016	2
6018	1
6019	1
6020	1
6023	1
6024	1
6025	1
6027	4
6028	2
6030	1
22415	1
6032	1
6033	1
6034	1
6035	1
6036	1
6037	2
22422	1
6038	1
6039	1
6040	2
6041	1
6042	3
6044	2
6045	2
6046	2
6048	1
6049	2
6052	1
6054	2
6055	3
6058	4
6059	1
6060	4
6061	2
6063	1
6064	2
6065	1
6067	2
22453	1
6069	1
6070	2
6072	1
6073	5
6075	2
6076	1
6077	2
6079	3
6082	1
6084	3
6085	2
6086	2
6087	1
6089	3
6090	1
6092	1
6093	2
6094	3
6095	1
6096	1
6097	3
22482	1
6099	1
6100	3
6101	1
6103	2
6104	2
6105	1
6106	2
6107	1
6108	1
6109	1
6110	1
6112	2
6114	1
6115	4
6117	1
6118	1
6119	2
6120	3
6124	2
6125	1
6127	1
6130	1
6133	2
6136	1
6137	1
6138	3
6139	1
6141	3
6143	2
6144	2
6145	1
6146	1
6148	3
6150	1
6153	1
6155	1
6156	2
6157	1
6158	1
6159	1
6160	4
6162	4
6163	2
6164	2
6165	1
6167	1
6168	3
6170	3
6171	1
6172	1
6174	1
6175	1
6176	3
6178	1
6181	3
6182	1
6183	3
6184	1
6185	1
6186	1
6188	2
6189	1
6190	3
6192	1
6193	2
6195	1
6196	1
6197	1
6198	1
6199	1
6200	2
6203	2
6204	1
6205	2
22589	1
6207	1
6209	2
6210	1
6211	1
6212	2
6214	1
6215	2
6216	1
6218	1
6219	3
6220	2
6222	2
6223	1
6224	2
6225	3
6227	1
6228	1
6229	3
6231	1
6234	1
6235	1
6236	3
6238	1
6239	1
6242	2
6245	2
6246	2
6248	1
6249	1
6250	1
6251	1
6252	1
6254	1
6255	2
6256	1
6258	4
6259	4
6261	2
6262	2
22647	1
6264	1
6270	1
6272	2
6273	3
6274	3
6275	4
6276	2
6278	1
6281	2
22665	1
6283	2
6285	1
6286	3
6287	4
6288	3
6289	1
6290	2
6291	1
6293	1
6295	3
6299	1
6301	2
6302	2
6303	2
6304	1
6306	2
6307	2
6308	1
6309	2
6310	2
6311	2
6312	2
6313	1
6314	1
6316	1
6317	1
6320	1
6321	1
6322	2
22707	1
6323	1
6324	2
6325	2
6326	2
6327	1
6328	1
6329	1
6330	1
6331	3
6333	1
6335	1
6336	1
6338	2
6339	2
6340	2
6342	1
6345	2
6346	2
6350	1
6351	1
6352	4
6353	2
6356	1
6357	1
6359	2
6360	1
6361	2
6362	1
6363	1
6364	2
6368	1
6369	2
6370	2
6371	1
6372	2
6375	1
6376	2
6377	3
6378	2
6379	1
6381	1
6382	2
6387	1
6389	2
6390	1
6391	1
6392	1
6393	2
6394	2
6396	2
6397	1
6398	2
6401	2
6403	2
6405	2
6407	1
22791	1
6408	1
6409	1
6410	2
6411	3
6412	2
6413	1
6417	2
6418	2
6419	2
6420	1
6421	1
6422	1
6423	1
6425	3
6427	1
6428	3
6429	1
6430	2
6432	2
6436	1
6437	1
6438	1
6439	1
6441	1
6442	2
6443	1
6446	4
22831	1
6447	1
6448	4
6449	2
6450	2
6451	2
6452	1
6454	1
6456	2
6457	1
6458	1
6459	1
6460	2
6461	1
6462	2
6463	1
6464	1
6465	2
6466	2
6467	2
6469	1
6470	2
6472	1
6474	1
6476	1
6477	1
6482	1
6485	1
6487	1
6488	1
6489	3
6490	2
6492	3
6494	1
6497	1
6498	1
6499	2
6500	2
6501	1
6502	1
6504	1
6505	2
6508	1
6509	1
6510	1
6511	1
6513	1
6515	4
6516	1
6517	1
6520	2
6522	2
6523	1
6524	2
6525	2
6526	1
6528	1
22913	1
6529	1
6531	1
6532	2
6533	1
6534	1
6535	1
6536	1
6537	1
6538	1
6541	2
6543	2
6546	2
6547	1
22931	1
6550	1
6551	1
6553	2
6554	3
6555	2
6558	1
6559	1
6560	1
6561	3
6562	1
6564	1
6565	1
6566	1
6567	1
6569	1
6570	2
6571	3
6576	3
6577	3
6579	1
6581	3
6582	1
6583	3
6584	1
6586	1
6589	1
6591	1
6592	1
6593	1
6597	1
6599	3
6600	1
6601	1
6602	1
6604	1
6607	1
6610	1
6611	1
6613	3
6618	3
6619	1
6621	2
6623	2
6624	1
6625	3
6626	1
6627	1
6629	2
6630	1
6631	1
6632	1
6633	1
6634	1
6635	1
6636	1
6637	1
6643	5
6644	1
6645	2
6646	1
6647	1
6650	1
6654	1
6656	2
6658	2
6661	1
6663	1
6664	1
6667	1
6670	1
6672	2
6673	1
6675	1
6677	1
6679	2
6680	2
6681	2
6686	2
6687	2
6689	1
6690	2
6692	2
6693	2
6695	3
6697	2
6698	2
6699	1
6700	1
6701	1
6703	3
6704	3
6707	1
6708	1
6710	2
6711	1
6712	1
6715	1
6721	1
6723	1
6727	1
6728	2
6731	1
6732	1
6734	1
6735	2
6736	2
6737	1
6739	1
6740	1
6741	1
6743	1
6744	1
6746	1
6748	1
6750	4
6752	1
6754	1
6755	2
6758	3
6759	1
6760	2
6761	1
6763	1
6764	1
6765	2
6767	1
6768	1
6769	3
6771	2
6772	2
6773	2
6774	2
6775	2
6776	2
6778	2
6779	1
6781	1
6783	2
6784	1
6787	2
6789	1
6790	1
6791	1
6794	2
6795	1
6799	2
6800	1
6802	1
6803	2
6804	3
6806	1
6807	1
6808	1
6810	1
6815	1
6818	2
6820	2
6821	1
6823	1
6824	3
6825	1
6826	1
6827	4
6829	2
6830	1
6832	1
6833	1
6835	1
6836	1
6837	3
6838	1
6839	3
6842	2
6843	3
6844	2
6845	1
6846	1
6848	2
6849	1
6851	1
6852	1
6853	1
6854	1
6856	1
6857	2
23243	1
6861	3
6863	1
6864	1
6865	2
6867	2
6868	1
6871	1
6872	1
6874	1
6875	1
6877	3
6879	4
6881	1
6883	1
6884	1
6885	1
6886	3
6887	2
6889	3
6893	1
6894	2
23279	1
6897	1
6901	2
6902	4
6903	2
23287	1
6907	1
6908	4
6909	1
6911	2
6912	1
6913	1
6914	2
6918	1
6919	1
6921	2
6922	1
6923	1
6924	1
6925	1
6928	1
6931	1
6932	1
6934	1
6936	3
6937	2
6938	1
6941	1
6942	1
6943	1
6946	1
6948	2
6953	1
6954	2
6956	2
6958	2
23342	1
6959	1
6960	4
6961	1
6962	1
6963	2
6967	1
6969	1
6970	1
6974	1
6976	1
6977	1
6978	1
6979	2
6980	2
6982	1
6983	1
6984	2
6985	1
6986	2
6987	1
6989	1
6990	1
6994	1
6995	1
23380	1
6996	1
23383	1
7002	1
7003	1
7007	1
7013	1
7014	1
7015	1
7016	1
7018	1
7019	1
7020	1
7022	1
7025	2
7026	1
7027	3
7028	1
7029	1
7036	1
7039	2
7040	1
7043	1
7045	1
7048	2
7049	1
7050	2
7052	1
7053	2
7055	2
7056	1
7057	1
7060	1
7062	1
7064	1
7065	1
7066	1
7069	3
7070	1
7072	2
7073	2
7075	3
7079	1
7081	1
7082	1
23467	1
7084	1
7085	4
7086	1
7087	1
7090	1
7093	2
7094	1
7095	1
7097	1
7101	1
7103	2
7104	2
7105	3
7110	1
23494	1
7111	1
7112	1
7115	1
7116	2
7119	2
7120	1
7121	2
7123	1
7124	1
7125	2
7127	1
7128	3
7129	1
7130	2
7132	1
7133	1
7137	1
7138	1
7139	1
7144	2
7145	1
7149	1
7150	1
7152	1
7154	1
7157	1
7158	2
7159	1
7160	1
7162	3
7167	3
7168	1
7170	1
7171	2
7172	1
7173	2
7175	2
7179	1
7182	2
7184	1
7185	2
7186	3
7189	3
7190	2
7191	2
7192	1
7194	1
7196	2
7197	2
7198	1
7199	1
7201	2
7204	1
7205	1
7206	3
7207	1
7210	1
7213	1
7214	3
7215	1
7216	1
7217	2
7219	2
7220	1
7221	3
7222	1
7223	2
7224	3
7226	1
7227	1
7228	1
7232	1
7233	1
7236	1
7237	3
7238	1
7239	2
7242	1
7243	1
7244	1
7250	2
7251	1
7252	2
7255	1
7257	1
7258	2
7261	1
7263	1
7264	2
7265	2
7266	2
7271	2
7272	2
7275	2
7277	1
7278	3
7279	1
7285	1
7286	2
7289	3
7290	1
7291	1
7292	1
7293	1
7295	1
7300	1
7302	1
7303	1
7304	3
7308	1
7309	1
7310	1
7311	1
7312	1
7316	1
7317	1
7318	1
7320	1
7322	2
7324	1
7325	1
7326	1
7327	1
7329	1
7330	2
7333	1
7335	2
7336	2
7337	2
23721	1
7338	2
7340	3
7342	3
7345	1
7346	3
7348	1
7349	1
7350	1
7351	2
7352	1
7353	1
7357	1
7358	2
7359	1
7361	1
7364	1
7370	1
7371	1
7373	1
7374	1
7376	1
7378	1
7379	1
7383	1
7384	1
7390	1
7392	1
7399	1
7400	1
7401	1
7402	2
7403	2
23787	1
7409	1
7410	2
7411	1
7413	1
7415	1
7416	1
7419	1
7423	1
7424	2
7425	1
7429	2
7434	2
7435	1
7436	1
7438	1
7439	1
7441	1
23833	1
7449	1
7454	1
7455	1
7456	1
7457	1
7458	1
7461	1
7462	1
7463	3
7464	1
7468	1
7469	2
7470	2
7471	1
7472	1
7474	1
7478	1
7479	2
7480	1
7481	1
7482	2
7483	2
7484	1
7486	1
7487	1
7488	2
7491	1
7493	2
7494	2
7495	1
7497	3
7499	1
7501	1
7502	1
7503	3
7504	1
7508	1
7510	1
7511	1
7512	2
7513	1
7514	1
7515	4
7517	1
7518	1
7519	1
7520	1
7521	1
7523	1
7525	2
7526	1
7527	2
7528	1
7529	1
7530	2
7531	1
7533	1
7534	1
7536	1
7543	3
7545	1
7546	1
7548	3
7549	1
7552	1
7553	2
7554	1
7555	2
7558	2
7561	1
7562	1
7565	1
7566	2
7568	2
7570	2
7571	1
7572	1
7574	1
7576	1
7577	1
7579	2
7581	1
7582	1
7588	1
7590	1
7591	2
7592	2
7596	4
7597	3
7602	1
7603	1
7604	1
7608	1
7609	1
7616	1
7617	1
7618	1
7619	1
7620	1
7621	1
7626	1
7628	1
7629	1
7631	1
7632	2
7635	1
7637	2
7639	1
7640	2
7641	2
7645	2
7651	2
7652	1
7653	1
7654	1
7655	1
7661	1
7662	1
7669	1
7675	2
7679	1
7681	1
7682	1
7683	1
7686	2
7687	1
7689	1
7691	1
7695	2
7696	2
7699	1
7700	1
7702	1
7703	2
7706	2
7707	3
7709	1
7710	1
7711	2
7715	1
7716	1
24102	1
7720	2
7721	2
7726	1
7727	3
7729	1
7730	1
7731	2
7735	1
7737	2
7742	1
7743	2
7746	2
7747	1
7749	1
7752	1
7753	1
7754	1
7757	1
7758	2
7759	1
7760	1
7765	1
7767	2
7768	1
7770	1
7771	1
7772	2
7774	1
7775	1
7778	1
7779	1
7780	1
7781	1
7784	1
7785	2
7788	1
7795	1
7796	2
7801	2
7802	2
7804	1
7806	1
7809	1
7812	2
7813	2
7814	2
7815	1
7816	1
7819	1
7820	1
7822	1
7824	1
7825	3
7833	1
7835	2
7836	1
7837	1
7839	1
7841	1
7842	1
7843	1
7844	1
7845	2
7846	1
7848	1
7851	1
7852	1
7854	2
7855	2
7857	2
24241	1
7858	2
7863	1
7864	1
24253	1
7870	1
7875	1
7877	1
7878	1
7879	1
7880	2
7882	1
7883	1
7886	1
7892	1
7894	1
7896	1
7897	2
7899	1
7904	1
7905	1
7907	1
7908	1
7909	1
7910	2
7911	1
7913	1
7914	2
7917	2
7918	1
7920	1
7923	1
7927	1
7928	1
7929	1
7935	1
7939	1
7941	1
7943	1
7946	1
7948	1
7949	1
7951	1
7952	1
7953	1
7960	1
7962	2
7963	2
7965	3
7966	1
7968	1
7970	1
7971	3
7973	1
7986	1
7988	2
7989	1
7995	1
7996	1
7999	1
8001	1
8002	1
8007	1
8012	2
8014	2
8016	1
8019	1
8020	2
8023	3
8027	1
8029	2
8030	1
8032	1
8035	3
8040	1
8045	1
8046	1
8049	1
8054	2
8057	1
8060	1
8062	1
24447	1
8064	1
8069	3
8071	2
8072	1
8073	1
8074	1
8076	1
8078	3
8079	1
8081	2
8085	3
8086	1
8087	1
8088	1
8093	1
8094	2
8095	1
8097	2
8098	1
8100	1
24487	1
8105	1
8108	2
8110	2
8111	2
8113	2
8115	1
8116	1
8117	1
8125	2
8127	1
8128	1
8129	1
8131	2
8133	1
8135	1
8138	1
8142	2
8145	1
8151	1
8153	1
8154	1
8157	1
8162	1
8163	1
8164	1
8166	1
8168	1
8171	1
8172	1
8174	2
8176	1
8178	1
8183	1
8185	1
8186	1
8188	1
8191	1
8193	1
8196	1
8201	1
8203	2
24589	1
8208	2
8210	1
8218	1
8220	1
8226	1
8227	1
8228	1
8230	1
8231	1
8232	1
8233	3
8234	1
8235	1
8236	1
8239	1
8240	1
8242	1
8243	1
8244	1
8248	1
8250	1
8253	1
8254	1
8255	1
8256	1
8262	1
8263	1
8264	1
8268	1
8270	1
8271	1
8273	1
8275	1
8276	1
8277	1
8280	2
8282	1
8284	1
8288	2
8289	2
8290	1
8294	1
8295	1
8296	1
8299	1
8303	2
8306	1
8307	1
8309	2
8312	1
8315	1
8316	1
8317	2
8319	1
8321	1
8331	1
8335	2
8337	1
8338	2
8341	1
8348	1
8350	2
8352	1
8354	2
8355	1
8356	2
8358	1
8359	2
8361	2
8362	1
8364	1
8365	3
8366	1
8368	1
8372	1
8373	1
8374	1
8377	1
8378	1
8379	1
8382	1
8384	2
8386	1
8387	1
8395	1
8396	1
8397	1
8398	1
8404	1
8407	1
8413	1
8422	1
8423	1
8427	1
8430	3
8434	1
8435	1
8436	1
8437	1
8438	1
8439	1
8441	1
8449	2
8450	1
8451	2
8452	1
8455	1
8456	1
8457	1
8460	1
8463	2
8466	1
8468	1
8470	1
8471	1
8472	1
8474	2
8480	2
8481	1
8483	1
8485	1
8489	1
8492	1
8496	1
8509	1
8512	2
8516	1
8517	1
8521	1
8528	1
8529	1
8530	1
8539	1
8543	1
8544	1
8549	1
8552	2
8554	1
8555	1
8556	2
8559	1
8561	1
8562	1
8564	1
8565	2
8567	1
8569	1
8570	2
8573	1
8575	1
8578	1
8579	1
8583	2
8584	1
8585	3
8587	1
24975	1
8596	1
24982	1
8599	1
8601	1
8605	1
8606	1
8609	1
8610	1
8611	2
8612	3
8614	1
8623	1
8626	1
8628	1
8629	1
8633	2
8641	1
8643	2
8646	1
8654	1
8655	1
8656	1
8659	1
8660	1
8664	3
8674	1
8676	1
8677	1
8678	1
8679	1
8681	1
8684	1
8696	1
8697	1
8698	1
8700	1
8705	2
8706	1
8707	1
8708	2
8711	2
8715	1
8717	1
8720	1
8725	1
8728	2
8735	1
8737	2
8741	1
8743	1
8747	1
8748	1
8756	1
8763	1
8764	1
8770	1
8778	3
8780	1
8781	1
8782	3
8786	1
8792	1
8796	1
8797	2
8799	1
8804	2
8805	1
8806	1
8807	1
8809	2
8814	1
8816	1
8822	1
8824	1
8826	1
8839	1
8840	1
8844	3
8848	1
8849	1
8851	1
8853	1
8856	1
8858	1
8860	2
8865	1
8868	2
8870	1
8874	1
8875	1
8876	1
8877	1
8878	1
8880	1
8882	2
8884	3
8886	1
8888	3
8890	1
8894	1
8895	2
8901	1
8902	1
8905	1
8907	1
8908	1
8913	2
8914	1
8917	1
8922	2
8923	1
8928	1
8931	1
8937	2
8939	1
8942	1
8945	1
8947	1
8948	1
8950	1
8956	2
8957	1
8958	1
8965	3
8968	1
8970	1
8981	1
8982	1
9006	1
9010	1
9014	1
9018	1
9019	1
9020	1
9021	1
9023	1
9026	2
9028	1
9029	1
9030	1
9032	1
9034	1
9036	1
9037	1
9039	1
9041	1
9042	1
9044	2
9051	1
9056	1
9060	1
9061	1
9062	1
9063	1
9071	1
9075	2
9076	2
9077	1
9079	1
9086	1
9087	1
9088	2
9089	1
9094	1
9098	1
9101	1
9105	1
9108	1
9110	1
9113	1
9118	1
9128	2
9130	1
9132	1
9134	1
9138	1
9141	1
9150	2
9151	1
9152	1
9153	1
9154	1
9155	1
9159	1
9161	1
9162	1
9164	2
9165	1
9168	1
9171	2
9174	1
9176	1
9177	1
9182	2
9183	1
9188	1
9190	1
9192	1
9193	2
9195	1
9197	1
9199	1
9204	1
9206	1
9207	2
9217	2
9219	1
9222	1
9224	1
9230	1
9231	1
9234	2
9240	2
9245	1
9246	1
9252	1
9254	1
9256	1
9258	1
9263	1
9266	2
9267	3
9270	1
9275	1
9277	3
9280	1
9282	1
9284	1
9285	2
9289	2
9292	1
9308	1
9313	1
9317	3
9318	2
9319	1
9322	1
9328	1
9329	1
9331	1
9332	1
25717	1
9335	1
9336	1
9338	1
9341	1
9342	2
9343	1
9349	1
9352	1
9355	1
9356	1
9358	2
9365	1
9367	2
9370	1
9381	2
9382	1
9383	1
9384	1
9387	1
9392	1
9400	1
9406	1
9412	2
9415	2
9416	1
9419	1
9422	1
9423	3
9429	1
9436	1
9440	1
9442	1
9444	1
9445	1
9446	1
9447	1
9450	2
9454	1
9455	1
9459	1
9461	1
9462	1
9463	1
9466	1
9467	1
9468	1
9473	1
9476	2
9477	1
9478	1
9481	3
9482	1
9483	1
9498	2
9499	1
9504	1
9509	1
9510	1
9511	2
9514	1
9516	1
9518	1
9519	1
9520	1
9525	1
9527	2
9529	1
9530	1
9534	1
9537	1
9538	1
9541	1
9545	1
9549	2
9550	1
9564	1
9565	1
9569	1
9576	1
9577	1
9579	1
9582	1
9587	1
9588	1
9591	1
9592	1
9605	1
9618	1
9624	1
9626	1
9629	1
9632	1
9635	1
9636	1
9638	2
9641	1
9650	1
9651	1
9657	1
9662	1
9667	1
9669	1
9680	1
9683	1
9685	1
9693	1
9696	1
9697	1
9704	1
9707	1
9711	1
9713	1
9715	1
9718	1
9721	2
9723	2
9734	1
9735	2
9738	3
9740	1
9746	1
9748	1
9756	1
9768	1
9770	1
9775	3
9784	1
9787	1
9790	1
9791	1
9801	1
9802	1
9808	1
9812	1
9816	1
9820	1
9823	3
9825	1
9829	1
9841	1
9844	1
9845	3
9846	1
9847	2
9849	1
9851	1
9856	2
9862	1
9869	1
9875	1
9879	1
9883	1
9888	1
9889	1
9893	1
9895	1
9900	1
9914	1
9918	1
9924	2
9933	1
9937	1
9940	1
9949	1
9959	1
9960	2
9963	1
9967	1
9970	1
9972	1
9974	1
9978	2
9981	1
9986	1
9988	1
9989	1
9995	1
10000	1
10003	1
10005	1
10006	1
10007	1
10011	1
10016	1
10019	1
10020	1
10030	1
10033	1
10037	1
10039	1
10041	2
10043	1
10045	1
10046	1
10048	1
10051	1
10055	1
10058	1
10060	2
10064	1
10065	1
10066	2
10073	1
10076	2
10079	1
10086	1
10089	1
10090	1
10096	2
10097	1
10101	1
10104	1
10105	1
10107	1
10128	1
10132	1
10133	1
10137	1
10141	2
10143	1
10144	2
10150	2
10155	1
10157	1
10158	3
10159	1
10161	1
10162	1
10164	1
10172	1
10173	1
10174	1
10178	1
10179	2
10188	1
10190	2
10193	1
10194	1
10197	1
10198	1
10199	1
10210	2
10212	1
10214	1
10215	1
10218	1
10226	1
10227	1
10230	1
10231	1
10232	1
10243	2
10244	1
10246	2
10248	1
10249	1
10253	1
10254	1
10257	1
10267	1
10268	1
10274	1
10275	1
10278	3
10284	1
10286	1
10287	1
10293	1
10295	1
10296	1
10299	2
10304	1
10305	1
10308	2
10312	1
10316	2
10317	1
10322	1
10330	1
10332	2
10334	1
10337	1
10339	1
10340	3
10344	2
10346	1
10349	1
10351	1
10352	1
10355	1
10356	1
10357	1
10359	1
10363	1
10368	1
10369	1
10370	1
10385	1
10386	1
10390	1
10391	1
10395	1
10400	1
10401	2
10404	1
10411	1
10413	1
10415	2
10420	1
10424	1
10430	2
10435	1
10440	1
10443	1
10445	1
10447	1
10452	1
10454	1
10461	1
10465	1
10471	1
10472	1
10474	1
10485	1
10487	1
10488	2
10498	1
10501	2
10502	1
10503	1
10514	1
10519	1
10525	1
10529	2
10530	1
10536	1
10538	1
10541	1
10543	1
10545	2
10547	1
10548	1
10550	1
10554	2
10555	1
10558	3
10572	1
10578	1
10580	1
10581	1
10586	1
10590	1
10592	1
10597	1
10606	1
10613	1
10614	1
10622	2
10623	1
10627	1
10628	1
10641	1
10642	1
10646	1
10652	2
10653	1
10655	1
10662	1
10664	2
10665	1
10667	1
10670	1
10672	1
10677	1
10680	1
10682	1
10692	1
10701	1
10710	1
10712	1
10714	2
10715	1
10719	1
10723	1
10724	1
10729	1
10732	1
10735	1
10736	1
10738	1
10742	1
10752	1
10755	1
10758	2
10766	1
10783	1
10785	1
10791	1
10797	1
10800	1
10803	1
10804	1
10817	1
10823	2
10834	1
10836	1
10844	1
10846	1
10851	1
10853	1
10863	1
10867	1
10870	2
10872	1
10882	1
10887	2
10894	1
10895	1
10896	1
10898	2
10901	1
10906	1
10919	1
10921	2
10928	1
10929	1
10931	2
10934	1
10935	1
10937	1
10944	1
10951	1
10952	1
10954	1
10958	1
10964	2
10967	1
10969	1
10973	2
10975	1
10979	1
10980	1
10982	1
10989	1
11008	1
11010	1
11015	1
11021	1
11027	1
11032	1
11033	1
11036	1
11042	1
11044	1
11046	1
11048	1
11051	1
11059	1
11093	1
11094	1
11098	2
11101	1
11104	1
11107	1
11110	1
11116	1
11128	1
11144	1
11145	2
11147	1
11155	1
11159	1
11160	1
11161	1
11172	1
11175	2
11177	1
11179	1
11180	1
11185	1
11187	1
11200	1
11201	1
11202	1
11207	2
11211	1
11214	1
11219	1
11221	1
11222	2
11228	1
11237	1
11246	1
11250	1
11251	1
11252	1
11254	1
11263	2
11270	1
11277	1
11280	2
11282	1
11287	2
11304	1
11308	1
11311	1
11314	1
11319	1
11320	1
11321	1
11328	1
11329	1
11333	1
11356	1
11360	1
11363	1
11364	1
11370	1
11374	1
11378	1
11379	1
11380	1
11382	1
11385	1
11389	1
11398	2
11401	1
11417	2
11420	1
11421	1
11425	1
11430	1
11432	1
11435	1
11437	1
11444	1
11446	1
11448	1
11461	1
11470	1
11472	1
11474	1
11476	1
11480	1
11487	1
11489	1
11490	1
11492	1
11501	1
11502	1
11505	1
11508	2
11510	1
11512	1
11516	1
11519	1
11521	1
11524	1
11533	1
11536	2
11541	2
11542	1
11549	1
11550	1
11553	1
11554	1
11560	1
11563	1
11564	1
11577	1
11578	1
11581	1
11586	1
11590	1
11598	1
11600	1
11612	2
11614	1
11621	1
11631	1
11633	1
11639	1
11660	3
11661	1
11663	1
11668	1
11669	1
11674	1
11675	1
11680	1
11691	2
11692	1
11700	1
11704	1
11706	1
11707	1
11720	1
11731	1
11732	1
11734	1
11738	1
11739	1
11744	1
11750	1
11758	1
11759	1
11770	1
11774	1
11781	1
11787	1
11805	1
11807	1
11809	1
11810	1
11811	1
11819	1
11823	1
11832	1
11837	1
11840	1
11844	1
11862	1
11863	1
11866	2
11867	1
11868	1
11871	1
11872	1
11880	1
11882	1
11888	1
11893	1
11898	1
11901	1
11905	1
11909	1
11910	1
11913	2
11933	1
11939	1
11944	1
11946	2
11950	1
11957	1
11967	1
11972	3
11976	1
11979	1
11983	1
11984	1
11987	2
11992	1
11999	1
12002	1
12006	3
12010	2
12012	1
12014	1
12020	2
12022	1
12024	1
12049	1
12050	1
12054	1
12055	1
12057	2
12058	1
12062	1
12063	1
12067	1
12075	1
12082	1
12086	1
12087	1
12089	1
12095	1
12110	2
12116	1
12119	1
12121	1
12122	1
12135	1
12137	1
12140	1
12141	1
12149	1
12151	1
12161	1
12166	1
12168	1
12191	1
12194	1
12218	1
12220	1
12224	1
12225	1
12227	1
12228	1
12229	2
12233	1
12234	1
12235	2
12237	1
12240	1
12248	1
12259	1
12262	1
12290	1
12292	1
12298	1
12303	1
12308	1
12315	1
12320	2
12322	1
12323	1
12325	1
12327	1
12328	1
12339	2
12341	1
12343	1
12344	1
12354	1
12356	1
12361	1
12362	1
12363	1
12367	1
12370	1
12372	1
12376	1
12378	1
12384	1
12387	1
12388	1
12416	1
12425	1
12426	1
12432	1
12436	1
12446	2
12455	1
12459	1
12465	1
12468	1
12469	1
12470	2
12477	1
12481	1
12488	1
12490	2
12498	1
12500	1
12502	1
12503	1
12504	1
12514	1
12529	1
12533	1
12538	1
12540	1
12541	1
12544	2
12551	1
12553	1
12554	1
12567	1
12573	1
12574	1
12587	1
12590	1
12593	1
12603	1
12604	1
12612	1
12615	1
12616	1
12618	1
12621	1
12632	1
12653	1
12654	1
12655	1
12658	1
12659	1
12663	1
12664	1
12677	1
12683	2
12694	1
12698	1
12701	1
12703	1
12710	2
12713	1
12714	1
12736	1
12746	1
12757	1
12761	1
12763	1
12765	2
12775	1
12776	1
12781	1
12784	1
12788	1
12796	1
12797	2
12800	1
12803	1
12811	1
12814	1
12817	1
12832	1
12841	1
12846	1
12851	1
12854	1
12855	1
12860	1
12863	1
12865	1
12870	1
12875	1
12885	1
12895	1
12896	1
12898	2
12906	3
12911	1
12916	1
12922	1
12923	1
12928	1
12936	1
12941	2
12942	1
12948	1
12964	1
12966	2
12972	1
12975	1
12980	1
12985	1
12997	1
12998	1
12999	1
13001	1
13003	1
13006	1
13015	1
13027	1
13044	1
13050	2
13052	2
13053	1
13054	1
13070	2
13075	1
13077	1
13079	1
13088	1
13092	1
13097	1
13110	1
13112	1
13118	1
13120	1
13126	1
13133	1
13136	1
13142	1
13151	1
13155	2
13171	2
13181	1
13183	1
13189	1
13210	1
13211	1
13212	1
13218	3
13220	1
13232	1
13234	1
13237	1
13257	1
13260	1
13267	1
13274	1
13304	2
13306	1
13308	1
13316	1
13320	1
13331	1
13359	1
13367	1
13369	1
13371	1
13375	1
13378	1
13383	1
13385	1
13395	1
13398	1
13399	1
13406	1
13413	1
13416	1
13417	1
13419	1
13422	1
13424	1
13429	1
13436	1
13438	1
13442	1
13448	1
13461	2
13462	1
13467	1
13468	1
13469	1
13471	1
13472	1
13476	1
13490	1
13495	1
13508	1
13515	1
13516	1
13518	1
13521	1
13527	1
13546	1
13555	1
13562	1
13563	1
13564	1
13586	1
13595	1
13609	1
13615	1
13618	1
13619	1
13635	1
13638	1
13646	2
13652	1
13664	1
13665	1
13669	1
13670	1
13673	1
13684	1
13691	1
13704	1
13713	1
13719	1
13723	1
13726	1
13734	1
13743	1
13745	1
13754	1
13758	1
13773	1
13777	1
13782	2
13812	1
13818	1
13819	1
13823	1
13850	1
13853	1
13855	1
13865	1
13866	1
13872	1
13873	1
13874	1
13882	1
13888	2
13902	1
13905	1
13924	1
13930	1
13960	1
13961	1
13965	1
13972	1
13975	1
13984	1
13990	1
13997	1
14013	1
14014	1
14027	1
14032	1
14034	1
14036	1
14055	1
14061	1
14063	1
14078	1
14079	1
14082	1
14090	1
14096	1
14108	1
14114	1
14116	1
14123	1
14126	1
14145	1
14152	2
14153	2
14157	1
14160	1
14161	1
14170	1
14181	1
14191	1
14192	1
14209	1
14212	1
14213	1
14231	1
14233	1
14236	1
14237	1
14241	1
14242	1
14244	1
14245	1
14257	1
14263	1
14273	1
14274	1
14275	1
14285	2
14287	1
14306	1
14314	1
14327	1
14337	1
14340	1
14352	1
14368	1
14375	1
14381	1
14384	1
14386	1
14401	1
14408	1
14414	1
14433	1
14435	1
14443	1
14445	1
14448	2
14450	1
14451	1
14455	1
14472	1
14483	1
14486	1
14492	2
14494	1
14504	1
14511	1
14521	1
14524	1
14537	1
14542	1
14544	2
14563	1
14568	1
14572	1
14573	1
14578	1
14579	1
14581	1
14583	1
14586	1
14593	2
14604	1
14606	1
14611	1
14624	1
14637	2
14658	1
14696	1
14711	1
14735	1
14741	1
14742	1
14746	1
14753	1
14767	1
14773	1
14780	1
14785	1
14815	1
14816	1
14827	2
14828	1
14829	1
14837	1
14841	1
14843	1
14858	1
14861	1
14874	1
14883	1
14892	1
14913	2
14920	1
14948	1
14949	1
14962	2
14970	1
14980	2
14983	1
15002	1
15012	1
15021	1
15024	1
15026	1
15028	1
15056	1
15066	1
15069	1
15072	1
15082	1
15090	1
15093	1
15116	1
15118	1
15125	1
15141	1
15157	1
15183	1
15207	2
15215	1
15227	1
15239	1
15241	1
15244	1
15259	1
15262	1
15291	1
15305	1
15330	1
15352	1
15360	1
15371	1
15383	1
15392	1
15393	1
15394	1
15416	1
15438	1
15446	1
15447	1
15451	1
15474	1
15481	1
15489	1
15510	1
15541	1
15559	1
15563	1
15565	1
15571	1
15604	1
15646	1
15653	1
15661	1
15663	1
15698	2
15719	1
15733	1
15759	1
15778	1
15779	2
15813	1
15822	2
15857	1
15916	1
15929	1
15956	1
15961	1
16001	1
16014	1
16056	1
16057	1
16073	1
16090	1
16098	1
16106	1
16110	1
16154	1
16163	1
16168	1
16175	1
16192	1
16219	1
16259	1
16277	1
16291	1
16301	1
16306	1
16326	1
16336	1
16338	1
16339	1
16376	1
