1	12
2	9
3	5
4	8
5	1
6	11
7	6
8	7
9	8
10	9
11	6
12	11
13	10
14	12
15	12
16	10
17	12
18	9
19	12
20	9
21	5
22	7
23	12
24	9
25	6
26	7
27	9
28	8
29	8
30	6
31	11
32	5
33	9
34	4
35	11
16419	1
36	5
37	8
38	10
39	12
40	11
41	7
42	9
16426	1
16427	1
43	7
44	11
45	7
46	5
47	7
48	9
49	5
50	8
51	7
52	5
16436	1
53	7
54	8
55	5
56	7
57	6
58	7
59	7
60	6
61	4
62	7
63	4
64	6
65	7
66	6
16450	1
67	9
68	5
69	6
70	8
71	12
72	8
73	8
74	9
75	12
76	9
77	7
16461	1
78	5
79	4
80	8
81	5
82	5
83	7
84	14
85	8
86	7
87	9
16471	1
88	7
89	11
90	6
91	7
92	8
16476	1
93	10
94	7
95	14
96	7
97	10
98	5
99	7
100	9
101	10
102	7
103	8
104	6
105	9
16489	1
106	9
107	6
108	7
109	4
110	3
111	7
112	4
113	9
114	6
115	9
116	11
117	9
118	14
119	7
120	14
121	7
122	10
123	12
124	11
125	10
16509	1
126	9
127	15
128	6
129	2
130	10
131	8
132	9
133	11
134	9
135	8
136	13
137	10
138	8
139	10
140	14
141	10
142	12
143	6
144	3
145	9
146	9
147	11
148	9
149	10
150	8
151	10
152	9
153	17
154	11
155	12
156	7
157	9
16541	1
158	5
159	7
160	10
161	14
162	15
163	10
164	12
165	9
166	8
16550	1
167	10
168	8
169	12
170	13
171	5
16555	1
172	10
173	4
174	4
175	7
16559	1
176	9
177	7
178	7
179	5
180	15
181	7
182	9
183	11
184	9
185	14
186	9
187	15
188	8
189	10
190	9
191	4
192	12
16576	1
193	7
194	13
195	3
196	6
197	10
198	4
199	6
200	9
201	7
202	14
203	8
204	12
205	4
206	5
207	5
208	10
209	9
210	17
211	7
212	10
213	13
214	5
215	8
216	4
217	7
218	6
219	10
220	7
16604	1
221	8
222	4
223	5
224	8
225	8
226	15
227	15
228	11
229	10
230	8
231	14
232	9
233	11
234	15
235	7
236	7
237	8
238	10
239	10
16623	1
240	8
241	13
242	11
243	12
244	7
245	12
16629	1
246	10
247	6
248	13
249	6
250	6
251	13
16635	1
252	11
253	6
254	13
16638	1
255	16
256	8
257	3
258	5
259	7
260	8
261	10
262	8
263	7
264	13
265	6
266	10
267	7
268	6
269	8
270	12
271	8
272	9
273	7
274	8
275	11
276	11
277	5
278	9
279	9
280	9
281	4
282	5
283	13
284	12
285	9
286	10
287	8
288	7
289	3
290	8
291	13
292	6
293	10
294	6
295	7
296	10
297	7
298	4
299	12
300	14
301	11
302	10
303	7
304	6
305	9
306	8
307	10
308	4
309	9
310	8
311	10
312	6
313	12
314	3
315	9
316	8
317	16
318	5
319	11
320	8
321	14
322	9
323	16
324	8
325	8
326	5
327	7
328	12
329	7
330	11
331	11
332	12
333	13
334	11
335	6
16720	1
336	6
337	6
338	6
339	13
340	13
341	6
342	9
343	9
344	3
345	7
346	6
347	11
348	3
349	10
350	10
351	11
352	8
353	6
354	11
355	4
356	12
357	5
358	9
359	9
360	14
361	11
362	13
363	19
364	7
365	8
366	8
367	7
368	6
369	13
370	13
371	16
372	13
373	12
374	5
375	8
376	18
377	5
378	11
379	14
380	13
381	8
382	10
383	7
384	6
385	7
386	6
387	5
388	14
389	6
390	13
391	6
392	8
393	13
394	10
395	9
396	16
397	10
398	10
399	7
400	8
401	6
402	3
403	15
404	7
405	11
406	4
407	14
408	9
409	7
410	7
411	8
412	9
413	8
414	7
16799	1
415	4
416	10
417	8
418	8
419	11
420	13
421	10
422	8
423	9
16807	1
424	8
425	5
426	4
427	10
428	9
429	6
430	17
431	15
432	8
433	10
434	9
435	8
436	9
437	12
438	9
439	9
440	7
441	9
442	8
443	14
444	8
445	9
446	6
447	5
448	4
449	13
450	8
451	6
452	11
453	5
454	6
455	8
456	8
457	18
458	5
459	10
460	14
461	9
462	10
463	7
16847	1
464	7
465	12
16849	1
466	11
16850	1
467	13
468	7
469	8
470	9
471	8
16855	1
472	7
473	9
474	4
475	10
476	10
477	9
478	13
479	11
480	7
481	9
482	6
483	8
484	7
485	11
486	14
487	10
488	8
489	16
16873	1
490	11
491	10
492	5
493	13
494	5
495	12
496	12
497	3
498	9
499	8
500	9
501	15
502	5
503	9
504	7
505	8
506	13
507	5
508	11
509	9
510	6
511	10
512	11
513	13
514	12
515	8
516	9
517	6
518	14
519	16
16903	1
520	10
521	11
522	15
523	8
524	10
525	10
526	11
527	5
528	10
529	3
530	10
531	7
532	10
533	10
534	4
535	10
536	10
537	5
538	8
539	6
540	4
541	14
542	9
543	4
544	14
545	7
546	7
547	4
548	7
549	15
550	6
551	6
552	6
553	8
554	8
555	5
556	10
557	4
558	6
16942	1
559	11
16943	1
560	6
561	8
562	8
563	10
564	3
565	11
566	9
567	16
568	5
569	2
570	7
571	4
572	11
573	8
574	4
575	9
16959	1
576	7
577	4
578	6
579	5
580	10
581	15
582	10
583	8
584	4
585	10
586	6
587	11
588	11
589	6
590	14
591	7
592	6
593	8
594	4
595	5
596	12
597	6
598	8
599	4
600	10
601	10
602	7
603	9
604	8
605	6
606	9
607	5
608	8
609	15
610	9
611	8
612	7
613	9
614	8
615	8
616	12
617	9
618	3
619	16
620	9
621	9
622	12
623	10
624	6
625	8
626	6
627	9
628	4
629	9
630	15
631	8
632	5
633	8
634	6
635	8
636	8
637	4
638	16
639	10
640	8
641	5
642	9
643	9
644	13
645	13
646	9
17030	2
647	8
648	9
649	11
650	14
651	9
652	5
653	11
654	10
655	11
17039	1
656	8
657	11
658	12
659	12
660	9
661	5
662	5
663	6
664	7
665	7
666	8
667	11
668	6
17052	1
669	4
670	9
671	11
672	16
673	7
674	5
675	7
676	7
677	6
678	10
679	5
680	9
681	7
682	11
683	7
684	6
685	4
686	13
687	11
688	5
689	7
690	7
691	5
692	7
693	5
694	8
695	4
696	5
697	13
698	10
699	13
700	8
701	6
702	8
703	11
704	7
705	8
706	5
707	6
708	12
709	8
710	6
711	12
712	5
713	5
714	13
715	7
716	9
17100	1
717	10
718	10
719	9
720	9
721	8
722	12
723	10
724	8
725	10
726	10
727	8
728	7
729	8
730	6
17114	1
731	7
732	11
733	3
734	17
735	8
736	9
737	13
738	5
739	11
740	13
741	10
742	9
743	12
744	7
745	13
746	8
747	8
748	8
749	6
750	11
751	8
752	9
753	9
754	12
755	11
756	12
757	8
758	11
759	11
760	11
761	5
762	10
763	8
764	15
765	8
766	12
767	7
768	7
769	10
770	9
771	6
772	13
773	11
774	6
775	9
776	7
777	10
778	13
779	9
17163	1
780	11
781	7
782	15
783	8
784	6
785	8
786	9
787	9
788	10
789	6
790	3
791	6
792	7
793	5
794	14
795	6
796	8
797	8
798	3
799	5
800	5
801	14
802	6
17186	1
803	10
804	9
805	5
806	10
807	4
808	4
809	7
810	11
811	8
812	6
813	11
814	12
815	9
17199	1
816	8
817	8
818	7
819	10
820	10
821	6
822	13
823	10
824	10
825	10
826	12
827	10
828	5
829	8
830	7
831	5
832	4
833	9
834	11
835	5
836	7
837	13
838	5
839	8
17223	1
840	11
841	6
842	8
843	6
844	3
845	9
846	5
847	6
848	10
849	10
850	11
851	6
852	10
853	6
854	8
855	12
856	6
857	17
858	6
859	7
860	7
861	8
862	5
863	7
864	11
865	12
866	5
867	11
868	10
869	7
870	12
871	7
872	7
873	6
874	7
875	9
876	11
877	11
878	16
879	8
880	9
881	9
882	8
883	5
884	6
885	8
886	9
887	9
888	7
889	6
890	8
17274	1
891	9
892	7
893	8
894	14
895	9
896	7
897	4
898	7
899	4
900	3
901	8
902	5
903	5
904	7
905	14
906	8
907	12
908	9
909	11
910	6
911	13
912	12
913	7
914	4
915	8
916	9
917	6
918	11
919	14
920	7
921	12
922	6
17306	1
923	6
924	3
925	5
926	10
927	8
928	13
929	10
930	5
931	6
932	8
933	7
934	13
935	8
936	5
937	12
938	15
939	15
940	10
941	8
942	8
17326	1
943	3
944	8
945	13
946	12
947	19
948	9
949	12
950	9
951	4
952	10
953	8
954	5
955	7
956	13
957	4
958	9
959	7
960	12
961	6
962	10
963	9
17347	1
964	9
17348	1
965	10
966	4
967	8
968	9
969	9
970	10
971	6
972	12
973	9
974	9
975	8
976	12
977	10
978	9
979	7
980	9
981	12
982	13
983	7
984	6
985	11
986	10
987	9
17371	1
988	7
989	10
990	9
991	7
992	3
993	7
994	5
995	6
996	8
997	11
998	5
999	6
1000	6
1001	8
1002	9
1003	10
1004	9
1005	5
1006	8
1007	11
1008	12
1009	7
1010	8
1011	12
1012	8
1013	11
1014	12
1015	13
1016	6
1017	9
1018	6
1019	7
1020	6
1021	6
1022	9
1023	9
1024	9
1025	10
1026	4
1027	11
17411	1
1028	8
1029	9
1030	10
1031	12
1032	10
1033	9
1034	7
1035	9
1036	8
1037	3
1038	11
1039	10
1040	5
1041	6
1042	13
1043	8
1044	1
1045	8
1046	7
1047	6
1048	9
1049	6
1050	7
1051	9
1052	10
1053	9
1054	7
1055	11
1056	3
1057	7
17441	1
1058	11
1059	5
1060	8
1061	10
1062	8
1063	9
1064	6
1065	8
1066	9
1067	5
1068	10
1069	10
1070	8
1071	10
1072	7
1073	7
1074	11
1075	6
1076	11
1077	10
1078	9
1079	11
1080	5
1081	14
1082	11
1083	7
1084	6
1085	8
1086	8
1087	12
1088	5
1089	4
1090	13
1091	9
1092	11
1093	4
1094	8
1095	12
1096	7
1097	9
1098	9
1099	8
1100	12
1101	9
1102	18
1103	13
1104	10
1105	6
1106	10
1107	9
1108	12
1109	14
1110	10
1111	12
1112	7
1113	11
1114	5
1115	6
1116	11
1117	5
1118	7
1119	13
1120	11
1121	7
1122	9
1123	13
1124	7
1125	7
1126	12
1127	8
1128	2
1129	8
1130	12
1131	11
1132	10
1133	11
1134	13
17518	1
1135	5
1136	7
1137	11
17521	1
1138	7
1139	7
1140	9
1141	4
1142	5
1143	13
1144	7
1145	10
1146	7
1147	14
1148	9
1149	6
1150	8
1151	6
1152	8
1153	15
1154	8
1155	9
1156	8
1157	10
1158	11
1159	10
1160	10
1161	12
1162	12
1163	10
1164	6
1165	9
1166	7
17550	1
1167	11
1168	6
1169	11
1170	7
1171	5
1172	13
1173	4
1174	7
1175	9
1176	9
1177	9
1178	4
1179	9
17563	1
1180	11
1181	4
1182	4
1183	7
1184	14
1185	10
1186	1
1187	11
1188	10
1189	6
1190	9
1191	8
17576	1
1192	8
1193	6
1194	7
1195	12
1196	12
1197	10
1198	7
1199	10
1200	7
1201	12
1202	7
1203	11
1204	8
1205	8
1206	8
1207	10
1208	7
1209	8
1210	7
1211	16
1212	4
1213	2
1214	9
1215	6
1216	10
1217	13
1218	11
1219	8
1220	7
1221	4
1222	9
1223	8
1224	13
1225	5
1226	6
1227	9
1228	7
1229	7
1230	4
1231	3
1232	6
1233	9
1234	12
1235	5
1236	5
1237	10
1238	5
1239	14
1240	6
1241	10
1242	11
1243	14
1244	12
1245	9
1246	13
1247	8
1248	9
1249	5
1250	11
1251	11
1252	10
1253	16
1254	10
1255	2
1256	8
1257	8
1258	12
1259	6
1260	5
1261	14
1262	11
17646	1
1263	6
1264	13
1265	10
1266	7
1267	8
1268	13
1269	12
1270	6
17654	1
1271	4
1272	9
1273	11
1274	7
1275	8
1276	2
1277	7
1278	8
1279	9
1280	6
1281	8
1282	5
1283	11
1284	9
1285	7
1286	10
1287	10
1288	7
1289	8
1290	11
1291	5
1292	6
1293	8
1294	8
1295	13
1296	6
1297	9
1298	8
1299	6
1300	14
1301	8
1302	5
1303	10
1304	8
1305	3
1306	8
1307	6
1308	8
1309	6
1310	5
1311	3
1312	4
1313	8
1314	12
1315	5
1316	10
1317	12
1318	8
1319	6
1320	3
1321	10
1322	12
1323	8
1324	7
1325	6
1326	5
1327	12
1328	5
1329	9
1330	7
1331	4
1332	8
1333	5
1334	7
1335	9
1336	12
1337	5
1338	8
1339	8
17723	1
1340	6
1341	8
1342	15
1343	11
1344	8
1345	9
1346	6
1347	4
1348	7
1349	8
1350	9
1351	10
1352	11
1353	8
1354	10
1355	10
1356	12
1357	11
1358	6
1359	8
1360	5
1361	5
1362	13
1363	7
1364	13
1365	6
1366	7
1367	7
1368	6
1369	10
1370	8
17754	1
1371	9
17755	1
1372	9
1373	6
1374	7
1375	9
1376	14
1377	8
1378	9
1379	13
1380	10
1381	5
1382	8
1383	6
1384	14
1385	5
1386	7
1387	9
1388	2
1389	12
1390	6
1391	4
1392	8
1393	7
1394	7
1395	6
1396	7
1397	7
1398	5
1399	10
1400	10
1401	11
1402	13
1403	6
1404	10
1405	3
1406	9
1407	7
1408	9
1409	12
1410	8
1411	10
1412	8
1413	8
1414	8
1415	6
1416	5
1417	6
1418	4
1419	7
1420	6
1421	3
1422	7
1423	8
17807	1
1424	15
1425	3
1426	6
1427	4
1428	10
1429	10
1430	10
17814	1
1431	8
1432	7
1433	5
1434	7
1435	8
1436	11
1437	4
1438	7
1439	11
1440	7
1441	6
1442	7
1443	9
1444	6
1445	7
1446	4
1447	5
1448	9
1449	4
1450	10
1451	7
1452	1
1453	5
1454	5
1455	15
1456	11
1457	9
1458	9
1459	6
1460	9
1461	8
1462	6
1463	11
1464	6
1465	5
1466	9
1467	8
1468	5
1469	7
1470	10
1471	6
1472	6
1473	12
1474	9
1475	5
1476	5
1477	7
1478	9
1479	8
1480	7
1481	8
1482	6
1483	9
1484	7
1485	7
1486	10
1487	6
1488	8
17872	1
1489	11
1490	10
1491	9
1492	2
1493	5
1494	5
1495	4
1496	9
1497	8
17881	1
1498	9
1499	4
1500	7
1501	2
1502	11
1503	11
1504	7
1505	3
1506	5
1507	8
1508	11
1509	13
1510	3
1511	4
1512	6
1513	7
1514	4
1515	8
1516	11
17900	1
1517	8
1518	16
1519	8
1520	10
1521	6
1522	8
1523	8
1524	5
1525	5
1526	7
1527	11
1528	4
1529	8
1530	8
1531	7
1532	10
1533	10
1534	3
1535	12
1536	7
1537	7
1538	10
1539	10
1540	5
1541	6
1542	8
1543	5
1544	8
1545	3
1546	8
1547	8
1548	7
1549	2
1550	5
1551	9
1552	5
1553	7
1554	10
1555	8
1556	6
1557	7
1558	3
1559	8
1560	12
17945	1
1561	5
17946	1
1562	2
1563	11
1564	4
1565	11
1566	4
17950	1
1567	6
1568	9
1569	10
1570	8
1571	10
1572	6
1573	8
1574	4
1575	6
1576	4
1577	9
1578	10
1579	2
1580	11
1581	8
1582	11
1583	6
1584	8
1585	4
1586	6
17970	1
1587	1
1588	4
1589	7
1590	9
1591	9
1592	3
1593	6
1594	8
1595	11
1596	5
17980	1
1597	6
1598	8
1599	9
1600	7
1601	4
1602	11
1603	13
1604	7
1605	5
1606	9
1607	3
1608	4
1609	7
1610	7
1611	10
1612	8
1613	8
1614	7
1615	5
1616	7
1617	11
1618	8
1619	10
1620	5
1621	5
1622	6
1623	10
1624	7
1625	6
1626	11
1627	3
1628	11
1629	8
1630	9
18014	1
1631	6
1632	9
1633	10
1634	5
1635	2
1636	12
1637	8
1638	5
1639	7
1640	10
1641	5
18026	1
1642	5
1643	4
1644	9
1645	10
1646	10
1647	6
1648	7
1649	9
1650	7
1651	7
1652	3
1653	4
1654	9
1655	5
1656	8
1657	5
1658	8
1659	5
1660	3
1661	4
1662	7
1663	5
1664	5
1665	4
1666	6
1667	5
1668	7
1669	8
1670	6
1671	2
1672	4
1673	11
1674	4
1675	6
1676	8
1677	7
1678	4
1679	8
1680	4
1681	7
1682	7
1683	9
18067	1
1684	4
1685	9
1686	7
1687	6
1688	6
1689	8
1690	8
1691	7
1692	2
1693	5
1694	7
1695	9
1696	3
1697	3
1698	8
1699	6
1700	3
1701	12
1702	4
1703	3
1704	7
1705	4
1706	6
1707	7
1708	5
1709	5
1710	8
1711	5
1712	4
1713	5
1714	8
1715	5
18099	1
1716	4
1717	7
1718	3
1719	3
1721	5
1722	5
1723	7
1724	4
1725	4
1726	7
1727	7
1728	12
1729	4
1730	5
1731	6
1732	2
1733	7
1734	6
1735	7
1736	3
1737	6
1738	7
18123	1
1739	8
1740	4
1741	3
1742	3
1743	10
1744	5
1745	6
1746	3
1747	10
1748	7
1749	4
1750	6
1751	5
1752	11
1753	8
1754	10
1755	6
1756	3
1757	7
1758	5
1759	10
1760	4
1761	3
1762	9
1763	6
1764	10
1765	5
1766	4
1767	13
1768	6
1769	4
1770	6
1771	5
1772	3
1773	13
1774	6
1775	12
1776	3
18160	1
1777	4
1778	9
1779	6
1780	8
1781	8
1782	5
1783	3
1784	12
1785	6
1786	5
1787	11
1788	11
1789	5
1790	6
1791	5
1792	2
1793	8
1794	5
1795	8
1796	6
1797	6
1798	6
1799	6
1800	13
1801	7
1802	8
1803	3
1804	3
18188	1
1805	6
1806	5
1807	5
1808	8
1809	7
1810	5
1811	7
1812	5
1813	8
1814	10
1815	8
1816	1
1817	4
1818	9
1819	6
1820	6
1821	5
1822	3
1823	7
1824	5
1825	11
1826	3
1827	4
1828	3
1829	8
1830	4
1831	5
1832	8
1833	6
1834	4
1835	4
1836	9
1837	3
1838	7
1839	4
1840	3
1841	4
1842	8
1843	7
1844	7
1845	3
1846	8
1847	9
1848	4
1849	5
1850	5
1851	4
1852	7
1853	6
1854	7
1855	6
1856	7
1857	7
1858	12
1859	4
1860	7
1861	7
1862	7
1863	2
1864	2
1865	5
1866	4
1867	7
1868	7
1869	8
1870	5
1871	4
1872	8
1873	5
1874	5
1875	6
1876	7
1877	5
1878	7
1879	2
1880	7
1881	4
1882	5
1883	7
1884	3
1885	3
1886	8
1887	4
1888	6
1889	8
1890	9
1891	5
1892	7
1893	11
1894	5
1895	2
1896	5
1897	5
1898	4
1899	3
1900	4
1901	2
1902	4
1903	7
1904	7
1905	7
1906	5
1907	4
1908	5
1909	5
1910	4
1911	3
1912	10
1913	9
1914	10
1915	4
1916	8
1917	8
1918	3
1919	3
1920	5
1921	3
1922	4
1923	5
1924	5
1925	6
1926	6
1927	8
1928	4
1929	4
1930	3
1931	5
1932	11
1933	9
1934	4
1935	7
1936	7
1937	3
1938	9
1939	10
1940	9
1941	5
1942	5
1943	6
1944	6
1945	6
1946	3
1947	2
1948	6
1949	5
1950	5
1951	6
1952	2
1953	6
1954	8
1955	7
1956	10
1957	6
1958	6
1959	1
18343	1
1960	3
1961	6
1962	10
1963	7
1964	7
1965	8
1966	4
1967	5
1968	5
1969	1
1970	4
18354	1
1971	2
1972	4
1973	3
1974	4
1975	6
1976	7
1977	2
1978	1
1979	4
1980	5
1981	8
1982	6
1983	5
1984	8
1985	8
1986	9
1987	4
1988	4
1989	5
1990	8
1991	10
1992	3
1993	7
1994	5
1995	8
1996	7
1997	5
1998	3
1999	6
2000	6
2001	6
2002	6
2003	4
2004	2
2005	6
2006	9
2007	7
2008	7
2009	4
2010	6
2011	6
2012	2
2013	2
2014	4
2015	4
2016	5
18400	1
2017	5
2018	4
2019	7
2020	3
2021	5
2022	8
2023	9
2024	5
2025	8
2026	9
2027	7
2028	6
2029	7
2030	1
2031	6
2032	7
2033	1
2034	6
2035	1
2036	7
2037	4
18421	1
2038	14
2039	7
2040	5
2041	3
2042	9
2043	4
2044	2
2045	5
2046	8
2047	2
2048	5
2049	3
2050	5
2051	5
2052	7
2053	4
2054	7
2055	9
2056	5
2057	3
2058	7
2059	4
2060	4
2061	5
2062	9
2063	5
2064	6
2065	5
2066	5
2067	4
2068	2
2069	4
2070	5
2071	7
2072	8
2073	4
2074	1
2075	3
2076	2
2077	8
2078	4
2079	6
2080	7
2081	5
2082	6
2083	3
2084	2
18468	1
2085	6
2086	10
2087	6
2088	5
2089	4
2090	1
2091	5
2092	7
2093	9
2094	6
2095	3
2096	6
2097	6
2098	3
2099	6
2100	8
2101	5
2102	5
2103	3
2104	3
2105	6
2106	6
2107	9
2108	5
2109	4
2110	5
2111	2
2112	7
2113	4
2114	5
2115	3
2116	7
2117	8
2118	3
2119	10
2120	3
2121	5
2122	7
2123	3
2124	2
2125	8
2126	2
2127	2
2128	6
2129	5
2130	6
2131	8
2132	10
2133	7
2134	3
2135	5
2136	2
2137	9
2138	1
2139	7
2140	6
2141	2
2142	6
18526	1
2143	6
2144	8
2145	3
2146	4
2147	3
2148	6
2149	3
2150	3
2151	5
2152	5
2153	5
2154	4
18539	1
2155	1
2156	8
2158	7
2159	4
2160	2
2161	4
2162	7
2163	5
2164	4
2165	1
2166	7
2167	5
2168	8
2169	4
2170	5
2171	5
2172	4
2173	2
2174	9
2175	6
2176	8
2177	2
2178	4
2179	3
2180	7
2181	4
2182	6
2183	7
2184	5
2185	4
2186	6
2187	5
2188	3
2189	4
2190	8
2191	6
2192	3
2193	5
2194	8
18578	1
2195	1
2196	7
2197	2
2198	3
2199	7
2200	3
2201	2
2202	5
2203	3
2204	4
2205	2
2206	8
2207	5
2208	4
2209	4
2210	6
2211	3
2212	3
2213	7
2214	4
18598	1
2215	5
2216	3
2217	4
2218	3
2219	2
2220	4
2221	4
2222	7
2223	6
2224	5
2225	4
2226	3
2227	4
2228	3
2229	7
2230	2
2231	4
2232	6
2233	7
2234	4
2235	3
2236	3
2237	7
2238	3
18622	1
2239	5
2240	7
2241	4
2242	6
2243	3
2244	2
2245	5
2246	5
2247	6
2248	1
2249	7
2250	4
2251	4
2252	3
2253	5
2254	3
2255	5
2256	5
2257	10
2258	6
2259	4
2260	7
2261	9
2262	4
2263	2
2264	5
2265	6
2266	8
2267	7
2268	4
2269	7
2270	4
2271	3
2272	6
2273	4
2274	3
2275	7
2276	5
2277	5
2278	1
2279	6
2280	6
2281	3
2282	3
2283	11
2284	8
2285	4
2286	4
2287	4
2288	5
2289	5
2290	4
2291	7
2292	3
2293	2
2294	3
2295	4
2296	2
2297	5
2298	2
2299	4
2300	5
2301	3
2302	4
2303	4
2304	5
2305	6
2306	3
2307	4
2308	5
2309	2
2310	7
2311	4
2312	5
2313	9
2314	2
2315	9
18699	1
2316	1
2317	8
2318	4
2319	4
2320	7
2321	8
2322	2
2323	2
2324	1
2325	10
2326	1
2327	3
2328	3
2329	6
2330	4
2331	5
2332	4
2333	4
2334	1
2335	11
2336	7
2337	6
2338	7
2339	5
2340	5
2341	4
2342	4
2343	8
2344	6
2345	1
2346	3
2347	5
2348	3
2349	5
18733	1
2350	6
2351	7
2352	2
2353	2
2354	6
2355	3
2356	6
2357	4
18741	1
2358	3
2359	3
2360	1
2361	5
2362	4
2363	6
2364	2
2365	2
2366	2
2367	10
2368	5
2369	3
2370	6
2371	3
2372	3
2373	5
2374	5
2375	2
2376	5
2377	4
2378	4
2379	4
2380	3
2381	4
2382	6
2383	8
2384	7
2385	4
2386	1
2387	8
2388	6
2389	4
2390	2
2391	1
2392	5
2393	3
2394	1
2395	3
2396	5
2397	3
2398	5
2399	3
2400	1
2401	1
2402	4
2403	3
2404	3
2405	4
2406	6
2407	2
2408	1
2409	5
2410	6
2411	7
2412	8
2413	4
2414	2
2415	2
2416	6
2417	5
2418	6
2419	6
2420	5
2421	4
2422	4
2423	3
18807	1
2424	2
2425	6
2426	3
2427	5
2428	7
2429	6
2430	3
2431	5
2432	2
2433	1
2434	4
2435	4
2436	3
2437	2
2438	7
2439	1
2440	4
2441	2
2442	5
2443	2
2444	4
2445	2
2446	2
2447	4
2448	5
2449	1
2450	7
2451	6
2452	5
2453	3
2454	5
2455	1
2456	4
2457	8
2458	2
2459	3
2460	5
2461	2
2462	5
2463	5
2464	2
2465	3
2466	8
2467	3
2468	6
2469	2
2470	5
2471	4
2472	2
2473	10
2474	1
2475	7
2476	2
2477	6
2478	4
2479	5
2480	5
2481	2
2482	4
2483	5
2484	3
2485	5
2486	5
2487	5
2488	1
2489	4
2490	6
2491	4
2492	2
2493	4
2494	4
2495	4
2496	5
2497	4
2498	1
2499	4
2500	5
2501	4
2502	2
2503	3
2504	4
2505	6
2506	7
2507	1
2508	6
2509	3
2510	4
2511	1
2512	3
2513	1
2514	3
2516	3
2517	3
2518	3
2519	7
2520	5
2521	4
2522	4
2523	4
2524	4
2525	1
2526	3
2527	3
2528	5
2529	5
18913	1
2530	6
2531	3
2532	5
2533	4
2534	4
2535	3
2536	1
2537	6
2538	2
2539	3
2540	10
2542	8
2543	7
2544	1
2545	2
2546	3
2547	3
2548	4
2549	6
2550	6
2551	6
2552	2
2553	8
2554	8
2555	1
2556	7
2557	6
2558	2
2559	5
2560	5
2561	6
2562	2
2563	5
2564	5
2565	1
2566	4
2567	2
2568	7
2569	3
2570	2
2571	2
2572	6
2573	5
2574	3
2575	2
2576	7
2577	6
2578	2
18963	1
2579	5
2580	4
2581	6
2582	3
18966	1
2583	6
2584	5
2585	3
2586	7
2587	5
2588	10
2589	4
2590	6
2591	4
2592	4
2593	4
2594	2
2595	6
2596	2
2597	3
2598	8
2599	5
2600	1
2602	6
2603	3
2604	1
2605	3
18989	1
2606	3
2607	1
2608	6
2609	4
18993	1
2610	3
2611	1
2612	3
2613	3
2614	8
2615	2
2616	8
2617	6
2618	3
2619	4
2620	4
2621	2
2622	3
2623	2
2624	5
2625	3
2626	4
2627	3
2628	2
2629	6
2630	2
2631	3
2632	3
2633	4
2634	9
19018	1
2635	6
19019	1
2636	2
2637	6
2638	6
2639	1
2640	4
2641	4
2642	6
2643	3
2644	4
2645	5
2646	3
2647	5
2648	7
2649	4
2650	3
2651	8
2653	3
2654	2
2655	3
2656	4
2657	2
2658	1
2659	3
2660	4
2661	4
2662	4
2663	5
2664	6
2665	2
2666	4
2667	7
2668	6
2669	3
2670	6
2671	3
2672	5
2673	4
2674	4
2675	4
2676	6
2677	1
19061	1
2678	7
2679	1
2680	4
19064	1
2682	2
19066	1
2683	3
2684	5
2685	6
2686	4
2689	5
2690	1
2691	2
2693	5
2694	3
2695	3
2696	3
2697	4
2698	1
2699	4
2700	6
19084	1
2701	3
2702	3
2703	1
19087	1
2704	6
2705	4
2706	3
2707	5
2708	2
2709	7
2710	3
2711	6
2712	2
2713	1
2714	6
2715	4
2716	3
2717	5
2718	3
2719	3
2720	6
2722	3
2723	5
2724	2
2725	2
2726	2
2727	2
2728	1
2729	4
2730	2
2731	2
2732	1
2733	6
2734	4
2735	5
2736	3
2737	4
2738	4
2739	6
2740	2
2741	2
2742	5
2743	2
2744	6
2745	2
19130	1
2747	3
2748	6
2749	4
2750	1
2751	4
2752	8
2753	2
2754	3
2755	2
2756	2
2757	3
2758	4
2759	4
2760	3
2761	3
2763	3
2764	1
2765	2
2766	2
2767	4
2768	4
2769	4
2770	4
2771	2
2772	4
2773	3
2775	3
2776	3
2777	2
2778	1
2780	7
2781	1
2782	6
2783	4
2784	4
2785	4
2786	2
2787	3
2788	4
2789	4
2790	3
2791	5
2792	3
2793	6
2794	3
19179	1
2795	3
2796	2
2797	3
2798	4
2799	6
2800	5
2801	6
2802	4
2803	5
2804	5
2805	2
2806	4
2807	2
2808	3
2809	6
2810	2
2811	3
2812	4
2813	3
2814	1
2815	3
2816	5
2817	3
2818	3
2819	2
2820	1
2821	6
2822	4
2823	3
2824	5
2825	5
2826	2
2827	4
2828	2
2829	2
2830	3
2831	5
2832	3
2833	3
2834	5
2835	4
2836	4
2837	2
2838	2
2840	2
19224	1
2841	3
2842	5
2843	6
2844	3
2845	2
2846	5
2847	6
2848	1
2849	4
2850	1
2851	4
2852	1
2853	3
2854	1
2856	2
2857	3
2858	3
2859	2
2860	3
2861	2
2862	1
2863	1
2864	2
2865	3
2866	6
2867	5
2868	5
2869	2
2870	6
2871	7
2872	4
2873	3
2874	3
2875	5
2876	3
2877	2
2878	3
2879	3
2880	4
2881	1
2882	2
2883	1
2884	4
2885	2
2886	2
2887	4
2889	2
2890	1
2891	4
2892	2
2893	3
2894	2
2895	5
2896	3
2897	1
2898	2
2899	4
19284	1
2902	1
2903	6
2904	1
2905	2
2906	3
2907	4
2908	1
2909	3
2910	5
2911	4
2912	5
2913	2
2914	4
2915	3
2916	1
2917	9
2918	4
2919	3
2920	5
2921	1
2922	3
2923	5
2924	1
2925	3
2927	2
2928	4
2929	5
2930	8
2931	1
2932	5
2933	2
2934	2
2935	2
2936	4
2937	4
2938	3
2939	2
2940	3
2941	2
2942	1
2943	4
2944	3
2945	2
2946	4
19330	1
2947	1
2948	1
2950	3
2951	2
2952	3
2953	3
2954	7
2955	4
2956	2
2959	1
2960	5
2961	2
2962	4
2963	2
2964	4
2965	3
2966	2
2967	6
2968	6
2969	2
2970	3
2971	2
2972	1
2973	3
2974	5
2975	4
2976	3
2977	5
2979	4
2980	6
19364	1
2981	4
2982	2
2983	6
2984	4
2985	3
2986	4
2987	2
2988	4
2989	1
2990	4
2991	1
2992	2
2993	2
2994	4
2995	2
2996	1
19381	1
2997	3
2998	1
2999	6
3001	2
19385	1
3002	6
3003	2
3004	3
3005	2
3006	3
3007	4
3009	3
3010	4
3011	3
3012	4
3013	5
3014	6
3015	1
3016	4
3017	4
3018	1
3019	1
3020	2
3021	3
3022	5
3023	4
3024	4
3025	1
3026	2
3027	3
3028	2
3029	2
3030	1
3032	4
3033	5
3034	4
3035	3
3036	3
3037	2
3039	2
3040	3
3041	2
3042	3
3043	7
3044	3
3045	4
3046	2
3047	1
3048	5
3049	3
3050	1
3052	3
3053	3
3054	6
3055	2
3056	1
3057	4
3058	4
3059	2
3060	3
3061	4
3062	5
3063	5
3064	1
3065	2
3066	1
3067	3
3068	4
3069	1
3070	2
3071	1
3072	2
3073	3
3074	1
3076	2
3077	2
3078	1
3079	2
3080	8
3082	5
3083	2
3084	3
19468	1
3086	3
3087	4
3088	3
3089	3
3090	1
3091	1
3092	4
3093	2
3094	2
3096	4
3097	1
3098	2
3099	5
3100	2
3101	4
3102	4
3103	8
3104	1
3105	4
3106	3
3107	4
3108	1
3109	5
3110	1
3111	1
3112	7
3113	4
3114	5
3115	3
3116	1
3117	3
3118	1
3119	3
3120	4
3121	4
3122	1
3123	3
3124	4
3125	1
3126	1
3127	1
3128	5
3129	3
3130	2
3131	2
3132	5
3133	4
3134	2
3135	2
3136	3
3137	1
3138	5
3139	1
3140	3
3141	8
3142	3
3143	3
3144	3
3145	4
3146	2
3147	2
3148	3
3149	2
3150	2
3153	1
3154	6
3155	1
3156	1
3157	1
3158	1
3159	1
3160	5
3161	3
3162	4
3163	2
3164	1
3165	5
3166	3
3167	1
3168	1
3169	2
3170	3
19554	1
3171	2
3172	2
3173	4
3174	7
3175	3
3178	1
3179	1
3180	2
3181	6
3182	1
3183	1
3184	2
3185	3
3186	4
3187	2
3188	2
3189	1
3190	2
3191	1
3192	2
3193	6
3194	2
3195	3
3197	2
3198	4
3199	4
3200	4
3201	3
3202	1
3203	2
3204	7
3206	3
19590	1
3207	2
3208	3
3210	2
3211	4
3212	4
3213	1
3214	1
3215	3
3216	3
3217	2
3218	4
3219	2
3220	1
19604	1
3221	5
3223	2
3224	1
3225	3
3226	3
3227	2
3228	2
3229	1
3230	2
3231	5
3232	4
3234	3
3235	3
3236	1
3237	3
3238	2
3239	1
3240	5
3241	4
3242	3
3243	2
3244	2
3245	1
3246	3
3247	2
3248	3
3249	1
3250	1
3251	1
3252	1
3253	2
3255	2
3256	2
3259	1
3260	1
3261	1
3262	2
3263	4
3264	1
3265	3
3266	1
3268	1
3269	2
3270	3
3271	4
3272	4
3273	3
3274	3
3275	3
19659	1
3276	2
3277	3
3278	2
3279	1
3280	2
3281	3
3282	3
3283	1
3285	3
3287	2
3288	7
3289	1
3290	3
3291	3
3292	3
3293	2
3294	2
3297	2
3298	3
3299	1
3300	5
3301	3
3302	4
3303	4
3304	3
3305	3
3306	1
3307	2
3308	1
3309	1
3310	2
3311	1
3312	1
3313	2
3314	1
3315	4
3316	2
3317	3
3318	1
3319	5
19703	1
3320	3
3321	5
3322	3
3323	1
3324	1
3325	5
3326	2
3327	5
3328	3
3329	3
3330	6
3331	3
3332	2
3333	4
3334	5
3335	1
3337	3
3338	4
3339	1
3340	2
3341	5
3342	3
3343	6
3344	4
3345	3
3346	3
3347	1
3348	1
19733	1
3350	1
3351	1
3352	4
3353	4
3354	1
3355	1
3356	4
3357	4
3358	1
3359	4
3360	2
3361	1
3362	3
3363	4
3364	5
3365	1
3366	4
3367	9
3368	3
3369	4
3370	2
3371	2
3372	1
19757	1
3373	4
3374	3
3375	1
3376	2
3377	1
3378	6
3379	2
3380	4
3381	3
3382	2
3383	2
3385	2
3386	4
3387	4
3388	1
3389	1
3390	2
3391	1
3392	5
3393	2
3395	2
3396	5
3397	3
3398	3
3399	2
3400	3
3401	3
3402	3
3403	1
3404	1
3406	5
3407	3
3409	3
3410	1
3411	1
3412	3
3414	2
3415	1
3416	6
3417	1
3418	1
3419	4
3420	2
3421	6
3422	1
3423	1
3424	2
3425	3
3426	2
3427	1
3428	1
3429	1
3431	3
3432	1
3433	2
3435	4
3436	4
3438	1
3439	2
3440	3
3441	2
3442	2
19826	1
3443	1
3445	2
3446	1
3447	1
3448	1
19832	1
3449	1
3450	4
3451	3
3452	2
3453	3
3454	1
19839	1
3455	6
3457	1
3458	3
3459	3
3461	1
3463	2
3464	1
3465	3
3467	2
3468	2
3469	1
3470	1
3471	6
3472	2
3473	1
3475	3
3476	1
3477	4
3478	1
3480	2
3481	1
3482	2
3483	3
3484	1
3485	2
3486	6
3487	2
3488	2
3489	2
3493	3
3494	2
3495	3
3496	4
3497	6
3498	1
3499	2
3500	8
3502	3
3503	4
3504	2
3505	1
3506	2
3507	1
3508	1
3509	1
3510	2
3511	3
3512	1
3513	1
3514	2
3515	2
3517	1
3520	2
3521	1
3522	1
3523	3
3524	2
3525	2
3526	3
3527	5
3530	1
3531	2
3532	2
3533	1
3534	3
3535	1
3536	3
3537	1
3538	6
3539	5
3540	1
3541	4
3542	1
3543	1
3544	3
3545	6
3547	2
3548	2
3549	1
3550	2
3551	3
3552	2
3553	2
3554	1
3555	2
3556	3
3557	1
3558	1
3559	1
3560	4
3561	3
3562	2
3563	1
3564	4
3565	4
3566	2
3568	2
3569	2
3570	3
3571	3
3572	1
3573	3
3574	2
3575	1
3576	1
3577	2
19961	1
3579	1
3580	2
3583	1
3584	2
3586	2
3587	1
3588	1
3589	2
3590	2
3591	1
3593	2
3594	1
19979	1
3596	1
3597	2
3598	1
3600	2
3601	2
3602	1
3603	3
19987	1
3606	4
3608	2
3609	1
3610	1
3611	3
3612	1
3613	2
3614	3
3615	2
3616	1
3617	3
3618	2
3619	2
3620	2
3621	6
3622	1
3626	2
3627	5
3628	1
3629	4
3630	2
3631	1
3632	3
3633	2
3634	1
3635	2
3637	1
3638	1
3639	3
3640	1
3641	4
3642	2
20026	1
3644	1
3645	2
3646	2
3648	1
3649	3
3650	3
3651	1
3652	2
3653	1
3654	3
3655	2
3658	1
3659	2
3660	5
3661	4
3662	1
3663	1
3664	4
3665	3
3666	1
3667	1
3668	3
3670	4
3671	3
3672	1
3673	1
3674	2
3675	1
3676	1
20060	1
3677	3
3678	1
3679	1
3680	3
3681	1
3683	1
3685	3
3686	2
3687	1
3688	4
3689	2
3690	3
3691	2
3692	4
3693	1
3694	3
3695	3
3696	5
3697	4
3698	3
3699	2
3700	1
3701	2
3702	1
3703	1
3704	1
3706	1
3707	4
3708	2
3709	3
3710	2
3711	3
3712	1
3713	3
3715	3
3717	2
3718	1
3719	3
3722	2
3723	3
3724	5
3725	4
3726	2
3727	2
3728	2
3729	4
3730	3
3731	1
3732	2
3735	4
3737	1
3738	2
3739	3
3740	1
3741	2
3744	1
3746	2
3747	3
3748	2
3749	3
3750	1
3751	1
3753	2
3755	2
20139	1
3756	1
3757	2
3759	3
3760	8
3761	2
3762	2
3763	3
3765	2
3766	1
3767	3
3768	2
3769	2
3771	4
3772	1
3773	1
3775	1
3777	2
3779	4
3780	1
3781	3
3782	1
3784	1
3786	1
3787	1
3788	1
3790	1
3791	2
3792	1
3794	3
3795	3
3796	1
3797	3
3798	2
3799	2
3800	2
3801	2
3802	1
3804	1
3805	3
3806	2
20190	1
3807	2
3808	2
3809	2
3810	1
3811	2
3812	3
3813	2
3814	2
3815	1
3816	2
3819	2
3820	2
3821	2
3822	1
3823	1
3824	1
3826	2
3827	3
3828	1
3830	1
3831	1
3833	1
3834	2
3838	2
3839	1
3840	2
3842	1
3844	3
3845	2
3846	1
3847	3
3848	1
3849	1
3850	1
3851	1
3852	2
3854	1
3856	2
3859	1
3860	2
3861	4
20246	1
3862	3
3863	1
3864	2
3865	1
3868	2
3869	4
3870	1
3871	2
3872	5
3874	1
3875	2
3876	3
20260	1
3877	1
3878	4
3879	1
3880	1
3881	1
3882	1
3884	3
3885	5
3887	3
3888	1
3889	2
3891	1
3893	2
3894	3
20279	1
3897	4
3898	2
20283	1
3899	1
3900	1
3901	3
3903	1
3904	3
3905	2
3908	1
3910	3
3911	2
3913	1
3914	1
3915	1
3916	4
3917	1
3919	2
3920	1
3921	1
3923	1
3924	1
3925	2
3926	2
20310	1
3927	2
3928	1
3929	1
3930	1
3932	1
3933	2
3935	2
3936	3
3938	2
3939	1
3940	1
3941	2
3943	2
3944	1
3945	2
3946	2
3947	1
3949	2
3950	1
3951	2
3952	3
3953	1
3954	2
3958	1
3959	3
3961	2
3962	2
3963	1
3964	1
3965	3
3967	1
3968	2
3969	2
3970	2
3971	4
3972	2
3973	1
3974	2
3975	1
3976	2
3977	2
3978	2
3979	1
3980	1
3981	2
3982	2
3983	2
3984	1
3986	2
3987	4
3989	2
3990	1
3991	1
3992	2
3993	2
3994	3
3995	3
3996	1
3997	1
3998	1
3999	4
4000	2
4001	1
4002	2
4003	1
4004	4
4006	1
20390	1
4007	2
4009	2
4011	3
4012	2
20398	1
4014	2
4015	1
4016	2
4017	2
4018	2
4019	1
4020	2
4021	1
4022	2
4024	1
4025	4
4026	1
20411	1
4029	1
4031	3
4032	1
4033	1
4034	2
4035	2
4036	1
4037	4
4038	1
4039	1
4040	1
4042	2
4043	2
4046	3
4047	1
4048	2
4049	1
4050	3
4051	3
4052	1
20436	1
4053	1
4054	1
4055	2
4056	1
20440	1
4057	3
4059	2
4060	1
4061	2
4062	1
4063	1
4064	2
4065	1
4067	2
4068	1
4069	3
4070	4
4071	1
4072	3
4073	5
4075	3
4076	1
4077	1
4078	2
4079	1
4080	2
4081	2
4083	2
4085	1
4086	2
4087	1
4088	1
4089	1
4093	3
4094	2
4096	1
4097	2
4098	2
4100	1
4101	2
4102	3
4103	1
4105	3
4106	1
4107	1
4108	1
4109	1
4110	1
4112	1
4113	1
4114	1
4118	2
4119	1
4122	1
4123	2
4124	1
4125	1
4126	1
4127	1
4128	2
4129	2
4130	2
4131	1
4132	2
4134	1
4136	2
4138	2
4140	1
4142	2
4143	1
4144	1
4146	2
20530	1
4147	3
4148	1
4150	1
4151	2
4152	2
4154	2
4155	2
4156	1
4157	1
4158	1
4160	3
4162	2
4163	1
4164	1
4165	1
4166	2
4171	2
4172	1
4173	1
4175	1
4178	4
4181	6
4183	2
4184	2
4186	1
4187	4
4189	2
4190	2
4193	3
4194	1
4195	2
20579	2
4196	2
20580	1
4198	3
4199	2
4200	1
4203	1
4205	1
4206	3
4208	1
4210	3
4211	2
4212	1
4213	2
4214	1
4215	2
4216	1
4219	2
4220	1
4222	1
4223	2
4224	1
4225	1
4227	1
4228	1
4229	1
4231	1
4232	2
4233	3
4235	4
4237	1
4238	1
4240	1
4241	3
4243	1
4244	3
4245	2
4246	4
4248	1
4249	3
4251	2
4252	1
4254	3
4255	1
4256	2
4257	1
4258	3
4261	1
4262	3
4263	2
4265	2
4266	1
4267	1
4268	1
4269	2
4272	1
4273	1
4274	1
4275	1
4277	5
4278	1
4279	1
4280	2
20666	1
4284	1
4285	1
4287	1
4289	1
4290	1
4292	3
4293	3
4294	1
4295	2
4297	1
4298	2
4299	1
4302	1
4303	1
4304	2
4307	1
4308	2
4310	1
4311	3
4312	1
4313	1
4314	1
4316	2
4317	1
4319	2
4320	2
4322	1
4325	2
4326	1
4328	1
4329	1
4330	1
4331	1
4332	3
4334	1
4335	1
4336	3
4338	1
4339	1
4340	1
4341	2
4342	1
4343	2
4346	1
4347	2
4348	1
4350	1
4351	1
4352	1
4353	1
4354	2
4359	1
4361	2
4364	2
20749	1
4366	2
4367	2
4368	2
4369	2
4371	3
4373	1
4374	1
4375	1
4376	2
4377	1
4378	2
4379	2
4380	1
4381	1
4382	1
4384	1
4385	1
20770	1
4387	3
4389	1
4394	1
4396	1
4398	2
4400	1
4401	1
20787	1
4403	1
4404	1
4406	5
4407	1
4408	1
4411	1
4412	3
4413	2
4414	1
4415	3
4416	2
4420	1
4424	2
4427	2
4430	1
4432	1
4433	1
4436	1
4437	2
4438	3
4440	1
4441	1
4442	1
4445	1
4449	2
4450	1
4453	1
4455	1
4457	2
4460	1
4461	1
4462	1
4463	1
4465	1
4467	1
4468	2
4471	2
4473	2
4474	1
4477	2
4480	3
4481	1
4484	2
4485	1
4486	1
4489	5
4490	3
4491	1
4492	1
4493	1
4494	1
4495	1
20881	1
4497	1
4498	2
4499	1
4500	3
4505	3
4506	1
4509	2
4510	1
4514	1
4517	2
4520	1
4521	2
4522	2
4523	1
4524	1
4527	1
4529	2
4530	1
4532	1
4533	2
4535	1
4537	1
4538	2
4539	1
4540	3
4541	2
4542	1
4543	1
4546	1
4550	2
4551	1
4552	2
4554	1
4556	1
4557	3
4558	4
4561	2
4564	1
4569	3
4573	3
4574	1
4576	1
4577	2
4579	1
4581	2
4582	2
4583	1
4586	1
4587	1
4588	1
4589	1
4592	1
4594	2
4598	1
4600	1
4602	2
4603	1
4604	2
4605	1
4606	2
4607	1
4609	1
4611	1
4613	1
4615	2
4618	3
4619	1
4621	1
4622	1
4623	2
4624	1
4625	2
4626	1
4627	1
4628	1
4629	2
4632	2
4634	2
4636	1
4638	2
4639	2
4640	1
4641	1
4644	2
4645	2
4646	2
4647	2
4648	2
4649	1
4650	2
4651	1
4652	1
4653	1
4656	3
4657	2
4658	1
4659	2
4663	1
4664	2
4665	1
4666	1
4667	2
4668	1
4672	1
4674	1
4675	1
4676	1
4678	1
4679	1
4680	3
4681	1
4685	3
4686	3
4687	2
4689	1
4690	1
4691	1
4693	1
4696	1
4698	2
4700	5
4703	1
4704	1
4705	2
4707	1
4711	1
4712	2
4713	1
4714	1
4718	3
4719	1
4720	1
4722	1
4724	2
4725	2
4727	1
4729	2
4730	2
4731	2
4732	1
4733	2
4734	1
4735	1
4737	2
4739	3
4742	2
4745	1
4746	1
4748	3
4749	2
4752	1
4753	1
4755	1
4756	3
4757	2
4759	2
4760	1
4762	2
4763	1
4764	2
4765	1
4767	2
4770	1
4773	2
4774	3
4775	1
4776	1
4777	5
4778	1
4779	1
4780	2
4782	1
4785	1
4787	2
4789	1
4790	1
4791	1
4792	1
4795	3
4796	2
4797	1
4798	2
4800	1
4801	1
4803	1
4805	2
4807	2
21193	1
4811	1
4813	1
4816	1
21200	1
4817	1
21201	1
4818	1
4819	1
4822	3
4825	2
4827	1
4828	1
4830	1
4831	1
4832	2
4833	1
4836	1
4837	2
4838	1
4840	2
4841	1
4843	1
4845	1
4846	5
4847	1
4848	1
4852	1
4854	1
4855	1
21239	1
4857	1
4858	1
4859	1
4862	1
4863	1
4867	1
4869	1
4871	1
4875	1
21260	1
4876	1
4877	1
4880	1
4882	1
4884	1
4887	1
4888	1
4889	3
4890	1
4891	1
4892	1
4894	1
4896	1
4897	1
4898	1
21282	1
4899	1
4900	1
4901	1
4904	1
4905	1
4908	2
4910	1
4913	1
4915	1
4916	1
4917	1
4922	2
4926	1
4930	2
4931	1
4932	1
4934	1
4936	1
4938	2
4945	1
4946	2
4947	1
4950	1
4953	3
4954	1
4955	1
4956	1
4962	2
4963	1
4965	1
4966	1
4967	1
4970	3
4971	2
4973	1
4974	3
21360	1
4980	2
4981	1
4986	2
4988	1
4989	1
4994	3
4998	2
4999	1
5003	1
5005	1
5007	1
5008	1
5010	4
5011	1
5013	1
5014	2
5016	2
5018	1
5021	1
5025	2
5026	1
5029	1
5031	3
5032	2
5034	1
5037	1
5038	1
5039	2
5042	1
5043	2
5045	1
5047	1
5048	1
5056	2
5058	2
5061	1
5062	3
5064	1
5065	1
5067	1
21452	1
5069	1
5071	2
5072	1
21458	1
5075	2
5077	2
5078	1
5080	1
5081	1
5082	2
5083	1
5086	1
5088	2
5091	1
5094	1
5099	1
5101	1
5102	1
5106	1
5107	1
5108	1
5110	3
5114	1
5116	1
5117	2
5120	1
5123	2
5124	2
5126	2
5127	2
5128	3
5130	2
5132	1
5137	1
5143	1
5146	1
5147	1
5148	1
5153	3
5157	1
5158	1
5160	1
5162	1
5163	1
5164	1
5165	1
5166	1
5168	3
5170	2
5173	1
5175	1
5180	1
5182	1
5184	1
5185	1
5187	1
5189	1
5192	1
5194	1
5195	1
21579	1
5196	1
5197	1
5198	2
5199	1
5200	2
5201	2
5202	1
5206	1
5207	1
5209	1
5213	1
5215	1
5217	1
5218	1
5219	1
5220	1
5221	1
21605	1
5223	3
5224	2
5226	1
5228	1
5229	1
5234	1
5235	1
5236	1
5242	1
5243	1
5245	2
5252	1
5253	2
21637	1
5255	1
5256	1
5257	1
5259	1
5263	2
5264	1
5265	1
5267	1
5268	1
5269	2
5271	1
5272	1
21657	1
5274	2
5277	1
5278	1
5280	1
5283	1
5287	2
5288	1
5289	1
5290	1
21676	1
5293	1
5294	1
5296	1
5297	2
5298	1
5299	1
5303	1
5304	2
5306	1
5311	1
5317	1
5318	2
5320	1
5321	1
5323	2
5324	1
5325	2
5326	2
5327	1
5334	1
21718	1
5339	2
5344	1
5345	2
21732	1
5348	1
5349	1
5352	2
5355	1
5358	1
5360	1
5364	1
5367	1
5372	1
5373	2
5374	1
5377	1
5382	1
5385	1
5386	1
5387	2
5391	1
5392	1
5394	1
5396	1
5400	1
5405	1
5407	4
5408	1
5409	2
5410	1
5411	1
5413	2
5415	1
5416	1
5417	2
5419	1
5420	1
5422	1
5424	1
5425	1
5426	1
5427	1
5428	1
5429	1
5430	1
5431	1
5435	1
5436	1
5437	1
5439	1
5441	1
5442	1
5443	1
5449	3
5450	1
5454	1
5456	1
5457	1
5458	1
5460	1
5461	1
5463	2
5465	1
5470	1
5471	1
5473	1
5476	1
5480	2
5481	1
5482	1
5483	3
5484	1
5486	1
5487	1
5492	1
5494	1
21882	1
5500	1
5502	2
5503	1
5506	1
5509	1
5510	1
5515	2
5528	1
5530	1
5531	1
5537	1
5539	1
5540	1
5546	1
5549	2
5551	1
5552	1
5554	4
5555	3
5558	1
5565	2
21959	1
5575	1
5576	1
5577	2
5578	1
5579	1
5582	3
5583	1
5586	4
5590	1
5591	1
5593	1
5594	1
5599	1
5603	2
5604	1
5606	1
5610	1
5612	1
5613	1
5615	1
5616	1
5620	1
5623	1
22009	1
5626	1
5627	1
5628	1
5631	1
5632	1
5634	1
5635	1
5641	2
5645	1
5657	1
5658	1
5659	2
5660	1
5666	1
5669	1
5670	1
5674	1
5675	2
5678	1
5679	1
5682	1
5687	1
5688	1
5692	2
5696	1
5700	1
5701	2
5706	2
5707	1
5708	1
5710	1
5713	1
5714	2
5716	1
5717	2
5722	1
5724	2
5727	1
5728	1
5730	1
5731	1
5732	1
5733	1
5737	1
5738	1
5740	1
5742	1
5745	2
5748	1
5749	2
5752	1
5754	1
5757	1
5758	1
5760	1
5761	1
5762	1
5764	1
5765	1
5769	1
5771	2
5772	1
5773	1
5776	1
5777	1
5778	2
5779	1
5780	2
5781	2
5783	1
5784	1
5785	1
5788	1
5789	1
5792	3
5794	1
5796	1
5799	2
5801	1
5802	2
5804	1
5805	1
5806	1
5808	1
5810	1
5811	1
5812	1
5813	1
5814	1
5816	1
5824	1
5826	1
5827	2
5828	2
5831	1
5832	1
5835	1
5839	1
5840	1
5841	1
5844	1
5847	1
5850	1
5854	1
5855	1
5858	3
22242	1
5863	1
22249	1
5867	1
5869	1
5870	1
5873	1
5876	1
5880	1
5881	1
5884	1
5887	1
5888	1
5891	1
5894	1
5897	2
5899	1
5900	1
5901	1
5903	1
22288	1
5904	1
5905	1
5906	1
5908	1
5912	1
5916	2
5919	1
5921	1
5922	1
5925	1
5926	2
5928	1
5930	1
5935	2
5938	1
22325	1
5943	2
5945	2
5947	1
5951	1
5953	1
5954	1
5956	2
5960	1
5961	1
5962	1
5963	1
5965	1
5966	1
5968	1
5976	1
5977	1
5980	1
5981	1
5994	1
5995	1
5996	2
6001	1
6002	1
6007	1
6013	1
22398	1
6022	1
6023	1
6024	2
6029	1
6031	1
6033	1
6036	1
6040	1
22426	1
6044	2
6053	1
6055	1
6056	1
6059	2
6060	2
6061	1
6065	1
6068	2
6069	1
6070	1
6071	1
6077	1
22463	1
6079	1
6082	1
6083	1
6084	1
22472	1
6090	1
6092	2
6094	1
6095	1
6106	2
6107	2
6111	1
6113	2
22498	1
6115	1
6116	1
6118	1
6120	2
6121	1
6125	1
6128	2
6130	1
6131	1
6134	1
6138	2
6139	1
6141	1
6143	1
6144	2
6148	1
6150	2
6161	1
6165	4
6168	1
6169	1
6170	1
6180	1
6185	1
6191	1
6192	1
6200	1
6205	1
6206	1
6207	1
6209	1
22594	1
6212	2
6217	1
6218	1
6219	2
6220	1
6222	1
6229	1
6230	1
6235	1
22628	1
6247	2
6248	1
6255	2
22641	1
6257	1
6258	1
6261	1
6262	1
6270	2
22657	1
6274	1
6275	1
6276	1
6277	1
6279	1
6282	2
6285	1
6286	1
6287	1
6294	1
6301	2
6306	1
6312	1
6313	2
6316	1
6318	1
6322	1
6323	3
6326	2
6332	2
6337	1
6339	1
6341	1
6345	1
6351	1
6352	1
6356	1
6357	1
6366	1
6367	1
6368	1
6371	1
6373	1
6376	1
6377	1
6379	1
6382	1
6383	1
6386	1
6391	1
6393	2
6398	1
6399	1
6403	2
6404	2
6405	1
6408	1
6410	1
6411	2
22795	1
6414	1
6415	1
6416	1
6419	1
6435	3
6437	1
6444	2
6448	1
6450	1
6451	1
6454	1
6460	1
6461	2
6463	1
6473	1
6475	1
6476	1
6479	1
6480	1
6482	1
6483	1
6488	1
6489	1
6494	2
6501	1
6504	1
6505	1
6507	1
6508	1
6510	1
6511	1
6512	1
6517	1
6518	1
6520	1
6522	1
6526	2
6533	2
6538	1
6542	1
22927	1
6543	1
6544	1
6545	1
22931	1
6548	1
6550	1
6551	1
6555	2
6559	2
6560	1
6562	1
6563	1
6565	1
6567	1
6569	1
6570	1
6579	1
6589	1
6591	2
6592	1
6593	1
6597	1
22982	1
6607	1
6612	1
6613	1
6618	1
6620	1
6623	1
6624	1
23010	1
6628	1
6629	2
6631	1
6640	1
6643	2
6644	1
6645	1
6646	1
6663	1
6664	1
6667	1
6668	1
6670	1
6674	1
6678	1
6680	1
6681	1
6683	1
6686	3
6690	1
6691	1
6695	1
6706	1
6710	1
6711	2
6716	1
6717	1
6720	1
6723	2
6728	1
6729	1
6732	1
6741	1
6748	1
6757	2
6759	1
23143	1
6760	1
6762	1
6763	1
6765	1
6767	1
6772	1
6775	2
6776	2
6778	2
6785	1
6788	1
6794	2
6795	1
6803	1
6806	2
23190	1
6811	1
6815	1
6816	1
6821	1
6822	1
6823	1
6824	1
6830	1
6831	1
6833	1
6842	1
6843	1
6845	1
6847	1
6848	1
6849	1
6850	1
6851	1
6854	1
23238	1
6856	1
23247	1
6863	1
6875	1
6877	1
6881	1
6889	1
6891	1
23279	1
6901	3
6902	2
6903	1
6908	1
6910	1
6912	1
6928	1
6932	2
6933	1
6937	1
6942	1
6943	1
6944	1
6945	1
6949	2
6952	1
6958	2
6959	1
6960	1
6972	1
6976	1
6978	2
6980	2
6983	2
6990	1
6994	1
6995	1
7003	1
7005	1
7006	1
7013	1
7016	2
7018	1
7019	1
7024	1
7025	1
7026	1
7027	1
7031	1
7034	1
7037	1
7038	1
7040	1
7058	1
7063	1
7064	2
7069	2
7071	1
7073	1
7074	2
23467	1
7084	1
7087	2
7093	1
7096	1
7097	1
7100	1
7102	1
7104	2
7105	1
7106	1
23494	1
7118	2
7120	1
7121	1
23506	1
7122	2
7123	1
7128	1
7135	1
7136	1
7141	1
7147	1
7154	1
7155	1
7156	1
7160	1
7162	1
7167	1
7172	1
7173	2
7181	2
23566	1
7182	1
7184	1
7188	1
7189	1
7191	1
7196	1
7198	1
7199	1
7204	2
7207	2
7210	1
7216	1
7219	1
7220	2
7221	1
7223	2
7224	1
7225	1
7229	1
7232	1
7237	2
7239	1
7242	1
7246	1
7249	2
7251	1
7253	1
7257	1
7258	1
7264	2
7265	1
7266	1
23651	1
7270	1
7272	1
7275	1
7278	1
7285	1
7286	1
7288	1
7290	2
7298	1
7299	1
7305	1
7306	1
7308	1
7309	1
7311	2
7312	2
7317	1
7320	1
7325	1
7326	1
7329	1
7330	1
7331	1
7335	1
7336	1
23721	1
7340	1
7344	1
7352	1
7354	1
7357	1
7358	1
7359	1
7360	1
7370	2
7371	1
7373	1
7375	1
7378	1
7383	1
7385	1
7386	1
7387	1
7388	1
7394	1
7395	1
7396	1
7403	1
23787	1
7406	1
7410	1
7415	1
7423	1
7428	1
7433	1
7441	1
7442	1
7444	1
23833	1
7454	1
7455	1
7457	1
7458	1
7465	1
7471	2
7474	2
7475	1
7477	1
7480	1
7482	1
7486	1
7491	1
7497	1
7499	3
7501	1
7504	1
7505	1
7512	2
7513	1
7514	1
7516	1
23907	1
7524	1
7526	1
7527	1
7528	1
7531	1
7533	1
7536	1
7539	1
7541	1
7550	1
7551	2
7557	1
7561	1
7562	1
7566	1
7568	1
7570	1
7571	1
7576	1
7577	1
7580	1
7581	1
7582	2
7583	1
7585	1
7587	1
7589	1
7592	1
7593	1
7596	4
7597	1
7606	1
7616	1
7617	1
7619	1
7621	1
7626	2
7631	1
7638	1
7645	1
7646	1
7647	1
7649	1
7651	1
7652	1
7661	1
7666	1
7669	1
7673	1
7674	1
7687	2
7689	1
7691	1
7701	1
7715	2
7716	2
7717	1
7720	1
7721	1
7726	1
7729	1
7730	3
7731	1
7735	1
7740	2
7742	3
7746	1
7749	2
7754	2
7757	1
7763	1
7766	1
7779	2
7782	1
7785	2
7788	2
7790	2
7791	1
7796	1
7801	1
7802	1
7803	1
7814	1
7819	1
7820	1
7823	1
7825	3
7828	1
7846	1
7854	1
7855	2
24241	1
7858	1
7863	1
7864	1
7866	1
7867	1
7868	1
24253	1
7873	1
7879	1
7880	2
7884	1
7888	1
7890	1
7892	1
7904	1
7905	1
7908	1
7909	1
7913	1
7917	1
7919	1
7924	1
7936	2
7937	1
7938	1
7940	1
7949	1
7953	1
7960	1
7962	1
7964	2
7968	2
7975	1
7976	2
7977	1
7980	1
7992	1
7996	1
8002	1
8007	1
8016	1
8018	1
8022	1
8023	1
8027	1
8029	2
8032	1
8035	1
8036	1
8057	1
8062	2
8064	1
8066	1
8068	1
8069	1
8071	1
8078	2
8079	1
8085	1
8087	1
8090	1
8091	1
8092	1
8094	1
8102	1
24487	1
8103	1
8105	2
8108	1
8110	1
8111	1
8112	1
8113	1
8118	1
8119	1
8126	1
8142	2
8148	1
8155	1
8156	1
8158	1
8159	1
8162	1
8167	2
8170	1
8173	1
8174	1
8176	1
8178	1
24570	1
8193	1
8203	1
8204	1
24589	1
8212	1
8220	1
8221	1
8223	2
8227	1
8231	1
8235	1
8239	1
8242	1
8248	1
8250	1
8257	1
8262	2
8263	2
8264	1
8265	1
8268	1
8275	1
8281	1
8282	2
8284	1
8290	1
8293	1
8296	1
8297	2
8303	2
8309	1
8311	1
8312	1
8316	1
8321	2
8323	1
8325	2
8333	1
8338	1
8339	2
8341	1
8342	1
8345	1
8348	1
8349	1
8350	1
8355	1
8357	1
8358	1
8364	1
8365	1
8367	1
8376	2
8377	2
8384	2
8386	1
8396	1
8401	1
8405	1
8410	1
8414	1
8415	1
8422	3
8429	1
8430	1
8431	1
8446	1
8449	2
8452	2
8454	1
8455	1
8460	1
8466	1
8468	1
8470	1
8473	1
8474	1
8477	1
8485	1
8494	1
8502	1
8503	1
8504	1
8506	1
8512	1
8514	1
8517	1
8521	2
8523	1
8525	1
8528	1
8539	1
8545	2
8546	1
8549	1
8550	1
8570	2
8575	1
8584	1
8586	1
24975	1
8598	1
24982	1
8612	1
8616	1
8617	1
8627	1
8633	1
8637	1
8639	1
8641	2
8643	1
8652	1
8655	1
8656	1
8658	1
8664	1
8666	1
8667	1
8669	1
8674	2
8677	2
8681	1
8683	1
8684	1
8688	1
8689	1
8691	1
8700	1
8703	1
8704	1
8705	2
8706	1
8707	1
8708	1
8709	1
8710	1
8714	1
8730	1
8733	1
8734	1
8736	1
8741	1
8742	1
8746	1
8747	1
8750	1
8756	2
8767	1
8768	2
8772	1
8773	1
8776	1
8778	2
8779	1
8780	1
8781	1
8782	2
8791	1
8796	1
8798	1
8799	1
8804	1
8806	1
8821	1
8823	1
8839	1
8841	1
8849	1
8853	1
8856	1
8867	2
8870	1
8877	1
8884	3
8885	1
8890	1
8895	1
8900	1
8902	1
8905	1
8908	1
8910	1
8913	1
8915	1
8917	1
8923	1
8927	1
8928	1
8929	1
8951	2
8957	2
8958	2
8965	1
8967	2
8968	1
8974	1
8981	1
8982	3
8993	2
8996	1
9002	1
9003	1
9006	1
9007	1
9011	1
9012	1
9013	1
9014	1
9020	1
9026	1
9032	1
9039	1
9042	1
9056	2
9057	1
9066	1
9069	1
9070	1
9072	1
9101	1
9102	2
9103	1
9110	1
9126	1
9128	1
9133	2
9136	1
9145	1
9150	2
9158	1
9159	3
9164	1
9169	1
9171	3
9175	1
9177	1
9182	1
9183	1
9190	1
9191	1
9193	1
9197	1
9215	1
9217	2
9219	1
9222	2
9224	1
9233	1
9234	1
9238	1
9244	1
9245	1
9246	1
9247	1
9251	1
9252	1
9263	1
9264	1
9268	1
9275	1
9285	2
9289	2
9297	1
9300	1
9302	1
9309	1
9310	1
9313	1
9314	1
9317	2
9318	1
9320	1
9321	1
9322	1
25717	1
9333	1
9335	1
9350	1
9358	3
9359	1
9360	1
9371	2
9374	1
9393	1
9400	2
9408	1
9412	1
9415	1
9420	1
9422	1
9423	1
9427	1
9436	1
9437	1
9444	1
9445	1
9446	1
9461	1
9464	1
9466	1
9468	1
9469	1
9471	2
9479	1
9481	1
9485	2
9493	1
9498	1
9509	1
9511	1
9516	2
9517	1
9525	1
9526	1
9528	1
9538	1
9545	1
9549	2
9554	1
9563	1
9574	1
9576	1
9577	1
9578	1
9582	1
9583	1
9590	1
9595	1
9599	1
9600	1
9601	1
9605	1
9609	1
9611	1
9619	1
9622	1
9624	2
9632	1
9634	1
9636	1
9637	1
9657	1
9662	1
9667	1
9674	1
9676	1
9680	1
9682	1
9685	1
9695	1
9697	1
9708	1
9721	1
9724	1
9725	1
9729	1
9731	1
9734	1
9742	1
9767	1
9770	1
9771	1
9774	1
9780	1
9784	1
9791	1
9793	1
9794	1
9796	1
9801	1
9811	1
9814	1
9827	1
9829	1
9850	1
9851	1
9852	1
9856	3
9860	1
9875	2
9877	1
9880	1
9888	3
9890	1
9894	1
9906	1
9919	1
9921	1
9925	2
9933	1
9940	1
9942	1
9946	2
9955	1
9958	1
9963	1
9967	1
9968	2
9972	1
9976	1
9978	1
9983	1
9984	1
9989	1
9993	1
9998	1
10011	1
10015	1
10016	1
10019	1
10022	1
10025	1
10026	1
10037	1
10040	1
10045	1
10054	1
10055	1
10059	1
10066	1
10073	1
10076	1
10079	1
10087	1
10089	1
10090	2
10092	1
10096	1
10105	1
10106	1
10125	1
10128	1
10137	1
10143	1
10152	1
10157	1
10158	2
10159	1
10160	1
10162	1
10174	1
10177	1
10178	2
10179	2
10182	1
10187	1
10188	1
10190	1
10194	1
10195	1
10197	2
10209	1
10210	1
10212	1
10214	1
10218	1
10227	1
10240	2
10243	1
10253	1
10254	1
10257	1
10273	1
10274	1
10275	1
10278	1
10281	1
10282	1
10284	1
10285	2
10286	1
10299	1
10304	1
10309	1
10316	1
10320	1
10328	1
10335	2
10338	1
10339	1
10340	2
10343	1
10348	1
10349	1
10350	1
10355	1
10368	1
10372	1
10373	1
10376	1
10391	1
10397	1
10401	2
10409	1
10413	1
10421	1
10423	1
10424	1
10430	1
10433	1
10434	2
10443	1
10449	1
10454	1
10459	2
10461	1
10465	1
10477	1
10479	1
10487	1
10488	1
10492	1
10498	1
10501	1
10502	1
10503	1
10519	1
10530	1
10544	2
10558	1
10561	1
10562	2
10566	1
10567	2
10570	2
10582	2
10592	1
10593	2
10608	1
10613	2
10627	1
10631	1
10634	1
10637	1
10653	1
10663	1
10665	1
10677	1
10679	1
10680	2
10687	1
10692	1
10694	1
10696	1
10719	2
10724	1
10728	1
10736	1
10742	1
10751	2
10752	1
10755	1
10762	1
10763	1
10765	1
10774	1
10789	1
10791	1
10792	1
10797	1
10798	1
10800	1
10801	1
10802	1
10812	1
10814	1
10817	1
10824	1
10826	2
10833	2
10836	1
10839	1
10848	1
10851	2
10852	1
10858	1
10862	2
10863	3
10873	1
10885	1
10895	1
10896	2
10898	1
10909	1
10917	1
10919	1
10921	1
10928	1
10932	1
10947	1
10953	1
10954	1
10964	1
10969	1
10974	1
10979	1
10981	1
10989	1
10991	1
11009	1
11015	1
11017	1
11020	1
11027	1
11032	1
11036	1
11048	1
11051	1
11059	1
11079	2
11081	1
11086	1
11088	1
11089	1
11093	1
11098	1
11104	1
11110	1
11116	1
11131	1
11143	1
11162	1
11169	1
11171	1
11172	1
11175	1
11177	1
11186	1
11188	1
11201	1
11212	1
11214	1
11219	1
11229	1
11233	1
11241	1
11246	1
11250	1
11252	1
11254	1
11256	1
11258	1
11277	1
11280	1
11285	1
11287	2
11288	1
11289	1
11308	1
11321	1
11327	1
11328	1
11330	1
11332	1
11333	1
11342	1
11343	1
11346	1
11352	1
11356	1
11362	1
11363	1
11368	1
11370	1
11374	1
11378	1
11379	1
11382	2
11388	1
11393	2
11397	1
11414	1
11416	1
11421	1
11422	1
11429	1
11430	1
11432	1
11440	1
11444	1
11445	1
11455	1
11459	1
11460	1
11461	1
11468	1
11484	1
11487	1
11492	1
11498	1
11501	1
11502	1
11506	1
11508	2
11510	1
11512	1
11516	1
11521	1
11525	1
11531	1
11533	1
11535	1
11536	1
11539	1
11541	1
11542	1
11548	1
11559	1
11564	1
11573	1
11574	1
11586	1
11599	1
11600	1
11601	1
11609	1
11616	1
11630	1
11631	1
11633	1
11635	1
11637	1
11639	1
11648	1
11655	1
11660	1
11664	1
11668	1
11675	1
11679	1
11691	1
11693	1
11696	1
11699	1
11700	1
11704	1
11706	1
11714	1
11727	1
11729	2
11746	1
11747	1
11750	1
11755	1
11759	1
11763	1
11770	1
11778	1
11787	1
11807	1
11808	1
11815	1
11826	1
11838	1
11842	1
11857	1
11863	1
11866	1
11868	1
11872	1
11875	1
11887	1
11895	2
11897	1
11909	1
11912	1
11913	1
11915	1
11930	1
11939	1
11943	1
11946	1
11951	1
11967	1
11969	1
11972	2
11976	1
11984	1
11994	2
11996	1
12006	2
12020	1
12026	2
12031	1
12033	1
12039	1
12040	1
12046	1
12051	1
12054	1
12055	1
12057	1
12059	1
12061	1
12062	2
12066	1
12075	1
12082	2
12083	1
12084	2
12087	1
12090	1
12095	1
12109	1
12110	1
12116	1
12124	1
12127	1
12135	1
12137	1
12138	1
12141	1
12147	1
12161	1
12164	1
12168	1
12170	1
12186	1
12187	1
12191	1
12217	1
12218	1
12224	1
12228	1
12229	1
12232	1
12233	1
12235	2
12240	1
12253	1
12255	1
12276	1
12281	1
12284	1
12285	1
12298	1
12301	1
12302	1
12303	1
12308	1
12311	1
12317	1
12320	2
12323	1
12325	1
12327	1
12328	1
12330	1
12339	1
12341	1
12350	1
12356	1
12376	1
12382	1
12399	1
12402	1
12406	1
12416	1
12421	1
12425	1
12427	1
12429	1
12432	1
12447	1
12450	1
12455	1
12459	1
12469	1
12473	1
12477	1
12481	1
12487	1
12488	1
12492	1
12494	1
12500	1
12516	1
12533	1
12540	1
12544	1
12551	2
12554	1
12563	1
12564	1
12573	1
12575	1
12580	1
12582	1
12601	1
12604	1
12612	1
12621	2
12653	1
12654	1
12655	1
12658	1
12677	1
12680	1
12683	2
12700	2
12711	1
12712	1
12736	1
12752	1
12767	1
12774	1
12776	1
12781	1
12785	1
12786	1
12788	1
12797	1
12800	1
12803	1
12821	1
12826	1
12832	1
12835	2
12836	1
12839	1
12847	1
12848	1
12854	1
12855	1
12865	3
12870	1
12875	1
12883	1
12891	2
12894	1
12895	1
12916	1
12927	1
12945	1
12948	1
12953	1
12961	1
12972	1
12991	1
12998	1
13001	2
13003	1
13007	2
13008	1
13048	1
13051	1
13052	3
13054	1
13070	2
13075	1
13077	1
13085	1
13092	1
13108	1
13120	1
13122	1
13127	1
13132	1
13135	1
13136	1
13137	1
13138	1
13151	1
13155	1
13163	1
13176	1
13181	1
13183	1
13190	1
13198	1
13200	1
13218	2
13224	1
13233	1
13237	1
13240	1
13242	1
13282	1
13285	1
13302	1
13304	1
13306	1
13337	1
13342	1
13350	1
13367	1
13371	1
13378	1
13383	1
13399	1
13405	1
13406	1
13409	1
13413	1
13417	1
13423	1
13461	1
13462	1
13469	1
13474	1
13490	1
13500	1
13514	1
13521	1
13546	1
13550	1
13557	1
13563	1
13576	1
13586	2
13587	1
13598	1
13600	1
13605	1
13615	1
13633	1
13668	1
13671	1
13684	1
13707	1
13717	1
13741	1
13765	1
13773	1
13778	1
13781	1
13782	1
13791	1
13812	1
13815	1
13818	1
13820	1
13853	1
13862	1
13873	1
13882	1
13886	1
13887	1
13888	1
13898	1
13902	1
13908	1
13922	1
13926	1
13930	1
13954	1
13956	1
13958	1
13961	1
13967	1
13969	1
13980	1
13993	1
13997	1
14001	1
14003	1
14004	1
14005	1
14013	1
14014	1
14016	1
14021	1
14027	1
14029	1
14032	1
14034	1
14036	1
14044	1
14055	1
14058	1
14060	1
14068	1
14075	1
14093	1
14096	1
14114	1
14117	1
14123	1
14133	1
14148	1
14152	1
14167	1
14172	1
14175	1
14181	1
14218	1
14233	1
14236	1
14243	1
14249	1
14252	1
14257	1
14267	1
14283	1
14285	3
14287	1
14292	1
14303	1
14308	1
14351	1
14357	1
14363	1
14399	1
14408	1
14418	2
14424	1
14432	1
14451	1
14486	1
14487	2
14488	1
14493	1
14534	1
14536	1
14537	1
14544	1
14551	1
14558	1
14570	1
14581	1
14586	1
14598	1
14599	1
14614	1
14619	1
14637	1
14638	1
14656	1
14661	1
14662	1
14696	1
14699	1
14707	1
14711	1
14741	1
14762	1
14763	1
14773	1
14781	1
14785	1
14791	1
14796	1
14838	1
14841	1
14856	1
14861	1
14864	1
14865	1
14874	1
14883	1
14903	1
14908	1
14911	1
14936	1
14937	1
14950	1
14970	1
14980	1
14982	1
14985	1
14992	1
15007	1
15021	1
15028	1
15069	1
15083	1
15093	1
15108	1
15109	1
15127	1
15144	1
15158	1
15160	1
15207	1
15208	1
15223	1
15229	1
15239	1
15248	1
15291	1
15295	1
15306	1
15315	1
15331	1
15371	1
15392	1
15394	1
15433	1
15442	1
15448	1
15449	1
15453	1
15465	1
15480	1
15481	1
15508	1
15518	1
15524	1
15530	1
15536	1
15547	1
15559	1
15583	1
15586	1
15589	1
15597	1
15637	1
15649	2
15657	1
15698	1
15699	1
15703	1
15704	1
15721	1
15724	1
15779	1
15791	1
15822	1
15830	1
15874	1
15920	1
15937	1
15960	1
16057	1
16073	1
16081	1
16106	1
16119	1
16144	1
16158	1
16205	1
16223	1
16237	1
16291	1
16301	1
16336	1
16351	1
16365	1
16376	1
16379	1
