1	13
2	7
3	9
4	1
5	5
6	12
7	3
8	8
9	15
10	11
11	10
12	8
13	5
14	8
15	14
16	12
17	12
18	16
19	8
20	18
21	17
22	8
23	9
24	9
25	11
26	10
27	8
28	10
29	12
30	5
31	10
32	8
33	6
16417	1
16418	1
34	10
35	12
36	7
37	13
38	8
39	3
40	10
41	11
42	6
43	6
44	6
45	7
16429	1
46	4
47	5
48	8
49	7
50	14
51	9
52	12
53	10
54	5
16439	1
55	9
56	6
57	12
58	6
59	1
60	10
16444	1
61	7
62	7
63	7
64	9
65	4
16449	1
66	5
67	5
68	4
69	11
70	5
71	8
72	11
73	12
74	7
75	8
76	14
77	6
16461	1
78	16
79	9
16463	1
80	10
81	5
82	6
83	4
84	9
85	10
86	11
87	9
88	3
89	8
90	10
91	10
92	6
93	7
94	7
95	10
96	11
97	4
98	11
99	4
100	9
101	9
16485	1
102	9
103	9
16487	1
104	12
105	9
106	11
107	10
108	13
109	7
110	4
111	12
112	14
113	12
114	8
115	13
116	8
117	21
118	10
119	16
120	10
121	11
122	12
123	12
16507	1
124	7
125	14
126	11
16510	2
127	7
128	9
16512	1
129	8
130	10
131	12
132	5
133	11
134	9
135	10
136	9
137	10
138	11
139	14
16523	1
140	8
141	12
142	14
143	13
16527	1
144	8
145	12
146	12
147	12
148	12
149	12
150	9
151	9
152	11
153	15
16538	1
154	9
155	8
156	10
157	2
158	16
159	14
160	6
161	8
162	16
163	9
164	7
165	5
166	8
16550	1
167	10
168	8
169	9
170	17
171	9
172	4
173	10
174	6
175	13
176	8
177	6
16561	1
178	10
179	8
180	7
181	12
182	14
183	4
184	9
185	14
186	11
187	12
188	13
189	9
190	13
191	6
192	9
16576	1
193	12
194	8
195	6
196	13
197	8
198	15
199	14
200	10
201	15
202	7
203	10
204	8
205	12
206	13
207	13
208	11
209	10
210	9
211	10
212	3
213	9
214	8
215	14
216	12
217	4
218	10
219	11
220	15
221	11
222	9
223	16
224	14
225	5
226	10
227	7
228	8
229	8
230	8
231	7
232	8
233	11
16617	1
234	18
235	14
236	9
237	7
16621	1
238	8
239	11
240	13
241	8
242	4
243	8
244	11
245	8
246	9
247	13
248	6
249	9
250	5
251	11
252	13
253	16
254	5
255	15
256	13
257	12
258	8
259	11
260	16
261	11
262	8
263	7
264	16
265	8
266	7
267	9
16651	1
268	8
269	9
270	7
271	10
272	8
16656	1
273	11
274	11
16659	1
275	8
276	8
277	11
278	12
279	6
280	9
281	12
282	5
283	9
284	11
285	9
286	13
287	9
288	14
289	7
290	10
291	10
292	9
293	8
294	9
295	12
296	5
297	8
298	7
299	12
300	14
301	5
302	7
303	10
304	9
305	8
306	8
16690	1
307	11
308	5
309	10
310	16
311	6
312	8
313	15
314	13
315	10
316	7
317	9
318	13
319	10
320	9
321	10
16705	1
322	8
323	11
324	11
325	10
326	14
327	6
328	9
329	9
330	14
331	10
332	3
333	12
334	11
335	10
336	7
337	7
338	11
339	10
340	11
341	12
342	11
343	5
344	11
345	7
346	9
347	6
16731	2
348	11
349	7
350	8
351	14
352	10
353	7
354	7
355	10
356	9
357	5
358	10
359	11
360	9
361	10
362	7
16746	1
363	14
364	11
365	6
366	9
367	11
368	11
369	10
370	7
371	11
372	6
373	7
374	13
375	4
376	10
377	6
378	11
379	12
380	2
381	12
382	10
383	13
384	11
385	12
386	7
387	8
388	9
389	7
390	5
16774	1
391	10
392	8
393	10
394	10
395	15
396	9
397	8
398	5
399	8
400	11
401	6
402	9
403	10
404	8
405	8
406	8
407	10
408	6
409	6
410	6
411	11
412	11
413	7
414	9
415	9
416	15
417	7
418	9
419	11
420	14
421	7
422	9
423	12
424	11
425	7
426	12
427	6
428	6
429	7
430	11
16814	1
431	9
432	6
433	9
434	11
435	10
436	12
437	14
438	9
16822	1
439	18
440	7
441	9
442	10
443	13
444	12
445	11
446	13
447	11
448	16
449	9
450	7
451	12
452	13
453	13
454	4
455	11
456	13
457	11
458	5
16842	1
459	16
460	12
461	8
462	11
463	8
464	7
465	7
466	6
467	9
468	5
469	5
470	9
471	9
472	10
16856	1
473	11
474	15
475	11
476	13
477	13
478	7
479	10
480	7
481	9
482	13
483	9
484	8
485	7
486	10
487	5
488	7
16872	1
489	5
490	16
491	12
492	9
493	9
494	6
495	7
496	8
497	7
498	9
16882	1
499	12
500	13
501	3
502	6
503	12
504	7
505	11
506	2
507	8
508	9
509	3
510	5
511	3
512	5
513	6
514	13
515	7
516	7
517	9
518	11
519	9
520	8
521	9
522	12
523	5
524	8
525	9
526	6
527	12
528	8
529	9
530	11
531	6
532	9
533	6
534	7
535	15
16919	1
536	7
537	8
16921	1
538	10
539	6
540	9
541	13
542	9
543	11
544	10
545	6
546	10
547	5
548	13
549	8
550	8
551	7
552	14
553	10
554	5
555	11
556	14
557	9
558	13
559	15
560	9
561	9
562	4
563	12
564	11
565	10
566	6
567	12
16952	1
568	5
569	8
570	5
571	7
16955	1
572	11
16956	1
573	7
574	8
575	11
576	8
577	7
578	11
579	13
580	8
581	13
582	9
583	13
584	11
585	12
586	8
587	8
588	7
589	16
590	13
591	9
592	13
593	7
594	17
595	10
596	15
597	11
598	6
599	8
600	12
601	10
602	10
603	8
604	9
605	11
606	7
607	3
608	13
609	9
610	12
611	13
612	8
613	12
614	13
615	9
616	6
617	8
618	14
619	15
620	9
621	10
622	5
623	10
624	5
625	9
626	13
627	4
628	9
629	10
630	8
631	10
632	10
633	7
634	7
635	7
636	11
637	15
638	11
639	13
640	10
641	5
642	10
643	9
644	11
645	9
646	8
647	6
648	9
649	10
17033	1
650	12
651	12
652	8
653	15
654	4
655	15
17039	1
656	6
657	6
658	9
659	7
660	8
661	9
662	11
663	9
664	14
665	6
666	8
667	4
668	13
669	10
670	14
671	7
672	11
673	8
674	6
675	8
676	9
677	9
678	8
679	11
680	8
681	5
682	11
683	4
684	12
685	6
686	6
687	12
688	14
689	9
690	12
691	10
692	7
693	9
694	9
695	9
696	7
697	14
698	4
699	8
700	16
701	14
702	2
703	8
704	9
705	12
706	11
707	14
17091	1
708	13
709	7
710	11
711	16
712	13
713	15
714	5
715	8
716	13
717	14
718	4
719	12
720	6
721	6
722	8
723	8
724	12
725	9
726	12
727	15
728	5
729	10
730	10
17114	1
731	13
732	9
733	8
734	7
735	7
736	9
737	11
738	8
739	15
17123	1
740	13
741	13
742	11
743	12
744	10
745	14
746	11
747	8
748	17
749	7
750	10
751	8
752	8
753	6
754	12
755	11
756	12
757	4
758	9
759	14
760	5
761	10
762	9
763	11
764	10
765	16
766	7
17150	1
767	7
768	16
769	10
770	11
771	4
772	6
773	13
774	8
775	15
776	6
777	2
778	11
779	7
780	11
781	10
782	9
783	8
17167	1
784	9
785	8
786	9
787	15
17171	1
788	8
789	13
790	13
791	8
17175	1
792	7
793	9
794	8
795	8
17180	1
796	9
797	9
798	9
799	5
800	9
801	11
802	6
803	11
804	7
805	7
806	6
807	6
808	8
809	8
810	13
811	16
812	15
813	14
814	9
815	8
816	18
817	10
818	7
819	6
820	5
821	7
822	11
823	10
824	9
825	6
826	12
827	10
828	8
829	5
830	16
17214	1
831	14
832	5
833	16
834	11
835	6
836	8
837	9
838	12
839	10
840	5
841	7
842	9
843	8
844	8
845	8
846	6
847	8
848	5
849	7
850	12
851	11
852	7
853	6
854	11
855	10
856	8
857	9
858	9
859	12
860	11
861	13
862	11
863	5
17247	1
864	7
865	12
866	8
867	10
868	11
869	6
870	7
17254	1
871	8
872	12
873	10
874	6
875	10
876	9
877	11
878	10
879	10
880	8
881	11
882	11
883	13
884	13
885	9
886	7
887	8
888	15
889	10
890	6
17274	1
891	7
892	9
893	10
17277	1
894	10
895	12
896	6
897	13
898	15
899	9
900	14
17284	1
901	7
902	11
903	10
904	8
905	8
906	8
907	5
908	7
909	9
910	11
911	10
912	11
913	9
914	7
915	9
916	7
917	12
918	6
919	9
920	11
921	7
922	8
923	12
924	13
925	11
926	9
927	8
928	9
929	8
930	17
931	6
932	10
933	10
934	3
935	10
936	8
937	9
938	8
939	7
940	9
941	8
942	10
17326	1
943	6
944	5
945	6
946	5
947	14
948	5
949	8
950	10
951	9
952	10
953	6
954	7
955	12
956	9
957	8
958	10
959	13
960	11
961	6
962	10
17347	1
963	6
964	13
17348	1
965	10
966	7
967	13
968	12
969	3
970	9
971	18
972	10
973	7
974	2
975	10
976	11
977	8
978	13
979	8
980	12
981	5
982	10
983	6
984	7
985	5
986	7
987	10
988	4
989	9
990	8
991	13
992	16
993	7
994	11
995	7
996	13
997	8
998	9
999	12
1000	10
1001	13
1002	9
17386	1
1003	14
1004	9
1005	5
1006	5
1007	12
1008	9
1009	7
1010	10
1011	7
1012	14
1013	3
1014	15
1015	11
1016	5
1017	7
1018	6
1019	13
1020	10
17404	1
1021	8
17405	1
1022	8
1023	9
1024	13
1025	8
1026	8
1027	11
1028	11
1029	6
1030	11
1031	7
1032	13
1033	13
1034	16
1035	9
1036	16
1037	14
1038	15
1039	12
1040	8
1041	12
1042	8
1043	8
1044	8
1045	14
1046	13
1047	9
1048	7
17432	1
1049	9
1050	7
1051	4
1052	10
1053	9
1054	14
1055	9
1056	12
1057	3
1058	14
1059	6
1060	10
1061	11
1062	10
1063	3
1064	8
1065	5
1066	14
1067	10
1068	8
17452	1
1069	11
1070	9
1071	12
1072	10
17456	1
1073	11
1074	12
1075	5
1076	10
1077	10
1078	8
1079	12
1080	10
1081	11
1082	5
1083	8
1084	11
1085	6
1086	10
1087	13
1088	9
17472	1
1089	11
1090	8
1091	8
1092	9
1093	4
1094	14
1095	6
1096	10
1097	11
1098	11
1099	15
1100	12
1101	9
17485	1
1102	8
1103	6
1104	9
1105	12
1106	10
1107	7
1108	9
1109	12
1110	12
1111	15
1112	7
1113	7
1114	2
1115	9
1116	10
1117	8
1118	9
1119	8
1120	5
1121	3
1122	8
1123	7
1124	6
1125	6
1126	8
1127	12
1128	10
1129	11
1130	6
1131	6
1132	5
1133	12
1134	7
1135	6
1136	9
1137	11
1138	12
1139	8
1140	5
17524	1
1141	8
1142	9
1143	5
1144	10
1145	7
1146	10
1147	11
1148	9
1149	2
1150	8
1151	6
17535	1
1152	6
1153	6
1154	6
1155	8
1156	15
1157	13
1158	10
1159	11
1160	5
1161	11
1162	6
1163	9
1164	11
1165	9
1166	15
17550	1
1167	12
1168	7
1169	11
1170	9
1171	6
1172	11
1173	6
17557	1
1174	4
1175	11
17559	1
1176	11
1177	10
1178	16
1179	7
1180	11
1181	9
1182	13
1183	12
1184	4
1185	10
1186	13
1187	10
1188	8
1189	11
1190	9
1191	13
1192	5
1193	10
1194	8
1195	6
1196	9
1197	9
1198	11
1199	7
1200	14
1201	8
1202	11
1203	6
1204	14
1205	10
1206	9
1207	6
1208	14
1209	9
1210	11
1211	7
1212	9
1213	8
1214	11
1215	12
1216	6
1217	16
1218	6
1219	10
1220	9
1221	9
1222	5
1223	10
1224	14
1225	8
1226	9
1227	8
1228	8
1229	9
1230	10
1231	6
1232	13
1233	6
1234	6
1235	10
1236	11
17620	1
1237	12
1238	8
1239	12
1240	8
1241	8
1242	19
1243	11
1244	11
1245	11
1246	10
1247	9
1248	5
1249	8
1250	5
1251	6
1252	13
1253	14
1254	9
1255	6
1256	6
1257	9
1258	9
1259	8
1260	8
1261	13
1262	8
1263	9
1264	8
1265	7
1266	8
1267	15
1268	10
1269	17
1270	6
1271	11
1272	6
1273	11
1274	6
1275	6
1276	6
1277	7
1278	8
1279	9
17663	1
1280	13
1281	5
1282	4
1283	10
1284	7
1285	9
1286	7
1287	8
1288	9
1289	9
1290	12
1291	3
1292	7
1293	13
1294	10
1295	8
1296	12
1297	9
1298	11
1299	10
1300	9
1301	9
1302	9
1303	9
17687	1
17688	1
1304	5
1305	8
1306	7
1307	7
1308	5
1309	12
1310	10
1311	7
1312	7
1313	13
1314	14
1315	11
1316	10
1317	7
1318	7
1319	12
1320	5
1321	5
1322	10
1323	11
1324	11
1325	7
1326	10
1327	13
1328	12
1329	9
1330	9
1331	11
1332	13
1333	8
1334	7
1335	9
1336	7
1337	8
1338	12
1339	8
1340	4
1341	10
1342	7
1343	6
1344	8
1345	11
1346	11
1347	6
1348	8
1349	10
1350	5
1351	8
1352	7
1353	10
1354	6
1355	9
1356	7
1357	9
1358	11
1359	11
1360	7
1361	6
1362	9
1363	8
1364	8
1365	5
17749	1
1366	7
1367	9
1368	10
1369	13
1370	2
1371	5
17755	1
1372	7
1373	7
1374	4
1375	3
1376	4
1377	9
1378	6
1379	6
1380	16
1381	11
1382	10
1383	14
1384	10
1385	9
1386	8
1387	8
1388	14
1389	9
1390	7
1391	6
1392	9
1393	11
1394	1
17778	1
1395	6
1396	11
1397	9
1398	11
1399	7
1400	8
1401	6
1402	13
17786	1
1403	4
1404	12
1405	11
1406	10
1407	7
1408	6
1409	7
1410	10
1411	7
1412	4
1413	4
1414	6
1415	14
1416	13
1417	9
1418	12
1419	10
1420	9
1421	11
1422	11
1423	6
1424	9
1425	7
1426	8
1427	13
1428	6
1429	3
1430	7
17814	1
1431	8
1432	7
1433	16
1434	10
1435	10
1436	5
1437	12
1438	9
1439	11
1440	4
1441	11
1442	9
1443	6
1444	11
1445	15
1446	10
1447	2
1448	8
1449	4
1450	9
1451	4
1452	10
1453	6
1454	12
1455	8
1456	11
1457	11
1458	6
1459	9
1460	6
1461	12
1462	5
17846	1
1463	10
1464	6
1465	9
1466	9
1467	8
1468	2
1469	4
1470	14
1471	7
1472	11
1473	12
1474	11
1475	4
1476	6
1477	4
1478	4
1479	6
1480	7
1481	4
1482	8
1483	10
1484	4
1485	8
1486	9
1487	6
1488	9
17872	1
1489	14
1490	10
1491	6
1492	6
1493	8
1494	5
1495	6
1496	8
1497	5
17881	1
1498	13
1499	6
1500	6
1501	9
1502	7
1503	3
1504	12
1505	5
1506	6
1507	10
1508	6
1509	7
1510	5
1511	7
17895	1
1512	3
1513	1
1514	6
1515	5
1516	7
1517	7
1518	6
1519	13
1520	7
1521	17
1522	15
1523	5
1524	3
1525	11
1526	9
1527	7
1528	8
1529	8
1530	4
1531	5
1532	6
1533	10
1534	7
1535	6
1536	6
1537	7
1538	9
1539	7
1540	11
1541	10
1542	9
1543	9
1544	6
1545	2
1546	8
1547	9
1548	3
1549	6
1550	5
1551	8
1552	4
1553	9
1554	8
17938	1
1555	4
1556	9
1557	10
1558	7
1559	7
1560	8
1561	8
1562	7
1563	3
1564	2
1565	4
1566	10
1567	6
1568	6
17952	1
1569	11
1570	7
1571	4
1572	10
1573	3
1574	10
1575	6
1576	7
1577	4
1578	5
1579	7
1580	9
1581	6
1582	1
1583	10
1584	9
1585	9
1586	10
1587	15
1588	4
1589	10
1590	8
1591	6
1592	7
1593	7
17978	1
1594	13
1595	6
1596	4
1597	7
1598	4
1599	6
1600	5
1601	3
1602	4
1603	6
1604	4
1605	16
1606	6
1607	6
1608	8
1609	4
1610	10
1611	8
1612	9
1613	7
1614	9
1615	9
1616	12
1617	6
1618	7
1619	9
1620	9
1621	9
1622	5
1623	4
1624	4
1625	11
1626	3
1627	1
1628	6
1629	13
1630	3
1631	12
1632	4
1633	7
1634	9
1635	5
1636	7
1637	7
1638	7
1639	8
1640	4
1641	5
1642	10
1643	5
1644	5
1645	7
1646	4
18030	1
1647	4
1648	9
1649	6
1650	3
1651	5
1652	5
1653	8
18037	1
1654	9
1655	4
1656	9
1657	6
1658	8
1659	4
1660	7
1661	3
1662	9
1663	3
18048	1
1664	5
1665	8
1666	4
1667	9
18051	1
1668	13
1669	4
1670	7
1671	9
1672	7
1673	4
1674	9
1675	8
1676	12
1677	7
1678	3
1679	3
1680	4
1681	13
1682	5
1683	4
1684	9
1685	8
1686	6
1687	10
1688	12
1689	3
1690	7
1691	8
1692	4
1693	8
1694	4
1695	8
1696	2
1697	8
1698	8
1699	3
1700	4
1701	3
1702	5
1703	5
1704	4
1705	4
1706	10
1707	6
18091	1
1708	2
1709	6
1710	6
1711	8
1712	9
1713	5
1714	8
1715	10
1716	4
1717	4
1718	9
1719	3
1720	7
18104	1
1721	5
18105	1
1722	8
1723	5
1724	3
1725	4
1726	5
1727	11
1728	8
1729	6
1730	9
1731	6
1732	9
1733	9
18117	1
1734	8
1735	6
1736	12
1737	8
1738	5
1739	6
1740	4
1741	5
1742	4
1743	4
1744	5
1745	11
1746	3
1747	9
1748	14
1749	3
1750	3
1751	9
1752	9
1753	4
1754	8
1755	6
1756	7
1757	9
1758	6
1759	7
1760	6
1761	10
1762	12
1763	6
1764	5
1765	5
18150	1
1766	4
1767	5
1768	6
1769	6
1770	4
1771	7
1772	11
1773	12
1774	5
1775	1
1776	5
18160	1
1777	9
1778	7
1779	5
1780	8
1781	5
1782	5
1783	7
1784	8
1785	7
1786	4
1787	7
1788	8
1789	9
1790	6
1791	3
1792	5
1793	5
1794	5
1795	7
1796	5
1797	3
1798	2
1799	13
1800	8
1801	9
1802	7
1803	5
1804	6
18188	1
1805	1
1806	8
18190	1
1807	13
1808	9
1809	2
1810	7
1811	4
1812	10
1813	9
1814	9
1815	7
1816	10
1817	5
1818	7
18202	1
1819	5
1820	8
1821	7
1822	4
1823	7
1824	3
1825	2
1826	7
1827	5
1828	2
1829	6
1830	10
1831	8
1832	8
1833	5
1834	8
1835	5
1836	6
1837	1
1838	7
1839	8
1840	4
1841	5
1842	9
1843	5
1844	7
1845	9
1846	6
1847	7
1848	4
1849	9
1850	6
1851	6
1852	2
1853	6
1854	6
1855	5
1856	9
1857	6
1858	6
18242	1
1859	10
1860	5
1861	9
1862	7
1863	9
1864	8
1865	5
1866	3
1867	4
1868	6
1869	8
1870	6
1871	8
1872	6
1873	5
1874	7
1875	9
1876	3
1877	8
1878	9
1879	15
1880	5
1881	12
1882	5
1883	7
1884	4
1885	15
1886	8
1887	4
1888	5
1889	7
1890	3
1891	6
1892	7
1893	4
1894	4
1895	3
1896	4
1897	4
1898	8
1899	4
1900	5
1901	6
1902	6
1903	4
1904	2
1905	6
1906	5
1907	5
1908	8
1909	5
1910	4
1911	5
1912	6
1913	12
1914	7
1915	6
1916	6
1917	9
1918	3
1919	4
1920	7
1921	6
1922	7
1923	7
1924	7
1925	4
1926	1
1927	4
1928	6
1929	2
1930	7
1931	8
1932	3
1933	7
1934	5
1935	5
1936	7
1937	5
1938	3
1939	6
1940	7
1941	5
1942	4
1943	4
1944	2
1945	5
1946	9
1947	5
1948	9
1949	2
1950	8
1951	3
1952	5
1953	8
1954	5
1955	5
1956	6
1957	5
1958	7
1959	6
18343	1
1960	6
1961	7
1962	4
1963	3
1964	3
1965	6
1966	7
1967	10
1968	5
1969	9
1970	4
1971	5
1972	5
1973	5
1974	2
1975	2
1976	8
1977	7
1978	6
1979	5
1980	8
1981	4
1982	4
1983	3
1984	8
1985	11
1986	3
1987	13
1988	1
1989	6
1990	5
1991	7
1992	6
1993	2
18378	1
1994	7
1995	3
1996	5
1997	8
1999	5
2000	2
2001	7
2002	9
2003	5
2004	3
2005	8
2006	7
2007	4
2008	3
2009	3
2010	5
2011	4
2012	5
2013	9
2014	5
2015	3
2016	9
18400	1
2017	8
2018	12
2019	3
2020	4
2021	7
2022	3
2023	11
2024	9
2025	3
2026	2
2027	7
2028	6
2029	5
2030	3
2031	4
2032	3
2033	2
2034	2
2035	2
2036	5
2037	6
2038	5
2039	7
2040	3
2041	1
2042	8
2043	6
2044	2
2045	7
2047	2
2048	7
2049	7
2050	9
2051	4
2052	8
2053	6
2054	9
2055	6
2056	10
18440	1
2057	2
2058	5
2059	3
2060	3
2061	7
2062	7
2063	3
2064	7
2065	4
2066	5
2067	3
2068	6
2069	6
2070	4
2071	5
2072	4
2073	9
2074	5
2075	3
2076	6
2077	4
2078	7
2079	3
2080	4
2081	6
2082	6
2083	6
2084	5
2085	1
2086	2
2087	2
2088	8
2089	9
2090	5
2091	2
2092	7
2093	8
2094	5
2095	5
2096	6
2097	5
2098	6
2099	3
2100	5
2101	1
2102	7
2103	5
2104	2
2105	8
2106	4
2107	5
2108	1
2109	5
2110	8
2111	5
2112	4
2113	2
2114	4
2115	3
2116	4
2117	6
2118	5
2119	1
2120	4
2121	4
2122	4
2123	3
2124	6
2125	4
2126	2
2127	5
2128	2
2129	6
2130	6
2131	4
2132	4
2133	8
2134	7
2135	6
2136	9
2137	6
2138	5
2139	7
2140	1
2141	2
2142	5
18526	1
2143	7
2144	6
2145	4
2146	4
2147	8
2148	6
2149	7
2150	2
2151	4
2152	8
2153	5
2154	4
2155	3
2156	1
2157	6
2158	3
2159	5
2160	1
2161	4
2162	4
2163	1
2164	9
2165	4
2166	5
2167	3
2168	5
2169	6
2170	9
2171	12
2172	3
2173	10
2174	4
2175	6
2176	4
2177	4
2178	5
2179	6
2180	6
2181	5
2182	4
2183	8
2184	3
2185	5
2186	3
2187	7
2188	2
2189	4
2190	7
2191	2
18575	1
2192	3
2193	8
2194	2
18578	1
2195	4
2196	6
2197	8
2198	7
2199	6
2200	9
2201	5
2202	3
2203	1
2205	4
2206	4
2207	5
2208	5
2209	5
2210	5
2211	5
2212	8
2213	6
2214	4
2215	4
2216	4
2217	2
2218	5
2219	6
2220	3
2221	2
2222	3
2223	6
2224	6
2225	6
2226	4
2227	3
2228	2
2229	2
2230	7
2231	3
2232	3
2233	4
2235	6
2236	1
2237	3
2238	1
2239	2
2240	10
2241	4
2242	2
2243	2
2244	8
2245	3
2246	5
2247	4
2248	9
2249	6
2250	5
2251	3
2252	4
2253	2
2254	3
2255	6
2256	2
2257	1
2258	5
2259	3
2260	1
2261	5
2262	5
2263	4
18647	1
2264	4
2265	3
2266	7
2267	6
2268	3
2270	7
2271	4
2272	4
2273	13
2274	4
2275	3
2276	8
2277	4
2278	6
18662	1
2279	6
2280	4
2281	7
2282	5
2283	6
2284	5
2285	9
2287	5
2288	3
2289	7
2290	3
2291	3
2292	5
2293	3
2294	1
2295	2
2296	4
2297	5
2298	4
2299	3
2300	8
2301	4
2302	1
2303	5
2304	4
2305	6
18689	1
2306	5
2307	4
2308	5
18692	1
2309	4
2310	4
2311	8
2312	5
2313	4
2314	4
18699	1
2315	2
2316	3
2317	6
2318	7
2319	5
2320	10
2321	2
2322	2
18706	1
2323	6
2324	1
2325	4
2327	5
2328	2
2329	2
2330	5
2331	2
2332	2
2333	5
2334	2
2335	3
2336	3
2338	2
2339	4
2340	3
2341	8
2342	3
2343	1
2344	4
2345	5
2346	2
2347	3
2348	6
2349	7
2350	5
2351	3
2352	2
2353	2
2354	3
2355	5
2356	5
2357	2
18741	1
2358	5
2359	3
2360	10
2361	4
2362	2
2363	5
2364	2
2365	1
2366	1
2367	2
2368	4
2369	2
2370	3
2371	2
2372	2
2373	3
2374	3
2375	6
2376	4
2377	3
2378	4
2379	1
2380	5
2381	5
2382	2
2383	3
2384	3
2385	5
2386	3
2387	4
2388	9
2389	5
2390	5
2392	4
2393	5
2395	3
2396	4
18780	1
2397	4
2398	7
18782	2
2399	4
2400	6
2401	4
2402	2
2403	5
2405	1
2406	1
2407	4
2408	2
2409	3
2410	3
2411	6
2412	3
2413	3
2414	3
2415	4
2416	2
2417	4
2418	9
2419	2
2420	3
2421	4
2422	2
2423	5
2424	3
2425	4
2426	8
2427	3
2428	2
2429	6
2430	1
2431	3
2432	1
2433	3
2434	1
2435	6
2436	1
2437	4
18821	1
2438	3
2439	2
2440	6
2441	5
2442	6
2443	3
2444	3
2445	1
2446	5
2447	4
2448	6
2449	3
2450	4
2451	3
2452	4
2453	2
18837	1
2454	4
2455	2
2456	4
2457	2
2458	3
2459	5
2460	6
2461	3
2462	4
2463	4
18847	1
2464	1
2465	4
2466	1
18852	1
2468	2
2469	1
2470	4
2471	1
2473	2
2474	4
2475	5
2476	2
2477	2
2478	3
18862	1
2479	1
2480	6
2481	1
2482	7
2483	3
2484	3
2485	2
2486	2
2487	3
2488	5
2489	4
2490	3
2491	3
2493	2
2494	2
2495	5
2496	1
2497	1
2498	5
2499	1
2500	6
2501	6
2502	3
2503	2
2504	5
2505	6
2506	6
2507	3
2508	4
2509	1
2510	7
2511	4
2512	5
2513	2
2514	4
2515	3
2516	5
2517	1
2518	7
2519	2
2520	7
2521	5
2522	7
2523	4
2524	2
2525	4
2526	2
2527	1
2528	2
2529	2
2530	5
2531	4
2532	8
2533	1
2534	2
2535	3
2536	3
2537	7
2538	1
2539	4
2540	3
18924	1
2541	1
2542	3
2543	2
2544	3
2545	4
2546	3
2547	1
2548	4
2549	2
2550	7
2552	2
2553	3
2554	3
2555	5
2556	3
2557	1
2558	2
2559	6
2560	1
2561	3
2562	2
2563	3
2564	3
2565	4
2566	4
2567	2
2568	2
2569	1
2570	3
2571	4
2572	2
2573	3
2574	1
2575	2
2576	3
2577	5
2579	5
2580	3
2581	2
2582	4
2583	1
2584	2
2585	3
2586	1
2587	4
2588	3
2589	5
2590	4
2591	5
2592	6
2593	3
2594	2
2595	3
2596	3
2597	4
2598	3
2599	5
2600	3
2601	1
2602	7
2603	2
2604	6
2605	1
2606	3
2607	4
2608	2
2609	4
18993	1
2610	5
2611	2
2612	4
2613	3
2614	2
2615	1
2616	3
2617	3
2618	5
2619	5
2620	1
2622	3
2623	1
2624	2
2626	5
2627	6
2628	3
2629	3
2630	2
2631	4
2632	9
2633	3
19018	1
2634	3
2635	6
2636	2
2637	4
2638	3
2640	4
2641	1
2642	3
2643	2
2644	4
2645	2
2647	8
2648	3
2649	6
2650	1
2651	2
2652	6
2653	3
2654	2
2655	3
2656	1
19041	1
2658	3
2659	2
2660	1
2661	6
2662	3
2663	2
2664	3
2665	1
2666	1
2667	2
2668	5
2669	2
2670	5
19054	1
2671	6
2672	5
2673	4
2674	8
2675	6
2676	4
2677	1
19061	1
2678	3
2679	5
2680	4
2681	2
2682	2
2683	2
2684	4
2687	2
2688	1
2689	3
19074	1
2690	1
2691	2
2692	5
2693	5
2695	2
2696	2
2697	4
2698	3
2699	1
19084	1
2700	1
2701	4
2702	5
2703	2
2704	1
19088	1
2705	2
2706	1
2707	3
2708	1
2710	5
2711	4
2712	2
2713	1
2714	7
2715	1
2716	1
2717	6
2718	2
2719	3
2720	2
2721	1
2722	5
2723	1
2724	3
2725	1
2726	3
2727	3
2728	3
2729	1
2730	1
2731	2
2732	3
2733	3
2734	1
2735	2
2736	3
2737	3
2738	2
2739	3
2741	3
2742	3
19127	1
2743	1
2744	6
2745	3
2746	1
2747	3
2748	1
2749	2
2750	3
2751	1
2752	8
2753	4
2754	1
2755	4
2756	2
2757	3
2758	4
19143	1
2760	2
2761	1
2762	2
2763	3
2765	6
2766	4
2767	4
2768	1
2769	5
2770	2
2771	2
2772	3
2773	2
2774	2
2775	3
2776	3
2777	3
2778	5
2779	1
2780	1
2781	4
2782	2
2783	1
2784	1
2785	1
2786	4
2787	2
2788	1
2789	2
2790	3
2791	3
2792	4
2793	3
2794	4
2795	3
2796	5
2797	3
2798	3
2799	1
2800	3
2801	2
2802	3
2803	3
2804	5
2805	3
2807	3
2808	2
2809	3
2810	2
2811	2
2812	3
2814	3
2815	3
2816	5
2817	1
2818	4
19202	1
2819	3
2820	1
2821	5
2822	1
2823	1
2824	5
2825	2
2827	1
2828	1
2829	4
2830	5
2831	2
2832	2
2834	2
2835	3
2837	4
2838	6
2839	1
2840	6
2841	2
2842	4
2843	3
2844	3
2845	2
2846	1
2847	2
2848	5
2849	4
2850	1
2851	2
2852	3
2853	4
2854	4
2855	3
2856	4
2857	1
2858	6
2859	4
19243	1
2860	4
2861	5
2862	3
2863	3
2864	3
2865	2
2866	4
2867	4
2868	1
2869	2
2870	2
2871	2
2872	2
2873	4
2874	3
2875	4
2877	4
2878	1
2879	2
2880	2
2881	1
2882	3
2883	4
2884	3
2885	2
2886	6
2887	3
2888	1
2889	1
2890	1
2891	2
2892	2
2893	3
2894	3
2895	2
2896	1
2897	2
2898	6
2899	5
2900	2
2901	2
2902	5
2903	2
2904	3
2905	4
2906	3
2907	1
2908	1
2909	2
2910	2
2911	2
2912	2
2913	1
2914	3
19298	1
2915	2
2916	3
2917	3
2918	2
2919	1
2920	1
2921	3
2923	2
2924	2
2925	2
2926	4
2927	1
2928	4
2929	1
2930	2
2932	4
2933	2
2934	4
2935	5
2936	2
2937	3
2938	9
2939	2
2940	2
2941	1
2942	5
2943	1
2944	1
2945	1
2946	1
19331	1
2947	1
2948	1
2949	3
2950	4
2951	3
2952	3
2953	2
2954	2
2955	1
2956	1
2959	1
2960	2
2961	1
2962	2
2964	1
2965	1
2966	2
2967	2
2968	3
2969	1
2970	3
2971	4
2972	1
2973	2
2974	3
2975	1
2976	3
2977	5
2978	1
2979	3
2980	4
2981	3
2982	3
2983	1
2984	1
2985	4
2986	5
2987	2
2988	3
2989	2
2990	2
2991	1
2992	8
2993	1
2994	2
2995	2
2997	2
2998	1
2999	4
3000	2
3001	5
3003	1
3004	1
3005	1
3006	4
3007	1
3008	4
3009	5
3010	1
3011	2
3012	3
3013	2
3014	2
3015	2
3016	1
3017	4
3019	2
3020	4
3021	2
3022	2
3023	4
3024	3
3026	1
3027	4
3029	1
3031	3
3032	2
3033	2
3034	4
19419	2
3035	2
3036	1
3037	3
3038	2
3039	4
3040	3
3041	1
3042	3
3044	2
3045	4
3046	4
3047	3
3048	5
3049	2
3050	4
3052	2
3054	3
3055	4
3056	2
3057	3
3058	5
3059	2
3060	2
3061	6
3062	2
3063	6
3065	5
3066	3
3067	6
3068	4
3069	3
3070	1
3071	3
3072	4
3073	1
3074	4
19458	1
3075	2
3076	2
3077	1
3078	3
3079	3
3080	2
3082	1
3083	4
3084	2
3085	2
3086	1
3087	2
3088	1
3089	3
3090	2
3091	3
19475	1
3092	3
3093	2
3094	3
3095	3
3096	1
3097	3
3098	2
3099	3
3101	1
3102	1
3103	5
3104	2
3105	5
3106	1
3107	1
3108	3
3110	2
3111	1
3112	3
3113	4
3114	1
3115	2
3116	1
3117	1
3118	2
3119	4
3120	2
3121	4
3122	3
3123	2
3124	3
3125	5
3126	6
3127	1
3128	8
3129	6
3130	2
3131	3
3132	3
3133	4
3134	3
3136	2
3137	1
3138	4
3139	2
3140	2
3141	5
3142	2
3143	3
3144	2
3145	3
3146	4
3147	3
3149	2
3150	2
3151	1
3153	3
3154	1
3155	1
3156	7
3157	2
3158	3
3159	3
3160	2
3161	2
3162	3
3163	5
3164	2
3165	2
3166	2
3169	2
19554	1
3170	1
3172	1
3173	2
3174	1
3175	1
3177	2
3178	3
3179	2
3180	3
3181	2
3182	2
3184	2
3185	3
3186	5
3187	3
3188	2
3189	5
3190	2
3191	1
3192	1
3193	1
3195	3
3196	3
3197	2
3199	2
3200	2
3201	4
3202	1
3203	4
3204	3
19588	1
3205	1
3206	1
3207	5
3208	1
3209	1
3210	6
3212	2
3213	3
3214	5
3215	1
3216	3
3217	1
3218	3
3219	1
3221	3
3222	2
3223	2
3224	5
3225	1
3226	1
3227	3
3228	4
3229	3
3230	2
3231	5
3232	2
3235	3
3236	2
19621	1
3237	4
3238	1
3239	1
3240	3
3241	3
3242	1
3243	1
3244	2
3245	2
3246	4
3247	4
3248	2
3249	2
3250	4
3251	3
3252	6
3253	2
3255	2
3256	1
3259	1
3260	2
3261	5
3262	4
3263	3
3264	2
3265	3
3266	3
3267	2
3268	2
3270	2
3271	1
3272	2
3273	4
3274	1
3275	2
3276	1
3277	1
3278	3
3279	3
3280	3
3284	2
3286	4
3287	1
3289	1
3290	4
3291	4
3292	2
3293	1
3294	1
3295	2
3296	2
3297	2
3298	1
3299	4
3301	1
3302	2
19687	1
3303	3
3304	1
3305	3
3306	2
3307	3
3308	1
3309	1
3310	2
3311	2
3312	2
3314	2
3315	1
3316	3
19702	1
3318	6
3320	1
3321	2
3322	1
3323	1
3324	1
3325	2
3326	4
3327	5
3328	1
3329	1
3330	1
3331	1
3332	2
3333	1
3334	2
3335	2
3336	4
3337	1
3338	1
3339	3
3340	4
3341	1
3342	1
3343	1
3344	2
3346	1
3348	2
3349	2
3351	2
3352	2
3353	2
3355	3
3356	1
3357	3
3358	4
3359	1
3361	1
3362	4
3363	4
3364	1
3365	2
3366	1
3367	3
3368	1
3369	1
3370	2
3371	1
3372	5
3373	2
3374	2
3375	4
19759	1
3376	2
3377	3
3378	1
3379	2
3380	5
3381	3
3382	1
3383	2
3384	3
3385	2
3386	3
3387	4
3388	3
3390	1
3391	1
3392	2
3393	1
3394	2
3395	1
3396	1
3397	2
3399	3
3400	1
3401	1
3403	2
3404	2
3405	4
3406	3
3407	2
3410	3
3411	2
3412	1
3413	1
3414	1
3417	4
3418	3
3419	1
3421	2
3422	2
3424	1
3426	1
3428	3
3429	1
3430	2
3431	3
3432	1
3433	1
3434	4
3435	2
3437	2
3438	2
3439	3
3441	1
3442	2
3443	3
3444	1
3445	1
3447	1
3448	2
3449	1
3450	1
3451	2
3452	1
3453	1
3454	1
3455	3
3459	1
3460	2
3461	1
3462	2
3463	3
3464	2
3466	2
19851	1
3467	3
3468	3
3469	1
3470	2
3471	1
3472	3
3473	3
3474	2
3475	1
3476	1
3477	1
3478	1
3479	1
3480	1
3481	1
3484	1
3485	1
3486	3
3487	2
3488	4
3489	2
3490	3
3492	2
3493	4
3496	2
3497	3
3500	1
3501	1
3503	4
3504	4
3507	2
3508	2
3509	3
3510	3
3513	1
3514	1
3515	1
3516	1
3517	3
3518	1
3519	1
3520	1
3521	1
3522	2
3523	1
3524	2
3525	3
3526	5
3527	2
3529	1
3531	1
3532	1
3533	2
3534	1
3536	1
3537	2
3538	3
3540	1
3541	2
3542	4
3543	1
3544	3
3545	2
3546	2
3548	1
3549	4
3550	1
3551	5
3552	3
3554	1
3555	1
3556	2
3560	1
3561	2
3562	1
3563	2
3564	1
3565	3
3566	2
3567	4
3568	2
3569	3
3570	3
19954	1
3572	6
3573	1
3574	2
3576	1
3577	2
3578	1
19963	1
3582	2
3584	1
3585	2
3586	2
3588	3
3589	2
3590	4
3591	1
3593	1
3594	2
3595	1
3596	2
3597	2
3600	1
3601	1
3602	3
3604	3
3606	1
3608	2
3612	3
3613	3
3615	2
3616	3
3617	2
3618	4
3619	3
3623	1
3624	3
3626	2
3627	2
3628	1
3629	5
3630	1
3631	4
3632	1
3634	2
3635	1
3637	3
3638	2
3639	3
3640	3
3641	4
3642	3
20026	1
3643	1
3644	2
3646	2
3648	4
3649	1
3652	1
3654	3
3655	2
3656	2
3657	2
3658	2
3660	1
3661	3
3662	2
3664	1
3665	1
3666	1
3667	1
3668	1
3669	2
3670	3
3671	1
3673	1
3674	2
3675	4
3676	4
20060	1
3677	1
3678	1
3680	3
3681	6
3682	1
3683	3
20067	1
3684	3
3686	2
3687	5
3688	1
3689	4
3691	3
3692	3
3693	1
3694	1
3695	2
3697	4
3698	1
3699	1
3700	1
3701	1
3702	1
3704	1
3705	2
3706	1
3707	2
3708	2
3709	2
3711	3
3712	2
3714	1
3715	1
3716	2
3717	3
3718	2
3719	3
3721	2
3722	1
3724	1
3725	2
3726	2
3728	2
3731	2
3732	1
3734	2
3735	1
3736	4
3737	1
3738	1
3741	1
3743	2
3744	1
3745	1
3746	2
3747	4
3748	1
3749	1
3750	1
3754	1
3757	4
3758	1
3759	1
3760	1
3761	3
3762	1
3763	1
3765	1
3769	2
3770	3
20155	1
3771	1
3772	2
3773	3
3774	1
3776	1
3777	1
3778	2
3781	1
3784	1
3785	1
3786	1
3787	1
3790	1
3791	5
3793	2
3794	1
3795	2
3796	2
3797	1
3798	1
3799	1
3801	2
3802	1
3804	2
3805	1
3806	2
3809	3
3813	2
3814	1
3817	1
3818	1
3819	2
3820	1
3822	1
3823	1
3824	2
3825	4
3827	1
3828	1
3832	1
3833	4
3836	2
3837	1
3838	2
3839	1
3840	3
3841	1
3842	1
3843	1
3844	1
3845	1
20230	1
3846	1
3848	4
3849	1
3850	2
3852	1
20236	1
3855	1
3859	1
3860	3
3863	2
3865	2
3866	1
3867	3
3869	2
3871	1
3872	3
3874	2
3875	3
3876	1
3877	1
3881	2
3882	4
3886	2
3887	1
3888	2
3889	1
3890	1
3891	1
3892	1
3893	1
3894	1
3895	1
3897	2
3899	1
3900	1
3901	1
3902	1
3903	2
3904	1
3905	1
3909	2
3910	1
3911	2
3912	1
3913	1
3914	2
3915	1
3919	2
3921	2
3922	1
3924	1
3925	5
3926	1
3927	1
3928	1
3930	2
3931	1
3932	2
3933	1
3934	3
3935	2
3936	2
3938	1
3939	3
3941	3
3942	2
3943	1
3944	2
3946	2
3947	1
3948	1
3949	1
3950	2
3951	1
3953	1
3956	2
3957	1
3958	1
3959	2
3960	1
3961	1
3962	6
3964	1
3965	1
3966	1
3967	1
3968	2
3969	2
3970	1
3971	1
3972	4
3973	1
3974	1
3975	1
3976	2
3977	3
3978	6
3979	1
3982	1
3983	3
3984	3
3985	4
3986	1
3987	1
3988	2
3989	1
3990	3
3991	1
3993	1
3995	1
3996	1
3999	1
4000	1
4003	1
4005	1
4007	3
4008	2
4009	1
4010	1
4011	3
4013	1
4014	3
20399	1
4016	2
4017	3
4020	2
4021	1
4022	3
4024	1
4026	3
4028	2
4030	1
4032	1
4033	1
4034	3
4036	2
4037	2
4040	3
4041	1
4042	1
4043	2
4045	1
4046	1
4048	1
20433	1
4050	1
4051	1
4052	1
4053	1
4054	1
4055	2
4056	1
20440	1
4059	2
4061	2
4062	2
4064	1
4065	3
4066	2
4067	3
4068	1
4069	2
4071	2
4072	2
4073	1
4074	1
4076	1
4078	2
4079	1
4080	1
4081	4
4083	1
4084	1
4085	3
4086	4
4087	1
4089	1
4090	2
4092	1
4093	1
4095	2
4099	1
4100	2
4101	2
4105	2
4106	1
4109	1
4110	1
4111	1
4112	2
4114	1
4115	2
4116	1
4117	1
4120	2
20504	1
4121	1
4123	2
4124	2
20510	1
4127	1
4128	3
4130	1
4131	2
4133	2
4134	1
4137	2
4138	2
20523	1
4140	1
4141	1
4143	1
4144	1
4146	2
20530	1
4147	2
4149	1
4150	1
4151	2
4152	4
4153	3
4154	2
4155	1
4157	1
4158	1
4159	1
4161	2
4162	2
4163	2
4167	2
4169	1
4170	2
4171	1
4172	1
4173	1
4174	2
4175	1
4178	1
4181	1
4182	2
4183	3
4184	2
4185	1
4188	1
4191	1
20579	1
4195	2
20580	1
4196	1
4197	2
4199	1
4201	2
4202	2
4204	1
4206	2
4207	2
4209	1
4211	1
4212	2
4213	1
4215	1
4216	1
4217	1
4218	3
4221	1
4223	2
4224	2
4226	1
4227	1
4228	1
4229	2
4230	1
4231	1
4232	3
4233	1
4234	1
4236	2
20620	1
4237	4
4240	2
4242	1
4246	2
4247	2
4248	1
4249	1
4250	2
4253	1
4254	1
4255	2
4256	3
4257	2
4258	1
4259	2
4261	1
4262	2
4263	2
4264	2
4267	3
4268	1
4271	1
4272	1
4273	1
4275	1
4277	2
4280	1
4283	2
4285	2
4287	3
4288	1
4290	1
4291	2
4292	1
4293	2
4295	1
4298	2
4300	1
4301	1
4302	2
4303	1
4306	3
4307	2
4309	1
4311	1
4312	1
4313	1
4314	1
4315	1
4316	1
4317	1
4320	1
4322	1
4323	1
4328	2
4329	1
4332	3
4333	2
4334	2
4335	1
4338	1
4340	2
4344	2
4347	1
4349	1
4350	2
4352	2
4353	1
4354	1
4355	1
4357	3
4358	1
4359	1
4360	1
4362	1
4363	1
4364	3
4365	3
4366	2
4367	1
4368	7
4370	2
4372	2
4373	1
4374	2
4375	1
4377	2
4378	1
4380	2
4381	2
20770	1
4387	1
4390	1
4392	1
4394	1
4395	2
4396	1
4398	1
4399	4
4400	1
4401	1
4402	2
4403	2
4404	1
4408	1
4411	1
4412	1
4413	3
4414	1
4415	1
4416	3
4417	1
4419	1
4422	1
4424	1
4425	1
4428	1
4430	1
4431	1
4432	1
4433	1
4436	1
4437	1
4439	1
4440	1
4442	1
4445	2
4446	1
4447	1
4448	1
4451	2
4452	1
4454	1
4456	1
4462	1
4466	1
4468	2
4471	2
4472	2
4474	2
4475	1
4481	1
4486	1
4488	1
4490	2
4491	1
4492	1
4494	2
4497	2
4498	3
4499	1
4500	5
4501	1
4502	1
4503	1
4504	1
4506	1
4508	2
4511	1
4512	4
4513	1
4514	1
4516	1
4518	1
4520	1
4522	1
4525	2
4526	1
4527	2
20914	1
4531	1
4532	2
4534	1
4535	1
4537	1
4538	1
4539	1
4541	1
4542	1
4543	1
4546	1
4548	2
4550	1
4552	3
4553	1
4556	1
4558	1
4559	1
4563	1
4565	2
4569	1
4572	1
20958	1
4575	1
4576	2
4578	1
4579	2
4580	1
4583	2
4586	1
4587	1
4588	3
4594	1
4595	2
4597	1
20982	1
4598	1
4602	1
4604	2
4605	1
4606	2
4607	1
4609	1
4610	1
4611	1
4614	1
4615	2
4617	2
4618	2
4620	1
4621	2
4622	2
4629	2
4630	1
4631	1
4632	1
4633	1
4634	1
4635	1
4636	1
4637	1
4638	2
4639	2
4640	1
4641	1
4642	2
4643	1
4644	2
4645	2
4648	1
4649	1
4650	1
4652	1
4655	2
4657	2
4658	2
4659	1
4662	1
4663	3
4664	1
4665	1
4666	1
4669	3
4671	1
4678	1
4680	1
4681	2
4683	2
4684	1
4685	2
4687	1
21072	1
4688	1
4692	1
4693	2
4695	2
4696	2
4698	1
4700	1
4703	1
4706	1
4708	1
4710	1
4711	1
4712	2
4714	1
4715	2
4716	1
4717	1
4719	2
21104	1
4720	1
4722	3
4723	1
4724	1
4725	1
4726	1
4727	1
4728	2
4729	1
4731	1
4732	3
4733	1
4735	1
4740	1
4741	1
4743	1
4746	1
4747	1
4748	3
4749	1
4752	1
4756	1
4757	1
4758	1
4761	1
4762	2
4763	1
4766	2
4767	2
4769	1
4770	1
4772	1
4773	2
4775	1
4777	3
4779	1
4782	1
4785	1
4786	1
4788	3
4792	1
4794	1
4795	1
4798	1
4801	3
4802	1
4803	1
4805	2
4807	1
4808	1
21193	1
4810	1
4813	1
4815	1
4817	1
21201	1
4822	1
4826	1
4828	1
4830	2
4831	2
4832	1
4834	1
4835	1
4837	1
4840	2
4843	5
4845	1
4846	3
4848	1
4849	1
4852	1
21239	1
4856	2
4857	3
4860	2
4861	1
4863	1
4864	1
4873	3
4874	2
4875	1
4877	1
4878	1
4879	2
4881	2
4882	1
4883	1
4887	2
4889	2
4891	1
4892	1
4893	1
4895	2
4896	1
4899	1
4900	2
4901	1
4902	1
4905	2
4907	1
4908	1
4916	1
4918	1
4922	2
4924	1
4927	1
4930	2
4931	1
4932	1
4934	1
4935	1
4937	1
4938	2
4940	2
4944	1
4945	2
4946	1
4950	1
4951	1
4953	1
4955	1
4958	1
4961	1
4966	1
4969	1
4971	2
4972	2
4973	1
4974	1
4976	1
4977	2
4978	1
4981	1
4982	2
4985	1
4986	1
4987	1
4991	1
4993	1
4995	1
4999	1
5001	1
5002	2
5003	1
5005	2
5006	1
5009	1
5010	3
5011	3
5013	2
5014	3
5015	1
5017	1
5019	1
5021	3
5022	1
5024	1
5025	1
5029	1
5030	1
5032	2
5035	1
5037	3
5038	1
5039	2
5041	1
5043	1
5047	2
5048	1
5051	1
5052	1
5053	1
5055	1
21444	1
5061	1
5062	2
5064	1
5066	1
21452	1
5071	2
5075	1
5076	1
5088	1
5091	2
5092	1
5093	1
5095	1
5097	1
5102	1
5105	1
5106	1
5107	1
21492	1
5109	1
5110	2
5113	2
5114	1
5118	2
21503	1
5120	1
5123	1
5126	3
5128	1
5130	2
5135	2
5136	3
5137	2
5140	1
5144	1
5145	1
5146	2
5148	1
5152	2
5162	2
5163	1
5169	1
5170	1
5175	2
5180	2
5181	1
5184	2
5192	1
5193	1
5195	2
5196	1
5198	1
5199	1
5201	1
5202	1
5203	1
5204	1
5206	2
5208	1
5210	1
5212	2
5214	2
5215	2
5217	2
5221	1
5223	3
5226	2
5227	1
5228	1
5229	1
5231	1
5236	1
5238	1
5240	1
5241	2
5243	2
5244	1
5251	1
5255	1
5256	1
5258	1
5259	1
5262	2
5265	1
5268	2
5270	1
5271	1
5272	1
5273	1
5275	2
5277	3
5279	1
5284	1
5285	1
5286	1
5288	2
5294	1
5296	1
5297	1
5298	1
5302	1
5304	1
21707	1
5323	2
5328	1
5329	1
5331	1
5332	1
5333	1
5340	1
5342	3
5345	1
5347	1
5349	1
5350	2
5354	1
5356	1
5358	1
5362	1
5367	1
5370	1
5373	1
5374	1
5376	1
5377	1
5380	2
5382	1
5386	1
5387	2
5389	1
5395	1
21779	1
5397	1
5398	2
5402	1
5403	3
5406	1
5407	1
5408	1
5411	2
5417	1
5418	1
5423	2
5424	1
5425	1
5426	1
5427	4
5429	1
5430	1
5436	1
5438	1
5441	1
5442	1
5443	1
5447	1
5449	2
5454	1
5455	1
5456	1
5462	1
5463	1
5464	2
5466	1
5467	2
5469	1
21854	1
5470	1
5471	1
5472	1
5477	1
5479	3
5480	1
5481	1
5491	1
5492	1
5493	1
5494	2
5495	2
5497	1
5498	3
21882	1
5502	1
5504	2
5505	1
5506	1
5507	1
5511	2
5516	1
5517	1
5518	1
5520	1
5523	1
5526	1
5527	3
5530	1
5531	1
5535	2
5536	1
5537	1
5539	2
5542	1
5545	1
5548	1
5554	2
5555	2
5556	4
5558	1
5559	1
5561	1
5564	3
5566	1
5568	1
5574	1
5575	1
5576	1
5577	1
5578	1
5581	3
5582	1
5586	1
5588	2
5591	2
5593	1
5596	1
5598	1
5600	2
5601	1
5602	1
5603	1
5604	1
5606	1
5612	1
5616	2
5618	3
5628	1
5631	1
5632	1
5633	1
5634	1
5635	1
5639	2
5642	1
5643	1
5645	2
5647	1
5648	1
5652	1
5653	1
5654	2
5655	3
5662	1
22049	1
5665	1
5667	1
5669	1
5671	1
5674	2
5678	1
5679	1
5681	1
5684	1
5686	1
5687	1
5691	1
5694	1
22081	1
5698	2
5701	1
5702	1
5706	1
5708	1
5710	1
5712	1
5715	1
5716	1
5717	2
5726	2
5727	2
5730	1
5732	1
5738	2
5745	1
5750	1
5751	1
5752	1
5758	1
5759	2
5762	3
5767	1
5773	1
5774	1
5780	1
5784	1
5788	1
5789	2
5790	1
5791	1
5792	1
5794	1
5797	1
5802	2
5805	1
5806	2
5808	1
5813	1
5816	1
5818	2
5820	1
5827	1
5828	1
5831	2
5832	1
5839	1
5840	1
5855	1
22243	1
5860	1
5862	1
5864	1
5865	1
5870	2
5871	1
5872	1
5873	1
5877	1
5879	1
5880	1
5881	2
5885	1
5891	1
5892	1
5893	1
5897	1
5902	1
5906	1
5912	1
22297	1
5916	1
5917	2
5918	1
5922	1
5925	1
5933	1
5936	2
5937	1
5938	1
5939	1
5942	2
5943	1
5947	2
5950	1
5951	1
5955	1
5956	2
5961	1
5963	2
5965	1
5971	1
5973	2
5976	1
5996	2
5997	1
5999	1
6002	1
6006	1
6013	1
6019	2
6020	1
6024	1
6025	1
6027	1
6029	1
6030	2
6032	1
6033	1
6036	1
6037	2
6041	1
22429	1
6047	1
6049	1
6051	1
6052	1
6053	1
6055	1
6065	1
6066	1
22452	1
6069	1
6070	1
6082	1
6089	1
6090	2
6094	1
6096	1
6099	1
6104	1
6105	1
6106	1
6107	1
6111	1
6115	2
6117	1
6120	1
6124	1
6126	1
22514	1
6136	1
6137	3
6138	1
6140	2
6144	2
6147	1
6148	1
6151	1
22542	1
6158	1
6161	1
6163	1
6165	2
6174	1
6175	1
6181	2
6183	1
6191	1
6194	1
6197	2
6198	1
22584	1
22585	1
6205	1
6209	1
6217	3
6219	1
6231	1
6234	3
6236	2
6238	1
6246	1
6248	1
6251	1
6252	1
6256	1
6263	2
6264	1
6267	1
6270	2
6273	1
6274	1
6275	1
6276	2
6277	1
6278	1
6281	1
6285	1
6287	2
6291	1
6302	1
6310	1
6314	1
6320	1
6322	1
6323	1
6330	1
6333	1
6338	1
6341	1
6342	1
6344	1
6345	1
6346	2
6352	2
6356	1
6357	1
6360	1
6364	1
6367	1
6370	1
6372	1
6377	1
6379	1
6380	1
6383	1
22768	1
6384	2
6386	1
6387	1
6389	1
6390	1
6393	1
6397	1
6398	1
6403	1
6405	1
6407	2
6408	1
6410	2
6411	1
6414	2
6418	1
6419	1
6434	1
6435	2
6438	1
6439	1
6442	1
6445	1
6450	1
6453	1
6454	3
6458	3
6459	1
6461	1
6465	1
6470	1
6472	1
6473	1
6480	1
6481	1
6482	1
6484	1
6487	1
6488	1
6496	1
6504	1
6507	1
6508	1
6509	3
6510	1
6512	1
6513	1
6517	1
6519	1
6520	1
6521	1
6524	1
6528	1
6529	1
6530	1
6532	1
6533	1
6536	1
6542	1
6543	1
6544	1
22931	1
6548	1
6554	1
6557	1
6558	1
6559	1
6561	1
6562	1
6563	3
6570	2
6572	1
6576	1
6579	2
6582	1
6583	1
6585	1
6591	1
6598	1
6605	1
6606	1
6608	1
6611	1
6615	1
6617	1
6618	2
6619	2
6620	1
6629	2
6632	1
6639	1
6641	1
6642	1
6643	1
6644	1
6645	1
6646	1
6648	2
6654	2
6656	1
6657	2
6658	1
6659	1
6660	1
6662	1
6663	1
6665	1
23053	1
6669	1
6670	1
6680	1
6681	1
6682	3
6686	1
6687	1
6689	1
6691	1
6695	2
6697	2
6698	1
6701	2
6708	2
6710	1
23095	1
6711	1
6723	2
6727	1
6728	1
6732	1
6743	1
6744	1
6745	1
6747	1
6750	1
6754	1
6756	1
6758	2
6760	1
6761	2
6762	1
6770	1
6771	1
6773	1
6776	1
6778	1
6781	1
23166	1
6784	1
6785	1
6789	1
23181	1
6799	1
6802	1
6804	2
6805	1
6810	1
6811	2
6812	1
6819	2
6830	1
6831	1
6835	1
6842	1
6847	1
6848	1
6850	1
6852	1
23244	1
6862	1
6865	1
6871	1
6872	1
6878	1
6879	1
6883	1
23279	1
6900	1
6901	1
6902	2
6905	1
6908	2
6910	1
6917	1
6933	2
6934	1
6935	1
6936	1
6937	1
6943	1
6947	1
6949	1
6953	1
6958	1
6960	1
6961	2
6971	1
6976	1
6981	2
6982	1
6983	1
6988	1
6989	1
6990	1
6998	1
6999	1
7002	2
7005	1
7008	2
7009	1
7024	1
7028	2
7029	1
7032	2
7033	1
7034	1
7042	1
7047	1
7061	1
7062	1
7069	1
7073	1
7076	1
7077	1
23467	1
7087	2
7088	1
7093	1
7099	1
7100	1
7101	2
7103	1
7104	1
7106	1
7107	1
23494	1
7114	1
7117	1
7121	1
7123	2
7128	1
7132	1
7133	2
7135	3
7140	2
7148	2
7150	1
7154	2
7158	1
7159	1
7173	1
7174	1
7187	1
7189	1
7191	2
7195	1
7198	1
7199	1
7210	1
7216	1
7218	1
7226	1
7227	1
7229	1
7233	1
7234	1
7239	2
7241	1
7244	1
7248	2
7255	1
7256	3
7257	1
7260	1
7271	1
7272	1
7273	1
7274	1
7283	1
7284	1
7286	1
7288	1
7290	1
7291	1
7295	1
23683	1
7302	1
7303	1
7311	1
7314	1
7317	1
7320	1
7325	2
7326	1
7328	1
7329	1
7335	3
7336	1
23721	1
7339	1
7346	1
7348	1
7350	2
7351	1
7353	1
7354	1
7357	2
7363	1
7368	1
7373	2
7377	1
7383	1
7389	1
7392	1
7393	1
7396	1
7399	1
7400	1
7401	1
23787	1
7405	1
7410	1
7411	1
7416	1
7417	1
7419	2
7423	2
7431	1
7433	1
7444	1
7448	2
23833	1
7450	1
7463	1
7464	2
7472	1
7475	1
7477	2
7482	2
7487	1
7490	2
7491	1
7492	1
7493	1
7501	1
7509	1
7510	1
7515	1
7516	1
7519	1
7521	1
7522	1
7526	2
7527	1
7529	1
7531	1
7532	1
7538	1
7542	1
7546	1
7547	1
7552	1
7554	1
7556	1
7559	1
7561	3
7564	1
7570	2
7575	1
7576	1
7578	1
7581	4
7582	1
7592	1
7593	1
7596	1
7597	3
7608	1
7610	1
7614	1
7616	1
7621	1
7622	1
7624	1
7625	2
7631	1
7632	1
7633	2
7636	1
7637	1
7639	2
7640	1
7643	1
7648	1
7654	2
7656	1
7660	1
7663	1
7668	1
7669	1
7676	1
7679	1
7681	1
7687	1
7688	1
7691	1
7694	1
7697	1
7699	1
7702	1
7708	1
7711	2
7720	3
7721	1
7723	2
7725	1
7726	1
7729	1
7731	1
7736	1
7750	1
7761	1
7762	1
7774	2
7776	1
7777	1
7779	2
7784	1
7785	2
7786	1
7788	1
7795	1
7798	1
7803	1
7808	1
7813	1
7814	2
7821	1
7823	1
7825	1
7826	2
7827	1
7838	1
7841	2
7843	1
7850	1
7852	1
7854	1
7855	1
24241	1
7859	1
7864	1
7867	1
24253	1
7872	1
7874	1
7879	1
7884	1
7885	1
7888	2
7890	1
7893	1
7895	1
7901	2
7906	1
7913	1
7923	1
7936	1
7938	1
7956	2
7964	1
7968	1
7971	2
7973	2
7981	1
7982	1
7987	1
7988	1
7992	1
7993	1
8001	1
8002	1
8004	1
8005	1
8015	2
8016	2
8017	1
8019	2
8020	1
8021	1
8025	1
8029	1
8030	1
8031	1
8035	1
8048	1
8049	3
8052	1
8057	1
8062	1
8066	2
8067	1
8069	1
8071	1
8072	1
8075	1
8076	1
8079	1
8080	1
8084	2
8086	1
8087	1
8092	1
8093	1
8098	1
24487	1
8108	1
8110	1
8113	1
8118	1
8119	1
8124	2
8140	1
8141	1
8146	1
8149	1
8161	2
8162	2
8164	1
8167	2
8170	1
8172	1
8179	1
8188	1
8190	1
8196	2
8198	1
8199	1
8200	1
8204	1
24589	1
8208	1
8209	1
8214	1
8225	1
8226	1
8229	1
8237	1
8257	1
8261	1
8264	1
8265	1
8268	1
8269	1
8272	1
8278	1
8286	1
8288	1
8292	2
8298	1
8310	1
8311	1
8314	2
8318	1
8319	1
8321	1
8323	1
8331	2
8332	1
8336	1
8337	1
8339	1
8347	1
8350	1
8351	1
8364	1
8365	2
8368	1
8376	2
8377	1
8379	1
8384	1
8390	1
8405	1
8419	1
8423	1
8428	1
8437	2
8439	1
8443	2
8447	1
8449	1
8451	2
8454	1
8460	2
8461	3
8463	2
8464	2
8478	1
8479	1
8492	1
8494	2
8497	1
8502	3
8506	1
8507	1
8508	1
8521	1
8525	1
8527	1
8530	1
8538	1
8543	1
8544	1
8545	2
8548	1
8551	1
8558	1
8560	2
8565	1
8570	1
8573	1
8584	1
8586	1
8587	2
8589	3
24975	1
8592	1
8594	1
8595	1
8597	1
24982	1
8604	1
8606	1
8611	2
8613	1
8618	1
8619	1
8621	2
8627	1
8632	1
8637	2
8641	2
8642	1
8657	1
8662	1
8663	1
8668	1
8669	3
8670	2
8674	2
8675	1
8681	1
8684	1
8695	1
8698	1
8702	1
8705	2
8707	1
8714	1
8715	1
8721	1
8725	1
8728	1
8733	2
8736	1
8738	2
8741	1
8742	1
8744	1
8748	1
8757	2
8761	1
8764	1
8768	1
8777	1
8780	1
8781	1
8782	1
8783	2
8786	1
8789	1
8795	1
8817	2
8825	1
8831	1
8835	1
8838	1
8846	1
8849	1
8851	1
8863	1
8867	1
8879	1
8883	1
8884	1
8889	1
8895	1
8897	1
8901	1
8909	1
8914	1
8918	2
8923	2
8926	1
8934	1
8939	1
8941	1
8951	1
8956	1
8957	1
8965	1
8967	1
8972	1
8983	1
8985	1
8992	1
9000	1
9010	2
9012	2
9024	1
9027	1
9029	1
9030	1
9043	1
9047	1
9048	1
9053	1
9057	2
9063	1
9064	1
9068	2
9069	1
9070	1
9071	1
9077	1
9082	1
9087	2
9091	1
9092	1
9100	1
9105	1
9107	1
9118	1
9129	1
9130	2
9136	1
9152	1
9154	1
9157	1
9159	2
9162	1
9167	1
9169	1
9180	1
9191	1
9193	1
9197	1
9199	1
9207	1
9214	1
9218	1
9223	1
9226	1
9229	1
9230	2
9231	1
9234	1
9236	1
9243	1
9246	1
9249	1
9250	1
9254	1
9262	1
9263	1
9264	2
9274	1
9279	1
9282	1
9285	1
9286	1
9294	1
9306	1
9316	1
9321	1
9322	1
25717	1
9337	2
9338	1
9340	1
9341	1
9350	1
9354	1
9372	1
9377	1
9378	1
9382	2
9383	1
9392	1
9396	1
9416	1
9417	1
9422	1
9427	1
9428	1
9433	1
9435	1
9444	1
9447	1
9452	1
9453	1
9454	1
9462	1
9471	1
9475	1
9487	1
9488	1
9489	1
9490	2
9496	1
9497	1
9504	1
9509	1
9516	1
9521	1
9522	1
9525	1
9526	1
9533	1
9536	1
9541	1
9549	1
9560	2
9561	1
9562	2
9566	1
9581	1
9583	2
9586	1
9588	1
9593	1
9599	1
9601	1
9619	2
9640	1
9654	1
9682	1
9685	2
9698	1
9700	1
9701	1
9708	3
9711	2
9716	1
9719	2
9721	1
9725	1
9726	1
9734	1
9735	1
9736	1
9741	1
9742	1
9744	1
9749	1
9756	2
9761	1
9770	1
9771	2
9773	1
9775	2
9781	1
9784	1
9792	1
9793	1
9794	2
9807	1
9810	1
9811	1
9816	1
9821	1
9825	1
9829	1
9832	1
9834	1
9837	1
9850	2
9854	1
9856	1
9862	2
9863	1
9867	1
9875	1
9886	1
9897	1
9898	1
9901	1
9908	1
9915	1
9928	1
9929	1
9933	1
9934	1
9940	1
9954	1
9955	1
9968	1
9972	2
9977	1
9978	1
9984	1
9989	2
9995	1
10005	1
10011	2
10019	1
10021	1
10025	1
10033	1
10044	1
10047	1
10049	1
10055	1
10057	1
10059	1
10061	1
10067	1
10073	2
10085	1
10086	1
10090	2
10092	1
10096	1
10105	1
10106	1
10108	1
10122	2
10126	1
10141	1
10142	1
10146	1
10153	1
10160	1
10162	1
10172	1
10175	1
10177	1
10179	1
10182	1
10186	2
10187	1
10190	1
10195	1
10198	1
10199	2
10203	2
10204	2
10206	2
10207	1
10225	1
10229	1
10231	1
10233	1
10244	1
10247	1
10254	1
10257	1
10262	1
10266	1
10267	1
10286	1
10289	1
10292	1
10293	1
10299	1
10306	1
10309	1
10314	3
10316	1
10318	1
10321	1
10339	1
10340	1
10345	1
10346	1
10347	1
10349	1
10358	1
10360	1
10368	1
10369	1
10377	1
10379	1
10413	1
10415	1
10422	1
10424	1
10429	2
10431	2
10433	1
10438	1
10440	1
10441	1
10447	1
10448	1
10452	1
10459	1
10461	1
10474	1
10486	1
10490	2
10492	1
10494	1
10503	1
10510	1
10514	1
10515	1
10518	1
10529	1
10531	1
10533	1
10545	1
10546	1
10547	1
10548	1
10567	1
10570	2
10577	1
10593	1
10607	1
10610	1
10612	1
10616	1
10619	3
10620	2
10622	1
10627	1
10628	1
10634	1
10641	1
10653	1
10656	1
10662	2
10667	1
10671	1
10672	1
10677	1
10683	1
10692	1
10694	1
10696	1
10698	1
10709	1
10719	1
10720	1
10722	1
10724	1
10726	1
10732	2
10750	1
10757	1
10774	1
10781	1
10785	1
10802	1
10803	1
10804	1
10806	1
10818	1
10819	1
10825	2
10829	1
10833	1
10836	1
10839	1
10852	1
10863	2
10869	1
10886	2
10896	1
10898	1
10899	1
10901	2
10904	1
10915	1
10919	1
10927	2
10946	1
10964	1
10980	1
10985	1
10989	1
10995	1
10999	1
11004	1
11016	1
11020	1
11022	1
11025	1
11036	1
11044	1
11045	1
11056	1
11058	1
11061	1
11064	2
11073	1
11074	1
11077	1
11091	1
11093	1
11096	1
11104	1
11117	1
11127	1
11132	1
11144	1
11146	2
11147	1
11154	1
11165	1
11170	1
11187	1
11188	1
11194	1
11204	1
11205	1
11218	1
11219	1
11220	1
11225	2
11229	1
11233	1
11235	1
11252	1
11258	1
11280	1
11282	1
11285	1
11289	1
11308	1
11309	1
11311	1
11312	1
11313	1
11314	1
11315	1
11316	2
11317	1
11318	1
11319	1
11321	1
11343	1
11350	1
11353	1
11382	1
11385	1
11393	1
11408	1
11411	1
11414	1
11421	1
11431	1
11440	1
11444	1
11445	1
11459	1
11468	1
11479	1
11482	1
11487	1
11490	1
11493	2
11496	1
11507	1
11512	1
11516	1
11522	1
11552	2
11561	1
11578	1
11582	2
11598	1
11602	1
11622	1
11626	1
11627	1
11641	1
11644	1
11651	1
11652	1
11660	1
11679	1
11680	1
11687	1
11698	1
11701	1
11706	1
11708	1
11717	1
11719	1
11720	1
11721	1
11726	1
11729	1
11753	1
11760	1
11796	1
11816	1
11819	2
11827	1
11832	1
11834	1
11836	1
11844	1
11846	1
11854	1
11859	1
11877	1
11881	1
11885	1
11886	2
11891	1
11910	1
11913	1
11933	1
11938	1
11939	1
11941	1
11950	1
11951	1
11956	1
11962	1
11972	1
11977	1
12016	1
12020	1
12022	2
12027	1
12031	1
12044	1
12051	1
12069	1
12074	1
12078	1
12081	1
12098	1
12104	1
12108	1
12133	1
12158	2
12166	1
12172	1
12183	1
12185	2
12187	1
12212	2
12227	1
12228	1
12237	1
12240	1
12244	1
12255	1
12260	1
12267	2
12275	1
12276	1
12281	1
12283	1
12288	1
12292	1
12297	1
12308	1
12312	2
12313	1
12323	1
12326	1
12334	1
12339	2
12341	1
12351	1
12353	2
12359	1
12361	1
12366	1
12367	1
12378	1
12388	1
12390	1
12396	1
12411	1
12414	1
12423	2
12425	1
12431	1
12433	1
12439	1
12459	1
12461	2
12463	1
12469	1
12474	1
12508	1
12514	2
12527	1
12540	1
12548	1
12554	3
12565	1
12572	1
12583	1
12586	1
12613	1
12634	1
12652	1
12653	1
12664	1
12678	1
12685	1
12705	1
12709	1
12712	2
12713	1
12724	1
12728	1
12734	1
12746	1
12759	1
12763	1
12774	1
12796	1
12825	2
12842	1
12843	1
12852	1
12854	1
12859	1
12863	1
12868	1
12870	1
12872	1
12891	1
12897	1
12900	1
12908	1
12917	1
12954	1
12968	1
12979	1
12986	1
13007	1
13008	1
13022	1
13023	1
13047	1
13052	1
13061	2
13062	1
13063	1
13074	1
13085	1
13090	1
13099	1
13118	1
13128	1
13147	1
13153	1
13156	1
13158	1
13166	1
13170	1
13172	1
13185	1
13186	1
13189	1
13190	1
13203	1
13235	1
13248	1
13257	1
13261	1
13267	1
13292	1
13293	2
13314	1
13325	1
13332	1
13338	1
13344	1
13359	1
13367	3
13371	1
13377	1
13380	1
13389	1
13399	1
13412	1
13415	1
13429	1
13431	1
13448	1
13457	1
13465	1
13467	1
13491	1
13493	1
13514	1
13522	1
13538	1
13546	1
13567	1
13587	1
13590	1
13599	1
13600	1
13625	1
13626	1
13629	1
13645	1
13651	1
13659	1
13671	1
13682	1
13687	1
13700	1
13715	1
13729	1
13742	1
13747	1
13755	1
13778	1
13788	1
13815	1
13826	1
13844	1
13845	1
13857	1
13869	1
13874	1
13885	1
13900	1
13906	1
13908	1
13910	1
13915	1
13948	1
13983	1
13987	1
13989	1
13998	1
13999	1
14020	1
14027	1
14032	1
14035	1
14044	1
14048	1
14062	1
14066	1
14073	1
14076	1
14078	1
14086	1
14098	1
14101	1
14117	1
14132	1
14133	1
14146	1
14148	1
14151	1
14152	1
14153	1
14159	1
14165	1
14181	1
14182	1
14191	1
14210	1
14214	2
14220	1
14233	1
14239	1
14246	1
14262	1
14263	1
14270	1
14285	1
14287	1
14298	1
14302	1
14307	1
14309	1
14335	1
14356	1
14357	1
14361	1
14367	1
14394	1
14397	1
14405	1
14409	1
14421	1
14423	1
14424	1
14425	1
14429	1
14438	2
14448	1
14458	1
14461	1
14506	1
14522	1
14523	1
14528	1
14543	1
14544	1
14551	1
14555	1
14561	1
14564	1
14567	1
14568	1
14577	1
14578	1
14583	1
14586	1
14590	1
14617	1
14624	1
14626	1
14635	1
14644	1
14665	1
14673	1
14677	1
14685	1
14709	2
14712	1
14723	1
14733	1
14763	1
14768	1
14769	1
14772	1
14776	1
14815	1
14841	1
14844	1
14861	2
14874	2
14890	1
14893	2
14902	1
14921	1
14939	1
14940	1
14960	2
14961	1
14970	1
14977	1
15021	1
15032	1
15061	1
15065	1
15069	2
15083	1
15086	1
15092	1
15097	1
15123	1
15128	1
15129	1
15148	1
15152	1
15190	1
15193	1
15205	2
15217	1
15228	1
15239	1
15256	1
15258	1
15259	1
15293	1
15300	1
15311	1
15319	1
15321	1
15334	1
15338	1
15341	1
15349	2
15353	1
15355	1
15368	1
15392	1
15394	1
15400	1
15407	1
15409	1
15429	1
15439	1
15459	1
15471	1
15491	1
15495	1
15496	1
15501	1
15505	1
15510	1
15521	1
15526	1
15542	1
15556	1
15588	1
15600	1
15609	1
15611	1
15614	1
15638	1
15643	1
15649	1
15659	1
15677	1
15699	1
15749	1
15758	1
15775	1
15788	1
15789	1
15822	1
15833	1
15856	1
15865	1
15866	1
15871	1
15873	1
15904	1
15930	1
15934	1
15976	1
15989	1
15995	1
15998	1
16005	1
16006	1
16017	1
16035	1
16039	1
16040	1
16056	1
16057	1
16119	1
16160	1
16168	1
16173	1
16189	1
16215	2
16237	1
16242	1
16248	1
16258	1
16291	1
16293	1
16309	1
16334	1
16336	1
16352	1
16364	1
16367	1
16373	1
16376	1
