1	10
2	8
3	7
4	2
16389	1
6	2
7	5
8	4
16392	1
9	5
10	6
16394	1
11	3
16395	1
12	5
13	7
14	4
15	5
16	12
17	9
18	5
19	7
20	8
21	3
22	5
23	7
24	9
25	10
26	5
27	6
28	6
29	6
16413	1
30	13
31	4
16415	1
32	3
33	6
34	8
35	2
36	4
37	5
38	9
39	5
40	11
41	7
42	7
43	6
44	5
45	7
46	4
47	5
48	6
49	6
16433	1
50	2
51	3
52	6
53	9
54	6
55	5
56	6
57	3
58	8
59	5
60	4
61	2
62	3
63	3
64	7
65	6
66	7
67	4
68	1
16452	1
69	3
16453	1
70	3
71	6
72	4
73	7
16457	1
74	7
75	5
16459	1
76	2
77	3
16461	1
78	4
79	7
80	5
81	6
82	7
83	2
84	7
85	3
86	3
87	7
88	4
89	5
90	4
91	2
92	11
93	10
94	4
95	3
96	2
97	5
98	4
99	3
100	4
101	8
102	11
103	6
104	8
105	11
106	7
107	5
108	6
109	9
110	5
111	5
112	3
113	5
114	6
115	5
16500	1
116	1
117	6
118	4
119	2
120	9
121	10
16505	1
122	5
123	3
124	5
125	6
126	6
127	7
128	6
16512	1
129	4
130	1
131	5
16515	1
132	10
133	4
134	3
135	6
136	9
137	9
138	9
139	2
140	8
141	6
142	6
143	4
144	7
145	5
146	5
147	4
148	9
149	9
150	3
151	6
152	4
153	8
154	8
155	3
156	3
157	8
158	6
159	7
160	2
161	7
162	6
163	7
164	7
165	9
166	3
16550	1
167	8
168	6
169	4
170	5
171	5
172	5
173	6
174	5
175	9
176	4
177	6
178	9
179	6
180	4
181	7
16565	1
182	6
183	5
184	2
185	4
186	8
187	6
188	6
189	12
190	5
191	3
192	8
193	6
194	9
195	6
196	9
197	3
198	8
199	10
200	4
201	6
202	8
203	8
204	4
205	5
206	8
207	7
208	5
209	11
210	4
211	4
212	5
213	2
214	4
215	5
216	8
217	6
218	3
219	4
220	5
221	5
222	3
223	7
224	3
225	8
226	1
227	4
228	7
229	7
230	5
231	5
16615	1
232	11
233	7
234	10
235	8
236	2
237	9
16621	1
238	8
239	3
240	6
241	8
242	10
243	9
244	10
245	5
246	7
247	8
248	5
249	11
250	8
251	10
252	2
253	7
254	9
255	4
256	6
257	4
258	10
259	6
260	3
261	7
262	6
263	7
264	7
265	9
266	6
267	5
268	12
269	5
270	5
16654	1
271	6
272	6
273	8
274	5
275	4
276	8
277	10
16661	1
278	6
279	6
280	3
281	4
282	6
283	6
284	5
285	5
286	7
287	3
288	3
289	5
290	7
291	3
292	5
293	4
294	5
295	7
296	4
297	4
298	6
299	7
300	8
301	7
302	7
303	6
304	11
16688	1
305	4
306	7
307	5
308	12
309	8
310	11
311	6
312	5
313	7
314	9
315	3
316	5
317	11
318	2
319	6
320	8
16704	1
321	3
322	5
323	5
324	3
325	8
326	7
327	9
328	9
329	4
330	5
331	5
332	8
333	5
334	8
335	10
336	7
337	2
338	5
339	7
340	6
341	3
342	7
343	6
344	6
345	7
346	3
347	7
348	9
349	7
350	4
351	2
352	5
353	11
354	1
355	7
356	7
357	4
358	7
359	6
360	6
361	5
362	8
16746	1
363	6
364	4
365	4
366	10
16750	1
367	4
368	6
369	6
370	6
371	7
16755	1
372	6
373	9
374	10
375	5
376	4
377	11
378	5
379	7
380	3
16764	1
381	10
382	7
383	4
384	6
385	9
386	8
387	4
388	4
389	8
390	5
391	7
392	11
393	9
394	9
395	9
396	7
397	4
398	8
399	4
400	6
16784	1
401	5
402	6
403	5
404	1
405	1
406	4
407	8
16791	1
408	9
409	7
410	8
411	9
16795	1
412	10
413	7
414	2
415	4
416	7
417	8
418	12
419	4
420	5
421	6
422	4
423	8
424	4
425	5
426	7
427	9
428	7
429	7
16813	1
430	7
431	7
432	8
433	7
434	7
435	4
436	3
437	2
438	2
439	3
440	8
441	7
442	7
443	6
444	5
445	5
446	3
447	2
448	5
449	9
450	7
451	7
452	8
453	8
454	3
455	12
456	4
457	9
458	9
16842	1
459	8
460	2
461	6
462	6
463	5
464	6
465	5
466	7
16850	1
467	5
468	6
469	4
470	3
471	9
472	4
473	3
474	4
475	8
476	4
477	9
478	5
479	11
480	11
481	5
482	7
483	6
484	5
485	6
16869	1
486	8
487	8
16871	1
488	6
489	3
490	9
491	7
492	7
493	9
494	10
495	6
496	6
497	4
498	10
16883	1
499	7
500	2
16884	1
501	10
502	4
503	5
504	5
505	5
506	4
507	11
508	8
509	6
510	5
511	10
16895	1
512	4
513	8
514	4
515	5
516	4
517	6
518	2
519	7
520	13
521	5
522	3
523	7
524	3
525	10
526	9
527	2
528	7
529	7
530	6
531	5
532	8
533	8
534	4
535	7
536	5
537	7
538	5
539	5
540	7
541	8
16925	1
542	6
543	1
544	7
545	6
546	5
547	10
548	3
549	7
550	7
551	11
552	4
553	8
554	14
555	5
556	3
557	9
558	5
559	11
560	2
561	1
562	9
563	5
564	7
565	5
566	8
567	7
568	4
569	6
570	4
571	5
572	5
573	6
574	3
575	8
576	6
577	8
578	8
579	8
580	4
581	3
582	2
583	2
584	4
585	3
586	3
587	10
588	7
589	6
590	17
591	3
592	3
593	6
594	7
595	4
596	7
597	1
598	1
599	5
600	3
601	5
602	9
603	7
604	5
605	2
606	11
607	4
608	13
609	5
610	7
611	9
612	3
613	5
614	7
615	5
616	4
17000	1
617	6
618	4
619	9
620	6
621	3
622	12
623	5
624	8
625	6
626	2
627	6
628	6
629	5
630	2
631	6
632	3
633	6
634	10
635	3
636	4
637	9
638	10
639	7
640	6
641	8
642	9
643	5
644	6
645	1
646	11
647	5
648	4
17032	1
649	5
17033	2
650	6
651	9
652	9
653	8
654	6
655	6
17039	1
656	8
657	4
658	6
659	5
660	8
661	8
662	5
663	6
664	6
665	8
666	6
667	10
668	4
669	4
670	10
671	7
672	3
673	8
674	4
675	4
676	2
677	8
678	10
679	5
680	7
681	6
682	7
683	11
684	7
685	5
686	6
687	6
688	6
689	5
690	6
691	10
692	7
693	4
694	8
695	4
696	5
697	5
698	8
699	5
700	4
701	7
702	3
703	3
17088	1
704	1
705	10
706	7
707	4
708	5
709	7
710	6
711	5
712	2
713	10
714	3
715	2
716	4
717	11
718	5
719	3
720	6
721	4
722	3
723	3
724	6
725	4
726	5
727	4
728	4
729	8
730	9
17114	1
731	3
732	3
733	5
734	6
735	5
736	5
737	10
738	6
739	3
740	6
741	6
742	5
743	5
744	2
745	3
746	4
747	10
748	5
749	8
750	4
751	7
752	7
753	7
754	7
755	5
756	6
757	5
758	9
759	5
760	5
761	5
762	6
763	14
17147	1
764	12
765	5
766	5
17150	1
767	8
768	6
769	5
770	9
771	6
772	6
17156	1
773	7
774	5
775	10
776	5
777	5
778	3
779	8
780	10
781	12
782	8
783	8
784	5
785	1
786	8
787	3
788	10
789	5
790	8
791	4
792	8
793	2
794	6
795	5
796	12
797	6
17181	1
798	3
799	10
800	6
801	2
802	7
803	3
804	5
805	10
806	7
807	9
808	4
809	4
810	9
811	6
812	4
813	3
814	5
815	7
816	7
817	3
818	8
819	4
820	4
821	4
822	7
823	8
824	7
825	6
826	6
827	2
828	8
829	10
830	6
831	6
832	3
833	5
834	4
835	8
836	2
837	3
838	3
17222	1
839	9
840	6
841	4
842	2
843	4
844	3
845	4
846	3
847	4
848	9
849	2
850	7
17234	1
851	5
852	7
853	6
854	9
855	12
856	3
857	10
858	4
859	7
860	4
861	6
862	5
863	6
864	5
865	4
866	5
867	6
868	6
869	7
870	13
871	3
872	6
873	8
874	6
875	9
876	7
877	9
878	3
879	6
880	4
881	5
882	7
883	11
884	11
885	3
886	5
887	8
888	4
889	3
890	9
17274	1
891	6
892	7
893	6
894	2
895	5
896	5
17280	1
897	2
898	5
899	2
900	9
901	5
902	6
903	12
904	3
905	5
906	8
907	3
908	5
909	3
910	6
17294	1
911	3
912	5
913	8
914	7
915	9
916	5
917	5
918	7
919	4
920	6
921	2
922	4
923	4
17307	1
924	5
925	10
926	5
927	7
928	7
929	8
930	2
931	11
932	5
933	4
934	9
935	4
936	7
937	7
938	4
939	6
940	6
941	8
942	3
17326	1
943	7
17327	1
944	6
945	7
946	4
947	4
948	8
949	7
950	2
17334	1
951	8
952	8
953	3
954	5
955	3
956	7
957	8
958	8
959	7
960	6
961	6
962	6
963	8
17347	1
964	4
17348	1
965	9
966	6
967	4
968	10
969	7
17353	1
970	4
971	6
972	8
973	8
974	7
975	4
976	4
977	7
978	6
979	5
980	3
981	6
982	3
983	5
984	5
985	4
986	9
987	4
988	5
989	6
17373	1
990	3
991	8
992	2
993	2
994	4
995	6
17380	1
996	3
997	5
998	10
999	5
1000	4
1001	2
1002	5
17386	1
1003	4
1004	6
1005	4
1006	6
1007	4
1008	6
1010	10
1011	8
1012	3
1013	6
1014	11
1015	5
1016	4
17400	1
1017	7
1018	5
1019	8
1020	13
1021	5
1022	4
1023	1
1024	4
1025	6
1026	6
1027	6
1028	6
1029	7
1030	4
1031	7
1032	10
1033	9
1034	8
1035	10
1036	9
1037	8
1038	6
1039	6
1040	4
1041	5
1042	7
1043	3
1044	6
1045	6
17429	1
1046	7
1047	5
1048	6
1049	6
1050	8
1051	4
1052	7
17436	1
1053	7
1054	1
1055	8
1056	4
1057	6
1058	6
1059	5
1060	8
1061	7
1062	4
1063	1
1064	5
1065	6
1066	4
1067	8
1068	6
1069	4
1070	7
1071	10
1072	5
1073	4
1074	5
1075	4
1076	7
17460	1
1077	8
1078	6
1079	6
17463	1
1080	4
1081	4
1082	5
1083	3
1084	1
1085	6
1086	6
1087	1
1088	3
1089	4
1090	6
1091	4
1092	7
1093	3
1094	5
1095	9
1096	3
1097	6
1098	7
1099	3
1100	8
1101	8
1102	6
1103	6
1104	5
1105	5
1106	5
1107	4
1108	5
1109	7
1110	5
1111	7
1112	9
17496	1
1113	6
1114	9
1115	6
1116	5
1117	4
1118	3
1119	6
1120	8
1121	9
1122	4
1123	8
1124	14
1125	4
1126	1
1127	9
1128	7
1129	7
1130	7
1131	9
1132	3
17516	1
1133	8
1134	6
1135	8
1136	2
1137	5
1138	12
1139	9
1140	9
1141	4
1142	8
1143	6
1144	6
1145	11
1146	5
1147	10
1148	9
1149	6
1150	4
1151	3
1152	5
1153	5
1154	8
1155	7
1156	5
17540	1
1157	6
1158	6
1159	9
1160	5
1161	6
1162	6
1163	2
1164	3
1165	4
17550	2
1166	7
1167	6
1168	2
1169	5
1170	5
1171	7
1172	4
1173	8
1174	9
1175	10
1176	6
1177	9
1178	5
1179	4
1180	7
17564	1
1181	2
1182	3
1183	8
1184	3
1185	5
1186	6
1187	3
17571	1
1188	5
1189	14
1190	3
1191	8
1192	4
1193	5
1194	5
1195	4
17579	1
1196	6
17580	1
1197	8
1198	1
1199	5
1200	6
1201	7
1202	7
1203	1
1204	8
1205	4
1206	7
1207	7
1208	8
1209	5
1210	4
1211	7
1212	8
1213	4
1214	4
1215	4
1216	7
1217	7
1218	9
1219	9
1220	4
1221	8
1222	7
1223	8
1224	8
1225	8
1226	4
1227	1
1228	8
1229	5
1230	8
1231	3
1232	9
1233	8
1234	8
1235	5
1236	8
1237	3
1238	6
1239	4
1240	4
1241	7
1242	5
1243	7
1244	4
1245	5
1246	6
1247	6
1248	11
1249	9
1250	9
1251	5
1252	1
1253	3
1254	9
1255	5
1256	11
1257	2
1258	6
1259	8
1260	5
1261	8
1262	5
1263	5
1264	7
1265	4
1266	9
1267	3
1268	6
1269	7
1270	11
1271	6
1272	8
1273	8
1274	4
1275	6
1276	6
17660	1
1277	7
1278	4
1279	8
1280	10
1281	10
1282	6
1283	4
1284	4
17668	1
1285	5
1286	5
1287	7
1288	6
1289	6
1290	9
1291	10
1292	6
1293	8
1294	3
17678	1
1295	6
1296	11
1297	4
1298	6
1299	7
1300	5
1301	7
1302	5
1303	5
1304	5
1305	5
1306	5
1307	3
1308	5
1309	5
1310	8
1311	8
1312	4
1313	9
1314	3
1315	1
1316	5
1317	11
1318	3
1319	9
1320	8
17704	1
1321	2
17705	1
1322	2
17706	1
1323	6
1324	6
1325	8
1326	8
1327	7
1328	4
1329	6
1330	6
1331	4
1332	3
1333	7
1334	8
1335	3
1336	4
1337	5
1338	10
1339	10
17723	1
1340	6
1341	11
1342	9
1343	7
1344	3
1345	4
1346	5
17730	1
1347	6
1348	6
1349	4
1350	7
1351	8
1352	10
1353	3
1354	3
1355	6
1356	5
1357	6
1358	6
1359	7
1360	6
1361	5
1362	3
1363	9
1364	8
1365	10
1366	8
1367	6
1368	6
1369	8
1370	4
1371	5
17755	1
1372	7
1373	2
1374	7
1375	4
1376	5
1377	9
1378	4
1379	5
1380	7
1381	8
1382	8
1383	3
1384	7
1385	10
1386	6
1387	8
1388	9
1389	6
1390	2
17775	1
1391	1
1392	4
1393	1
1394	5
1395	6
1396	5
1397	10
1398	7
1399	6
17784	1
1400	1
1401	7
1402	9
1403	4
1404	5
1405	6
1406	8
1407	10
1408	4
1409	5
1410	8
1411	6
1412	7
1414	3
1415	8
1416	4
1417	7
1418	4
1419	10
1420	3
1421	3
1422	6
1423	3
1424	6
1425	3
1426	4
1427	5
1428	4
1429	9
1430	7
17814	1
1431	6
1432	3
1433	7
1434	7
1435	3
1436	7
1437	8
1438	7
1439	10
1440	7
1441	7
1442	7
1443	3
1444	6
1445	6
1446	4
1447	10
1448	5
17832	1
1449	5
1450	12
1451	3
1452	5
1453	10
1454	11
17838	1
1455	3
1456	7
1457	9
1458	7
1459	6
1460	3
1461	6
1462	6
17846	1
1463	7
1464	6
1465	10
1466	12
1467	7
1468	8
1469	8
1470	5
1471	7
1472	3
1473	2
1474	2
1475	5
1476	8
1477	6
1478	7
1479	5
1480	2
1481	7
1482	5
1483	7
1484	3
1485	5
1486	8
17870	1
1487	3
1488	8
1489	8
1490	3
1491	8
17876	1
1492	5
1493	3
1494	7
1495	1
1496	6
1497	5
1498	4
1499	7
1500	5
1501	4
1502	7
1503	6
1504	2
1505	9
1506	3
1507	7
1508	7
1509	6
1510	4
1511	4
1512	4
1513	3
1514	6
1515	13
1516	8
1517	11
1518	7
1519	2
1520	5
1521	4
1522	6
1523	7
1524	11
1525	4
1526	3
1527	5
1528	6
1529	6
1530	5
1531	6
1532	6
1533	6
1534	5
1535	5
1536	6
1537	7
1538	3
1539	7
1540	8
1541	5
1542	9
1543	6
1544	8
1545	4
17929	1
1546	7
1547	7
1548	7
1549	8
1550	10
1551	4
1552	3
1553	10
1554	2
1555	4
1556	6
1557	8
1558	7
1559	3
1560	5
1561	11
1562	7
1563	7
1564	5
1565	6
1566	7
1567	5
1568	6
1569	8
17953	1
1570	7
1571	6
1572	8
1573	7
1574	8
1575	7
1576	7
1577	7
1578	1
1579	5
1580	7
1581	6
17965	1
1582	4
1583	7
1584	6
1585	3
1586	9
1587	6
1588	3
1589	8
1590	7
1591	10
1592	6
1593	8
1594	3
1595	5
1596	7
1597	7
1598	7
1599	5
1600	8
1601	6
1602	4
1603	7
1604	2
1605	6
1606	6
1607	2
1608	6
1609	4
1610	5
1611	5
1612	5
1613	7
1614	8
1615	6
1616	3
1617	6
1618	8
1619	6
1620	5
1621	4
1622	5
1623	3
18007	1
1624	4
1625	6
1626	10
1627	7
1628	4
1629	7
1630	4
1631	11
1632	2
1633	7
1634	7
1635	3
1636	5
1637	8
1638	5
1639	5
1640	1
18024	1
1641	8
1642	6
1643	8
1644	6
1645	4
1646	2
1647	6
1648	1
1649	8
1650	4
1651	4
1652	2
1653	9
1654	5
1655	6
1656	9
1657	8
1658	5
18042	1
1659	9
1660	3
1661	5
1662	6
1663	8
1664	6
1665	6
1666	5
1667	2
1668	5
1669	6
1670	7
1671	4
1672	4
1673	3
1674	3
1675	8
1676	9
18060	1
1677	3
1678	3
1679	7
1680	6
1681	6
18065	1
1682	8
1683	5
1684	4
1685	4
1686	6
1687	7
1688	7
1689	9
1690	4
1691	6
1692	7
18076	1
1693	3
1694	9
1695	5
1696	5
1697	6
1698	6
1699	2
1700	6
1701	2
18085	1
1702	1
1703	10
1704	4
1705	4
1706	4
1707	4
1708	6
1709	1
1710	7
1711	1
1712	12
1713	4
1714	5
1715	2
1716	9
1717	6
1718	6
1719	7
1720	6
1721	8
1722	5
1723	5
1724	4
1725	9
1726	10
1727	9
1728	8
1729	2
1730	4
1731	6
1732	9
1733	8
1734	6
1735	4
1736	6
1737	6
1738	5
1739	5
1740	5
18124	1
1741	4
1742	1
1743	5
1744	4
1745	10
1746	6
1747	6
1748	2
1749	4
1750	2
1751	4
1752	5
1753	6
1754	1
1755	8
1756	5
1757	9
1758	3
1759	14
1760	12
1761	9
1762	7
1763	7
1764	7
1765	7
1766	10
1767	6
1768	6
1769	6
1770	6
1771	3
1772	6
1773	10
1774	5
1775	8
1776	5
18160	1
1777	3
1778	3
1779	10
1780	9
1781	3
1782	7
1783	2
1784	7
1785	5
1786	5
1787	5
1788	2
1789	9
1790	6
1791	6
1792	4
1793	2
1794	7
1795	2
1796	1
1797	6
1798	4
1799	12
1800	7
1801	10
1802	10
1803	7
1804	9
18188	1
1805	5
1806	8
1807	6
1808	6
1809	3
1810	7
1811	9
1812	12
1813	6
1814	4
1815	3
1816	6
1817	7
1818	4
1819	3
1820	1
1821	7
1822	6
1823	5
1824	4
1825	5
1826	5
1827	5
1828	4
1829	8
1830	2
1831	6
1832	6
1833	4
1834	3
1835	4
1836	5
1837	12
1838	4
1839	9
1840	7
1841	4
18226	1
1842	4
1843	8
1844	7
1845	6
1846	9
1847	2
1848	2
1849	5
1850	7
1851	3
1852	8
1853	2
1854	9
1855	5
1856	1
18240	1
1857	8
1858	7
1859	8
1860	10
1861	5
1862	9
1863	5
1864	4
1865	9
1866	10
1867	8
18251	1
1868	3
1869	4
1870	6
1871	7
1872	6
1873	9
1874	8
1875	4
1876	9
1877	3
1878	11
1879	2
1880	8
1881	3
1882	6
1883	3
1884	4
1885	6
1886	6
1887	7
1888	5
1889	8
1890	5
1891	11
1892	3
1893	8
1894	3
1895	5
1896	3
1897	6
1898	7
1899	8
1900	10
1901	3
1902	2
1903	3
1904	6
1906	12
1907	4
1908	5
1909	4
1910	4
1911	2
1912	5
1913	4
1914	5
1915	1
1916	10
1917	8
1918	7
1919	4
1920	6
1921	5
1922	9
1923	5
1924	7
1925	6
1926	4
1927	6
1928	1
1929	5
1930	7
1931	4
1932	8
1933	5
1934	7
1935	5
1936	9
1937	8
1938	10
1939	8
1940	7
1941	5
1942	5
1943	5
1944	3
1945	13
1946	8
1947	4
1948	6
1949	4
1950	7
1951	5
1952	5
1953	4
18337	1
1954	3
1955	6
1956	5
1957	5
1958	6
1959	4
18343	1
1960	5
1961	12
1962	5
1963	2
1964	6
1965	12
1966	5
1967	6
1968	5
1969	3
1970	7
1971	2
1972	3
1973	11
1974	3
1975	6
18359	1
1976	9
1977	4
1978	4
1979	4
1980	4
1981	4
1982	8
1983	6
1984	5
1985	7
1986	5
1987	9
1988	4
1990	5
18374	1
1991	6
1992	3
1993	6
1994	9
1995	9
1996	7
1997	8
1998	7
1999	4
2000	8
2001	6
2002	3
2003	7
2004	5
2005	3
2006	6
2007	3
2008	8
2009	5
2010	9
2011	5
2012	4
2013	4
2014	6
2015	7
18400	1
2016	3
2017	6
2018	4
2019	7
2020	2
2021	5
2022	1
2023	5
2024	5
2025	8
2026	7
2027	6
2028	7
2029	9
2030	11
2031	4
2032	9
2033	3
2034	1
2035	7
2036	5
2037	5
2038	5
2039	4
2040	6
2041	6
2042	4
2043	6
2044	5
2045	6
2046	6
2047	6
2048	8
2049	8
2050	5
2051	5
2052	4
2053	7
2054	1
2055	6
2056	9
2057	4
2058	6
2059	9
2060	7
2061	7
2062	5
2063	5
2064	7
2065	14
2066	7
2067	5
2068	4
2069	1
2070	5
2071	9
2072	10
2073	1
2074	9
2075	7
2076	8
2077	6
2078	7
2079	8
2080	6
2081	5
2082	5
2083	8
2084	8
2085	4
2086	4
2087	7
2088	6
2089	8
2090	7
2091	3
2092	6
2093	5
2094	1
2095	4
2096	3
2097	7
2098	10
2099	3
2100	8
2101	9
2102	10
2103	5
2104	7
2105	8
2106	5
2107	7
2108	7
2109	3
2110	3
2111	6
2112	4
2113	8
2114	5
2115	3
2116	3
2117	7
2118	7
2119	6
2120	5
2121	5
2122	3
2123	4
2124	4
2125	6
2126	4
2127	8
2128	7
2129	6
2130	3
2131	4
2132	4
2133	4
2134	5
2135	12
2136	2
2137	7
2138	7
2139	4
2140	7
2141	2
2142	3
18526	1
2143	7
2144	6
2145	8
2146	6
2147	5
2148	6
2149	7
2150	8
2151	6
2152	7
2153	7
2154	4
2155	3
2156	7
2157	3
2158	3
2159	5
2160	3
2161	8
2162	7
2163	7
2164	2
2165	3
2166	9
2167	7
2168	7
2169	9
2170	6
2171	3
2172	7
2173	9
2174	6
2175	12
2176	6
2177	5
2178	7
2179	3
2180	5
2181	3
2182	3
2183	6
2184	4
2185	8
2186	4
2187	7
2188	4
2189	3
18573	1
2190	4
2191	7
2192	3
2193	5
2194	5
2195	5
2196	9
2197	2
2198	5
2199	6
2200	3
2201	6
2202	3
2203	7
2204	3
2205	3
2206	1
2207	5
2208	1
2209	5
2210	9
2211	9
2212	7
2213	6
2214	3
2215	9
2216	2
2217	5
2218	10
2219	8
2220	8
2221	6
18605	1
2222	4
2223	9
2224	5
18608	1
2225	3
2226	6
18610	1
2227	5
2228	3
2229	6
2230	6
2231	5
2232	3
2233	5
18618	1
2234	4
2235	4
2236	8
2237	9
2238	3
2239	6
2240	5
2241	4
2242	4
2243	4
2244	8
2245	7
2246	4
2247	1
2248	7
2249	7
2250	4
2251	8
2252	8
2253	6
2254	4
2255	3
2256	3
2257	3
2258	8
2259	4
2260	4
2261	10
2262	7
2263	3
2264	4
2265	5
2266	3
2267	5
2268	4
2269	6
2270	3
2271	10
2272	8
2273	2
2274	10
2275	2
2276	11
2277	8
2278	1
2279	6
2280	4
2281	7
2282	3
2283	5
2284	7
2285	3
2286	6
2287	4
2288	6
2289	7
2290	7
18674	1
2291	7
18675	1
2292	6
2293	2
2294	4
2295	2
2296	7
2297	3
2298	8
2299	5
2300	5
2301	5
2302	2
2303	5
2304	2
2305	9
2306	3
2307	5
2308	10
2309	4
2310	6
2311	7
2312	3
2313	5
2314	4
18698	1
2315	7
2316	5
2317	4
2318	8
2319	7
2320	9
2321	7
2322	7
18706	1
2323	6
2324	1
2325	1
2326	4
18710	1
2327	5
2328	5
2329	6
2330	6
2331	4
2332	5
2333	8
2334	4
2335	9
2336	3
2337	6
2338	5
2339	5
2340	9
2341	3
2342	11
2343	4
2344	4
2345	4
2346	3
2347	3
2348	6
2349	1
2350	6
2351	7
2352	7
2353	4
2354	6
2355	4
2356	1
2357	8
2358	5
2359	5
2360	5
2361	8
2362	6
2363	5
2364	5
2365	4
2366	9
2367	2
2368	3
2369	5
2370	5
2371	2
2372	8
2373	4
2374	3
2375	5
2376	2
18760	1
2377	3
2378	4
2379	3
2380	4
2381	2
2382	5
2383	2
2384	8
2385	9
2386	2
2387	7
2388	5
2389	6
2390	6
2391	5
2393	6
2394	5
2395	2
18779	1
2396	3
2397	3
2398	6
18782	1
2399	7
2400	5
2401	9
2402	5
18786	1
2403	3
2404	10
2405	7
2406	2
2407	7
2408	7
2409	5
2410	3
2411	6
2412	6
2413	5
2415	2
18799	1
2416	2
2417	10
2418	7
2419	5
2420	5
2421	4
2422	2
2423	3
2424	4
2425	4
2426	4
2427	3
2428	5
2429	7
2430	3
2431	3
2432	4
2433	7
2434	10
2435	4
2436	3
2437	4
2438	5
2439	3
2440	2
2441	4
2442	6
2443	4
2444	2
2445	4
2446	7
2447	7
2448	3
2449	8
2450	7
2451	7
2452	3
2453	2
2454	5
2455	1
2456	4
2457	5
2458	7
2459	3
2460	3
2461	4
2462	6
2463	2
18847	1
2464	4
2465	4
2466	2
2467	5
2468	1
2469	5
2470	4
2471	3
2472	6
2473	4
2474	6
2475	11
2476	6
2477	5
2478	5
18862	1
2479	5
2480	4
2481	4
2482	2
2483	6
2484	7
2485	5
2486	2
2487	7
2488	8
2489	6
2490	3
2491	4
2492	6
2493	7
18877	1
2494	6
2495	7
2496	6
2497	4
2498	9
2499	2
2500	4
2501	9
2502	1
2503	6
2504	2
2505	4
2506	3
2508	7
2509	5
2510	5
2511	4
2512	5
2513	10
2514	5
2515	7
2516	6
2517	4
2518	2
2519	3
2520	3
2521	5
2522	3
2523	5
2524	7
2525	5
2526	4
2527	4
2528	8
18912	1
2529	13
2530	6
2531	4
2532	1
2533	5
2534	5
2535	4
2536	3
2537	5
2538	8
2540	4
2541	6
2542	6
2543	8
2544	2
2545	8
2546	6
2547	3
2548	2
2549	8
2550	3
2551	1
2552	6
2553	2
2554	6
2555	1
2556	3
2557	6
2558	4
2559	3
2560	4
2561	7
18945	1
2562	5
2563	8
2564	4
2565	1
2566	3
2567	5
2568	6
2569	6
2570	6
2571	1
2572	8
2573	3
2574	2
2575	1
2576	7
2577	5
2578	3
2579	8
2580	5
2581	5
2582	5
2583	3
2584	4
2585	4
2586	3
2587	5
2588	3
2589	3
2590	5
2591	7
2592	8
2593	2
2594	5
2595	5
2596	8
2597	2
2598	6
2599	2
2600	6
2601	3
2602	5
2603	2
2604	6
2605	2
2606	7
2607	6
2608	3
2609	5
18993	1
2610	5
2611	2
2612	4
2613	3
2614	2
2615	3
2616	3
2617	1
2618	7
2619	3
2620	6
2621	9
2622	2
2623	7
2624	6
2625	5
2626	1
2627	5
2628	4
2629	7
2630	6
2631	2
2632	5
2633	4
19017	1
19018	1
2634	4
2635	1
2636	10
2637	5
2638	4
2639	8
2640	6
2641	5
2642	3
2643	4
2644	8
2645	5
2646	5
2647	3
2648	7
2649	4
2650	5
2651	6
2652	5
2653	7
2654	4
2655	7
2656	3
2657	9
2658	5
2659	5
2660	1
2661	3
2662	7
2663	6
2664	3
2665	5
2666	2
2667	10
2668	1
2669	3
2670	7
2671	10
2672	3
2673	7
2674	4
2675	4
2676	4
2677	3
19061	1
2678	1
2679	2
2680	7
2681	7
2682	2
2683	5
2684	1
2685	4
2686	5
2687	3
2688	3
2689	7
2690	7
2691	7
2692	7
2693	4
2694	3
2695	4
2696	7
2697	6
2698	2
2699	5
2700	4
19084	1
2701	5
2702	5
2703	3
2704	5
2705	6
2706	3
2707	1
2708	4
2709	4
2710	3
2711	1
2712	4
2713	4
2714	4
2715	4
2716	3
2717	3
2718	2
2719	3
2720	5
2721	2
2722	2
2723	3
2724	4
2725	1
2726	9
2727	7
2728	3
2729	4
2730	7
2731	2
2732	6
2733	6
2734	1
2735	7
2736	7
2737	4
2738	6
2739	4
2740	1
2741	4
2742	8
2743	7
2744	5
2745	3
2746	4
2747	6
2748	4
2749	2
19133	1
2750	6
2751	6
2752	3
2753	3
2754	3
2755	4
2756	2
2757	7
2758	6
2759	3
19143	1
2760	1
2761	5
2762	8
2763	5
19148	1
2764	3
2765	5
2766	6
2767	3
2768	3
2769	6
2770	5
2771	2
2772	3
19156	1
2773	2
2774	5
2775	3
2776	3
2777	3
2778	3
2779	1
2780	3
2781	4
2782	4
2783	1
2784	4
2785	6
2786	2
2787	4
2788	2
2789	1
19174	1
2790	4
2791	2
2792	4
2793	7
2794	4
2795	2
2796	4
2797	3
2798	9
2799	7
2800	2
2801	4
2802	5
2803	7
2804	9
2805	1
2806	5
2807	7
2808	5
2809	4
2810	5
2811	5
2812	9
2813	5
2814	3
2815	3
2816	7
2817	5
2818	4
2819	5
2820	4
2821	2
2822	2
2823	2
2824	2
2825	3
2826	7
2827	4
2828	2
19212	1
2829	4
2830	2
2831	3
2832	6
2833	3
2834	2
2835	4
2836	1
2837	2
2838	1
2839	7
2840	4
2841	7
2842	3
2843	4
2844	5
2845	2
2846	7
2847	4
2848	3
2849	2
2850	5
2851	8
2852	9
2853	6
2854	2
2855	4
2856	4
2857	3
2858	5
2859	2
2860	5
2861	4
2862	2
2863	6
2864	1
2865	4
2866	5
19251	1
2867	1
2868	4
2869	4
2870	6
2871	4
2872	7
2873	7
2874	3
2875	4
2876	6
2877	3
2878	4
2879	6
2880	3
2881	2
2882	8
2883	4
2884	6
2885	6
2886	6
2887	6
2888	9
2889	3
2890	4
2891	5
2892	5
2893	6
2894	6
2895	3
2896	4
2897	4
2898	4
2899	6
2900	4
2901	4
2902	1
2903	5
2904	3
2905	7
2906	5
2907	4
2908	2
2909	5
2910	8
2911	5
2912	4
2913	3
2914	4
2915	4
2916	3
2917	6
2918	8
2919	3
19303	1
2920	4
2921	4
2922	6
2923	2
2924	4
2925	4
2926	5
2927	3
2928	5
2929	3
2930	5
2931	9
2932	3
2933	1
2934	4
2935	6
2936	2
2937	3
2938	9
2939	2
2940	2
2941	5
2942	2
2943	1
2944	5
2945	4
2946	4
2947	3
2948	7
2949	7
2950	5
2951	7
2952	1
2953	1
2954	1
2955	3
2956	6
2957	5
2958	7
2959	2
2960	4
2961	4
2962	2
2963	3
2964	3
2965	3
2966	3
2967	3
2968	4
2969	5
2970	2
2971	6
2972	7
2973	3
2974	2
2975	4
2976	2
2977	3
2978	5
2979	3
2980	4
2981	7
2982	4
2983	3
2984	2
2985	5
2986	2
2987	3
2988	2
2989	4
2990	3
2991	3
2992	2
2993	5
2994	3
2995	7
2996	6
19381	1
2998	5
2999	5
3000	3
3001	3
3002	2
3003	2
3004	4
3005	3
3006	8
3007	8
3008	6
3009	5
3010	2
3011	4
3012	6
3013	1
3014	1
3015	4
3016	2
3017	1
3018	5
3019	5
3020	5
3021	2
3022	2
3023	7
3024	3
3025	4
3026	3
3027	3
3028	4
3029	3
3030	3
3031	3
3032	6
3033	6
3034	6
3035	1
19419	1
3036	4
3037	4
19421	1
3038	2
3039	2
3040	2
3041	6
3042	5
3043	1
3044	1
3045	4
3046	4
3047	2
3048	3
3049	5
3050	5
3051	7
3052	3
3053	2
3054	4
3055	2
3056	4
3057	4
3058	3
3059	3
3060	4
3061	9
3062	8
3063	2
3064	5
3065	5
3066	4
3067	5
3068	1
3069	7
3070	2
3071	3
3072	5
3073	4
3074	5
3075	4
3076	4
3077	4
3078	5
3080	3
3081	5
3082	2
3083	3
3084	9
3085	7
3086	7
3087	5
3088	4
3089	3
3090	3
3092	7
3093	2
3094	5
3095	4
3096	5
3097	3
3098	3
3099	2
3100	1
3101	2
3102	6
3103	6
3104	6
3105	7
3106	4
3107	2
3108	1
3109	5
3110	10
3111	4
3112	4
3113	2
3114	2
3115	5
3116	3
3117	3
3118	4
3119	3
3120	3
19504	1
3121	6
3122	1
3123	2
3124	2
3125	3
3126	3
3127	3
3128	6
3129	7
3130	3
3131	5
3132	4
3133	4
3134	3
3135	3
3136	1
3137	2
3138	4
3140	5
3141	4
3142	6
3143	4
3144	3
3145	2
3146	1
3147	5
3148	6
3149	3
3150	4
3151	6
3152	6
3153	5
3154	5
3155	4
3156	3
3157	2
3158	2
3159	2
3160	7
3161	2
3162	4
3163	7
3164	1
3165	1
3166	3
3167	6
3168	3
3169	3
3170	5
19554	1
3171	4
3172	5
3173	4
3174	6
3175	4
3176	5
3177	6
3178	7
3179	4
3180	2
3181	4
3182	4
3183	2
3184	6
3185	3
3186	1
3187	3
3188	4
3189	3
3190	4
3191	1
3192	5
3193	5
3194	4
3195	3
3196	3
3197	3
3198	2
3199	9
3200	1
3201	4
3202	3
3204	5
3205	4
3206	4
3207	1
3208	3
3209	3
3210	6
3211	2
3212	3
3213	4
3214	5
3215	1
3216	2
3217	4
3218	2
3219	2
3220	4
3221	1
3222	5
3223	5
3224	4
3225	6
3227	5
3228	5
3229	2
3230	4
3231	2
3232	1
3233	5
3234	5
3235	2
3236	4
3237	5
3238	2
3239	3
3240	1
3241	2
3242	1
3243	5
3244	3
3245	3
3246	4
3247	1
3248	1
3249	4
3250	3
3251	4
3252	4
3253	2
3254	7
3255	7
3256	4
3257	2
3258	4
3259	2
3260	3
3261	3
3262	1
3263	2
3264	4
3265	4
3266	1
19650	1
3267	6
3268	1
3269	2
3270	3
3271	1
3272	4
3273	4
3274	3
3275	1
3276	2
3277	5
3278	4
3279	3
3280	2
3282	3
3283	6
3284	2
3285	6
3286	5
19670	1
3287	1
3288	1
3289	3
19673	1
3290	3
3291	4
3292	3
3293	2
3294	3
3295	5
3296	4
3297	6
3298	4
3299	4
3300	3
3301	1
3302	2
3303	4
3304	1
3305	2
3306	3
3307	4
3308	2
3309	2
3310	4
3311	2
3312	4
3313	4
3314	7
3316	5
3317	3
19702	1
3318	5
3319	6
3320	2
3321	6
3322	1
3323	2
3324	2
3325	3
3326	1
3327	6
3328	1
3329	2
3330	4
3331	4
3332	4
3333	4
3334	2
3335	6
3336	3
3337	7
3338	4
3339	1
3340	2
19724	1
3341	1
3342	4
3343	5
3344	2
3345	4
3346	5
3347	1
3348	2
3349	1
3350	7
3351	1
3352	5
3353	2
3354	2
3355	5
3356	5
3357	5
3358	3
3359	1
3360	4
3361	3
3362	3
3363	2
3364	3
3365	3
3366	5
3367	5
3368	5
3369	3
3370	6
3371	1
3372	3
3373	4
3374	4
3375	4
3376	2
3377	4
3378	5
3379	4
3380	4
3381	6
3382	2
3383	4
3384	3
3385	4
3386	2
3387	2
3388	3
3390	3
3391	5
3392	4
3393	2
3395	4
3396	4
3397	3
3398	5
3399	2
3400	2
3401	4
3402	5
3403	3
3404	3
3405	3
3406	3
3407	2
3408	3
3409	2
3410	2
3411	5
3412	3
3413	4
3414	2
3415	4
3416	1
3417	4
3418	4
3419	2
3420	3
3421	5
3422	1
3423	4
3424	4
3425	4
3426	3
3428	3
3429	4
3430	3
3431	2
3432	3
3433	3
3434	3
3435	3
3436	4
3437	2
3438	2
3439	5
3440	6
3441	3
3442	4
3443	2
3444	8
3445	1
3446	3
3447	3
3448	2
3449	7
3450	4
3451	3
3452	1
3453	1
3454	4
3455	6
3456	7
3457	6
3458	4
3459	1
3460	1
3461	2
3462	4
3463	7
19848	1
3464	2
3465	2
3466	2
3467	3
3470	3
3471	2
3472	6
3473	2
3474	2
3475	2
3477	2
3478	3
19862	1
3479	3
3480	2
3481	3
3482	4
3483	3
3484	6
3485	1
3486	1
3487	3
3488	2
3489	4
3490	7
19874	1
3491	3
3492	6
3493	8
3494	4
3495	5
3496	2
3497	3
3499	6
3500	3
3501	4
3502	4
3503	5
3504	3
3505	3
3506	3
3507	2
3508	3
3509	2
3510	3
3511	6
3512	4
3513	4
3514	1
3515	1
3516	5
3517	4
3518	7
3519	4
3520	3
3521	1
3522	1
3523	2
3524	3
3525	4
3526	2
3527	4
3528	7
3529	7
3530	2
3531	5
3532	1
3533	3
3534	3
3535	5
3536	4
3537	9
3538	2
3539	4
3540	2
3541	1
3542	4
3543	4
3544	1
3545	6
3546	1
3547	3
3548	2
3549	1
3550	4
3552	1
3553	6
3554	7
3555	4
3556	6
3557	2
3558	1
3559	7
3560	5
3561	2
3562	5
3563	3
3564	7
3565	4
19949	1
3566	3
3567	3
3568	3
3569	3
3570	5
3571	3
19955	1
3572	6
3574	5
3575	1
3576	2
3577	3
3578	2
19963	1
3579	4
3580	4
3581	2
3582	5
3583	4
3584	1
3585	6
3586	1
3587	2
3588	2
3589	5
3590	3
3591	3
3592	6
3593	4
3594	1
3595	1
3596	3
3597	2
3598	2
3599	1
3600	6
3601	1
3602	3
3603	7
3604	3
3605	3
3606	4
3607	5
3608	4
3609	4
3611	1
3612	3
3613	5
3615	2
3616	7
3617	4
3618	1
3619	2
3620	3
3621	1
3622	6
3623	2
3624	3
3625	5
3626	2
3627	5
3628	1
3629	1
3630	3
3631	2
3632	4
3633	2
3635	7
3636	3
3638	2
3639	2
3640	3
3641	2
20026	1
3642	1
3643	3
3644	1
3645	3
3646	5
3648	3
3649	5
3650	4
3651	5
3652	5
3653	1
3654	3
3655	3
3656	5
3657	1
3658	6
3659	3
3660	2
3661	3
3662	3
3663	3
3664	4
3665	2
3666	1
3667	3
3668	4
3669	2
3670	3
3671	2
3672	2
20056	1
3673	2
3674	3
3675	5
3676	1
20060	1
3677	3
3678	2
3679	3
3680	6
3681	4
3682	2
3683	1
3684	4
3685	1
3686	3
3687	1
3688	3
3689	3
3690	2
3691	5
3692	4
3693	4
3694	1
3695	4
3696	3
3697	7
3698	1
3699	2
3700	4
3702	3
3703	2
3704	3
3705	1
3706	1
3707	6
3708	3
3709	5
3710	2
3711	2
3712	3
3713	9
3714	4
3715	3
3716	2
3717	2
3718	3
3720	4
3721	1
3722	4
3723	2
3724	3
3725	5
3726	7
3727	2
3728	4
3729	5
3730	6
3731	3
3732	2
3733	1
3734	3
3735	1
20119	1
3736	4
3737	1
3738	2
3739	1
3740	1
3741	3
3742	2
3743	1
3744	5
3745	4
3746	2
3747	4
3749	2
3750	6
3751	3
3752	3
3753	1
3754	3
3755	2
3757	1
3758	4
3759	1
3760	3
3761	5
3762	3
3763	4
3764	2
3765	5
3766	3
3767	2
3768	3
3769	5
3770	4
3771	4
3772	1
3773	2
3774	4
3775	2
3776	2
3777	6
3778	2
3779	4
3780	3
3781	1
3782	1
3783	2
3784	2
3786	4
3787	1
3788	3
3790	3
3791	1
3792	1
3793	5
3794	5
3795	2
20179	1
3796	3
3797	2
3798	2
3799	1
3800	2
3801	5
3802	2
3803	5
3804	2
3806	2
3807	2
3808	2
3809	2
3810	3
20194	1
3811	3
3812	3
3813	2
3814	3
3815	5
3816	4
3817	3
3818	5
3819	5
3820	1
3821	1
3823	3
3824	5
3825	2
3826	2
3827	1
3828	3
3829	4
3830	2
3831	2
3832	4
3833	7
3835	4
3836	1
3837	4
3838	2
3839	2
3841	4
3842	1
3843	3
3844	2
3845	4
3846	2
3847	3
3848	6
3849	6
3850	2
3851	4
3852	5
3853	5
3854	8
3855	1
3856	3
3857	6
3858	4
3859	3
3860	7
3861	5
3862	1
3863	3
3864	2
3865	2
3866	2
3867	2
3868	2
3869	2
3870	5
3871	2
3872	6
3873	1
3874	5
3875	2
3876	2
3877	2
3878	5
3879	2
3881	3
3882	4
3883	5
3884	4
3885	2
3886	4
3887	3
3888	3
3889	1
3890	1
3891	1
3892	2
3893	1
3894	3
3896	2
3897	2
3898	7
3899	1
3900	4
3901	1
3902	1
3903	9
3904	1
3905	2
3907	2
3908	3
3909	2
3911	5
3912	6
3913	1
3914	5
3915	3
3916	4
20301	1
3917	3
3918	1
3919	2
3920	4
3921	1
3922	2
3923	2
3924	3
3925	1
3926	1
3927	2
3928	1
3929	1
3930	2
3931	3
3932	5
3933	1
3934	6
3935	2
3936	2
3937	3
3938	1
3939	1
3940	3
3941	3
3942	2
3943	2
3944	3
3945	1
3946	4
3947	3
3949	1
3950	5
3951	1
3952	4
3953	5
3954	2
3955	4
3956	3
3957	2
3958	3
3959	10
3960	4
3961	4
3962	3
3963	2
3964	3
3965	2
3966	3
3967	6
3968	2
3969	4
3970	2
3971	1
3972	5
3973	2
3974	1
3975	2
3976	4
3977	2
3978	4
3979	3
3980	2
3981	1
3982	1
3983	4
3984	5
3985	3
3987	3
3990	5
3991	1
3992	1
3993	1
3994	2
3995	3
3996	1
3997	3
3998	2
3999	1
4000	1
4001	3
4002	5
4003	4
4004	4
4005	1
4006	1
4007	2
4008	2
4009	2
4010	3
4011	2
4012	7
4013	3
4014	2
4015	4
4016	5
4017	5
4019	1
4021	5
4022	4
4023	2
4024	2
4025	3
4026	2
4027	3
4028	4
4029	1
4030	4
4031	2
4032	4
4033	1
4034	3
4035	1
4036	2
4037	2
4038	3
4039	2
20423	1
4040	5
4041	2
4042	2
4043	2
4044	4
4045	2
4046	1
4047	1
4048	1
20433	1
4049	2
4050	4
4051	3
4052	3
4053	1
4054	2
4055	3
20440	1
4057	2
4058	4
4059	4
4060	2
4061	4
4062	2
4063	1
4064	2
4065	2
4066	4
4067	4
4068	2
4069	5
4070	3
4071	3
4072	4
4073	2
4074	1
4075	1
4076	2
4077	1
4078	2
4079	2
4080	5
4081	1
4082	3
4083	4
4084	1
4085	1
4086	4
4087	5
4088	4
4089	4
4090	2
4091	5
4094	4
4095	2
4096	2
4097	2
4098	5
4099	2
4100	3
4101	5
4102	6
4104	3
4105	3
4106	1
4107	1
4110	4
4111	1
4112	1
4113	2
4114	6
4115	5
4116	1
4117	4
4118	2
4119	6
4120	3
20504	1
4121	2
4122	4
4123	4
4124	4
4127	1
4128	5
4129	1
4130	2
4131	1
4132	1
4133	2
4134	2
4136	7
4137	2
4138	5
4139	4
4140	1
4142	4
4143	1
4144	1
4145	1
4146	1
20530	1
4147	5
4148	4
4149	4
4150	4
4151	5
4153	3
4154	3
4155	2
4156	4
4157	3
4158	1
4159	3
4160	3
4161	1
20545	1
4162	2
4163	2
4164	1
4165	1
4166	2
4167	4
4168	2
4169	1
4170	3
4171	3
4172	3
4173	5
4175	4
4176	1
4177	4
4178	5
4180	3
4181	4
4182	1
4183	3
4184	1
4185	1
4187	2
4188	2
4191	1
4192	1
4193	2
4194	2
4195	6
20579	1
20580	1
4196	2
4197	2
4198	1
4199	2
4200	3
4201	2
4203	2
4204	4
4205	1
4206	3
4207	1
4208	4
4209	3
4210	2
4211	2
4212	3
4214	2
4215	2
4216	3
4217	1
4218	4
4219	1
4220	6
4223	2
4224	2
4225	3
4226	4
4227	3
4228	1
4229	6
4231	1
4232	1
4233	3
4234	4
4235	4
4236	3
4237	3
4238	3
4239	2
4240	1
4241	4
4242	1
4243	2
4244	3
4245	4
4246	2
4247	2
4249	5
4250	2
4251	2
4252	2
4253	2
4254	2
4255	3
4257	3
4258	1
4259	1
4260	1
4261	3
4262	5
4263	2
4264	1
4265	2
4266	3
4267	2
4268	5
4269	1
4270	2
4271	4
4272	3
4273	3
4274	1
4275	4
4276	3
4277	1
4278	4
4279	4
4280	2
4281	1
4282	2
4283	6
4284	5
4285	1
4286	3
4287	3
4288	3
4289	1
4290	1
4291	1
4292	2
4293	2
4294	2
4295	4
4296	3
4297	1
4299	2
4301	1
4302	4
4303	4
4304	3
4305	6
4306	1
4307	3
4309	1
4310	3
4311	1
20695	1
4312	3
4313	3
4314	3
4315	1
4316	2
4317	2
4318	2
4319	2
4320	1
4321	1
4323	1
4324	1
4325	4
4326	3
4327	1
4328	3
4330	3
4331	1
4332	1
4333	3
4334	1
4335	2
4336	4
4337	3
4338	3
4339	2
4340	1
4342	1
4343	5
4344	2
4345	1
4347	3
4348	5
4349	2
4350	1
4351	2
4352	3
4353	1
4354	3
4355	4
4356	4
4357	3
4358	1
4359	2
4360	3
4362	1
4363	3
4364	3
4365	4
4366	2
4368	3
4369	2
4370	4
4371	2
4372	2
4373	2
4374	2
4376	3
4377	1
4378	2
4379	4
4380	6
4381	2
4382	2
4383	4
4384	3
4385	1
4386	3
20770	1
4387	1
4388	2
4389	4
4390	2
4391	1
4392	3
4393	1
4394	1
4395	2
4396	1
4398	1
4399	3
4400	2
4402	1
4403	1
4404	4
4405	1
4407	1
4408	1
4410	3
4412	2
4413	2
4414	1
4415	1
4416	4
4417	2
4418	3
4419	2
4421	2
4424	4
4425	2
4426	3
4427	2
4428	3
4429	3
4430	1
4431	4
4432	2
4433	1
4434	3
4435	1
4436	2
4438	3
4439	2
4440	3
4441	3
4442	5
4443	3
4444	3
4445	2
4446	3
4447	3
4448	1
4449	1
4450	3
4451	2
4452	1
4453	3
4455	1
4456	2
4457	3
4458	2
4459	2
4460	3
4461	1
4462	2
4463	2
4464	2
4465	2
4466	2
4468	1
4469	4
4471	1
4472	1
4473	3
4474	3
4475	2
4476	2
4477	2
4478	4
4479	3
4480	3
4481	2
4482	2
4483	1
4485	1
4486	2
4487	3
4488	3
4489	4
4490	2
4491	1
4492	3
4493	2
4494	1
4495	1
4496	2
4497	1
4498	4
4500	2
4501	6
4502	2
4503	2
4504	2
4505	1
4507	1
4508	3
4511	2
4512	2
4513	3
4514	2
4515	1
4516	2
4517	3
4518	2
4519	3
4521	1
4523	1
4524	3
4525	5
4526	1
4527	2
4528	3
4529	3
4531	3
4532	1
4533	5
4534	1
4536	2
4537	3
4538	2
4539	3
4540	2
4541	3
4542	4
4543	1
4544	2
4547	3
4548	4
4549	5
4550	3
4551	1
4553	2
4554	3
4555	3
4556	1
4557	3
4558	2
4560	4
4561	2
4562	2
4564	2
4565	2
4566	4
4567	2
4568	1
4569	1
4570	3
4571	2
4572	1
4573	1
4574	3
4576	1
4577	1
4578	4
4579	3
4580	4
4581	5
4582	5
4583	1
4584	1
4585	1
4586	1
4588	1
4589	3
4590	1
4591	2
4592	1
4593	2
4597	2
20982	1
4598	1
4599	1
4601	1
4602	5
4603	1
4604	1
4606	2
4607	3
4608	1
4609	5
4610	1
4611	1
4613	2
4614	1
4615	3
4616	5
4617	3
4618	1
4619	1
4620	2
4621	1
4622	3
4623	1
4624	1
4625	2
4626	2
4627	1
4628	1
4629	1
4631	1
4632	1
4633	1
4634	4
4635	3
4636	1
4637	3
4638	3
4639	2
21023	1
4640	5
4641	1
4642	3
4643	1
4644	3
4647	3
4649	1
4650	4
4651	4
4653	2
4654	3
4655	1
4656	4
4657	3
4659	2
4661	1
4662	5
4663	1
4664	3
4665	2
4666	2
4667	3
4668	1
4669	1
4670	3
4671	3
4672	1
4674	4
4675	2
4676	1
4677	3
4678	1
4679	4
4680	5
4681	1
4682	1
4683	2
4684	2
4685	1
4687	1
4688	3
4689	3
4690	1
4691	2
4692	2
4694	2
4695	1
4696	2
4697	1
4698	3
4699	1
4700	2
4701	3
4702	1
4703	3
4704	2
4705	1
4706	1
4707	2
4708	3
4709	4
4710	2
4711	1
4713	1
4714	1
4715	3
4716	2
4717	1
4718	2
4719	2
4720	3
21105	1
4722	1
4723	1
4724	2
4725	4
4726	1
4727	3
4728	1
4729	1
4730	1
4731	4
4732	2
4733	1
4734	2
4735	3
4737	1
4738	2
4739	2
4740	1
4742	2
4743	3
4744	2
4745	2
4746	1
4748	3
4749	1
4750	1
4751	1
4752	2
4753	1
4754	2
4755	2
4756	4
4757	2
4758	3
4759	2
4760	2
4761	1
4762	1
4764	1
4765	2
4766	2
4767	3
4768	1
4770	1
4772	1
4773	2
4775	2
4776	3
4777	3
4778	1
4779	2
4780	1
4783	1
4784	1
4785	1
4786	3
4788	2
4789	2
4791	1
4792	2
4793	2
4794	1
4795	2
4796	2
4797	1
4798	2
4799	1
4800	3
4801	3
4803	3
4804	3
4805	3
4806	4
4807	3
4808	1
4809	2
21193	1
4810	2
4811	1
4812	2
4813	5
4814	1
4815	3
4816	3
21201	1
4818	2
4820	2
4821	1
4822	2
4823	1
4824	2
4826	3
4827	2
4828	2
4829	2
4830	3
4831	2
4832	2
4833	1
4834	1
4835	1
4836	2
4837	1
4838	4
4839	2
4840	3
4842	1
4843	1
4844	4
4847	1
4848	2
4849	1
4850	2
4851	2
4853	2
4854	1
21239	1
4855	2
4856	3
4857	3
4858	1
4860	2
4861	2
4862	2
4863	1
4864	2
4865	3
4866	2
4867	2
4868	2
4869	3
4871	2
4872	1
4873	1
4874	2
4875	1
4876	2
4877	3
4879	1
4881	1
4882	4
4883	2
4884	1
21268	1
4885	2
4886	1
21270	1
4887	2
4888	2
4889	4
4890	1
4893	1
4894	2
4896	3
4898	3
4899	1
4900	1
4901	1
4903	1
4904	1
4905	2
4906	1
4907	1
4908	5
4909	2
4910	1
4911	3
4912	2
4913	1
4914	5
4916	2
4917	2
4918	1
4919	1
4920	3
4921	4
4922	1
4923	1
4924	4
4925	2
4926	1
4927	4
4928	3
4929	1
4930	1
4931	2
4933	2
4934	1
4936	1
4939	3
4940	1
4941	2
4942	2
4943	1
4944	1
4945	3
4946	3
4947	1
4948	4
4950	3
4951	1
4952	4
4953	1
4954	3
4955	3
4956	2
4957	2
4958	3
4959	3
4962	2
4963	1
4964	1
4965	3
4966	1
4967	2
4968	1
4969	4
4970	2
4972	2
4973	2
4974	3
4975	2
4976	2
4978	1
4980	2
4981	3
4982	2
4983	1
4984	1
4985	1
4986	6
4987	1
4988	2
4989	1
4990	2
4991	1
4992	3
4993	1
4994	1
4995	1
4996	1
4997	1
4998	1
4999	2
5002	2
5003	1
5004	1
5005	1
5006	1
5007	5
5008	6
5009	1
5010	4
5011	1
5012	1
5013	4
5014	1
5015	2
5016	3
5017	1
5018	2
5019	4
5021	2
5023	1
5024	2
5026	1
5029	2
5030	2
5031	1
5032	2
5033	1
5034	3
5036	1
5037	1
5038	1
5039	3
5040	2
5041	1
5042	1
5043	1
5045	4
5046	3
5047	1
5048	1
5049	2
5051	1
5052	1
5053	4
5054	1
5055	2
5056	1
5057	2
5058	1
5059	2
21444	1
5060	2
5062	2
5064	2
5065	1
5067	4
21452	1
5070	1
5071	3
5072	3
5073	1
5075	1
5076	3
5077	1
5078	1
5079	1
5080	1
5081	1
5082	2
5083	1
5084	1
5085	2
5086	2
5088	4
5090	1
5091	2
5092	1
5093	1
5094	1
5095	1
5096	2
5097	2
5098	1
5100	1
5101	2
5102	1
5105	4
5106	1
5107	2
5108	6
21492	1
5109	1
5110	1
5111	1
5114	1
5115	2
5117	2
5118	2
5119	2
5120	2
5121	2
5122	3
5123	4
5124	2
5125	2
5126	2
5127	1
5128	4
5129	2
5130	3
5131	1
5132	1
5133	1
5134	2
5135	1
5136	1
5138	2
5139	2
5140	1
5141	2
5142	1
5143	2
5144	1
5146	1
5150	1
5151	1
5152	3
5153	1
5154	1
5155	2
5156	1
5158	3
5160	1
5164	3
5165	2
5166	1
5168	1
5170	1
5171	1
5172	1
5173	1
5175	2
5176	1
5177	1
5178	1
5179	2
5182	1
5184	3
5185	2
5186	2
5187	1
5188	2
5189	4
5190	1
5194	1
5195	1
5197	2
5198	2
5199	1
5200	1
5203	2
5204	1
5205	1
5206	2
5207	4
5209	3
5210	3
5211	2
5213	1
5215	1
5217	1
5220	1
5221	3
5222	1
5223	1
5225	1
5227	1
5228	2
5229	2
5230	3
5231	2
5232	1
5233	2
5234	2
5235	1
5236	5
5238	2
5239	2
5240	2
5242	3
5244	6
5246	1
5252	2
5253	2
5254	1
5255	2
5256	3
5257	2
5258	1
5261	1
5262	1
5264	3
5265	2
5267	2
5268	2
5269	2
5270	3
5271	2
5273	2
5275	1
5276	1
5277	3
21662	1
5278	3
5280	1
21664	1
5282	1
5284	1
5285	1
5286	1
21672	1
5289	3
5293	1
5294	2
5295	2
5296	3
5297	3
5298	2
5299	2
5302	1
5303	1
5304	2
5305	1
5308	1
5309	2
5312	2
5313	1
5314	1
5315	3
5318	4
5319	1
5321	2
5322	2
5323	2
5324	1
5325	1
5327	2
5329	2
5330	1
5331	3
5332	1
5333	2
5334	3
5335	2
5337	3
5340	2
5341	1
5343	2
5344	3
5345	1
5346	2
5347	1
5349	1
5350	1
5351	1
5354	1
5355	3
5357	1
5358	1
5362	1
5363	1
5364	1
5365	1
21750	1
5366	1
5368	2
5370	1
5374	3
5375	1
5376	1
5377	1
5379	3
5381	1
5383	2
5384	1
5386	3
5387	2
5388	1
5389	1
5390	1
5392	1
5393	3
5394	2
5395	4
21779	1
5397	1
5400	1
5401	1
5402	1
5404	1
5408	1
5410	1
5412	1
5414	1
5415	1
5417	1
5418	3
5421	2
5423	1
5424	3
5425	3
5426	1
5427	1
5429	1
5430	3
5431	1
5433	1
5434	2
5435	1
5436	1
5437	3
5438	1
5440	2
5443	1
5444	1
5446	2
5447	2
5449	3
5450	1
5453	3
5455	1
5456	4
5458	1
5461	1
5462	4
5463	1
5466	3
5467	1
5470	4
5471	2
5472	1
5474	1
5476	1
5477	1
5479	2
5483	1
5484	1
5485	3
5486	1
5488	1
5489	2
5490	1
5492	1
5494	1
5495	2
5496	2
5497	1
21881	1
5498	1
21882	1
5499	1
5501	4
5503	1
5504	2
5505	1
5506	2
5509	2
5511	1
5512	1
5513	1
5514	1
5515	1
5516	2
5518	1
5519	3
5520	1
5525	1
5526	1
5527	1
5530	1
5531	1
5534	1
5535	2
5536	3
5538	1
5539	1
5541	1
5542	3
5543	1
5544	1
5547	1
5548	2
5549	1
5550	1
5551	2
5553	1
5554	1
5555	3
5557	1
5558	2
5559	1
5560	2
5563	1
5564	2
5565	1
5566	2
5568	1
5569	2
5570	1
5572	1
5573	1
5575	1
5576	2
5577	1
5578	2
5582	1
5583	1
5584	2
5585	3
5586	1
5587	1
5588	1
5589	3
5591	1
5592	1
5593	1
5594	1
5596	1
5601	1
5604	2
5606	1
5608	2
5610	1
5611	1
5612	1
5615	3
5616	2
5619	2
5620	2
5621	1
22005	1
5623	1
5624	1
5626	2
5627	1
5628	1
5630	1
5632	1
5633	1
5634	1
5636	2
5637	1
5641	1
5644	1
5645	1
5648	2
5649	1
5650	1
5652	3
5653	1
5654	1
5655	2
5658	2
5659	1
5661	2
5662	1
5664	2
22053	1
5669	2
5670	1
5672	1
5675	2
5676	1
5677	1
5678	3
5681	1
5682	1
5683	1
5684	2
5685	1
5686	2
5687	1
5688	1
5689	1
5691	1
5694	1
5695	1
5697	1
5699	2
5700	1
5701	1
5704	3
5705	1
5706	2
5707	1
5711	4
5714	1
5715	1
5725	1
5727	1
5730	1
5731	1
5732	1
5733	2
5735	1
5742	2
5744	2
5745	2
5746	2
5749	1
5750	1
5753	1
5754	1
5758	1
5759	1
5760	1
5761	1
5762	1
5763	1
5764	1
5765	1
5767	2
5768	1
5770	1
5771	2
5772	4
5773	1
5774	3
5779	2
5781	1
5782	2
5783	2
5787	1
5788	2
5789	1
5791	1
5792	1
5793	2
5794	1
5798	2
5799	1
5800	1
5802	1
5803	1
5806	1
5808	1
5809	3
5811	1
5812	1
5813	2
5815	1
5818	3
5820	1
5821	1
5823	1
5824	1
5825	2
5827	2
5828	1
5829	1
5830	1
5831	2
5832	2
5833	2
5834	1
5836	1
5837	1
5845	1
5846	1
5848	1
5852	1
5853	1
5854	1
5857	1
5858	3
5859	1
5862	1
5863	1
5864	1
5865	1
5867	1
5869	1
5870	3
5871	1
5872	3
5873	1
5875	2
5877	1
5878	2
5879	2
5881	2
5882	1
5893	1
5894	2
5895	1
5896	2
5897	1
5898	1
5902	1
5903	2
5906	2
5907	1
5910	1
5911	1
5913	1
5916	1
5918	1
5919	2
5922	1
5923	1
5925	3
5927	1
5928	1
5931	1
5935	2
5940	1
5941	1
5942	2
5945	1
5948	1
22333	1
5949	1
5950	1
5951	1
5955	1
5956	1
5957	1
5961	3
5963	1
5969	1
5970	1
5972	1
5976	1
5978	2
5980	1
5981	3
5983	2
5985	1
5986	2
5988	3
5993	1
5994	3
5995	1
5996	1
5998	3
5999	1
6000	1
6001	2
6002	1
6003	1
6007	2
6008	1
6009	1
6011	1
6012	2
6014	1
6018	1
6021	1
6022	1
6024	4
6025	1
6026	2
6027	1
6028	2
6030	1
6031	1
6034	1
22419	1
6038	1
6039	1
6040	1
6041	1
6046	1
6047	2
6050	1
6053	2
6054	1
6055	2
6057	1
6059	1
6060	1
22446	1
6062	1
6063	1
6066	2
6067	1
6068	1
6069	1
6070	1
6071	2
6072	2
6074	1
6078	3
6079	1
6080	3
6081	2
6082	1
6083	1
6084	1
6086	1
6088	2
6089	1
6090	2
6094	1
6096	1
6101	4
6103	1
6105	1
6106	1
6107	1
6108	1
6109	1
6110	1
6111	2
6112	2
6115	1
6116	1
6118	1
6120	1
6123	1
6124	1
6126	1
6129	1
22514	1
6132	1
22517	1
6134	1
6137	1
6138	1
6140	1
6141	1
6143	2
6148	1
6149	1
6151	1
6152	1
6156	1
22542	1
6158	1
6160	1
6163	1
6165	3
6167	2
6168	1
6169	2
6171	2
6173	2
6175	2
6177	1
6182	1
6186	1
6191	1
6193	1
6194	2
6195	1
6197	1
6199	1
22584	1
6208	1
6209	2
6212	2
6215	3
6216	1
6217	1
6218	1
6219	2
6220	1
6222	1
6224	1
6226	1
6227	1
6232	1
6234	1
6235	1
6236	2
6238	1
6239	2
6241	1
6242	2
6244	1
22628	1
6248	1
6251	1
6252	2
6253	1
6254	2
6257	1
6258	1
6262	1
6263	2
6265	1
6266	1
6269	1
6270	1
6271	1
6273	1
6274	1
6276	2
6279	1
6281	1
6282	1
6286	1
6287	2
6292	1
6295	2
6296	1
6305	2
6309	1
6310	2
6311	1
6312	1
6315	1
6318	1
22702	1
6323	1
6325	1
6329	1
6330	1
6332	1
6334	1
6336	2
6337	1
6340	1
6341	1
6342	1
6345	1
6346	2
6347	2
6351	3
6355	3
6357	1
6358	1
6360	2
6363	1
6365	1
6366	1
6369	1
6373	1
6374	1
6382	1
6384	1
6386	1
6388	1
6390	2
6391	2
6395	2
6396	1
6398	1
6400	1
6402	1
6403	1
6405	2
6406	1
6408	1
6411	1
6413	1
6416	2
6417	1
6418	1
6419	1
6420	1
6422	2
6425	1
6428	3
6429	1
6430	1
6431	1
6434	1
6435	2
6437	1
6439	2
6440	1
6441	2
6442	1
6446	2
22831	1
6448	1
6449	3
6453	1
6454	1
6455	1
6464	1
6465	1
6467	2
6469	2
6470	2
6472	1
6473	1
6477	2
6483	1
6489	1
6496	1
6497	1
6498	1
6503	1
6504	2
6505	1
6506	2
6507	1
6508	2
6509	1
6510	1
6511	1
6512	4
6513	3
6514	1
6515	1
6520	1
6522	1
6523	2
6524	2
6527	1
6528	1
6530	3
6531	1
6532	1
6533	1
6534	1
6538	1
6539	1
6541	1
6543	1
6547	3
22931	1
6548	2
6551	1
6552	2
6556	1
6559	2
6561	1
6562	1
6563	1
6570	2
6571	1
6574	1
6576	1
6578	1
6579	2
6580	1
6584	1
6585	2
6586	1
6592	1
6593	1
6597	2
6599	2
6603	1
6604	1
6605	1
6607	1
6608	1
6609	1
6610	1
6611	2
6612	1
6615	1
6616	2
6618	1
6619	1
6624	1
6628	1
6629	1
6630	1
6631	2
6632	1
6633	1
6634	1
6635	2
6636	1
6639	1
6641	2
6643	2
6645	1
6646	1
6653	2
6657	1
6659	1
6660	1
6663	1
6665	1
6667	1
6668	1
6675	1
6678	1
6680	3
6681	1
6682	1
6685	1
6686	2
6687	1
6688	1
6689	1
6692	1
23078	1
6695	2
6696	1
6702	1
6708	2
6709	1
6710	1
6711	1
6713	3
6714	1
6716	3
6717	1
6718	2
6720	1
6723	2
6724	2
6725	2
6727	1
6728	3
6732	2
6736	1
6740	1
6741	1
6742	1
6744	3
6753	2
6754	1
6757	1
6759	1
6760	1
6764	1
6776	3
6778	2
6780	1
6782	1
6783	1
6784	1
6785	2
6788	1
6789	1
6790	1
6791	1
6792	1
6795	2
6797	1
6802	1
6803	1
6806	1
6808	1
6810	1
6818	1
6831	1
6832	1
6835	3
6838	1
6845	2
6851	1
6854	1
6857	1
23243	1
6859	1
6860	2
6875	2
6879	2
6883	1
6885	1
6886	1
6887	1
6893	1
23279	1
6895	1
6897	1
6900	1
6901	1
6902	2
6903	2
6907	1
6908	1
6916	1
6920	1
6925	1
6931	1
6933	1
6935	1
23319	1
6936	2
6937	1
6938	1
6945	1
6948	1
6953	1
6957	2
6958	1
6959	2
6960	1
6961	1
6963	1
6971	1
6973	2
6975	2
6978	1
6979	1
6985	1
6986	1
6989	1
6990	2
6993	1
6995	2
6996	1
7000	1
7002	1
7003	1
7004	1
7010	1
23397	1
7015	1
7032	1
7034	1
7036	1
7040	1
7042	2
7043	2
7046	1
7049	3
7050	2
7054	1
7058	1
7059	1
7064	1
7066	1
7067	1
7068	1
7069	1
7070	1
7081	1
7082	2
23467	1
7084	1
7085	1
7086	1
7087	2
7093	2
7096	1
7099	2
7104	1
7107	1
7108	1
7109	2
7110	1
23494	1
7112	1
7115	1
7117	1
7118	1
7121	3
7122	1
23510	1
7134	1
7135	1
7138	1
7139	1
7140	1
7145	1
7147	1
7149	1
7150	1
7154	1
7156	1
7161	2
7169	2
7171	1
7172	2
7173	1
7175	2
7179	1
7181	1
7186	1
7189	3
7191	2
7193	1
7194	1
7198	1
7199	1
7204	1
7209	1
7214	1
7216	1
7218	1
7219	1
7220	1
7222	1
7223	1
7226	1
7230	1
7232	1
7233	1
7236	1
7240	1
7241	2
7242	1
7249	1
7254	1
7255	2
7256	1
7257	1
7258	1
7259	1
7263	2
7270	2
7272	4
7276	1
7278	1
7279	1
7282	2
7283	1
7285	2
7286	1
7290	1
7292	1
7294	1
7295	1
7297	2
7303	1
7306	1
7308	1
7309	1
7311	3
7313	1
7314	1
7316	1
7318	1
7319	1
7320	1
7324	1
7325	1
7328	1
7331	2
7333	1
7334	1
7335	3
7336	1
23721	1
7342	1
7343	1
7347	2
7348	3
7352	1
7359	1
7360	1
7363	1
7365	1
7368	1
7370	1
7371	1
7373	2
7374	1
7378	2
7380	1
7381	1
7383	2
7385	1
7386	1
7398	1
23787	1
7406	2
7407	1
7413	2
7417	1
7421	1
7425	1
7429	1
7431	1
7436	1
7438	3
7440	1
23833	1
7451	1
7452	1
7456	1
7459	1
7462	1
7464	1
7469	1
7470	2
7477	1
7478	1
7479	1
7480	1
7482	1
7487	1
7488	1
7491	2
7496	1
7503	1
7514	1
7520	1
7521	1
7522	1
7525	1
7526	1
7527	1
7528	1
7529	1
7537	1
7539	1
7543	1
7544	2
7549	2
7551	1
7557	1
7559	2
7561	1
7563	1
7564	1
7566	1
7570	1
7574	1
7575	2
7580	1
7581	3
7584	1
7585	1
7590	1
7591	1
7592	1
7596	1
7597	4
7600	2
7612	1
7621	1
7623	1
7628	1
7633	1
7636	1
7638	2
7639	2
7642	2
7643	2
7644	1
7645	1
7646	1
7647	1
7650	1
7654	1
7655	1
7657	1
7658	1
7661	1
7663	1
7664	2
7667	2
7668	1
7669	1
7676	1
7677	1
7680	1
7681	1
7682	1
7685	1
7686	1
7688	1
7691	1
7702	1
7704	3
7709	1
7711	2
7712	1
7714	1
7720	1
7721	1
7726	1
7727	1
7729	1
7731	1
7736	1
7741	1
7742	1
7745	1
7746	1
7751	2
7753	1
7754	1
7755	1
7759	1
7760	1
7761	1
7762	1
7764	1
7768	1
7775	1
7780	1
7782	1
7784	1
7785	1
7786	2
7787	1
7788	1
7789	2
7790	2
7791	1
7793	1
7795	1
7802	1
7803	1
7808	1
7813	1
7815	1
7817	2
7821	1
7822	1
7825	1
7827	1
7839	1
7840	1
7845	2
7848	1
7854	2
7855	1
7856	1
24241	1
7858	1
7861	1
7862	2
7864	2
7867	1
7868	1
24253	1
7879	1
7881	1
7883	1
7884	2
7885	2
7888	1
7891	1
7893	1
7896	2
7898	1
7904	1
7906	1
7911	1
7912	1
7913	1
7919	1
7925	1
7926	1
7929	1
7930	1
7934	1
7938	2
7942	2
7943	1
7944	1
7945	2
7951	1
7955	1
7957	1
7962	1
7968	1
7970	1
7973	1
7976	1
7980	1
7982	1
7984	1
7985	1
7986	1
7987	2
7988	1
7992	1
7994	1
7995	1
7996	1
7999	1
8008	1
8012	1
8013	1
8016	1
8019	1
8020	1
8027	1
8029	1
8031	1
8035	1
8037	1
8040	2
8047	1
8049	1
8051	1
8057	1
8058	1
8062	1
8067	1
8069	1
8071	1
8076	2
8079	1
8082	2
8085	1
8087	1
8088	1
8089	2
8090	2
8094	1
8095	1
8098	2
8100	1
24487	1
8103	1
8108	1
8110	1
8111	1
8117	2
8118	1
8119	1
8130	1
8134	1
8148	1
8149	1
8161	1
8162	1
8177	2
8181	1
8182	1
8185	1
8197	1
8198	1
8200	1
8204	1
24589	1
8207	1
8208	1
8209	1
8210	1
8212	1
8216	1
8218	2
8220	1
8221	1
8232	1
8233	1
8236	1
8238	1
8241	1
8243	1
8245	1
8246	2
8257	1
8263	1
8264	1
8268	1
8270	2
8273	1
8280	2
8281	3
8283	1
8288	1
8291	1
8292	1
8293	1
8297	1
8298	1
8299	1
8301	1
8302	2
8303	1
8305	1
8311	1
8316	1
8321	2
8322	1
8332	1
8335	1
8336	1
8339	1
8342	1
8343	1
8344	2
8346	1
8348	1
8350	1
8352	1
8362	1
8373	1
8375	1
8376	1
8382	1
8386	1
8387	1
8389	1
8390	1
8401	1
8404	1
8411	1
8412	1
8414	1
8420	1
8423	2
8430	1
8433	1
8434	2
8436	1
8440	3
8441	1
8448	2
8450	1
8452	1
8454	1
8457	1
8460	1
8462	1
8468	2
8469	1
8470	1
8471	2
8472	1
8476	1
8497	1
8505	1
8506	2
8507	1
8519	1
8520	1
8521	1
8522	1
8533	1
8536	1
8541	1
8545	1
8550	1
8551	1
8552	1
8555	2
8558	1
8563	1
8568	1
8570	1
8572	1
8574	1
8575	1
8576	1
24975	1
8592	2
8598	1
24982	1
8601	1
8606	1
8609	1
8613	1
8621	1
8628	1
8629	1
8631	1
8633	1
8637	2
8640	1
8641	1
8645	2
8650	1
8654	1
8655	1
8659	1
8660	1
8661	1
8663	1
8666	2
8668	1
8669	2
8674	1
8682	1
8684	2
8686	1
8689	1
8698	1
8703	1
8705	2
8706	1
8707	1
8714	2
8715	1
8726	1
8727	1
8733	2
8739	1
8740	1
8743	2
8747	1
8752	1
8753	1
8756	1
8757	1
8760	2
8761	1
8765	1
8768	1
8775	1
8780	1
8781	1
8782	1
8785	1
8795	1
8805	2
8809	1
8816	1
8823	1
8829	1
8840	1
8849	2
8853	1
8854	1
8856	1
8864	1
8866	1
8867	1
8872	1
8878	1
8880	1
8882	1
8883	1
8884	3
8886	1
8889	1
8894	1
8895	1
8896	1
8899	1
8902	1
8903	1
8905	1
8906	2
8909	1
8918	2
8920	1
8923	1
8924	1
8926	1
8928	1
8929	1
8930	1
8931	1
8940	1
8942	1
8951	1
8953	1
8957	1
8960	1
8961	1
8965	1
8969	2
8973	1
8974	1
8978	2
8981	1
8982	2
8985	1
8989	2
8990	1
8992	1
8997	1
8999	1
9000	1
9010	1
9012	1
9018	2
9021	1
9024	1
9025	1
9026	1
9027	2
9033	1
9036	1
9044	1
9060	1
9064	1
9065	2
9066	1
9067	1
9069	2
9079	1
9082	1
9083	1
9086	2
9087	1
9094	3
9095	1
9096	1
9097	1
9098	1
9099	1
9101	1
9108	1
9110	1
9111	1
9115	1
9119	1
9121	2
9127	1
9131	1
9138	1
9142	1
9146	1
9150	1
9152	1
9153	1
9154	1
9159	1
9164	1
9165	1
9168	1
9170	1
9177	1
9188	1
9192	2
9193	1
9197	1
9198	1
9203	1
9216	2
9218	1
9221	1
9224	1
9226	1
9229	1
9233	2
9234	1
9253	1
9262	1
9264	1
9267	1
9275	1
9280	1
9283	1
9284	1
9287	1
9299	1
9300	2
9302	1
9303	2
9310	2
9314	1
9322	1
9325	1
9328	1
25717	1
9333	1
9336	1
9342	1
9344	1
9346	1
9347	1
9348	1
9349	1
9350	2
9358	1
9372	2
9375	1
9380	1
9396	1
9409	1
9419	1
9420	1
9422	1
9427	1
9428	1
9430	1
9431	1
9434	2
9444	1
9446	1
9448	1
9449	1
9452	1
9462	2
9471	1
9473	1
9474	1
9476	1
9479	1
9481	1
9482	1
9487	1
9489	1
9490	1
9494	1
9499	1
9503	1
9516	2
9521	2
9524	1
9525	1
9526	1
9542	1
9549	1
9553	1
9554	1
9560	1
9566	2
9570	1
9571	1
9579	1
9580	1
9583	1
9584	2
9586	1
9592	2
9593	1
9594	1
9597	1
9616	1
9620	1
9625	1
9627	1
9631	1
9642	1
9645	1
9652	1
9654	1
9655	1
9667	1
9668	1
9678	1
9682	2
9684	1
9687	1
9688	1
9689	2
9692	1
9694	1
9702	1
9703	1
9706	1
9708	1
9711	1
9713	1
9721	1
9727	1
9734	2
9736	1
9739	1
9742	1
9747	1
9748	1
9759	1
9766	1
9770	2
9771	2
9777	1
9783	1
9784	4
9786	1
9789	1
9793	1
9794	1
9797	1
9799	1
9807	2
9810	1
9811	1
9819	1
9826	1
9831	1
9832	1
9835	1
9838	1
9845	1
9847	1
9848	1
9850	1
9858	2
9859	1
9863	1
9867	1
9872	1
9877	1
9886	1
9888	1
9896	1
9899	1
9900	1
9901	1
9903	1
9904	1
9917	2
9920	1
9923	1
9926	1
9930	1
9935	1
9942	1
9949	1
9966	1
9968	1
9971	1
9972	1
9975	1
9976	1
9978	1
9981	1
9983	3
9988	1
9989	1
9995	1
10005	1
10006	1
10008	1
10009	1
10016	1
10019	1
10022	1
10025	1
10026	1
10032	1
10037	1
10043	1
10044	1
10051	1
10054	1
10056	1
10058	1
10059	1
10062	1
10063	1
10064	2
10071	1
10073	1
10075	1
10076	2
10085	1
10086	1
10088	1
10090	1
10103	1
10107	1
10108	1
10116	1
10118	1
10127	1
10130	1
10133	1
10135	1
10149	1
10150	1
10153	1
10174	1
10177	1
10178	1
10179	1
10183	1
10186	1
10192	1
10193	1
10195	1
10199	1
10203	1
10218	1
10221	1
10240	1
10243	1
10244	1
10254	1
10257	1
10263	1
10265	1
10269	1
10279	1
10281	2
10293	1
10295	1
10298	1
10299	2
10300	2
10301	1
10308	1
10321	1
10329	1
10334	1
10336	1
10338	1
10339	1
10340	1
10341	1
10349	1
10357	1
10366	1
10368	2
10373	1
10379	1
10383	1
10392	1
10395	1
10398	2
10404	1
10406	1
10408	1
10412	1
10415	1
10424	1
10432	1
10433	1
10434	1
10435	1
10445	1
10448	1
10449	1
10468	2
10469	1
10471	2
10472	1
10484	1
10487	1
10488	2
10491	2
10500	1
10503	1
10504	1
10515	1
10517	1
10518	1
10524	1
10527	1
10532	1
10536	3
10537	2
10541	1
10545	1
10557	1
10560	1
10564	1
10567	1
10570	2
10571	1
10572	1
10574	3
10577	2
10578	1
10580	2
10582	1
10584	1
10593	3
10598	1
10602	1
10603	1
10605	1
10609	1
10610	2
10618	1
10623	1
10625	1
10627	1
10629	1
10631	1
10639	1
10647	1
10650	1
10651	2
10656	1
10663	1
10666	2
10695	1
10707	1
10713	1
10718	1
10719	1
10730	1
10733	1
10745	1
10747	2
10752	2
10755	1
10767	1
10768	1
10771	1
10778	1
10783	1
10786	3
10791	2
10792	1
10799	1
10807	1
10809	1
10813	1
10814	1
10824	1
10827	2
10829	1
10834	1
10847	1
10852	1
10863	2
10868	1
10874	1
10890	1
10891	1
10895	1
10904	1
10907	1
10910	2
10911	1
10918	1
10919	1
10920	1
10921	1
10923	1
10928	2
10937	1
10960	1
10961	1
10964	2
10975	1
10983	1
10992	1
10996	1
11003	2
11006	2
11014	1
11024	1
11030	1
11032	1
11039	1
11046	1
11048	1
11063	1
11065	1
11068	1
11069	1
11071	1
11093	1
11095	1
11097	1
11108	1
11109	2
11113	1
11120	1
11126	1
11131	1
11137	1
11143	1
11145	1
11156	1
11158	2
11163	1
11165	1
11167	1
11170	1
11175	1
11184	1
11185	1
11187	1
11188	1
11191	1
11197	1
11198	1
11201	1
11209	1
11211	1
11212	1
11213	1
11219	1
11229	1
11238	1
11240	1
11246	1
11247	1
11249	1
11252	1
11265	2
11268	1
11271	1
11278	1
11280	1
11281	1
11283	1
11285	1
11286	1
11295	1
11296	1
11304	1
11308	3
11312	1
11314	1
11325	1
11332	2
11333	1
11338	1
11343	1
11354	1
11355	2
11357	1
11358	1
11359	2
11364	1
11365	2
11366	1
11368	2
11371	1
11377	2
11380	1
11381	1
11382	1
11390	1
11393	1
11395	1
11403	1
11408	1
11410	1
11418	1
11425	1
11427	1
11448	1
11457	1
11466	1
11471	1
11474	1
11483	1
11484	1
11488	1
11492	1
11493	1
11496	1
11497	1
11506	1
11514	1
11516	1
11517	2
11523	1
11526	1
11527	1
11530	1
11536	1
11538	2
11546	1
11547	1
11553	1
11556	1
11560	1
11565	1
11572	1
11580	1
11582	1
11585	1
11588	1
11600	1
11606	1
11607	1
11613	1
11646	1
11654	2
11658	1
11660	3
11664	1
11684	1
11685	1
11686	1
11689	1
11710	1
11712	1
11719	1
11729	1
11731	1
11738	1
11744	1
11777	1
11784	1
11788	1
11790	2
11792	1
11795	1
11800	1
11802	1
11807	1
11810	2
11819	1
11826	1
11830	1
11835	1
11839	1
11845	1
11849	2
11853	1
11858	1
11859	1
11865	1
11866	2
11869	1
11872	1
11875	1
11885	1
11888	1
11898	1
11904	1
11910	1
11911	1
11913	1
11916	1
11923	1
11925	2
11933	1
11935	1
11939	1
11951	1
11959	1
11972	1
11974	1
11975	1
11977	2
11982	1
11995	1
12003	1
12005	1
12018	1
12020	1
12031	2
12032	1
12037	1
12041	1
12045	1
12047	2
12068	1
12074	1
12080	1
12086	1
12089	1
12110	1
12119	1
12129	1
12130	1
12142	1
12143	1
12159	1
12168	2
12191	1
12193	1
12197	1
12205	1
12211	1
12218	1
12223	1
12225	1
12227	1
12231	1
12233	1
12234	1
12240	2
12244	1
12251	1
12255	1
12260	1
12262	1
12263	1
12265	1
12269	1
12281	1
12283	1
12285	1
12296	1
12301	1
12308	3
12310	1
12320	1
12323	1
12328	1
12329	1
12333	1
12339	1
12340	1
12350	1
12352	1
12357	2
12359	1
12363	1
12383	1
12385	2
12386	1
12407	2
12408	1
12411	1
12424	1
12429	1
12438	1
12439	1
12447	1
12449	1
12450	1
12456	1
12459	1
12477	1
12479	1
12483	1
12486	2
12501	1
12511	1
12514	1
12518	1
12519	1
12525	1
12526	1
12546	1
12548	1
12551	1
12554	1
12571	1
12572	1
12576	1
12579	1
12581	1
12582	1
12585	1
12586	1
12591	1
12595	1
12596	1
12614	1
12615	1
12620	1
12626	1
12628	1
12629	1
12635	1
12637	1
12640	1
12665	1
12667	1
12673	1
12677	1
12680	1
12681	1
12686	1
12705	1
12713	1
12715	1
12716	1
12725	1
12734	1
12737	1
12742	1
12745	1
12763	1
12764	1
12768	1
12774	1
12775	1
12777	2
12778	1
12797	1
12804	1
12806	1
12812	1
12818	1
12823	1
12834	1
12854	1
12864	1
12870	1
12871	1
12879	1
12904	1
12907	1
12909	1
12920	2
12932	1
12936	2
12939	1
12946	1
12951	1
12953	1
12954	2
12966	1
12975	1
12982	1
12986	1
13005	1
13006	1
13007	1
13010	1
13012	1
13020	1
13034	1
13037	1
13038	1
13045	1
13047	1
13051	1
13052	1
13054	1
13056	2
13065	1
13081	1
13082	1
13086	1
13094	1
13097	1
13102	1
13106	1
13111	1
13116	2
13123	1
13126	1
13145	1
13146	1
13147	1
13153	1
13156	1
13165	1
13166	1
13179	1
13181	1
13183	2
13196	1
13205	1
13206	1
13233	1
13234	1
13235	2
13237	2
13244	1
13252	1
13254	1
13268	1
13271	1
13284	1
13292	1
13296	1
13297	1
13299	1
13323	1
13325	1
13331	1
13338	1
13348	1
13359	1
13366	1
13367	1
13369	1
13371	1
13374	1
13383	1
13395	1
13398	1
13399	1
13401	1
13404	2
13406	1
13413	1
13430	1
13432	1
13437	1
13448	1
13452	1
13453	1
13466	1
13472	1
13478	1
13485	1
13502	1
13512	1
13514	1
13521	1
13529	1
13532	1
13543	1
13548	1
13556	1
13559	1
13562	2
13563	2
13567	1
13579	2
13583	1
13592	1
13595	1
13604	1
13628	1
13638	1
13643	1
13650	1
13658	1
13662	1
13670	1
13671	1
13675	1
13689	1
13690	2
13694	1
13701	1
13702	1
13709	1
13729	1
13732	1
13733	1
13738	1
13740	1
13741	2
13744	1
13747	1
13753	1
13762	1
13766	1
13770	1
13774	1
13777	1
13781	1
13783	1
13784	2
13786	1
13790	1
13795	1
13800	1
13802	1
13804	1
13808	1
13811	1
13822	1
13837	1
13841	2
13850	1
13873	1
13877	1
13898	1
13900	1
13928	1
13931	1
13939	1
13947	1
13949	1
13960	1
13961	1
13964	1
13967	1
13972	1
13977	1
13981	1
13982	1
13987	1
13989	1
13997	2
14008	1
14016	1
14027	1
14029	2
14032	1
14034	1
14041	1
14051	1
14054	1
14055	1
14062	1
14064	1
14066	1
14081	1
14083	3
14085	1
14088	1
14091	1
14095	1
14104	1
14113	2
14117	1
14121	1
14124	1
14126	1
14131	1
14138	1
14145	1
14152	1
14156	1
14159	1
14161	1
14177	1
14180	1
14181	1
14182	1
14186	1
14190	2
14194	1
14196	1
14205	1
14218	1
14220	1
14228	1
14242	1
14248	1
14249	1
14262	1
14267	1
14285	1
14293	1
14297	1
14310	1
14316	2
14322	1
14335	1
14355	1
14356	1
14361	1
14379	1
14386	1
14389	1
14394	1
14395	1
14397	1
14399	1
14405	1
14417	1
14460	1
14461	1
14467	2
14475	1
14482	1
14487	1
14494	3
14495	1
14504	1
14506	1
14522	2
14523	2
14535	1
14544	1
14562	1
14569	1
14581	1
14586	1
14605	1
14606	1
14611	1
14615	1
14624	1
14630	1
14640	1
14647	1
14649	1
14658	1
14674	1
14682	1
14701	1
14703	1
14711	2
14723	1
14727	1
14731	1
14733	1
14747	2
14754	2
14771	1
14772	1
14790	1
14791	1
14795	1
14799	1
14816	1
14820	1
14841	1
14861	1
14872	2
14874	1
14890	1
14910	1
14911	1
14914	1
14918	1
14921	1
14923	2
14943	1
14948	2
14967	1
14968	1
14969	1
14977	1
14978	1
14996	1
15006	1
15016	1
15020	1
15021	1
15025	1
15034	1
15045	1
15046	2
15051	1
15052	1
15061	1
15069	1
15079	1
15095	1
15107	1
15136	1
15142	1
15152	1
15154	2
15155	1
15165	1
15167	2
15173	1
15179	1
15192	1
15193	1
15195	1
15202	1
15239	2
15251	1
15256	2
15269	1
15272	1
15273	1
15279	1
15314	1
15322	1
15324	1
15345	1
15360	1
15366	1
15368	1
15371	1
15392	1
15394	2
15399	1
15403	2
15405	1
15413	1
15416	1
15425	1
15426	1
15438	1
15466	1
15469	1
15471	1
15474	1
15558	1
15563	1
15564	1
15565	1
15568	1
15583	1
15586	1
15593	1
15609	1
15614	2
15622	1
15639	1
15649	1
15654	1
15676	1
15690	1
15691	1
15704	1
15710	1
15716	1
15727	1
15734	1
15741	1
15752	1
15755	1
15763	1
15766	1
15787	1
15793	1
15799	1
15808	1
15812	1
15820	1
15822	1
15824	1
15833	1
15840	1
15860	1
15862	1
15870	1
15871	1
15873	1
15882	1
15883	1
15913	1
15932	1
15936	1
15966	1
15988	1
15995	1
16002	2
16017	1
16018	1
16040	1
16051	1
16053	1
16057	1
16061	1
16062	1
16063	1
16071	1
16087	1
16088	1
16091	1
16098	1
16105	1
16140	1
16141	1
16144	1
16147	1
16163	2
16213	1
16215	1
16224	1
16231	1
16242	1
16248	1
16251	1
16285	1
16289	1
16291	1
16299	1
16336	1
16340	1
16373	1
16376	1
