1	10
2	10
3	8
4	7
5	5
6	8
7	4
8	8
9	8
10	10
16394	1
11	5
12	7
13	13
14	11
15	10
16	5
17	10
18	17
19	11
20	8
21	6
22	10
23	6
24	8
25	7
26	11
27	12
28	8
29	6
30	9
31	9
32	8
33	8
34	4
35	4
36	10
37	8
38	14
39	5
16423	1
40	7
41	2
42	10
16427	1
43	4
44	6
45	9
46	6
47	8
48	6
49	4
50	13
51	10
52	5
53	6
54	12
55	6
56	5
57	8
58	4
59	8
60	7
61	4
62	6
63	7
64	4
65	8
66	3
67	7
68	11
69	4
70	7
71	2
72	5
73	8
74	7
75	6
76	6
77	14
16461	1
78	5
79	7
80	12
16464	1
81	6
82	9
83	8
84	6
85	7
86	4
87	3
88	8
89	9
90	6
91	10
92	8
16476	1
93	3
94	3
95	11
96	13
97	6
98	7
99	9
100	2
101	11
102	8
103	8
104	7
105	7
106	2
107	12
108	8
109	10
110	12
111	9
112	6
113	7
114	7
115	10
116	4
117	6
118	8
119	10
120	7
121	5
16505	1
122	6
123	7
124	7
125	10
126	10
127	10
128	12
129	6
130	7
131	15
16516	1
132	10
133	9
134	11
135	13
136	8
137	1
138	9
139	7
140	18
141	9
142	8
143	9
144	6
145	8
146	5
147	10
148	18
149	14
150	15
151	11
152	9
153	7
154	11
155	11
156	9
157	11
158	5
159	4
160	8
161	8
162	12
16547	1
163	4
164	7
165	14
166	7
16550	1
167	12
168	13
169	12
170	12
171	10
172	9
173	10
174	7
175	9
176	12
177	8
178	5
179	6
180	5
181	12
182	6
183	6
184	9
185	6
186	5
187	10
188	5
189	11
190	10
191	9
192	13
193	5
194	6
195	4
196	5
197	10
198	12
199	7
200	6
201	12
16585	1
202	8
203	7
204	6
205	5
206	9
207	14
208	5
209	6
210	9
211	9
212	12
16596	1
213	12
214	10
215	13
216	8
217	18
218	10
219	6
220	7
221	12
222	7
223	11
224	11
225	8
226	11
227	5
228	9
229	5
230	7
231	10
232	4
233	5
234	8
235	15
236	10
237	9
238	5
239	7
240	8
241	9
242	8
243	10
244	11
245	10
246	16
247	10
248	13
249	2
250	11
251	11
252	7
253	12
254	8
255	6
256	6
257	10
258	9
259	11
260	5
261	11
262	8
263	11
264	7
265	6
266	4
267	12
268	7
16652	1
269	8
270	5
271	5
272	7
273	11
274	6
275	10
276	5
277	16
278	14
279	13
280	4
281	12
16665	1
282	6
283	10
284	5
285	12
286	6
287	4
288	6
289	13
290	12
291	9
292	14
293	7
294	3
295	8
296	9
297	6
298	8
299	5
300	8
301	4
302	9
303	12
304	7
305	6
306	8
307	10
308	8
309	7
310	11
311	3
312	6
313	13
314	9
315	12
316	5
317	5
318	8
319	8
320	12
321	13
322	8
323	7
324	12
325	6
326	7
327	8
328	15
329	7
330	6
331	13
332	8
333	8
334	7
335	8
336	13
337	11
338	11
339	8
340	10
16724	1
341	10
342	5
343	6
344	13
345	2
346	2
347	8
348	9
349	13
350	8
351	9
352	9
353	9
354	7
355	8
356	6
357	8
358	13
359	12
360	8
361	4
362	8
363	12
364	16
365	7
366	20
367	13
368	10
369	6
370	5
371	9
372	4
373	13
374	9
375	6
16759	2
376	7
377	11
378	8
379	8
380	11
381	7
382	8
383	5
384	8
385	7
386	9
387	9
388	11
389	9
390	11
391	9
392	9
393	6
394	6
395	10
396	6
397	10
398	4
399	5
400	10
401	11
402	7
403	6
404	12
405	9
406	5
407	7
408	8
409	7
410	5
411	10
412	7
413	7
414	10
415	6
16799	1
416	7
417	8
418	13
419	8
420	10
421	6
422	7
423	9
16807	1
424	9
425	9
426	15
427	6
428	12
429	11
430	13
431	12
432	5
16816	1
433	13
434	12
435	8
436	8
437	6
438	5
439	8
440	7
441	10
442	4
443	7
444	10
445	12
446	7
447	4
448	5
449	9
450	5
451	10
452	15
453	9
454	13
455	8
456	8
457	11
458	6
459	11
460	10
461	10
462	13
463	10
464	5
465	7
466	8
467	10
468	3
469	6
470	6
471	5
472	9
473	7
474	12
475	8
476	15
477	12
478	4
479	7
480	9
481	5
482	10
483	9
484	7
485	4
486	14
16870	1
487	7
488	6
489	12
490	12
491	5
492	9
493	7
494	7
495	8
16879	1
496	9
497	9
498	12
499	14
500	4
501	9
502	11
503	6
504	8
505	15
506	9
507	7
508	8
509	6
510	6
511	9
512	11
513	9
514	12
515	11
516	9
517	13
518	8
16902	1
519	6
520	9
521	10
522	6
523	7
524	14
525	5
526	12
527	6
528	12
16912	1
529	4
530	5
531	8
532	13
533	9
534	8
535	9
536	12
537	12
538	6
539	11
540	12
541	7
542	12
543	4
544	6
545	13
546	10
547	12
548	11
549	8
550	8
551	9
552	8
553	9
554	6
555	7
556	15
557	10
558	9
559	10
560	4
561	2
562	11
563	7
564	6
565	7
566	6
567	15
568	6
569	8
570	6
571	11
572	11
573	9
16957	1
574	7
575	7
576	5
577	7
578	12
579	4
580	6
581	5
582	7
583	4
584	8
585	8
586	6
587	6
588	10
589	7
590	11
591	11
592	4
593	9
594	8
595	6
596	10
597	8
598	7
599	8
600	3
601	7
602	9
603	11
604	10
605	10
606	13
607	5
608	8
609	3
610	11
611	6
612	13
613	7
614	2
615	10
616	8
617	10
618	11
619	10
620	9
621	4
622	7
623	13
624	5
625	6
626	12
17010	1
627	7
628	5
629	7
630	10
631	9
632	8
633	9
634	7
635	7
636	10
637	3
638	8
639	8
640	5
641	8
642	6
643	3
644	8
645	11
646	6
647	7
648	7
17032	1
649	8
650	9
651	10
652	11
653	9
654	8
655	8
17039	1
656	12
657	11
658	4
659	10
660	11
661	10
662	8
663	9
664	13
665	14
666	13
667	6
668	3
669	10
670	3
671	10
672	14
673	15
674	11
675	6
676	2
677	7
678	8
679	7
680	8
681	9
682	10
683	4
684	7
685	7
686	10
17070	1
687	5
688	6
689	7
690	4
691	9
692	3
693	6
694	9
695	8
696	9
697	9
698	11
699	4
700	9
701	10
702	10
703	9
704	4
705	13
706	5
707	7
708	9
709	9
710	13
711	7
712	4
713	11
17097	1
714	8
715	10
716	7
717	9
718	7
719	11
720	4
721	5
722	10
17106	1
723	6
724	12
725	6
726	7
17110	1
727	12
728	6
729	7
730	9
17114	1
731	7
732	8
733	12
734	12
735	12
736	9
737	8
738	7
739	7
740	7
741	9
742	13
743	9
744	10
745	4
746	9
17130	2
747	8
748	5
749	10
750	9
751	11
752	9
753	7
754	9
755	9
756	5
757	5
758	13
759	6
760	9
761	5
762	8
763	6
764	11
765	5
766	7
767	10
17151	1
768	8
769	10
770	8
771	11
772	6
773	8
774	12
775	5
776	7
777	6
778	6
779	5
780	7
781	10
782	12
783	12
784	11
785	11
786	12
787	6
17171	1
788	6
789	5
790	9
791	9
792	12
793	2
794	9
795	9
796	7
797	7
798	8
799	12
800	9
801	7
802	6
17186	1
803	8
804	9
805	15
17189	1
806	5
807	6
808	9
809	11
810	14
811	6
812	10
813	9
814	12
815	9
816	10
817	10
818	8
819	10
820	8
821	7
822	11
823	13
824	5
825	9
826	2
827	9
828	5
829	6
830	7
831	9
832	9
833	10
834	7
835	6
836	8
837	7
838	12
839	4
17223	1
840	8
841	8
842	12
843	12
844	12
845	11
846	9
847	5
848	13
849	8
850	9
851	6
852	10
17236	1
853	10
854	7
855	8
856	4
857	6
858	10
859	10
860	7
861	4
862	7
863	8
17247	1
864	4
865	6
866	12
867	6
868	8
869	9
870	11
871	8
872	9
873	7
874	3
17258	1
875	7
876	8
877	7
878	9
879	6
880	15
881	9
882	8
883	7
884	2
885	6
886	5
887	6
888	7
889	12
890	8
17274	1
891	14
892	5
893	8
894	8
895	6
896	15
897	8
898	7
899	9
900	11
901	9
902	11
903	8
904	9
905	5
906	8
907	8
908	8
909	9
910	12
911	7
912	6
913	6
914	8
915	11
916	14
917	3
918	13
919	4
920	8
921	11
922	3
923	7
924	8
925	5
926	12
927	14
928	8
929	8
930	10
931	11
932	11
933	6
934	8
935	6
936	10
937	4
938	10
939	7
940	6
941	8
942	3
17326	1
943	8
944	7
945	17
946	9
947	9
948	13
949	9
950	11
951	10
952	8
953	5
954	7
955	11
956	8
957	6
958	4
959	12
960	12
961	4
962	3
963	8
17347	1
964	8
17348	1
965	6
966	5
967	8
968	9
969	8
970	10
971	12
972	14
973	8
974	8
975	8
976	9
977	9
978	9
979	8
980	10
981	9
982	11
983	8
984	9
985	8
986	9
987	11
988	7
989	8
990	4
991	6
992	7
993	5
994	5
995	11
996	9
997	7
998	4
999	12
1000	7
1001	4
1002	6
1003	6
1004	4
1005	6
1006	6
1007	10
1008	8
1009	9
1010	8
1011	7
1012	9
1013	10
1014	6
1015	8
1016	11
1017	9
1018	9
1019	11
1020	10
1021	6
1022	6
1023	11
1024	9
1025	4
1026	6
1027	12
1028	1
1029	6
1030	4
1031	7
1032	11
1033	3
1034	5
1035	8
1036	10
1037	6
1038	8
1039	6
1040	6
1041	13
1042	10
1043	8
1044	5
1045	9
1046	17
1047	7
1048	11
17432	1
1049	9
1050	8
1051	10
1052	4
17436	1
1053	8
17437	1
1054	5
1055	8
1056	13
1057	9
1058	11
1059	6
1060	10
1061	9
1062	8
1063	7
1064	9
1065	11
1066	9
1067	13
1068	12
1069	11
1070	8
1071	9
17455	1
1072	4
1073	5
1074	9
1075	11
1076	10
1077	11
1078	8
1079	15
1080	7
1081	5
17465	1
1082	7
1083	8
1084	9
1085	11
1086	12
1087	10
1088	4
1089	9
1090	12
1091	13
1092	9
1093	6
1094	5
1095	9
1096	15
1097	13
1098	6
1099	12
1100	4
1101	12
1102	11
1103	11
1104	2
1105	17
1106	5
1107	8
1108	8
1109	13
1110	7
1111	8
1112	8
1113	5
1114	7
1115	9
1116	9
1117	2
1118	8
1119	5
1120	5
1121	1
1122	9
1123	6
1124	9
1125	11
1126	11
1127	10
17511	1
1128	6
1129	8
1130	13
1131	9
1132	9
1133	6
1134	7
1135	3
1136	12
1137	8
1138	14
1139	13
1140	4
1141	6
1142	12
17526	1
1143	11
1144	13
1145	8
1146	10
1147	8
1148	7
1149	11
1150	7
1151	8
1152	5
1153	7
1154	6
1155	12
1156	9
1157	8
1158	9
1159	14
1160	5
1161	10
1162	6
1163	6
1164	5
17548	1
1165	3
1166	8
17550	1
1167	10
1168	6
1169	10
1170	13
1171	9
1172	10
1173	4
1174	6
1175	8
1176	8
1177	8
1178	7
1179	7
1180	8
1181	8
1182	8
1183	4
1184	9
1185	5
1186	11
1187	11
1188	9
1189	9
1190	16
1191	9
1192	11
1193	11
1194	8
1195	5
1196	10
1197	7
1198	11
1199	8
1200	5
1201	8
1202	11
1203	12
17587	1
1204	10
1205	12
1206	6
1207	8
1208	7
1209	4
1210	8
17594	1
1211	11
1212	11
1213	4
1214	9
1215	11
1216	6
1217	6
1218	4
1219	9
1220	9
1221	11
1222	9
1223	10
1224	8
1225	6
1226	9
1227	8
1228	10
17612	1
1229	17
1230	8
17614	1
1231	5
1232	15
1233	17
1234	7
1235	9
1236	7
1237	5
1238	8
1239	10
1240	8
1241	5
1242	10
1243	7
1244	7
1245	11
1246	7
1247	12
1248	11
1249	15
1250	14
1251	9
1252	15
1253	11
1254	12
1255	12
1256	12
1257	7
1258	8
1259	15
1260	3
1261	12
1262	6
17646	1
1263	4
1264	8
1265	12
1266	6
1267	4
1268	7
1269	10
1270	8
1271	3
1272	13
1273	4
1274	9
1275	5
1276	7
1277	9
1278	7
1279	7
1280	8
1281	9
1282	9
1283	7
1284	9
1285	8
1286	7
1287	10
1288	7
1289	2
1290	8
1291	7
1292	7
1293	6
1294	11
1295	4
1296	15
1297	6
1298	10
1299	3
1300	5
1301	10
1302	9
1303	8
1304	12
1305	5
1306	11
1307	6
1308	4
1309	16
1310	5
1311	9
1312	9
1313	10
1314	4
1315	11
1316	8
1317	8
1318	9
1319	14
1320	5
1321	9
1322	8
1323	7
1324	9
1325	8
1326	7
1327	7
1328	5
1329	6
1330	9
1331	8
1332	14
1333	9
1334	4
1335	8
1336	9
1337	9
1338	8
1339	6
1340	5
1341	11
1342	11
1343	8
1344	7
1345	10
1346	6
1347	10
1348	10
1349	14
17733	1
1350	9
1351	7
1352	7
1353	10
1354	7
1355	7
1356	11
1357	11
1358	10
1359	7
1360	9
1361	13
1362	4
1363	9
1364	8
1365	9
1366	8
1367	10
1368	4
1369	8
1370	6
1371	15
17755	1
1372	5
1373	5
1374	12
17758	1
1375	7
1376	8
1377	6
1378	5
1379	10
1380	2
1381	6
1382	7
1383	9
1384	5
1385	10
1386	3
1387	8
1388	9
1389	9
1390	8
1391	11
1392	7
1393	3
1394	8
1395	8
1396	8
1397	8
1398	5
1399	7
1400	6
17784	1
1401	5
1402	11
1403	6
1404	5
1405	12
1406	10
1407	7
1408	9
1409	11
1410	8
1411	5
1412	10
1413	9
1414	7
1415	9
1416	5
1417	9
1418	5
1419	6
1420	14
1421	8
1422	6
1423	6
1424	9
1425	5
1426	5
1427	7
1428	14
1429	8
1430	8
17814	1
1431	2
1432	6
1433	9
1434	6
1435	7
1436	6
1437	8
1438	9
1439	8
1440	6
1441	8
1442	4
1443	5
1444	9
1445	8
1446	6
1447	7
1448	3
1449	7
1450	8
1451	6
1452	7
1453	2
1454	8
1455	6
1456	13
17840	1
1457	15
1458	6
1459	2
1460	5
1461	9
1462	16
1463	10
1464	13
1465	9
1466	11
1467	5
1468	7
1469	13
1470	3
1471	8
1472	9
1473	9
1474	8
1475	10
1476	14
1477	9
1478	7
1479	3
1480	6
1481	9
1482	6
1483	10
1484	3
1485	8
1486	8
1487	9
1488	9
1489	6
1490	7
1491	7
1492	3
1493	5
1494	5
1495	9
1496	11
1497	1
1498	8
1499	9
1500	7
1501	10
1502	10
1503	5
1504	9
1505	9
1506	5
1507	11
1508	12
1509	11
1510	5
1511	4
1512	12
1513	6
1514	6
1515	14
1516	6
17900	1
1517	4
1518	9
1519	8
1520	12
1521	11
17905	1
1522	6
1523	6
1524	6
1525	10
1526	8
1527	8
1528	12
1529	6
1530	7
1531	5
1532	8
1533	9
1534	9
1535	10
1536	4
1537	12
1538	5
1539	7
1540	11
1541	8
1542	10
1543	5
1544	9
1545	9
1546	1
1547	3
1548	11
1549	4
1550	15
1551	6
1552	6
1553	10
1554	8
1555	6
17939	1
1556	11
17940	1
1557	8
1558	9
1559	4
1560	14
1561	5
17945	1
1562	7
1563	1
1564	11
1565	7
1566	4
1567	8
1568	7
1569	8
17953	1
1570	5
1571	5
1572	7
1573	7
1574	5
1575	14
1576	11
1577	10
1578	4
1579	11
1580	7
1581	16
1582	8
1583	9
1584	4
1585	7
1586	5
1587	11
1588	4
1589	14
1590	9
1591	11
1592	5
1593	4
1594	8
1595	10
1596	10
1597	9
1598	12
1599	13
1600	7
1601	10
1602	9
1603	6
1604	9
1605	1
1606	8
1607	14
1608	5
1609	5
1610	6
1611	8
1612	6
1613	6
1614	5
1615	4
1616	7
1617	8
1618	6
1619	6
1620	3
1621	8
1622	9
1623	7
1624	8
1625	4
1626	5
1627	8
1628	8
1629	5
1630	7
1631	5
1632	6
1633	4
1634	13
1635	11
1636	4
1637	8
1638	5
1639	7
1640	11
18024	1
1641	8
1642	7
1643	5
1644	6
1645	10
1646	3
18030	1
1647	6
1648	8
1649	9
1650	7
1651	7
1652	5
1653	7
1654	6
1655	6
1656	6
1657	4
1658	3
1659	6
1660	10
18044	1
1661	8
1662	9
1663	2
1664	4
1665	7
1666	8
1667	9
1668	9
18052	1
1669	8
1670	7
1671	7
1672	3
1673	6
1674	12
1675	2
18059	1
1676	11
1677	8
1678	4
1679	10
1680	10
1681	4
1682	11
1683	8
1684	6
1685	8
1686	5
1687	5
1688	5
1689	7
1690	3
1691	2
1692	4
1693	5
1694	8
1695	2
1696	6
1697	8
1698	5
18082	1
1699	5
1700	7
1701	11
1702	7
1703	8
1704	8
1705	5
1706	6
1707	6
1708	9
1709	9
1710	11
1711	4
1712	4
1713	2
1714	8
1715	6
1716	3
1717	3
1718	9
1719	2
1720	9
1721	4
1722	6
1723	4
1724	4
1725	9
1726	5
1727	7
1728	6
1729	8
1730	7
1731	2
1732	6
1733	4
1734	6
1735	8
1736	6
1737	5
1738	7
18123	1
1739	1
18124	1
1740	2
1741	4
1742	7
1743	7
1744	6
1745	5
1746	6
1747	8
1748	4
1749	7
1750	6
1751	3
1752	9
1753	7
1754	7
1755	10
1756	7
1757	7
1758	8
1759	8
1760	7
1761	6
1762	7
1763	6
1764	6
1765	5
1766	6
1767	9
1768	3
1769	3
1770	10
1771	6
1772	6
1773	6
1774	5
1775	8
1776	4
18160	1
1777	8
1778	11
1779	7
1780	6
1781	6
1782	2
1783	8
1784	8
1785	7
1786	5
1787	4
1788	5
1789	9
1790	9
1791	8
1792	4
1793	6
1794	4
1795	7
1796	7
1797	4
1798	5
1799	8
1800	10
1801	3
1802	6
1803	6
1804	7
18188	1
1805	5
1806	2
1807	7
18191	1
1808	6
1809	5
1810	15
1811	8
1813	7
1814	4
1815	6
1816	3
1817	5
1818	5
1819	3
1820	5
1821	7
1822	5
1823	6
1824	8
1825	5
1826	5
1827	4
18211	1
1828	8
1829	3
1830	4
1831	4
1832	6
1833	7
1834	5
1835	5
1836	9
1837	12
1838	4
1839	2
1840	4
1841	5
1842	5
1843	10
1844	6
1845	4
1846	8
1847	10
1848	3
1849	4
1850	3
1851	6
1852	9
1853	5
1854	10
1855	4
1856	6
18240	1
1857	8
1858	3
18242	1
1859	4
1860	3
1861	8
1862	9
1863	6
1864	7
1865	7
1866	6
1867	7
18251	1
1868	5
1869	1
1870	4
1871	2
1872	7
1873	7
1874	5
1875	10
18259	1
1876	8
1877	6
1878	4
1879	6
1880	8
1881	10
1882	9
18266	1
1883	3
1884	4
1885	3
1886	4
1887	4
1888	5
1889	4
1890	8
1891	5
1892	6
1893	6
1894	3
1895	5
1896	9
1897	3
1898	7
1899	9
1900	3
1901	2
1902	3
1903	3
1904	6
1905	6
1906	5
1907	9
1908	5
1909	9
1910	3
1911	5
1912	8
1913	5
1914	3
1915	9
1916	4
1917	4
1918	2
1919	6
1920	5
1921	10
1922	8
1923	5
1924	6
1925	9
1926	14
18310	1
1927	9
1928	8
1929	4
1930	10
1931	4
1932	5
1933	9
1934	9
1935	6
1936	9
1937	10
1938	8
1939	7
1940	5
1941	3
1942	7
1943	4
1944	9
1945	10
1946	7
1947	7
1948	11
1949	5
1950	4
1951	6
1952	9
1953	5
18337	1
1954	3
1955	3
1956	11
1957	5
1958	4
1959	3
18343	1
1960	4
1961	5
1962	5
1963	8
1964	8
1965	10
1966	6
1967	10
1968	5
1969	6
1970	9
1971	10
1972	5
1973	2
1974	7
1975	9
1976	7
1977	4
1978	5
1979	3
1980	2
1981	7
1982	7
1983	12
1984	7
1985	3
1986	9
1987	2
1988	6
1989	4
1990	6
1991	5
1992	4
1993	8
1994	9
1995	8
1996	4
1997	4
1998	3
1999	8
2001	4
2002	8
2003	5
2004	4
18388	1
2005	5
2006	9
2007	7
2008	10
2009	5
2010	4
2011	11
2012	6
2013	10
2014	4
18398	1
2016	4
18400	1
2017	10
2018	6
2019	15
2020	7
2021	2
2022	5
2023	4
2024	5
2025	7
2026	5
2027	6
2028	9
2029	3
2030	5
2031	5
2032	3
2033	2
2034	10
2035	5
2036	4
2037	2
2038	3
2039	9
2040	7
2041	4
2042	6
2043	5
2044	6
2045	8
2046	8
2047	6
2048	5
2049	7
2050	1
2051	4
2052	8
2053	4
2054	6
2055	3
2056	3
2057	4
2058	2
2059	9
2060	5
2061	4
2062	11
2063	4
2064	6
2065	5
2066	5
2067	3
2068	5
2069	6
2070	6
2071	6
2072	5
2073	3
2074	5
2075	7
2076	2
2077	5
2078	5
2079	7
2080	8
2081	8
2082	8
18466	1
2083	6
2084	2
18468	1
2085	6
2086	5
2087	5
2088	6
2089	7
2090	5
2091	3
2092	6
2093	4
2094	7
2095	3
2096	3
2097	7
2098	6
2099	6
2100	8
2101	8
2102	5
2103	6
2104	6
2105	6
2106	9
2107	2
2108	3
2109	4
2110	6
2111	6
2112	5
2113	7
2114	6
2115	6
2116	4
18500	1
2117	5
2118	3
2119	4
2120	4
2121	8
2122	11
2123	1
2124	9
2125	6
2126	2
2127	3
2128	7
2129	8
2130	5
2131	5
2132	4
2133	4
2134	4
2135	13
2136	5
2137	4
2138	6
2139	10
2140	3
2141	3
2142	2
18526	1
2143	10
2144	4
2145	6
2146	9
2147	7
2148	4
2149	7
2150	3
2151	9
2152	5
2153	6
2154	4
2155	5
2156	7
2157	1
2158	5
2159	6
2160	1
2161	6
2162	2
2163	6
2164	12
2165	10
18549	1
2166	2
2167	5
2168	6
2169	6
2170	4
2171	10
2172	5
2173	5
2174	4
2175	5
2176	4
2177	5
2178	3
2179	6
2180	8
2181	10
2182	2
2183	3
2184	7
2185	8
2186	3
2187	3
2189	3
2190	3
2191	4
2192	6
2193	3
2194	3
2195	2
2196	3
2197	3
2198	4
2200	4
2201	10
2202	6
2203	6
2204	8
2205	5
2206	3
2207	5
2208	5
2209	6
2210	4
2211	14
2212	4
18596	1
2213	2
2214	6
2215	3
2216	3
18600	1
2217	2
2218	2
2219	3
2220	4
2221	3
2222	4
2223	6
2224	8
18608	1
2225	5
2226	11
2227	6
2228	1
2229	3
2230	4
2231	6
2232	6
2233	4
18618	1
2234	6
2235	6
2236	9
2237	5
2238	7
2239	5
2240	5
2241	6
2242	2
2243	6
2244	9
2245	5
2246	2
2247	2
2248	3
2249	2
2250	3
2251	4
2252	4
2253	6
2254	6
2255	4
2256	4
2257	3
2258	3
2259	2
2260	7
2261	4
2262	2
2263	7
2264	4
2265	4
2267	5
2268	8
2269	7
2270	2
2271	9
2272	4
2273	5
2274	2
2275	6
18659	1
2276	5
2277	3
2278	7
2279	5
2280	8
2281	7
2282	1
2283	7
2284	6
2285	4
18669	1
2286	4
2287	4
2288	4
2289	5
18673	1
2290	4
2291	4
2292	6
2293	5
2294	2
2295	7
2296	5
2297	5
2299	4
2300	5
2301	5
2302	9
2303	6
2304	7
2305	3
2306	6
2307	3
2308	7
2309	3
2310	3
2311	2
2312	2
2313	3
2314	7
2315	3
2316	5
2317	7
2318	6
2319	3
2320	9
2321	5
2322	5
2323	6
2324	4
2325	4
2326	5
2327	3
2328	4
2329	7
2330	9
2331	4
2332	5
2333	4
2334	4
2335	7
2336	3
2337	4
2338	7
2339	8
2340	5
2341	5
2342	6
2343	5
2344	7
2345	5
2346	2
2347	5
2348	4
2349	3
2350	4
2351	4
2352	9
2353	5
2354	6
2355	8
2356	4
2357	5
2358	2
2359	6
2360	9
2361	4
2362	11
2363	3
2364	4
2365	3
2366	3
2367	1
2368	4
2369	6
2370	2
2371	7
2372	3
2373	3
2374	4
2375	7
2376	5
2377	3
2378	5
2379	1
2380	1
2381	4
18765	1
2382	2
18766	1
2383	2
2384	4
2385	3
2386	4
2387	3
2388	4
2389	3
2390	3
2391	4
2392	4
2393	2
2394	6
2395	6
2396	6
2397	1
2398	4
2399	6
2400	8
2401	3
2402	4
2404	6
2405	6
2406	1
2407	2
2408	5
2409	8
18793	1
2410	5
2411	1
2412	3
2414	5
2415	2
2416	6
2417	10
2418	5
2419	3
2420	4
2421	4
2422	5
2423	4
2424	8
2425	2
2426	7
2428	3
2429	3
2430	6
2431	4
2432	3
2433	8
2434	3
2435	2
2436	6
2437	3
2438	7
2439	1
2440	1
2441	7
2442	6
2443	4
2444	3
2445	1
2446	6
2447	4
2448	2
2449	3
2450	8
2451	6
2452	6
2453	2
2454	8
2455	4
2456	5
2457	3
2458	6
2459	6
2460	6
2461	5
2462	5
2463	3
2464	5
2465	5
2466	7
2467	4
2468	4
2469	2
2470	5
2471	6
2472	4
2473	3
2474	3
2475	4
2476	4
2477	4
2478	1
2479	3
2480	2
2481	8
2482	2
2483	2
2484	2
2485	3
2486	2
2487	5
2488	1
2489	4
2490	9
2491	4
2492	3
2493	6
18877	1
2494	2
2495	8
2496	6
2497	7
2498	6
2499	2
2500	5
2501	5
2502	8
2503	5
2504	3
2505	5
18889	1
2506	6
2507	2
2508	1
2509	1
2510	3
2511	2
2512	6
2513	7
2514	2
2515	11
2516	3
2517	9
2518	2
2519	4
2520	5
2521	7
2522	3
2523	6
2524	5
2525	2
2526	1
2527	9
2528	6
2529	5
2530	4
2531	5
2532	6
2533	1
2535	1
2536	3
2537	3
2538	2
2539	3
2540	2
2541	3
2542	5
2543	3
2544	5
2545	3
2546	3
2547	7
2548	6
2549	7
2550	2
2551	7
2552	3
2553	1
2554	6
2555	4
2556	4
2557	6
2558	2
2559	2
2560	7
2561	8
2562	3
2563	6
2564	5
2565	1
2566	9
2567	5
2568	5
2569	6
2570	5
2571	6
2572	4
2573	1
2574	6
2575	1
2576	6
2577	4
2578	2
2579	4
2580	3
2581	3
2582	11
2583	6
2584	4
2585	2
2586	3
2587	4
2588	4
2589	5
2590	6
2591	5
2592	2
2593	4
2594	2
2595	3
2596	6
2597	5
2598	4
2599	2
2600	3
2601	5
2602	5
2603	2
2604	3
2605	8
2606	2
2607	5
2608	5
2609	6
18993	1
2610	10
2611	2
2612	1
2613	6
2614	6
2615	6
18999	1
2616	5
2617	3
2618	4
2619	3
2620	2
2621	3
2622	4
2623	2
2624	4
2625	7
2626	4
2627	4
2628	5
2629	5
2630	3
2631	1
2632	3
2633	3
2634	4
19018	1
2635	3
2636	7
2637	3
2638	5
2639	3
2640	5
2641	4
2642	2
2643	5
2644	1
2645	3
2646	6
2647	5
2648	2
2649	9
2650	4
2651	6
2652	8
2653	5
2654	8
2655	5
2656	1
2657	7
2658	1
2659	2
2660	3
2661	6
2662	6
2663	4
2664	3
2665	1
2666	3
2667	1
2668	1
2669	4
2670	2
2672	5
2673	8
2674	1
2675	2
2676	4
2677	3
2678	5
2679	4
2680	1
2681	3
2682	2
2683	3
2684	2
2685	2
2686	3
2687	1
2688	1
2689	4
2690	2
2691	1
2692	5
2693	7
2694	8
2695	5
2696	6
2697	4
2698	5
2699	4
2700	2
19084	1
2701	4
2702	3
2703	2
2704	2
2705	5
2706	4
2707	6
2708	3
2709	7
2710	5
2711	3
2712	4
2713	3
2714	4
2715	4
2716	4
2717	5
2718	3
2719	3
2720	2
19104	1
2721	3
2722	4
2723	5
2724	4
2725	4
2726	3
2727	2
2728	3
2729	4
2730	3
2731	3
2732	3
2733	4
2734	4
2735	2
2736	3
2737	4
2738	3
2739	3
2740	5
2741	3
2742	4
2743	4
2744	3
2745	3
2746	3
2747	5
2748	4
2749	5
2750	3
2751	4
2752	4
2753	1
2754	1
2755	1
2756	4
2757	4
2758	3
2759	2
2760	5
2761	3
2762	5
2763	2
2764	2
2765	2
2766	1
2768	4
2769	4
2770	8
2771	3
2772	1
2773	3
2774	2
2775	3
2776	1
2777	8
2778	6
2779	2
2780	4
2781	3
19165	1
2782	2
2783	2
2784	6
2785	3
2786	3
2787	5
2788	5
19172	1
2789	2
2790	2
2791	1
2792	6
2793	5
2794	3
2796	3
2797	5
2798	3
2799	4
2800	2
2801	4
2802	5
2803	6
2804	7
2805	2
2806	6
2807	3
2808	4
2809	5
2810	3
2811	4
19196	1
2812	3
2813	3
2814	5
2815	4
2816	3
2817	4
2818	4
2819	1
2820	5
2821	3
2822	4
2823	5
2824	3
2825	6
2826	4
2827	3
2828	3
2829	4
2830	4
2831	3
2832	1
2833	3
2834	3
2835	3
2836	2
2837	1
2838	2
2839	2
2840	3
2841	7
2842	3
2843	3
2845	1
2846	1
2847	4
19232	1
2849	4
2850	3
2851	2
2852	3
2853	2
2854	4
2856	5
2857	7
2858	4
2859	2
2860	4
2861	2
2862	3
2863	3
2864	1
2865	4
2866	2
2867	5
19251	1
2868	7
2869	3
2870	1
2871	2
2872	1
2873	1
2874	4
2875	3
2876	3
2877	3
2878	6
2879	3
2880	3
2881	4
19265	1
2882	2
2883	3
2884	3
2886	2
2887	3
2888	4
2889	1
2890	5
2891	2
2892	4
2893	3
19277	1
2894	1
2895	3
2896	1
2897	4
2898	5
2899	3
2900	1
2901	2
2902	4
2903	2
2904	1
2905	1
2906	4
2907	5
2908	2
2909	7
2910	4
2911	3
2912	3
2913	2
2914	6
2915	4
2916	5
2918	4
2919	2
2920	1
2921	4
2922	3
2923	5
2924	4
2925	2
2926	2
2927	3
2928	4
2929	3
2930	5
2931	3
2932	1
2933	1
2934	2
2935	4
2936	3
2937	3
2938	8
2939	1
2940	1
2941	3
2942	2
2943	2
2944	2
2945	4
2946	2
2947	1
2948	4
2949	3
2950	3
2951	4
2952	2
2954	2
2955	3
2956	1
2957	2
2958	5
2959	2
2960	4
2961	2
2962	3
2963	2
2964	5
2965	2
2966	7
2967	4
2968	3
2969	1
2970	4
2971	4
2972	3
2973	1
2974	7
2975	4
2976	5
2978	2
2979	6
2980	3
2981	1
2982	2
2983	2
2985	1
2986	4
2987	3
2988	3
2989	2
2990	8
2991	3
2992	5
2993	3
2994	2
2995	6
2996	4
2997	1
2998	4
2999	3
3000	3
3001	3
3003	3
3004	2
3005	3
3006	2
3007	3
3008	1
3009	1
3010	2
3011	4
3012	3
3013	3
3014	2
3015	3
3016	5
3017	2
3018	2
3020	2
3021	4
3022	2
3023	3
3024	3
3025	2
3026	1
3027	2
3028	3
3029	5
3030	4
3031	2
3032	4
3033	1
3034	3
3035	2
3037	4
19421	1
3039	2
3040	6
3041	4
3042	3
3043	4
3044	3
3045	2
3046	3
3047	2
3048	3
3049	3
3050	2
3051	4
3053	2
3054	3
3055	3
3056	4
3057	2
3058	2
3059	3
3060	3
3061	1
3062	1
3063	2
3064	2
3065	5
3066	6
3067	4
3068	4
3069	4
3070	3
3071	1
3072	2
3073	2
3074	1
3075	1
3076	3
3077	3
3078	2
3079	4
3080	2
3081	2
3082	3
3083	2
3084	4
3085	3
3086	2
3087	6
3088	4
3089	3
3090	2
3091	1
3092	1
3093	4
3095	1
3097	2
19481	1
3098	2
3099	2
3100	1
3101	3
3102	1
3103	2
3104	2
3105	3
3106	2
3107	1
3108	1
3109	4
3110	3
3111	1
3112	7
3114	3
3115	1
3117	1
3118	3
3119	5
3120	4
3121	3
3122	1
3123	4
3124	5
3125	2
3126	4
3127	4
3128	6
3129	3
3130	4
3131	4
3132	4
3133	1
19517	1
3134	4
3135	2
3136	1
3137	3
3138	4
3139	3
3140	1
3141	3
3142	8
3143	5
3144	2
3145	3
3146	1
3147	3
3148	3
3149	1
3150	2
3151	3
3152	5
3153	2
3154	1
3155	5
3156	2
3157	3
3158	1
3159	2
3160	2
3161	4
3162	4
3163	2
3165	2
19549	1
3166	4
3167	3
3168	5
3169	2
19554	1
3170	2
3172	3
3173	4
3174	4
3175	1
3176	5
3177	2
19561	1
3178	2
3179	2
3180	3
3181	1
3182	1
3184	2
3185	5
3186	3
3187	3
3188	1
3189	2
3190	3
3191	3
3192	3
3194	1
3195	2
3196	2
3197	4
3199	3
3200	1
3201	3
3202	1
3203	4
3204	2
19588	1
3205	4
3206	3
3207	1
3209	2
3210	2
3211	2
3212	1
3213	2
3214	1
3215	3
3216	3
3217	2
3218	2
3219	2
3220	4
3221	2
3222	2
3223	3
3224	5
3225	3
3226	4
3227	1
3228	1
3229	4
3230	1
3231	6
3232	5
3233	2
3234	4
3235	2
3236	2
3237	1
3238	3
3239	3
3240	1
3241	5
3242	1
3243	1
3245	1
3246	3
3247	1
3248	1
3249	4
3250	4
3251	5
3252	1
3255	1
3257	1
3258	3
3259	3
3260	2
3261	4
3262	2
3263	4
3264	2
3265	3
3268	3
3269	3
3270	2
3271	4
3272	1
3273	1
3274	2
3275	2
3276	3
3277	5
3278	4
3279	1
3280	5
3281	5
19665	1
3282	5
3283	1
3284	1
3285	3
3286	5
19670	1
3287	1
3288	1
3289	2
3290	5
3291	4
3292	3
3293	3
3294	4
3295	3
3296	2
3297	6
3298	2
3300	3
3301	1
3302	3
3303	2
3304	4
3305	2
3306	1
3307	2
3308	2
3309	2
3310	3
3311	1
3312	2
3313	1
3314	3
3315	3
3316	5
3317	2
3318	6
3319	1
3321	3
3322	1
3323	1
3325	2
3326	2
3327	2
3328	5
3329	1
3330	1
3331	4
3332	1
3334	2
3335	6
3336	3
3337	2
3338	5
19724	1
3340	1
3341	1
3342	5
3343	2
3344	5
3345	3
3346	4
3347	3
3348	2
3349	3
3351	3
3352	6
3353	2
3355	3
3356	3
3357	2
3358	2
3359	3
3360	1
3361	7
3363	1
3364	2
3365	1
3366	1
3367	6
3368	4
3369	3
3372	1
3373	1
3374	1
3375	5
3376	3
3377	3
3378	2
3380	6
3381	1
3382	2
3383	1
3384	1
3385	2
3386	1
3387	2
3388	2
3389	2
3390	3
3392	2
3393	1
3394	1
3395	1
3396	7
3397	4
3398	1
3399	3
3401	2
3402	1
3403	2
3404	4
3405	1
3406	4
3408	2
3409	2
3410	3
3411	4
3412	2
3413	3
3414	3
3415	3
3416	3
3417	7
3419	2
3420	1
3421	2
3422	1
3423	3
3424	4
3425	1
3427	3
3430	2
3433	5
3434	5
3436	2
3437	1
3438	1
3439	1
3440	3
3441	3
3442	5
3444	4
3445	3
3446	2
3447	3
3448	2
3449	1
3451	1
3452	2
3453	1
3454	1
3455	5
3456	3
3457	4
3458	2
3460	1
3462	1
3463	5
3465	1
3467	1
3468	2
3469	2
3470	4
3471	3
3473	1
3474	2
3475	1
3476	5
3477	3
3478	2
3479	3
3480	2
3481	1
3482	3
3483	3
3485	2
3486	1
3487	3
3488	5
3489	3
3491	1
3492	4
3493	1
3494	1
3495	1
3496	1
3497	2
3498	2
3499	1
3500	1
3503	3
3504	2
3505	1
3506	2
3507	1
3508	2
3509	1
3510	7
3511	7
3512	1
3514	2
3515	2
3516	1
3517	3
3518	2
3519	2
3520	3
3521	2
3522	2
3524	2
3525	1
3526	1
3527	2
3529	2
3530	3
3531	2
3532	2
3533	2
3534	2
3535	1
3536	3
3537	2
3538	1
3540	3
3541	2
3543	3
3544	6
3545	1
3548	1
3549	1
3550	3
3551	4
3552	1
3553	1
3554	2
3555	3
3557	1
3558	1
3559	2
3560	2
3561	2
3562	3
3563	1
3565	3
3566	2
3569	3
3570	1
19954	1
3571	2
3572	3
3573	3
3574	4
3575	1
3576	1
3577	1
3579	1
3580	1
3584	1
3585	1
3587	1
3588	1
3589	2
3591	1
3592	1
3593	1
3595	5
3596	1
3597	3
3598	4
3600	2
3601	1
3602	2
3603	2
3604	2
3605	2
3606	1
3607	1
3609	2
3610	1
3611	1
3613	1
3614	3
3615	1
3616	6
3617	3
3618	3
3619	1
3621	2
3622	1
3623	1
3624	3
3625	1
3626	2
3627	3
3628	3
3629	3
3630	2
3631	2
3632	2
3633	2
3634	2
3635	2
3636	1
3637	1
3638	1
3639	2
3641	2
3642	1
20026	1
3643	3
3644	1
3645	1
3646	1
3647	3
3648	4
3649	4
3650	1
3651	1
3653	4
3654	3
3656	1
3657	1
3659	2
3660	2
3661	2
3662	3
3663	1
3664	3
3665	2
3666	1
3667	3
20052	1
3669	1
3670	1
3671	2
3672	4
3673	3
3674	2
3675	1
3676	3
20060	1
3677	1
3679	1
20063	1
3680	1
3681	1
3682	2
3683	2
3685	3
3686	1
3687	2
3689	2
3690	5
3691	3
3692	2
3693	1
3694	6
3695	4
3696	1
3697	2
3699	2
3700	3
3701	3
3702	2
3704	2
3705	1
3707	3
3708	2
3710	1
3712	1
3713	1
3714	2
3715	1
3716	1
3717	1
3719	4
3720	3
3721	1
3723	4
3724	1
3725	3
3726	2
3727	2
3728	1
3730	2
3731	2
3733	3
3734	2
3736	2
3737	2
3738	3
3740	2
3741	2
3742	1
3743	3
3744	1
3745	2
3746	2
3747	3
3748	3
3749	5
3750	4
3751	1
3752	3
3753	1
3754	1
3756	1
3758	6
3760	1
3761	2
3762	2
3763	1
3765	2
3766	1
3767	1
3768	1
3769	2
3770	1
3771	1
3772	1
3773	2
3774	2
3776	4
3777	3
3778	1
3779	2
3780	3
3781	2
3782	1
3784	2
3785	1
3786	1
3787	1
3788	1
3789	2
3790	1
3791	4
3794	1
20179	1
3795	1
3797	1
3798	1
3800	1
3801	1
3803	1
3804	2
3805	1
3807	1
3808	3
3809	1
20194	1
3812	1
3813	2
3814	2
3816	4
3817	1
3818	1
3820	2
3821	2
3822	1
3823	3
3824	1
3825	1
3826	1
3827	3
3828	1
3829	2
3830	1
3831	2
3833	4
3834	1
3835	2
3836	1
3837	4
3838	1
3839	1
3840	2
3841	2
3843	2
3844	1
3845	1
3846	1
3848	2
3850	1
3852	1
3853	1
3854	2
3856	1
3859	2
3860	1
3862	2
3863	1
3864	1
3866	4
3867	4
3868	3
3869	1
3870	2
3871	2
3872	3
3873	1
3874	2
3875	2
3876	2
3878	2
3880	2
3881	1
3882	3
3883	2
3884	2
3885	1
3886	1
3887	1
3888	4
3892	1
3893	5
20278	1
3895	1
3896	1
3897	2
20281	1
3898	2
3899	2
3900	1
3901	1
3903	3
3904	2
3905	2
3906	2
3907	1
3909	2
3910	4
3911	2
3913	2
3914	1
3916	2
3917	2
3918	2
3919	1
3920	1
3921	1
3923	1
3924	1
3925	3
3928	1
3929	1
3930	2
3931	3
3933	3
3934	1
3935	5
3936	1
3937	1
3938	1
3939	1
3940	2
3942	4
3943	1
3945	1
3946	1
3947	1
3948	1
3949	2
3950	1
3953	2
3954	1
3955	1
3956	2
3957	1
3959	2
3960	1
3961	2
3962	3
3963	1
3967	3
3968	1
3969	6
3970	4
3971	1
3972	3
3974	2
3977	1
3978	3
3980	3
3981	1
3982	3
3983	1
3984	2
3986	2
3987	2
3988	2
3989	1
3992	1
3993	3
3994	2
3995	2
3997	1
3998	2
3999	3
4000	4
4001	1
4002	3
4003	1
4004	1
4005	1
4006	3
4009	3
4011	2
4012	1
4014	3
4015	3
20399	1
4018	4
4019	5
4021	3
4022	1
4024	2
4025	1
4026	1
4028	1
4029	1
4031	1
4032	2
4034	1
4035	1
4036	1
4037	1
4038	1
4039	1
4040	3
4042	3
4046	1
4047	3
4048	2
4049	1
4050	1
4051	2
4053	3
4055	1
4056	2
20440	1
4057	3
4058	1
4059	3
4060	2
4061	1
4062	1
4063	3
4064	2
4065	1
4067	1
4068	2
4069	2
4071	1
4072	3
4073	2
4075	2
4076	1
4078	2
4079	3
4080	3
4081	2
4082	1
4083	2
4084	2
4086	1
4087	2
4088	1
20473	1
4090	5
4092	1
4094	2
4095	1
4096	1
4097	3
4099	1
4101	1
4102	3
4104	2
4105	1
4108	1
4110	1
4111	2
4113	3
4114	3
4115	1
4116	1
4117	3
4119	1
4125	2
4126	2
4127	1
4128	2
4129	3
4130	3
4131	4
4132	2
4134	2
4136	1
4139	4
4143	4
4146	2
20530	1
4148	2
4149	2
4150	1
4151	3
4152	2
4154	1
4156	2
4157	2
4158	2
4159	1
4160	2
20545	1
4161	3
4162	1
4163	1
4164	3
4165	3
4166	2
4169	3
4170	2
4171	1
4172	2
4173	2
4176	1
4177	3
4178	2
4179	2
4180	1
4181	2
4182	1
4183	2
4186	3
4187	3
4188	2
4190	2
4191	2
4192	2
4195	3
20579	1
4196	1
20580	1
4199	1
4201	1
4202	1
4203	4
4204	3
4206	1
4208	1
4209	3
4210	1
4211	2
4212	1
4216	2
4218	1
4220	3
4221	3
4223	1
4224	2
4225	2
4226	3
4228	2
4230	1
4231	2
4233	3
4234	1
4235	1
4236	1
4237	1
4238	1
4239	1
4241	1
4242	1
4244	3
4245	1
4246	1
4247	1
4248	1
4249	1
4251	3
4252	2
4253	2
4254	3
4255	2
4256	1
4257	1
4259	1
4260	1
4262	1
4263	1
4265	3
4266	4
4269	1
4270	3
4273	1
4274	1
4275	1
4277	2
4278	3
4280	1
4281	3
4282	3
4283	1
4287	1
4288	2
4290	1
4291	1
4293	1
4295	1
4297	3
4299	3
4301	1
4302	1
4303	1
4306	2
4307	1
4308	1
4309	1
4310	3
4311	3
4312	1
4313	1
4314	1
4316	3
4317	4
4319	2
4320	1
4323	1
4326	1
4327	1
4328	2
4329	2
4330	1
4332	1
20716	1
4334	2
4335	2
4337	3
4342	2
4343	1
4346	2
4348	2
4349	2
4350	1
4351	3
4353	3
4354	1
4355	3
4356	1
4359	2
4361	2
4362	1
4364	2
4365	3
4366	2
4367	1
4370	1
4373	1
4374	1
4377	1
4379	1
4381	2
4383	1
4384	1
20770	1
4387	3
4389	1
4390	1
4393	1
4395	1
4397	1
4399	1
4400	1
4401	1
4402	1
4403	4
4404	2
4406	2
4408	2
4410	1
4411	1
4412	1
4413	1
4414	2
4416	1
4417	1
4421	2
4424	1
4427	1
4429	1
4430	1
4435	1
4436	2
4437	2
4438	2
4439	2
4440	2
4441	2
20826	1
4443	2
4445	1
4447	1
4448	1
4449	1
4451	1
4452	1
4454	1
4455	2
4456	1
4457	1
4460	1
4461	1
4464	1
4466	2
4469	1
4472	1
4473	2
4475	1
4479	1
4482	3
4485	1
4486	1
4492	4
4493	1
4494	1
4495	1
4498	2
4499	1
4502	1
4506	1
4507	2
4508	1
4509	1
4511	2
4513	2
4517	1
4518	2
4519	2
4520	1
4521	1
4523	1
4525	1
4526	1
4527	1
4528	1
4530	1
4532	2
4535	3
4537	4
4538	1
4539	1
4540	4
4544	3
4545	2
4546	1
4547	1
4548	1
4550	2
4552	1
4555	1
4556	1
4557	1
4558	2
4559	1
4560	2
4561	4
4562	1
4566	1
4567	2
4569	3
4570	1
4571	1
4573	1
4574	1
4579	1
4585	1
4586	2
4588	2
4589	1
4590	1
4591	3
4592	1
4593	1
4594	1
4595	1
4596	1
4597	1
4600	1
4602	1
4603	2
4606	2
4608	1
4609	1
4611	1
4612	1
4613	1
4615	2
4616	1
4617	1
4618	2
4620	1
4621	1
4622	1
4625	2
4627	1
4630	3
4631	2
4632	1
4633	1
4636	1
4638	3
4640	1
4641	1
4642	1
4643	2
4644	1
4645	1
4650	3
4651	1
21035	1
4653	2
4654	1
4656	5
4657	1
4658	1
21043	1
4660	1
4661	2
4662	1
4663	2
4666	1
4667	1
4671	2
4672	1
4673	2
4674	1
4678	1
4679	2
4680	1
4682	1
4683	1
4685	1
4686	2
4688	1
4689	1
4690	1
4693	1
4696	1
4697	2
4698	2
4702	1
4705	1
4706	2
4708	2
4711	1
4712	1
4714	1
4715	1
4716	1
4718	1
4719	2
21105	1
4723	2
4724	1
4725	4
4726	2
4729	2
4730	1
4731	2
4732	3
4733	2
4735	2
4739	3
4740	1
4745	1
4746	1
4748	2
4749	2
4751	1
4752	2
4753	1
4754	1
4756	2
4757	1
4758	1
4759	1
4761	1
4762	1
4763	1
4771	2
4773	1
4774	1
4775	1
4779	1
4780	1
4789	1
4792	1
4794	1
4795	1
4796	1
4801	1
4802	1
4803	3
4805	1
4807	1
4808	1
21193	1
4811	2
4812	2
4813	1
4815	1
21201	1
4817	2
4819	1
4822	4
4823	1
4825	4
4826	2
4827	1
4830	1
4831	3
4832	2
4833	3
4834	1
4835	2
4837	3
4838	2
4840	1
4842	1
4843	2
4845	1
4847	2
4848	1
4850	1
4851	3
4852	2
4854	2
21239	1
4857	1
4858	1
4859	1
4863	1
4864	1
4866	1
4868	1
4869	2
4871	1
4876	3
4878	3
4880	1
4882	1
21268	1
4886	1
21270	1
4887	2
4888	1
4891	2
4894	1
4895	2
4896	1
4901	2
21286	1
4905	1
4908	1
4909	2
4911	1
4912	1
4914	2
4916	1
4922	1
4926	1
4927	5
4930	4
4931	1
4933	1
4934	1
4935	1
4937	1
4938	1
4942	2
4945	1
4946	1
4948	2
4950	2
4951	2
4952	2
4955	2
4958	1
4959	1
4961	1
4962	2
4965	1
21350	1
4966	1
4969	1
4970	2
4971	2
4973	1
4974	2
4980	1
4982	1
4983	3
4986	1
4988	2
4992	1
4993	1
4994	1
4998	1
4999	1
5003	1
5004	1
5005	1
5006	1
5008	2
5009	1
5010	2
5011	1
5013	3
5014	1
5016	1
5019	1
5020	1
5021	1
5030	1
5033	1
5034	2
5038	1
5039	1
5043	1
5044	2
5045	2
5046	1
5048	1
5049	1
5050	2
5051	1
5056	1
5058	1
5059	2
5060	1
5062	1
5063	1
5064	1
5066	3
21450	1
21452	1
5068	1
5069	1
5072	1
5073	1
5076	2
21460	1
5077	1
5078	1
5079	1
5080	2
5081	1
5084	1
5086	2
5087	1
5088	1
5090	1
5099	1
5101	2
5102	1
5103	1
5104	1
21490	1
5106	1
5107	1
5109	1
5110	2
5113	1
5114	2
5116	1
5117	1
5119	3
5120	1
5123	1
5126	2
5128	2
5130	2
5131	1
5132	1
5133	1
5136	1
5140	1
5142	1
5144	1
5146	1
5149	1
5150	1
5151	1
5153	3
21537	1
5154	1
5155	1
5156	2
5158	1
5159	1
5160	2
5162	1
5167	1
5168	1
5169	1
5170	1
5171	1
5172	1
5176	1
5179	1
5181	2
5185	1
21570	1
5188	2
5189	1
5191	1
5195	1
5198	4
5199	1
5201	1
5202	1
5203	1
21588	1
5205	1
5207	3
5208	1
5209	1
5213	1
5214	1
5219	2
5220	2
5221	1
5222	3
5223	2
5224	1
5226	2
5228	1
5229	1
5230	1
5232	1
5234	1
21620	1
5237	3
5238	1
5239	2
5241	2
5242	3
5244	1
5246	1
5248	2
5253	1
5255	1
5257	1
5259	1
5262	1
5265	1
5273	1
5274	2
5276	1
5278	1
21664	1
5286	1
5287	1
5288	3
21672	1
5293	1
5296	3
5297	3
5301	3
5304	1
5305	1
5306	2
5307	2
5308	1
5309	1
5311	2
5318	2
5319	1
5322	1
5325	1
5328	1
5333	1
5334	1
5337	3
21721	1
5341	1
5343	1
5347	1
5348	1
5349	1
5355	1
5357	1
5358	1
5360	1
5365	1
21750	1
5367	1
5368	1
5373	1
5375	3
5383	2
5385	1
5386	1
5387	1
5388	1
5393	1
5395	1
5397	1
5400	1
5403	1
5407	2
5408	1
5413	1
5415	1
5416	1
5417	1
5420	2
5421	1
5423	2
5424	1
5426	2
5427	2
5429	1
5433	1
5435	1
5449	1
5450	1
5451	1
5452	1
5453	1
5455	1
5456	1
5458	1
21842	1
5459	1
5460	2
5461	1
5462	2
5463	1
5464	2
5465	2
5468	1
5470	2
5471	1
5473	2
5475	1
5476	2
5477	2
5478	1
5480	1
5481	1
5487	1
5490	1
5491	2
5492	1
5494	1
5495	1
5496	1
21882	1
5501	1
5502	1
5506	2
5507	1
5509	1
5510	2
5511	1
5513	1
5514	1
5516	1
5522	1
5529	1
5530	1
5531	1
5532	1
5533	1
5537	1
5538	1
5541	2
5546	1
5547	1
5548	2
5551	2
5554	1
5555	2
5558	2
5562	1
5564	1
5570	1
5574	1
5575	2
5576	1
5577	1
5578	2
5582	1
5584	1
5587	1
5592	2
5597	1
5600	1
5603	1
5606	1
5610	1
5612	1
5615	2
5617	1
5618	1
5619	1
5622	1
5623	2
5626	1
5630	1
5631	2
5633	1
5634	3
5635	1
5636	1
5641	2
5643	2
5645	1
5647	2
5652	1
5653	1
5654	1
5655	2
5659	2
5664	1
5666	1
5669	2
5670	1
5676	3
5677	3
5679	1
5687	1
5693	1
5698	1
5699	1
5700	1
5701	3
5702	1
5706	1
5707	1
5710	2
5714	1
5717	1
5719	1
5722	1
5726	1
5730	2
5731	1
5734	1
5738	1
5740	1
5742	2
5745	2
5748	1
5749	1
5752	1
5757	1
5758	1
5759	2
5760	1
5762	2
5763	1
5764	2
5765	2
5767	1
5768	1
5769	1
5771	2
5773	1
5775	1
5784	1
5786	1
5788	1
5790	1
5791	1
5794	1
5795	2
5798	1
5802	2
5806	2
22191	1
5809	1
5811	1
5812	1
5815	1
5816	3
5819	1
5823	1
5824	1
5827	3
5831	1
5832	3
22218	1
5837	1
5840	2
5842	1
5845	1
5846	1
5847	1
5850	1
5855	3
5860	1
5866	1
5868	1
5869	1
5870	2
5871	3
5872	1
5873	1
5874	1
5875	1
5876	1
5877	1
5878	2
5880	1
5881	1
5882	1
5883	1
5885	1
5891	1
5897	1
5898	1
5906	1
5916	3
5919	1
5922	1
5925	1
5926	1
5935	1
5937	1
5938	1
5943	1
5944	1
22331	1
5955	1
5965	2
5968	2
5970	1
5971	1
5972	1
5973	2
5976	1
5978	1
5980	2
5983	1
5985	1
5986	1
5989	1
5990	1
5993	2
5996	3
5997	1
5998	1
6002	1
6003	2
6007	1
6008	1
6011	1
6023	1
6024	1
6025	1
6030	1
6036	1
6040	1
6042	1
6044	1
22429	1
6045	1
6049	1
6051	1
6055	2
6059	2
6060	1
6063	1
6065	2
6069	1
6070	1
6071	1
6072	2
6076	2
6080	2
6082	1
6089	1
6092	1
6094	1
6105	1
6106	2
6109	1
6113	1
6115	1
6118	1
6120	1
6126	1
6129	1
6132	2
6134	1
6138	2
6140	1
6144	2
6148	1
6149	1
22538	1
6160	1
6165	1
6167	1
6168	2
6172	1
6176	1
6179	1
6188	2
22573	1
6191	1
6200	1
6202	1
6206	1
6208	2
6209	1
6210	1
6216	1
6219	2
6220	1
6221	1
6229	1
6233	1
6235	1
6240	1
6243	1
6244	2
6246	1
6250	2
6257	1
6263	1
6265	1
6274	1
6275	2
6277	1
6278	1
6281	1
6283	1
6285	1
6287	1
6288	1
6297	1
6301	1
6306	1
6309	1
22694	1
6313	1
6323	1
6326	1
6340	1
6341	1
6345	1
6351	1
6352	1
6355	1
6356	1
6357	1
6365	1
6366	1
6369	1
6371	1
6379	1
6381	1
6386	1
6388	1
6393	1
6394	1
6398	1
6406	1
6407	2
6408	1
6409	1
22793	1
6410	1
22795	1
6411	1
6419	1
6421	1
6424	2
6426	1
6432	1
6433	1
6437	1
6442	1
6443	1
6444	1
6448	2
6452	1
6454	1
6461	2
6463	1
6466	1
6468	2
6476	1
6482	1
6484	1
6488	1
6489	1
6490	1
6493	1
6497	1
6498	1
6503	1
6504	2
6505	1
6506	1
6508	1
6517	1
6519	1
6520	2
6522	1
6525	1
6526	2
6540	1
6541	1
6543	1
22931	1
6547	1
6550	1
6551	1
6555	1
6558	1
6559	1
6562	1
6563	1
22950	1
6567	1
6568	1
6569	1
6570	1
6571	1
6581	1
6582	1
6583	1
22971	1
6589	1
6592	1
6598	2
6600	1
6601	1
6607	1
6618	1
6619	1
6620	1
6622	3
6623	1
6624	1
6629	1
6631	1
23019	1
6639	1
6643	2
6645	1
6646	2
6649	3
6653	1
6655	1
6663	2
6667	1
6668	2
6675	1
6680	1
6686	1
6687	1
6690	2
6693	1
6695	1
6696	1
6700	2
6711	1
6714	1
6715	1
6717	1
6722	1
6730	1
6732	2
6747	1
6760	1
6765	1
6766	1
6767	1
6772	1
6774	1
6776	1
6778	2
6779	1
6784	1
6785	1
6797	1
6803	1
6810	1
6814	1
6816	1
6823	2
6828	1
6829	1
6834	1
6841	1
6844	1
6849	1
6850	1
6856	1
6858	1
6866	1
6880	2
6883	1
6884	1
6885	1
6889	1
6891	1
6893	1
23279	1
6895	1
6896	1
6897	1
6898	1
6901	1
6902	2
6903	2
6904	1
6908	1
6910	1
6912	1
6914	1
6920	1
6924	1
6928	1
6929	1
6937	1
6938	2
23324	1
6942	1
6945	1
6946	1
6947	2
6949	1
6954	1
6957	1
6958	1
6960	1
6964	3
6969	1
23360	1
6978	2
6979	1
6980	1
6984	1
6990	2
6994	1
6995	2
6998	2
7001	1
7007	1
7008	1
7019	1
7022	3
7025	1
7026	2
7027	1
7031	1
7032	1
7041	1
7047	1
7048	1
7053	1
7058	1
7069	1
7073	2
7074	1
7078	1
7080	1
23467	1
7085	1
7087	2
7093	1
7095	1
7096	1
7097	1
7098	1
7100	1
7103	1
7104	2
7105	1
23494	1
7113	1
7119	1
7120	1
7122	1
7140	1
7144	1
7154	1
23539	1
7159	1
7163	2
7166	2
7167	1
7173	1
7177	1
7179	1
7180	1
7182	1
7183	1
23568	1
7185	1
7186	1
7189	1
7190	1
7191	1
7196	1
7197	1
7198	1
7204	3
7205	1
7207	2
23592	1
7211	1
7212	1
7217	1
7219	1
7220	2
7223	1
7224	1
7228	2
7235	1
7236	1
7237	1
7239	1
7256	1
7257	2
7264	1
7265	1
7266	1
7272	1
23658	1
7274	1
7278	1
7281	1
7282	1
7284	1
7285	1
7286	1
7287	1
7290	1
7293	1
7299	1
7300	2
7302	1
7304	1
7305	1
7311	1
7312	1
7317	1
7320	1
7325	1
7331	1
7335	1
7336	1
7337	1
23721	1
7340	2
7347	1
7349	1
7351	1
7355	1
7359	1
7368	1
7370	1
7372	1
7377	1
7378	1
7379	1
7387	1
7388	1
7389	1
7394	1
7395	1
23787	1
7407	1
7408	3
7409	1
7410	1
7412	1
7413	1
7417	1
7418	1
7419	3
7421	1
7425	1
7431	1
7434	1
7435	1
7441	1
7443	1
7444	1
7445	1
7447	2
7448	1
23833	1
7456	1
7462	1
7465	1
7471	2
7474	1
7477	1
7478	1
7480	1
7482	2
7484	1
7489	1
23874	1
7491	2
7492	1
7495	1
7497	1
7499	1
7501	1
7506	1
7509	1
7511	1
7512	1
7513	1
7516	1
7517	1
7518	1
7520	2
7526	2
7527	1
7528	2
7529	1
7531	2
7537	1
7547	1
7552	1
7561	1
7562	1
7564	1
7568	1
7570	1
7571	1
7574	1
7575	1
7577	1
7579	1
7581	1
7582	2
7586	1
7590	1
7592	2
7593	1
7596	3
7597	1
7600	1
7601	1
7605	1
7606	1
7608	1
7611	1
7617	1
7620	1
7621	1
7623	1
7629	1
7634	1
7638	1
7642	1
7644	1
7645	1
7646	1
7648	2
7649	1
7650	1
7651	1
7661	1
7662	1
7664	1
7667	1
7669	2
7671	1
7683	1
7687	1
7695	1
24079	1
7699	1
7701	1
7706	1
7711	1
7713	1
7717	1
7720	1
7721	1
7731	1
7734	1
7735	2
7736	1
7737	1
7742	1
7748	1
7749	1
7752	1
7754	1
7755	1
7756	1
7761	1
7764	1
7767	1
7770	1
7779	1
7783	1
7785	2
7787	2
7788	1
7790	2
7791	1
7795	1
7796	1
7797	1
7798	1
7801	1
7805	1
7813	1
7814	1
7817	1
7822	1
7825	1
24209	1
7838	1
7843	1
7849	1
7854	2
7855	1
7856	2
7857	1
24241	1
7858	1
7860	1
24252	1
7868	1
24253	1
7875	2
7876	1
7878	1
7879	1
7880	2
7881	1
7882	1
7886	1
7888	3
7898	1
7905	1
7907	1
7909	1
7913	1
7917	1
7923	1
7925	1
7936	1
7940	1
7943	1
7948	1
7950	1
7952	1
7953	1
7958	1
7961	1
7962	1
7965	1
7971	1
7972	1
7974	1
7977	1
7984	2
7995	1
7996	1
7997	3
7999	2
8001	1
8023	1
8026	1
8028	1
8030	1
8033	1
8035	1
8052	2
8054	1
8057	1
8060	1
8062	1
8068	1
8069	1
8076	1
8078	1
8079	1
8081	1
8084	1
8087	2
8089	1
8092	1
8093	1
24487	1
8108	3
8109	1
8111	2
8115	1
8116	1
8122	2
8127	1
8128	1
8133	1
8137	1
8142	2
8146	1
8152	1
8154	1
8159	1
8161	1
8162	1
8167	1
8168	1
8171	1
8174	1
8176	1
8192	1
8193	1
8195	1
8196	1
8203	1
24589	1
8206	1
8208	1
8210	1
8216	2
8217	2
8219	2
8223	1
8229	1
8231	1
8235	1
8241	1
8242	1
8243	1
8248	1
8249	1
8250	2
8255	2
8268	1
8275	2
8282	2
8284	1
8287	1
8290	2
8291	1
8296	1
8303	1
8309	1
8313	1
8317	1
8321	1
8323	1
8326	1
8328	1
8332	1
8335	1
8337	1
8338	1
8339	1
8342	1
8346	1
8351	1
8355	2
8359	1
8364	1
8365	1
8366	2
8371	1
8377	1
8380	1
8381	1
8382	1
8384	1
8386	1
8394	1
8404	1
8415	1
8421	1
8422	1
8428	1
8430	1
8440	1
8447	2
8449	1
8454	1
8455	1
8460	1
24846	1
8462	1
8466	1
8468	1
8470	1
8472	1
8474	1
8478	1
8482	1
8483	2
8486	1
8488	1
8498	1
8500	1
8501	1
8502	1
8504	1
8506	1
8507	1
8510	1
8517	2
24901	1
8521	1
8527	2
8539	1
8545	1
8549	1
8552	2
8558	1
8562	1
8568	1
8570	1
8571	2
8572	1
8574	1
8575	1
8584	1
8586	1
8588	1
8589	1
24975	1
8592	2
24982	1
8599	1
8600	1
8601	1
8605	1
8611	1
8612	1
8617	1
8620	1
8621	2
8623	1
8624	1
8633	2
8635	1
8639	2
8643	2
8651	2
8654	1
8655	1
8658	1
25043	1
8661	1
8663	2
8664	1
8669	2
8670	1
8673	1
8674	1
8675	1
8676	1
8677	1
8684	1
8705	1
8706	1
8707	2
8708	1
8716	1
8723	1
8732	1
8736	1
8740	1
8741	1
8756	1
8767	2
8775	1
8776	1
8778	2
8780	1
8781	1
8782	2
25167	1
8784	1
8789	1
8791	1
8794	1
8804	1
8809	1
8811	1
8819	1
8824	1
8828	2
8829	1
8830	2
8832	2
8834	1
8835	1
8837	1
8838	1
8839	1
8841	1
8844	1
8846	2
8849	1
8852	1
8853	1
8855	1
8856	1
8863	1
8875	1
8876	2
8883	1
8884	2
8889	1
8890	1
8895	2
8900	1
8901	1
8902	1
8905	1
8913	1
8923	1
8925	1
8928	2
8932	1
8934	2
8936	1
8941	1
8948	1
8952	1
8956	1
8957	1
8958	1
8959	1
8961	1
8962	1
8964	2
8965	1
8966	1
8974	2
8976	1
8977	2
8982	3
8983	2
8988	1
8990	1
8996	1
8999	1
9000	1
9006	1
9008	1
9020	2
9026	1
9039	1
9048	2
9057	1
9068	2
9074	3
9079	1
9080	1
9083	1
9087	1
9088	1
9097	1
9101	1
9109	1
9122	1
9124	1
9127	1
9137	1
9142	1
9146	1
9147	2
9148	1
9150	2
9152	1
9159	2
9164	2
9166	1
9170	1
9171	2
9173	1
9182	1
9183	2
9187	2
9193	1
9196	1
9197	1
9217	1
9219	2
9221	1
9222	1
9224	1
9225	1
9233	2
9234	2
9238	1
9240	2
9243	1
9246	1
9252	1
9257	1
9259	1
9263	1
9275	1
9277	1
9284	1
9285	2
9287	1
9289	1
9291	1
9304	1
9308	1
9311	1
9314	1
9317	1
9318	1
9322	1
9330	1
25717	1
9336	1
9337	1
9340	1
9353	1
9358	1
9361	1
9363	1
9364	1
9365	1
9377	1
9381	1
9382	1
9385	1
9388	1
9400	2
9404	1
9407	1
9411	2
9412	1
9415	1
9420	1
9422	1
9461	2
9466	1
9481	1
9490	1
9493	1
9494	2
9496	1
9497	1
9498	1
9502	1
9505	1
9508	1
9509	2
9510	1
9512	1
9514	1
9520	1
9525	1
9532	1
9533	1
9545	1
9549	1
9550	1
9577	1
9578	1
9582	1
9587	1
9591	1
9595	1
9604	2
9607	1
9612	1
9617	1
9623	1
9624	1
9631	1
9632	1
9633	1
9634	2
9637	1
9638	2
9649	2
9663	1
9667	1
9669	1
9680	1
9681	1
9693	1
9697	2
9698	1
9700	1
9701	1
9702	1
9708	1
9711	1
9717	1
9721	1
9724	1
9728	1
9731	2
9734	2
9739	2
9740	2
9750	1
9764	2
9770	1
9771	1
9796	1
9801	1
9804	1
9814	1
9815	1
9823	1
9827	1
9829	1
9832	2
9836	1
9849	1
9851	1
9854	1
9856	3
9859	1
9878	1
9888	1
9892	1
9895	1
9896	1
9899	1
9903	1
9925	1
9928	1
9933	1
9940	1
9942	1
9945	1
9954	1
9958	1
9963	2
9968	1
9969	1
9970	2
9978	1
9979	1
9989	1
10007	1
10017	2
10020	1
10021	1
10026	2
10037	1
10039	1
10042	1
10044	1
10045	1
10063	3
10066	1
10068	1
10074	1
10076	1
10078	1
10079	1
10087	1
10089	1
10092	1
10096	2
10102	1
10106	1
10112	1
10119	1
10122	1
10125	1
10143	1
10144	1
10152	2
10153	3
10154	1
10157	1
10158	2
10159	1
10162	1
10178	2
10179	2
10181	1
10188	1
10190	1
10197	1
10202	1
10205	1
10208	1
10210	1
10212	1
10214	1
10218	1
10222	1
10224	1
10227	1
10234	1
10243	1
10247	1
10249	1
10253	1
10257	1
10267	1
10275	1
10284	1
10288	1
10291	2
10298	1
10299	2
10303	1
10304	1
10311	1
10316	1
10322	1
10332	1
10339	1
10340	1
10341	1
10348	1
10349	1
10352	1
10355	1
10356	1
10360	1
10363	1
10368	1
10370	1
10371	1
10380	1
10395	1
10401	2
10413	1
10417	1
10424	1
10430	1
10437	1
10440	1
10446	1
10447	1
10454	1
10459	1
10460	1
10461	1
10479	2
10487	2
10501	1
10511	1
10520	1
10530	1
10533	1
10541	1
10549	1
10554	1
10558	1
10560	1
10567	1
10570	2
10581	1
10592	1
10599	1
10603	1
10611	1
10613	1
10614	2
10622	1
10623	1
10632	1
10636	1
10640	1
10652	1
10653	1
10657	1
10664	1
10677	1
10678	1
10680	1
10689	1
10701	2
10714	1
10715	1
10719	1
10723	1
10728	1
10734	1
10736	1
10742	1
10747	1
10751	1
10752	1
10755	1
10760	2
10763	1
10789	1
10792	1
10794	1
10797	1
10800	1
10801	1
10805	1
10817	1
10823	1
10833	1
10836	1
10838	2
10848	1
10851	2
10859	1
10863	1
10870	1
10873	1
10887	1
10896	1
10897	1
10898	1
10913	1
10919	1
10921	1
10925	1
10926	1
10928	2
10935	1
10937	1
10938	1
10954	1
10956	1
10959	1
10961	1
10962	2
10964	1
10968	1
10971	2
10979	3
10983	1
10984	1
10989	1
11006	1
11016	1
11019	1
11023	1
11024	1
11026	1
11027	1
11035	1
11037	1
11051	1
11055	1
11059	1
11064	2
11074	1
11076	1
11078	1
11081	1
11093	1
11098	2
11101	1
11102	1
11104	1
11116	2
11119	1
11125	1
11128	1
11143	2
11147	1
11151	1
11160	1
11163	1
11168	1
11172	1
11175	2
11176	1
11177	1
11179	1
11183	1
11186	1
11188	1
11191	1
11197	1
11200	1
11206	1
11214	1
11219	1
11231	1
11246	1
11248	1
11250	2
11252	1
11254	1
11261	1
11262	1
11283	1
11285	2
11287	4
11294	1
11300	1
11308	1
11310	1
11321	1
11326	1
11328	1
11330	1
11333	1
11349	1
11350	1
11352	1
11353	1
11355	1
11363	1
11364	1
11367	1
11370	2
11372	1
11374	1
11378	2
11379	1
11382	1
11384	1
11389	1
11391	1
11395	1
11409	1
11414	1
11422	1
11425	1
11430	1
11432	1
11443	1
11444	2
11450	1
11451	1
11455	1
11461	1
11482	1
11487	1
11492	1
11501	1
11502	1
11504	2
11508	2
11512	1
11513	1
11519	2
11521	1
11533	1
11535	1
11536	1
11541	1
11546	1
11548	1
11560	1
11564	1
11573	1
11574	1
11582	1
11586	1
11600	1
11601	1
11605	2
11627	1
11633	1
11639	1
11660	1
11664	1
11668	1
11670	1
11675	1
11684	1
11685	1
11687	1
11691	1
11695	1
11700	1
11704	1
11706	1
11707	1
11708	1
11711	1
11727	1
11746	1
11747	1
11750	1
11757	1
11758	1
11759	2
11763	1
11766	1
11770	1
11782	1
11804	1
11805	1
11807	1
11811	1
11812	1
11820	1
11824	1
11835	1
11836	1
11839	1
11845	1
11846	1
11853	1
11855	1
11856	1
11863	2
11866	1
11868	1
11872	1
11880	1
11882	2
11892	1
11909	1
11913	1
11915	1
11921	1
11934	1
11938	1
11939	1
11942	1
11943	1
11946	1
11951	1
11967	1
11972	2
11976	1
11984	1
11985	1
11992	1
12001	2
12006	2
12020	1
12028	1
12039	1
12041	1
12043	1
12054	1
12055	2
12057	1
12060	1
12061	1
12062	1
12070	1
12072	1
12073	1
12075	1
12082	1
12086	1
12110	1
12121	1
12130	1
12135	1
12141	1
12146	1
12147	1
12161	3
12168	1
12171	1
12187	1
12192	1
12214	1
12218	1
12222	1
12228	2
12229	1
12233	2
12234	1
12235	3
12240	1
12244	1
12248	1
12249	1
12252	2
12263	1
12276	1
12287	1
12290	1
12298	1
12301	1
12302	1
12308	1
12320	2
12323	1
12325	2
12327	1
12328	1
12339	1
12341	1
12346	1
12350	1
12354	1
12356	1
12357	1
12365	1
12366	1
12370	1
12372	1
12376	1
12381	1
12421	1
12425	1
12427	1
12432	1
12447	1
12449	1
12455	1
12459	1
12468	1
12469	1
12476	1
12477	2
12481	1
12485	1
12498	1
12500	1
12533	1
12540	1
12542	1
12544	1
12546	1
12549	1
12551	1
12554	1
12558	1
12570	1
12573	1
12575	1
12579	1
12589	1
12596	1
12604	1
12612	1
12616	1
12621	1
12633	2
12634	1
12643	1
12649	1
12650	1
12653	1
12654	1
12655	1
12658	1
12683	1
12705	1
12711	1
12714	1
12733	1
12754	1
12767	1
12776	2
12778	1
12781	1
12784	1
12788	1
12797	1
12800	1
12803	1
12809	1
12824	1
12832	2
12854	1
12855	1
12865	1
12868	1
12870	2
12871	1
12875	2
12876	1
12886	1
12890	1
12894	1
12905	1
12908	1
12916	1
12930	1
12934	2
12936	1
12948	2
12960	1
12970	1
12972	1
12981	1
12982	1
12984	1
12992	1
12998	1
13000	1
13001	1
13003	1
13010	1
13023	1
13039	1
13052	2
13054	1
13069	1
13070	1
13071	1
13075	1
13077	1
13078	1
13081	2
13092	1
13097	1
13098	1
13120	1
13132	1
13136	1
13138	1
13145	1
13151	1
13155	1
13159	1
13172	1
13181	1
13183	1
13184	1
13193	2
13196	1
13200	1
13218	2
13221	1
13231	1
13237	1
13253	1
13255	1
13288	1
13300	1
13303	1
13304	1
13306	1
13307	1
13309	1
13313	1
13346	1
13349	1
13364	1
13365	1
13367	1
13371	1
13378	1
13383	1
13399	1
13405	1
13406	1
13413	1
13417	1
13431	1
13437	1
13439	1
13453	1
13461	1
13462	2
13465	1
13468	1
13469	1
13473	1
13483	1
13490	1
13506	1
13507	1
13513	1
13517	1
13521	1
13525	1
13546	1
13555	1
13586	1
13611	1
13615	2
13619	1
13627	1
13638	1
13645	1
13660	1
13678	1
13682	1
13694	1
13707	1
13710	1
13712	1
13714	1
13729	1
13737	1
13742	1
13747	1
13750	1
13753	1
13758	1
13767	1
13773	1
13780	1
13782	1
13795	1
13798	1
13802	1
13818	1
13823	1
13841	1
13843	1
13846	1
13847	1
13858	1
13871	1
13882	1
13902	1
13903	1
13931	1
13933	1
13954	2
13961	1
13971	1
13990	1
13991	1
14007	1
14014	1
14027	1
14031	1
14032	1
14034	1
14036	1
14037	1
14042	1
14049	1
14051	1
14054	1
14055	1
14062	1
14084	1
14088	1
14091	1
14096	1
14099	1
14104	1
14123	1
14129	1
14131	2
14138	2
14152	2
14156	1
14169	1
14178	1
14181	1
14186	1
14191	1
14198	1
14233	1
14236	1
14261	2
14278	1
14285	2
14287	1
14297	1
14299	1
14302	1
14315	1
14343	1
14350	1
14357	1
14360	1
14378	1
14384	1
14422	1
14430	1
14432	1
14436	1
14445	1
14454	1
14461	1
14482	1
14486	1
14493	1
14510	1
14529	1
14537	1
14540	1
14544	1
14556	1
14561	1
14565	1
14570	1
14581	1
14585	1
14586	1
14599	1
14614	1
14622	1
14633	1
14653	1
14669	1
14691	1
14695	1
14696	1
14699	1
14722	1
14741	1
14754	1
14758	1
14768	1
14773	1
14836	1
14841	1
14861	1
14863	1
14869	1
14874	2
14879	1
14882	1
14883	1
14888	1
14948	1
14970	1
14980	1
14984	1
15021	1
15028	1
15029	1
15031	1
15058	1
15069	1
15093	1
15104	1
15108	1
15141	1
15143	1
15147	1
15156	1
15171	1
15198	1
15207	1
15212	1
15239	1
15248	1
15278	1
15292	1
15314	1
15331	1
15341	1
15344	1
15352	1
15368	1
15371	1
15392	1
15394	1
15413	1
15437	1
15442	1
15470	1
15480	1
15524	1
15530	1
15565	1
15581	1
15589	1
15650	1
15677	1
15692	1
15733	1
15756	1
15771	2
15774	1
15779	2
15787	1
15795	1
15819	1
15822	2
15840	1
15842	1
15855	1
15930	1
15932	1
15939	1
15945	1
15946	1
15947	1
15954	1
16003	1
16004	1
16057	2
16081	1
16103	1
16116	1
16140	1
16141	1
16197	1
16208	1
16241	1
16259	1
16291	2
16301	1
16307	1
16310	1
16313	1
16327	1
16336	1
16376	1
16377	1
