1	8
2	11
3	6
4	4
5	2
6	5
16390	1
7	5
8	6
9	5
10	14
11	8
12	10
16396	1
13	10
14	11
15	6
16	8
17	5
18	9
19	6
20	5
21	13
22	10
23	16
24	13
25	16
26	8
27	4
28	11
29	14
30	6
31	8
32	9
16416	1
33	5
16418	1
34	6
35	9
36	8
16420	1
37	5
38	7
39	12
40	3
41	8
42	8
43	3
44	5
45	5
46	7
47	5
48	5
49	6
50	7
51	11
16436	1
52	4
53	4
54	6
55	5
16439	1
56	12
57	5
58	6
59	8
60	8
61	5
62	8
63	2
64	6
65	5
66	10
67	5
68	9
69	2
16453	1
70	6
71	4
72	3
73	3
74	8
75	3
76	10
77	7
16461	1
78	3
79	10
80	5
81	13
82	7
83	7
84	9
85	4
86	3
87	9
88	4
89	4
90	5
91	10
92	11
93	10
94	5
95	7
96	7
16480	1
97	7
98	9
99	5
100	4
101	7
102	12
16486	1
103	8
104	4
105	7
106	9
107	15
108	8
109	7
110	8
111	9
112	9
113	4
114	8
115	4
116	7
117	5
118	6
119	4
120	5
121	5
122	2
123	5
124	11
125	5
126	10
127	8
128	8
16512	1
129	6
130	6
131	6
132	11
133	10
134	12
135	6
136	6
137	6
138	5
139	11
16523	1
140	9
141	8
142	5
143	10
144	8
145	10
146	10
147	12
148	11
149	10
150	4
151	9
152	7
153	6
16538	1
154	7
155	5
156	15
157	4
158	5
159	8
160	11
161	5
162	4
163	7
164	11
165	10
166	7
16550	1
167	8
168	11
169	6
170	7
171	8
172	12
173	13
174	3
175	12
16559	1
176	8
177	12
178	10
179	10
180	10
181	7
182	8
183	11
184	9
185	5
186	6
16570	1
187	9
188	11
189	6
190	8
16574	1
191	5
192	10
193	10
194	6
195	7
196	12
197	4
198	9
199	9
200	12
201	12
202	6
203	5
204	4
205	5
206	10
207	11
208	5
209	9
210	8
211	7
212	7
213	3
214	10
215	9
216	13
217	13
218	12
219	9
220	8
16604	1
221	8
222	8
223	14
224	8
225	9
226	7
227	10
228	9
229	8
16613	1
230	15
231	10
232	5
233	5
234	6
235	5
236	6
237	6
238	8
239	7
16623	1
240	12
241	7
242	4
243	13
244	6
245	4
246	12
247	4
248	11
249	13
250	11
251	9
252	12
253	9
254	6
255	12
16639	1
256	10
257	7
258	8
259	5
260	6
261	7
262	7
263	3
264	9
265	6
266	4
267	7
268	10
269	7
270	8
271	10
272	7
16657	1
273	9
274	5
275	5
276	14
277	10
278	9
279	13
280	4
281	4
282	9
283	8
284	12
285	9
286	9
287	12
288	9
289	11
290	15
291	9
292	4
293	13
294	6
295	7
296	9
297	8
298	14
299	14
300	7
301	11
302	8
303	8
304	9
305	7
306	7
307	10
308	9
309	8
310	7
311	5
312	7
313	14
314	9
315	8
316	4
317	8
318	6
319	15
320	10
321	16
322	4
323	11
324	10
325	7
326	4
327	7
328	8
329	11
330	6
331	13
332	5
333	8
334	8
335	5
336	8
337	9
338	10
339	8
340	8
341	6
342	12
343	8
344	9
345	13
346	6
347	10
348	5
349	6
350	13
351	5
352	6
353	3
354	10
355	10
356	5
357	7
358	11
359	9
360	13
361	14
362	11
16746	1
363	7
364	5
365	12
366	16
367	5
368	6
369	3
370	6
371	6
372	6
373	8
374	7
375	9
16759	1
376	7
377	12
378	10
16762	1
379	4
380	13
381	4
382	7
383	5
384	4
385	9
386	9
387	5
388	11
389	7
390	12
391	10
392	9
393	9
394	7
16778	1
395	8
396	8
397	8
398	13
399	8
400	10
401	8
402	4
403	10
404	11
405	2
406	2
407	9
408	7
409	6
410	5
411	8
412	6
413	4
414	12
415	9
416	7
16800	1
417	7
418	2
419	9
420	1
421	5
422	6
423	8
424	6
425	6
426	11
427	6
428	5
429	5
430	8
431	7
432	6
433	12
434	2
435	8
436	8
437	7
438	5
16822	1
439	9
440	6
441	7
442	9
16826	1
443	7
444	9
445	9
16829	1
446	6
447	3
448	6
449	8
450	1
451	10
452	1
453	7
454	6
455	9
456	9
457	5
458	9
459	8
460	6
461	1
462	10
463	5
464	4
465	7
466	7
16850	1
467	8
468	4
469	6
470	15
471	3
472	9
473	2
474	10
475	12
476	8
477	7
478	9
479	4
480	6
481	6
482	6
483	10
484	4
485	10
486	14
487	8
488	3
489	8
490	11
491	5
492	8
493	7
494	3
495	9
496	6
497	8
498	8
499	9
500	9
501	7
502	3
503	6
504	8
505	4
506	7
507	7
508	5
509	5
510	9
511	6
512	6
513	7
514	11
515	3
516	6
517	5
518	4
519	10
520	12
521	8
522	12
523	7
524	7
525	5
526	9
16910	1
527	10
528	12
529	6
530	7
531	12
532	7
533	6
534	10
535	11
16919	1
536	9
537	6
538	9
539	10
540	8
541	8
542	13
543	8
544	5
545	7
546	10
547	5
548	11
549	6
550	12
551	6
16935	1
552	7
16936	1
553	15
554	10
555	5
556	6
557	4
558	11
559	10
560	7
561	7
16946	1
562	4
563	7
16947	1
564	6
565	9
16950	1
566	6
567	8
568	8
569	7
570	7
571	11
572	12
573	9
574	3
575	5
576	6
577	9
578	6
579	15
580	10
581	10
582	6
583	9
584	3
585	6
586	8
587	9
588	11
589	9
590	6
591	8
592	7
593	14
594	5
595	6
596	7
597	5
598	5
16982	1
599	5
600	7
601	5
602	8
603	10
604	11
605	3
606	8
607	8
608	6
609	4
610	7
611	10
612	9
613	6
614	4
615	7
616	8
17000	1
617	13
618	8
619	10
620	5
621	5
622	6
623	7
624	9
625	6
626	7
627	8
628	12
629	10
630	6
631	8
17015	1
632	6
633	7
634	10
635	9
636	8
637	5
638	10
639	9
640	13
641	6
642	10
643	11
644	9
645	5
646	9
647	7
648	5
649	5
17033	1
650	8
651	8
652	6
653	5
654	7
655	13
17039	1
656	8
657	8
658	11
659	9
660	9
661	7
662	7
663	8
664	3
665	9
666	3
667	9
17051	1
668	7
669	8
670	4
671	6
672	8
673	5
674	6
675	6
676	4
677	8
678	7
679	10
680	6
681	7
682	15
683	6
684	10
685	9
686	7
687	8
688	10
689	10
690	5
691	9
692	7
693	12
694	10
695	4
696	7
697	6
698	16
699	5
700	5
701	12
17085	1
702	9
703	6
704	8
705	5
706	5
707	11
708	5
709	8
710	7
711	2
712	4
713	10
714	11
715	10
716	7
717	11
718	5
719	12
720	10
721	10
722	8
723	5
724	7
725	7
726	11
727	7
728	7
729	7
17114	1
731	5
732	7
733	5
734	5
735	7
17120	1
736	7
737	11
17121	1
738	4
739	14
740	6
741	5
742	5
743	5
744	5
745	4
746	7
747	8
748	9
749	8
750	6
751	10
752	8
753	8
754	8
755	7
756	6
757	8
758	7
759	5
760	8
761	9
762	8
17146	1
763	11
764	5
765	9
766	10
767	12
768	10
769	5
770	7
771	3
772	4
773	8
774	13
775	13
776	6
777	9
778	7
779	7
17163	1
780	5
781	12
782	16
783	6
784	13
785	8
786	11
787	5
17171	1
788	12
789	12
790	7
791	4
17175	1
792	11
793	8
794	8
795	5
796	7
797	8
798	10
799	6
800	11
801	12
802	13
803	6
804	10
805	9
17189	1
806	9
807	10
808	5
809	11
810	10
811	10
812	3
813	10
814	10
815	10
816	12
817	7
818	7
819	9
820	3
821	8
822	6
823	7
824	5
825	6
826	12
827	10
828	8
829	7
830	6
831	11
832	9
833	8
834	14
835	6
836	7
837	7
838	5
839	7
840	5
841	8
842	6
843	8
844	10
845	6
846	8
847	4
848	6
849	9
850	11
851	5
852	12
853	7
854	10
855	10
856	12
857	11
858	7
859	3
860	7
861	7
862	9
863	7
864	7
865	6
866	10
867	7
868	5
869	4
870	7
871	9
872	3
873	7
874	5
875	6
876	10
877	7
878	7
879	5
880	9
881	6
882	5
883	6
884	8
17268	1
885	10
886	1
887	5
888	9
889	7
890	10
17274	1
891	6
892	7
17276	1
893	11
894	6
895	9
896	11
897	7
898	4
899	6
900	8
901	7
902	5
903	7
904	9
905	9
906	6
907	9
908	7
909	5
910	3
911	9
912	7
913	6
914	7
915	5
916	9
917	6
918	11
919	4
920	6
921	2
922	8
923	14
924	10
925	13
926	8
927	7
17311	1
928	15
929	6
930	7
931	5
932	12
933	5
934	6
935	11
936	9
937	8
938	11
939	12
940	6
941	7
17325	1
942	5
17326	1
943	8
944	6
945	6
946	2
947	4
948	4
949	8
950	7
951	4
952	8
953	10
954	9
955	6
956	9
957	9
17341	1
958	5
959	9
960	5
961	10
962	11
963	13
17347	1
964	7
17348	1
965	11
966	3
967	8
968	12
969	8
970	6
971	9
972	9
973	10
974	15
975	7
976	3
977	7
978	3
979	7
980	5
981	8
982	11
983	4
984	7
985	6
986	3
987	4
988	12
989	6
990	12
991	9
992	8
993	12
994	14
995	6
996	6
997	5
998	9
999	7
1000	3
1001	9
1002	6
1003	4
1004	8
1005	11
1006	9
1007	15
1008	9
1009	6
1010	6
1011	9
1012	12
1013	8
1014	8
1015	7
1016	5
1017	5
1018	8
1019	9
1020	6
17404	1
1021	6
1022	14
1023	8
1024	7
1025	8
1026	8
1027	10
1028	7
1029	7
1030	14
1031	13
1032	8
1033	8
1034	6
1035	6
1036	7
1037	7
1038	7
1039	7
1040	7
1041	9
1042	9
1043	9
1044	2
1045	11
1046	13
1047	10
17431	1
1048	5
1049	8
1050	5
1051	10
1052	6
1053	4
1054	4
1055	9
1056	7
17440	1
1057	6
17441	1
1058	10
1059	11
1060	7
1061	6
1062	6
1063	5
1064	8
1065	5
1066	12
1067	8
1068	7
1069	10
1070	9
1071	4
1072	13
1073	6
1074	8
1075	8
1076	12
1077	5
1078	6
1079	12
1080	12
1081	6
1082	11
1083	8
1084	13
1085	6
1086	8
17471	1
1087	14
1088	5
1089	8
1090	13
1091	13
1092	8
1093	6
1094	8
1095	9
1096	6
1097	12
1098	6
1099	9
1100	10
1101	4
17485	1
1102	10
1103	7
1104	11
1105	13
1106	5
1107	9
1108	6
1109	7
1110	11
1111	11
1112	5
1113	14
1114	10
1115	12
1116	5
1117	5
1118	3
1119	9
1120	5
1121	6
17505	2
1122	8
1123	6
1124	7
1125	6
1126	9
1127	8
1128	7
1129	5
1130	18
1131	8
1132	6
1133	8
1134	10
1135	4
1136	8
1137	7
1138	11
1139	6
1140	9
1141	4
1142	9
1143	7
1144	9
1145	7
1146	9
1147	5
1148	10
1149	6
1150	10
1151	14
1152	12
1153	9
1154	9
1155	11
1156	10
1157	6
1158	11
1159	10
1160	16
17544	1
1161	2
1162	11
1163	7
1164	13
1165	7
1166	13
17550	1
1167	9
1168	8
1169	14
1170	12
1171	7
1172	4
1173	11
1174	9
1175	8
1176	10
1177	7
1178	3
1179	7
1180	9
1181	8
1182	8
1183	9
1184	6
1185	7
1186	6
1187	7
1188	9
1189	7
1190	9
1191	6
1192	9
1193	9
1194	8
1195	8
1196	9
1197	9
1198	6
1199	8
1200	6
1201	4
1202	9
1203	5
1204	5
1205	8
1206	3
1207	10
1208	7
1209	15
1210	7
1211	12
17595	1
1212	6
1213	6
1214	4
1215	10
1216	4
1217	9
1218	6
1219	8
1220	5
1221	12
1222	5
1223	6
1224	6
1225	6
1226	4
1227	5
17611	1
1228	5
1229	6
1230	10
1231	11
1232	9
17616	1
1233	7
1234	13
1235	7
1236	9
1237	9
1238	3
1239	10
1240	10
1241	8
1242	7
1243	7
1244	8
1245	9
1246	12
1247	3
1248	8
1249	7
1250	6
1251	6
1252	9
1253	9
1254	8
1255	6
1256	2
1257	20
1258	8
1259	7
17643	1
1260	13
1261	9
1262	8
1263	7
1264	10
1265	9
1266	5
1267	9
1268	8
1269	9
1270	1
1271	12
1272	9
1273	4
1274	5
1275	7
1276	7
1277	8
1278	2
1279	6
1280	3
1281	6
1282	6
1283	18
1284	4
1285	6
1286	7
17671	1
1287	10
1288	4
1289	11
1290	4
1291	11
1292	9
1293	5
1294	6
1295	6
1296	9
1297	8
1298	7
1299	9
1300	5
1301	9
1302	7
1303	4
1304	9
1305	5
1306	7
1307	7
1308	7
1309	7
1310	9
1311	5
1312	9
1313	5
1314	7
1315	9
1316	11
1317	9
1318	9
1319	8
1320	10
1321	7
1322	11
1323	10
1324	9
1325	5
1326	6
1327	6
1328	4
1329	8
1330	7
1331	6
1332	9
1333	14
1334	5
1335	6
1336	2
1337	7
1338	6
1339	7
1340	12
1341	12
1342	12
1343	9
1344	4
1345	10
1346	7
1347	8
1348	7
1349	8
1350	10
1351	4
1352	5
1353	8
1354	7
1355	13
1356	10
1357	6
1358	6
1359	7
1360	8
1361	6
1362	9
1363	12
1364	8
1365	13
1366	7
17750	1
1367	10
1368	4
1369	14
1370	5
1371	7
17755	1
1372	8
1373	9
1374	5
1375	10
1376	8
1377	8
1378	8
1379	5
1380	13
1381	10
1382	6
1383	8
17767	1
1384	9
1385	1
1386	8
1387	11
17771	1
1388	7
1389	8
1390	5
1391	12
1392	10
1393	4
1394	11
1395	6
1396	10
1397	8
1398	12
1399	11
1400	13
1401	8
1402	5
1403	10
1404	6
1405	10
1406	9
1407	9
1408	5
1409	5
1410	7
1411	5
1412	9
1413	7
1414	7
1415	12
1416	10
1417	7
1418	9
17802	1
1419	12
1420	10
1421	12
1422	6
1423	10
1424	8
1425	6
1426	8
1427	9
1428	11
1429	7
1430	5
17814	1
1431	6
1432	6
1433	10
1434	6
1435	6
1436	4
1437	5
1438	6
1439	7
1440	9
1441	4
1442	11
1443	3
1444	10
1445	5
1446	6
1447	7
1448	7
1449	4
1450	5
1451	5
1452	8
1453	8
1454	10
1455	9
1456	12
1457	5
1458	7
1459	4
1460	6
1461	7
1462	5
17846	1
1463	3
1464	12
1465	13
1466	9
1467	8
1468	10
1469	10
1470	5
1471	4
1472	5
1473	5
1474	6
1475	8
1476	6
1477	9
1478	10
1479	9
1480	3
1481	10
1482	10
1483	7
1484	6
1485	6
1486	6
1487	8
1488	6
1489	4
17873	1
1490	8
1491	14
1492	4
1493	7
1494	3
1495	7
1496	4
1497	5
1498	7
1499	7
1500	6
17884	1
1501	7
1502	9
1503	7
1504	6
1505	6
1506	7
1507	10
1508	8
1509	8
1510	7
1511	7
1512	5
1513	4
1514	5
1515	5
1516	11
1517	4
1518	10
1519	9
1520	10
1521	2
1522	9
1523	9
1524	6
1525	12
1526	7
1527	9
1528	7
17912	1
1529	3
17914	1
1530	9
1531	6
1532	7
1533	7
1534	7
1535	10
1536	8
1537	4
1538	8
1539	7
1540	6
1541	5
1542	3
1543	6
1544	4
1545	15
17929	1
1546	9
1547	6
1548	12
1549	8
1550	3
1551	4
1552	6
1553	1
1554	2
1555	12
1556	12
1557	9
1558	4
1559	5
1560	4
1561	10
1562	8
1563	5
1564	6
1565	14
1566	9
1567	5
1568	1
1569	7
1570	8
1571	7
1572	5
1573	8
1574	7
1575	5
1576	10
1577	7
1578	4
1579	7
1580	3
1581	9
1582	7
1583	9
1584	5
1585	6
1586	7
1587	15
1588	8
1589	5
1590	8
1591	4
1592	6
1593	8
1594	5
1595	6
1596	11
1597	10
1598	5
1599	8
1600	5
1601	9
1602	7
1603	10
1604	4
1605	6
1606	8
1607	9
1608	5
1609	7
1610	9
1611	9
1612	7
1613	14
1614	10
1615	16
18000	1
1616	9
1617	5
1618	3
1619	9
1620	8
1621	4
1622	7
1623	4
1624	5
1625	11
18009	1
1626	7
1627	7
1628	8
1629	9
1630	7
1631	8
1632	9
1633	8
1634	6
1635	10
1636	5
1637	8
1638	6
1639	6
1640	6
1641	9
1642	6
1643	7
1644	7
1645	10
1646	10
1647	8
1648	7
1649	12
1650	8
1651	5
1652	9
1653	10
1654	7
1655	7
1656	3
1657	10
1658	10
1659	9
1660	7
1661	8
1662	3
1663	12
18047	1
1664	9
1665	7
1666	10
1667	9
1668	7
1669	3
1670	6
1671	9
1672	6
1673	1
1674	6
1675	6
1676	7
1677	8
1678	10
1679	4
1680	10
1681	7
1682	5
1683	6
1684	7
1685	6
1686	9
1687	10
1688	5
1689	8
1690	11
18074	1
18075	1
1691	5
1692	7
1693	9
1694	8
1695	4
1696	4
1697	4
1698	11
1699	5
1700	5
1701	5
1702	9
1703	6
1704	7
1705	4
1706	8
1707	6
1708	4
1709	10
1710	5
1711	9
18095	1
1712	7
1713	7
1714	6
1715	9
1716	7
1717	4
1718	13
1719	8
1720	3
1721	13
1722	9
1723	8
1724	5
1725	6
1726	3
1727	8
1728	12
1729	8
1730	9
1731	13
1732	4
1733	4
1734	17
1735	14
1736	7
1737	6
18121	1
1739	2
1740	14
1741	5
1742	5
1743	7
1744	13
1745	8
1746	8
1747	10
1748	9
1749	9
1750	9
1751	11
1752	8
1753	4
1754	11
1755	7
1756	6
1757	5
1758	8
1759	6
1760	10
1761	7
1762	8
1763	7
1764	7
1765	7
1766	7
1767	5
1768	6
1769	3
1770	7
1771	8
1772	5
1773	7
1774	4
1775	6
1776	6
18160	1
1777	6
1778	11
1779	10
1780	4
1781	7
1782	8
1783	6
1784	5
1785	11
1786	7
1787	10
1788	8
1789	11
1790	3
1791	3
1792	10
1793	7
1794	9
1795	8
1796	10
1797	6
1798	8
1799	6
1800	4
1801	2
1802	6
1803	8
1804	8
18188	1
1805	9
1806	7
1807	7
1808	7
1809	6
1810	6
1811	7
1812	11
18196	1
1813	4
1814	7
1815	8
1816	7
1817	7
1818	11
1819	6
1820	13
1821	5
1822	8
1823	7
1824	5
1825	4
1826	4
1827	7
1828	5
1829	2
1830	4
1831	13
1832	6
1833	7
1834	9
1835	4
1836	7
1837	6
1838	4
1839	6
1840	9
1841	7
1842	6
1843	7
1844	7
1845	7
1846	6
1847	6
1848	9
1849	6
1850	4
1851	11
1852	3
1853	2
1854	2
1855	11
1856	4
1857	4
1858	8
1859	5
1860	6
1861	12
1862	7
1863	7
1864	10
1865	6
1866	12
1867	5
1868	4
1869	8
1870	2
1871	5
1872	5
1873	8
1874	3
1875	7
1876	7
1877	11
1878	3
1879	9
1880	8
1881	13
1882	4
1883	8
1884	3
1885	8
1886	10
1887	5
1888	11
1889	4
1890	10
1891	5
1892	5
1893	5
1894	8
1895	9
1896	7
1897	6
1898	11
1899	9
1900	7
1901	14
1902	6
1903	8
1904	8
1905	6
1906	8
1907	8
1908	6
1909	9
1910	7
1911	4
1912	8
1913	7
1914	8
1915	2
1916	5
1917	3
1918	6
1919	9
1920	8
1921	2
1922	8
1923	6
1924	5
1925	11
1926	10
1927	4
1928	9
1929	8
1930	8
1931	4
1932	3
1933	6
1934	6
1935	6
1936	4
1937	12
1938	4
1939	9
1940	5
1941	12
1942	9
1943	6
1944	6
1945	5
1946	7
1947	5
1948	13
1949	6
1950	3
1951	3
1952	10
1953	9
1954	8
1955	6
1956	5
1957	5
1958	8
1959	3
18343	1
1960	7
1961	6
1962	6
1963	8
1964	7
1965	10
1966	6
1967	9
1968	7
1969	9
18353	1
1970	4
1971	5
1972	4
1973	1
1974	9
1975	5
1976	4
1977	7
1978	6
1979	12
1980	5
1981	10
1982	4
1983	9
1984	8
1985	7
1986	9
1987	7
1988	10
1989	6
1990	4
1991	6
1992	4
1993	4
1994	4
1995	8
1996	3
1997	12
1998	10
1999	5
2000	2
2001	7
2002	13
2003	4
2004	5
2005	5
2006	9
2007	5
2008	4
2009	5
2010	8
2011	5
2012	6
2013	9
2014	10
2015	5
2016	6
18400	1
2017	6
2018	7
2019	4
2020	4
2021	2
2022	5
2023	6
2024	7
2025	1
2026	4
2027	5
2028	5
2029	9
2030	4
2031	7
2032	2
2033	9
2034	2
18419	1
2035	7
2036	7
2037	6
2038	3
2039	8
2040	9
2041	12
2042	3
2043	3
2044	5
2045	2
2046	7
2047	6
2048	6
2049	5
2050	7
2051	8
2052	3
2053	8
2054	6
2055	5
2056	8
2057	7
2058	6
2059	7
2060	4
2061	9
2062	10
2063	8
2064	9
2065	5
2066	5
2067	11
2068	7
2069	4
2070	4
2071	3
2072	11
2073	4
2074	8
2075	7
2076	2
2077	2
2078	4
2079	6
2080	4
2081	7
2082	7
2083	10
2084	6
2085	4
2086	8
2087	8
2088	3
2089	6
2090	6
2091	4
2092	6
2093	7
18477	1
2094	13
2095	5
2096	5
2097	5
2098	8
2099	13
2100	5
2101	5
2102	5
2103	11
2104	4
2105	7
2106	8
2107	5
2108	5
2109	9
2110	12
2111	6
2112	3
2113	7
2114	7
2115	5
2116	9
2117	6
2118	6
2119	8
2120	6
2121	7
2122	1
2123	2
2124	7
2125	9
2126	7
2127	6
2128	9
2129	4
2130	6
2131	3
2132	10
2133	5
2134	5
2135	2
2136	7
2137	10
2138	8
2139	5
2140	6
2141	3
2142	7
18526	1
2143	9
2144	8
2145	7
2146	5
2147	4
2148	3
2149	8
2150	8
2151	9
2152	7
2153	7
2154	5
2155	5
2156	5
2157	8
2158	3
2159	9
2160	8
2161	4
2162	5
2163	3
2164	2
2165	2
2166	7
2167	4
2168	5
2169	11
2170	7
2171	12
2172	8
2173	2
2174	5
2175	4
2176	7
2177	4
2178	5
2179	2
2180	3
2181	7
2182	4
2183	6
2184	6
2185	2
2186	7
2187	8
2188	6
2189	12
2190	2
2191	5
2192	5
2193	6
2194	4
2195	4
2196	4
2197	7
2198	2
2199	6
2200	4
2201	14
2202	8
2203	2
2204	6
2205	3
2206	5
2207	4
2208	5
2209	3
18594	1
2210	6
2211	9
2212	5
2213	6
2214	3
2215	6
2216	6
2217	8
2218	11
2219	3
2220	7
2221	5
2222	4
2223	4
2224	8
2225	4
2226	4
2227	7
2228	2
2229	5
2230	6
2231	3
2232	4
2233	7
2234	8
2235	9
2236	3
2237	4
2238	8
2239	9
2240	12
2241	4
2242	2
2243	3
2244	4
2245	5
2246	7
2247	7
2248	5
2249	8
2250	8
2251	2
2252	3
18636	1
2253	6
2254	5
18638	1
2255	5
2256	5
18640	1
2257	7
2258	1
2259	6
2260	9
2261	4
2262	5
2263	5
2264	8
2265	8
2266	5
2267	5
2268	6
2269	9
2270	7
2271	9
2272	5
2273	5
2274	8
2275	4
18659	1
2276	6
2277	2
2278	11
2279	5
2280	6
2281	3
2282	4
2283	6
2284	7
2285	7
2286	3
2287	5
2288	6
2289	6
2290	4
2291	4
2292	3
2293	6
2294	4
18679	1
2295	2
2296	7
2297	6
2298	4
2299	1
2300	7
2301	7
2302	4
2303	4
2304	4
2305	4
2306	5
2307	8
2308	5
2309	3
2310	6
2311	6
2312	9
2313	4
2314	6
2315	6
2316	5
2317	6
2318	7
2319	8
2320	8
2321	5
2322	11
2323	7
2324	3
2325	5
2326	10
2327	6
2328	2
2329	5
2330	2
2331	5
2332	7
2333	5
2334	7
2335	4
2336	8
2337	5
2338	7
2339	10
2340	4
2341	3
2342	3
2343	5
2344	3
2345	4
2346	4
2347	6
2348	6
2349	6
2350	4
2351	11
2352	7
2353	5
2354	7
2355	4
2356	4
2357	4
18741	1
2358	4
2359	5
2360	5
2361	4
2362	4
2363	7
2364	8
2365	2
2366	5
2367	7
2368	5
2369	5
2370	3
2371	6
2372	4
2373	7
2374	5
2375	7
2376	5
2377	6
2378	6
2379	6
2380	7
2381	3
2382	5
2383	6
2384	7
2385	9
2386	1
2387	1
2388	8
2389	6
2390	4
2391	3
2392	1
2393	7
2394	2
2395	4
2396	4
2397	6
2398	2
18782	1
2399	5
2400	3
2401	7
2402	3
2403	3
2404	10
2405	7
2406	6
2407	1
2408	5
2409	6
2410	6
2411	3
2412	6
2413	9
2414	3
2415	11
2416	4
2417	6
2418	9
2419	3
2420	3
2421	6
2422	8
2423	9
2424	5
2425	7
2426	11
2427	2
2428	5
2429	8
2430	7
2431	5
2432	7
2433	2
2434	6
2435	6
2436	1
2437	7
2438	8
2439	5
2440	9
2441	5
2442	5
2443	6
2444	5
2445	2
2446	2
2447	9
2448	5
2449	3
2450	5
2451	2
2452	9
2453	5
2454	8
2455	6
2456	3
2457	3
2458	5
2459	1
2460	3
2461	3
2462	3
2463	5
18847	1
2464	3
2465	6
2466	3
2467	9
2468	5
2469	6
2470	6
2471	7
2472	5
2473	4
2474	4
2475	5
2476	8
2477	3
2478	4
2479	5
2480	6
2481	1
2482	4
2483	7
2484	3
2485	3
2486	3
2487	6
2488	5
2489	7
2490	5
2491	2
2493	2
2494	3
2495	8
2496	6
2497	7
2498	4
2499	3
2500	4
2501	4
2502	7
2503	5
2504	8
2505	4
2506	5
2507	6
2508	8
2509	6
2510	8
2511	6
2512	2
2513	4
2514	4
2515	7
2516	4
2517	1
2518	4
2519	5
2520	3
2521	6
2522	4
2523	1
2524	4
2525	4
2526	5
2527	6
2528	8
2529	1
2530	6
2531	3
2532	2
2533	4
2534	6
2535	3
2536	1
2537	3
2538	9
2539	7
2540	4
18924	1
2541	4
2542	5
2543	2
2544	1
2545	5
2546	3
2547	5
2548	6
2550	9
2551	5
2552	3
2553	3
2554	6
2555	5
2556	2
2557	3
2558	4
2559	3
2560	2
2561	5
2562	7
2563	7
2564	7
2565	1
2566	5
2567	3
2568	7
2569	4
2570	6
2571	5
2572	3
2573	4
2574	7
2575	4
2576	9
2577	2
2578	2
2579	2
18963	1
2580	6
2581	4
2582	1
2583	5
2584	1
2585	5
2586	4
18970	1
2587	4
2588	7
2589	4
2590	6
2591	6
2592	1
2593	5
2594	6
2595	3
2596	4
2597	2
2598	1
2599	5
2600	7
2601	2
2602	5
2603	4
2604	7
2605	5
18989	1
2606	4
2607	5
2608	5
2609	5
18993	1
2610	5
2611	3
2612	7
2613	2
2614	4
2615	6
2616	3
2617	3
2618	6
2619	3
2620	4
2621	3
2622	2
2623	3
2624	3
2625	4
2626	7
2627	8
2628	4
2629	4
19013	1
2630	2
2631	1
2632	3
2633	8
2634	2
19018	1
19019	1
2635	2
2636	4
2637	4
2638	7
2639	1
2640	6
2641	7
2642	4
2643	7
2644	5
2645	4
2646	4
2647	3
2648	3
2649	2
2650	5
2651	4
2652	2
2653	4
2654	5
2655	7
2656	2
2657	1
2658	4
2659	2
2660	3
2661	5
2662	3
2663	3
2664	3
2665	4
2666	1
2667	6
2668	4
2669	4
2670	6
2671	3
2672	4
2673	3
2674	4
2675	11
2676	3
2677	4
2678	3
2679	2
2680	5
2681	2
19066	1
2682	3
2683	4
2684	1
2685	3
2686	2
2687	7
2688	3
2689	3
2690	2
2691	4
2692	1
2693	6
2694	6
2695	3
2696	3
2697	5
2698	1
2699	3
2700	2
19084	1
2701	4
2702	6
2703	4
2704	4
2705	6
2706	4
2707	5
2708	11
2709	3
2710	1
2711	6
2712	6
2713	3
2714	6
2715	5
2716	6
2717	5
2718	5
2719	2
2720	4
2721	4
2722	2
2723	3
2724	6
2725	4
2726	7
2727	4
2728	5
2729	1
2730	5
2731	5
2732	1
2733	6
19117	1
2734	1
2735	6
2736	1
2737	6
2738	5
2739	5
2740	1
2741	2
2742	7
2743	2
2744	3
2745	3
2746	4
19130	1
2748	5
2749	3
2750	5
2751	6
2752	5
2753	1
2755	3
2756	4
2757	7
2758	4
2759	4
2760	3
2761	8
2762	2
2763	1
2764	4
2765	7
2766	4
2767	3
2768	1
2769	5
2770	3
2771	7
2772	8
2773	4
2774	3
2775	2
2776	2
2777	2
2778	3
2779	6
2780	1
2781	4
2782	3
2783	2
2786	1
2787	3
2788	6
2789	8
19173	1
2790	8
2791	5
2792	2
2793	3
2794	2
2795	3
2796	3
2797	3
2798	4
2799	5
2800	5
2801	3
19185	1
2802	1
2804	6
2805	5
2806	7
2807	1
2808	8
2809	2
2810	1
2811	2
2812	3
2813	4
2814	5
2815	4
2816	4
2817	9
2818	3
2819	3
2820	4
2821	2
2822	5
2823	8
2824	5
2825	4
2826	6
2828	4
2829	3
2830	2
2831	4
2832	6
2833	4
2834	3
2835	6
2836	3
2837	2
2838	3
2839	1
2840	1
2841	4
2842	1
2843	5
2845	4
2846	3
2847	3
2848	4
2849	6
2850	5
2851	3
2852	3
2853	3
2854	1
2855	5
2856	3
2857	5
2858	5
2859	2
2860	5
2861	5
2862	3
2863	2
2864	2
2865	7
2866	6
2867	4
2868	3
2869	1
2870	3
2871	4
2872	4
2873	3
2874	4
2875	5
2876	1
2877	3
2878	4
2879	5
2880	8
2881	6
2882	1
2884	5
2885	4
2886	2
2887	4
2888	4
2889	3
2890	4
2891	3
2892	7
2893	7
2894	4
2895	2
2896	4
2898	2
2899	3
2900	6
2901	3
2902	6
2903	2
2904	4
2905	2
2906	5
19291	1
2908	5
2909	2
2910	2
2911	3
2912	1
2913	5
2914	3
2915	6
2916	4
2917	2
2918	2
2919	2
2920	11
2921	1
2922	2
2923	4
2924	4
2925	1
2926	3
2927	2
2928	4
2929	1
2930	4
2932	4
2933	2
2934	4
19318	1
2935	4
2936	1
2937	6
2938	2
2939	4
2940	5
2941	6
2942	5
2943	2
2944	2
2945	3
2946	3
2947	1
2948	1
2949	3
2950	1
2951	4
2952	2
2954	4
2955	3
2956	4
2957	5
2958	5
2959	3
2960	2
2961	7
2962	3
2963	7
2964	1
2966	2
2967	2
2968	3
2970	6
2971	3
2972	1
2973	3
2974	1
2975	1
2976	5
2977	6
2978	3
2980	2
2981	3
2982	3
2983	6
2984	5
2985	3
2986	2
2988	2
2989	5
2990	1
2992	1
2993	4
2994	5
2995	1
2996	4
2997	3
2998	1
2999	3
3000	1
3001	4
19385	1
3002	2
3003	5
3004	3
3005	2
3006	3
3007	8
3008	4
3009	7
3010	2
3011	4
3012	2
3013	1
3014	1
3015	2
3016	1
3017	2
3018	3
3020	3
3021	4
3022	2
3023	3
3024	3
3026	1
3027	3
3028	8
3029	2
3030	3
3031	1
3032	3
3033	1
3035	6
19419	1
3036	4
3037	5
3039	4
3041	2
3042	5
3043	4
3044	6
3045	2
3047	3
3048	2
3049	3
19433	1
3050	4
3051	1
3052	1
3053	2
3054	6
3055	3
3056	2
3057	1
3058	6
3059	1
3060	3
3061	4
3062	3
3063	3
3064	3
3065	3
3066	5
3067	5
3068	4
3069	5
3071	7
3072	6
3073	1
3074	3
3075	4
3076	5
3077	3
3078	4
3079	1
3081	4
3082	4
3083	4
3084	2
19468	1
3085	2
3086	4
3087	1
3088	1
3089	2
19474	1
3090	3
3091	2
3092	4
3093	2
3094	3
3095	4
3096	3
3097	1
3098	2
3099	2
3100	2
3101	1
3102	4
3103	1
3104	3
3105	5
3106	3
3107	4
3108	1
3109	2
3110	2
3111	2
3112	3
3113	1
3114	3
3115	4
3116	4
3117	6
3118	3
3119	1
3121	3
3122	2
3123	3
3124	3
3125	4
3126	3
3127	2
3128	8
3129	6
3130	4
3131	4
3132	6
3133	3
3134	4
3135	2
3136	4
3137	1
3138	1
3139	4
3140	2
3141	1
3142	3
3143	2
3144	2
3145	1
3146	2
3147	3
3148	2
3149	2
3150	4
3151	1
3152	2
3153	3
3154	1
19538	1
3155	1
3156	3
3157	2
3158	4
3159	3
3160	3
3161	3
3162	3
3163	4
3164	4
3166	2
3167	3
3168	1
3169	5
19554	1
3170	2
3171	2
3172	11
3173	2
3174	4
3175	2
3176	4
3177	2
3178	2
3179	3
3180	2
3181	2
3182	3
3183	2
3184	1
3185	4
3186	1
3187	3
3189	3
3190	2
3191	2
3192	2
3193	2
3194	1
3195	2
3196	3
3197	2
3198	5
3199	2
3200	2
3201	2
3202	1
3203	2
3204	3
19588	1
3205	4
3206	2
3207	2
3208	4
3209	2
3210	4
3211	4
3212	5
3213	2
3214	2
3215	2
3216	7
3217	1
3218	2
3219	2
3220	2
3221	3
3222	1
3223	2
3224	2
3225	4
3226	2
3227	1
3228	2
3229	3
3230	1
3231	2
3232	3
3233	2
3234	1
3235	9
3236	2
3237	3
3238	5
3239	2
3240	2
3241	4
3242	2
3243	2
3244	2
3247	1
3248	1
3249	1
3250	3
3252	1
3254	2
3255	4
3257	2
3258	1
3259	3
3260	2
3261	2
3262	1
3263	1
3264	4
3265	2
3266	4
3268	4
3269	1
3270	4
3271	5
3272	3
3274	7
3275	2
19659	1
3276	7
3277	6
3278	3
3279	2
3280	2
3281	1
3282	1
3283	1
3284	3
3285	4
3286	3
3287	1
3288	3
3289	2
3290	1
3291	1
3293	3
3295	2
3296	3
3298	4
3299	4
3300	3
3301	1
3302	3
3303	1
3304	3
3305	4
3306	4
3307	4
3308	1
3309	4
3311	2
19695	1
3312	2
3313	2
3314	1
3315	2
3318	2
3320	4
3321	3
3322	3
3323	3
3324	3
3325	1
3326	1
3328	1
3329	3
3330	3
3331	2
3332	1
3333	1
3334	2
3335	1
3336	1
3337	1
3338	4
3339	5
3340	1
3341	2
3342	3
3343	1
3345	4
3346	3
3347	3
3348	1
3350	2
3351	4
3352	3
3354	2
3355	1
3356	5
3357	1
3358	4
3359	1
3360	3
3361	2
3362	4
3363	1
3364	1
3365	1
3366	1
3367	3
3368	1
3370	2
3371	2
3372	1
19757	1
3373	4
3374	1
3375	1
3376	1
3377	2
3378	4
3379	1
3380	2
3381	4
3383	2
3384	1
3385	3
3386	1
3387	3
3388	1
3389	4
3390	2
3391	2
3392	1
3393	1
3394	2
3396	3
3397	1
3398	1
3400	1
3401	1
3402	4
3403	2
3404	3
3405	3
3406	1
3407	2
3408	2
3409	1
19794	1
3411	3
3413	3
3414	2
3415	2
3416	1
3417	3
3418	1
3419	1
3420	4
3421	4
3422	4
3423	2
3424	4
3425	1
3427	1
3428	3
3429	2
3430	3
3432	1
3433	3
3434	1
3435	1
3436	1
3437	2
3438	1
3439	3
3440	1
3441	2
3442	1
3443	2
3444	1
3445	2
3446	5
3447	1
3448	1
3449	3
3450	4
3451	3
3452	1
3453	4
3454	1
3455	1
3456	2
3457	1
3458	2
3459	1
3460	1
3461	1
3462	3
3463	3
3464	2
3465	1
3466	3
3467	2
3468	1
3469	2
3470	1
19854	1
3472	2
3474	5
3475	3
3476	7
3477	1
3478	1
3479	3
3480	2
3481	1
3482	1
3483	1
3484	3
3485	4
3486	4
3487	2
3488	2
3489	2
3490	1
3491	1
3493	1
3495	2
3496	1
3497	2
3499	1
3500	4
3501	2
3503	3
3504	2
3505	1
3507	5
3508	2
3509	3
3510	3
3511	1
3512	2
3513	1
3514	1
3515	2
3516	1
3517	1
3518	2
3519	3
3521	4
3522	2
3523	1
3524	4
3525	3
3526	2
3527	3
3528	1
3529	4
3530	2
3531	1
3532	2
3533	2
3534	2
3536	1
3537	2
3538	2
3540	2
3541	3
3543	3
3544	3
3545	2
3546	2
3547	4
3549	2
3551	3
3552	4
3553	3
3554	4
3556	1
3557	3
3558	1
3559	1
3560	1
3561	1
3562	2
3563	2
3565	2
3566	2
3567	2
3568	1
3569	1
3570	1
3571	2
3573	4
3574	1
3575	2
3576	3
3577	1
3578	3
3579	1
3580	4
3581	1
3582	2
3583	1
3585	2
3586	2
3587	2
3588	5
3589	3
3590	1
3591	3
3593	1
3594	3
3595	1
3597	1
3599	1
3600	1
3602	1
3603	3
3604	3
3605	1
3606	1
3607	3
19992	1
3609	2
3610	1
3611	3
3612	2
3613	2
3614	2
3615	2
3618	2
3619	1
3620	1
3621	1
3622	1
3623	2
3625	1
3626	4
3627	1
3628	2
3629	2
3630	2
3631	1
3632	2
3633	2
3634	2
3635	1
3636	2
3637	2
3638	3
3639	1
3640	1
3641	4
20026	1
3643	5
3644	1
3645	2
3646	1
3648	4
3649	2
3650	4
3651	2
3652	2
3653	1
3654	1
3656	3
3657	4
3658	1
3659	1
3660	1
3661	1
3663	3
3664	2
3665	1
3666	1
3667	2
3668	2
20053	1
3670	6
3671	2
3672	1
3673	1
3674	2
3676	3
20060	1
3677	5
3678	2
3679	1
3680	2
3681	1
3682	3
3683	1
3685	1
3686	1
3687	3
3688	2
3689	1
3690	2
3691	2
3692	2
3693	3
3694	3
3695	1
3696	2
3698	3
3699	2
3700	5
3701	2
3702	1
3704	5
3706	3
3708	1
3710	1
3711	2
3712	1
3713	4
3719	2
3720	1
3721	1
3722	3
3725	3
3726	2
3727	2
3728	2
3729	1
3730	4
3731	3
3733	1
3734	1
3735	2
3736	1
3737	1
3738	1
3739	1
3741	1
3742	1
3743	1
3744	1
3745	1
3746	1
3747	2
3749	1
3750	1
3751	2
3752	3
3753	1
3754	1
3755	1
20139	1
3757	2
3758	2
3759	1
3761	1
3763	1
3764	1
3767	2
3768	3
3769	3
3770	3
3771	3
3772	2
3773	3
3774	1
3775	2
3777	5
3778	1
3779	1
3780	1
3781	2
3782	2
3783	1
3785	1
3787	2
3788	1
3789	3
3793	1
3794	1
3795	3
3796	1
3798	1
3802	1
3803	4
3804	2
3805	1
3806	2
3807	2
3808	1
3809	2
3810	4
3811	4
3812	1
3813	2
3814	3
3815	2
3817	2
3818	2
3819	1
3820	2
3821	3
3822	1
3823	4
3824	2
3825	3
3826	1
3829	2
3830	4
3831	2
3833	3
20217	1
3834	1
3835	1
3836	2
3837	2
3839	2
3841	1
3842	4
3844	2
3845	3
3846	1
3847	1
3848	1
3849	5
3851	4
3852	1
3853	2
3854	1
3855	1
3856	2
3857	1
3858	4
3859	1
3860	5
3861	1
3862	1
3863	1
3865	1
3866	1
3867	3
3868	2
3869	3
3870	1
3871	2
3872	5
3874	1
3875	1
3877	1
3878	4
3880	2
3883	3
3886	1
3887	1
3888	1
3889	1
3890	1
3891	1
3892	1
3894	2
20279	1
3895	3
3896	2
3897	1
3898	1
3899	1
3900	1
3901	1
3903	3
3907	2
3908	1
3909	2
3910	2
3912	2
3913	2
3914	1
3916	1
3918	2
3922	2
3923	3
3925	2
3926	4
20310	1
3928	1
3929	1
3930	2
3931	1
3932	2
3934	2
3935	4
3936	4
3940	2
3941	2
3943	1
3945	1
3946	4
3947	2
3948	2
3949	1
3950	3
3953	2
3954	1
3955	1
3956	4
3957	2
3959	1
3960	1
3962	1
3964	3
3966	2
3968	2
3970	2
3971	1
3972	2
3973	2
3975	2
3976	2
3978	1
3980	1
3981	3
3982	1
3983	5
3984	1
3985	2
3986	2
3987	1
3990	1
3991	1
3993	2
3994	2
3995	1
3997	2
3998	3
3999	2
4000	1
4001	1
4004	1
4005	2
4006	3
4007	1
4008	1
4012	2
4013	1
4014	2
4015	3
4016	2
4018	1
4020	2
4021	1
4022	1
4023	1
4025	2
4028	2
4029	2
4030	2
4031	1
4034	1
4035	1
4036	1
4037	1
4039	1
4040	2
4042	1
4043	1
4046	2
4047	2
4048	1
4050	2
4051	1
4053	3
4056	2
20440	1
4057	2
4058	1
4059	2
4060	1
4061	2
4062	1
4063	3
4064	3
4065	1
4066	2
4068	4
4069	2
4070	1
4072	2
4076	1
4077	2
4079	2
4080	2
4081	1
4082	3
4084	1
4085	2
4086	3
4087	2
4089	1
4092	1
4093	1
4095	1
4096	1
4099	2
4101	1
4102	1
4103	1
4105	2
4106	1
4108	2
4109	1
4110	2
4111	1
4114	1
4116	1
4117	2
4120	2
4122	1
4123	1
4124	1
4127	1
4128	2
4129	1
4130	1
4131	1
4132	2
4134	1
4135	3
4136	2
4138	1
4139	3
4140	2
4141	1
4142	1
4143	1
4144	1
4145	1
20530	1
4146	1
4147	1
4148	1
4149	2
4150	3
4152	2
4154	3
4155	1
4156	1
4159	3
4160	2
4162	2
4164	1
4165	1
4166	2
4167	2
4168	1
4169	3
4170	2
4171	3
4173	2
4175	2
4178	2
4179	1
4180	1
4185	1
4186	2
4187	1
4188	2
4190	2
4191	2
4193	1
20579	1
4195	2
4196	4
20580	1
4198	3
4204	2
4205	1
4207	5
4208	1
4209	3
4210	1
4211	1
4214	1
4215	2
4216	3
4217	1
4218	1
4219	4
4220	1
4221	1
4222	2
4224	1
4225	1
4227	1
20611	1
4229	1
4232	1
4233	1
4234	2
4235	1
4236	1
4237	2
4240	2
4242	2
4243	3
4244	2
4246	2
4247	1
4248	1
4251	1
4253	1
4254	1
4255	1
4256	1
4257	2
4260	1
4261	2
4262	1
4263	4
4264	2
4266	2
4268	1
20652	1
4269	1
4271	2
4272	1
4273	2
4274	2
4281	1
4282	1
4283	3
4284	1
4285	2
4289	2
4292	1
4293	1
4294	2
4296	1
4297	1
4298	1
4299	1
4300	2
4303	1
4304	1
4305	1
4311	1
4312	3
4316	2
4318	3
4319	1
4320	1
4321	1
4322	2
4324	1
4325	1
4326	1
4327	2
4328	4
4330	1
4331	1
4332	1
4333	1
4334	1
4335	1
4336	1
4337	1
4340	2
4343	2
4344	1
4345	1
4348	2
4349	1
4352	1
4354	3
4357	1
4358	1
4360	2
4361	2
4363	2
4365	3
20749	1
4366	1
4368	2
4369	1
4370	1
4374	2
4376	2
4377	3
4378	1
4379	3
4380	2
4381	1
4383	1
20770	1
4387	1
4388	2
4390	3
4393	1
4398	1
4399	2
4400	1
4402	1
20787	1
4404	2
4405	1
4407	1
4411	1
4412	1
4414	2
4415	2
4416	2
4417	1
4418	1
4419	1
4422	1
4423	3
4424	2
4425	1
4429	1
4431	1
4434	1
4435	1
4437	1
4438	1
4439	1
4440	3
4442	2
4444	2
20828	1
4445	1
4449	1
4451	1
4453	1
4455	2
4457	1
4458	1
4459	1
4460	1
4461	2
4462	1
4463	1
4464	1
4465	3
4466	3
4467	1
4468	1
4475	4
4476	1
4477	2
4482	1
4484	3
4485	1
4487	1
4488	1
4489	1
4491	2
4493	2
4495	1
4496	3
4497	1
4498	2
4500	5
4502	1
4503	1
4505	1
4506	1
4508	1
4510	1
4512	1
4513	1
4516	1
4517	2
4519	1
4520	1
4521	1
4522	2
4524	1
4526	1
4527	1
4528	1
4531	1
4533	1
4534	2
4536	1
4537	1
4539	1
4542	3
4545	1
4547	2
4548	1
4554	1
4556	1
4558	2
4562	1
4564	1
4567	1
4568	1
4570	1
4571	1
4577	1
4579	1
4583	2
4587	1
4589	1
4595	2
4597	1
4599	1
4602	1
4603	1
4605	1
4606	1
4609	1
4611	1
4612	1
4613	2
4615	1
4621	1
4623	2
4627	2
4628	1
4629	1
4631	1
4632	2
4636	1
4638	1
4639	2
4642	1
4643	3
4644	2
4646	1
4647	1
4648	1
4650	1
4651	1
4655	1
4656	1
4658	1
4661	2
4663	2
4664	3
4665	1
4666	1
4668	2
4671	1
4677	1
4678	2
4680	1
4684	2
4685	1
4686	1
4688	1
4690	1
4692	1
4694	1
4696	1
4698	2
4699	2
4703	1
4704	2
4706	1
4708	1
4709	1
4710	1
4711	3
4712	1
4714	1
4716	2
4717	1
4718	1
4719	1
4720	2
4721	1
4722	1
4725	4
4727	1
4728	1
4729	2
4730	1
4731	1
4732	3
4733	1
4735	1
4737	1
4738	2
4739	1
4740	2
4742	1
4743	2
4744	1
4745	2
4746	1
4748	3
4749	1
4752	2
4753	1
4754	1
4757	1
4758	2
4762	2
4763	1
4765	1
4766	1
4767	1
4768	2
4770	1
4772	1
4773	1
4775	1
4776	1
4777	2
4779	1
4781	2
4782	1
4786	1
4787	1
4788	3
4791	1
4793	1
4796	1
4797	1
4800	1
4801	2
4803	1
4805	2
4807	3
4808	1
21193	1
4810	2
4813	2
4814	2
4816	1
21200	1
21201	1
4818	2
4819	1
4821	1
4822	1
4824	2
4825	1
4827	1
4828	1
4829	3
4830	2
4831	1
4832	2
4835	2
4836	1
4837	2
4841	1
4843	1
4848	1
4849	1
4851	1
21239	1
4856	1
4857	1
4858	1
4860	1
4864	2
4865	1
4868	1
4869	1
4870	2
4871	1
4873	3
4876	1
4877	2
4879	1
4880	1
4881	1
4886	2
4887	1
4889	1
4891	1
4894	1
4896	1
4898	1
4899	1
4900	1
4901	2
4903	1
4904	2
4905	2
4907	1
4908	1
4914	1
4915	2
4918	1
4919	2
4920	1
4921	1
4923	1
4926	1
4927	1
4928	1
4934	1
4936	1
4938	1
4939	1
4941	1
4942	1
4943	1
4944	2
4946	1
4950	4
4952	1
4953	2
4955	1
4956	1
4957	1
4958	1
4964	2
4966	2
4967	2
4969	1
4970	1
4973	1
4974	2
4976	1
4977	3
4979	1
4980	1
4982	1
4989	2
4991	1
4992	1
4994	1
4995	1
4996	1
4999	1
5000	1
5005	2
5008	1
5010	2
5011	1
5013	1
5014	2
5015	2
5017	1
5018	1
5020	1
5022	1
5024	1
5028	2
5031	1
5033	1
5035	1
5039	2
5040	1
5042	1
5049	1
5051	2
5052	1
5054	1
5055	3
5056	1
5057	1
5058	1
5061	1
5062	1
5064	2
5065	1
5066	1
21452	1
5069	1
5070	2
5072	1
5073	1
21458	1
5075	1
5077	1
5079	1
5082	1
5088	4
5089	1
5090	2
5091	2
5095	1
5096	1
5105	1
5106	3
5110	1
5113	3
5116	1
5117	2
5119	2
5121	1
5124	2
5125	1
5126	3
5128	1
21512	1
5130	1
5134	1
5135	1
5136	1
5138	1
5144	1
5146	1
5148	1
5151	1
5152	1
5153	1
5156	1
5157	1
5161	1
5165	1
5166	1
5172	1
5173	1
5182	1
5184	1
5187	1
5189	1
5191	1
5193	1
5195	1
5199	1
5202	2
5203	1
5206	1
5211	2
5213	2
5214	1
5216	2
21601	1
5219	1
5220	1
5221	1
21605	1
5224	3
5225	1
5226	1
5227	1
5230	1
5234	1
5235	1
21620	1
5236	1
5243	2
5244	2
5252	1
5253	1
5255	2
5258	1
5262	1
5263	1
5265	3
5266	1
5269	2
5270	1
5271	1
5273	1
21657	1
5274	2
5275	2
5276	1
5278	2
5281	2
5282	1
5287	2
5291	1
5294	1
5297	1
5301	1
5302	1
5303	1
5304	1
5305	1
5313	1
5314	1
5317	1
5319	1
5321	1
5325	1
5328	4
5330	1
5331	1
5332	1
5333	1
5334	1
5336	1
5338	1
5341	1
5342	1
5348	1
5350	1
5351	1
5352	1
5353	2
5357	1
5358	1
5362	1
5366	2
5370	1
5374	2
5381	1
5382	1
5386	2
5387	2
5388	1
5391	2
5394	1
5397	1
5400	1
5402	2
5407	1
5410	1
5413	1
5414	1
5416	1
5417	2
5418	1
5419	1
5421	1
5427	2
5428	3
5430	1
5431	1
5435	1
5436	1
5438	2
5442	1
5443	1
5446	1
5449	3
5452	1
5456	1
5457	1
5458	1
5459	1
5460	3
5461	1
5463	1
5465	2
5466	1
5470	1
5472	1
5474	1
5475	1
5478	1
5480	1
5481	1
5488	1
5493	1
5494	1
5495	1
5497	1
21882	1
5501	1
5502	1
5503	1
5505	1
5507	1
5511	1
5515	1
5516	1
5518	2
5519	1
5527	1
5535	1
5536	1
5538	1
21922	1
5539	1
5544	2
5545	2
5547	1
5548	2
5549	1
5550	2
5554	1
5555	2
21941	1
5557	1
5558	1
5561	2
5564	2
5565	1
5567	1
5569	2
5570	1
5572	1
5574	1
5575	1
5576	1
5577	3
5578	2
5580	1
5581	1
5582	1
5586	3
5589	1
5590	1
5591	1
5592	1
5593	1
5596	1
5600	1
5601	3
5602	1
5606	1
5608	1
5614	2
5617	1
5619	1
5620	1
5625	1
5626	1
5630	1
5631	1
5633	2
5634	1
5635	1
5637	1
5642	1
22027	1
5646	1
5651	2
5652	3
5655	2
5657	1
5658	1
5659	1
5661	1
5662	1
22050	1
5667	1
5668	1
5669	2
5672	1
5674	1
5677	1
5679	1
5684	1
5686	1
5687	2
5688	1
5691	2
5692	1
5693	2
5701	1
5702	1
5706	2
5707	1
22093	1
5710	1
5715	1
5716	1
5717	2
5719	1
5721	3
5723	1
5727	1
5735	1
5739	1
5741	1
5745	3
5746	1
5751	1
5753	2
5754	1
5755	2
5759	1
5761	1
5762	2
5763	1
5765	1
5768	1
5772	1
5774	1
5775	2
5776	1
5780	2
5782	1
5783	1
5784	2
5787	1
5788	1
5791	1
5795	2
5798	1
5802	2
5806	1
5807	1
5808	3
5811	1
5812	1
5816	2
5817	1
5819	1
5822	1
5824	1
5825	1
5827	1
5828	1
5831	1
5832	1
5835	1
5841	1
5842	1
5844	1
5846	1
5851	1
5852	1
22242	1
5859	1
5864	1
5865	1
5866	1
5869	1
5870	1
5872	1
5873	1
5874	1
5877	1
5881	2
5882	1
5883	1
5885	1
5892	1
5895	1
5897	3
5898	1
5902	1
5906	1
5909	1
5910	1
5916	1
5922	1
5923	1
5925	2
5928	1
5929	1
5933	1
5943	2
5944	1
5948	2
5950	1
5955	1
5956	1
5957	1
5960	2
5962	1
22349	1
5972	1
5976	1
5979	2
5981	1
5982	1
5987	1
5994	1
5998	1
5999	1
6007	1
6008	1
6010	2
6011	1
6023	2
6024	1
6025	1
6026	3
6031	2
22415	1
6040	1
6046	1
6050	1
6053	1
6055	1
6056	1
6057	1
6058	1
6059	1
6063	1
6068	2
6069	1
6070	1
6079	1
6080	1
6082	1
6083	1
6086	1
6094	2
6095	1
6098	1
6102	2
6106	2
6107	1
6109	1
6112	3
6114	1
6115	1
6118	1
6120	1
22514	1
6130	2
6131	1
6134	1
6135	2
6136	1
6138	2
6139	1
6140	2
6142	1
6143	2
6144	2
6146	1
6147	1
6148	1
6149	1
6153	2
6155	2
6156	1
6157	1
6161	1
6163	1
6165	2
6167	1
6168	1
6169	2
6174	1
22561	1
6179	1
6180	1
6183	1
6184	1
6191	1
6193	1
22579	1
6197	1
22584	1
6205	1
6206	2
6207	2
6209	1
6210	1
6212	1
6214	1
6219	1
6221	1
6224	1
6225	1
6228	1
6229	2
6230	1
6234	1
6235	1
6236	2
6237	2
6239	2
6244	2
6251	2
6257	1
22641	1
6261	1
6264	1
6270	2
6272	1
6273	1
22657	1
6274	2
6276	2
6280	1
6281	2
6287	2
6289	1
6296	2
6299	1
6300	1
6311	1
6314	1
6315	1
6323	1
6328	1
6332	1
6333	1
6335	1
6337	1
6338	1
6339	1
6342	1
6345	1
6349	1
6350	1
6351	1
6352	1
6354	2
6357	3
6358	1
22743	1
6362	1
6363	1
6365	1
6370	1
6372	2
6374	1
6385	1
6386	2
6390	1
6393	1
6398	1
6400	1
6403	1
6405	1
6406	1
6407	2
6408	2
6409	1
6411	2
6416	2
6417	1
6419	2
6420	1
6421	1
6430	1
6431	1
6434	1
6436	1
6438	1
6440	1
6445	1
6446	1
6447	1
6455	1
6458	1
6462	1
6463	1
6465	2
6468	1
6470	1
6473	1
6476	1
6477	1
6482	1
6484	2
6489	2
6491	1
6492	1
6499	2
6502	1
6504	1
6505	2
6508	1
6509	1
6510	1
6512	1
6515	1
22901	1
6520	1
6524	2
6529	1
6538	1
6542	2
6543	1
6544	3
22931	1
6553	1
6554	1
6556	1
6558	2
6559	1
6560	1
6562	1
6569	1
6570	1
6574	2
6575	1
6576	2
6582	1
6585	1
6589	1
6590	1
6597	1
6601	2
6604	1
6611	1
6616	1
6618	2
6619	1
6620	1
6623	2
23010	1
6629	1
23019	1
6639	1
6640	1
6641	1
6643	1
6644	2
6645	2
6646	1
6649	1
6655	1
6657	1
6660	1
6665	1
6666	1
6670	1
6672	2
6674	1
6676	1
6680	1
6685	3
6686	1
6692	1
6695	3
6696	1
6697	1
6698	1
6700	1
6703	1
6706	1
6709	1
6713	1
6723	1
23109	1
6728	1
6732	1
6736	1
6740	1
6745	1
6748	2
6749	1
6750	1
6752	1
6760	1
6761	1
6762	1
6766	1
6769	1
6772	1
6775	1
6778	2
6780	1
6785	1
6797	1
6798	1
6800	1
6801	1
6803	1
6804	1
6808	1
6812	1
6814	1
6824	1
6826	1
6829	1
6842	1
6847	1
6848	1
6858	1
6862	2
6866	2
6869	1
6875	1
6876	1
6879	1
6881	1
6885	1
6887	1
6888	1
6893	1
23279	1
6896	2
6898	1
6899	1
6900	1
6901	1
6902	2
6904	1
6907	1
6908	1
6910	1
6913	1
6917	2
6918	1
6920	1
6923	1
6926	1
6927	1
6928	1
6933	1
6934	1
6937	2
6938	1
6939	1
6942	2
6944	1
6945	1
6947	1
6953	1
6960	1
6970	1
6971	1
6976	1
6980	2
6990	2
6996	1
7000	1
7004	2
7005	1
7006	1
7008	1
23397	1
7013	2
7019	1
7020	2
7021	1
7023	2
7027	2
7028	1
7032	1
7036	1
7038	1
7040	1
7041	1
7042	2
23429	1
7045	1
7047	2
7051	1
7053	1
7064	1
7069	1
7075	1
7078	1
23467	1
7086	1
7087	1
7093	1
7095	1
7100	1
7101	1
7104	2
7107	1
23494	1
7113	1
7117	1
7120	1
7124	1
7125	1
7129	1
7135	2
7136	1
7137	1
7140	1
7142	1
7150	1
7151	1
7154	1
7156	1
7158	1
7173	1
7175	1
7185	3
7186	1
7187	1
7188	1
7189	1
7191	3
7193	1
7194	1
7198	1
7201	1
7210	1
7214	1
7223	1
7224	1
7228	1
7232	1
7239	1
7246	1
7252	1
7256	1
7259	1
7271	1
7276	3
7280	1
7281	2
7282	1
7285	1
7288	1
7291	1
7293	2
7308	2
7312	1
7316	2
7318	2
7319	1
7320	2
7321	1
7323	2
7325	1
7326	1
7332	2
7333	1
7335	1
7336	1
23721	1
7346	1
7347	1
7348	1
7351	1
7362	1
7363	2
7364	1
7368	1
7372	1
7373	3
7375	1
7379	1
7382	1
7383	1
7384	1
7386	1
7388	1
7394	2
7395	2
7396	1
7397	1
7399	1
7400	1
7401	1
7402	1
23787	1
7409	1
7416	1
7417	1
7419	1
7423	1
7426	3
7433	2
7438	1
7444	1
7447	1
7448	2
23833	1
7455	1
7458	1
7465	1
7466	1
7470	1
7472	2
7482	2
7488	1
7490	1
7491	1
7492	1
7494	1
7507	1
7511	1
7512	1
7518	1
7520	1
7521	1
7523	1
7524	1
7526	1
7527	1
7529	1
7536	1
7537	1
7538	1
7543	1
7546	1
7552	1
7553	1
7554	1
7555	1
7559	1
7561	1
7564	1
7569	1
7570	2
7571	1
7577	1
7579	1
7580	2
7581	2
7582	1
7588	1
7592	1
7596	1
7597	2
7607	1
7616	2
7619	1
7620	1
7621	1
7623	1
7624	1
7630	1
7631	1
7632	1
7634	1
7637	1
7647	1
7650	1
7654	1
7656	1
7661	1
7665	2
7667	2
7668	1
7669	1
7670	1
7675	1
7676	1
7679	1
7680	1
7681	1
7687	1
7688	1
7689	1
7695	1
7706	1
7708	1
7713	1
7719	1
7720	1
7721	1
7724	1
7731	1
7736	2
7737	1
7745	1
7747	4
7748	1
7762	1
7765	1
7781	1
7784	1
7785	2
7786	1
7788	1
7789	1
7797	1
7798	1
7803	3
7807	1
7809	1
7813	1
7815	1
7817	1
7818	1
7821	1
7822	1
7823	1
7825	2
7827	1
7838	1
7839	1
7840	1
7842	1
7843	1
7844	1
7850	2
7854	1
7855	2
24241	1
7868	2
24253	1
7871	2
7879	1
7883	1
7887	1
7888	2
7889	1
7893	1
7903	2
7904	1
7905	2
7906	2
7913	2
7918	1
7919	1
7920	1
7936	1
7937	1
7944	1
7945	1
7947	1
7952	1
7955	1
7956	1
7958	3
7961	2
7967	1
7968	1
7971	1
7974	1
7976	1
7977	1
7981	1
7986	1
7989	1
7992	1
7993	1
7999	1
8001	1
8004	1
8009	1
8010	1
8020	1
8022	1
8024	1
8030	3
8034	1
8035	1
8037	1
8044	1
8048	1
8050	1
8051	2
8055	1
8057	1
8061	1
8062	1
24447	1
8064	1
8066	1
8069	1
8076	2
8079	1
8080	1
8081	1
8084	1
8086	1
8087	1
8089	1
8092	1
8096	1
8098	1
24487	1
8103	1
8104	1
8108	2
8112	1
8122	2
8127	1
8128	1
8129	2
8132	1
8141	1
8145	2
8146	1
8147	1
8149	1
8154	1
8158	1
8161	1
8162	1
8164	1
8165	1
8166	1
8167	1
8169	1
8181	1
8182	1
8183	2
8188	1
8190	1
8191	1
8196	1
8199	1
8203	1
8204	1
24589	1
8208	2
8209	2
8210	1
8211	1
8212	1
8216	1
8218	1
8222	1
8226	1
8228	1
8229	1
8231	1
8232	1
8236	2
8237	1
8241	1
8254	1
8258	1
8259	1
8263	1
8266	1
8268	1
24654	1
8275	1
8280	1
8286	1
8287	1
8288	1
8292	1
8297	1
8298	1
8301	1
8306	1
8312	1
8313	1
8321	1
8322	2
8323	1
8326	1
8327	1
8332	1
8336	1
8340	1
8346	1
8353	1
8365	1
8369	1
8375	1
8377	1
8379	1
8382	1
8384	1
8388	2
8391	1
8397	2
8398	1
8401	1
8405	1
8406	1
8413	1
8414	1
8417	1
8420	1
8426	1
8427	1
8437	1
8438	1
8441	1
8443	1
8444	1
8447	1
8452	1
8459	1
8460	1
8463	1
8464	1
8465	1
8470	1
8472	1
8473	3
8474	1
8478	1
8493	1
8497	1
8514	1
8515	1
8516	1
8520	1
8521	1
8522	1
8525	1
8538	1
8539	1
8548	1
8558	1
8562	1
8570	1
8571	1
8572	1
8575	1
8576	2
8577	1
8583	1
8585	1
8590	1
24975	1
24982	1
8610	1
8619	2
8623	1
8630	1
8638	1
8640	1
8641	1
8645	1
8651	3
8655	1
8659	1
8666	1
8671	3
8674	1
8684	1
8697	1
8700	1
8701	1
8702	1
8703	1
8705	2
8706	1
8707	1
8708	1
8715	1
8723	1
8724	1
8732	2
8737	1
8740	1
8744	1
8757	1
8762	1
8763	1
8768	1
8771	1
8772	1
8773	1
8780	1
8781	1
8782	2
8789	2
8792	1
8806	1
8810	1
8814	1
8817	1
8818	1
8819	2
8820	1
8821	1
8825	1
8827	1
8831	1
8843	3
8844	2
8845	2
8849	1
8850	1
8855	1
8857	1
8860	1
8861	1
8862	1
8873	1
8874	1
8880	1
8883	2
8884	1
8887	1
8888	1
8892	1
8895	1
8896	1
8901	1
8903	1
8908	1
8911	2
8921	1
8926	2
8931	1
8932	1
8938	1
8941	1
8942	1
8948	1
8950	1
8962	1
8965	1
8969	1
8978	1
8981	2
8988	1
8989	1
8993	1
9000	1
9010	1
9011	1
9012	1
9014	1
9017	1
9018	1
9021	1
9022	1
9023	1
9027	1
9030	1
9032	1
9034	1
9040	1
9047	1
9048	1
9051	1
9055	1
9057	1
9066	1
9068	1
9073	1
9075	1
9077	1
9079	1
9085	1
9086	1
9087	2
9088	1
9091	1
9094	1
9095	2
9099	1
9100	2
9102	1
9104	1
9105	1
9112	1
9117	1
9118	2
9119	1
9124	1
9127	1
9130	1
9133	1
9136	1
9137	2
9141	1
9144	1
9150	1
9153	1
9155	1
9157	1
9169	1
9170	1
9175	1
9177	3
9178	1
9183	1
9193	2
9197	1
9198	1
9199	1
9202	1
9204	1
9206	1
9207	1
9209	2
9216	1
9218	2
9219	1
9231	1
9233	1
9234	1
9236	1
9237	1
9238	1
9243	1
9248	1
9249	1
9254	1
9255	1
9257	1
9260	1
9262	1
9263	1
9264	1
9271	1
9274	1
9279	1
9280	1
9286	2
9287	1
9291	1
9294	1
9300	1
9304	1
9305	1
9308	2
9322	1
9332	1
25717	1
9334	1
9337	1
9340	1
9344	2
9347	1
9351	1
9352	1
9354	1
9362	1
9368	1
9375	1
9383	1
9385	2
9411	2
9415	1
9422	2
9425	2
9426	1
9438	1
9441	1
9444	1
9445	1
9454	3
9455	1
9461	2
9464	1
9465	1
9469	1
9472	1
9475	1
9481	1
9483	1
9484	1
9485	1
9489	1
9500	1
9503	1
9506	1
9508	1
9523	2
9524	1
9525	1
9532	1
9533	1
9544	1
9560	1
9568	1
9574	1
9580	1
9581	1
9583	1
9587	1
9588	3
9593	1
9599	2
9600	1
9601	1
9602	1
9609	1
9611	1
9614	1
9618	1
9620	1
9623	1
9624	2
9630	1
9635	1
9637	1
9639	1
9640	1
9646	1
9647	1
9653	1
9654	2
9663	1
9667	1
9668	1
9669	1
9672	1
9673	2
9681	1
9693	1
9698	1
9712	1
9715	1
9716	1
9718	1
9719	2
9721	1
9727	1
9730	1
9732	1
9733	1
9734	1
9741	1
9742	1
9749	2
9754	1
9756	2
9763	1
9766	1
9770	1
9780	1
9787	1
9790	1
9800	2
9801	1
9807	1
9828	2
9838	1
9847	1
9849	1
9852	2
9856	1
9858	1
9860	2
9863	1
9864	1
9865	1
9867	1
9869	1
9870	1
9872	1
9878	1
9882	1
9883	1
9886	1
9887	1
9888	1
9889	1
9905	1
9912	1
9913	1
9925	1
9928	2
9935	1
9937	1
9939	1
9961	1
9969	1
9970	1
9978	1
9979	1
9989	1
10000	2
10004	2
10006	1
10010	1
10017	1
10020	1
10021	2
10022	1
10027	1
10029	1
10038	1
10040	1
10041	1
10047	1
10048	1
10049	1
10051	1
10061	1
10064	1
10067	1
10068	1
10073	1
10077	1
10078	1
10080	1
10085	1
10086	2
10087	1
10090	1
10092	1
10093	1
10095	1
10108	1
10112	1
10117	1
10120	1
10132	1
10140	1
10143	1
10144	1
10156	1
10162	1
10178	1
10179	1
10181	1
10182	1
10183	1
10186	1
10187	1
10194	1
10202	1
10203	1
10204	1
10208	1
10223	1
10225	1
10226	1
10231	1
10243	1
10245	1
10246	1
10248	1
10252	1
10253	2
10257	1
10265	1
10266	1
10267	1
10271	1
10284	1
10286	2
10289	1
10294	1
10299	1
10300	1
10304	1
10311	1
10314	3
10318	2
10321	1
10324	1
10329	1
10332	1
10337	1
10339	1
10340	1
10343	1
10349	1
10350	1
10353	1
10355	1
10368	4
10369	1
10370	1
10377	1
10379	1
10381	1
10382	1
10386	1
10387	1
10389	1
10390	1
10393	1
10396	1
10406	1
10407	1
10414	1
10417	1
10424	2
10426	1
10429	1
10430	1
10434	1
10436	1
10437	1
10439	3
10442	1
10445	1
10446	1
10458	1
10470	1
10476	1
10478	1
10487	1
10489	1
10491	1
10494	1
10503	1
10504	1
10505	2
10507	1
10512	1
10514	1
10516	2
10522	1
10523	1
10524	1
10525	1
10526	2
10531	1
10533	2
10534	1
10543	1
10546	1
10547	1
10555	1
10561	1
10562	2
10580	1
10581	1
10582	1
10583	1
10585	1
10600	1
10601	1
10612	1
10618	1
10623	1
10637	1
10641	1
10642	1
10651	1
10653	1
10656	1
10661	2
10662	1
10663	1
10668	1
10678	1
10679	1
10681	1
10687	1
10702	1
10711	1
10719	2
10721	1
10729	1
10732	1
10753	1
10754	1
10758	1
10760	1
10768	1
10772	1
10774	1
10778	1
10784	1
10791	1
10793	1
10798	2
10799	1
10800	2
10809	1
10812	1
10813	1
10814	1
10817	1
10825	1
10829	1
10833	1
10836	1
10843	1
10865	2
10866	1
10870	1
10873	1
10875	1
10881	1
10886	1
10887	1
10888	1
10890	1
10894	2
10897	1
10898	2
10904	1
10912	1
10913	1
10918	1
10919	1
10926	1
10927	1
10937	1
10945	1
10955	1
10956	1
10964	1
10966	1
10971	1
10981	1
10985	1
10989	1
10996	1
11005	1
11019	1
11022	1
11026	1
11029	1
11030	1
11035	1
11036	2
11040	1
11047	1
11057	1
11064	1
11066	1
11071	1
11075	1
11080	1
11088	1
11091	1
11094	1
11097	1
11102	1
11104	1
11108	1
11112	1
11118	2
11120	2
11122	2
11125	2
11127	2
11142	1
11145	1
11147	1
11155	1
11156	1
11166	1
11167	1
11170	1
11181	1
11185	1
11187	2
11194	1
11195	1
11203	1
11205	1
11207	1
11215	1
11218	1
11219	1
11220	1
11221	1
11225	1
11227	1
11232	1
11233	1
11236	1
11242	2
11252	1
11260	1
11261	1
11264	1
11266	1
11267	1
11269	1
11280	2
11284	1
11288	1
11296	1
11298	1
11305	1
11308	1
11309	1
11310	1
11312	1
11313	1
11319	1
11320	1
11337	1
11342	1
11350	1
11356	2
11368	1
11369	1
11372	1
11375	1
11378	1
11382	1
11391	1
11395	1
11396	1
11399	1
11409	1
11410	1
11416	1
11419	1
11424	1
11429	1
11430	1
11431	2
11434	1
11444	1
11449	2
11452	1
11463	1
11464	1
11472	1
11476	1
11482	1
11486	1
11488	1
11489	1
11493	1
11494	1
11495	1
11496	1
11501	1
11506	1
11507	1
11510	1
11518	2
11531	1
11532	1
11542	1
11543	1
11544	2
11550	2
11560	1
11564	1
11579	1
11582	1
11583	1
11589	1
11602	1
11618	1
11620	1
11622	1
11624	1
11630	1
11634	1
11647	1
11648	2
11651	2
11652	1
11660	1
11678	1
11679	1
11684	1
11705	1
11706	1
11708	1
11723	1
11735	1
11736	1
11738	1
11742	1
11743	1
11744	1
11746	1
11748	1
11755	1
11758	1
11759	1
11783	1
11784	1
11792	1
11793	1
11800	1
11809	2
11827	1
11828	1
11829	1
11832	1
11834	1
11836	2
11837	1
11844	1
11849	1
11855	1
11863	1
11870	1
11871	1
11878	1
11886	1
11891	1
11892	2
11893	1
11895	1
11897	1
11901	1
11902	1
11910	1
11927	1
11930	1
11951	1
11956	1
11957	1
11965	1
11971	1
11972	1
11976	1
11977	1
11990	1
11992	1
12008	1
12016	2
12020	1
12022	2
12043	1
12047	1
12053	1
12054	1
12056	1
12060	1
12061	1
12068	1
12074	1
12078	1
12079	2
12081	1
12082	2
12089	1
12110	1
12111	1
12114	1
12131	1
12136	1
12137	1
12158	1
12162	1
12174	2
12176	1
12189	1
12191	1
12193	1
12199	1
12210	1
12221	1
12222	1
12227	1
12228	1
12235	1
12236	1
12240	2
12247	1
12249	1
12262	1
12284	1
12287	1
12295	1
12296	1
12298	1
12308	1
12309	1
12312	1
12317	1
12323	1
12326	1
12334	1
12335	1
12338	1
12339	1
12341	1
12349	1
12359	1
12367	1
12370	1
12371	1
12372	1
12376	1
12379	1
12393	1
12397	1
12401	1
12408	1
12421	1
12423	1
12427	1
12435	1
12436	1
12455	1
12456	1
12459	1
12460	1
12468	1
12469	1
12470	1
12482	1
12490	1
12495	1
12501	1
12502	1
12505	1
12515	1
12527	1
12548	1
12549	1
12554	2
12566	1
12567	1
12568	1
12569	1
12570	1
12571	2
12576	1
12577	1
12585	1
12607	1
12609	1
12610	1
12615	1
12619	1
12628	1
12630	1
12632	1
12634	1
12638	1
12643	1
12652	2
12653	1
12669	1
12678	1
12701	1
12704	1
12707	1
12712	1
12715	1
12720	1
12727	1
12743	1
12745	1
12752	2
12754	1
12760	1
12763	1
12766	1
12769	1
12770	1
12782	2
12797	1
12824	2
12828	1
12831	1
12833	1
12851	1
12854	1
12856	1
12863	1
12865	1
12867	2
12868	1
12870	1
12872	2
12891	1
12892	1
12896	1
12897	1
12903	1
12934	1
12963	1
12966	1
12979	1
12980	1
12984	1
12994	1
13001	1
13026	1
13029	1
13032	1
13035	1
13050	1
13051	1
13052	1
13063	1
13074	1
13075	1
13081	1
13092	1
13100	1
13114	1
13116	1
13124	1
13125	1
13128	1
13134	1
13153	1
13155	1
13156	1
13160	1
13167	1
13172	1
13189	1
13217	1
13225	1
13233	1
13236	1
13244	1
13250	1
13269	1
13274	1
13276	1
13281	1
13292	2
13298	1
13300	1
13341	1
13344	1
13356	1
13357	1
13366	2
13367	1
13371	1
13376	1
13394	1
13396	1
13398	1
13399	1
13411	2
13428	1
13429	1
13431	1
13452	1
13457	1
13463	1
13464	1
13491	1
13492	1
13508	1
13531	1
13534	1
13546	2
13554	1
13580	1
13584	1
13587	1
13590	1
13604	1
13607	1
13618	1
13624	1
13625	1
13641	1
13654	1
13671	1
13685	1
13691	1
13692	1
13706	1
13709	1
13715	1
13723	1
13755	1
13778	1
13788	1
13796	1
13801	1
13808	1
13809	1
13813	2
13819	1
13843	1
13869	2
13873	1
13876	2
13884	1
13895	1
13898	1
13903	1
13906	1
13908	2
13909	1
13910	1
13915	1
13916	1
13928	1
13943	1
13950	1
13956	2
13966	2
13983	1
13989	1
13993	1
14015	1
14018	1
14020	1
14027	1
14028	1
14032	1
14033	1
14034	1
14036	1
14044	1
14047	1
14048	1
14062	1
14066	1
14067	1
14076	1
14077	1
14081	1
14082	1
14086	1
14105	1
14117	2
14133	1
14134	1
14135	1
14141	2
14147	1
14152	1
14153	1
14159	1
14162	1
14177	1
14178	1
14179	1
14180	1
14181	1
14191	1
14201	2
14214	1
14219	1
14221	1
14223	1
14227	1
14229	2
14236	1
14244	1
14251	1
14252	1
14274	1
14276	1
14284	1
14285	2
14289	1
14292	1
14296	1
14307	1
14308	1
14333	1
14339	1
14343	1
14356	1
14358	1
14363	1
14364	2
14380	1
14397	1
14399	1
14402	2
14405	1
14409	1
14413	2
14416	1
14424	1
14429	1
14434	1
14445	1
14451	1
14453	1
14458	1
14462	1
14469	1
14475	3
14479	1
14480	1
14492	1
14494	1
14500	1
14503	1
14504	1
14522	1
14523	1
14524	1
14527	1
14528	1
14530	1
14543	1
14544	1
14562	2
14567	1
14578	2
14586	1
14590	2
14592	1
14616	1
14625	1
14634	1
14641	1
14656	1
14673	1
14679	1
14696	1
14702	1
14709	1
14710	1
14712	1
14723	1
14727	1
14731	2
14763	1
14768	1
14775	1
14776	1
14781	1
14815	1
14834	1
14841	1
14843	2
14861	2
14874	1
14881	1
14885	1
14889	1
14893	1
14902	1
14911	1
14924	1
14933	2
14950	1
14954	1
14955	1
14961	1
14977	1
14996	1
15007	1
15011	1
15021	1
15026	1
15032	2
15052	1
15053	1
15055	1
15065	1
15069	2
15072	1
15075	1
15080	1
15085	1
15089	1
15090	1
15093	2
15096	1
15118	1
15127	1
15134	1
15142	1
15152	1
15156	1
15165	1
15189	1
15193	1
15201	1
15203	1
15204	1
15217	1
15220	1
15239	1
15240	1
15256	1
15293	1
15311	1
15319	1
15321	1
15327	1
15338	1
15341	1
15349	1
15355	1
15365	1
15368	1
15391	1
15392	1
15394	1
15407	1
15409	1
15415	1
15421	1
15429	1
15439	1
15456	1
15465	2
15488	1
15490	1
15495	1
15499	1
15520	1
15524	1
15542	1
15554	1
15566	1
15584	1
15588	1
15597	1
15609	1
15610	1
15615	1
15631	1
15643	1
15659	1
15671	1
15686	1
15697	1
15699	1
15716	1
15717	1
15749	1
15757	1
15768	2
15769	1
15787	1
15788	1
15801	1
15817	1
15822	1
15856	1
15865	1
15870	1
15873	1
15882	1
15901	1
15912	1
15932	1
15940	2
15956	1
15976	1
15989	1
15994	1
15995	1
16003	1
16038	2
16050	1
16053	1
16056	1
16057	1
16065	1
16067	1
16119	1
16124	1
16131	1
16147	1
16153	1
16163	1
16166	1
16173	1
16175	1
16181	1
16211	1
16212	1
16221	1
16224	1
16236	1
16250	1
16252	1
16253	1
16255	1
16291	1
16305	1
16309	1
16310	1
16325	1
16336	1
16355	1
16364	1
16373	1
16375	1
16376	1
16381	1
