1	4
2	6
3	3
4	2
5	3
6	3
7	4
8	1
9	1
16394	2
11	3
16396	2
13	4
14	1
16398	1
15	1
16	4
17	1
18	3
19	1
20	5
21	7
22	2
23	3
24	5
25	4
16409	1
26	6
27	5
28	2
29	6
30	1
31	2
32	5
33	2
34	1
35	1
36	4
37	4
38	3
39	5
40	4
41	3
42	5
43	3
44	4
45	2
46	1
47	2
48	2
16432	1
16433	1
49	3
50	2
16434	1
51	5
52	4
16436	1
53	6
54	6
55	6
16440	1
57	5
16441	1
58	2
59	3
60	1
61	4
62	4
63	1
64	5
65	2
66	6
67	5
68	3
16452	1
69	7
70	2
71	4
72	3
73	4
74	1
75	3
76	3
77	7
16461	1
78	6
80	2
81	3
82	4
83	2
84	3
85	1
86	2
87	1
88	2
16473	1
89	3
90	1
91	4
92	4
93	3
94	7
95	2
96	2
97	3
99	6
100	3
101	1
16486	1
103	4
104	4
105	4
106	2
107	5
108	5
109	5
110	4
112	6
16497	1
113	4
114	3
115	3
116	2
117	3
118	5
119	5
120	2
121	1
122	3
123	5
124	3
125	6
126	1
127	1
128	2
129	3
16514	1
131	2
132	4
133	2
134	3
135	4
136	2
16520	1
137	1
138	4
139	1
140	3
142	2
143	4
144	3
145	4
146	3
147	6
16531	2
148	6
149	5
150	2
151	4
16535	1
152	2
16536	1
153	2
154	3
155	1
156	4
157	3
158	6
159	2
160	4
161	1
163	3
16548	1
164	2
166	2
16550	1
167	2
168	4
170	3
16556	1
172	2
173	3
174	5
16559	1
175	1
176	3
177	5
178	3
179	4
180	2
181	3
182	2
183	2
185	2
186	3
188	4
189	2
190	4
191	2
192	3
193	4
194	2
195	3
196	2
197	1
198	1
199	2
200	2
201	2
202	4
203	2
204	4
205	3
206	3
207	1
209	3
210	6
211	1
213	5
16597	1
214	5
215	2
216	1
217	1
218	2
220	9
221	3
222	2
223	3
224	1
225	2
226	1
227	3
228	1
229	4
230	5
234	4
235	5
236	7
237	4
16621	1
238	3
239	4
240	1
241	5
242	3
243	1
244	2
245	2
246	3
247	2
248	3
249	7
250	4
252	3
253	4
254	4
16638	1
255	6
256	4
16641	1
258	6
259	6
260	4
261	5
262	4
263	4
264	2
265	4
266	3
267	7
16651	1
268	4
269	6
270	1
271	3
272	2
273	4
274	2
275	6
276	2
277	4
278	2
279	3
280	3
281	2
16665	1
282	4
283	1
284	3
285	3
286	4
288	1
289	3
290	1
291	3
292	2
293	4
294	5
295	3
296	3
297	2
298	3
16682	1
299	1
300	5
301	3
302	4
303	3
304	4
305	1
16689	1
306	3
308	2
309	2
310	1
16694	1
311	4
312	3
313	3
314	3
315	3
316	3
317	2
318	4
319	4
320	1
321	3
322	3
323	3
324	4
325	7
326	5
16711	1
327	4
328	4
329	3
330	2
332	4
333	6
334	5
335	4
336	6
337	3
338	1
16722	1
339	4
340	3
16724	1
341	3
16726	1
342	2
343	1
344	7
345	1
346	2
347	3
348	4
349	1
350	1
351	1
352	6
353	5
355	2
356	3
16740	1
357	3
16742	1
358	2
359	5
360	3
361	6
363	1
364	3
16748	1
365	5
366	2
367	7
16751	1
368	1
369	4
370	1
371	4
372	4
373	1
374	4
375	5
376	3
377	4
378	3
379	5
380	3
381	6
16765	1
382	3
383	2
16767	1
384	3
385	4
386	3
387	1
388	2
389	4
390	2
391	4
392	7
16776	2
393	3
394	4
16778	1
395	3
396	1
397	2
398	1
399	3
400	6
401	5
402	2
403	3
404	4
405	5
406	1
407	3
409	3
410	3
411	6
412	4
413	3
414	2
415	5
416	1
417	2
418	1
419	1
420	2
421	2
422	5
423	4
424	3
425	1
426	5
427	3
429	5
16813	1
430	6
431	4
16815	1
432	6
433	6
434	3
435	4
436	1
437	2
438	5
439	2
440	4
441	1
442	4
443	4
444	5
445	2
446	6
447	1
448	2
449	7
450	1
451	1
452	2
453	3
454	4
455	4
456	1
457	3
458	5
16842	2
459	4
16844	1
460	6
461	1
16845	1
462	3
463	2
464	3
465	6
467	1
468	7
469	3
470	4
16854	1
471	1
472	3
473	1
474	3
475	3
476	7
477	2
478	2
479	4
480	4
481	4
482	7
483	4
484	2
485	1
486	6
487	1
488	3
489	3
490	5
491	2
492	2
493	1
494	2
495	2
496	5
497	4
498	4
499	3
500	2
501	6
502	4
503	7
504	2
505	3
506	3
507	1
508	2
16892	1
509	5
510	3
512	4
513	5
514	4
515	2
516	1
517	2
518	5
519	4
520	3
521	3
522	1
523	4
524	4
525	3
526	6
527	3
528	4
529	6
530	1
531	3
532	1
533	5
534	4
535	3
536	2
537	6
538	2
16922	1
539	1
540	6
541	2
542	1
543	3
544	5
545	7
546	2
547	4
16931	1
548	5
549	2
550	2
551	3
552	7
553	5
554	5
556	3
557	4
558	1
559	7
560	3
561	3
16945	1
562	2
16947	1
563	3
564	4
565	4
566	2
567	2
568	6
570	4
571	2
572	6
573	4
574	4
575	4
576	2
577	4
578	4
579	3
580	4
581	5
582	1
583	2
584	2
586	1
587	2
588	3
589	1
590	3
591	3
592	1
593	7
594	2
595	3
596	5
597	2
598	4
599	5
600	4
601	2
602	3
603	4
604	4
605	3
606	3
607	8
608	3
609	2
610	3
611	5
612	3
613	5
16998	1
614	2
615	2
616	5
617	4
618	4
619	4
620	5
621	4
622	1
623	2
624	4
625	2
626	3
627	2
628	4
629	2
631	6
632	4
633	5
634	6
17018	1
635	3
636	7
637	5
638	4
639	11
640	5
641	3
642	2
643	6
644	2
645	3
646	1
647	3
648	1
649	3
650	3
651	6
652	1
653	4
17037	1
654	3
17039	1
655	1
656	5
657	1
658	3
659	2
17043	1
660	1
661	7
662	3
663	1
665	8
666	5
667	4
668	1
669	2
670	1
17054	1
671	3
672	4
17056	1
673	2
674	1
675	3
17059	1
676	6
677	2
678	1
679	3
17063	1
680	2
681	2
682	4
683	1
684	4
686	2
687	2
688	6
690	3
691	2
692	1
693	4
694	4
695	4
696	5
697	5
698	4
699	2
700	3
17085	1
701	3
702	3
703	4
704	4
705	4
706	9
707	2
17091	1
708	5
709	3
710	10
711	3
712	4
713	4
714	4
715	2
716	3
717	4
718	7
17102	1
719	2
720	4
722	3
723	2
724	2
725	4
726	4
727	5
728	3
729	6
730	1
17114	1
731	7
732	1
733	3
734	2
735	4
736	3
737	3
738	6
17122	1
739	3
740	3
741	1
17125	1
743	3
745	2
746	5
747	4
748	1
749	4
750	2
751	4
752	2
753	3
754	4
755	5
756	5
757	1
758	5
759	1
760	4
761	1
762	7
763	1
764	2
766	4
17150	1
767	2
768	3
769	4
770	6
771	1
772	4
773	3
774	3
775	2
776	3
777	5
778	6
779	2
780	3
781	2
782	4
783	5
784	5
785	2
786	1
17171	1
787	4
788	3
789	5
790	3
791	3
792	2
794	3
795	3
797	4
798	1
799	3
800	5
801	1
802	3
803	2
804	3
805	4
806	5
17190	1
808	4
809	3
810	2
811	4
812	3
813	1
814	3
815	5
816	8
817	5
818	2
819	5
820	2
821	6
17206	1
822	3
823	5
824	6
825	3
826	4
827	1
828	3
829	3
830	3
831	3
832	4
833	1
834	4
835	5
837	1
838	1
839	3
840	7
841	2
842	2
843	5
844	6
17228	1
845	4
846	5
847	2
848	4
849	7
850	8
17235	1
851	1
852	3
853	1
854	4
855	2
856	6
857	3
858	2
859	2
860	2
861	7
862	3
863	1
17247	1
864	1
865	3
17249	1
866	3
867	1
869	3
870	3
871	4
872	8
873	3
874	1
875	5
876	4
877	2
878	3
879	1
880	4
881	2
882	1
883	4
884	4
885	4
886	2
887	3
888	3
889	1
17273	1
890	2
17274	1
891	3
892	4
893	1
894	2
895	1
896	2
897	2
898	4
899	4
900	3
901	3
902	5
904	6
905	2
906	2
907	5
908	7
909	3
910	3
911	5
912	4
913	3
914	5
915	2
916	2
917	2
918	5
919	2
920	1
921	3
922	1
923	5
926	4
927	2
17311	1
928	5
929	3
930	2
931	3
932	5
933	4
934	3
935	4
936	3
937	6
17321	1
938	1
940	3
941	1
942	2
17326	1
943	2
17327	1
944	4
945	7
946	1
17330	1
947	2
948	2
949	1
950	1
951	4
952	2
953	3
954	3
955	3
956	4
957	2
958	3
959	1
960	6
961	3
962	1
17347	1
963	2
964	3
17348	1
966	1
967	4
968	3
969	1
970	6
971	2
972	2
973	4
974	3
975	2
977	3
17361	1
978	4
979	5
980	3
17365	1
981	2
982	4
983	5
984	4
985	3
986	6
987	3
988	3
989	6
990	4
991	2
992	4
993	4
994	3
995	5
996	3
997	5
998	7
999	2
17383	1
1000	1
1001	2
1002	5
17386	1
1003	3
1004	2
1005	7
1006	3
1007	6
1008	4
1009	6
1010	3
1011	3
1012	6
1013	3
1014	5
1015	3
1016	1
1017	4
1018	2
1019	3
1020	2
1021	3
1022	2
1023	2
1024	4
1026	2
1027	2
1028	5
1029	3
1030	3
1031	2
1032	5
1033	5
1034	4
1035	1
1036	3
1037	1
1038	1
1039	4
1040	1
1041	4
1043	3
1044	3
1045	3
1046	6
1047	3
1048	4
1049	5
1050	3
1051	2
1052	2
1053	8
17437	1
1054	3
1055	7
1056	1
1057	6
1058	1
1059	3
1060	2
1062	2
1063	1
1064	2
1065	5
1066	2
17450	1
1067	2
1068	4
1069	3
1070	3
1071	3
1072	3
1073	2
1074	3
1075	3
1076	2
1077	2
1078	1
1079	1
1080	3
1081	2
1082	7
1083	3
1085	3
1086	4
1087	1
1088	5
1089	4
1090	6
1091	3
17475	1
1092	5
1093	2
1094	4
1095	3
1096	4
1097	3
1098	2
1099	4
1100	1
1101	7
1102	2
1103	7
1104	2
1105	6
17490	1
1107	4
1108	1
1109	3
1110	2
1111	1
1112	1
1113	2
1114	5
1115	1
1116	2
1117	3
1118	2
17502	1
1119	4
1120	3
1121	3
1122	3
1123	4
1124	4
1125	1
1127	3
1128	4
1129	3
1130	2
1131	2
1132	3
1133	4
1134	3
1135	4
1136	6
17521	1
1137	1
1138	3
1139	1
17523	1
1140	3
1141	2
1142	2
1143	4
1144	2
17528	1
1145	3
1146	8
1147	2
1148	2
1149	3
1150	7
1151	5
1152	2
1153	1
1154	3
1155	2
1156	1
1157	3
1158	2
1159	3
1160	3
1161	4
17545	1
1162	2
1163	1
1164	2
1165	4
1166	2
17550	1
1167	5
1168	4
1169	2
1170	2
1171	3
1172	1
1173	2
1174	5
1175	2
1176	1
1177	7
1178	4
1179	3
1180	1
1181	1
17566	2
1183	2
1185	5
1186	3
1187	5
17571	1
1188	3
1189	3
1190	3
1191	3
1192	4
1193	3
1194	4
1195	4
1196	2
1197	4
1198	4
1200	4
1201	4
1202	6
1203	4
1204	6
1205	2
1206	5
1207	1
1208	3
1209	2
1210	4
1211	5
1212	4
1213	3
1214	1
1215	3
1216	1
1217	5
1218	1
1219	5
1220	6
1221	4
1222	3
1223	3
17607	1
1224	1
1225	4
1226	2
1227	3
1228	1
17612	1
1229	2
1230	4
1231	2
1232	4
1233	9
1234	1
1235	1
1236	2
1237	2
1238	2
1239	1
1240	5
17625	1
1241	1
1242	3
1243	2
1244	3
17628	1
1245	4
1246	4
1247	5
1248	5
1249	2
1250	2
17634	1
1251	1
1252	6
1253	3
17637	1
1254	3
1255	2
1256	5
1257	3
1258	4
1259	3
1260	1
1261	5
1262	3
17646	2
1263	2
1264	3
17648	1
1265	1
1266	4
1267	6
1268	2
1269	4
1270	2
1271	4
1272	3
1273	5
1274	3
1275	2
1276	8
1277	4
1278	3
1280	2
1281	2
1282	9
1283	2
1284	2
1285	1
17670	1
1287	1
17671	1
1288	3
1289	4
1290	2
1291	3
1292	3
1293	4
1294	2
1295	3
1296	2
1297	3
1298	4
1299	4
1300	4
1301	5
17685	1
1302	4
1303	5
1304	6
17688	1
1305	6
1306	7
1307	4
1308	5
1309	1
1310	5
1311	4
1312	4
1313	3
1314	1
1315	2
1316	4
1317	5
1318	2
1319	3
1320	5
1321	8
1322	2
1323	7
17707	1
1324	5
1325	2
1326	1
1327	5
1328	7
1329	4
17713	1
1330	2
1331	2
1332	7
1333	1
1334	6
1335	4
1336	3
1337	3
17721	1
1338	3
17723	1
1339	3
1340	5
1341	4
1343	3
1344	4
1345	6
1346	2
1347	1
1348	3
1349	5
1350	4
1351	3
1352	8
1353	2
1354	3
1355	3
1356	2
1357	2
1358	4
1359	6
1360	4
1361	4
1362	3
1363	3
1364	5
17748	1
1365	3
17749	1
1366	5
1367	2
1368	2
1370	2
1371	4
17755	1
1372	1
1373	5
1374	2
1375	4
17759	1
1376	8
1377	2
1378	2
1379	2
1380	2
1381	7
17765	1
1382	4
1383	3
1384	2
1385	12
1386	3
1387	5
1388	2
1389	3
1390	3
1391	2
1392	1
1393	3
17778	1
1395	2
1396	4
1397	2
1398	3
1399	4
1400	3
1401	2
1402	3
1403	3
1404	3
1405	2
1406	5
1407	2
1408	1
1409	1
1410	4
1411	2
1412	2
1413	5
1414	4
1415	2
1416	2
1417	5
1418	2
1419	2
1420	5
1421	2
1422	2
1423	3
1424	5
1425	3
1426	4
1427	2
1428	4
1429	4
1430	5
17814	1
1431	3
17815	1
1432	4
1433	2
1434	4
1435	1
1436	4
1437	4
1438	3
1439	3
1440	3
1441	2
1442	1
1443	6
1444	4
1445	2
1446	2
1447	1
1448	2
1450	2
1451	5
1452	3
1453	3
1454	1
1455	6
1456	1
1457	8
1458	6
1459	3
1460	1
1461	3
1462	2
1463	2
1464	4
1465	3
1466	5
1468	2
1469	1
1470	5
17854	1
1471	4
1472	2
1473	4
1474	2
1475	4
1476	2
17861	1
1477	5
1478	6
1479	2
1480	3
1481	2
1482	3
1483	5
17868	1
1484	4
1485	5
1486	5
1487	1
1488	6
1490	6
1491	4
1492	3
1493	2
1494	2
17878	1
1495	9
1496	4
17881	1
1497	2
1498	3
1499	4
1501	4
1502	1
1503	5
1504	2
1505	3
1506	2
1507	1
1508	5
17893	2
1509	5
1511	6
1512	1
1513	2
1514	5
1515	3
1516	7
1517	3
1519	3
1520	2
1521	3
1522	2
1523	2
1524	2
1525	5
1526	1
1527	6
1528	6
1529	3
1530	3
1531	1
1532	3
1533	8
1534	3
1535	3
1536	2
1537	4
17921	1
1538	2
1539	2
1540	4
1541	2
1542	4
1543	3
17928	1
1544	3
1545	1
1546	5
1547	2
1548	4
17933	1
1549	4
1550	4
1551	4
1552	5
1553	2
1554	1
1555	3
1556	4
1557	2
1558	3
1559	1
1561	4
1562	1
1563	3
1564	1
1565	1
1566	4
1567	3
17951	1
1568	4
1569	4
1570	1
1571	4
1572	4
1573	6
1574	2
1575	4
1576	3
1577	3
1578	3
1579	6
17964	1
1580	2
1581	3
1582	3
1583	5
1584	2
1585	1
1586	1
1587	2
17971	1
1588	4
1589	3
1590	4
1591	4
1592	2
1593	1
1594	4
1595	2
1596	6
17980	1
1597	3
1598	2
1599	2
1600	4
1601	2
1602	2
1603	3
1604	2
1606	3
1607	2
1608	8
1609	4
1611	3
1612	7
1613	2
1614	4
1615	3
1616	8
1617	3
1618	2
1619	3
1620	1
1621	2
1622	4
1623	1
1624	1
1625	3
1626	3
1627	2
1628	1
1629	3
1631	4
1632	4
1633	3
1634	4
1635	3
1636	6
1637	4
1638	3
1639	6
1640	5
1641	3
1642	2
1643	5
1644	2
1645	6
1646	2
1647	1
1649	3
1650	7
1651	2
1652	1
1653	1
1654	3
1655	2
1656	1
1657	2
18042	1
1659	4
1660	2
1661	2
1662	2
1663	1
1664	1
1665	5
1666	3
1667	6
1668	2
1669	4
1670	3
1671	5
1672	3
18056	1
1673	3
1674	2
1675	1
1676	4
1677	6
1678	3
1679	3
1680	2
1681	2
1682	5
1684	3
1685	7
1686	2
1687	4
1688	1
1689	6
1690	3
1691	3
1692	3
1693	10
1694	5
1695	2
1696	1
1697	3
1699	5
1700	3
1701	2
1702	1
1703	4
1704	2
1705	3
1706	3
1707	2
1708	4
1709	2
1710	5
18095	1
1711	3
1712	2
1713	2
1714	3
1715	6
1716	4
18100	1
1717	5
1719	1
1720	4
1721	3
18105	1
1722	3
1723	2
1724	3
1725	5
1726	2
1727	4
1728	1
1729	3
1730	3
1731	4
1732	3
1733	5
1734	1
1735	6
1736	4
1737	1
1738	3
1739	3
1740	5
1741	1
1742	3
1745	3
1747	3
1748	3
1749	1
1750	7
1751	5
1752	2
1753	3
1754	7
1755	1
1756	2
1757	1
1758	4
1760	1
1761	6
1762	6
1763	2
1764	1
1765	5
1766	5
1767	2
1768	2
1769	1
1770	4
1771	6
1772	5
1773	3
1774	6
1775	2
1776	5
18160	1
1777	3
1778	4
1779	7
1780	3
1781	1
1782	3
18167	1
1783	2
1784	4
18169	1
1785	2
1786	1
1787	1
1789	2
18173	1
1790	4
1791	2
1792	2
1793	3
1794	4
1795	3
1796	2
1797	2
1798	4
1799	1
1800	3
1801	3
1802	7
1803	3
18188	1
1804	2
1805	3
18189	1
1806	2
1807	1
1808	2
18192	1
1809	1
1810	4
1811	3
1812	3
1813	5
1814	1
1815	1
1816	3
1817	6
1818	5
1819	2
1820	5
1821	2
1822	4
1823	3
1824	3
1825	4
1826	2
1827	4
1828	3
1829	3
1830	2
1831	2
1832	4
1833	2
1834	4
1835	1
1836	2
1837	1
1838	1
1839	6
1840	2
1841	5
1842	2
1843	3
1844	2
1845	2
1846	5
1847	5
1848	1
1849	2
1850	3
1851	6
1853	4
18237	1
1856	2
1857	3
1858	5
18242	1
1859	3
1860	5
1861	4
1862	1
1863	2
1864	2
1865	4
1866	8
1867	1
1868	1
1869	4
1870	3
1871	4
1872	2
1873	3
1875	2
18259	1
1877	2
1878	4
1879	1
1880	5
1881	2
1882	3
1883	4
1884	1
1885	6
1886	2
1887	3
1888	5
1889	1
1890	3
1891	6
1892	1
1893	3
1894	5
1895	2
1896	1
1898	1
18282	1
1899	3
1900	2
1901	2
1902	2
1903	4
1904	1
1905	2
1906	4
1907	1
1908	1
1909	3
18293	1
1910	1
1911	3
1913	5
1914	3
1915	1
1916	4
1917	1
18301	1
1918	1
1919	3
1920	1
1921	2
1922	2
1923	3
1924	3
1925	1
1926	3
1927	1
1928	4
1929	4
1930	2
1931	3
1932	2
1933	3
1934	2
1935	4
1936	3
1937	2
1938	3
1939	5
18323	1
1940	4
1941	2
1942	4
1943	4
1945	7
1946	7
1947	6
1948	4
1949	4
1950	5
1951	3
1952	1
1953	1
1954	1
1955	7
1956	2
1957	2
1958	6
1959	3
18343	1
1960	2
1961	2
1962	6
1963	3
1964	3
1965	5
1966	1
1967	5
1968	4
1969	2
1970	2
1971	2
1972	4
1973	6
1974	2
1975	2
1976	4
1977	5
1978	3
1979	4
1980	4
1981	7
1982	2
1983	6
1984	4
1985	3
18369	1
1986	6
1987	4
1988	4
1989	4
1990	5
1991	1
1992	4
18376	1
1993	1
1994	4
1995	6
1996	2
1997	3
1998	8
1999	5
2000	3
2001	4
18385	1
2002	3
2003	3
2004	3
2005	2
2006	3
2007	7
2008	2
2009	2
2010	4
2011	3
2012	2
2013	2
2014	6
2015	2
2016	1
2017	2
2018	2
2019	5
2020	5
2021	2
2022	1
2024	2
2025	6
2026	3
2027	4
2028	2
2029	2
2030	2
2032	5
2033	4
2034	5
2035	1
2036	3
2037	3
2038	7
2039	7
2041	2
2042	6
2043	2
2044	4
2045	3
2046	2
2047	1
2048	2
2049	3
2050	4
2051	3
2052	3
2053	2
18437	1
2054	3
2055	2
2056	4
2057	2
2058	3
2059	5
2060	2
2061	5
2062	1
2063	5
2064	3
2065	2
2066	3
2067	4
2068	2
2069	2
2070	5
2071	5
2072	1
2073	5
2074	1
2075	1
2076	2
2077	2
2078	3
2079	2
2080	3
2081	3
2082	3
2083	2
18467	1
2084	3
2085	1
2086	4
2087	2
2088	5
2089	1
2090	1
2091	2
2092	5
2093	4
2094	4
2095	4
2096	3
2097	3
2098	3
2099	5
2100	5
2101	1
2102	2
18487	1
2103	2
2104	1
2105	4
2106	5
2107	2
2108	2
2109	4
2110	3
2111	4
2112	4
2113	4
2114	5
2115	4
2116	4
2117	3
2118	5
2119	5
2120	2
2122	8
2123	3
2124	3
2125	3
2126	3
2127	4
2128	2
2129	4
2130	5
2131	4
2132	2
2133	6
2134	4
2135	5
2136	2
2137	3
2138	5
2139	2
2140	4
2141	3
18526	2
2142	4
2143	4
2144	6
2145	7
2146	3
2147	6
2148	1
2149	4
2150	2
18535	1
2151	9
2152	9
2153	4
2154	1
2155	3
2156	5
2157	4
2158	2
2159	3
2161	3
2162	3
2163	2
2164	6
2165	5
2166	4
2167	4
2168	5
2169	1
2170	2
2171	2
2172	3
2173	4
2174	4
2176	7
2177	4
2178	1
2179	2
2180	1
2181	5
2182	4
2183	1
2184	3
2185	2
2186	4
2187	5
2188	4
2189	3
2190	5
2191	2
2192	3
2193	6
18578	1
2195	7
2196	3
2197	2
2198	5
18582	1
2200	4
2201	3
2202	5
2203	4
2204	2
2205	2
2206	2
2207	1
2208	2
2209	4
2210	2
2211	4
2212	1
2213	2
2214	2
2215	2
18599	1
2216	6
2217	3
18601	1
2218	4
2219	3
2220	2
2221	2
2222	4
2223	3
2224	3
2225	2
2226	6
2227	4
2228	5
2229	5
2230	3
2231	6
2232	4
2233	3
2234	4
2235	3
2236	3
2237	2
2238	3
2240	2
2241	3
2242	5
2243	3
2244	3
2245	3
2246	2
2247	1
2249	3
2250	2
2251	4
2252	3
2253	4
2254	3
2255	5
2257	3
2258	2
2259	4
2260	3
2261	3
2262	3
2263	2
2264	1
2265	5
2266	4
2267	3
18652	1
2269	4
2270	1
2271	2
2272	2
2273	6
2274	4
2275	4
2276	6
2277	2
2278	5
2279	7
18663	1
2280	4
2281	1
2282	1
2283	4
2284	5
2285	3
2286	2
2287	3
2288	4
2289	1
2291	3
2292	1
2293	2
2294	2
2295	4
2296	4
18680	1
2297	3
2298	5
2299	5
2300	2
2301	3
2302	5
2303	1
2304	1
2305	3
2306	6
2307	2
2308	5
2309	3
2310	6
2311	2
2312	2
2313	3
2314	3
2315	3
18699	1
2316	3
2317	1
2318	3
18702	1
2319	4
2320	2
2321	4
2322	3
18706	1
2323	2
2324	1
2325	1
2326	5
2327	2
2329	2
2330	2
18714	1
2331	2
2332	3
2333	2
2334	4
2335	3
2336	1
2337	6
2338	1
2339	2
2340	3
2341	5
2342	4
18727	1
2343	2
2344	2
2345	4
2346	1
2347	3
2349	1
2350	3
2352	1
2353	1
2354	2
2355	2
2356	2
2357	4
2358	4
2359	4
2360	1
2361	4
2362	4
2363	2
2364	1
2365	2
2366	4
2367	1
2368	4
2369	5
2370	3
18754	1
2371	1
2372	3
2373	2
2374	2
2375	3
2377	2
2378	6
2379	2
2380	1
2381	2
2382	5
2383	3
2384	3
2385	4
18769	1
2386	4
2387	4
2388	1
2389	1
18773	1
2390	5
2391	4
2392	3
2393	1
18778	1
2394	4
2395	3
2396	2
2397	1
2398	4
18782	1
2399	4
2400	3
2401	4
2402	2
2403	6
2404	3
2405	1
2406	3
2407	5
18791	1
2408	5
2409	4
2410	2
2411	4
2412	3
2413	3
18797	1
2414	2
2415	4
2416	3
2417	2
2418	5
2419	3
2420	1
2421	1
2422	4
2423	2
2424	4
2425	1
2426	1
2428	3
2430	9
2431	1
2432	4
2433	10
2434	3
2435	1
2436	1
2437	4
2438	1
2439	2
2440	3
2441	3
2442	3
2443	4
2444	3
2445	2
2446	4
2447	3
2448	1
2449	3
2450	2
2451	6
2452	3
2453	6
2454	3
2455	4
2456	5
2457	2
2458	6
2459	1
2460	1
2461	2
2462	4
2463	6
2465	8
2466	1
2467	3
2468	2
2470	1
2471	1
2472	4
2473	4
2474	2
2475	1
2476	3
2477	2
2478	4
18862	1
2480	2
2481	3
2482	2
2483	3
2484	2
18868	1
2485	3
2486	4
2487	4
2489	2
2490	1
2491	4
2492	4
2494	9
2495	4
2496	2
2497	2
2499	1
2500	1
2501	1
2502	3
2503	3
2504	4
2505	5
2506	6
2507	6
2508	1
2509	2
2511	2
2512	5
2513	3
2514	3
2515	3
2516	3
2517	2
2518	1
2519	2
2520	3
2521	2
2522	4
18906	1
2523	1
2524	2
2525	1
2526	3
2527	3
18911	1
2528	5
2529	2
2530	1
2531	2
2532	5
2533	5
2534	3
2535	1
2536	1
2537	5
2538	5
2539	6
2540	7
2541	3
2542	2
2543	8
2544	3
2545	5
2546	5
2547	3
2548	3
2549	2
2550	4
2551	1
2552	2
2553	5
2554	5
2555	4
2556	1
2557	3
2558	4
2559	2
2560	4
2561	1
2562	4
2563	3
2564	3
2565	4
2566	4
2567	3
2568	1
2569	2
2570	6
2571	1
2573	1
2574	1
2575	4
2576	7
2577	3
2578	2
2579	2
2580	2
2581	3
2582	2
2583	2
2584	3
2585	3
2586	5
2587	3
2589	3
2590	6
2591	2
2592	2
2593	5
2594	2
2595	2
2596	5
2597	4
2598	3
2599	4
2600	1
2601	2
2602	5
2603	1
2604	9
2605	2
2606	5
2607	3
2608	2
2609	3
18993	1
2610	5
2611	3
2612	5
2613	2
18997	1
2614	5
2615	3
2616	2
2617	1
2618	4
2619	2
2620	6
2621	5
2622	8
2623	2
2624	3
2625	2
2626	2
2628	3
2629	2
2630	2
19014	1
2631	2
2632	1
2633	4
2634	3
19018	1
2635	2
2636	7
2637	4
2638	3
2639	2
19023	1
2640	5
2641	3
2642	3
2643	4
2644	3
2645	2
2646	4
2647	2
2648	3
2649	4
2650	1
2651	3
2652	2
2653	1
2654	1
2655	5
2656	4
2657	4
2658	4
2659	3
2661	2
2662	2
2663	5
2664	4
2665	3
2666	5
2667	2
2668	4
2669	2
2670	3
19054	1
2671	5
2672	2
2673	4
2674	3
2676	6
2677	3
2678	2
2679	5
2680	2
2681	2
2682	3
2683	2
2684	7
2685	3
2686	2
2687	4
2688	1
2689	2
2690	1
2691	5
2692	5
19076	2
2693	5
2694	2
2695	3
2696	4
2697	3
2698	6
2699	3
2700	2
19084	1
2701	7
2702	2
2703	2
2704	6
19088	1
2705	3
2706	1
2707	2
2708	2
2709	4
2710	4
2711	7
2712	3
2713	2
2714	3
2715	1
2716	1
2717	2
2718	4
2719	4
2720	2
2721	3
2722	3
2723	3
2724	2
2725	4
2726	1
2727	3
2728	2
2729	3
2731	4
2733	3
2734	1
2736	6
2737	4
2738	1
2739	5
2740	4
2741	6
2742	4
2743	3
2744	3
2745	1
2746	2
2747	4
2748	4
2749	2
2750	4
19134	1
2751	5
2752	3
2753	2
19137	1
2754	5
2755	3
2756	2
2757	7
2758	1
2759	5
19143	1
2760	3
2761	3
2762	1
2763	5
2764	3
2765	1
2766	2
2767	2
2768	3
2769	6
2770	4
2771	3
2772	6
2773	5
2775	2
2776	4
2777	4
2778	6
2779	5
2781	2
2782	3
2783	6
2784	4
2785	3
2786	3
2787	2
2788	2
2789	2
2790	3
2791	3
2792	3
2793	1
2794	3
2795	3
2796	3
2797	1
2798	3
2799	6
2800	4
2801	4
2802	3
2803	2
2804	2
2805	3
19189	1
2806	3
2808	4
2809	2
2810	1
2812	4
2813	2
2814	4
2815	2
2816	1
19201	1
2817	3
2820	2
2821	4
2822	5
2823	5
2824	4
2825	2
2826	3
2828	3
2829	4
2830	2
2831	3
2832	3
19216	1
2833	5
2834	4
2835	4
2836	4
2837	5
2838	2
2839	1
2840	3
2841	3
2842	3
2843	3
2844	1
2845	2
2846	5
2847	6
2848	6
2849	5
2850	2
2851	2
2852	7
2853	2
2854	5
2855	5
2856	2
2857	4
2858	4
2859	2
2860	3
2861	3
2862	4
2863	2
2864	2
2865	3
2866	6
2867	2
2868	1
2869	1
2870	3
2871	3
2872	2
2873	3
2874	2
2876	4
2877	4
2878	2
2879	1
2880	3
2881	4
2882	8
2883	3
2884	1
2885	4
2886	2
2887	2
2888	4
2889	1
2890	4
19274	1
2891	3
2892	1
2893	2
2894	6
2895	1
2897	2
2898	5
2899	3
19284	1
2900	1
2901	6
2903	3
2904	1
2905	2
2906	2
2907	1
2908	3
2909	1
2910	3
2911	2
2912	7
2913	6
19297	1
2914	4
2915	2
2916	3
2917	6
2918	4
2919	3
2920	4
2921	1
2922	4
2923	6
2924	1
2925	3
2926	3
2927	6
2928	4
2929	2
2930	3
2931	5
2932	3
2933	4
2934	3
2935	2
2936	3
2937	3
2938	2
2939	1
2940	1
2941	5
2943	4
2944	4
2945	5
2946	3
2947	6
2948	1
2949	2
2950	2
2951	2
2952	4
2953	3
2954	2
2956	3
2957	9
2958	2
2959	3
2960	7
2961	3
19345	1
2962	2
2963	5
2964	4
2965	1
2966	2
2967	1
2968	5
2969	2
2970	4
2971	3
2972	3
2973	3
2974	5
2975	1
2976	6
2977	3
2978	3
2979	8
2980	3
2981	4
2982	2
2983	7
2984	3
2985	6
19369	1
2986	2
2987	3
2989	6
2990	4
2991	6
2992	2
2993	3
2994	7
2995	1
2996	3
2997	1
2998	2
2999	4
3000	2
3001	2
3002	2
3003	2
3004	4
3005	3
3006	5
3007	1
3008	7
3009	5
19394	1
3010	2
3011	2
3012	4
3013	3
3014	1
3015	6
3016	1
3017	1
3018	3
3019	4
3020	5
3021	5
3022	3
3023	7
3024	6
3025	4
3026	5
3027	8
3028	5
3029	7
3030	7
3031	2
3032	3
3033	4
3034	4
3035	5
3036	5
3037	1
3038	2
3039	5
3040	5
3041	5
3042	3
3043	5
3044	1
3045	2
3046	8
3047	2
3048	2
3049	5
3050	4
3051	8
3052	3
3053	3
3054	1
3056	4
3057	2
19441	1
3058	4
3059	3
3060	1
3061	5
3062	2
3063	3
3064	3
3065	2
3066	6
3067	3
3068	4
3069	5
3070	4
3071	1
3072	2
3073	6
3074	5
3075	3
3076	3
3077	3
3078	4
3079	7
3080	2
3081	3
19465	1
3082	4
3083	3
3084	4
3085	4
3086	2
3087	2
3088	4
3090	4
3091	3
3092	3
3093	2
3094	7
3095	5
3096	1
3097	5
3098	2
3099	4
3100	3
3101	5
3102	3
3103	4
3104	4
3105	4
3106	4
3107	1
3108	5
3109	4
3110	5
3111	4
3112	1
3113	4
3114	2
3115	4
3116	2
3117	5
3118	2
3119	2
3121	3
3122	2
3123	2
3124	4
3125	2
3126	5
3127	3
3128	7
3129	3
3130	4
3131	2
3132	6
3133	1
3134	4
3135	6
3136	2
3137	1
3138	5
3139	1
3140	1
3141	5
3142	3
3143	5
3144	7
3145	6
3146	4
3147	4
3148	2
3149	2
3150	3
3151	3
3152	6
3153	3
3154	4
3155	4
3156	4
3157	7
3158	3
19542	1
3159	3
3160	3
3161	4
3162	6
3164	3
3165	3
3166	4
3167	2
3168	6
3169	2
19554	1
3171	1
3172	2
3173	4
3174	4
3175	5
3176	2
3177	4
3178	5
3179	2
3180	2
3181	3
3182	5
3183	4
3184	3
3185	2
3186	3
3187	3
3188	5
3189	7
3190	3
3191	2
3192	5
3193	2
3194	5
3195	3
3196	3
3197	5
3198	3
3199	6
3200	3
19584	1
3201	3
3202	2
3203	2
3204	6
3205	1
3206	2
3207	2
3209	1
3210	4
3211	2
3212	1
3213	2
3214	1
3215	2
3216	4
3217	5
3218	3
3219	2
3220	2
3221	2
3222	2
3223	3
3224	3
3225	3
3226	2
3227	3
19611	1
3228	4
3229	2
3230	3
3231	3
3232	3
3233	1
3234	5
3235	3
3236	1
3237	5
3238	3
3239	4
3240	5
3241	4
3242	2
3243	3
3244	2
3245	6
3246	1
3247	6
3248	2
3249	3
3250	5
3252	2
3253	3
3254	5
3255	4
3256	3
3257	2
3258	3
3259	5
3260	3
3261	2
3262	6
3263	8
3264	2
3265	4
3266	4
3267	2
3268	1
3269	3
3270	4
3271	4
3272	9
3273	2
3274	6
3275	4
3276	4
19660	1
3277	3
3278	5
3279	6
3280	4
3281	1
3282	3
3283	3
3284	3
3285	6
3286	4
3287	3
3288	3
3289	4
3290	2
3291	2
3292	4
3293	2
3294	3
3295	6
3296	2
3297	5
3299	6
3300	2
3301	4
3302	4
3303	2
3304	4
3305	2
3306	3
3307	7
3308	2
3309	2
3310	1
3312	2
3313	2
3314	3
3315	7
3316	1
3317	2
19702	1
3318	3
3319	3
3320	2
3321	2
3322	4
3323	6
3324	1
3325	3
3326	3
3327	2
3328	1
3329	4
3331	3
3332	3
3333	4
3334	2
3335	6
3336	6
3337	5
3338	4
3339	2
3340	3
3341	2
3343	3
3344	2
3345	3
3346	4
3347	6
3348	5
3349	3
19734	1
3350	3
3351	2
3352	2
3353	4
19738	1
3355	2
3356	2
3357	4
3358	3
3359	2
3360	3
3361	6
3362	6
3364	2
3365	2
3366	1
3367	3
3368	2
3369	2
3370	3
3372	1
3373	1
3374	4
3375	3
3376	3
3377	10
3378	5
3379	2
3380	3
3381	7
3382	2
19766	1
3383	1
3384	1
3385	5
3387	3
3388	2
3389	4
3390	6
3391	1
3392	3
3393	4
3394	5
3395	4
3396	4
3397	4
3398	1
3399	4
3400	2
3401	3
3403	1
3404	4
3405	3
3406	4
3407	5
3408	1
3409	4
3410	1
3411	4
3412	3
3413	3
3414	2
3415	3
3416	1
3417	2
3419	7
3420	4
3421	3
3422	2
3423	4
3424	2
3425	5
3426	1
3427	3
3428	2
3429	9
3430	3
3431	1
3432	6
3433	5
3434	4
3435	3
3436	5
3437	1
3438	3
3439	1
3440	1
3441	1
3442	1
3443	7
3444	4
3445	2
3446	1
3447	3
3448	4
19833	1
3450	5
3451	1
3452	7
19836	1
3453	3
3454	3
3455	6
3456	4
3457	2
3458	3
3460	4
3461	4
3462	4
3463	2
3464	2
3465	1
3466	1
3467	6
3468	1
3469	1
3470	3
3471	4
3472	2
3473	2
3474	4
3475	2
3476	4
3477	1
3478	2
3479	2
3480	1
3481	3
3482	3
3483	4
3484	4
3485	1
3486	2
3487	4
3488	5
3489	1
3490	4
3491	2
3492	2
3493	4
3494	5
3496	3
3497	1
3498	5
3499	3
3500	3
3501	3
3502	4
3503	1
3504	3
3505	5
3506	1
3507	5
3508	3
3509	4
3510	2
3511	2
3512	7
3513	2
3514	2
3515	1
3516	5
3517	2
3518	3
3519	2
3520	4
3521	1
3522	1
3523	5
3524	2
3525	3
3526	6
3527	3
3528	4
3529	8
3530	3
3531	4
3532	3
3533	3
3534	1
3535	1
3536	4
3537	7
3538	2
3539	2
3540	4
3541	4
3542	3
3543	3
3544	3
3545	6
3546	3
3547	2
3548	4
3549	3
3550	2
3551	2
3552	4
3553	4
3554	3
3555	2
3556	4
3557	4
3558	4
3559	4
3560	4
3561	5
3562	6
3563	1
3564	3
3565	4
3566	3
3568	1
3569	3
3570	4
3571	6
3572	3
3573	7
3574	3
3575	2
3576	3
3577	2
3578	3
19963	1
3579	3
3580	7
3581	4
3582	4
3583	3
3584	2
3585	10
3586	4
3587	4
3588	5
3589	1
3590	3
3591	3
3592	5
3593	3
3594	3
3595	3
3596	1
3597	3
3598	6
3599	1
3600	2
3601	6
3602	4
3603	4
3604	1
3605	1
19989	1
3606	4
3607	1
3608	4
3609	3
3610	3
3611	3
3613	4
3614	4
3615	2
3616	6
3618	5
3619	3
3620	3
3621	4
20006	1
3622	3
3623	2
3624	4
3625	4
3626	1
3627	4
3628	3
3630	5
3631	5
3632	1
3633	3
3634	1
3635	4
3636	3
20020	1
3637	3
3638	4
3639	6
3640	5
3641	4
3642	1
20026	1
3643	4
3644	2
3645	2
3646	2
3647	3
3648	3
3649	3
3650	4
3651	4
3652	1
3653	5
3655	3
3656	4
3657	3
3658	4
3659	5
3660	3
3662	3
3663	2
3664	5
3665	3
3666	2
3667	3
3668	1
3669	3
3670	3
3671	3
3672	3
3673	4
3674	2
3675	1
3676	2
20060	1
3677	4
3678	5
3679	1
3680	2
3681	4
3682	1
3683	2
3684	4
3685	3
3686	2
3687	4
20071	1
3688	5
3689	2
3690	7
3691	4
3692	2
3693	4
3694	3
3695	2
3696	2
3697	8
3698	2
3699	5
3700	3
3701	3
3702	4
20086	1
3703	1
3704	6
3705	4
3706	1
3707	2
3708	6
3709	1
3710	2
3711	4
3712	6
3713	6
3714	7
3715	1
3716	2
3717	6
3718	3
3719	1
3720	4
3721	4
3722	2
3723	3
20107	1
3724	2
3725	5
3727	4
3728	2
3729	1
3730	4
3731	1
20115	1
3733	3
3734	1
3736	2
3737	3
3738	2
3739	3
3740	6
3741	3
3742	2
3743	5
3744	5
3745	3
3746	4
3747	2
3748	1
3749	2
3750	2
3751	3
3752	1
3754	3
3755	3
3756	6
3757	5
3758	2
3759	1
3760	1
3761	3
3762	4
3763	3
3764	5
3765	2
3766	2
3767	3
3768	6
3769	2
3770	2
3771	4
3772	2
3773	2
3774	2
3775	1
3776	4
3777	3
3778	3
3779	4
3780	3
3781	2
3782	1
3783	5
3784	2
3785	3
3786	4
3787	3
3788	2
3789	3
3790	2
3791	5
3792	1
3793	3
3794	5
3795	3
3796	2
3797	3
3798	2
3799	4
3800	4
3801	4
3802	1
3803	2
3804	4
3805	1
3806	2
3807	1
3808	3
3809	3
3810	4
3811	3
3812	5
3813	5
3814	3
3815	3
3816	2
3817	2
3818	3
3819	3
3820	2
3821	6
3823	5
3824	2
3825	6
3826	2
3827	3
3828	3
3829	2
3830	5
3831	2
3832	1
3833	3
3834	2
3835	3
3836	5
3837	9
3838	6
3839	1
3840	2
3841	3
3842	2
3843	4
3844	2
3845	5
3846	2
3847	2
3848	4
3849	5
3850	6
3851	4
3852	4
3853	2
3854	2
3855	2
3856	2
3857	1
3858	4
3859	1
3860	2
3861	1
3862	6
3863	4
3864	2
3865	2
3866	5
3867	2
3868	1
3869	4
3870	2
3871	4
3872	4
3873	5
3874	3
3875	2
3876	3
3877	4
3878	1
3879	1
3880	1
3881	2
3882	3
3883	6
3884	3
3885	4
3886	2
3887	4
3888	3
3889	4
20274	1
3891	3
3892	3
3893	2
3894	4
3895	1
3896	3
3897	2
3900	2
3901	2
3902	2
3903	3
3904	5
3905	5
3906	2
3907	3
3908	2
3909	4
3910	2
3911	6
3912	2
3913	6
3914	1
3915	2
3916	2
3917	7
3918	3
3919	4
3921	5
3922	1
3923	5
3924	6
3925	6
3926	3
3927	2
3928	2
3929	2
3930	4
3931	2
3932	3
3933	3
3934	6
3935	4
3936	3
3937	2
3938	2
3939	2
3940	5
3941	2
3942	3
3943	2
3944	2
3945	5
3946	2
3947	2
3948	2
3949	6
3950	1
3951	3
3952	3
3953	3
3954	4
3955	4
3956	4
3957	2
3958	2
3959	2
3960	3
3961	4
3962	3
3963	2
3964	3
3965	1
3966	6
3967	5
3968	3
3969	5
3970	3
3971	1
3972	3
3974	1
3975	5
3976	5
3977	2
3978	5
3979	3
3980	4
3981	1
3982	2
3983	2
3984	2
3985	2
3986	4
3987	2
3988	4
3989	4
3990	2
3991	3
3992	6
3993	3
3994	7
3995	1
3996	1
3997	4
3998	3
20382	1
3999	4
4000	6
4001	4
4002	1
4004	3
4005	5
4006	2
4007	6
4009	2
4010	6
4011	1
4012	1
4013	1
4014	2
20398	1
4015	2
4016	4
4019	4
4020	4
4021	2
4022	3
20406	1
4023	4
4025	3
4027	1
4028	2
4029	2
4030	3
4031	1
4032	4
4033	4
4034	5
4035	2
4036	3
4037	2
4038	2
4039	6
4041	2
4042	1
4043	4
4044	2
4045	4
4046	8
4047	4
4048	4
20433	1
4049	5
4050	3
4051	2
4052	3
4053	3
4054	1
4055	1
4056	4
20440	1
4057	6
4058	4
4059	4
4060	2
4061	2
4062	4
4063	2
4064	3
4065	3
4066	6
4067	6
20452	1
4069	3
4070	7
4071	5
4072	3
20456	1
4073	2
4074	5
4075	2
4076	2
4077	1
4078	1
4079	3
4080	5
4081	5
4082	3
4083	3
4084	2
4086	3
4087	2
4088	2
4089	2
4090	2
4091	7
4092	1
4093	2
4094	2
4095	7
4096	5
4097	3
4098	4
4099	1
4101	4
4102	3
4103	2
4104	4
4105	3
4106	3
4107	2
4108	2
4109	5
4110	3
4111	2
4112	3
4113	2
4114	6
4115	3
4116	4
4117	5
4118	2
4119	4
20504	1
4120	2
4121	3
4122	4
4123	5
4124	4
4125	3
4126	4
4127	7
4129	8
4130	4
4131	5
4132	1
4133	2
4134	1
4135	3
4136	2
4137	1
4138	2
4139	2
4140	1
4141	1
4142	6
4143	6
4144	2
4145	3
4146	4
20530	1
4147	2
4149	3
4151	3
4152	3
4153	1
4154	6
4155	3
4156	3
4157	3
4158	2
4159	1
4160	2
4161	5
4162	6
4163	3
4164	1
4165	2
4166	2
4167	6
4168	3
4169	5
4170	2
4171	2
4173	3
4174	4
4175	4
4176	5
4177	3
4178	2
4179	2
4180	5
4181	6
4182	3
4183	4
20567	1
4184	6
4185	2
4186	1
4187	7
4188	4
4189	5
4190	4
4191	2
4192	1
4193	7
4194	4
4195	6
20579	1
4196	3
20580	1
4197	1
4198	3
4199	2
4200	6
4201	4
4202	3
4203	2
4204	5
4205	5
4206	2
4207	3
4208	1
4209	3
4210	4
4211	2
4212	3
4213	4
4214	3
4215	2
4216	2
4217	2
4218	2
4219	3
4220	3
4221	1
4222	4
4225	3
4226	1
4227	2
4228	1
20612	1
4229	6
4230	2
4231	2
4232	6
4233	4
4234	2
4235	3
4236	3
4237	3
4238	4
4239	2
4240	3
4241	1
4242	3
4243	4
4244	2
4245	4
4246	3
4247	1
4248	3
4249	2
4250	3
4251	5
4252	1
4253	1
4254	1
4255	2
4256	2
4257	5
4258	4
4259	2
4260	1
4261	4
4262	2
4264	4
4265	3
4266	3
4267	5
4268	3
4269	5
4270	2
4271	2
4272	3
4273	4
4274	2
20658	1
4275	3
4276	2
4277	3
4279	1
4280	4
4281	2
4283	2
4284	5
4285	3
4286	2
4287	3
4288	2
4289	2
20673	1
4290	2
4291	1
4292	3
4293	2
4294	3
4295	5
4296	1
4297	1
4298	2
4299	4
4300	3
4301	5
4302	2
4303	2
4304	3
4305	5
4306	2
4307	3
4308	5
4309	4
4310	7
4311	1
4312	3
4313	3
4314	5
4315	1
4316	2
4317	5
4318	2
4319	3
4320	2
4321	3
4322	4
4323	2
4324	7
4325	3
4326	3
4327	1
4328	4
4329	4
4330	1
4331	3
4332	3
4333	2
4334	2
4335	3
4336	3
4337	1
4338	3
4339	4
4341	4
4342	1
4343	3
4344	6
4345	2
4346	2
4347	2
4348	2
4349	2
4350	3
4351	2
4352	3
4353	2
4354	2
4355	2
4356	5
4357	1
4358	5
4359	2
4360	5
4361	5
4362	4
4363	8
4364	3
4365	4
4366	3
4367	1
4368	5
4369	4
4370	4
4371	3
4372	1
4374	5
4375	4
4376	2
4377	2
4378	5
4379	4
4380	4
4382	3
4383	5
4385	4
4386	2
20770	1
4387	3
4388	3
4389	1
4390	2
4391	3
4392	2
4393	3
4394	8
4395	4
4396	7
4398	1
4399	3
4400	5
4401	1
4402	2
4403	1
20787	1
4404	1
4405	5
4406	4
4408	3
4409	1
4410	2
4411	3
4412	2
4413	3
4414	5
4415	2
4416	5
4417	6
4418	2
4419	3
4420	6
4421	3
4422	2
4423	4
4424	5
4426	5
4427	1
4428	2
4429	3
4431	2
4432	5
4433	6
4434	2
4435	4
4436	1
4437	3
4438	4
4439	5
4440	2
4441	3
4442	1
4444	4
4445	3
4446	5
4447	6
4448	3
4449	5
4450	3
4453	3
4454	2
4455	3
4456	2
4457	1
4458	2
4459	1
4460	6
4461	3
4462	2
4463	4
20847	1
4464	2
4465	4
4466	2
4467	2
4468	1
4469	3
4470	2
4471	4
4472	5
4473	4
4474	4
4475	2
4476	4
4477	2
4478	1
4479	2
4480	5
4481	3
4482	2
4483	5
4484	1
4485	6
4486	3
4487	2
4488	3
4489	4
4490	1
4491	3
4492	2
4493	3
4494	5
4495	3
4496	2
4497	3
4498	2
4499	4
4500	6
4501	4
4502	1
4503	3
4504	4
4505	1
4506	1
4507	3
4508	2
4509	3
4510	4
4511	1
4512	1
4513	3
4514	4
4515	2
4516	5
4517	2
4518	1
4519	3
4520	2
4521	1
4522	1
4523	2
4524	3
4525	2
4526	5
4527	2
4528	1
4529	3
4531	1
4532	3
4533	1
4534	3
4535	3
4536	4
4537	3
4538	4
4539	3
4540	3
4541	1
4542	5
4543	3
4544	2
4545	3
4546	1
4547	2
4548	3
4549	4
4550	5
4551	7
4552	3
4553	2
4554	1
4555	3
4556	3
4557	2
4558	4
4559	2
20943	1
4560	2
4561	3
4562	2
4563	1
4564	5
4565	1
4566	6
4568	3
4569	3
4570	2
4571	5
4572	2
4573	2
4574	3
4575	2
4576	2
4577	3
4578	3
4579	5
4580	2
4581	2
20965	1
4582	5
4583	1
4584	5
4585	3
4586	2
4587	3
4588	5
4589	3
4590	3
4591	2
4592	4
4593	3
4594	5
4595	5
4596	3
4597	1
4598	2
20982	1
4599	3
4601	3
4602	2
4603	4
4604	5
4605	4
4606	3
4607	6
4608	2
4609	1
4610	6
4611	2
4612	1
4613	5
4614	2
4615	5
4617	3
4618	7
4619	3
4620	5
4621	2
4622	3
4623	4
4624	3
4625	2
4626	2
4627	3
4628	7
4629	1
4630	5
21015	1
4631	4
4633	3
4634	2
4635	2
4636	4
4637	3
4638	5
4639	4
4641	3
4642	3
4643	1
4644	7
4645	2
4646	6
4648	1
4649	5
4650	3
4651	4
4652	1
4653	3
4654	2
4655	2
4656	8
4657	2
4658	2
4659	5
4660	5
4661	4
4662	1
4663	1
4664	2
4665	1
4666	3
4667	3
4668	4
4669	1
4670	2
4671	4
4672	1
4673	3
4674	4
4675	3
4676	3
4677	3
4678	3
4679	3
4680	4
4681	4
4682	3
4683	2
4684	2
4685	3
4686	3
4687	1
4688	4
4689	2
4690	5
4691	3
4692	6
4693	3
4694	1
4695	3
4696	7
4697	1
4698	3
4699	1
4700	2
4701	2
4703	4
4704	3
4705	2
4706	3
4707	1
4708	3
4709	4
4710	3
4711	3
4712	2
4713	4
4714	9
4715	3
4716	1
4717	4
4718	2
4719	1
4720	2
4721	4
4722	1
4723	1
4724	2
4725	4
4726	3
4727	2
4728	1
4729	3
4731	3
4732	6
4733	3
4734	2
4735	3
4736	6
4737	2
4738	2
4739	2
4740	3
4741	2
4742	1
4743	3
4744	1
4745	3
4746	4
4747	5
4748	1
4750	3
4751	3
4752	2
4753	2
4754	2
4755	2
4757	3
4758	1
4759	3
4760	3
4761	3
4762	3
4763	2
4764	3
4765	2
4767	2
4768	3
4769	4
4771	3
4772	2
4773	4
4774	4
4775	2
4776	5
4777	1
4778	2
4779	3
4780	2
4781	4
4782	4
4783	3
4784	4
4786	1
4788	4
4789	5
4790	2
4791	5
4792	1
4793	2
4794	2
4795	4
4796	1
4798	5
4799	2
4800	3
4801	4
4802	2
4803	2
4804	2
4805	4
4806	2
4807	4
4808	1
4809	3
21193	1
4810	4
4811	2
4814	2
4815	1
4816	1
4817	2
21201	1
4818	4
4819	6
4820	1
4822	6
4823	3
4824	5
4825	2
4826	2
4827	4
4828	6
4829	5
4830	4
4831	5
4832	2
4833	3
4834	4
4835	4
4836	3
4837	4
4838	3
4839	1
4840	4
4841	1
4842	6
4843	8
4844	3
4845	6
4846	1
4847	4
4848	3
4849	3
4850	4
4851	3
4852	7
4853	4
4854	4
4855	2
21239	1
4856	8
4857	2
4858	6
4859	5
4860	4
4861	4
4862	6
4863	2
4864	1
4865	3
4866	3
4867	2
4868	1
4869	5
4870	3
4871	2
4872	4
4873	5
4874	3
4875	3
4876	4
4877	1
4878	1
4879	4
4880	3
4881	3
4882	7
4883	2
4885	2
4886	4
4887	1
4888	3
4889	6
4890	2
4891	1
4892	3
4893	6
4894	2
4895	7
4896	5
4897	5
4898	4
4899	3
4900	5
4901	3
4902	5
4903	3
4904	2
4905	5
4906	5
4907	3
4908	3
4909	3
4910	1
4911	3
4912	2
4914	4
4915	2
4916	1
4917	2
4918	2
4919	2
4920	2
4921	1
4922	2
4923	3
4924	5
4925	7
4926	5
4927	2
4928	4
4929	2
4930	6
4931	2
4932	3
4933	4
4934	2
4935	2
4936	4
4937	1
4938	2
4939	4
4940	2
4941	5
4942	2
4943	3
4944	4
4945	3
4946	2
4947	3
4948	4
4949	3
4950	3
4951	1
4952	4
4953	4
4954	3
4955	3
4956	2
4957	3
4958	4
4959	1
4960	3
4961	1
4962	1
4963	1
4964	3
4965	1
4966	3
4967	5
4968	4
4969	2
4970	5
4971	1
4972	1
4973	1
4974	4
4975	3
4976	2
4977	2
4978	3
4980	5
4981	4
4982	4
4984	1
21368	1
4985	2
4986	3
4987	1
21371	1
4988	2
4989	1
4990	4
4991	2
4992	5
4993	1
4994	3
4996	2
4997	4
4998	6
4999	3
5000	1
5001	2
5002	3
5003	1
5004	2
5005	3
5006	2
5007	9
5008	2
5009	3
5010	4
5011	8
5012	3
5013	1
5014	4
5015	5
5016	2
5017	3
5018	2
5019	3
5020	3
5021	4
5022	2
5023	1
5024	1
5025	6
5026	7
5027	2
5028	1
5029	4
5030	3
5031	4
5032	3
5033	2
5034	8
5035	3
5037	3
5039	2
5040	5
5041	2
5042	1
5043	1
5046	2
5047	4
5048	3
5050	2
5051	1
5053	4
5054	4
5055	3
5056	2
5057	2
5058	2
5059	2
5060	3
21444	1
5061	2
5062	5
5063	4
5064	5
5065	1
5066	4
5067	1
5068	1
21452	1
5069	1
5070	3
5071	5
5072	2
5073	3
5074	4
5075	4
5076	4
5077	2
5079	2
5080	1
5081	1
5082	4
5083	3
5084	6
5086	2
5087	2
5088	2
5089	1
5090	2
5091	5
5092	5
5093	4
5094	2
5095	5
5096	3
5097	4
5098	6
5099	4
5100	1
5101	2
5102	4
5103	4
5104	5
5105	3
5106	3
5107	3
5108	5
21492	1
5109	3
5110	5
5111	1
5113	3
5114	1
5115	3
5116	3
5119	4
5120	1
5121	5
5122	6
5123	2
5124	3
5125	3
5126	8
5127	7
5128	3
5129	2
5130	5
5131	7
5132	6
5133	3
5134	1
5135	3
5136	7
5137	2
5138	2
5139	4
5140	3
5142	2
5143	2
5144	2
5145	3
5146	4
5147	3
5148	3
5149	6
5150	3
5151	2
5152	3
5153	4
5154	5
5155	1
5156	1
5157	6
5159	3
5160	1
5162	1
5163	1
5164	3
5165	4
5166	3
5167	3
5168	2
5169	2
5170	1
5171	4
5172	4
5173	2
5174	2
5175	2
5176	2
5177	1
5178	4
5179	2
5180	5
5181	1
5182	2
5183	5
5184	5
5185	10
5186	2
5187	7
5188	2
5189	4
5190	1
5191	1
5192	4
5193	3
5194	2
5195	6
5196	2
5197	8
5198	7
5199	1
5200	2
5201	1
5202	5
5203	1
5204	1
5205	1
5206	2
5207	5
5210	2
5211	1
5212	5
5213	2
5214	2
5215	4
5216	7
5217	1
5218	3
5219	2
5220	2
5221	5
5222	5
5223	3
5224	2
5225	3
5226	3
5227	3
5228	2
5229	4
5230	3
5231	2
5232	3
5233	2
5234	1
5235	6
5236	5
5237	2
21622	1
5238	1
5239	1
5240	3
5241	4
5242	1
5243	3
5244	3
5245	2
5246	3
5247	1
5248	3
5249	5
5250	2
5251	4
5252	4
5254	1
5255	5
5256	4
5257	4
5258	1
5259	2
5260	3
5261	3
5262	4
5263	3
5264	2
5265	3
5266	1
5267	1
5269	4
5270	2
5271	4
5272	1
5273	2
5274	5
5275	1
5276	9
5278	4
5279	1
5280	3
5281	2
5282	3
5283	4
5284	1
5285	2
5286	3
5287	7
5288	3
5289	4
5290	2
5292	6
5293	2
5294	2
5295	2
5296	7
5297	6
5299	4
5300	2
5301	3
5302	2
5303	2
5304	2
5305	5
5306	5
5307	3
5308	5
5309	2
5310	4
5311	3
5312	2
5313	2
5314	4
5315	4
21699	1
5316	2
5317	3
5318	4
5319	3
5320	3
5321	1
5322	1
5323	6
5324	2
5325	6
5326	2
5328	2
5329	5
5330	1
5331	6
5332	3
5333	2
5334	1
5335	1
5336	4
5337	4
5338	1
5339	3
5340	1
5341	3
5342	3
5343	2
5345	5
5346	3
5348	2
5349	2
5351	4
5352	4
5353	1
5354	1
5355	4
5356	3
5357	3
5358	6
5359	2
5361	2
5362	1
5363	4
5364	2
5365	2
5366	2
5367	2
5368	1
5369	4
5371	5
5372	4
5373	2
5374	4
5375	3
5376	2
5377	1
5378	5
5379	6
5380	4
5381	3
5383	1
5384	5
21768	1
5385	3
5386	4
5387	11
5389	4
5391	2
5393	2
5394	5
5395	4
21779	1
5396	2
5397	4
5398	1
5399	1
5400	1
5401	3
5402	5
5403	2
5404	5
5405	2
5406	2
5407	2
5408	6
5409	4
5410	4
5411	3
5412	1
5413	4
5414	1
5415	1
5416	1
5417	1
5418	3
5419	2
5420	4
21805	1
5422	4
5423	1
5424	5
5425	5
5426	3
5427	5
5428	2
5429	1
5430	4
5431	1
5432	2
5433	1
5434	6
5435	1
5436	2
5437	2
5438	2
5439	2
5440	3
5441	2
5442	2
5443	2
5444	2
5445	5
5446	3
5447	2
5448	4
5449	5
5451	4
5452	2
5453	2
5454	3
5455	2
5456	3
5457	1
5458	3
5459	3
5460	2
5461	2
5462	4
5464	2
5465	3
5466	1
5467	3
5468	2
5469	4
5470	1
5471	2
5472	3
5473	2
5474	1
5475	3
5476	3
5477	2
5478	5
5479	5
5480	4
5481	3
5482	2
5483	2
5484	2
5485	2
5486	2
5488	1
5489	3
5490	5
5491	1
5492	1
5493	4
5494	2
5495	4
5496	3
5497	1
21882	1
5498	3
5500	4
5501	3
5502	3
5503	1
5504	2
5505	1
5506	1
5507	4
5508	2
5509	3
21894	1
5511	5
5513	2
5514	3
5515	4
5516	1
5517	1
5518	4
5519	2
5520	2
5521	4
5522	7
5523	3
5524	2
5525	5
5526	3
5527	2
5528	3
5529	5
5530	3
5531	6
5532	1
5533	3
5534	1
5535	4
5536	2
5538	2
5539	7
5540	5
5542	5
5543	4
5544	2
5545	4
5546	3
5547	1
5548	1
5549	2
5550	3
5551	2
5552	4
5553	1
5554	3
5555	3
5556	6
5557	3
5558	4
5559	3
5560	2
21944	1
5561	2
5562	3
5563	3
5564	3
5565	3
5566	2
5567	1
5568	2
21952	1
5569	5
5570	1
5571	2
5572	3
5573	1
5574	3
5575	3
5576	4
5577	5
5578	2
5579	1
5580	5
5581	3
5582	4
5584	3
5585	5
5586	7
5587	4
5588	3
5589	2
5590	2
5591	1
5592	4
5593	5
5594	2
5595	3
5596	5
5597	3
5598	1
5599	3
5600	5
5601	3
5602	5
5603	2
5604	4
5605	1
5607	4
5608	4
5609	3
5610	5
5611	5
5612	1
5613	1
5614	3
5615	4
5616	3
5617	1
5619	1
5620	1
5621	2
5622	3
5623	1
22008	1
5624	2
5625	5
5626	6
5627	3
5628	8
5629	3
5630	3
5631	2
5632	3
5633	2
5634	3
5635	4
5636	1
5637	2
5638	3
5639	1
5640	2
5641	1
5642	1
5643	3
5644	5
5645	1
5646	1
5648	2
5649	2
5651	3
5652	5
5653	3
5654	4
5655	3
5657	3
5658	4
5659	4
5660	3
5661	4
5662	5
5663	7
5664	5
5665	3
5666	4
5667	2
5668	3
5669	5
5670	2
5671	1
5672	2
5673	5
5674	4
5675	5
5676	4
5677	4
5678	4
5679	4
5680	1
5681	2
5682	5
5683	2
5684	2
5685	2
5686	3
5687	5
5688	3
5689	1
5690	2
5691	2
5692	1
5693	1
5694	4
5695	3
5696	3
5697	4
5698	2
5699	4
5700	4
5701	3
5702	2
5703	3
5704	3
5706	1
5707	3
5708	1
5709	4
5710	4
5711	5
5712	3
5713	4
5714	3
5715	3
5717	2
5719	1
5720	4
5721	1
5722	3
5723	1
5724	1
5725	2
5726	5
5727	5
5728	3
5729	1
5730	6
5731	2
5732	3
5733	1
5735	1
5736	1
5738	3
5739	3
5740	2
5741	3
5742	1
5743	1
5744	3
5745	3
5746	1
5747	4
5748	4
5750	1
5751	1
5752	3
5753	1
5754	4
5755	2
5757	3
5758	2
5761	2
5762	2
5763	1
5764	3
5765	1
5766	1
5767	3
5768	3
5769	3
5770	3
5771	1
5772	2
5773	4
5774	5
5775	2
5776	2
5777	6
5778	2
5779	1
5780	2
5781	1
5782	1
5783	1
5784	2
5785	5
5786	5
5787	4
5788	7
5789	3
5790	2
5791	1
5792	7
5793	3
5794	3
5795	2
5797	2
5798	3
22182	1
5799	4
5800	5
5801	2
5802	3
5803	2
5804	2
5805	1
5806	1
5808	1
5809	4
5810	4
5811	4
5812	1
5813	4
5814	2
5815	3
5816	6
5817	5
5818	4
5819	2
5820	2
5822	8
5823	2
5824	4
5825	3
5826	3
5827	1
5828	3
5829	2
5830	5
5831	1
5832	6
5833	1
5834	1
5835	1
5836	2
5837	3
5838	3
5839	2
5840	1
5841	3
5842	2
5843	2
5844	1
5845	3
5846	1
5847	3
5848	3
5849	5
5850	3
5851	2
5852	6
5853	5
5854	3
5855	2
22240	1
5856	1
5857	1
5858	3
5859	4
5860	1
5861	2
5862	1
5863	3
5864	1
5865	2
5866	2
5867	3
5868	4
5869	3
5870	2
5871	2
5872	3
5873	3
5875	6
5876	6
5877	5
5878	2
5879	2
5880	3
5881	4
5883	3
5884	4
5886	1
5888	1
5889	3
5890	1
5891	4
5892	3
5893	2
5894	3
5895	2
5896	1
5897	3
5898	1
5899	4
5900	4
5901	3
5902	2
5903	1
5904	1
5905	4
5906	6
5907	2
5909	1
5910	3
5912	2
5913	4
5914	2
5915	3
5916	5
5918	2
5919	2
5920	2
5921	2
5922	4
5923	4
22307	1
5924	2
5925	2
5926	1
5927	2
5928	2
5929	3
5930	1
5933	2
5934	1
5935	3
5937	3
5939	4
5940	3
5941	4
5942	3
5943	4
5944	1
5945	5
5946	3
5947	3
5948	2
22332	1
5949	1
5950	2
5951	4
5952	3
5953	6
5954	2
5955	3
5956	2
5957	4
5958	3
5959	4
5961	2
5962	1
5963	3
5964	2
5965	1
5966	4
5967	3
22351	1
5968	3
5969	5
5970	4
5971	2
5972	2
5973	3
5974	1
5975	1
5976	6
22360	1
5977	4
5978	3
5979	2
5980	2
5981	1
5982	1
5983	4
5984	2
5985	1
5986	4
5987	2
5989	1
5990	3
5991	2
5992	4
5993	3
5994	2
5995	1
5996	3
5997	1
5998	6
5999	1
6000	2
6001	3
6002	2
6003	5
6004	4
6005	1
6006	3
6007	2
6008	2
6009	2
6010	1
6011	2
6012	3
6013	2
6014	1
6015	3
6016	1
6017	5
6018	2
6019	2
6020	4
6021	1
6022	3
6023	3
6024	4
6025	2
6026	2
6027	1
6028	5
6029	1
6030	3
6031	2
6032	3
6033	3
6034	1
6035	1
6036	2
6037	2
6038	3
6039	7
6040	4
6041	4
6042	1
6043	1
6044	1
6045	4
6046	5
6047	2
6048	2
6049	2
6050	3
6051	2
6052	1
6054	4
6055	1
6057	5
6058	1
6059	2
6062	3
6063	2
6064	2
6065	4
6067	1
6068	3
6069	4
6070	2
22454	1
6071	4
6072	2
6073	2
6074	2
6075	3
6076	2
6077	1
6078	2
6079	2
6080	3
6081	2
6082	3
6083	1
6084	3
6085	4
6086	2
6087	1
6088	1
6089	2
6090	5
6091	5
6093	3
6094	4
6096	3
6097	2
6098	2
6099	7
6101	3
6102	2
6103	3
6104	2
6105	2
6106	3
6107	2
6108	2
6109	1
6110	1
6111	6
6112	3
6114	2
6115	8
6116	4
6117	5
6118	4
6120	4
6122	2
6123	3
6124	5
6125	3
6126	2
6128	2
6129	1
6130	4
6131	1
6133	1
6134	2
6135	2
6136	2
6137	2
6138	3
6139	5
6140	4
6141	2
6142	3
6143	3
6145	3
6146	3
6147	4
6148	1
6149	5
6150	5
6151	2
6152	5
6153	4
6154	2
6155	2
6156	2
22542	1
6158	3
6159	4
6160	5
6161	2
6162	1
6163	5
6164	3
6165	5
6166	3
6167	2
6168	4
6169	1
6170	2
6171	5
6172	2
6173	1
6174	2
6175	2
6177	3
6178	5
6179	1
6180	1
6182	3
6183	3
6184	2
6185	3
6186	2
6187	3
6188	3
6190	2
6191	4
6192	1
6193	3
6194	4
6195	1
6196	2
6197	3
6198	1
6199	3
6200	1
6201	1
6202	3
6203	2
6204	2
6205	5
6206	1
6207	3
6209	2
6210	1
6212	5
6213	3
6214	2
6215	2
6216	2
6217	3
22602	1
6218	1
6219	5
6220	2
6221	3
6222	1
6223	2
6224	3
6225	4
6226	1
6227	2
6228	2
6230	1
6231	5
6232	5
6233	2
6235	2
6236	1
6237	2
6238	1
6239	3
6240	3
6241	3
6242	2
6243	1
6244	5
6245	2
6246	1
6247	1
6248	3
6249	1
6250	4
6251	2
6252	3
6253	2
6254	1
6255	1
6256	3
6258	1
6259	2
6260	3
6261	2
22647	1
6264	4
6265	1
6266	2
6267	2
6268	2
6269	4
6271	2
6272	3
6273	1
6274	3
6275	3
6276	4
6277	2
6278	4
6279	3
6280	3
6282	1
6283	2
6284	2
6285	4
6286	1
6287	4
6288	4
6289	2
6290	2
6291	2
6292	1
6293	1
6294	3
6295	4
6296	3
6298	2
6299	4
6300	1
6301	1
6302	2
6303	4
6304	2
6305	3
6307	3
6308	4
6309	2
6310	2
6312	2
6313	3
6314	2
6316	3
6317	4
6318	3
6319	1
6320	5
6321	2
6322	3
6323	2
6324	4
6326	1
6328	2
6329	2
6330	1
6331	2
6332	4
6333	2
6334	4
6335	2
6336	2
6337	2
6338	4
6340	9
6341	5
6342	6
6343	3
6344	3
6345	1
6347	2
6348	3
6349	4
6351	2
6352	1
6353	2
6354	2
6355	3
6356	3
6357	2
6358	1
6359	4
6361	2
6362	3
6363	3
22747	1
6364	1
6365	2
6366	1
6367	1
6368	4
22752	1
6369	3
22754	1
6371	3
6372	1
6373	2
6374	3
6375	2
6376	1
6377	1
6378	1
6379	4
6380	2
6381	1
6382	5
6383	5
6384	4
6385	1
6386	1
6387	2
6388	3
6389	2
22773	1
6390	2
6391	2
6392	2
6393	3
6394	5
6395	1
6396	1
6398	1
6399	3
6400	3
6401	3
6402	3
6405	2
6406	3
6407	3
6408	3
6409	2
6410	2
6411	6
6412	2
6413	1
6415	2
6417	2
6418	2
6419	2
6420	2
6421	3
6422	5
6423	3
6424	2
6425	1
6426	2
6427	2
6428	3
6429	2
6430	1
6431	1
6432	4
6434	3
6435	4
6436	1
6437	3
6438	1
6439	2
6440	1
6441	1
6442	2
6443	1
6444	6
6445	4
6446	2
6447	4
22831	1
6448	2
6449	2
6450	1
6451	6
6452	2
6454	1
6455	1
6456	6
6457	3
6458	5
6459	2
6460	3
6461	3
6462	1
6463	3
6464	2
6465	2
6467	4
6468	6
6469	3
6470	2
6471	3
6474	2
6475	1
6476	4
6477	2
6479	5
6480	3
6481	3
6483	1
6484	2
6485	3
6486	8
6487	5
6488	4
6489	1
6490	2
6491	1
6492	3
6493	3
6494	2
6497	2
6498	4
6499	1
6500	3
6501	4
6504	3
6505	1
6506	3
6507	1
6508	6
6509	3
6510	6
6512	2
6513	2
6514	1
6515	1
6516	1
6517	2
6519	4
6520	2
6521	3
6522	1
6523	3
6524	1
6525	1
6526	2
6527	2
6528	1
6529	6
6530	6
6531	5
6532	1
6533	1
6534	3
6536	3
6537	1
6538	4
6540	1
6541	2
6542	2
6543	6
6544	2
6545	3
6546	2
6547	1
22931	1
6548	1
6549	5
6550	4
6551	3
6552	1
6553	4
6554	1
6556	2
6557	3
6558	3
6559	3
6560	2
6561	10
6562	1
6563	2
6564	2
6565	3
6566	3
6567	1
6568	4
6569	3
6570	1
6571	3
6572	2
6573	1
6574	5
22958	1
6575	3
6577	2
6578	3
6579	2
6580	1
6581	2
6582	2
6583	1
6584	6
6585	1
6586	4
6587	2
6588	2
6589	2
6590	3
6591	2
6592	1
6593	4
6594	3
6595	2
6596	3
6597	2
6599	4
6601	2
6602	2
6603	1
6607	2
6608	3
6609	2
6610	1
6611	1
6612	4
6613	4
6614	2
6615	1
6616	7
6618	3
6619	3
6620	3
6621	3
6622	1
6623	1
6624	3
6625	3
6626	2
6627	1
6628	1
6629	1
6630	2
6631	2
6632	5
6633	3
6634	2
6635	6
6636	2
6637	2
6638	1
6639	1
6640	3
6641	1
6642	3
6643	2
6644	3
6645	1
6646	2
6647	3
6648	2
6649	4
6650	2
6651	3
6652	1
6653	2
6654	1
6656	1
6657	2
6658	3
6659	2
6660	3
6661	3
6662	1
6663	1
6664	1
6665	4
6666	1
6667	1
6668	2
6669	1
6670	5
6672	5
6673	3
6674	5
6676	3
6679	2
6680	3
6681	2
6682	3
6683	4
6684	3
6685	1
6686	1
6687	2
6688	3
6689	1
6690	2
6692	4
6693	3
6694	1
6695	4
6696	2
6697	2
6698	3
6700	7
6701	3
6703	3
6704	4
6705	3
6706	3
6707	2
6709	1
6710	4
6711	5
6712	2
6713	5
6715	3
6716	3
6717	3
6718	2
6719	2
6720	3
6721	2
6722	4
6723	7
6724	5
6725	3
6726	3
6728	3
6729	1
6730	3
6732	1
6733	3
6734	4
6735	4
6736	2
6737	1
6738	1
6739	1
6740	2
6741	2
6742	2
6743	2
6744	1
6745	2
6746	2
6747	2
6748	2
6749	3
6750	2
6751	5
6752	2
6753	2
6754	1
6755	3
6759	4
6760	1
6762	2
6763	1
6765	1
6766	2
23150	1
6767	3
6768	1
6769	1
6770	3
6771	5
6772	5
6773	1
6775	4
6776	2
6777	1
6778	4
6779	1
6780	2
6781	1
6782	5
6783	1
6784	2
6785	2
6786	1
6787	1
6788	2
6789	4
6790	4
6791	2
6792	2
6793	2
6794	4
6796	1
6797	5
6798	4
6799	2
6800	2
6801	1
23185	1
6802	3
6804	2
6805	3
6807	1
6808	2
6810	1
6811	4
6812	5
6813	3
6814	2
6816	1
6817	3
6818	5
6820	1
6821	3
6823	3
6824	1
6825	2
23209	1
6826	3
6827	3
6828	3
6829	2
6830	1
6831	1
6832	3
6833	1
6834	1
6835	1
6836	1
6837	3
6839	3
6840	1
6841	1
6843	1
6844	2
6845	1
6846	4
6847	2
6848	2
6849	2
6850	4
6851	2
6852	2
6853	3
6854	1
6855	1
6856	2
6857	5
6859	2
6861	3
6862	3
6863	3
6864	2
6865	2
6866	2
6867	6
6868	3
6869	1
6871	1
6872	1
6873	2
6874	2
6875	2
6876	2
6877	2
6878	2
6881	4
6882	1
6883	4
6884	1
23269	1
6885	1
6886	2
6887	2
6889	1
6890	2
6891	1
6892	3
6894	2
6895	4
23279	1
6896	2
6897	3
6898	2
6900	2
6901	1
6902	2
6903	2
6904	1
6905	1
6906	3
6908	3
6909	1
6910	2
6911	3
6912	1
6914	1
6915	1
6916	5
6917	2
6918	5
6919	1
6920	2
6922	1
6923	1
6925	1
6926	3
6927	1
6928	2
6931	2
6932	5
6933	4
6934	2
6935	1
6936	2
6937	3
6939	1
6940	2
6941	2
6942	2
6943	1
6945	3
6946	4
6947	5
6948	1
6949	1
6950	1
6952	3
6953	2
6954	1
6956	1
6957	1
6958	2
6960	1
6961	1
6962	2
6964	2
6967	3
6968	2
6971	6
6973	3
6974	1
6975	2
6976	1
6977	3
6978	2
6979	4
6980	2
6981	1
6982	2
6983	1
6984	3
6985	2
6986	1
6987	2
6989	1
6990	2
6991	1
6992	2
6993	2
6994	4
6995	1
23380	1
6996	3
6997	1
6998	2
7001	2
7002	7
7003	2
7004	1
7006	3
7007	3
7008	6
7009	3
7010	2
7011	5
7012	1
7013	1
7014	3
7015	4
7016	1
7018	2
7019	3
7020	2
7021	3
7022	4
7023	1
7024	2
7025	1
7026	4
7027	2
7028	1
7029	3
7030	2
7031	1
7032	2
7034	4
7035	2
7037	1
7038	3
7039	2
7040	1
7041	1
7042	2
7043	1
7044	2
7045	2
7046	3
7047	2
7048	2
7049	2
7050	1
7051	4
7052	3
7054	2
7055	1
7056	2
7057	4
7058	2
7059	1
7060	4
7061	3
7062	3
7063	1
7064	1
7065	1
7067	1
7068	4
7069	3
7070	3
7072	2
7073	1
7074	2
7075	5
7076	7
7077	2
7078	2
7079	3
7080	1
7082	2
7083	1
23467	1
7085	3
7086	3
7087	5
7089	5
7090	2
7091	1
7092	5
7093	3
7094	3
7095	1
7096	2
7098	1
7099	3
7101	3
7102	2
7104	2
7105	1
7106	4
7107	3
7108	3
7109	4
7110	5
23494	1
7111	2
7112	2
7113	3
7114	1
7115	3
7116	3
7118	1
7119	1
7120	1
7121	5
7123	1
7124	2
7125	3
7126	2
7127	2
7128	1
7129	2
7130	1
7131	1
7132	2
7133	4
7134	2
7135	4
7136	1
7137	2
7138	1
7139	2
7141	1
7142	2
7143	3
7144	2
7145	3
7147	2
7148	3
7149	2
7150	2
7151	1
7152	2
7154	3
7156	1
7157	1
7159	4
7161	3
7162	1
7164	6
7165	2
7166	2
7167	4
7168	4
7169	4
7170	2
7171	2
7172	4
7173	5
7174	1
7175	3
7176	4
7177	3
7178	3
7180	2
7181	2
7182	2
7184	4
7185	1
7186	2
7188	2
7189	3
7191	2
7192	1
7193	2
7194	1
7195	1
7197	2
7198	2
7199	2
7200	2
7201	3
7202	2
7203	4
7204	3
7205	1
7206	2
7207	1
7209	1
7211	4
7212	3
7213	1
7214	3
7215	1
7216	4
7217	5
7221	1
7222	1
7223	2
7227	1
7228	1
7229	1
7230	1
7232	4
7233	2
7234	2
7235	2
7236	3
7238	2
7239	1
7240	2
7241	4
7242	1
7243	2
7245	2
7248	3
7249	1
7250	1
7251	5
7253	2
7254	3
7255	3
7256	2
7257	4
7258	1
7259	3
7260	2
7261	4
7262	1
7263	3
7264	1
7265	2
7266	2
7269	1
7270	2
7271	2
7272	6
7273	5
7274	2
7275	5
7276	3
7277	1
7278	1
7279	1
7280	2
7281	3
7282	2
7283	4
7285	2
7286	3
7289	5
7290	2
7291	3
7292	2
7293	3
7294	2
7295	3
7296	3
7298	2
7299	2
7301	3
7302	1
7304	2
7305	1
7306	1
7307	1
7308	3
7309	4
7310	2
7311	5
7313	2
7314	1
7316	1
7317	3
7318	1
7319	2
7320	2
7321	1
7323	1
7324	1
7325	1
7326	1
7327	1
7328	1
7329	4
7330	3
7331	2
7334	2
7335	4
7336	3
23721	1
7337	1
7338	2
7339	2
7340	5
7341	3
7344	3
7345	3
7349	1
7350	3
7351	1
7352	4
7354	1
7355	1
7356	2
7357	5
7358	2
7359	2
7360	3
7361	3
7363	2
7364	1
7365	4
7366	2
7369	2
7370	1
7371	1
7372	3
7373	1
7374	3
7375	2
7377	2
7378	1
7379	1
7380	1
7381	1
7382	1
7383	2
7384	2
7385	2
7386	3
7389	1
7390	1
7391	3
7393	1
7394	2
7395	2
7396	3
23781	1
7397	2
7398	1
7400	3
7401	5
7402	3
7403	3
23787	1
7405	1
7406	4
7407	1
7409	1
7410	1
7411	2
7412	1
7413	1
7415	2
7416	1
7417	3
7419	1
7420	1
7421	3
7422	4
7424	3
7425	2
7426	1
7427	1
7429	3
7430	6
7431	1
7432	1
7435	1
7436	1
7438	2
7439	4
7440	2
7441	1
7442	3
7443	1
7444	1
7446	2
7448	2
7449	4
23833	1
7450	2
7451	1
7452	1
7453	1
7454	1
7455	1
7456	4
7457	3
7458	1
7459	4
7460	2
7461	1
7462	1
7463	1
7464	2
7465	4
7466	3
7467	3
7468	3
7469	2
7470	2
7471	1
7472	1
7473	4
7474	2
7475	1
7476	3
7477	2
7478	2
7481	2
7482	6
7483	2
7484	1
7485	2
7486	1
7487	1
7489	3
7490	1
7491	3
7493	2
7494	1
7495	2
7496	5
7497	2
7499	3
7500	1
7501	2
7502	2
7503	2
7504	1
7505	2
7507	2
7508	1
7509	1
7510	2
7511	2
7512	1
7513	3
7514	2
7515	2
7516	1
7517	1
7519	3
7520	4
7521	2
7522	2
7523	1
7524	3
7526	3
7527	4
7528	4
7530	1
7531	2
7534	2
7535	2
7536	3
7537	1
7538	2
7539	2
7540	1
7541	1
7542	1
7543	4
7545	2
7546	3
7547	1
7548	2
7549	1
7550	1
7551	3
7552	2
7553	2
7554	2
7555	3
7556	6
7557	2
7559	2
7560	2
7561	1
7562	2
7563	1
7564	1
7565	2
7566	2
7567	3
7570	1
7571	3
7572	4
7573	3
7575	1
7576	1
7578	1
7579	3
7580	1
7581	1
7582	1
7584	3
7585	1
7586	3
7587	1
7588	1
7589	3
7591	2
7592	1
7593	3
7594	2
7595	2
7596	1
7597	3
7598	1
7600	2
7601	2
7603	3
7604	1
7605	2
7606	2
7607	1
7608	1
7609	2
7610	1
7611	4
7613	5
7614	3
7615	3
7616	1
7617	3
7618	1
7619	2
7621	5
7622	1
7623	1
7624	2
7625	5
7626	4
7627	3
7628	1
7629	1
7630	3
7631	2
7632	1
7634	1
7635	2
7636	1
7637	1
7638	1
24023	1
7640	2
7643	2
7644	2
7645	2
7646	4
7647	1
7648	3
7649	3
7650	2
7651	2
7653	1
7655	1
7656	2
7657	3
7659	1
7660	1
7661	1
7664	1
7665	1
7667	2
7668	3
7669	4
7670	3
7671	1
7672	1
7673	1
7674	2
7675	2
7676	1
7678	2
7681	3
7682	1
7683	1
7685	1
7686	5
7687	2
7688	2
7689	2
7690	3
7691	2
7692	1
7693	1
7694	1
7695	2
7696	1
7697	2
7699	1
7700	2
7701	1
7703	2
7704	1
7705	1
7706	2
7707	2
7708	3
7709	2
7710	2
7711	4
7712	2
7713	4
7714	1
7715	3
7716	2
7717	2
7718	2
7719	3
7720	3
7721	3
7722	3
7724	1
7725	2
7726	5
7727	3
7729	1
7730	3
7731	2
7733	2
7734	1
7735	2
7737	1
7738	1
7739	1
7740	3
7741	2
7742	2
7743	1
7744	3
7747	3
7748	3
7749	1
7751	1
7754	2
7755	3
7756	1
7759	2
7760	2
7761	2
7762	3
7763	1
7764	2
7766	1
7767	3
7769	1
7770	1
7771	3
7772	2
7773	1
7774	1
7775	1
7776	2
7779	1
7780	3
7781	2
7782	2
7783	1
7784	2
7785	7
7786	2
7787	4
7788	3
7789	3
7790	3
7791	2
7794	2
7795	1
7796	3
7797	4
7798	4
7799	1
7800	1
7802	3
7803	3
7804	1
7806	2
7807	2
7809	4
7810	4
7812	1
7813	1
7814	1
7815	2
7816	3
7817	3
7819	3
7820	2
7822	1
7823	2
7824	6
7825	2
7826	2
7827	1
7832	1
7833	1
7836	3
7837	1
7839	1
7840	1
7841	3
7842	1
7843	2
7844	2
7846	2
7848	2
7849	2
7851	2
7852	5
7854	2
7855	5
7856	2
7857	1
24241	1
7858	1
7859	3
7860	2
7863	1
7864	1
7865	2
7867	3
7868	1
7869	2
24253	1
7871	3
7872	1
7873	1
7874	1
7875	1
7876	1
7878	2
7879	2
7880	2
7882	1
7883	1
7885	2
7886	1
7887	1
7888	2
7889	2
7890	1
7891	1
7892	2
7893	2
7894	3
7895	2
7896	1
7897	1
7898	2
7899	1
7901	3
7902	3
7903	2
7905	2
7906	1
7908	3
7909	2
7910	1
7911	2
7912	1
7913	3
7914	1
7915	2
7916	1
7917	2
7919	1
7921	2
7922	1
7923	1
7925	3
7926	3
7927	2
7928	1
7929	2
7931	2
7932	3
7933	2
7934	2
7935	1
7936	4
7937	1
7938	2
7939	3
7941	2
7942	2
7943	1
7945	2
7946	4
7948	3
7949	2
7952	1
7953	1
7954	2
7957	2
7958	1
7960	2
7962	2
7963	2
7964	1
7965	1
7967	2
7968	2
7970	1
7971	3
7972	1
7974	1
7975	3
7977	2
7979	1
7982	2
7983	1
7984	3
7987	1
7988	1
7989	1
7990	1
7991	3
7992	2
7993	2
7994	1
7995	1
7996	2
7997	3
8000	1
8001	1
8003	1
8004	1
8005	1
8007	2
8008	2
8009	2
8010	2
8011	1
8012	3
8013	2
8015	1
8016	4
8017	2
8018	2
8019	1
8020	1
8022	1
8023	4
8024	2
8025	2
8026	1
8027	1
8028	4
8029	1
8030	1
8031	4
8032	1
8033	1
8034	3
8035	3
8036	1
8037	2
8038	1
8041	1
8042	1
8043	1
8044	3
8046	2
8047	1
8048	1
8049	2
8050	4
8052	1
8053	2
8054	1
8055	3
8057	3
8058	2
8059	1
8061	2
8062	2
8063	1
24449	1
8066	1
8067	2
8068	2
8069	3
8071	2
8073	3
8075	1
8077	1
8078	1
8079	1
8080	4
8081	1
8082	3
8084	1
8085	2
8087	2
8088	2
8089	4
8090	4
8091	2
8092	2
8094	5
8096	2
8098	1
8101	1
24487	1
8104	1
8105	1
8107	1
8108	1
8110	1
8112	2
8113	1
8114	1
8115	1
8116	1
8118	2
8119	1
8120	2
8121	2
8122	3
8123	2
8124	3
8125	3
8127	1
8129	3
8131	2
8132	3
8133	1
8136	1
8137	1
8139	1
8140	3
8142	3
8143	1
8144	1
8145	1
8148	4
8151	1
8152	4
8154	1
8155	1
8158	1
8159	1
8162	2
8163	1
8164	3
8165	1
8166	1
8167	2
8168	2
8169	3
8171	1
8172	1
8173	1
8174	2
8175	3
8176	2
8177	2
8178	4
8179	1
8180	1
8181	4
8182	2
8183	1
8185	3
8186	3
8187	3
8188	1
8190	1
8191	2
8192	2
8193	1
8194	3
8195	2
8198	1
8199	3
8200	2
8201	1
8203	1
8204	1
24589	1
8205	1
8206	3
8207	1
8208	2
8209	1
8210	1
8211	1
8212	2
8213	2
8214	1
8215	4
8216	1
8217	3
8219	4
8220	1
8221	2
8222	1
8223	1
8224	2
8225	1
8226	1
8227	1
8230	1
8232	2
8233	2
8236	1
8238	2
8239	2
8242	3
8243	1
8245	2
8248	2
8249	3
8250	1
8251	1
8252	3
8253	1
8254	1
8255	1
8257	2
8258	1
8260	2
8261	1
8263	4
8264	2
8268	4
8269	1
8272	2
8273	2
8274	1
8277	1
8278	3
8279	2
8280	1
8281	2
8282	1
8283	1
8284	6
8285	2
8286	2
8287	1
8288	2
8292	2
8293	3
8295	1
8296	2
8297	1
8298	5
8300	1
8301	1
8302	2
8303	1
8304	1
8306	1
8309	2
8311	3
8312	1
8313	2
8315	3
8316	2
8317	2
8318	1
8321	3
8322	1
8323	1
8324	3
8325	3
8326	2
8329	1
8330	3
8333	1
8335	2
8337	3
8338	3
8339	2
8340	2
8341	1
8342	2
8343	1
8344	1
8346	1
8347	3
8348	1
8349	1
8350	2
8351	2
8353	2
8354	1
8355	1
8357	2
8358	2
8359	1
8361	3
8362	2
8363	2
8364	2
8365	2
8367	3
8368	2
8373	3
8375	1
8376	4
8377	1
8379	3
8380	1
8381	1
8382	1
8385	3
8388	2
8389	1
8390	2
8392	3
8393	4
8394	2
8395	4
8396	1
8397	3
8398	1
8399	1
8401	1
8402	2
8403	1
8404	1
8407	1
8409	2
8411	1
8412	2
8414	1
8415	1
8416	1
8417	1
8420	3
8421	3
8425	1
8426	4
8428	2
8430	1
8431	2
8433	1
8434	1
8437	1
8439	3
8440	1
8441	2
8442	3
8443	1
8444	2
8449	2
8453	2
8454	1
8455	1
8458	1
8459	1
8460	3
8461	3
8463	3
8464	3
8465	2
8467	1
8468	1
8469	3
8470	1
8471	1
8472	2
8473	1
8475	1
8477	2
8478	1
8479	2
8481	1
8483	3
8484	1
8485	1
8486	1
8487	2
8488	2
8490	1
8491	1
8493	2
8494	1
8495	1
8496	2
8497	2
8498	2
8499	3
8500	1
8501	3
8502	1
8503	1
8506	1
8507	1
8509	1
8513	1
8514	1
8517	5
8519	3
8520	1
8521	3
8522	2
8523	2
8524	2
8525	2
8526	4
8527	2
8528	1
8529	1
8530	1
8531	1
8532	2
8533	2
8534	1
8535	1
8536	1
8538	1
8539	1
8541	1
8542	1
8544	2
8545	2
8548	2
8550	1
8551	1
8552	1
8553	2
8555	2
8556	2
8558	1
8560	1
8563	1
8564	3
8565	2
8566	1
8567	1
8568	1
8569	1
8570	2
8571	2
8572	3
8573	1
8574	2
8576	2
8577	2
8578	1
8580	1
8581	1
8582	1
8584	2
8585	2
8588	1
8589	4
8591	3
24975	1
8594	2
8595	1
8596	1
8597	1
8598	4
24982	1
8599	2
8600	2
8602	1
8603	1
8604	1
8605	3
8606	3
8607	1
8608	2
8611	3
8615	1
8616	2
8618	1
8621	1
8623	3
8625	2
8628	1
8629	1
8630	1
8632	1
8633	1
8635	1
8636	1
8637	2
8640	1
8641	4
8643	1
8644	1
8645	1
8646	1
8647	1
8649	1
8652	1
8655	2
8656	2
8657	2
8658	1
8660	1
8662	1
8663	2
8664	6
8665	1
8666	2
8668	1
8670	3
8671	2
8673	1
8674	1
8675	1
8677	1
8678	1
8682	1
8683	1
8684	2
8687	1
8688	1
8689	3
8691	1
8692	1
8693	1
8695	2
8698	1
8699	1
8702	2
8703	1
8705	4
8707	1
8709	3
8711	1
8712	1
8714	3
8715	2
8716	3
8717	1
8718	1
8720	1
8721	1
8723	2
8725	1
8726	1
8727	2
8729	3
8731	3
8732	1
8733	1
8734	1
8735	2
8736	2
8739	2
8740	2
8741	2
8742	2
8745	2
8747	2
8750	1
8753	3
8754	1
8757	3
8760	2
8761	2
8762	1
8763	5
8765	2
8766	2
8767	1
8768	2
8769	1
8771	2
8772	1
8773	1
8774	1
8775	3
8776	4
8777	1
8780	3
8781	2
8782	3
8783	5
8785	1
8786	2
8789	1
8790	1
8794	1
8795	2
8797	1
8798	2
8800	2
8801	1
8802	1
8806	2
8807	1
8808	4
8809	2
8810	1
8813	2
8815	1
8816	2
8818	1
8820	2
8822	3
8824	1
8826	2
8828	1
8830	3
8831	4
8833	1
8834	2
8837	2
8838	2
8840	1
8841	2
8844	1
8845	1
8846	1
8847	1
8848	1
8849	3
8853	1
8855	1
8856	3
8857	1
8858	1
8859	1
8860	1
8861	2
8862	2
8863	1
8864	1
8867	1
8869	1
8870	1
8872	1
8873	1
8874	2
8875	1
8876	1
8877	2
8878	1
8879	1
8880	1
8884	2
8885	2
8886	2
8887	1
8889	2
8891	1
8893	2
8895	2
8897	2
8899	1
8901	2
8902	1
8904	1
8908	3
8909	2
8911	2
8914	1
8916	2
8917	1
8918	1
8919	2
8921	1
8922	1
8923	3
8924	2
8926	2
8927	1
8931	1
8932	2
8935	2
8937	1
8940	2
8941	1
8942	2
8943	1
8946	1
8947	1
8949	3
8951	2
8952	2
8953	2
8956	1
8957	1
8960	1
8962	2
8963	2
8964	1
8966	1
8967	1
8969	2
8970	1
8971	2
8972	1
8975	1
8976	3
8978	1
8979	1
8980	1
8982	2
8985	4
8988	2
8989	1
8990	1
8991	4
8993	1
8994	4
8996	2
8997	1
8998	1
9001	1
9002	2
9005	1
9006	2
9007	2
9009	2
9010	3
9012	1
9015	2
9018	3
9020	1
9021	1
9022	1
9023	1
9024	1
9026	1
9028	1
9029	2
9035	1
9037	1
9041	1
9042	2
9044	1
9045	3
9046	1
9047	2
9048	1
9049	1
9051	2
9052	1
9053	1
9056	1
9059	3
9060	1
9061	1
9062	1
9063	2
9066	1
9067	3
9069	2
9070	1
9073	3
9074	1
9076	2
9077	1
9080	1
9081	1
9082	1
9083	1
9085	2
9087	2
9091	2
9092	2
9093	2
9094	2
9096	2
9098	1
9099	2
9100	2
9102	1
9104	2
9106	3
9108	1
9109	1
9111	1
9112	1
9114	1
9117	3
9121	1
9123	1
9124	2
9127	1
9133	1
9135	3
9136	1
9137	1
9138	1
9139	1
9144	2
9145	1
9147	3
9149	2
9150	3
9154	2
9155	3
9156	1
9158	2
9159	1
9160	1
9161	1
9162	1
9163	1
9165	1
9166	2
9167	3
9168	1
9170	1
9173	1
9176	4
9177	1
9178	1
9179	3
9180	1
9183	1
9184	2
9185	2
9186	3
9187	3
9188	2
9189	1
9192	1
9193	1
9194	1
9198	2
9199	1
9201	2
9202	1
9205	1
9209	1
9210	1
9211	2
9212	2
9213	2
9216	1
9218	1
9219	2
9220	1
9221	1
9222	3
9224	1
9225	1
9226	2
9227	2
9228	2
9229	2
9230	1
9231	1
9234	3
9235	1
9237	1
9241	1
9242	1
9250	1
9251	3
9254	2
9255	1
9256	1
9257	1
9258	1
9259	3
9260	2
9262	2
9264	1
9267	1
9269	2
9271	1
9273	2
9274	1
9277	1
9278	2
9279	2
9281	1
9283	1
9284	2
9285	1
9288	2
9290	2
9292	2
9294	1
9295	1
9298	1
9300	1
9306	1
9307	1
9310	2
9313	3
9314	2
9316	3
9317	1
9322	1
9323	2
9324	1
9326	2
9329	1
9332	1
25717	1
9333	2
9334	1
9335	1
9336	2
9337	4
9338	1
9340	1
9341	1
9342	1
9344	1
9347	1
9350	1
9351	1
9353	2
9355	2
9356	2
9357	2
9360	1
9361	1
9365	4
9366	2
9367	1
9369	2
9370	2
9373	3
9374	2
9379	1
9382	1
9389	1
9390	1
9391	1
9396	2
9398	1
9403	3
9405	2
9406	1
9407	2
9409	2
9410	1
9412	1
9415	3
9417	1
9422	3
9423	1
9425	1
9426	2
9427	1
9428	1
9429	1
9430	1
9432	1
9433	1
9434	1
9435	1
9437	1
9438	3
9440	1
9444	1
9450	1
9452	2
9453	1
9454	2
9455	2
9456	1
9458	2
9459	1
9461	1
9463	2
9466	1
9469	1
9470	1
9473	1
9477	2
9479	1
9483	1
9486	1
9487	1
9490	3
9494	1
9497	2
9499	3
9502	3
9505	1
9508	1
9511	1
9512	1
9515	1
9516	2
9517	2
9518	1
9519	1
9520	2
9521	2
9522	2
9524	1
9525	1
9526	3
9529	1
9530	1
9531	1
9532	1
9535	1
9536	1
9537	2
9539	2
9540	1
9541	1
9542	3
9543	3
9546	2
9549	2
9550	1
9554	1
9555	1
9557	1
9558	1
9559	1
9560	2
9561	1
9565	1
9572	1
9573	2
9574	2
9576	1
9578	1
9580	2
9582	1
9583	2
9588	2
9590	1
9591	2
9593	1
9594	1
9596	1
9597	1
9599	1
9600	1
9601	3
9602	1
9603	3
9604	2
9606	2
9607	3
9608	2
9609	1
9610	2
9613	2
9616	2
9618	1
9619	1
9621	1
9622	2
9625	2
9629	1
9632	2
9637	1
9638	1
9642	1
9643	1
9644	1
9648	1
9650	3
9653	1
9654	1
9655	1
9657	1
9658	1
9659	1
9660	3
9661	2
9665	1
9666	3
9667	2
9668	1
9669	1
9670	1
9671	1
9673	1
9674	1
9675	1
9676	2
9678	1
9681	1
9682	2
9684	1
9685	1
9690	1
9691	1
9692	1
9695	1
9698	3
9702	1
9704	1
9706	1
9708	2
9711	1
9713	1
9715	3
9717	1
9719	2
9720	2
9721	1
9723	1
9724	1
9725	1
9729	1
9733	1
9734	1
9735	1
9740	1
9741	2
9742	1
9743	3
9744	1
9745	1
9747	1
9749	2
9750	1
9751	1
9752	2
9753	1
9754	1
9756	2
9759	1
9760	2
9762	1
9764	1
9766	1
9770	1
9771	1
9773	2
9774	2
9776	1
9777	1
9778	2
9780	1
9783	1
9784	1
9787	2
9788	1
9789	3
9790	1
9791	1
9793	1
9794	3
9798	1
9799	2
9801	1
9802	2
9803	1
9804	1
9806	1
9807	1
9809	1
9810	3
9811	2
9815	1
9816	1
9819	1
9824	2
9827	2
9829	2
9834	1
9835	1
9841	1
9842	1
9843	1
9845	2
9846	1
9847	1
9850	1
9851	2
9854	1
9855	1
9858	1
9861	1
9862	1
9863	2
9874	1
9882	1
9887	1
9892	1
9893	1
9894	1
9897	1
9898	1
9902	1
9904	1
9906	1
9911	2
9913	1
9914	1
9915	1
9916	1
9917	1
9919	1
9921	2
9922	2
9925	1
9932	1
9933	3
9937	2
9938	2
9940	1
9943	1
9944	1
9947	1
9948	2
9949	1
9950	1
9951	1
9953	2
9955	1
9958	2
9962	2
9965	1
9968	5
9969	1
9971	1
9972	3
9973	2
9974	1
9975	1
9977	3
9978	1
9979	1
9980	2
9982	1
9985	1
9986	3
9987	1
9988	1
9989	1
9991	2
9992	2
9994	1
9995	2
9996	1
10001	2
10002	1
10006	1
10007	3
10008	1
10010	2
10012	3
10013	1
10015	1
10016	2
10019	1
10020	1
10023	2
10024	1
10025	2
10035	1
10038	2
10039	1
10040	1
10047	1
10049	2
10050	1
10052	2
10053	1
10054	1
10057	1
10058	1
10059	1
10061	1
10063	1
10065	1
10067	1
10069	1
10070	1
10071	1
10073	1
10074	1
10077	1
10078	1
10080	1
10081	1
10088	1
10090	1
10092	1
10093	2
10098	2
10101	2
10104	2
10108	1
10111	1
10115	1
10117	1
10119	1
10121	1
10122	1
10126	1
10128	1
10130	2
10131	1
10132	1
10134	1
10136	1
10139	1
10140	1
10141	2
10145	1
10148	1
10150	2
10151	1
10152	2
10153	1
10159	1
10165	1
10169	1
10170	1
10171	1
10172	1
10176	1
10177	1
10178	2
10179	1
10180	1
10185	2
10188	1
10193	1
10195	1
10196	3
10197	1
10198	1
10199	1
10200	1
10201	2
10202	1
10203	1
10207	1
10210	1
10213	1
10214	1
10216	1
10218	1
10219	2
10223	2
10224	1
10231	1
10234	1
10239	1
10241	2
10243	1
10244	1
10247	1
10251	1
10255	1
10257	3
10258	1
10259	1
10261	2
10264	1
10265	1
10266	2
10272	1
10277	1
10278	1
10283	1
10285	1
10287	1
10290	1
10295	1
10299	1
10300	1
10301	1
10305	1
10306	1
10312	1
10316	3
10317	1
10322	2
10324	2
10325	1
10326	1
10331	1
10333	1
10335	1
10336	1
10337	1
10339	1
10340	1
10342	3
10346	1
10349	1
10351	1
10353	1
10354	1
10358	1
10361	1
10366	1
10368	2
10369	1
10370	1
10375	1
10376	2
10377	1
10381	1
10382	1
10387	2
10390	1
10396	1
10398	2
10399	1
10400	2
10402	1
10404	1
10405	2
10410	1
10412	1
10414	2
10415	1
10418	1
10424	1
10426	1
10431	2
10433	1
10434	1
10435	1
10438	2
10439	1
10440	1
10441	1
10445	2
10446	2
10447	2
10448	3
10451	2
10454	2
10455	1
10457	1
10458	1
10459	2
10461	1
10465	2
10466	2
10467	1
10474	1
10475	1
10480	1
10486	2
10488	1
10494	1
10500	1
10505	1
10506	1
10507	1
10509	1
10510	3
10512	1
10515	2
10516	1
10518	1
10524	2
10525	1
10531	1
10533	2
10544	2
10546	1
10553	1
10555	1
10559	2
10561	2
10562	1
10565	1
10567	1
10570	1
10572	1
10573	1
10574	1
10577	3
10579	1
10581	1
10585	1
10589	1
10590	1
10591	3
10592	1
10593	4
10597	2
10603	1
10604	1
10605	1
10611	2
10612	1
10613	1
10614	1
10616	2
10619	1
10627	2
10629	1
10632	1
10633	2
10639	2
10641	1
10644	1
10645	1
10655	1
10657	1
10659	1
10660	1
10661	1
10663	1
10665	2
10666	1
10669	1
10672	1
10676	1
10678	2
10680	1
10683	2
10685	1
10692	1
10694	1
10696	1
10700	1
10701	1
10702	1
10704	2
10707	1
10709	1
10713	1
10714	1
10719	2
10720	1
10722	1
10726	1
10731	1
10734	1
10735	1
10736	1
10739	2
10742	1
10743	2
10753	2
10755	1
10759	1
10761	1
10762	1
10766	1
10772	1
10780	1
10781	1
10782	1
10783	1
10794	2
10795	1
10799	1
10804	1
10810	1
10812	1
10814	1
10818	1
10822	1
10823	1
10824	2
10826	1
10833	1
10836	2
10843	1
10846	1
10847	1
10857	1
10863	3
10866	1
10869	1
10872	1
10877	2
10878	1
10882	1
10890	1
10894	1
10896	1
10897	1
10900	1
10901	1
10904	1
10905	1
10910	1
10912	1
10913	1
10915	1
10919	1
10923	1
10924	1
10931	2
10932	1
10933	1
10934	1
10936	1
10939	1
10943	1
10947	1
10948	1
10950	1
10952	1
10956	1
10957	3
10958	2
10963	1
10964	1
10967	1
10968	1
10969	1
10970	1
10971	3
10974	1
10975	1
10977	1
10980	1
10981	1
10984	1
10989	1
10991	2
10995	1
10996	1
10997	2
10999	1
11002	1
11007	1
11009	1
11011	1
11019	1
11020	1
11023	1
11025	1
11029	1
11031	1
11032	1
11033	1
11035	1
11036	2
11037	1
11038	1
11040	1
11041	3
11045	1
11047	3
11048	1
11050	3
11051	1
11063	1
11070	1
11071	1
11073	1
11074	1
11079	1
11080	1
11082	2
11090	1
11092	1
11101	2
11110	2
11111	1
11117	2
11123	1
11124	1
11128	1
11134	1
11136	1
11140	2
11142	1
11145	1
11147	1
11152	1
11160	2
11168	2
11176	1
11179	1
11181	2
11183	1
11184	1
11190	1
11194	1
11198	1
11201	2
11203	1
11204	1
11205	1
11207	1
11208	1
11219	1
11222	1
11223	1
11229	1
11233	1
11234	1
11235	1
11237	1
11238	1
11242	1
11244	1
11250	2
11252	1
11256	1
11261	1
11263	2
11267	1
11271	1
11273	1
11278	1
11279	1
11280	1
11281	1
11288	1
11291	1
11297	1
11298	1
11299	2
11308	1
11328	1
11329	1
11332	1
11334	1
11341	2
11342	1
11343	1
11346	1
11350	1
11354	1
11362	1
11363	2
11365	1
11368	2
11370	2
11373	1
11376	1
11379	2
11382	1
11385	1
11388	1
11393	1
11398	1
11404	1
11410	1
11414	1
11417	2
11425	1
11426	2
11428	1
11429	2
11430	2
11436	1
11444	1
11445	1
11446	1
11447	2
11450	1
11452	1
11464	1
11473	1
11474	1
11475	1
11479	1
11483	1
11487	1
11500	1
11501	1
11506	1
11512	1
11516	1
11520	1
11522	1
11523	1
11524	1
11529	2
11534	1
11535	1
11537	2
11545	1
11546	1
11549	1
11559	1
11560	1
11561	1
11563	2
11566	1
11574	2
11576	1
11580	1
11582	1
11583	1
11587	1
11589	3
11594	1
11616	1
11618	1
11623	1
11624	1
11630	1
11639	2
11640	1
11641	1
11643	1
11651	1
11657	1
11660	1
11663	1
11664	1
11665	1
11668	1
11673	1
11677	1
11679	1
11685	1
11688	1
11694	2
11695	1
11699	1
11703	1
11709	1
11711	1
11712	1
11719	1
11722	1
11724	1
11725	1
11726	1
11729	1
11731	2
11735	1
11736	1
11740	1
11743	1
11746	1
11748	1
11750	2
11751	1
11754	1
11755	1
11756	1
11757	1
11758	1
11762	1
11766	1
11772	2
11787	2
11788	1
11789	1
11790	1
11792	1
11793	4
11799	1
11801	1
11805	1
11810	1
11817	1
11820	1
11822	1
11826	1
11835	1
11838	1
11842	1
11843	1
11844	3
11848	1
11852	1
11853	1
11854	1
11857	1
11858	1
11859	2
11867	1
11869	2
11870	1
11871	1
11877	1
11879	1
11880	1
11883	1
11901	1
11903	1
11911	1
11915	2
11916	1
11920	1
11921	1
11924	1
11926	1
11927	1
11934	1
11935	1
11938	1
11953	1
11954	1
11963	1
11966	1
11967	1
11969	1
11972	1
11973	1
11979	1
11985	1
11992	1
11997	1
11999	1
12005	1
12010	1
12012	1
12015	1
12017	1
12020	2
12021	1
12026	1
12037	1
12045	1
12047	1
12048	1
12054	1
12057	1
12058	1
12064	3
12066	1
12082	1
12089	1
12095	1
12101	1
12102	1
12103	1
12107	1
12115	1
12121	1
12122	1
12125	2
12127	1
12130	1
12134	1
12145	1
12151	1
12152	1
12156	2
12167	1
12168	1
12177	2
12180	1
12187	1
12201	1
12202	2
12207	1
12224	1
12225	1
12229	1
12234	1
12239	1
12240	1
12244	1
12246	1
12251	1
12255	1
12256	1
12262	1
12264	1
12271	1
12275	1
12281	1
12290	1
12291	1
12295	1
12298	1
12302	1
12306	1
12308	2
12313	1
12323	1
12326	1
12328	2
12329	1
12330	1
12336	1
12339	1
12340	1
12346	1
12350	1
12357	1
12363	1
12371	1
12372	1
12376	1
12379	1
12380	1
12384	1
12388	1
12405	1
12412	1
12413	1
12418	1
12419	1
12423	1
12424	1
12431	1
12432	1
12438	2
12445	1
12446	1
12450	1
12459	1
12460	1
12469	2
12470	1
12474	1
12478	1
12490	1
12492	1
12495	2
12497	1
12508	1
12514	2
12515	1
12518	1
12526	1
12529	1
12538	1
12541	1
12565	1
12571	1
12573	1
12585	1
12586	1
12587	1
12589	1
12592	1
12618	1
12620	1
12625	1
12640	1
12651	1
12665	1
12668	2
12672	1
12676	2
12677	1
12682	1
12687	2
12704	1
12705	2
12712	1
12713	1
12714	1
12717	1
12721	1
12741	1
12744	1
12747	1
12748	1
12751	1
12758	1
12759	1
12763	1
12774	1
12776	1
12783	1
12784	1
12795	1
12800	1
12803	1
12810	1
12819	1
12823	1
12827	1
12829	1
12835	1
12839	1
12840	1
12849	1
12852	1
12854	1
12856	1
12857	1
12860	1
12862	1
12864	2
12868	1
12870	1
12877	1
12879	1
12895	2
12898	1
12900	1
12910	2
12936	1
12950	1
12954	1
12956	1
12958	2
12966	1
12978	1
12981	1
12986	1
12989	1
13006	1
13007	3
13008	1
13022	1
13034	2
13039	1
13040	1
13043	1
13047	2
13052	1
13056	1
13065	1
13070	1
13073	3
13085	1
13086	1
13093	1
13099	1
13102	1
13103	1
13105	1
13117	1
13120	1
13128	1
13138	1
13142	1
13144	1
13146	1
13147	1
13149	1
13153	1
13163	1
13166	1
13172	1
13175	1
13187	1
13195	1
13196	1
13200	1
13203	2
13206	1
13209	1
13210	1
13213	1
13216	2
13219	1
13221	1
13227	1
13236	1
13237	1
13250	1
13252	1
13256	1
13264	1
13271	1
13280	1
13281	1
13282	1
13283	1
13315	1
13323	2
13329	1
13330	1
13342	1
13344	1
13348	1
13357	1
13359	1
13367	1
13368	1
13371	1
13394	1
13399	1
13419	1
13420	1
13426	1
13434	2
13435	1
13444	1
13445	1
13464	1
13467	1
13470	1
13474	1
13475	1
13495	2
13504	1
13510	1
13514	1
13515	1
13516	1
13526	1
13536	2
13544	1
13549	1
13550	1
13553	1
13559	1
13563	1
13572	1
13581	1
13583	1
13598	1
13607	1
13609	1
13612	3
13613	1
13614	1
13626	1
13644	1
13649	1
13661	1
13664	1
13666	1
13670	1
13675	1
13678	1
13680	1
13681	1
13685	1
13689	1
13693	1
13695	1
13697	2
13698	1
13702	1
13717	1
13718	1
13719	2
13720	1
13728	1
13741	1
13753	2
13767	1
13776	1
13783	2
13789	1
13790	1
13800	1
13804	1
13805	1
13809	1
13815	1
13816	1
13819	1
13820	1
13831	1
13834	1
13845	1
13846	2
13851	1
13859	1
13860	1
13867	2
13877	1
13884	2
13889	1
13890	1
13893	1
13899	1
13900	2
13915	1
13927	1
13929	1
13941	1
13943	1
13966	1
13974	1
13989	1
13993	1
13997	1
13999	1
14000	1
14003	1
14004	1
14012	1
14015	1
14022	1
14027	2
14031	2
14032	1
14033	1
14036	1
14038	1
14051	1
14052	1
14056	1
14058	1
14064	1
14065	1
14066	1
14069	1
14072	1
14073	1
14084	1
14090	1
14091	1
14096	1
14103	1
14104	1
14108	1
14110	1
14116	3
14119	2
14124	1
14128	1
14139	1
14144	1
14145	1
14147	1
14152	2
14161	1
14162	1
14178	1
14180	1
14181	1
14189	1
14193	1
14199	1
14211	1
14217	1
14230	1
14233	1
14234	1
14236	1
14239	1
14240	1
14241	1
14247	2
14257	1
14263	1
14268	1
14270	1
14275	1
14276	1
14283	1
14285	1
14295	1
14297	1
14300	1
14301	1
14303	1
14305	1
14312	2
14316	1
14331	1
14335	1
14338	1
14342	1
14343	1
14347	1
14353	1
14359	3
14361	1
14380	1
14383	1
14387	1
14394	1
14400	1
14408	1
14409	1
14410	1
14417	1
14427	1
14438	1
14451	1
14455	1
14457	1
14463	1
14471	1
14473	1
14496	1
14505	1
14506	1
14521	2
14529	1
14534	1
14544	1
14555	1
14556	1
14563	1
14567	1
14570	1
14576	1
14578	1
14584	1
14585	1
14586	1
14593	1
14594	1
14596	1
14599	2
14604	1
14611	1
14617	1
14626	2
14627	2
14648	1
14659	1
14672	1
14675	1
14681	1
14699	1
14703	1
14705	1
14707	1
14708	1
14709	1
14714	1
14723	2
14725	1
14726	1
14728	1
14730	1
14734	1
14740	1
14748	1
14768	1
14772	2
14775	1
14776	1
14781	1
14791	1
14802	1
14805	1
14810	1
14815	1
14839	1
14841	1
14861	1
14868	1
14874	2
14880	1
14890	1
14907	1
14911	2
14915	1
14919	1
14928	1
14933	1
14945	1
14948	1
14976	1
14985	1
14989	1
14992	1
14999	1
15013	1
15016	1
15021	1
15033	2
15045	1
15046	1
15051	1
15056	1
15061	1
15069	1
15073	1
15075	1
15079	1
15084	1
15090	1
15103	1
15108	1
15116	1
15149	1
15150	1
15152	1
15173	1
15179	2
15180	1
15187	1
15195	1
15199	1
15213	1
15215	1
15217	1
15218	1
15227	1
15239	1
15274	1
15285	1
15293	1
15299	1
15310	1
15314	1
15325	1
15331	1
15337	1
15343	2
15346	1
15356	1
15362	1
15365	1
15374	1
15377	1
15380	1
15381	1
15387	1
15388	1
15392	1
15394	1
15401	1
15410	1
15411	1
15413	1
15419	1
15423	1
15437	1
15441	1
15447	1
15454	1
15456	1
15459	1
15463	1
15468	1
15482	1
15483	1
15484	1
15498	1
15510	1
15511	1
15538	1
15540	1
15541	1
15544	1
15546	1
15560	1
15561	1
15562	1
15566	1
15570	1
15586	1
15592	1
15593	1
15600	1
15602	2
15607	1
15609	1
15614	1
15618	1
15621	1
15629	1
15638	1
15640	1
15648	1
15649	1
15658	1
15695	1
15706	1
15720	1
15738	1
15746	1
15749	1
15754	1
15766	1
15780	1
15783	1
15798	2
15805	1
15817	1
15820	1
15822	1
15823	1
15827	1
15831	1
15832	1
15840	1
15847	1
15860	1
15874	1
15876	1
15877	1
15881	1
15882	1
15890	1
15897	1
15898	1
15900	1
15913	1
15920	1
15922	1
15942	1
15947	1
15960	1
15966	1
15968	1
15994	1
16012	1
16039	1
16040	1
16051	1
16052	1
16057	1
16076	1
16079	2
16087	1
16100	1
16108	1
16110	1
16111	1
16118	1
16119	1
16120	1
16138	1
16141	1
16160	1
16176	1
16192	1
16204	1
16236	1
16240	1
16245	1
16246	1
16248	1
16253	1
16258	1
16263	1
16268	1
16275	1
16290	1
16291	1
16294	1
16315	1
16329	1
16330	1
16332	1
16336	1
16340	2
16348	1
16350	2
16376	1
