1	7
2	5
3	9
4	3
5	4
6	3
7	4
8	3
16392	1
9	2
10	3
11	3
12	3
13	3
14	8
15	8
16	7
16400	1
17	3
18	7
19	6
20	4
21	7
22	3
23	6
24	6
25	6
26	5
27	4
28	4
29	9
30	4
31	12
32	5
33	4
34	5
16418	1
35	2
36	3
37	9
38	7
39	4
16424	1
40	3
41	8
42	2
43	6
44	4
45	6
46	5
47	4
48	1
49	10
50	3
16434	1
51	4
52	3
53	3
54	6
55	4
56	3
57	9
58	5
59	3
60	3
61	4
62	2
63	3
64	5
65	4
66	6
67	9
68	3
69	5
70	4
71	5
16455	1
72	4
73	5
74	2
75	6
76	3
77	3
16461	1
78	5
79	5
80	4
81	2
82	4
83	3
84	6
16469	1
85	2
86	2
87	5
88	6
89	5
90	4
91	2
16475	1
92	7
93	6
94	7
95	2
96	5
97	3
98	5
99	6
16483	1
100	5
16484	1
101	6
102	6
103	4
104	6
105	5
106	5
107	6
108	4
109	2
110	6
111	3
112	4
113	4
114	6
16499	1
115	2
116	4
117	3
118	6
119	6
120	8
121	6
122	1
123	2
124	1
125	4
126	1
127	9
16512	2
128	3
129	2
16513	1
130	2
131	6
132	4
16516	1
133	4
134	5
135	7
136	4
137	8
138	2
139	6
140	6
16524	2
16525	1
141	4
142	4
143	6
144	3
145	6
146	5
147	4
148	4
149	4
150	6
151	4
152	6
153	6
154	3
155	3
156	2
157	2
158	7
159	4
160	1
161	4
162	4
163	9
164	4
165	6
166	6
16550	1
167	6
16551	1
168	5
169	4
170	3
171	4
172	9
173	3
174	4
175	5
176	2
177	5
178	2
179	7
180	2
181	6
182	4
183	4
184	3
185	5
186	4
187	3
188	5
189	3
190	6
191	6
192	5
193	3
194	6
195	1
196	3
16581	1
197	3
198	5
199	2
200	1
201	7
202	4
203	4
204	4
205	4
206	5
16590	1
207	6
208	5
209	6
210	7
211	6
212	2
213	2
214	6
215	2
216	5
217	4
218	3
219	7
220	7
221	2
222	7
223	6
224	6
225	6
226	6
227	8
228	3
229	7
230	10
231	7
232	6
233	9
234	7
235	7
236	4
237	3
16621	1
238	7
239	4
240	3
241	6
242	8
243	3
244	3
245	4
246	3
247	7
248	2
249	5
250	2
251	5
252	6
253	2
254	5
255	10
256	4
257	4
258	2
259	5
260	4
261	5
262	5
263	2
264	11
265	6
266	5
267	3
268	3
16652	1
269	6
270	9
271	4
272	4
273	8
274	3
275	6
276	4
277	3
278	3
279	5
280	4
281	7
16665	1
282	5
283	2
284	7
285	5
286	5
287	4
288	5
289	5
290	7
291	5
292	5
293	8
294	11
295	4
16679	1
296	2
297	5
298	4
299	1
300	6
16684	1
301	3
302	6
303	9
304	5
305	2
306	4
307	7
308	5
309	1
310	3
311	5
16695	1
312	7
313	5
16697	1
314	5
315	7
316	9
317	7
318	8
319	3
320	6
321	2
322	8
323	5
324	5
325	5
326	5
327	3
328	3
329	7
330	2
331	6
332	1
333	1
334	5
335	5
336	3
337	7
338	3
339	5
340	3
341	2
342	7
343	9
344	3
16728	1
345	3
346	7
347	6
348	6
349	4
350	1
351	8
352	2
353	5
354	4
355	10
356	9
357	3
358	5
359	5
360	6
361	9
362	4
363	1
364	3
365	5
366	6
367	5
368	8
369	5
370	7
371	4
372	5
373	6
374	9
375	10
376	5
377	10
378	9
379	3
380	6
381	6
382	3
383	5
384	3
385	9
386	5
387	4
388	3
16772	1
389	6
390	3
391	7
392	3
393	2
394	4
395	3
396	7
16780	1
397	3
398	5
399	1
400	2
401	2
402	11
403	6
404	9
16788	1
405	7
406	8
16790	1
407	9
408	6
409	5
410	7
411	6
412	6
413	4
414	9
415	4
416	6
16800	1
417	1
418	4
419	9
420	3
421	5
422	6
423	8
424	2
425	10
426	4
427	4
428	3
429	6
430	6
431	6
432	7
433	4
434	5
435	5
436	7
437	4
438	10
16823	1
439	4
440	5
441	5
442	7
443	3
16827	1
16828	3
444	5
445	3
446	6
447	2
448	4
16832	1
449	5
450	7
451	2
452	3
453	4
454	5
455	7
456	4
457	3
458	2
459	5
460	5
461	9
462	2
463	7
464	3
465	5
466	4
467	5
468	7
469	4
470	5
471	7
472	4
473	8
474	5
475	4
476	7
477	7
478	4
479	1
480	5
481	3
482	5
483	7
484	5
485	5
486	4
487	6
488	4
489	11
490	6
491	6
492	6
493	6
494	7
495	8
496	5
497	2
498	7
499	6
500	3
501	6
502	5
503	2
504	3
505	7
506	6
507	1
508	4
509	9
510	3
511	9
512	2
513	4
514	5
515	4
516	7
517	1
16901	1
518	11
519	3
520	4
521	4
522	8
523	2
524	11
525	2
526	4
527	8
528	7
529	5
530	9
531	2
532	4
16916	1
533	1
16917	1
16918	1
534	4
535	4
536	2
537	6
538	7
539	5
540	6
541	6
542	4
543	5
544	4
545	9
546	8
547	8
548	8
549	2
550	8
551	6
552	2
553	4
554	5
555	7
556	4
557	4
16941	1
558	1
559	4
560	2
561	6
562	7
16946	1
563	3
564	6
565	3
16949	1
566	4
567	4
568	8
16952	1
569	7
570	2
571	4
572	4
573	5
574	4
575	4
16959	1
576	3
578	5
579	3
580	2
581	10
582	5
583	5
584	3
585	6
586	4
587	7
588	5
589	4
590	6
591	3
592	3
594	4
595	5
596	10
16980	1
597	4
16981	1
598	5
599	8
600	6
601	5
16986	1
602	6
603	4
16987	2
604	2
605	4
606	3
607	4
608	5
609	5
610	5
611	7
612	2
613	5
614	8
16998	1
615	5
616	4
17000	1
617	6
618	8
619	5
620	5
17004	1
621	9
622	4
623	5
624	9
625	6
626	6
627	7
628	4
629	2
630	3
631	4
632	3
633	4
634	5
635	6
636	6
637	8
638	7
639	12
640	2
641	5
642	5
643	4
644	5
645	3
646	10
647	4
648	5
649	5
650	7
651	8
652	5
653	3
654	5
655	9
17039	1
656	3
657	4
658	5
659	2
660	6
661	6
662	5
17046	1
663	7
664	3
665	3
666	7
667	6
668	4
17052	1
669	5
670	7
671	5
672	6
673	9
674	10
675	8
676	6
677	11
678	6
679	6
680	9
681	3
682	4
683	6
684	6
685	7
686	4
687	5
688	4
17072	1
689	6
690	4
691	3
692	1
693	4
694	3
695	3
696	7
697	5
698	5
699	4
700	6
701	7
17085	1
702	5
703	1
704	4
705	3
706	5
707	4
708	3
709	6
710	4
711	5
712	3
713	9
714	10
715	5
716	9
717	3
718	7
719	3
720	3
721	6
722	6
723	1
724	6
725	4
726	9
727	4
728	5
729	3
17113	1
730	7
17114	1
731	7
732	5
733	14
734	8
735	6
736	4
737	4
738	6
739	9
740	3
741	1
742	8
743	6
744	5
745	11
746	5
747	14
748	5
749	8
750	3
751	4
752	5
753	7
754	9
755	7
756	4
757	2
758	5
759	4
760	8
761	2
762	5
763	4
764	2
765	5
766	3
767	3
768	6
769	2
770	3
771	4
772	8
773	3
774	4
775	6
776	4
17160	1
777	7
17161	1
778	7
779	8
780	2
781	4
782	3
783	5
784	5
785	4
786	3
787	4
17171	1
788	3
789	4
790	1
791	1
792	3
793	6
17177	1
794	5
795	7
796	3
797	5
798	9
799	10
800	4
801	6
802	2
803	3
804	5
805	2
806	6
807	9
17191	1
808	2
809	4
810	6
17194	1
811	10
812	5
813	7
814	3
815	6
816	3
817	2
818	2
819	5
820	10
821	6
822	1
823	3
824	5
825	1
826	3
827	10
828	2
829	5
830	9
831	10
832	3
833	5
834	6
835	5
836	9
837	2
838	6
839	6
840	4
841	5
17225	1
842	9
843	3
844	5
845	2
846	4
847	6
848	3
849	4
850	9
851	5
852	6
853	7
854	3
855	7
856	4
857	8
858	2
859	12
860	6
861	4
862	5
863	4
864	1
865	6
866	7
867	2
868	3
869	6
870	6
871	6
872	6
873	2
874	2
875	6
876	5
877	11
878	1
17262	1
879	5
880	6
881	6
882	5
883	8
884	8
885	7
886	2
888	3
889	6
890	9
17274	1
891	3
892	6
893	5
894	5
895	5
896	5
897	4
898	4
899	6
900	6
901	4
902	8
903	5
904	2
905	2
906	8
907	9
908	3
909	4
910	4
911	8
912	2
913	4
914	7
915	3
916	4
917	8
918	2
919	5
920	3
921	6
922	3
923	6
924	2
925	5
926	6
927	3
928	2
929	7
930	8
931	4
932	3
933	3
934	7
935	2
936	4
937	4
938	3
939	6
940	3
941	1
942	4
17326	1
943	6
944	3
945	8
946	5
947	3
948	4
949	3
950	3
951	10
17336	1
952	2
953	2
954	5
955	14
956	8
957	5
958	3
959	3
960	3
961	6
962	9
17347	1
963	4
17348	1
964	4
965	3
966	6
967	4
968	4
969	7
970	6
971	4
972	2
973	5
974	4
975	5
976	2
977	3
978	6
979	9
980	6
981	5
17365	1
982	6
983	7
984	6
985	7
986	2
987	5
988	4
989	12
990	3
991	2
992	7
17376	2
993	3
994	4
995	5
996	7
997	10
998	6
999	1
1000	8
1001	8
1002	2
1003	4
1004	5
1005	5
1006	2
1007	7
1008	3
1009	8
1010	4
1011	12
1012	4
1013	5
1014	3
1015	7
17399	1
1016	4
1017	4
1018	6
1019	2
17403	1
1020	6
1021	4
1022	8
1023	3
1024	9
1025	5
1026	4
1027	4
1028	6
1029	4
1030	7
1031	5
1032	2
1033	3
1034	7
1035	8
1036	5
1037	8
1038	2
1039	5
1040	4
1041	5
1042	4
1043	3
1044	5
1045	3
1046	6
1047	3
1048	7
1049	6
1050	5
17435	1
1051	2
1052	3
1053	4
1054	6
1055	3
1056	6
17440	1
1057	6
1058	3
1059	1
1061	5
1062	7
1063	9
17448	1
1065	5
1066	3
1067	4
1068	4
1069	5
1070	2
1071	8
1072	3
1073	7
1074	7
1075	5
1076	3
17461	1
1077	3
1078	2
1079	4
1080	2
1081	3
1082	5
17466	1
1083	5
1084	3
1085	6
1086	4
1087	5
1088	3
1089	2
1090	11
1091	3
1092	7
1093	2
1094	2
1095	5
1096	5
1097	2
17482	1
1099	8
1100	8
17484	1
1101	7
1102	7
1103	8
1104	3
1105	4
1106	4
1107	6
1108	3
1109	4
1110	1
1111	7
1112	5
1113	4
1115	5
1116	4
1117	4
1118	3
1119	5
1120	5
1121	7
1122	8
1123	3
1124	6
1125	1
1126	4
1127	5
1128	5
17512	1
1129	7
1130	4
1131	5
1132	5
1133	3
1134	6
1135	7
17519	1
1136	7
1137	11
1138	6
1139	4
1140	4
1141	4
1142	7
1143	5
1144	6
1145	4
1146	7
1147	9
17531	1
1148	4
1149	4
1150	8
1151	3
1152	9
1153	5
1154	7
1155	5
1156	3
1157	5
1158	7
1159	6
1160	6
1161	2
1162	8
1163	1
1164	4
1165	6
1166	4
17550	2
1167	5
1168	4
1169	5
1170	6
1171	5
1172	11
1173	13
1174	6
1175	6
17559	1
1176	7
1177	6
1178	4
17562	1
1179	7
1180	5
1181	3
1182	9
17566	1
1183	5
1184	6
1185	7
1186	2
1187	3
1188	9
1189	7
17574	1
1190	3
1191	2
1192	5
17577	1
1194	6
1195	3
1196	3
17580	1
1197	3
1198	6
17582	1
1199	8
1200	4
1201	3
1202	7
1203	3
1204	12
1205	5
1206	8
1207	4
1208	9
1209	3
1210	4
1211	2
1212	5
17596	1
1213	4
1214	2
1215	4
1216	4
1217	4
1218	7
1219	6
1220	3
1221	7
1222	4
1223	4
1224	4
1225	3
1226	4
1227	6
1228	3
1229	3
1230	8
1231	4
17615	1
1232	5
1233	6
1234	7
1235	7
1236	2
1237	2
1238	7
1239	6
1240	10
1241	8
1242	5
1243	5
1244	6
1245	7
1246	1
1247	4
1248	14
1249	5
1250	3
1251	6
1252	4
1253	8
1254	8
1255	4
1256	5
17640	1
1257	11
1258	6
1259	6
17643	1
1260	3
17644	1
1261	6
1262	4
1263	2
1264	7
1265	11
1266	4
1267	2
1268	8
1269	3
1270	4
1271	2
1272	5
1273	6
1274	3
1275	3
1276	5
1277	6
1278	8
1279	7
1280	4
1281	7
1282	3
1283	9
1284	6
1285	5
1286	4
1287	5
1288	4
1289	8
1290	5
1291	6
1292	3
1293	3
1294	3
1295	5
1296	5
1297	3
1298	8
1299	5
1300	3
1301	4
1302	4
1303	3
1304	8
1305	5
17689	1
1306	5
17690	1
1307	2
1308	9
17692	1
17693	1
1309	6
17694	1
1310	6
1311	5
17696	1
1312	3
1313	8
1314	4
1315	5
1316	4
1317	6
1318	3
1319	3
1320	4
1321	5
1322	8
1323	8
1324	8
17708	1
1325	6
1326	3
1327	4
1328	7
1329	3
1330	4
1331	2
1332	8
1333	4
1334	3
1335	2
1336	1
1337	1
1338	5
1339	7
1340	2
1341	4
1342	2
17726	1
1343	2
1344	7
1345	2
1346	10
1347	7
1348	8
1349	7
1351	3
1352	6
1353	4
1354	2
1355	4
1356	3
1357	6
1358	7
1359	4
17744	1
1360	7
1361	5
1362	2
1363	2
1364	2
1365	6
1366	7
1367	7
1368	8
1369	5
1370	4
1371	3
17755	1
1372	12
1373	4
1374	3
1375	5
1376	2
1377	7
1378	4
1379	3
1380	7
1381	7
1382	5
1383	5
1384	2
1385	9
1386	4
1387	4
1388	5
17773	1
1389	6
1390	6
1391	1
1392	4
1393	3
1394	2
1395	4
1396	6
17780	2
1397	6
1398	7
1399	2
1400	2
1401	3
17785	1
1402	1
1403	7
1404	3
1405	4
1406	4
17790	1
1407	6
1408	4
1409	3
1410	6
1411	4
1413	8
1414	9
1415	8
1416	6
1417	7
1418	6
1419	7
1420	4
17804	1
1421	4
1422	6
1423	6
1424	4
1425	6
1426	4
1427	8
1428	5
1429	3
1430	4
17814	1
1431	5
1432	7
1433	4
1434	3
1435	7
1436	6
17820	1
1437	8
1438	6
1439	8
1440	8
17824	1
1441	9
1442	2
1443	4
1444	4
1445	5
1446	7
1447	7
1448	5
1449	6
1450	6
1451	5
1452	2
1453	2
1454	8
1455	6
1456	2
1457	6
1458	7
1459	5
1460	8
1461	6
1462	4
1463	5
1464	7
1465	4
1466	1
1467	3
1468	3
1469	7
1470	1
1471	7
1472	2
1473	6
1474	3
1475	6
1476	4
1477	6
1478	3
1479	7
1480	3
1481	4
1482	6
1483	5
1484	7
1485	3
1486	5
1487	8
1488	6
1489	2
1490	4
1491	4
1492	5
1493	4
1494	7
17878	1
1495	5
1496	5
1497	5
1498	4
1499	7
17883	1
1500	7
1501	2
1502	5
1504	3
1505	6
1506	3
1507	3
1508	3
1509	5
1510	5
1511	3
1512	7
1513	3
1514	3
1515	3
1516	3
1517	2
1518	6
1519	3
1520	5
1521	6
1522	4
1523	6
1524	4
1525	4
1526	4
1527	4
1528	4
1529	8
1530	4
1531	1
1532	3
1533	5
1534	3
1535	4
1536	4
1537	10
1538	7
1539	9
1540	12
1541	5
1542	8
1543	4
1544	3
1545	6
17929	1
1546	3
1547	5
17931	1
1548	4
1549	3
1550	5
1551	9
1552	5
1553	8
1554	4
1555	5
1556	5
1557	9
17941	1
1558	1
1559	2
1560	3
1561	3
1562	6
1563	6
1564	3
1565	4
1566	11
1567	4
1568	3
1569	5
1570	7
1571	4
1572	7
1573	3
1574	8
1575	2
1576	4
1577	9
1578	7
1579	7
1580	5
1581	10
1582	2
1583	6
1584	2
1585	7
1586	3
1587	6
1588	3
1589	8
1590	8
1591	4
1592	5
1593	5
1594	2
1595	6
1596	5
1597	6
1598	1
1599	2
1600	2
1601	6
1602	6
1603	3
1604	8
1605	4
1606	5
1607	2
1608	4
1609	3
1610	6
1611	6
1612	5
1613	2
1614	3
1615	4
1616	7
1617	5
1618	7
1619	7
1620	3
1621	8
1622	3
1623	5
1624	6
1625	6
1626	3
1627	3
1628	8
1629	3
1630	6
1631	6
18015	1
1632	6
1633	4
1634	3
1635	3
1636	4
1637	5
1638	9
1639	5
1640	8
1641	7
1642	7
1643	1
1644	4
1645	2
1646	2
1647	9
1648	6
1649	8
1650	3
1651	9
1652	2
1653	6
1654	4
1655	7
1656	3
1657	6
1658	8
1659	3
1660	13
18044	1
1661	5
1662	4
1663	5
1664	6
1665	5
18049	1
1666	4
1667	3
1668	4
1669	3
1670	8
1671	5
1672	9
1673	9
1674	8
1675	5
1676	4
1677	7
1678	3
1679	2
1680	4
1681	2
1682	4
1683	3
1684	5
1685	9
1686	2
1687	4
1688	8
1689	5
1690	3
18074	1
1691	4
18075	1
1692	5
1693	5
1694	8
1695	5
1696	1
1697	7
1698	4
1699	5
1700	7
1701	6
1702	5
1703	3
1704	5
1705	11
1706	6
1707	9
1708	5
1709	6
1710	7
1711	5
1712	3
1713	5
1714	10
1715	4
1716	1
1717	4
1718	4
1719	10
1720	6
1721	9
1722	6
1723	3
1724	8
1725	3
1726	4
1727	7
1728	4
1729	7
1730	7
1731	5
1732	4
1733	5
1734	3
1735	5
1736	3
1737	7
1738	6
1739	2
1740	11
1741	8
1742	6
1743	8
18127	1
1744	6
1745	7
1746	7
1747	1
1748	8
1749	6
1750	3
1751	6
1752	9
1753	6
1754	5
1755	4
1756	10
1757	6
1758	5
1759	6
1760	3
1761	6
1762	4
1763	3
1764	8
1765	5
1766	2
1767	8
1768	6
1769	3
1770	8
1771	6
1772	4
1773	6
1774	6
18158	1
1775	5
1776	7
18160	1
1777	4
1778	1
1779	2
1780	4
1781	7
1782	4
1783	9
1784	5
1785	10
1786	7
1787	3
1788	6
1789	5
1790	4
1791	4
1792	3
1793	8
1794	5
18178	1
1795	8
1796	7
1797	7
1798	11
1799	2
1800	1
1801	7
1802	8
1803	6
1804	4
18188	1
1805	7
1806	5
1807	2
18192	1
1808	9
1809	4
1810	5
1811	4
1812	3
1813	6
1814	7
18198	1
1815	7
1816	3
1817	6
1818	3
1819	5
1820	4
18204	1
1821	8
1822	3
1823	6
1824	3
1825	8
1826	7
1827	5
1828	5
1829	2
1830	8
1831	5
1832	5
1833	5
1834	3
1835	5
1836	5
1837	3
1838	3
1840	5
1841	1
1842	4
1843	4
1844	8
1845	6
1846	3
1847	12
1848	2
1849	7
1850	10
1851	2
1852	4
1853	1
1854	5
1855	8
1856	5
1857	3
1858	12
1859	7
1860	6
1861	7
1862	4
1863	4
1864	13
1865	3
1866	6
1867	6
1868	7
1869	3
1870	2
1871	4
1872	6
1873	5
1874	4
1875	2
1876	2
1877	6
1878	4
1879	4
1880	4
1881	6
1882	4
1883	3
1884	6
1885	2
1886	4
18270	1
1887	5
1888	6
1889	9
1890	4
1891	6
1892	2
1893	2
1894	9
1895	3
1896	2
1897	1
1898	4
1899	5
1900	2
1901	3
1902	7
1903	7
1904	4
1905	5
1906	8
1907	3
1908	4
1909	5
1910	6
18294	1
1911	5
1912	5
18296	1
1913	6
1914	1
1915	4
1916	1
1917	5
1918	5
1919	2
1920	4
18304	1
1921	4
1922	4
1923	5
1924	8
1925	3
18309	1
1926	5
1927	5
1928	6
1929	7
18313	1
1930	4
1931	4
1932	3
1933	4
1934	4
1935	6
1936	2
1937	5
1938	8
1939	5
1940	3
1941	9
1942	1
1943	5
1944	6
1945	6
1946	5
1947	5
1948	6
1949	4
1950	3
1951	9
1952	11
1953	3
1954	5
1955	7
1956	3
1957	9
1958	2
1959	9
18343	1
1960	4
1961	3
1962	9
1963	7
1964	6
1965	6
1966	4
1967	6
1968	6
1969	3
1970	4
1971	6
1972	4
1973	3
1974	10
1975	7
1976	6
1977	7
1978	8
1979	3
1980	8
1982	7
1983	4
1984	3
1985	5
18370	1
1986	3
1987	5
1988	2
1989	5
1990	2
1991	4
18375	1
1992	3
1993	4
1994	4
18378	1
1995	8
1996	4
1997	10
1998	4
1999	5
2000	2
2001	6
2002	9
2003	6
2004	7
2005	6
2006	7
2007	3
2009	8
2010	8
2011	7
2012	8
2013	3
2014	4
2015	4
2016	11
2017	5
2018	4
2019	5
2020	6
2021	4
2022	7
2023	4
2024	6
2025	2
2026	3
2027	9
2028	9
2029	3
2030	8
2031	11
2032	7
2033	8
2034	9
2035	4
2036	4
2037	6
2038	7
2039	1
2040	6
2041	5
2042	5
2043	6
2044	5
2045	5
2046	7
2047	4
2048	10
18432	1
2049	6
2050	6
2051	2
2052	4
2053	2
2054	5
2055	3
2056	8
2057	4
2058	9
2059	5
2060	4
2061	6
2062	5
2063	3
2064	2
2065	4
2066	6
2067	4
2068	6
2069	1
2070	6
2071	2
2072	7
2073	4
2074	3
2075	6
2076	4
2077	3
2078	3
2079	3
2080	5
2081	5
2082	4
2084	10
2085	9
2086	6
2087	8
2088	6
2089	6
2090	6
2091	7
2092	6
2093	7
2094	5
2095	5
2096	1
18480	1
2097	5
2098	2
2099	2
2100	7
2101	3
18485	1
2102	2
2103	3
2104	5
2105	7
2106	4
2107	3
2108	7
2109	5
2110	1
2111	4
2112	4
2113	3
2114	7
2115	5
2116	4
2117	8
2118	7
2119	2
2120	3
2121	6
2122	12
2123	4
2124	4
2125	3
2126	5
2127	10
2128	2
2129	4
2130	2
2131	3
2132	4
2133	10
2134	5
2135	9
2136	4
2137	4
18521	1
2138	3
2139	9
2140	3
2141	4
2142	1
18526	1
2143	5
2144	3
2145	4
2146	5
2147	7
2148	1
2149	4
2150	8
2151	6
18535	1
2152	5
2153	4
2154	5
2155	2
18540	1
2156	5
2157	5
2158	1
2159	6
2160	6
2161	8
2162	6
2163	3
2164	4
2165	9
2166	4
2167	3
2168	2
2169	6
2170	9
2171	3
2172	4
2173	7
2174	5
2175	6
2176	3
2177	3
2178	3
2179	4
2180	8
2181	4
2182	11
2183	2
2184	9
2185	5
2186	5
2187	5
2188	3
2189	3
2191	3
2193	6
2194	7
2195	8
2196	4
2197	3
2198	4
2199	6
2200	6
2201	5
2202	9
2203	6
2204	3
2205	3
2206	4
2207	2
18591	1
2208	4
2209	6
2210	5
2211	4
2212	1
2213	5
2214	5
2215	6
2216	3
2217	2
2218	4
18602	1
2219	8
2220	3
2221	4
2222	1
2223	8
2224	7
2225	3
2226	6
2227	4
2228	1
2229	5
2230	6
2231	1
2232	3
2233	6
2234	7
2235	9
2236	4
2237	2
2238	3
2239	5
2240	5
2241	7
2242	4
2243	5
2244	5
2245	4
2246	5
2247	1
2248	5
2249	5
2250	5
2251	2
2252	5
2253	3
2254	5
2255	6
18640	1
2256	3
2257	8
2258	2
2259	6
2260	5
2261	6
2262	3
2263	7
2264	5
2265	6
2266	6
2267	4
2268	5
18652	1
2269	8
2270	2
2271	7
2272	5
2273	10
2275	5
2276	1
2277	3
2278	4
2279	6
2280	9
2281	5
2282	5
2283	7
2284	2
2285	3
2286	4
2287	5
2288	5
2289	5
2290	5
2291	4
2292	5
2293	6
18677	1
2294	6
2295	2
2296	8
2297	7
2298	4
2299	3
2300	5
2301	8
2302	8
2303	3
2304	7
2305	5
2306	4
2307	2
2308	2
2309	3
2310	5
2311	1
2312	3
2313	6
2314	9
2315	6
18699	1
2316	2
2317	3
2318	5
2319	3
2320	5
2321	2
2322	1
2323	2
2324	5
2325	5
2326	6
2327	6
2328	5
2329	2
2330	5
2331	7
2332	6
2333	2
2334	3
2335	3
2336	6
2337	6
2338	6
2339	3
2340	3
2341	2
2342	5
2343	3
18727	1
2344	4
2345	9
2346	6
2347	8
2348	4
2349	6
2350	3
2351	5
2352	3
2353	3
2354	4
2355	6
2356	8
2357	8
2359	2
2360	4
2361	10
2362	9
2363	4
2364	5
2365	4
2366	2
18750	1
2367	6
2368	6
2369	3
2370	6
2371	2
2372	6
2373	4
2374	2
2375	12
2376	1
2377	2
2378	8
2379	1
2380	4
2382	3
2383	4
2384	6
2385	6
2386	6
2387	3
2388	6
2389	1
2390	7
2391	2
2392	8
2393	2
2394	3
2395	2
2396	3
2397	6
2398	6
18782	1
2399	3
2400	5
2401	6
2402	2
2403	7
2404	3
2405	2
2406	7
2407	5
2408	3
2409	7
2410	5
2411	3
2412	8
2413	3
2414	4
18798	1
2415	7
2416	7
2417	3
2418	6
2419	7
2420	7
2421	4
2422	5
2423	1
2424	4
2425	2
2426	8
2427	5
2428	4
2429	4
2430	8
2431	3
2432	4
2433	3
2434	4
2435	7
2436	5
2437	3
2438	2
2439	5
2440	1
2441	6
2442	4
2443	4
2444	4
2445	4
2446	6
2447	5
18831	1
2448	3
2449	5
2450	2
2451	1
2452	4
2453	6
2454	5
2455	4
2456	3
2457	3
2458	7
2459	5
2460	7
2461	8
2462	4
2463	5
2464	4
2465	7
2466	4
2467	7
2468	3
18853	1
2469	5
2470	7
2471	3
2472	7
2473	3
2474	4
2475	4
2476	3
2477	5
2478	5
2479	6
2480	8
2481	4
2482	4
2483	8
2484	3
2485	5
2486	3
2487	7
2488	5
2489	5
2490	4
2491	1
2492	3
2493	2
2494	4
2495	6
2496	4
2497	5
2498	3
2499	4
2500	5
2501	4
2502	4
2503	3
2504	4
2505	2
2506	4
2507	2
2508	3
2509	2
2510	5
2511	3
2512	3
2513	8
2515	6
2516	6
2517	3
2518	4
2519	6
2520	2
2521	3
2522	5
2523	5
2524	5
2525	4
2526	6
2527	3
2528	3
2529	4
2530	5
2531	5
2532	6
2533	7
2534	5
2535	4
2536	13
2537	6
2538	4
2539	5
2540	1
2541	5
2542	5
2543	4
2545	2
2546	2
2547	5
2548	9
2549	3
2550	6
2551	4
2552	4
2553	7
2554	3
2555	1
2556	5
2557	4
2558	2
2559	4
2560	7
2561	4
2562	4
2563	5
2564	8
2565	7
2566	3
2567	3
2568	6
2569	3
2570	4
2571	5
2572	5
2573	3
18958	1
2574	4
2575	7
2576	5
2577	2
2578	5
2579	5
2580	4
2581	1
2582	4
2583	2
2584	7
2585	3
2586	3
2587	2
2588	4
2589	4
2590	2
2591	4
2592	5
2593	6
2594	3
2595	3
2596	3
2597	4
2598	7
2599	2
2600	7
18986	1
2602	1
2603	4
2604	7
2605	3
2606	3
2607	6
2608	6
2609	5
18993	1
2610	5
2611	6
2612	3
2613	5
2614	6
2615	1
2616	1
2617	7
2618	5
2619	7
2620	7
2621	1
2622	7
2623	2
2624	4
2625	1
2626	5
2627	6
2628	5
19012	1
2629	5
2630	4
2631	3
2632	4
2633	5
2634	4
19018	1
2635	4
2636	8
2637	6
2638	3
2639	2
2640	4
19024	1
2641	6
2642	4
2643	2
2644	5
2645	2
2646	6
2647	1
2648	1
2649	5
2650	4
2651	3
2652	6
2653	5
2654	5
2655	2
2656	3
2657	1
2658	6
2659	4
2660	5
2661	4
2662	3
2663	7
2664	5
2665	3
2666	4
2667	5
2668	8
2669	5
2670	6
2671	4
2672	4
2673	5
2674	3
2675	3
2676	7
2677	4
2678	1
2679	10
2680	4
2681	8
2682	4
2683	2
2684	2
2685	2
2686	6
2687	5
2688	7
2689	5
2690	5
19074	1
2691	3
2692	5
2693	7
2694	2
2695	5
2696	8
2697	8
2698	6
2699	3
2700	5
19084	1
2701	1
2702	7
2703	3
2704	5
2705	7
2706	8
2707	5
2708	2
2709	3
2710	4
2711	5
2712	1
2713	4
2714	4
2715	6
2716	2
2717	5
2718	5
2719	6
2720	5
2721	6
2722	7
2723	6
2724	5
2725	5
2726	5
2727	5
2728	3
2729	3
2730	3
2732	7
2733	4
2734	5
2735	3
2736	2
2737	1
2738	2
2739	6
2740	7
2741	4
2742	5
2743	3
2744	3
2745	2
2746	3
2747	4
2748	3
2749	6
2750	8
2751	4
2752	5
2753	7
2754	2
2755	7
2756	4
19140	1
2757	7
2758	2
2759	7
2760	1
2761	7
2762	2
2763	2
2764	5
2765	2
2766	3
2767	3
2768	2
2769	3
2773	4
2774	4
2775	4
2776	3
2777	3
2778	4
2779	2
2780	6
2781	5
2783	4
2784	2
2785	4
2786	7
2787	4
2788	4
2789	4
2790	2
2791	3
2792	2
2793	1
2794	2
2795	7
2796	1
2797	2
2798	7
2799	7
2800	6
2801	3
2802	2
2803	7
2804	3
2805	4
2806	2
2807	2
2808	1
2810	7
2811	3
2812	6
2813	3
2814	2
2815	4
2816	6
2817	4
2818	3
2819	4
2820	2
2821	6
2822	4
2823	5
2824	5
2825	1
2826	5
2827	1
2828	6
2829	1
19214	1
2830	2
2831	5
2832	8
2833	5
2834	2
2835	3
2836	1
2837	4
2838	5
2839	5
2840	3
2841	6
2842	3
2843	1
2844	4
2845	4
2846	2
2847	5
2848	5
2849	1
2850	2
2851	5
2852	3
2853	1
2854	2
2855	3
2856	8
2857	4
2858	1
2859	2
2860	7
2861	4
2862	6
2863	3
2864	7
2865	7
2866	1
2867	2
2868	6
2869	5
2870	5
2871	5
2872	4
2873	4
2874	1
2875	8
2876	5
2877	4
2878	6
2879	1
2880	4
2881	6
19265	1
2882	4
2883	4
2884	4
2885	1
2886	5
2887	8
2888	3
2889	3
2890	4
2891	5
2892	6
2893	2
2894	3
2895	4
2896	5
2897	4
2898	2
2899	5
2900	2
2901	2
2902	5
2903	2
2904	8
2906	1
2907	4
2908	5
2909	4
2910	3
2911	3
2912	5
2913	4
19297	1
2914	3
2915	3
2916	7
2917	6
2918	2
2919	4
2920	10
2921	7
2922	6
2923	5
2924	3
2925	5
2926	4
2927	2
2928	3
2929	4
2930	4
19314	1
2931	2
2932	8
2933	3
2934	7
2935	3
2936	6
2937	2
2938	6
2939	4
2940	8
2941	3
19325	1
2942	4
2943	6
2944	6
2945	1
2946	3
2947	3
2948	4
2949	7
2950	6
2951	3
2952	2
2953	3
2954	4
2955	4
2956	2
2957	1
2958	6
2959	4
2960	9
2961	1
2962	4
2963	2
2964	5
2965	6
2966	1
2967	5
2968	6
2969	8
2970	2
2971	3
2972	2
2973	4
2974	5
2975	4
2976	3
2977	5
2978	5
2979	5
2980	5
2981	3
2982	4
2983	4
2984	2
2985	6
2986	6
2987	6
2988	5
2989	5
2990	3
2991	1
2992	2
2993	4
2994	5
2995	2
2996	5
2997	2
2998	4
2999	6
3000	3
3001	5
3002	2
3003	4
3004	5
3005	4
3006	1
3007	6
3008	4
3009	5
3010	2
3011	5
3012	3
3013	5
3014	1
3015	6
3016	7
3017	1
3018	3
3019	4
3020	5
3021	4
3022	9
19406	1
3023	2
3024	7
3025	7
3026	5
3027	5
3028	3
3029	3
3030	2
3031	4
3032	3
3033	2
3034	2
3035	3
3036	5
3037	3
3038	2
3040	6
3042	5
3044	2
3045	6
3046	3
3047	3
3048	5
3049	5
3050	3
3051	6
3052	3
3053	1
3054	8
3055	7
3056	6
3057	3
3058	4
3059	5
3060	2
3061	4
3062	3
3063	2
3064	4
3065	4
3066	7
3067	3
3068	5
3069	3
3070	3
3071	3
3072	6
3073	2
3074	5
3075	4
3076	5
3077	8
3078	3
3079	2
3080	4
3081	2
3082	4
3083	2
3084	4
3085	3
3086	4
3087	2
3088	6
3089	3
3090	3
3091	5
3092	2
19476	1
3093	2
3094	4
3095	1
3096	3
3097	4
3098	3
3099	7
3100	2
3101	3
3102	4
3104	8
3105	6
3106	1
3107	3
3108	3
3109	5
3110	2
3111	3
3112	5
3113	2
3114	4
3115	3
3116	5
3117	4
3118	2
3120	4
3121	4
3122	6
3123	5
3124	3
3125	4
3126	5
3127	8
3128	3
3129	4
3130	3
3131	4
3132	8
3133	2
3134	5
3135	5
3136	3
3137	1
3138	8
3139	6
3140	2
3141	5
3142	3
3143	2
3144	6
3145	6
3146	5
3147	2
3148	4
3149	6
3150	4
3151	3
3152	6
3153	4
3154	3
3155	2
3156	7
3157	1
3158	3
3159	6
3160	3
3161	6
3162	6
3163	6
3164	6
3165	4
3166	2
3167	5
3168	5
3169	4
3170	4
19554	1
3171	7
3172	3
3173	5
3174	4
3175	2
3176	4
3177	2
3178	1
3179	8
3180	1
3181	5
3182	1
3183	3
3184	2
3185	2
3186	4
3187	3
3188	5
3189	1
3190	2
3191	5
3192	1
3193	4
3194	4
3195	5
3196	4
3197	2
3198	5
3199	1
3200	7
3201	5
3202	5
3203	5
3204	3
3205	3
3206	1
3207	4
3208	3
3209	2
3210	4
3211	3
3212	4
3213	4
3214	2
3215	3
3216	2
3217	4
3218	8
3219	4
3220	2
3221	4
3222	5
3223	3
3224	3
3225	3
3226	5
3227	2
3228	3
3229	4
3230	5
19614	1
3231	4
3232	2
3233	8
3234	5
3235	2
3236	6
3237	1
3238	3
3239	4
3240	4
3241	6
3242	4
3243	1
3244	4
3245	4
3246	3
3247	4
3248	4
3249	2
3250	5
3252	3
3253	4
3254	1
3255	3
3256	4
3257	4
3258	3
3259	4
3260	1
3261	3
3262	2
3263	7
3264	3
3265	6
3266	3
3267	4
3268	6
3269	4
3270	5
3271	9
3272	8
3273	4
3274	3
3275	1
3276	7
3277	3
3278	6
3279	1
3280	4
3281	5
3282	1
3283	1
3284	1
3285	8
3286	4
3287	6
3288	5
3289	5
3290	3
3291	3
3292	5
3293	4
3294	4
3295	8
3296	4
3297	1
3298	4
3299	3
3300	1
3301	4
3302	3
3303	2
3305	1
3306	6
3307	3
3308	3
3309	6
3310	5
3311	1
3312	3
3314	5
3315	4
3316	2
3317	2
3318	5
3319	5
3320	6
3321	4
3322	5
3323	1
3324	5
3325	5
3326	3
3327	2
3328	1
3329	5
3330	3
3331	2
3332	2
3333	3
3334	9
19718	1
3335	3
3336	4
3337	4
19721	1
3338	6
19722	1
3339	5
3340	4
3341	5
3342	4
3343	5
3344	6
3345	2
3346	4
3348	1
3349	2
3350	3
3351	2
3352	1
3353	2
3354	4
3355	3
3356	1
3357	4
3358	6
3359	3
3360	7
3361	3
3362	1
3363	3
3364	3
19748	1
3365	1
3366	4
19750	1
3367	4
3368	4
3369	1
3370	2
3371	5
3372	4
3373	4
3374	4
3375	5
3376	4
3377	7
3378	5
3379	5
19763	1
3380	7
3381	3
3382	5
3383	4
3385	4
3386	4
3387	1
3388	4
3389	2
3390	5
3391	2
3392	5
3393	5
3394	3
3395	5
3396	2
3397	1
3398	6
3399	4
3400	3
3402	4
3403	5
3404	3
19788	1
3405	5
3406	6
3408	6
3409	4
3410	3
19794	1
3411	3
3412	1
3413	8
3414	4
3415	4
3416	2
3417	4
3419	3
3420	1
3421	1
3422	2
3423	4
3424	2
3425	3
3426	2
3427	4
3428	3
3429	2
3430	5
3431	4
3432	3
3433	3
3434	2
3435	3
3436	7
3437	3
3438	5
3439	6
3440	4
3441	5
3442	5
3443	3
19827	1
3444	2
3445	4
3446	4
3447	5
3448	4
3449	3
3450	1
3452	4
3453	3
3454	4
3455	2
3456	3
3458	6
3459	2
3460	4
3461	3
3463	5
3464	1
3465	4
3466	2
19850	1
3467	6
3468	2
3469	2
3470	3
3471	3
3472	6
3473	2
3474	7
3475	4
3476	1
3477	9
3478	5
3479	4
3480	2
3481	3
3482	4
3483	6
3484	5
3485	4
3486	5
3487	2
3489	2
3490	6
3491	4
3493	3
3495	5
3496	4
3497	7
3498	4
3499	2
3500	3
3501	3
3502	4
3503	2
3504	5
3505	2
3507	2
3508	1
3509	4
3510	2
3511	11
3512	5
3513	3
3514	5
3515	1
3516	2
3517	3
3518	4
3519	3
3521	7
3522	1
3524	5
3525	8
19909	1
3526	3
3527	3
3528	1
3529	4
3530	2
3531	3
3532	1
3533	7
3534	5
3535	3
3536	3
3537	6
3539	1
3541	6
3542	4
3544	5
3545	3
3546	4
3547	2
3548	3
3549	2
3550	3
3551	5
3552	1
3553	2
3554	5
3555	3
3556	5
3557	2
3558	1
3559	2
3560	2
3561	4
3562	4
3563	4
3564	1
3565	1
3566	6
3567	10
3568	4
19952	1
3569	3
3570	3
19954	1
3571	4
3572	1
3573	3
3574	6
3575	5
3576	5
3577	5
3578	1
3579	1
3580	6
3581	2
3582	4
3583	5
3584	4
3585	4
3587	2
3588	4
3589	3
3590	6
3591	1
3592	3
3593	5
3595	4
3596	3
3597	4
19981	1
3598	4
3599	4
19983	1
3600	4
3601	1
3603	4
3604	2
3605	3
3606	1
3607	2
3608	5
19993	1
3609	4
3610	4
3611	5
3612	6
3613	4
3614	4
3615	2
3618	3
3619	3
3620	2
3621	2
3622	2
3623	2
3624	4
3625	5
3626	4
3627	2
3628	6
3629	5
3630	5
3632	3
3633	2
20017	1
3634	4
3635	1
3636	2
20020	1
3637	3
3638	1
3639	3
3640	4
3641	3
3642	2
20026	1
3644	4
3645	2
3646	3
3648	1
3649	1
3650	2
3651	3
3652	4
3653	6
3654	2
3655	7
3656	4
3657	1
3658	7
3659	4
3660	5
3661	3
3664	2
3665	5
3666	2
3667	1
3668	4
3669	5
3670	4
3671	2
3672	2
3673	1
3674	4
3675	2
3676	2
20060	1
3677	2
3678	3
3679	1
20064	1
3681	2
3682	1
3683	4
3684	4
3685	1
3686	4
3687	3
3688	2
3689	1
3690	4
3691	4
3692	3
3693	1
3694	2
3695	3
3697	5
3698	2
20083	1
3700	2
3701	1
3702	3
3703	4
3704	4
3705	3
3706	6
3707	3
3708	4
3709	2
3710	4
3711	5
3712	8
3713	4
3714	3
3715	2
3716	2
3717	3
3718	1
3719	4
3720	2
3721	2
3722	3
3724	2
3725	2
3726	5
3727	4
3728	3
3729	7
3730	1
3731	2
3733	2
3734	3
3735	4
3736	3
3737	4
3738	2
3739	2
3740	1
3742	4
3743	1
3744	1
3745	1
3746	1
3747	2
3748	4
3749	3
3750	4
3751	3
3752	3
3753	3
3754	3
3755	3
3756	2
3757	4
3758	5
3759	3
3760	1
3761	4
3762	1
3763	3
3764	6
3765	3
3766	3
3768	3
3769	4
3770	2
3771	5
3772	2
3773	3
3774	5
3775	2
3776	5
3777	6
3778	2
3779	2
3780	3
3781	4
3782	1
3783	4
3784	4
3785	3
3786	1
3787	2
3788	3
3789	4
3790	1
3791	2
3792	3
3793	1
3794	6
3795	1
3796	2
3797	5
3799	5
3800	6
3801	4
3802	5
3803	5
3804	1
3805	1
3806	5
3807	3
3808	4
3809	1
3810	3
3811	2
3812	4
3813	6
3814	4
3815	4
3816	3
3817	4
3818	2
3819	4
3820	2
3821	6
3822	3
3823	1
3824	1
3825	2
3826	3
3827	3
3828	4
3829	8
3830	1
3831	7
3832	2
3833	2
3834	2
3835	4
3837	6
3839	3
3840	2
3841	2
3842	7
3843	2
3844	3
3845	2
3846	1
3847	7
3848	4
3849	1
3850	3
3851	2
3852	2
3853	5
3855	4
3856	4
3857	2
3858	1
3859	2
3860	4
3861	2
3862	3
3863	1
3864	4
3865	6
3866	1
3867	1
3868	5
3869	5
3870	4
3871	2
3872	3
3873	2
3874	8
3875	3
3876	7
3877	1
3878	3
3879	2
3880	1
3881	2
3882	1
3883	6
3884	3
3885	2
3886	4
3887	5
3888	2
3889	1
3890	5
3891	7
3892	2
3893	2
3894	4
3895	3
3896	2
3897	5
3898	1
3899	1
3900	1
20284	1
3901	3
3902	1
3903	6
3904	3
20288	1
3905	5
3906	4
3907	2
3908	1
3909	3
3910	7
3911	5
3912	3
3913	1
3914	2
3915	2
3917	2
3918	6
3919	3
3920	3
3921	1
3922	5
3923	5
3924	3
3925	3
20309	1
3927	3
3928	3
3929	2
3930	3
3931	6
3932	2
3933	4
3934	2
3935	2
3936	2
3937	3
3939	2
3940	3
3941	2
3943	2
3944	2
3945	2
3946	1
20331	1
3947	3
3948	1
3949	3
3950	1
3951	2
3952	6
3953	2
3954	1
3955	3
3956	2
3959	4
3960	2
3961	2
3962	3
3963	3
3964	2
3965	4
3966	3
3967	4
3968	7
3969	3
3970	2
3971	4
3972	6
3973	3
3974	2
3975	2
3977	3
3978	2
3979	3
3980	2
3981	5
3982	4
3983	3
3986	5
3987	4
3988	2
3989	2
3990	3
3991	3
3992	1
3993	1
3994	4
3995	3
3996	6
20381	1
3998	2
3999	2
4000	1
4001	7
4002	2
4003	4
4004	3
4005	1
4006	3
4007	2
4008	4
4009	1
4010	2
4011	3
4012	2
4013	1
4014	5
4015	3
20399	1
4016	2
4017	3
4018	5
4019	5
4020	2
4021	3
4022	4
4023	3
4024	6
4025	7
4026	1
4028	3
20413	1
4029	2
4030	2
4031	2
4032	1
4033	4
4034	6
4035	2
4036	1
4037	5
4039	2
4040	2
4041	2
4042	2
4046	2
4047	4
4048	1
4049	3
4050	3
4051	4
4052	1
4053	5
4054	2
4055	2
4056	3
20440	1
4057	3
4058	1
4060	4
4061	2
4063	3
4064	4
4065	1
4066	2
4067	4
20452	1
4068	7
4069	2
4070	3
4071	4
4072	3
4073	2
4074	2
4075	1
4076	3
4078	2
4079	5
4080	3
4081	5
4082	3
4083	5
4084	2
4085	1
4086	3
4088	1
4089	6
4091	2
4092	4
4093	5
4094	3
4095	2
4096	2
4097	1
4098	1
4099	2
4100	1
4101	1
4102	3
4103	2
4104	3
4105	3
4106	2
4107	4
4108	4
4109	2
4110	6
4111	1
4112	4
4113	4
4114	2
4115	7
4116	3
4117	2
4118	1
4119	2
4120	6
4121	3
4122	4
4123	2
4125	4
4126	2
4127	5
4128	2
4129	7
4130	3
4131	5
4133	2
4134	2
4135	4
4136	3
4138	4
4139	1
4140	2
4141	3
4142	4
4143	1
20528	2
4145	1
4146	4
20530	1
20531	1
4147	1
4148	3
4149	2
4150	1
4151	1
4152	3
4154	2
4155	3
4156	1
20540	1
4157	3
20541	1
4158	1
4159	3
4160	3
4161	3
4162	2
4164	1
4165	1
4166	2
4167	2
4168	4
4169	4
4170	4
4171	2
4172	1
4174	3
4175	6
4176	1
4177	6
4178	2
4180	4
4181	3
4182	3
4183	4
4184	3
4185	3
20569	1
4186	3
4188	2
4189	4
4190	3
4191	2
4193	2
4194	1
4195	3
20579	1
4196	5
20580	1
4197	3
4198	4
4199	4
4200	4
4201	1
4202	4
4203	2
4204	1
4205	4
4206	1
4207	1
4208	2
4209	2
4210	1
4211	2
4212	6
4213	2
4214	2
4215	4
4216	2
4217	3
4218	4
4219	6
4220	5
4221	3
4222	3
4223	4
4224	1
4225	5
4226	1
4227	3
4228	2
4229	6
4230	4
4231	2
4232	1
4233	4
4234	5
20618	1
4235	2
4236	4
4237	1
4238	2
4239	1
4240	2
4241	4
4242	1
4243	4
4244	1
4245	2
4246	7
4247	3
4248	2
4249	4
4250	3
4251	4
4252	2
4253	4
4254	4
4255	3
4256	3
4257	1
20641	1
4258	3
4259	2
4260	2
4261	2
4262	3
4263	4
4264	4
4265	2
4266	3
4267	2
4268	2
4270	4
4271	3
4272	3
4273	2
4274	2
4275	3
4277	2
4278	1
4279	3
4280	1
4281	2
4282	5
20666	1
4283	5
4284	3
4285	4
4286	2
4287	1
20672	1
4288	3
4289	2
4290	3
4291	1
4292	3
4293	1
4294	5
4295	1
4296	2
4297	3
4298	2
4299	3
4300	1
4301	2
4303	3
4304	2
4305	3
4306	4
4307	2
4308	4
4309	1
20693	1
4311	2
4312	2
4313	8
4314	3
4315	5
4316	5
4317	2
4318	4
4319	4
4320	2
20705	1
4321	3
4322	2
4323	1
4324	1
4325	2
4326	1
4327	1
4328	3
4329	1
4330	2
4331	5
4332	4
4333	1
4334	2
4336	4
4337	2
4338	1
4339	2
4340	1
4341	1
4342	3
4343	3
4344	1
4345	2
4346	2
4347	3
4348	3
4349	1
4350	2
4351	1
4352	2
4353	1
4354	3
4355	2
4356	3
4357	6
4358	4
4359	2
4361	3
4362	4
4363	2
4364	2
4365	1
20749	1
4366	2
4367	2
4368	2
4369	2
4370	2
4372	5
4373	4
4374	2
4375	5
4376	1
4377	3
4378	1
4379	4
4380	2
4381	2
4382	2
4384	7
4385	3
4386	1
20770	1
4387	2
4388	1
4389	2
4390	1
4391	4
4392	4
4393	2
4394	1
4395	3
4396	3
4398	8
4399	1
4400	2
4401	3
20786	1
4403	4
4404	1
4405	3
4408	3
4409	2
4410	1
4411	3
4412	1
4413	1
4414	7
4415	2
4416	3
4417	1
4418	2
4419	2
4421	3
4422	3
4423	2
4424	1
4425	3
4427	2
4428	2
4429	7
4430	2
4431	2
4432	2
4433	3
4434	4
4435	4
4436	4
4437	5
4438	2
4440	3
4441	1
4442	4
4443	3
4444	3
4445	3
4446	2
4447	4
4448	2
4449	2
4450	2
20834	1
4451	1
4452	4
4453	2
4454	3
4455	4
4456	2
4457	2
4458	2
4459	4
4460	1
4462	3
4463	4
4464	4
4465	4
4466	4
4467	2
4468	1
4469	2
4471	1
4474	2
4475	1
4476	1
4477	3
4478	2
4479	3
4480	4
4481	5
4482	2
4483	4
4485	2
4486	3
4487	1
4488	4
4489	2
4491	1
4492	1
4494	2
4495	2
4496	1
4497	3
4499	3
4500	1
4501	2
4502	4
4503	4
4504	2
4505	4
4506	1
4507	3
4508	3
4510	2
4511	4
4512	1
4513	3
4514	1
4515	5
4516	1
4517	4
4518	2
4519	2
4520	5
4521	4
4523	5
4524	2
4525	5
4526	1
4527	2
4529	3
4530	3
4531	4
4533	4
4534	1
4535	3
4536	6
4537	2
4538	8
4539	1
4540	1
4541	5
4542	2
4543	1
4544	3
4545	4
4546	2
4547	2
4548	2
4549	1
4550	5
4552	1
4553	1
4554	2
4556	4
4558	4
4559	2
4560	4
4561	1
4562	2
4563	4
4564	3
4565	5
4566	1
4567	4
4568	3
4569	3
4570	5
4571	2
4572	1
4573	3
4575	4
20959	1
4576	2
4577	2
4578	3
4579	3
4581	2
4582	3
4583	3
4584	3
4585	1
4586	3
20970	1
4587	1
4588	1
4589	4
4590	3
4591	2
4592	2
4593	5
4594	3
4595	2
4596	2
4597	3
4598	1
4599	5
4600	2
4601	2
4603	4
4604	3
4605	3
4609	4
4610	2
4611	1
4612	1
4613	2
4614	1
4615	5
4616	3
21000	1
4617	3
4618	4
4621	1
4622	2
4623	2
4624	3
4625	3
4626	3
4627	1
4628	6
4629	1
4631	1
4632	7
4633	2
4634	2
4635	1
4636	3
4637	1
4638	3
4639	1
4640	4
4641	3
4642	2
4643	1
4644	1
4645	3
4646	5
4647	2
4648	2
4650	3
4652	2
4653	1
4654	3
4655	1
4657	4
4658	1
4659	1
4660	2
4661	1
4663	2
4664	4
4665	6
4666	3
4667	4
4668	1
4669	1
4671	2
4672	4
4673	2
4674	4
4675	1
4676	4
4677	2
4678	1
4679	5
4680	2
4681	3
4682	4
4683	2
4684	2
4685	3
4686	4
4687	3
4688	4
4689	2
4690	4
4691	3
4692	4
4693	2
4694	1
4695	7
4697	1
4698	1
4699	3
4700	2
4701	3
4702	2
4703	2
4704	2
4705	4
4706	2
4707	2
4708	2
4709	2
4710	1
4712	2
4715	2
4716	3
4717	2
4718	2
4719	1
4720	2
4721	7
4723	1
4724	2
4725	2
4728	2
4730	2
4731	4
4732	7
4733	4
4735	3
4736	2
4737	4
4738	1
4739	2
4740	1
4741	1
4742	4
4743	3
4744	3
4745	3
4746	2
4747	2
4748	5
4749	1
4750	4
4751	2
4752	3
4753	3
4756	2
4757	4
4759	2
4760	4
4761	2
4763	3
4764	3
4765	2
4766	4
4767	1
4768	1
4769	1
4770	3
4771	2
4772	1
4773	7
4774	5
4775	3
4776	2
4777	2
4779	2
4780	2
4781	5
4782	2
4783	1
4784	1
4786	2
4787	2
4788	1
4789	3
4790	2
4791	7
4793	3
4794	1
4795	3
4796	3
4797	2
4798	4
4799	1
21183	1
4800	3
4801	1
4802	2
4803	4
4804	3
4805	6
4806	4
4807	4
4808	3
4809	1
21193	1
4811	4
4812	3
4813	3
4814	3
4815	2
4816	1
21201	1
4817	2
4818	5
4819	3
4820	4
4821	1
4822	2
4823	2
21207	1
4824	1
4825	4
4826	1
4827	1
4828	3
4829	2
4830	1
4831	1
4832	1
4833	4
4834	2
4835	1
4836	3
4837	1
4838	1
4839	3
21224	1
4840	2
4842	2
4843	2
4844	1
4845	1
4846	2
4847	1
4848	3
4849	2
4850	4
4851	2
4852	2
4853	1
4855	3
21239	1
4856	2
4858	4
4859	1
4861	2
4862	2
4863	1
4864	2
4865	1
4866	2
4867	2
4868	3
21252	1
4870	1
4871	1
4872	2
4873	6
4874	1
4875	2
21259	1
4877	1
4878	2
4879	4
4880	3
4881	3
4882	3
4883	2
4884	1
4885	5
4886	2
4887	1
4888	3
4889	1
4890	4
4891	2
4892	2
4893	5
4894	1
4895	1
4896	1
4897	2
4898	1
4899	2
4900	1
4901	1
4902	3
4903	3
4904	2
4905	3
4906	2
4907	3
4909	3
4910	4
4911	3
4912	2
4913	4
4914	2
4915	1
4916	3
4917	4
4918	3
4920	2
4922	2
4923	2
4924	1
4925	2
4926	1
4927	3
4928	2
4929	1
4930	4
4931	3
4932	4
4934	1
4935	2
4936	2
4937	4
4938	3
4939	2
4940	1
4941	1
4942	2
4943	1
4944	2
4945	1
4946	3
4948	3
4949	1
21334	1
4950	1
4951	2
4952	2
4953	4
4954	3
4955	4
4956	1
4958	3
4959	2
4960	2
4962	3
4963	1
4964	5
4965	2
4966	6
4967	3
4968	2
4970	2
4971	2
4972	2
4973	1
4974	1
4975	3
4976	2
4978	1
4979	1
4980	3
4981	2
4982	1
4983	2
4984	4
4985	5
4986	3
4987	1
4988	5
4989	5
4990	1
4991	3
4992	2
4993	1
4994	1
4995	1
4996	4
4997	2
4998	2
4999	2
5000	1
5002	1
5003	1
5004	1
5006	4
5007	1
5008	3
21392	1
5009	3
5010	1
5011	3
5012	2
5014	4
5015	1
5016	2
5017	2
5018	1
21402	1
5019	5
5020	5
5021	2
5022	2
5024	2
5026	3
5027	2
5028	1
5029	2
5031	3
5032	2
5034	1
5035	1
5036	2
5037	1
5038	4
5039	3
5040	5
5041	2
5043	2
5044	4
5045	4
21429	1
5046	2
5047	4
5048	1
5049	2
5050	2
5051	2
5054	1
5055	3
5056	2
5059	2
5061	2
5062	2
5063	4
5064	1
5065	3
5066	1
5068	1
21452	1
5069	6
5070	1
5071	1
5074	3
5075	2
5076	2
5077	3
5078	4
5079	1
5081	5
5082	2
5083	3
5084	3
5085	2
5086	2
5087	5
5088	1
5089	2
5091	3
5093	3
5094	3
5095	3
5097	3
5098	2
5099	1
5100	1
5101	1
5102	1
5103	3
5104	2
5105	3
5106	2
5108	2
5110	3
5111	2
5112	1
5113	2
5114	3
5115	3
21499	1
5116	3
5118	5
5120	1
5121	2
5122	2
5123	2
5124	1
5125	4
5126	1
5127	2
5128	3
5129	2
5130	2
5131	2
5132	2
5133	1
5135	2
5136	2
5137	2
5138	1
5139	1
5140	1
5141	3
5142	5
5143	3
5144	3
5145	3
5147	2
5149	2
5150	3
5151	1
5152	2
5153	2
5154	2
5155	2
5157	4
5158	3
5159	2
5160	3
5161	2
5162	1
5163	3
5164	2
5167	1
5168	3
5169	1
5170	2
5171	2
5173	3
5174	1
5175	1
5176	1
5178	1
5179	1
5180	3
5181	2
5182	2
21566	1
5183	1
5184	2
5185	1
21569	1
5186	3
5187	3
5188	2
5189	3
5190	3
5191	2
5192	1
5193	3
5194	2
5195	4
5196	3
5197	1
5198	1
5201	1
5203	2
5204	3
5205	4
5206	1
5207	1
5208	2
5209	1
5210	2
5211	3
5212	1
5213	3
5214	3
5215	5
5216	1
5217	4
5218	3
5219	1
5220	2
5221	2
5222	2
5223	4
5224	2
5225	4
5226	2
5227	2
5228	2
5229	2
5230	2
5231	2
5232	2
5233	1
5235	1
5236	3
5237	2
5238	3
5239	1
5240	1
5241	2
5242	1
5243	4
5245	1
5247	1
5248	2
5249	1
5251	3
5252	4
5253	2
5254	3
5255	2
5256	3
5257	1
5258	1
5260	4
5262	3
5263	1
5264	3
5265	2
5266	2
5269	2
5270	1
5272	4
5273	2
5274	2
5275	4
21660	1
5276	1
5277	1
5278	1
5281	1
5283	1
5285	2
5286	3
5287	3
5288	6
5289	2
5290	2
5291	2
5293	1
5294	1
5295	3
5297	2
5298	2
21684	1
5301	1
5302	1
5303	2
5304	3
5306	2
5307	1
5308	2
5309	1
21694	1
5310	2
5311	1
5313	2
5314	3
5315	3
5316	1
5317	2
5318	1
5319	1
5320	4
5321	5
5322	3
5325	1
5326	5
5327	1
5328	1
5329	3
5330	1
5331	3
5332	4
5333	3
5334	3
5336	1
5337	2
5338	3
5339	1
5340	2
5341	3
5342	3
5344	2
5345	1
5346	2
5347	2
5348	1
5349	1
5350	1
5351	1
5352	2
5353	1
5356	1
5357	1
5358	3
5361	1
5362	2
5365	2
5366	1
5367	5
5368	1
5369	1
5370	1
5371	2
5372	4
5373	2
5374	2
5375	2
5376	1
21761	1
5377	1
5379	1
5380	1
5382	3
5383	2
5385	3
5387	3
5388	2
5389	1
5390	2
5392	2
5393	1
5394	3
5395	2
5396	2
5397	3
5398	1
5399	1
5400	1
5401	1
5402	2
5404	2
5405	2
5406	1
5407	3
5408	2
5409	3
5411	1
5412	1
5414	1
5415	3
5416	3
5418	1
5419	4
5420	2
5421	5
5422	3
5423	5
5424	1
5426	1
5427	1
5429	2
5430	1
5432	4
5434	2
5435	1
5436	2
5438	1
5440	3
5441	6
5442	3
5443	1
5444	3
5445	2
5446	1
5447	2
5448	1
5449	4
5450	4
5451	2
5452	1
5454	1
5456	1
5457	3
5458	1
5459	5
5460	1
5462	2
5463	4
5464	1
5465	1
5466	2
5467	1
5468	3
5469	2
5471	2
5472	1
5473	2
5474	1
5475	2
5476	3
5477	1
5478	2
5479	4
21864	1
5480	1
5481	1
5482	3
5483	4
5485	1
5486	3
5487	3
5488	3
5489	1
5490	1
5491	3
5492	2
5493	3
5495	2
5496	1
5497	2
5498	2
21882	1
5499	1
5500	2
5501	1
5502	4
5503	1
5504	3
5505	1
5506	1
5507	4
5508	3
5509	1
5510	1
5511	1
5512	2
5513	2
5514	1
5515	3
5516	1
5517	1
5518	1
5520	1
5521	1
5522	2
5523	2
5524	3
5526	2
5527	1
5528	3
5530	1
5531	3
5532	3
5533	1
5534	1
5535	1
5537	1
21922	1
5539	2
5540	2
5541	3
5542	2
5543	1
5544	2
5545	2
5546	2
5548	2
5549	5
5550	1
5551	1
5552	3
5553	2
5555	1
5556	1
5557	1
5559	2
5560	3
5561	1
5562	2
5564	3
21949	1
5565	1
5566	1
5567	2
5568	1
5569	2
5570	3
5571	2
5572	2
5573	3
5574	1
5575	1
5576	1
5577	2
5578	2
5579	4
5580	1
5581	2
5582	1
5583	2
5585	1
5588	4
5589	1
5590	1
5591	1
5592	3
5593	2
5594	1
5595	3
5598	1
5599	2
5600	5
5602	1
21988	1
5604	1
5608	1
5609	1
5610	2
5611	1
5612	1
5613	2
5614	2
5615	2
5617	3
5618	2
5621	2
5622	1
22007	1
5624	1
5625	1
5626	1
5627	2
5628	2
5629	3
5630	6
5631	2
5633	2
5634	1
5635	1
5636	1
5637	1
5638	1
5639	1
5640	2
5641	2
5642	4
5643	1
5645	1
5646	2
5647	1
5648	1
5649	2
5650	1
5651	4
5653	1
5654	1
5655	2
5656	5
5657	1
5659	3
5660	2
5661	1
5662	1
5663	3
5664	3
5665	2
5666	2
5667	1
5668	1
5669	1
5670	1
5671	2
5672	1
5673	5
5674	2
5675	1
5678	4
5679	1
5680	1
5681	2
5682	1
5683	1
5684	1
5685	1
5686	1
5689	2
5690	1
5691	3
5693	1
5694	2
5695	4
5697	4
5698	2
5699	4
5702	3
5703	1
5704	1
22089	1
5705	2
5706	1
5707	4
22091	1
5708	2
5711	4
5713	2
5714	3
5715	2
5716	1
5717	1
22102	1
5719	1
5720	1
5721	1
5722	3
5724	2
5725	1
5727	3
5730	1
5731	3
5732	3
5733	1
5735	2
5736	1
5738	4
5739	1
5740	1
5741	3
5742	1
5743	1
5744	1
5745	1
5748	2
5749	2
5750	2
5751	3
5752	4
5753	1
5754	1
5756	1
5757	2
5758	1
5759	1
5760	3
5761	3
5762	1
5763	1
5764	3
5765	1
5767	2
5769	2
5770	3
5772	1
5773	2
5774	2
5775	2
5776	4
5777	1
5778	1
5781	1
5783	1
5786	1
5787	1
5789	1
5790	3
5792	1
5793	1
5794	2
5795	2
5796	3
5797	1
5798	1
5799	1
5801	2
5802	2
5803	3
5804	3
5806	2
5807	4
5809	3
5810	2
5812	1
5815	1
5816	4
5818	2
5820	3
5821	1
5822	1
5824	2
5825	1
5826	1
5828	1
5829	1
5830	4
5831	1
5832	3
5834	3
5836	2
5837	5
5838	2
5839	2
5841	4
5842	1
5843	1
22227	1
5844	1
5845	2
5846	1
5852	2
5853	2
5854	1
5860	1
5862	1
5863	1
5864	2
5865	1
5866	2
5867	1
5869	1
5870	2
5871	5
5872	2
5874	1
5878	1
5880	2
5882	1
5886	1
22271	1
5887	2
5890	2
5891	4
5892	3
5893	1
5894	3
5895	1
5897	1
5898	1
5899	1
5900	2
5901	3
5902	3
5903	1
5904	1
5906	1
5909	1
5910	1
5911	3
5912	2
5913	5
5914	4
22298	1
5915	1
5916	2
5917	1
5919	2
5920	1
22304	1
5921	3
5922	1
5923	1
5924	1
5926	1
5927	1
5928	1
5929	2
5930	1
5931	2
5932	1
5933	2
5935	3
5936	3
5937	2
22321	1
5938	2
5939	2
22324	1
5940	1
5942	1
5943	1
5944	1
5945	1
5946	3
5947	4
5949	4
5950	1
5951	3
5952	2
5954	1
22338	1
5955	1
5956	1
5957	3
5958	1
5959	1
5961	1
5962	2
5965	1
5966	3
5967	2
5969	1
5971	4
5972	1
5973	1
5974	1
5975	1
5976	3
5977	1
5978	2
5979	2
5980	1
5981	1
5982	1
5983	2
5985	2
5987	2
5991	1
5992	3
5993	1
5994	1
5995	2
5996	3
5997	4
5998	1
6000	1
6002	2
6003	1
6005	2
6006	1
6008	2
6009	2
6010	2
6011	1
6012	1
22397	1
6013	1
6014	1
6015	3
6016	4
6017	1
6019	1
6022	1
6023	2
6025	1
6030	2
6033	2
6034	2
6035	2
6036	3
6037	2
6038	1
6039	1
6040	1
6041	1
6043	3
6049	3
6050	3
6052	2
6055	2
6057	1
6058	3
6061	1
6062	1
6064	1
6067	1
6068	2
6069	3
6070	1
6072	3
6073	3
6076	2
6077	1
6078	1
6079	1
6080	2
6081	1
6082	3
6083	3
6086	1
6087	1
6088	2
6089	4
6090	3
6091	1
6094	1
6095	1
6096	2
6098	1
6100	1
6102	3
6103	1
6104	2
6106	1
6108	2
6109	3
6110	1
6111	3
6112	1
6114	3
6115	2
6116	2
6117	1
6118	1
6120	1
6121	2
6122	2
6123	2
6124	1
6125	1
6126	3
6127	3
6128	2
6131	3
6132	2
6133	1
6134	2
6135	2
6136	2
6137	3
6138	2
6139	1
6140	3
6141	2
6142	3
6143	3
6144	2
6145	3
6146	3
6147	3
6148	1
6149	1
6150	1
6152	4
6153	1
6154	1
6155	5
6157	3
6159	2
6160	1
6162	2
6163	1
22548	1
6164	1
6165	1
6166	1
6168	4
6169	2
6170	3
6172	1
6173	4
6174	1
6176	1
6177	1
6178	3
6179	1
6180	2
6181	1
6183	1
6184	2
6186	1
6187	2
6188	1
6190	2
6192	3
6193	2
6194	1
6195	3
6196	1
6197	3
6202	1
6203	2
6204	2
6206	1
22590	1
6207	1
6208	3
6209	5
6210	3
6211	1
6213	2
6214	2
6215	2
6216	1
22600	1
6217	2
6218	3
22603	1
6219	1
6220	1
6221	2
6222	2
6223	2
6224	2
6225	4
6229	1
6230	2
6231	4
6232	1
6234	1
6236	1
6240	2
6242	1
6243	1
6244	1
6245	1
6246	1
6247	1
6249	1
6250	3
22634	1
6251	1
22636	1
6254	1
6257	3
6258	1
6259	1
22643	2
6260	2
6262	2
6263	1
6264	2
6267	1
6270	2
6271	1
6272	2
6274	1
6277	1
6278	1
6282	5
6283	2
6284	1
6288	3
6289	3
6290	1
6291	1
6292	1
6293	3
6294	2
6295	1
6296	1
6297	2
6298	2
6300	1
6301	1
6302	1
6303	1
22688	1
6304	1
6306	2
6307	1
6309	2
6311	2
6312	2
6314	2
6316	1
6317	2
6319	1
6322	1
6323	2
6325	2
6326	2
6327	3
6328	2
6329	2
6330	2
6333	3
6334	1
6335	1
6336	2
6339	2
6340	1
6341	3
6342	1
6343	2
6344	1
6345	2
6347	1
6348	2
6349	2
6351	1
6353	1
6354	1
6357	1
6358	2
6361	1
6367	1
6369	1
6372	2
6376	2
6377	1
6378	1
6380	1
6381	2
6384	1
6385	2
6386	4
6387	2
6388	2
6389	1
6390	2
6393	1
6394	1
6395	1
6396	2
6397	1
6400	3
6402	3
6403	3
6404	1
6405	2
6406	3
6407	1
6408	3
6409	2
6411	2
22795	1
6414	1
6415	3
6417	1
6419	1
6421	1
6422	2
6423	2
6424	1
6425	3
6426	2
6427	1
6428	1
6429	2
6430	2
6432	4
6433	1
6434	1
6437	1
6438	1
6439	1
6440	1
6441	1
6443	1
6444	1
6446	1
6447	3
6449	1
6450	1
6451	2
6452	2
6456	1
6457	3
6459	1
6460	5
6462	1
6463	1
6464	1
6465	3
6466	2
6468	2
6469	1
6470	1
6471	1
6472	1
6473	1
6474	1
6476	1
6477	5
6478	4
6479	1
6481	1
6482	2
6483	1
6486	2
6487	1
6488	2
6490	1
6494	4
6495	1
6497	2
6498	1
6499	1
6500	3
6501	2
6502	1
6503	1
6506	1
6507	3
6510	2
6511	2
6512	1
6515	1
6520	1
6521	1
6522	1
6523	3
6526	1
6527	2
6528	1
6530	2
6531	1
6535	1
6536	1
6537	2
6539	4
6540	2
6543	1
6544	2
22931	1
6549	1
6550	1
6552	3
6558	1
6563	3
6565	1
6566	1
6567	1
22952	1
6568	1
22953	1
6570	1
6572	1
6573	1
6575	1
22961	1
6578	1
6580	1
6585	1
6587	1
22972	1
6590	4
6592	3
6594	1
6596	1
6597	1
6598	1
6599	1
6600	2
6603	2
6604	1
6605	1
6606	1
6607	1
6608	1
6612	2
6615	1
6617	2
6618	1
6619	2
6622	1
6623	1
6626	5
6627	2
6628	3
6629	1
6630	4
6631	3
6632	1
6633	1
6634	1
6636	1
6641	1
6642	1
6643	2
6644	1
6645	1
6647	2
6648	1
6649	1
6650	4
6651	1
6652	1
6653	1
6655	2
6656	3
6657	1
6658	1
6660	4
6661	4
6662	1
6665	1
6666	1
6667	1
6669	1
6670	2
6671	1
6673	1
6674	1
6675	1
6676	3
6682	2
6686	2
6687	1
6688	2
6689	3
6690	2
6691	1
6694	2
6695	2
6697	1
6698	1
6701	1
6702	1
6703	3
6705	2
23090	1
6707	2
6708	1
6709	1
6710	1
6711	1
6712	1
6715	1
6717	2
6718	2
6719	1
6721	2
6722	1
6724	1
6725	2
6726	1
6727	1
6728	1
6730	1
6731	3
6734	2
6736	1
6738	1
6739	1
6740	1
6742	1
6743	2
6744	1
6745	1
6747	1
6748	3
6750	1
23134	1
6752	1
6755	2
6756	1
6760	1
6761	2
6762	2
6763	1
6765	2
6770	1
23154	1
6771	2
6772	1
6773	3
6775	1
6776	1
6777	2
6780	1
6781	2
6783	1
6784	1
6785	1
6786	3
6787	1
6788	3
6789	3
6790	1
6791	2
6792	1
6793	2
6794	2
6795	1
6801	3
6802	1
6804	1
23188	1
6805	1
6806	3
6807	1
6808	1
23192	1
6812	1
6813	1
6816	2
6818	1
6819	1
6822	1
6823	2
6825	2
6828	1
6829	2
6832	1
6833	1
6834	2
6835	2
6836	2
6838	2
6840	1
6844	1
6845	1
6846	3
6847	2
6848	1
6849	1
6851	1
6852	1
6853	1
6857	3
6858	2
6860	2
6861	1
6864	1
6865	1
6866	3
6869	1
6872	2
6873	1
6875	1
6877	3
6878	2
6879	1
6882	2
6883	1
6885	1
6888	1
6890	1
6893	2
6894	2
23279	1
6895	2
23280	1
6897	1
6898	2
6899	2
6900	1
6904	3
6905	1
6906	1
6907	3
6908	2
6909	2
6914	1
6915	2
6917	1
6919	1
6920	1
6923	1
6924	1
6925	2
6926	1
6927	1
6928	2
6929	2
6930	4
6931	1
6933	2
6934	1
6937	1
6938	1
6941	1
6942	4
23326	1
6943	1
23329	1
6948	1
6949	1
6950	1
6951	2
6952	1
6955	2
6956	1
6960	3
6961	1
6964	1
6965	2
6967	2
6968	2
6969	1
6970	3
6971	3
6972	1
6975	1
6976	1
6977	1
6980	1
6981	1
6982	1
6983	1
6986	4
6988	2
6993	1
6995	3
23379	1
23380	1
6996	1
6998	2
7000	1
7001	1
7002	2
7003	1
7004	1
7005	2
7007	2
7008	1
7011	1
7013	1
7016	2
7018	1
7019	1
7022	1
7026	1
7027	3
7028	2
7029	1
7031	1
7034	1
7035	1
7036	1
23421	1
7037	1
7039	1
7041	1
7043	1
7048	1
7050	2
7051	1
7052	1
7054	5
7056	1
7060	1
7064	1
7065	1
7068	1
7070	3
7074	1
7075	1
7081	2
23465	1
23467	1
7084	3
7086	1
7088	1
7092	1
7094	3
7097	1
7098	1
7099	1
7100	2
23485	1
7103	2
23488	2
7104	3
23489	1
7105	1
7106	1
7108	2
7109	1
23494	1
7111	2
7113	1
23498	1
7116	1
7118	1
7119	1
7124	1
7125	1
7126	1
7127	1
7129	1
7132	1
7134	2
7137	1
7139	1
7140	2
7141	1
7142	1
7143	1
7144	1
7145	2
7147	2
7148	3
7149	2
7151	5
7152	1
7154	1
7157	1
7159	3
7160	1
7161	3
7162	1
7165	1
7169	3
7170	1
7173	1
7174	1
7175	1
7176	1
7179	1
7182	1
7183	3
7187	1
7189	2
23573	1
7191	2
7192	3
7194	2
7196	2
7198	3
7199	1
7201	2
7204	2
7205	1
7206	1
7212	2
7216	1
7217	1
7219	1
7220	1
7225	2
7228	1
7230	1
7235	2
7237	1
7242	1
7244	1
7245	2
7249	1
7250	2
7251	2
7253	2
7256	1
7257	2
7258	1
7260	1
7261	1
7262	1
7263	1
7264	3
7267	1
7270	1
7271	2
7272	1
7273	2
7275	1
7280	1
7283	2
7285	1
7286	1
7287	1
7288	1
7289	1
7290	2
7291	1
7294	2
7295	1
7296	1
7297	2
7299	1
7302	3
7304	1
7305	2
7309	1
7310	2
7311	2
7312	2
23698	1
7314	1
7317	2
7320	1
7321	1
7323	1
7324	1
7326	1
7327	1
7329	1
7332	2
7333	1
23718	1
7335	1
7336	1
7337	1
23721	1
7338	1
7339	2
7344	1
7345	2
7349	1
7350	1
7351	2
7352	1
7355	1
7358	2
7360	2
7362	2
7363	1
7364	1
7366	3
7367	3
7368	1
7369	1
7370	1
7374	2
7377	1
7379	2
7380	1
7381	1
7384	1
7385	2
7387	1
7389	1
7390	2
7393	2
7394	4
7395	1
7398	2
7399	1
7401	1
7403	1
23787	1
23788	1
7406	1
23791	1
7408	1
7409	2
7410	3
7411	3
7412	1
7414	1
7417	1
7419	1
7421	1
7423	1
7424	1
7425	3
7428	1
7430	3
23819	1
7437	1
23825	1
7444	1
7445	1
7446	1
7447	1
7448	2
23833	1
7450	2
7451	1
7455	1
7456	2
7457	2
7459	3
7460	1
7462	1
7463	1
7464	2
7465	3
7466	1
7467	1
7468	2
7470	1
7471	2
7473	1
7476	1
7479	1
7482	2
7483	2
7484	1
7485	2
7488	1
7492	1
7495	1
7496	1
7498	1
7499	1
7501	2
7502	1
7504	1
7505	2
7506	2
7510	1
7512	2
7513	1
7515	1
7516	1
7517	2
7518	1
7520	2
7521	1
7523	3
7524	1
7526	2
7527	1
7530	1
7531	2
7532	1
7533	1
7535	1
7537	1
7539	1
7540	3
7542	1
7545	1
7546	1
7549	1
7551	1
7552	1
7553	1
7554	1
7555	1
7556	1
7558	1
7562	2
7565	1
7566	2
7567	1
7568	1
7570	1
7572	1
7575	1
7577	2
7579	2
7580	1
7581	1
7583	1
7584	1
7585	2
7591	1
7592	2
7593	2
7594	3
7596	1
7597	1
7600	2
7601	2
7605	1
7608	1
7609	1
7610	2
7611	1
7613	2
7614	3
7615	1
7616	2
7618	1
7620	1
7621	1
7625	1
7626	1
7627	2
7629	1
7630	1
7635	2
7636	1
24021	1
7638	1
7639	1
7640	1
7642	2
7644	1
7645	1
7647	1
7649	1
7652	2
7653	1
7657	1
7659	2
7662	1
7663	1
7664	2
7665	1
7666	2
7667	1
7670	1
7671	2
7672	2
7674	1
7676	3
7679	1
24063	1
7680	1
7682	1
7685	1
7687	1
7688	2
7691	1
7695	1
7696	1
7697	2
7698	1
7699	1
7702	1
7703	1
7707	2
7709	1
7710	1
7713	1
7714	3
7715	3
7717	1
7718	1
7719	1
7723	2
7724	1
7725	2
24109	1
7726	1
7728	1
7729	1
7731	1
7734	1
7740	1
24126	1
7744	2
7747	2
7750	1
7751	2
7755	1
7758	2
7759	1
7762	2
7767	2
7768	1
7772	1
7773	1
7775	2
7778	2
7783	1
7788	1
7790	2
7791	1
7795	1
7800	2
7801	2
7802	2
7803	1
7805	1
7806	4
7807	2
7811	1
7812	1
7815	1
7817	1
7818	1
7819	1
7821	1
7824	3
7826	2
7828	1
7830	1
7831	1
7836	1
7838	1
7839	1
7841	1
7842	1
7843	1
7844	2
7845	2
7846	1
7847	1
7848	1
7851	3
7854	1
7855	1
7857	2
24241	1
7860	1
7862	1
7863	1
24253	1
7870	1
7872	1
7873	3
7878	1
7879	1
7881	1
7882	1
7885	2
7886	1
7887	2
7888	1
7889	1
7890	1
7896	1
7898	2
7900	1
7904	1
7905	2
7906	1
7910	1
7911	1
7912	2
7913	1
7914	2
7918	2
7919	1
7920	1
7923	1
7926	2
7927	1
7929	2
7931	1
7932	1
7934	1
7936	1
7941	1
7945	2
7952	1
7953	3
7960	1
7961	1
7963	1
7969	2
7972	1
7974	2
7976	1
7978	2
7980	1
7984	2
7986	1
7988	1
7994	1
7996	1
7997	1
8000	1
8007	1
8009	1
8010	2
8015	1
8016	2
8017	2
8018	2
8019	1
8020	1
8030	1
8031	1
8033	1
8035	1
8040	1
24425	1
8043	1
8047	1
24431	1
8048	1
24433	1
8049	1
24434	1
8050	3
8053	1
8055	1
8057	2
8061	1
8066	2
8069	1
8070	2
8071	2
8073	2
24457	1
8074	1
8076	1
8079	2
8080	2
8082	2
8084	1
8085	1
8087	1
8092	2
8093	1
8094	1
8098	1
8099	1
8102	1
24487	1
8104	1
8105	2
8109	1
8111	1
8112	1
24501	1
8119	1
8120	2
8125	2
8126	1
8128	1
8131	2
8137	1
8138	1
8141	2
8144	1
8145	1
8148	1
8151	1
8152	1
8161	1
8163	2
8166	1
8167	1
8168	1
8169	1
8170	1
8171	1
8173	1
8175	2
8177	2
8178	2
8182	1
8187	3
8188	2
8190	1
8191	1
8193	2
8194	1
8196	1
8197	1
8199	1
8200	1
8201	1
8202	1
8203	1
24589	1
8207	1
8209	1
8211	1
8214	2
8216	1
8217	1
8219	1
8221	2
8223	1
8224	2
8228	2
8229	1
8233	1
8235	1
8236	2
8237	1
8238	2
8242	2
8243	1
8244	1
8245	1
8246	1
8248	1
8250	1
8253	1
8256	1
8263	1
8266	2
8269	1
8270	3
8271	2
8272	1
8273	1
8274	2
8276	1
8283	1
8284	2
8287	2
8288	2
8289	2
8291	1
8294	1
8297	1
8302	1
8303	1
8304	1
8310	1
8313	1
8315	2
8318	1
8319	1
8324	1
8328	1
8334	1
8336	1
8339	1
8340	2
8341	2
8342	1
8344	2
8345	1
8348	2
8349	1
8350	1
8352	1
8355	2
8359	1
8363	2
8365	2
8367	1
8369	1
8370	1
8374	1
8375	1
8384	1
8388	1
8389	1
8392	2
8393	1
8394	1
8395	1
8396	1
8399	1
8404	1
8406	2
8407	2
8409	1
8411	1
8412	1
8415	1
8416	1
8419	1
24806	1
8428	2
8431	1
8433	1
8440	1
8446	1
8447	1
8448	1
8449	2
8451	1
8454	1
8457	1
8462	3
8467	1
8470	2
8477	1
8478	1
8480	1
24866	1
8484	2
8487	1
8489	1
8490	1
8491	1
8493	2
8498	1
8500	2
8502	1
8514	1
8515	1
8516	1
8521	1
8527	2
8531	3
8538	1
8539	1
8541	1
8545	1
8549	1
8551	1
8552	2
8555	1
8564	1
8570	1
8571	3
8579	1
8583	2
8584	1
8585	1
24975	1
24982	1
8601	1
8604	1
8606	1
8609	1
8610	1
8612	2
8614	1
8615	3
8616	1
8617	1
25002	1
8620	1
8621	1
25006	1
8627	1
8632	1
8633	1
8634	1
8635	1
8636	1
8637	1
8640	2
8646	2
8653	2
8659	2
8661	1
8663	1
8666	1
8668	1
8669	1
8671	2
8674	1
8676	2
8677	1
8680	2
8684	1
8696	1
8697	1
8705	1
8710	2
8712	1
8714	2
8715	1
8716	1
8717	1
8719	1
8722	1
8723	1
8724	1
8726	1
8727	1
8728	2
8732	1
8733	1
8734	1
8737	1
8745	1
8747	1
8748	1
8751	1
8753	2
8754	1
8755	1
8757	1
8759	1
8760	1
8762	1
8763	1
8764	1
8765	1
8770	1
8775	1
8777	1
8778	1
8779	1
8780	1
8781	1
8782	2
8786	2
8788	1
8791	3
8796	1
8797	2
8798	1
25183	1
8799	1
8801	1
8802	2
8806	1
8807	2
8811	1
8813	1
25197	1
8814	1
8815	1
25199	1
8819	1
8820	2
8824	1
8829	1
8831	1
8832	1
8835	1
8838	1
8840	1
8848	1
8849	2
8853	1
8857	1
8863	2
8867	1
8871	1
25260	1
8877	1
8880	1
8881	2
8883	1
8886	1
8888	1
8893	1
8894	2
8896	1
8898	1
8901	1
8904	1
8906	1
8907	1
8908	1
8913	1
8914	1
8921	1
8928	1
8932	1
8935	1
8938	1
8943	2
8951	1
8953	1
8954	1
8955	2
8959	1
8963	1
8965	2
8968	2
8970	1
8971	1
8972	1
8974	1
8976	2
8980	1
8982	1
8984	1
8986	1
8988	1
8991	1
8997	3
9000	1
9003	1
9004	1
9005	1
9007	2
9008	1
9009	1
9010	1
9015	1
9017	1
9020	3
9021	2
9023	2
9029	2
9032	1
9034	1
9043	1
9045	1
9047	1
9052	1
9053	1
9055	1
9060	1
9064	2
9065	2
9068	2
9069	2
9070	1
9074	1
9075	1
9077	2
9083	1
9084	1
9087	2
9091	1
9094	2
9099	1
9103	2
9104	1
9109	1
9110	1
9113	1
9114	2
9117	1
9119	2
9121	1
9126	1
9129	2
9130	2
9138	1
9139	1
9140	1
9144	1
9147	1
9153	1
9154	2
9158	1
9159	1
9160	1
9162	1
9167	1
9168	1
9172	1
9174	1
9178	1
9184	1
9190	2
9193	1
9194	1
9195	2
9197	1
9199	1
9204	1
9206	1
9212	1
9214	1
9216	1
9226	2
9228	1
9232	1
9234	1
9243	1
9246	1
9247	1
9252	1
9256	1
9258	1
9261	1
9265	1
9271	1
9277	2
9282	1
9283	1
9286	1
9294	1
9300	1
9301	1
9305	1
9310	1
9311	1
9315	1
9317	1
9324	1
9325	1
9327	1
9328	1
25717	1
9333	2
9336	1
9337	1
9343	1
9347	1
9351	1
9353	1
9354	1
9358	1
9362	1
9368	1
9383	1
9384	1
9390	1
9392	1
9400	1
9402	2
9404	1
9405	2
9407	1
9409	1
9417	3
9418	1
9419	1
9420	1
9421	1
9422	1
9423	1
9425	1
9427	1
9429	1
9433	1
9435	1
9444	1
9447	1
9451	1
9455	1
9459	1
9464	1
9465	1
9468	2
9474	1
9478	1
9480	2
9481	1
9483	1
9488	1
9493	1
9494	1
9497	3
9499	1
9505	1
9528	1
9529	1
9531	1
9534	2
9536	1
9543	2
9550	1
9554	1
9555	1
9557	1
9560	1
9573	1
9576	1
9579	1
9582	1
9585	1
9591	1
9592	1
9596	1
9598	1
9600	1
9604	1
9605	1
9607	1
9611	1
9614	1
9618	1
9620	1
9627	1
9628	2
9633	1
9634	1
9642	1
9645	1
9651	1
9655	1
9662	1
9668	1
9669	2
9674	1
9677	1
9678	1
9682	1
9685	1
9686	1
9691	1
9696	1
9697	1
9705	2
9710	1
9711	1
9712	1
9716	1
9717	1
9727	1
9734	1
9740	1
9766	2
9770	1
9780	1
9784	2
9799	1
9802	2
9803	1
9810	1
9811	1
9813	1
9820	1
9824	1
9832	1
9835	1
9840	1
9842	1
9843	1
9847	1
9851	1
9854	1
9856	1
9860	1
9863	1
9873	1
9874	1
9881	1
9884	1
9887	2
9893	1
9898	2
9902	2
9909	1
9912	1
9923	1
9932	1
9940	1
9943	1
9944	1
9946	1
9949	1
9951	1
9952	1
9953	1
9958	1
9959	1
9962	1
9963	2
9969	1
9970	1
9974	1
9978	1
9983	1
9984	2
9989	1
9990	1
9993	1
9999	1
10004	1
10005	1
10007	1
10011	2
10030	1
10031	1
10038	1
10043	1
10045	1
10046	1
10056	1
10059	2
10060	1
10061	1
10063	2
10064	1
10076	1
10082	2
10083	1
10084	1
10085	3
10087	1
10089	1
10091	1
10092	2
10099	1
10102	1
10105	1
10113	1
10127	2
10130	3
10133	1
10135	1
10138	1
10142	1
10143	1
10149	1
10150	1
10151	1
10162	1
10165	2
10170	1
10172	2
10174	1
10175	1
10177	1
10178	1
10181	1
10184	1
10185	1
10186	1
10196	2
10198	1
10200	2
10204	2
10205	1
10211	1
10214	1
10225	1
10226	2
10227	2
10229	1
10234	1
10239	2
10240	1
10241	1
10243	1
10246	2
10250	1
10252	1
10255	1
10256	1
10257	1
10267	1
10279	2
10286	1
10287	2
10289	1
10293	1
10295	1
10299	1
10302	1
10304	1
10305	1
10310	2
10313	2
10314	1
10315	1
10316	2
10318	1
10321	1
10324	2
10325	1
10333	1
10339	1
10340	1
10344	1
10345	1
10346	1
10349	1
10351	1
10354	1
10357	1
10361	1
10362	1
10364	2
10366	2
10368	1
10371	1
10375	1
10376	1
10378	1
10382	1
10390	1
10392	1
10398	2
10408	1
10417	1
10419	1
10424	1
10427	2
10439	1
10440	1
10452	1
10461	1
10464	1
10466	1
10472	1
10473	1
10477	1
10482	1
10483	1
10486	1
10488	1
10507	1
10509	1
10510	1
10523	1
10525	1
10533	1
10540	1
10543	1
10552	1
10554	1
10556	1
10566	1
10570	1
10571	1
10573	1
10574	1
10578	1
10580	1
10582	2
10583	1
10590	1
10597	1
10599	1
10602	1
10603	1
10605	1
10608	1
10612	2
10616	1
10617	1
10618	1
10622	1
10623	1
10624	1
10625	1
10627	1
10628	1
10629	2
10636	1
10637	1
10640	1
10641	1
10643	1
10648	1
10650	1
10654	1
10658	1
10659	1
10662	1
10663	1
10666	2
10667	1
10669	2
10670	1
10671	1
10674	1
10679	2
10684	1
10691	1
10694	1
10695	2
10700	1
10703	1
10704	1
10713	1
10714	2
10719	2
10720	1
10721	1
10727	1
10730	1
10735	1
10736	1
10737	1
10742	3
10750	1
10757	1
10772	2
10775	1
10776	1
10778	1
10779	1
10785	1
10789	1
10790	1
10792	1
10796	1
10797	1
10798	1
10802	1
10820	1
10828	1
10837	1
10844	1
10846	1
10848	1
10851	1
10855	1
10857	1
10858	2
10860	1
10868	1
10870	2
10872	1
10875	1
10876	1
10879	1
10886	1
10888	1
10889	1
10894	1
10897	1
10899	1
10900	1
10902	1
10904	1
10906	1
10907	1
10912	2
10913	1
10918	1
10919	1
10928	1
10931	1
10933	2
10934	1
10935	2
10938	1
10947	1
10955	1
10964	1
10966	1
10971	2
10977	1
10981	1
10984	1
10987	1
10988	1
10989	1
10993	1
11002	2
11003	1
11004	1
11007	2
11012	1
11015	1
11018	1
11022	1
11029	1
11030	1
11032	1
11039	2
11047	3
11050	3
11051	1
11052	3
11058	1
11065	1
11075	1
11076	1
11118	1
11121	1
11122	1
11129	1
11136	1
11140	2
11142	1
11143	2
11149	1
11152	1
11163	1
11164	1
11165	1
11166	1
11168	1
11174	1
11177	1
11179	1
11187	1
11189	1
11191	2
11192	1
11193	1
11198	1
11199	1
11205	1
11206	1
11207	1
11215	1
11218	1
11219	1
11222	1
11224	1
11226	1
11230	1
11232	1
11236	1
11237	1
11245	2
11248	2
11252	1
11257	1
11258	1
11267	2
11269	1
11279	1
11289	3
11296	1
11297	1
11302	1
11308	1
11315	1
11318	1
11323	1
11325	1
11329	1
11332	1
11333	1
11340	1
11343	1
11349	1
11350	1
11362	1
11367	1
11382	2
11388	1
11392	1
11394	1
11399	1
11404	1
11408	1
11411	1
11412	1
11423	1
11434	1
11470	1
11473	1
11476	2
11486	1
11489	1
11493	1
11502	1
11509	1
11513	1
11515	1
11536	1
11537	1
11552	1
11559	1
11566	1
11571	1
11575	1
11582	1
11584	1
11595	2
11602	1
11607	1
11611	1
11615	1
11617	2
11619	3
11624	2
11627	1
11632	1
11634	1
11639	1
11641	1
11642	1
11649	1
11654	1
11660	2
11665	1
11668	1
11674	1
11681	1
11685	1
11690	1
11701	2
11705	1
11725	1
11726	1
11731	1
11739	1
11744	2
11746	1
11747	1
11751	1
11753	1
11767	1
11775	2
11778	1
11780	1
11782	1
11786	1
11791	1
11792	1
11798	1
11799	1
11811	1
11816	1
11823	1
11825	1
11826	1
11829	1
11831	2
11835	1
11842	1
11853	1
11860	1
11862	1
11866	1
11867	1
11872	1
11889	1
11894	1
11904	2
11912	1
11920	1
11931	1
11935	1
11938	1
11939	1
11944	2
11947	1
11953	1
11957	2
11958	1
11972	1
11977	1
11996	1
11999	1
12001	1
12006	1
12012	1
12014	1
12019	1
12020	2
12033	1
12050	1
12054	1
12059	1
12061	1
12064	1
12068	1
12069	1
12073	1
12081	1
12082	1
12085	1
12090	1
12093	1
12094	1
12100	1
12105	1
12106	1
12116	1
12117	1
12118	2
12133	1
12135	1
12147	2
12154	1
12155	1
12158	1
12162	1
12167	1
12181	1
12182	2
12189	1
12191	1
12195	1
12198	1
12206	1
12210	1
12213	1
12222	1
12225	1
12226	1
12228	1
12229	1
12230	1
12235	1
12240	1
12244	1
12245	2
12254	1
12257	1
12260	1
12271	1
12274	1
12275	1
12276	1
12286	1
12300	1
12302	1
12307	1
12308	1
12314	1
12319	1
12323	1
12327	1
12332	1
12333	1
12335	2
12339	1
12343	1
12360	1
12364	2
12366	1
12368	1
12369	1
12370	2
12379	1
12381	1
12382	1
12385	2
12387	1
12388	1
12389	1
12397	1
12401	1
12407	1
12408	1
12417	1
12420	2
12428	1
12431	1
12437	1
12446	1
12448	1
12450	1
12459	1
12466	1
12469	1
12471	1
12481	1
12484	1
12491	1
12493	1
12496	2
12500	1
12507	1
12520	2
12522	1
12531	1
12537	1
12548	1
12549	1
12558	1
12565	1
12567	1
12568	1
12570	1
12574	1
12577	1
12581	1
12601	2
12610	1
12615	1
12621	1
12633	1
12638	2
12639	1
12641	2
12647	2
12650	1
12651	1
12653	1
12657	1
12669	1
12671	1
12678	1
12704	1
12706	1
12729	1
12738	1
12745	1
12750	1
12777	1
12781	1
12797	1
12800	1
12802	1
12815	1
12820	1
12822	1
12838	1
12846	1
12850	1
12854	1
12863	1
12869	1
12870	2
12878	1
12879	1
12880	1
12881	1
12887	1
12888	1
12890	1
12895	1
12905	1
12921	1
12934	1
12935	1
12938	1
12947	1
12958	1
12974	1
12979	1
12988	1
12990	1
12997	1
13000	1
13018	1
13037	1
13044	1
13045	1
13052	1
13053	1
13057	1
13066	1
13067	1
13068	1
13077	1
13096	1
13103	1
13116	1
13136	1
13139	1
13151	1
13152	1
13166	1
13168	1
13179	1
13183	1
13186	1
13194	1
13204	1
13243	1
13262	1
13280	1
13297	1
13300	1
13303	1
13311	1
13319	2
13322	1
13328	1
13333	1
13334	1
13337	1
13338	1
13343	1
13350	2
13367	1
13371	1
13377	1
13390	1
13395	1
13399	1
13407	1
13420	1
13429	1
13438	1
13443	1
13453	1
13454	1
13456	1
13464	1
13467	1
13469	1
13485	1
13490	2
13499	1
13508	1
13509	1
13519	1
13521	1
13524	1
13539	1
13554	1
13563	1
13566	1
13567	1
13580	1
13582	1
13586	1
13588	1
13593	3
13598	1
13638	1
13645	1
13657	1
13659	1
13666	1
13678	1
13688	1
13691	1
13716	2
13720	1
13722	1
13724	1
13734	1
13735	1
13741	1
13743	1
13744	1
13746	1
13748	1
13759	1
13768	1
13775	1
13776	1
13787	1
13789	1
13791	1
13792	1
13808	1
13810	1
13812	1
13816	1
13830	1
13837	1
13838	1
13839	1
13867	1
13874	1
13880	1
13882	1
13893	1
13898	1
13901	1
13904	1
13906	1
13910	1
13929	1
13937	1
13939	2
13943	1
13946	1
13948	1
13952	1
13954	1
13961	1
13963	1
13966	1
13969	1
13973	1
14001	1
14002	1
14007	2
14016	1
14018	1
14019	1
14021	2
14026	1
14027	1
14030	2
14032	1
14036	1
14042	1
14051	1
14054	1
14058	1
14067	1
14071	1
14077	1
14078	1
14079	1
14083	1
14086	1
14112	1
14115	1
14117	1
14118	1
14121	1
14136	1
14137	1
14142	1
14148	1
14149	1
14150	1
14152	1
14156	1
14162	1
14167	1
14173	1
14175	1
14180	1
14181	1
14200	1
14206	1
14207	1
14209	2
14216	1
14240	1
14249	1
14252	1
14255	1
14256	2
14268	1
14272	1
14283	1
14285	1
14286	1
14307	1
14314	1
14352	1
14354	1
14365	1
14368	1
14374	1
14376	1
14383	1
14386	1
14387	1
14391	1
14395	1
14399	1
14408	1
14414	1
14416	1
14424	1
14440	1
14447	1
14448	1
14462	1
14463	1
14464	1
14475	1
14494	1
14497	1
14507	1
14508	1
14510	1
14516	1
14519	1
14531	1
14544	1
14546	1
14563	1
14564	1
14567	1
14571	1
14572	1
14574	1
14586	2
14589	1
14593	1
14603	1
14614	1
14616	1
14630	1
14644	1
14647	1
14651	1
14653	1
14655	1
14662	1
14667	1
14671	1
14674	1
14676	1
14681	1
14693	1
14695	1
14712	1
14715	1
14717	1
14725	1
14740	1
14741	1
14742	1
14744	1
14751	1
14767	1
14774	1
14776	1
14777	2
14783	1
14784	1
14786	1
14793	1
14807	1
14808	2
14812	1
14836	1
14840	1
14841	1
14847	1
14849	1
14854	1
14861	1
14872	1
14873	1
14874	1
14875	1
14881	1
14882	1
14898	1
14906	1
14924	2
14953	1
14959	1
14966	1
14974	1
14980	1
14982	1
14989	1
14998	1
15005	1
15013	1
15016	1
15017	1
15021	1
15022	1
15045	2
15058	2
15060	1
15065	1
15069	1
15080	1
15099	1
15111	1
15113	1
15116	1
15117	1
15154	1
15155	1
15185	1
15188	1
15206	1
15211	1
15217	1
15239	1
15242	1
15260	1
15279	1
15280	1
15290	1
15293	2
15294	1
15296	1
15303	1
15309	1
15310	1
15317	1
15328	1
15343	1
15344	1
15348	1
15350	1
15377	1
15392	1
15394	1
15395	1
15398	1
15399	1
15400	2
15407	1
15420	1
15432	1
15440	2
15451	1
15472	1
15474	1
15492	1
15509	1
15520	1
15527	2
15530	1
15537	1
15539	1
15546	1
15554	2
15557	1
15568	1
15577	1
15598	1
15603	1
15610	1
15616	1
15630	1
15632	1
15633	1
15639	1
15642	1
15679	1
15685	1
15689	1
15733	1
15737	1
15738	1
15739	1
15740	1
15742	2
15815	1
15819	1
15821	1
15822	2
15832	1
15841	1
15844	1
15850	1
15857	1
15863	1
15877	1
15896	1
15907	1
15910	1
15920	1
15924	1
15938	1
15941	1
15945	1
15948	1
15952	1
15953	1
15954	1
15961	1
15974	1
15977	1
16018	1
16029	1
16055	2
16057	1
16071	1
16074	1
16100	1
16105	1
16106	1
16108	1
16142	1
16151	1
16154	1
16191	1
16192	2
16206	1
16207	2
16208	1
16221	1
16262	1
16280	1
16283	1
16287	1
16291	1
16307	1
16310	1
16324	1
16336	1
16353	1
16373	1
16374	1
16376	1
16381	1
