1	2
2	7
3	5
4	8
5	3
6	2
7	2
8	2
9	4
10	1
16394	1
11	2
12	2
13	3
14	3
15	10
16399	1
16	6
17	3
18	8
19	4
20	2
21	1
22	9
23	4
24	10
25	7
26	9
27	4
16411	1
28	4
29	6
30	2
31	10
16415	1
32	3
33	3
34	4
35	8
37	4
38	6
39	3
40	10
41	7
42	4
43	5
44	1
45	8
46	2
47	3
48	5
49	6
50	3
51	2
52	2
53	6
54	10
55	8
56	4
57	6
58	10
60	2
61	4
62	5
63	2
64	2
65	6
66	2
67	3
68	2
69	2
70	7
71	3
72	4
73	4
74	1
75	4
76	4
77	4
16461	1
78	5
79	4
80	1
81	1
82	6
83	6
84	8
16468	1
85	2
86	5
87	4
88	5
89	1
90	3
91	3
92	6
93	8
94	4
95	6
96	2
97	3
98	3
99	3
100	1
101	4
102	2
103	4
104	1
105	6
16489	1
106	2
107	3
108	7
109	4
110	3
111	4
112	12
113	5
114	6
115	6
116	1
117	4
118	1
119	4
120	7
121	5
16505	1
122	2
123	5
124	7
125	6
16509	1
126	4
127	5
128	1
129	2
130	1
16514	1
131	3
132	2
133	5
134	2
135	6
136	4
16520	1
137	4
138	2
140	3
141	4
142	2
143	3
144	7
145	3
16530	1
146	4
147	4
148	6
149	4
150	5
151	3
152	2
153	3
16537	1
154	5
155	7
16539	1
156	3
157	5
158	6
159	3
160	3
161	6
162	3
163	5
164	7
165	8
166	1
16550	1
167	4
16552	1
168	2
169	4
170	4
171	2
172	6
173	4
174	5
175	6
176	5
177	3
178	4
179	5
180	5
181	4
182	3
183	6
184	4
185	7
186	5
187	2
188	3
189	4
190	2
191	4
192	5
16576	1
193	3
194	4
195	8
196	4
197	6
198	6
199	4
200	5
201	5
202	5
16586	1
203	3
16587	1
204	6
205	7
16589	1
206	6
207	7
208	7
209	5
210	2
211	5
212	6
213	5
214	6
215	5
216	2
217	1
218	6
219	7
220	4
221	4
222	6
223	6
224	6
225	6
226	2
227	6
228	3
229	1
230	5
231	5
232	7
233	3
234	1
235	7
236	7
237	6
238	3
16622	1
239	2
240	6
241	9
242	5
243	3
244	3
245	6
246	7
247	2
248	5
249	2
250	3
251	6
16635	1
252	4
16636	1
253	6
254	3
255	2
257	4
258	5
259	2
260	2
261	5
262	4
263	3
264	3
265	4
266	5
267	9
268	5
269	2
270	2
271	3
272	5
273	6
274	3
275	3
16659	1
276	4
277	5
278	3
279	7
281	7
282	4
283	3
284	3
285	3
286	5
287	4
288	5
289	2
290	4
291	5
292	2
293	4
294	4
295	7
296	4
297	1
16681	1
298	5
299	4
16683	1
300	3
301	3
302	4
303	2
304	6
305	3
306	3
307	4
308	2
309	4
310	8
311	7
312	3
313	5
314	7
315	6
316	4
16700	1
317	7
318	3
319	2
320	7
321	3
322	3
323	6
324	2
325	7
326	5
327	7
328	8
329	11
330	7
331	4
332	8
333	4
334	8
335	6
336	3
337	2
338	6
339	9
340	2
341	6
342	4
16727	1
343	3
344	7
345	3
346	4
347	6
348	6
349	5
16734	1
350	3
351	1
352	6
353	2
354	7
355	6
356	8
357	3
358	5
359	5
360	6
362	4
363	7
364	7
365	6
366	5
367	10
368	2
369	9
370	3
371	4
372	3
373	8
374	7
375	9
376	3
377	4
378	3
379	7
380	3
381	3
382	3
383	5
384	3
385	8
386	7
388	2
389	3
390	4
391	8
392	1
393	2
394	5
395	5
396	3
397	6
398	4
16782	1
399	5
400	2
401	5
402	3
403	3
404	5
405	8
406	5
407	5
408	3
409	6
410	5
411	5
412	4
16796	1
413	8
414	6
415	3
416	8
417	5
418	5
419	5
420	4
421	4
422	2
16806	1
423	7
424	5
426	6
427	5
428	5
429	3
430	11
431	4
432	8
433	7
434	7
435	4
436	4
437	7
438	4
16822	1
439	5
440	4
441	4
442	7
443	2
444	5
445	5
446	3
447	6
448	8
449	4
450	7
451	5
452	5
453	5
454	7
455	5
456	4
457	5
16841	1
458	6
459	8
460	5
461	3
462	3
463	4
464	3
465	5
466	2
467	6
468	9
469	4
470	3
471	3
472	8
473	2
474	3
475	7
476	3
477	7
478	11
479	4
480	4
481	8
482	2
483	2
484	2
485	7
486	8
16870	1
487	3
488	4
489	6
490	3
491	5
492	2
493	2
494	4
495	6
496	5
497	5
498	3
499	4
500	3
16884	1
501	5
502	1
503	4
504	3
505	9
506	7
507	2
508	4
509	5
510	6
511	7
512	2
16896	1
513	5
514	2
515	3
516	4
517	4
518	4
519	5
520	6
521	1
522	4
523	5
524	8
525	6
526	3
527	4
528	5
529	3
530	4
16914	1
531	7
532	6
533	4
534	6
535	7
536	6
537	3
538	8
539	6
540	12
541	6
542	4
543	9
16927	1
544	4
545	3
546	8
547	5
548	2
549	5
550	4
551	4
552	6
553	2
554	4
555	4
556	5
557	4
558	4
559	10
561	4
562	7
563	11
564	3
565	3
566	4
567	4
568	4
569	2
570	4
571	2
572	2
573	7
574	6
575	3
576	6
577	2
16961	1
578	6
579	4
580	4
581	5
582	6
583	6
584	2
585	3
586	3
587	2
588	2
589	4
590	5
591	8
592	6
593	4
594	6
16979	1
596	5
597	1
598	3
599	5
600	2
601	3
16985	1
602	8
603	4
604	4
605	5
606	2
607	5
608	3
16992	1
609	6
610	5
611	9
612	3
613	5
614	4
615	9
616	8
617	7
618	10
619	5
620	1
621	3
622	3
623	2
624	6
625	4
626	3
627	4
628	5
629	3
630	7
631	4
632	6
633	3
634	4
635	6
636	6
637	5
638	7
639	3
640	7
641	2
17025	1
642	5
643	4
644	6
645	4
646	6
647	8
648	3
649	1
650	2
651	5
652	1
653	3
654	5
655	4
17039	1
656	4
657	1
658	4
659	3
660	2
661	11
662	4
663	8
664	3
665	1
666	5
667	7
668	5
669	5
670	4
671	6
672	3
673	3
674	5
675	2
676	6
677	2
678	3
679	5
680	3
681	8
682	6
683	7
684	6
686	2
687	3
688	4
689	5
690	6
691	5
693	1
694	5
695	7
696	6
17080	2
697	3
698	3
699	8
700	3
701	4
702	3
703	2
704	6
705	4
706	3
707	6
708	4
709	2
710	6
711	10
712	3
713	6
714	4
715	2
716	5
17100	1
717	3
718	5
719	5
720	5
721	8
722	5
723	6
17107	1
724	3
725	4
726	2
17110	1
727	3
728	14
730	5
17114	1
731	5
732	5
733	4
734	7
735	4
736	7
737	3
738	5
17122	1
739	2
17124	1
740	4
741	5
742	5
744	5
745	5
746	3
747	2
749	3
750	6
751	4
752	4
753	7
754	4
755	5
756	2
757	3
758	7
759	5
760	4
761	4
762	5
763	3
764	7
765	6
766	5
767	2
768	5
769	4
770	4
771	2
772	4
773	1
17157	1
774	6
775	5
776	3
777	5
778	5
779	6
17163	1
780	3
781	4
782	2
783	4
784	4
785	3
786	6
787	6
788	3
789	7
790	7
791	6
792	1
793	3
17177	2
794	5
795	6
796	4
797	2
798	4
799	6
800	5
17184	1
802	2
803	5
17187	1
804	2
805	3
806	7
807	5
808	3
809	4
810	2
811	5
812	6
814	5
815	5
816	1
817	2
818	9
17202	1
819	2
820	2
821	4
822	6
823	6
824	2
825	3
826	2
17210	1
827	4
828	2
829	5
830	2
831	7
832	4
833	5
834	3
835	8
836	5
837	5
838	6
839	4
840	3
841	6
842	2
843	3
844	5
845	6
846	4
847	2
848	6
849	6
850	6
851	3
852	3
853	10
854	1
855	6
856	5
857	3
858	1
859	4
860	8
861	3
862	6
863	5
864	5
17248	1
865	2
866	6
17250	1
867	6
868	5
869	5
870	5
17255	1
871	8
872	4
873	6
874	3
875	6
876	5
877	5
878	3
879	3
880	6
881	8
882	5
883	10
884	3
885	6
886	7
887	7
888	3
889	5
890	2
17274	1
891	6
892	6
893	5
894	5
895	3
896	3
897	2
898	3
899	4
900	5
901	2
902	3
903	3
904	3
905	6
906	2
907	4
908	4
909	5
910	6
911	1
912	4
913	6
914	5
915	7
916	5
917	3
918	4
919	5
920	6
921	4
922	5
923	7
924	3
925	3
926	3
927	5
928	3
929	5
930	2
931	3
932	4
933	8
934	3
935	2
936	6
937	6
938	3
939	8
940	4
941	3
942	6
17326	1
943	3
944	3
945	10
946	4
947	10
948	7
949	8
950	6
17334	1
951	4
952	2
953	7
954	3
955	5
17339	1
956	5
957	2
958	5
959	3
17343	1
960	7
961	3
962	3
963	1
17347	1
964	2
17348	1
965	2
966	1
967	3
968	7
969	8
970	2
971	1
972	3
973	5
974	3
975	3
976	4
977	7
978	4
979	2
980	6
981	1
982	5
983	4
984	3
985	5
986	5
987	4
988	4
989	4
990	6
991	5
992	6
993	8
994	3
995	1
996	5
997	7
998	1
999	4
1000	7
1001	4
1002	2
1003	3
1004	5
1005	6
1006	2
1007	6
1008	4
1009	4
1010	7
1011	4
1012	1
1013	3
1014	6
1015	4
1016	3
1017	4
1018	3
1019	4
1020	4
1021	6
1022	5
17406	1
1023	4
17408	1
1024	2
1025	3
1026	4
1027	7
1028	4
1029	5
1030	3
1031	7
1032	3
1033	7
1034	6
1035	2
1036	8
1037	3
1038	4
1039	5
1040	7
1041	3
17425	1
1042	2
1043	5
1044	5
1045	1
1046	5
1047	4
1048	4
1049	4
17433	1
1050	2
1051	4
1052	2
1053	2
1054	1
1055	6
1056	3
1057	8
1059	8
1060	8
1061	3
1062	7
1063	6
1064	3
1065	4
1066	4
1067	4
1068	4
1069	3
1070	7
1071	2
1072	3
1073	5
1074	2
1075	2
1076	3
1077	4
1078	3
1079	3
1080	5
1081	5
1082	2
1083	3
1084	5
1085	4
17470	1
1086	7
1087	4
1088	9
1089	4
1090	6
17474	1
1091	2
1092	3
1093	5
1094	2
1095	5
1096	7
1098	7
17482	1
1099	7
1100	4
1101	7
1102	2
1103	4
1104	2
1105	4
1106	7
1107	4
1108	2
1109	3
1110	4
1111	2
1112	4
1113	9
1114	4
1115	6
1116	2
1117	6
1118	6
1119	2
1120	5
1121	2
1122	1
1123	3
1124	1
1125	2
1126	4
1127	3
1128	3
1129	6
1130	3
1131	6
1132	5
1133	2
1134	7
1135	6
1136	5
1137	6
17521	1
1138	6
1139	3
1140	6
1141	4
1142	5
1143	5
1144	1
1145	5
1146	5
1147	5
1148	2
1149	2
1150	2
1151	6
17535	1
1152	7
1153	7
1154	2
1155	2
1156	7
1157	5
1158	4
1159	4
1160	5
1161	8
1162	2
1163	3
1164	5
1165	4
1166	6
17550	1
1167	9
1168	3
1169	6
1170	6
1171	4
1172	5
1173	4
1174	5
1175	7
1176	6
1177	6
1178	5
1179	3
1180	7
1181	5
1182	3
1183	4
1184	5
1185	5
1186	3
1187	4
1188	5
17572	1
1189	4
1190	4
1191	5
1192	1
1193	4
1194	4
1195	3
1196	3
1197	3
1198	4
1199	4
1200	5
1202	1
1203	5
1204	7
17588	1
1205	4
1206	5
1207	3
1208	10
1209	7
1210	5
1211	2
1212	3
1213	6
1214	7
1215	4
1216	2
1217	5
1218	3
1219	5
1220	4
1221	9
1222	5
1223	5
1224	3
1225	5
1226	2
1227	3
1228	3
1229	6
1230	5
1231	3
1232	8
1233	7
1234	6
1235	8
1236	5
1237	7
1238	2
17622	1
1239	6
1240	6
1241	8
1242	4
1243	3
1244	4
1245	5
1246	4
17630	1
1247	9
1248	6
1249	2
1250	3
1251	3
1252	4
1253	3
1254	1
17638	1
1255	5
1256	6
1257	5
1258	5
1259	3
1260	5
1261	4
17645	1
1262	8
1263	2
1264	6
1265	6
1266	6
1267	3
1268	5
17652	1
1270	7
1271	2
1272	5
1273	4
1274	3
1275	4
1276	1
1277	4
1278	6
1279	1
1280	9
1281	6
1282	5
1283	2
1284	4
1285	2
1286	5
1287	2
1288	6
1289	3
1290	6
1291	4
1292	6
1293	5
1294	6
1295	6
1296	5
17680	1
1297	4
1298	3
1299	6
1300	3
1302	5
1303	4
1304	9
1305	3
1306	7
1307	5
1308	7
1309	4
1310	3
1311	6
1312	1
1313	2
1314	6
1315	5
1316	3
1317	4
1318	2
1319	4
1320	1
17704	1
1321	3
1322	4
1323	5
1324	6
1325	2
1326	3
1327	3
1328	4
1329	7
1330	4
1331	6
1332	6
1333	6
1334	7
1335	4
1336	6
1337	5
1338	2
1339	3
1340	2
17725	1
1341	4
1342	7
1343	5
1344	7
1345	5
1346	3
1347	4
1348	2
1349	2
1350	3
1351	3
1352	6
1353	5
1354	7
1355	4
1356	3
1357	4
1358	5
1359	3
1360	3
1361	4
1362	4
1363	7
1364	2
1365	1
1366	3
1367	7
1368	5
1369	4
1370	1
1371	6
17755	1
1372	4
1373	1
1374	7
1375	2
1376	3
1377	6
17761	1
1378	6
17762	1
1379	3
1380	4
1381	2
1382	4
1383	4
1384	3
1385	8
1386	5
1387	4
1388	6
17772	1
1389	1
1390	7
1391	3
1392	7
1393	5
1394	2
1395	3
1396	4
1397	8
1398	6
1399	7
1400	5
1401	2
1402	3
1403	4
1404	3
1405	7
1406	3
1407	4
1408	7
17792	1
1409	3
1410	4
1411	4
1412	4
1413	3
1414	5
1415	3
1416	4
1417	3
1418	4
1419	7
1420	5
1421	4
1422	4
1423	2
1424	6
1425	4
1426	2
1427	4
1428	3
1429	2
1430	1
17814	1
1431	6
1432	5
1433	3
1434	5
1435	4
1436	7
1437	4
1438	7
1439	6
1440	4
1441	6
1442	3
1443	4
1444	2
1445	6
1446	5
1447	7
1448	5
1449	4
1450	5
1451	2
1452	7
1453	2
1454	6
1455	3
1456	5
17840	1
1457	8
1458	1
1459	7
1460	4
17844	1
1461	1
17846	1
1462	5
1463	4
1464	2
1465	7
1466	3
1467	3
1468	7
1469	5
1470	2
1471	4
1472	3
1473	5
1474	5
1475	4
1476	2
1477	2
17861	1
1478	4
1479	3
1480	5
1481	5
1482	6
1483	8
1484	5
1485	1
1486	5
1487	4
1488	5
1489	4
1490	8
1491	5
1492	10
1493	7
1494	5
1495	2
1496	2
1497	3
1498	4
17882	1
1499	7
1500	5
1501	4
1502	4
1503	8
1504	7
1505	6
1506	6
1507	4
1508	7
1509	4
1510	5
1511	5
1512	4
1513	2
1514	4
1515	3
1516	3
1517	4
1518	10
1519	6
1520	2
1521	1
1522	7
1523	4
1524	4
1525	7
1526	6
1527	6
1528	5
1529	3
1530	6
1531	5
1532	3
1533	9
1534	3
1535	4
17920	1
1537	4
1538	1
1539	2
1540	1
1541	3
1542	7
1543	4
1544	6
1545	2
1546	5
1547	4
17931	1
1548	2
1549	2
1550	4
1551	6
1552	2
1553	2
17937	1
1554	3
1555	6
1556	3
1557	3
1558	9
1559	5
1560	8
1561	8
1562	7
1563	3
1564	7
1565	4
1566	2
1567	3
1568	4
1569	2
1570	3
1571	6
1572	6
1573	2
1574	5
1575	3
1576	1
1577	7
1578	6
1579	6
1580	8
1581	8
1582	5
1583	4
1584	5
1585	5
1586	5
1587	4
1588	4
1589	10
1590	2
1591	5
1592	2
1593	4
1594	5
1595	2
1596	9
1597	7
1598	7
1599	4
1600	5
1601	5
1602	4
1603	6
1604	9
1605	4
1606	1
17990	1
1607	6
1608	5
1609	5
1610	3
1611	6
1612	5
1613	5
1614	3
1615	1
1616	6
1617	4
1618	4
1619	6
1620	7
1621	6
1622	6
1623	2
1624	5
1625	7
1626	5
1627	6
1628	3
1629	5
1630	6
1631	3
1632	5
1633	7
1634	3
1635	2
1636	4
1637	2
1638	9
1639	2
1640	7
1641	3
1642	4
1643	3
1644	5
1645	8
1646	3
1647	3
1648	4
1649	4
1650	3
1651	3
1652	3
1653	2
1654	1
1655	3
1656	5
1657	3
1658	8
1659	6
1660	5
1661	6
1662	3
1663	6
1664	7
1665	7
1666	7
1667	4
1668	1
1669	3
1670	2
1671	3
1672	3
1673	2
1674	6
1675	5
1676	4
1677	2
1678	3
1679	8
1680	2
1681	1
1682	6
1683	5
1684	1
1685	5
1686	4
1687	3
1688	6
1689	8
1690	4
1691	2
1692	5
18076	1
1693	1
1694	9
1695	3
1696	2
1697	6
1698	7
1699	5
1700	5
1701	4
1702	6
1703	8
1704	9
1705	3
1706	4
1707	2
1708	2
1709	2
1710	7
1711	3
1712	5
1713	8
1714	2
1715	2
1716	4
1717	6
1718	6
1719	3
1720	6
1721	2
18105	1
1722	2
1723	2
1724	3
1725	3
1726	5
1727	8
1728	5
1729	5
1730	8
1731	2
18116	2
1732	5
1733	6
1734	2
1735	4
1736	6
1737	4
1738	5
1739	4
1740	6
1741	4
1742	7
1743	4
1744	9
1745	6
1746	7
1747	5
1748	4
1749	3
1750	6
1751	2
1752	5
1753	2
1754	4
1755	2
1756	9
1757	7
1758	2
1759	6
18143	1
1760	5
1761	2
1762	6
1763	6
1764	6
18148	1
1765	1
1766	3
1767	3
1768	4
1769	4
1770	1
1771	4
1772	3
1773	5
1774	2
1775	5
1776	4
18160	1
1777	4
1778	2
1779	3
1780	5
1782	5
1783	6
1784	5
1785	4
1786	3
1787	5
1788	1
1789	5
1790	7
1791	4
1792	2
1793	5
1794	5
1795	6
1796	11
1797	1
1798	4
1799	6
1800	6
1801	4
1802	7
1803	3
1804	6
18188	1
1805	3
1806	2
1807	3
1808	2
1809	4
1810	7
1811	5
1812	7
1813	7
1814	3
1815	8
1816	3
1817	7
1818	3
1819	3
1820	6
1821	2
1822	4
1823	6
1824	2
1825	3
1826	2
1827	4
1828	5
1829	1
1830	5
1831	5
1832	5
1833	2
1834	3
1835	5
1836	5
1837	3
1838	7
18222	1
1839	4
18224	1
1840	1
1841	2
1842	7
1843	5
1844	5
1845	4
1846	5
1847	5
1848	1
1849	2
1850	8
1851	4
1852	5
1853	5
1854	5
1855	1
1856	10
1857	2
1858	2
1859	9
1860	3
1861	1
1862	5
1863	3
1864	5
1865	1
1866	1
1867	5
1868	3
1869	7
1870	6
1871	7
1872	6
1873	8
1874	3
1875	4
1876	5
18260	1
1877	6
1878	2
1879	5
1880	4
1881	6
1882	6
1883	7
1884	3
1885	4
1886	4
1887	8
1888	6
1889	4
1890	5
1891	4
1892	4
1893	6
1894	1
1895	3
1896	5
1897	4
1898	6
1899	10
1900	4
1901	6
1902	7
1903	8
1904	4
1905	4
1906	4
1907	3
1908	1
1909	8
1910	3
1911	5
1912	5
1913	4
1914	2
1915	7
1916	3
1917	5
1918	6
1919	3
1920	2
18304	1
1921	1
1922	3
1923	5
1924	5
1925	4
1926	4
1927	6
1928	7
1929	3
1930	1
1931	5
1932	2
1933	3
1934	5
18318	1
1935	5
1936	4
1937	2
1938	4
1939	5
1940	7
1941	5
1942	3
1943	3
1944	3
1945	3
1946	2
1947	6
1948	4
1949	4
1950	5
1951	4
1952	9
1953	4
1954	4
1955	4
1956	2
1957	4
1958	8
1959	5
18343	1
1960	8
1961	6
1962	3
1963	6
1964	1
1965	6
1966	4
1967	4
1968	4
1969	2
1970	5
1971	5
1972	4
1973	2
1974	4
1975	4
1976	7
1977	6
1978	4
1979	5
1980	3
1981	4
1982	4
1983	2
1984	6
1985	4
1986	6
1987	2
1988	2
1989	4
1990	6
1991	7
1992	2
1993	1
1994	3
1995	6
1996	1
1997	6
1998	5
1999	2
2000	4
2001	3
2002	2
2003	1
2004	2
2005	2
2006	4
2007	6
18391	1
2008	4
2009	2
2010	5
2011	3
2012	4
2013	8
2014	6
2015	6
18400	1
2016	3
2017	4
2019	3
2020	8
2021	1
2022	2
2023	3
2024	5
2025	4
2026	6
2027	4
18411	1
2028	5
2029	6
2030	5
2031	3
2032	4
2033	3
2035	2
2036	3
2037	4
2038	5
18422	1
2039	7
2040	8
2041	8
2042	4
2043	2
2044	10
2045	8
2046	3
2047	6
2048	6
2049	7
2050	5
2051	5
2052	3
2054	3
2055	3
2056	5
2057	6
2058	5
2059	1
2060	2
2061	6
2062	7
2063	4
2064	5
2065	2
2066	7
2067	5
2068	4
2069	5
2070	6
2071	3
2072	6
2073	4
2074	3
2075	5
2076	3
2077	4
2078	5
2079	8
2080	5
2081	2
2082	6
2083	5
2084	7
2085	7
2086	4
2087	6
2088	7
2089	4
2090	2
2091	5
2092	5
2093	7
2094	3
2095	3
2096	3
2097	8
2098	5
2099	4
2100	12
2101	4
2102	5
2103	4
2104	2
2105	6
2106	3
2107	6
18492	1
2108	2
2109	7
2110	9
2111	4
2112	2
2113	3
2114	5
2115	3
2116	2
2117	5
2118	2
2119	4
2120	7
2121	5
2122	1
2123	6
2124	4
2125	2
2126	3
2127	6
2129	3
2130	5
2131	4
2132	9
2133	6
2134	3
2135	4
2136	6
2137	7
2138	4
2139	3
2140	2
2141	5
2142	3
18526	1
2143	4
2144	6
2145	2
2146	7
2147	3
2148	5
2149	10
2150	5
2151	5
2152	5
2153	3
2154	8
2155	5
2156	2
2157	6
2159	1
2160	1
2161	9
2162	1
2163	5
2164	6
2165	7
2166	6
2167	6
2168	4
2169	4
2170	2
2171	5
2172	3
2173	3
2174	7
2175	4
2176	2
2177	3
2178	6
2179	3
2180	2
2181	3
2182	4
2183	6
2184	3
2185	4
2186	1
2187	7
2188	5
2189	2
2190	3
2191	4
2192	5
2193	4
2194	3
2195	5
2196	3
2197	10
2198	2
2199	7
2200	6
2201	6
2202	5
2203	5
2204	9
2205	2
2206	7
2207	4
18591	1
2208	5
2209	2
2210	9
2211	3
2212	9
2213	6
2214	4
2215	2
2216	7
2217	2
18601	1
2218	5
2219	3
2220	5
2221	5
2222	3
2223	3
2224	14
2225	4
2226	6
2227	2
2228	3
2229	6
2230	2
2231	2
2232	6
2233	3
2234	3
2235	6
2236	5
2237	7
2238	6
2239	3
2240	3
2241	2
2242	4
2243	2
2244	2
2245	4
2246	2
2247	2
2248	7
2249	5
2250	3
2251	8
2252	4
2253	2
2254	1
2255	3
18640	1
2256	1
2257	6
2258	4
2259	4
2260	9
2261	2
2262	7
2263	6
2264	2
2265	8
18649	1
2266	6
2267	1
2268	8
2269	3
2270	8
2271	2
2272	3
2273	7
2274	3
2275	7
2276	6
2277	2
2278	1
2279	2
2280	5
2281	3
2282	5
2283	3
2284	2
2285	4
2286	5
2287	4
2288	1
2289	5
2290	4
2291	7
2292	10
2293	6
2294	3
2295	1
2296	5
2297	9
2298	1
2299	8
2300	4
2301	5
2302	4
2303	4
2304	5
2305	6
2306	6
2307	5
2308	5
2309	4
2310	7
2311	1
2312	5
2313	6
2314	1
18699	1
2315	2
2316	9
2317	4
2318	12
2319	5
2320	5
2321	3
2322	6
2323	6
2324	4
2325	3
2326	6
2327	3
2328	4
2329	3
2330	5
2331	7
2332	2
18716	1
2333	3
2334	6
2335	4
2336	3
2337	5
2338	7
2339	7
2340	7
2341	3
2342	6
2343	4
2344	4
2345	2
2346	2
2347	4
18731	1
2348	3
2349	8
2350	5
2351	3
2352	4
2353	8
2354	4
2355	4
2356	5
2357	2
2358	2
2359	5
2360	4
2361	6
2362	5
2363	9
2364	9
2365	4
2366	2
2367	4
2368	5
2369	3
2370	6
2371	3
2372	5
2373	7
2374	6
2375	3
2376	3
2377	10
2378	3
2379	5
2380	1
2381	3
2382	4
2383	3
2384	6
2385	4
2386	2
2387	1
2388	3
2389	7
18773	1
2390	3
2392	4
2393	4
2394	5
2395	1
2396	5
2397	3
2398	3
2399	6
2400	6
2401	8
2402	5
2403	5
2404	5
2405	6
2406	4
2407	3
2408	10
2409	7
2410	3
2411	5
2412	4
2413	7
18797	1
2414	5
2415	7
2416	5
2417	2
2418	7
2419	6
2420	4
2421	4
2422	3
2423	3
18807	1
2424	5
2425	6
2426	3
2427	5
2428	2
18812	1
2429	3
2430	4
2431	4
2432	4
2433	6
2434	8
2435	1
2436	6
2437	2
2438	5
2439	6
2440	8
2441	3
18825	1
2442	9
2443	2
2444	8
2445	5
2446	2
2447	6
2448	7
2449	10
2450	5
2451	2
2452	1
2453	2
2454	5
2455	3
2456	5
2457	5
2458	4
2459	1
2460	3
2461	6
2462	6
2463	4
18847	1
2464	5
2465	1
2466	5
2467	4
2468	7
2469	3
2470	4
2471	5
2472	3
2473	7
2474	7
2475	2
2476	4
18860	1
2477	3
2478	5
2479	2
2480	4
18864	1
2481	6
2482	3
2483	8
2484	5
2485	1
2486	4
2487	7
2488	2
2489	4
2490	7
2491	7
18875	1
2492	1
2493	3
2494	6
2495	5
2496	5
2497	3
2498	6
2499	5
2500	4
2501	7
2502	3
2503	5
2504	4
2505	6
2506	6
2507	3
2508	5
2509	5
2510	5
2511	5
2512	7
2513	8
2514	2
2515	4
2516	8
2517	6
2518	6
2519	3
2520	2
2521	3
2522	5
2523	3
2524	5
2525	3
2526	4
2527	4
2528	5
2529	2
2530	3
2531	5
18915	1
2532	5
2533	1
2534	2
2535	6
2536	4
2537	2
2538	3
2539	3
2540	3
2541	5
2542	6
2543	1
2544	6
2545	5
2546	5
2547	2
2548	7
2549	5
2550	5
2551	5
2552	6
2553	5
2554	2
2555	8
2556	2
2557	4
2558	6
2559	7
2560	3
2561	1
2562	4
2563	3
2564	7
2565	5
2567	4
2568	3
2569	3
2570	4
2571	7
2572	3
2573	6
2574	2
2575	2
2576	5
2577	6
2578	3
2579	5
2580	1
2581	3
2582	5
2583	3
2584	3
2585	2
2586	4
2587	4
2588	3
2589	4
2590	3
2591	5
2592	5
2593	4
2594	3
2595	2
2596	2
2597	3
2598	6
2599	7
2600	5
2601	5
2602	3
2603	7
2604	4
2605	8
2606	9
2607	5
2608	6
2609	4
18993	1
2610	6
2611	1
2612	3
2614	2
2615	8
2616	4
2617	1
2618	3
2619	3
2621	7
2622	5
2623	4
2624	5
2625	4
2626	12
2628	6
2629	3
2630	3
2631	5
2632	4
2633	9
2634	11
19018	1
2635	2
2636	5
2637	6
2638	3
2639	2
2640	3
2641	6
2642	5
2643	6
2644	3
2645	4
2646	4
2647	1
2648	7
2649	8
2650	7
2651	4
2652	5
2653	3
2654	3
2655	5
2656	8
2657	6
2658	4
2659	4
2660	7
2661	4
2662	3
2663	3
2664	2
2666	1
2667	6
2668	2
2669	2
2670	4
2671	6
2672	3
2673	7
2674	5
2675	3
2676	3
2677	2
2678	3
2679	6
2680	5
2681	7
2682	5
2683	2
19067	1
2684	9
2685	6
2686	1
2687	3
2688	4
2689	5
2690	7
2691	3
2692	6
2693	3
2694	4
2695	3
2696	2
2697	3
2698	8
2699	3
2700	3
19084	1
2701	3
2702	2
2703	4
2704	2
2705	3
2706	7
2707	1
2708	4
2709	7
2710	7
2711	7
2712	6
19096	1
2713	4
2714	2
2716	2
2717	6
2718	3
2719	2
2720	3
2721	6
2722	4
2723	3
2724	4
2725	2
2726	2
2727	6
19111	1
2728	4
2729	2
2730	4
2731	4
2732	1
2733	4
2734	3
2735	4
2736	4
2737	5
2738	6
2739	3
2740	5
2741	5
2742	1
2743	5
2744	4
2745	5
2746	7
2747	5
2749	5
2750	5
2751	5
2752	4
19137	1
2753	1
2754	4
2755	3
2756	5
2757	6
2758	5
2759	5
2760	4
2761	5
2762	5
2763	3
2764	3
2765	4
2766	5
2767	3
2768	6
2769	10
2770	5
2771	2
2772	4
2773	4
2774	6
2775	3
2776	4
2778	5
2779	1
2780	2
2781	3
2782	1
2783	3
19168	1
2784	1
2785	2
2786	3
2787	5
2788	1
2789	6
2790	4
2791	4
2792	4
2793	1
2794	3
2795	5
2796	3
2797	2
2798	5
2799	3
2800	6
2801	3
2802	1
2803	7
2804	3
2805	5
2806	3
2807	3
2808	3
2809	5
2810	5
2811	4
2812	4
2813	3
2814	8
2815	6
2816	2
2817	4
2818	6
2819	5
2820	5
2821	5
2822	2
2823	2
2824	5
2825	5
2826	5
2827	1
2828	7
2829	2
2830	3
2831	3
2832	1
2833	2
2834	8
2835	6
2836	4
2837	4
2838	3
2839	6
2840	2
2841	3
2842	1
2843	3
2844	5
2845	3
2846	10
2847	4
2848	2
2849	5
2850	4
2851	3
2852	4
2853	7
2854	10
2855	3
2856	2
2857	1
2858	1
2859	2
2860	7
2861	4
2862	2
2864	3
2865	6
2866	8
2867	3
2868	6
2869	5
2870	6
2871	8
2872	4
2873	2
2874	5
2875	3
2876	2
2877	4
2878	6
2879	1
2880	2
2881	6
2882	4
2883	5
2884	3
2885	2
2886	4
2887	2
2888	2
2889	4
2890	6
2891	4
2892	8
2893	3
2894	5
2895	4
2896	4
2897	4
2898	5
2899	4
2900	8
2901	4
2902	6
2903	3
2904	5
2905	5
19289	1
2906	3
2907	3
2908	3
2909	2
2910	4
2911	6
2912	1
2913	1
2914	1
2915	4
2916	3
2917	3
2918	4
2919	4
2920	6
2921	3
2922	1
2923	4
2924	4
2925	1
2926	1
2927	3
2928	3
2929	5
2930	6
19314	1
2931	2
2932	3
2933	6
2934	2
2935	7
2936	1
2938	2
2939	5
2940	1
2941	3
2942	3
2944	3
2945	4
2946	2
2947	4
2948	6
2949	3
2950	8
2951	2
2952	8
2953	2
2954	3
2955	3
2956	4
2957	3
2958	1
2959	4
2960	5
2961	6
2962	8
2963	7
2964	3
2965	5
2966	7
2967	4
2968	8
19352	1
2969	2
2970	1
2971	5
2972	5
2973	5
2974	2
2975	4
2976	6
2977	2
2978	6
2979	5
2980	7
2981	6
2982	4
2983	6
2984	5
2985	2
2986	3
2988	8
2989	5
2990	11
2991	4
2992	6
2993	3
2994	8
2995	4
2996	4
2997	1
2998	3
2999	2
3000	3
3001	2
3002	3
3003	1
3004	2
3005	1
3006	4
3007	5
3008	2
3009	3
3010	1
3011	3
3012	4
3013	7
3014	4
3015	8
3016	6
3017	4
3018	5
3019	3
3020	5
3021	3
3022	1
3023	2
3024	3
3025	3
3026	5
3027	3
3028	8
3029	2
19413	1
3030	3
3031	1
3032	6
3033	2
3034	6
3035	6
3036	2
3037	4
3038	4
3039	1
3040	3
3041	5
3042	1
3043	2
3044	2
3045	3
3046	5
3047	3
3048	2
3049	5
3050	5
3051	4
3052	5
3053	4
3054	3
3055	5
3056	4
3057	7
3058	5
3059	2
3060	4
3061	2
3062	2
3063	3
3064	3
3065	6
3066	4
3067	4
3068	5
3069	2
3070	2
3071	6
3072	3
3073	2
3074	2
3075	3
3076	3
3077	4
3078	6
3079	7
3080	3
3081	1
3082	3
3083	5
3084	6
3085	5
3086	3
3087	2
3088	3
3089	6
3090	6
3091	9
3092	1
3093	8
3094	5
3095	2
3096	5
3097	3
3098	3
3099	6
3100	7
3101	5
3102	3
19486	1
3103	8
3104	5
3105	6
3106	1
3107	6
3108	1
3109	3
3110	1
3111	5
3112	3
3113	1
3114	7
3115	2
3116	2
3117	3
3119	3
3120	2
3121	2
19505	1
3122	5
3123	2
3124	1
3125	4
3126	2
3127	3
3128	6
3129	6
3130	2
3131	7
3132	6
3133	4
3134	5
3135	3
3136	1
3137	2
3138	5
3139	9
3140	5
3141	3
3142	3
3143	2
3144	2
3145	2
19529	1
3146	2
3147	2
3148	1
3149	6
3150	4
3151	1
3152	3
3153	5
3154	5
3155	6
3156	2
3157	1
3158	6
3159	2
3160	4
3161	5
3162	1
3163	7
3164	5
3165	5
3166	4
3167	3
3168	4
3169	6
3170	2
19554	1
3171	3
3172	1
3173	5
3174	4
3175	2
3176	4
3177	2
19562	1
3178	2
3179	6
3180	6
3181	3
3182	3
3184	2
3185	8
3186	2
3187	5
3188	6
3189	7
3190	5
3191	1
3193	3
3194	6
3195	3
3196	3
3197	7
3198	1
3199	6
3200	4
3201	7
3202	3
3203	6
3204	5
3205	4
3206	8
3207	5
3208	9
3209	4
3210	4
3211	3
3212	5
3213	5
3214	2
3215	5
3216	7
3217	2
3219	5
19603	1
3220	2
3221	6
3222	7
3223	5
3224	7
3225	5
3226	2
3227	1
3228	4
3229	3
3230	3
3231	4
3232	6
3233	3
3234	4
3235	5
3236	6
3237	4
3238	3
3239	6
3240	4
3241	4
3242	1
3243	4
3244	3
3246	2
3247	7
3248	5
3249	3
3250	5
19634	1
3251	3
3252	5
3253	4
3254	4
3255	2
3256	8
3257	3
3258	5
3259	4
3260	9
3261	2
3262	3
3263	4
3264	1
3265	3
3266	5
3267	3
3268	6
3269	6
3270	5
3271	2
3272	4
3273	6
3274	2
3275	5
3276	2
3277	2
3278	5
3279	4
3280	2
3281	5
3282	7
3283	4
3285	3
3286	4
3287	2
3288	2
3289	7
3290	5
3291	5
3292	5
3293	3
3294	4
3295	6
3296	8
3297	6
3298	7
3299	2
3300	8
3301	5
3302	8
3303	3
3304	2
3305	2
3306	8
3307	7
3308	4
3309	3
3310	3
3311	6
3312	5
3313	6
3314	4
3315	3
3316	1
3317	5
3318	1
3319	6
3320	2
3321	6
3322	1
3323	3
3324	2
3325	4
3326	8
3327	2
3328	6
3329	3
3330	4
3331	4
3332	4
3333	6
3334	2
3335	5
3336	6
3338	7
3339	4
3340	1
3341	4
3342	4
3343	1
3344	5
3345	5
3346	4
3347	2
3348	5
3349	4
3350	8
3351	4
3352	7
3353	3
3354	4
3355	3
3356	8
3357	5
3358	2
3359	7
3360	3
3361	3
3363	1
3365	3
3366	7
3367	3
3368	4
3370	2
3371	2
3372	4
3373	7
3374	1
3375	3
3376	4
3377	2
3378	3
3379	4
3380	7
3381	9
3382	4
3383	2
3384	2
3385	4
3386	3
3387	6
3388	4
3389	1
3390	3
3391	2
3392	3
3393	3
3394	6
3395	5
3396	5
3397	3
3398	1
3399	4
3400	5
3401	6
3402	5
3404	6
3405	7
3406	1
3407	6
3408	3
3409	2
3410	5
3411	2
3412	5
3413	5
3414	6
3415	1
3416	3
3417	2
3418	3
3419	4
3420	4
3421	3
3422	1
3423	4
3424	3
3425	1
3426	4
3427	6
3428	4
3429	8
3430	3
3431	5
3432	3
3433	1
3434	2
19818	1
3435	5
3436	3
3437	3
3438	1
3439	2
3440	2
3441	4
3442	3
3443	4
3445	8
3446	7
3447	5
3448	1
3449	4
3450	4
3451	5
3452	2
3453	1
3454	3
3455	5
3456	3
3457	2
3458	5
3459	1
3460	5
3461	2
3462	6
3463	5
3464	6
3465	4
3466	8
3467	5
3468	5
3469	3
3470	2
3471	4
3472	4
3473	3
3475	3
3476	2
3477	1
3478	1
3479	1
19864	1
3481	1
3482	4
3484	7
3485	1
3486	5
3487	3
3488	4
3489	6
3490	1
3491	4
3492	4
3493	2
3494	1
3495	1
3496	3
3497	3
3498	5
3499	4
3500	3
3501	9
3502	4
3503	4
3504	2
3505	3
3506	1
3507	5
3508	3
3509	5
3510	6
3511	5
3512	4
3513	1
3514	3
3515	4
3516	4
3518	6
3519	6
3520	6
3521	10
3522	3
3523	3
3524	3
3525	2
3526	9
3527	4
3528	3
3529	7
3530	3
3531	4
3532	2
3533	3
3534	2
3535	6
3536	4
3537	5
3538	3
3539	4
3540	4
3541	7
3542	3
3543	2
3544	4
3545	4
3546	4
3547	3
3548	2
3549	3
3550	5
3551	4
3552	4
3553	3
3554	2
3555	3
3556	4
3557	6
3558	1
3559	4
3560	1
3561	4
3562	9
3563	7
3565	4
3566	2
3567	9
19951	1
3568	10
3569	4
3570	3
3572	4
3573	1
3574	6
3575	5
3576	3
3577	3
3578	4
3579	2
3581	4
3582	3
3583	2
3584	4
3585	1
3586	8
3587	1
3588	2
19972	1
3589	7
3590	5
3591	6
3592	2
3593	2
3594	5
3595	1
3596	5
3597	6
3598	3
3599	1
3600	7
3601	5
3602	3
3603	2
3604	2
3605	3
3606	8
3607	3
3608	5
3609	1
3610	5
3611	2
3612	4
19996	1
3613	2
3614	3
3615	7
3616	1
3617	3
3618	3
3619	3
3620	2
3621	6
3622	4
3623	3
3624	4
3625	1
3626	3
3627	1
3628	5
3629	3
3630	3
3631	4
3632	5
3633	3
3634	3
3635	4
3636	1
3637	5
3638	4
3639	1
3640	1
3641	6
3642	5
20026	1
3643	2
3644	6
3645	3
3646	3
3647	3
3648	3
3649	7
3650	3
3651	1
3652	1
3653	2
20037	1
3654	5
3655	3
3656	2
3657	4
3658	5
3659	4
3660	2
3661	1
3662	6
3663	2
3664	1
3665	6
3666	3
3667	4
3668	4
3669	2
3670	4
3671	4
3672	3
3673	4
3674	5
3675	5
3676	4
20060	1
3677	5
3678	3
3679	4
3680	2
3681	3
3682	6
3683	6
3684	5
3685	6
3686	3
3687	3
3688	2
3689	4
3690	5
3691	2
3692	1
3693	5
3694	1
3695	3
3696	2
3697	1
3698	1
3699	4
3700	6
3701	5
3702	2
3703	2
3705	1
3706	3
3707	4
3708	3
3709	2
3710	6
3711	4
3712	6
3713	3
3714	3
3715	6
3716	2
3717	4
3718	5
3719	8
3720	6
3721	5
3722	10
3723	1
3724	4
3725	1
3726	5
3727	1
3728	5
3729	2
3730	6
3732	2
3733	1
3734	3
3735	4
3736	6
3737	4
3738	6
3739	3
3740	2
3741	1
3742	2
3743	7
3744	2
3745	4
3746	2
3749	5
3750	3
3751	5
3752	2
3754	6
3755	1
3756	3
3757	3
3758	3
3759	1
3760	2
3762	1
3763	7
3765	3
3766	2
3767	4
3768	5
3769	1
3770	3
3772	5
3773	5
3774	3
3775	1
3776	3
3777	3
3778	4
3779	4
3780	2
3781	5
3782	6
3783	6
3784	4
3785	5
3786	1
3787	6
3788	3
3790	1
3791	4
3792	5
3793	5
3794	1
3795	3
3796	2
3797	3
3798	3
3799	2
3800	1
3801	3
3802	3
3803	2
3804	4
3805	2
3806	1
3807	3
3808	4
3809	5
3810	7
3811	1
3812	4
3813	7
3814	4
3815	4
3816	4
3817	2
3818	3
3820	3
3821	4
3822	7
3823	7
3824	2
3825	6
3826	5
3827	6
3828	2
3829	3
3830	5
3831	5
3832	4
3833	2
3834	3
3835	2
3836	3
3837	1
3838	4
3839	2
3840	3
3841	3
3842	1
3843	3
3844	2
3845	4
3846	2
3847	1
3848	1
3849	3
3850	3
3851	3
20236	1
3852	2
3853	4
3854	5
3855	2
3856	3
3857	3
3858	3
3859	1
3860	2
3861	2
3862	4
3863	4
3864	2
3865	2
3866	3
3867	1
3868	5
3869	5
3870	3
3871	3
3872	5
3873	3
3874	3
3875	4
3876	1
3877	5
3878	4
3879	2
3880	3
3881	5
3882	3
3883	2
3884	2
3885	1
20270	1
3886	1
3888	7
3889	1
3890	5
3891	2
3892	6
3893	4
3894	2
3895	2
3896	8
3897	2
3898	1
3899	3
3900	5
3901	2
3902	1
3903	2
3904	5
3905	6
3906	2
3907	2
3908	1
3909	6
3910	4
3911	6
3912	1
3914	1
3915	2
3916	5
3917	4
3918	1
3919	4
3920	3
3921	3
3922	4
3923	2
3924	3
3926	3
3927	3
3928	3
3929	2
3930	2
3931	2
3932	1
3933	4
3934	1
3935	3
3936	5
3937	1
3938	2
3939	2
3940	4
3941	5
3942	4
3943	3
3944	3
3945	3
3946	4
3947	1
3948	4
3949	3
3950	3
3951	1
3952	3
3953	4
3954	2
3955	2
3956	3
3957	5
3958	3
3959	2
3960	2
3962	3
3963	4
3964	3
3965	2
3966	4
3967	4
3968	2
3969	4
3970	6
3971	2
3972	7
3973	3
3974	2
3975	2
3976	7
3977	2
3978	3
3979	6
3980	4
3981	3
3982	3
3983	4
3984	4
3985	3
3986	1
3987	1
3989	1
3990	3
3991	5
3992	2
3993	6
3994	3
3995	4
3996	3
3997	1
3998	3
3999	4
4001	1
4002	4
4003	2
20387	1
4004	1
20389	1
4005	2
4006	2
4007	1
4008	3
4009	1
4010	4
4011	2
4012	1
4013	3
4014	5
4015	3
4016	4
4017	3
4018	4
4019	3
4020	3
4021	2
4022	4
4023	3
4024	2
4026	4
4027	1
4028	7
20413	1
4029	1
4030	3
4031	3
4032	2
4033	1
4034	4
4035	5
4036	3
4037	3
4038	5
4039	2
4040	4
4041	3
4042	3
4043	2
4044	4
4045	1
4046	3
4047	5
4048	4
4049	1
4050	3
4051	2
4052	3
4053	4
4054	2
4055	1
4056	4
20440	1
4057	5
4058	5
4059	4
4060	4
4061	2
4062	6
20447	1
4064	4
4065	3
4066	1
4067	4
4068	4
4069	3
4070	3
4071	5
4072	4
4073	3
4074	4
4075	2
4076	6
4078	4
4079	1
4080	6
4081	1
4082	5
4083	2
4084	1
4086	3
4087	6
4088	2
4089	4
4090	5
4091	2
4092	3
4093	1
4094	1
4095	4
4096	1
4097	5
4098	1
4099	3
4100	3
4101	4
4102	4
4103	1
4104	5
4105	4
4106	1
4107	1
4108	5
4109	3
4110	5
4111	3
4112	3
4113	2
4114	3
4115	2
4116	6
4117	4
4118	4
4119	4
4120	2
4121	6
4122	2
4124	6
4125	4
4126	1
4128	3
4129	2
4130	5
4131	4
4132	3
4133	4
4134	2
4135	4
4136	3
4137	3
4138	1
4139	2
4140	2
4141	1
4142	1
4143	3
4144	5
4145	6
4146	5
20530	1
4147	3
4148	2
4149	1
4150	7
4152	3
4153	2
4154	4
4155	3
4156	2
4158	2
4159	1
4160	2
4161	4
4162	1
4164	6
4166	1
4167	4
4168	2
4169	7
4170	4
4171	5
4172	2
4173	2
4174	2
4175	5
4177	4
4178	5
4179	1
4180	4
4181	2
4183	5
4184	5
4185	2
4186	5
4187	3
4188	6
4189	2
4190	1
4191	1
4192	4
4193	2
4194	4
4195	4
20579	1
4196	3
20580	1
4197	3
4198	6
20582	1
4199	5
4200	2
4201	1
4202	1
4204	1
4206	4
4207	4
4208	4
4209	1
4210	4
4211	3
4212	2
4213	2
4214	3
4215	1
4216	3
4217	2
4218	5
4219	6
4221	4
4222	1
4223	4
4224	3
4225	3
4226	1
4227	3
4228	3
4229	3
4230	2
4231	1
4232	3
4233	3
4236	4
4237	2
4238	3
4239	3
4240	1
4241	8
4242	4
4243	4
4244	1
4245	1
4246	5
4247	2
4248	3
4249	2
4250	2
4251	3
4252	4
4253	1
4254	1
4255	2
4256	4
4257	5
4258	3
4259	3
4260	1
4261	4
4262	5
4263	3
4264	4
4265	6
4266	3
4267	3
4268	2
4269	1
4270	3
4271	3
4272	8
4273	1
4274	1
4275	2
4276	5
20660	1
4277	1
20661	1
4278	7
4279	1
4280	8
4281	3
4282	1
4283	1
4284	2
4285	5
4286	5
4287	2
4288	5
4290	2
4293	3
4294	1
4295	1
4296	4
4297	6
4298	7
4299	5
4300	3
4301	3
4302	1
4303	4
20687	1
4304	1
4305	3
4306	4
4307	4
4308	1
4309	3
4310	2
4311	4
4312	4
4313	2
4314	6
4315	2
4316	4
4317	3
4318	5
20702	1
4319	8
4320	6
4321	1
4322	3
4323	2
4324	3
20708	1
4325	2
4326	3
4327	4
4328	6
4329	3
4330	2
4331	3
4332	6
4333	9
4334	1
4335	6
4336	4
4337	1
4338	1
4339	4
4340	6
4341	2
4342	2
4343	1
4344	3
4345	5
4346	1
4347	3
4349	2
4351	2
4352	4
4353	4
4354	2
4355	7
4356	2
4357	2
4358	1
4359	2
4360	3
4361	2
4362	4
4363	1
4364	1
4365	3
4366	3
4367	4
4368	4
4369	3
4370	5
4371	3
4372	1
4373	2
4374	4
4375	5
4376	3
4377	4
4378	3
4379	6
4381	5
4382	4
4383	2
4384	3
4385	3
4386	2
20770	1
4387	2
4388	3
4389	2
4390	2
4391	3
4393	3
4394	1
4395	2
4397	2
4399	2
4400	5
4401	2
4402	1
4403	2
4404	2
4405	4
4406	5
4407	2
4408	3
4409	4
4410	5
4411	1
4412	3
4413	1
4414	4
4415	2
4416	1
4417	3
4418	3
4419	3
4420	3
4421	2
4423	2
4424	3
4425	4
4426	1
4427	4
4428	5
4429	1
4430	2
20814	1
4431	1
4432	4
4433	2
4434	4
4435	3
4436	1
4437	1
4438	1
4439	2
4441	5
4442	1
4443	4
4444	3
4445	1
4446	1
4447	5
20832	1
4448	2
4450	2
4451	5
4452	2
4453	1
4454	2
4455	3
4456	1
4457	2
4458	1
4459	2
4460	3
4461	3
4462	2
4463	6
4464	1
4465	2
4466	2
4467	3
4468	2
4469	1
4470	3
4471	3
20855	1
4472	4
4473	1
4474	3
4475	4
4476	3
4477	4
4478	3
4479	3
4480	4
4481	3
4482	3
4483	3
4484	2
4485	4
4486	1
4487	1
4488	3
4489	1
4490	3
4491	2
4492	3
4493	1
4494	5
4495	3
4496	2
4497	3
4498	2
4499	5
4500	4
4501	1
4502	8
4503	2
4504	3
4505	2
4506	2
4507	2
4508	1
4509	2
4510	2
4511	1
4512	1
4513	2
4515	3
4516	3
4517	4
4518	2
4519	2
4520	4
4521	3
4522	2
4523	1
4524	4
4525	1
4526	5
4528	4
4529	1
4530	2
4531	1
4532	1
4533	2
4534	2
4535	5
4536	1
4538	2
4539	7
4540	1
4541	5
4542	1
4543	2
4544	3
4545	1
4546	1
4547	4
4548	2
4549	2
4550	3
4551	2
4552	1
4553	3
4554	2
4555	2
4556	3
4557	3
4558	5
4559	4
4560	4
4561	4
4562	1
20946	1
4563	3
4564	1
4565	2
4566	2
4567	2
4568	1
4569	5
4570	1
4571	4
4572	4
4573	2
4574	2
4575	3
20959	1
4576	1
4577	1
4578	1
4579	2
4580	2
4581	5
4582	4
4583	1
4584	3
4585	6
4586	1
4587	3
4588	3
4589	1
4590	3
4591	2
4593	1
4594	2
4595	3
4596	5
4597	6
4598	2
4599	1
4600	2
4601	2
4602	3
4603	2
4604	5
4605	1
4606	2
4607	5
4608	2
4610	4
4611	4
4612	4
4613	2
4614	3
4615	4
4616	2
4617	3
4618	2
4619	1
4620	2
4621	2
4622	6
4623	1
4624	2
4625	3
4627	3
4628	4
4629	2
4630	2
4631	3
4632	3
4633	5
4634	2
4635	4
4636	2
4637	1
4638	4
4639	1
4640	5
4641	3
4642	7
4643	2
4644	3
4645	2
4646	2
21030	1
4647	1
4650	3
4651	3
4652	2
4653	4
4654	3
4655	3
4656	2
4659	4
4661	2
4662	4
4663	2
4664	3
4665	1
4666	2
4667	3
4668	6
4669	3
4670	3
4671	2
4672	2
4673	1
4674	5
4675	2
4676	1
4678	5
4679	2
4680	4
4681	2
4682	2
4685	2
4686	5
4687	3
4688	2
4689	2
4690	2
4691	7
4692	3
4693	3
4694	2
4695	2
4696	2
4697	4
4698	2
4699	3
4700	2
4701	4
4702	3
4703	1
4704	2
4705	2
4706	2
4707	5
4708	3
4709	4
4710	4
4711	3
4712	2
4713	1
4714	3
4715	3
4716	3
4717	4
4718	2
4719	4
4720	1
4721	2
4722	1
4723	4
4724	3
4725	6
4726	2
4727	2
4728	4
4729	1
4730	3
4731	5
4732	6
4733	2
4734	5
4735	5
4736	2
4737	1
4738	2
4739	2
4740	4
4741	1
4742	1
4743	2
4744	2
4745	3
4746	2
21132	1
4748	5
4749	1
4750	3
4751	5
4752	5
4753	2
4754	4
4755	3
4756	1
4757	2
4758	2
4759	2
4760	2
4761	3
4762	1
4763	3
4764	3
4765	3
4766	5
4768	3
4770	1
4771	5
4773	6
4774	4
4775	4
4776	4
4777	2
4778	1
4779	1
4780	4
4781	1
4782	3
4784	2
4785	3
4786	2
4787	4
4788	3
4789	4
4790	1
4791	3
4792	5
4793	2
4794	3
4795	4
4796	3
4797	3
4798	4
4799	3
4800	4
4801	1
4802	3
4803	5
4804	2
4805	3
4807	3
4808	3
4809	4
21193	1
4810	1
4811	2
4812	3
4813	3
4814	1
4815	2
4816	3
4817	5
21201	1
4818	3
4819	2
4820	1
4822	2
4823	3
4824	2
4825	3
4827	3
4829	3
4830	3
4831	4
4832	3
4834	3
4835	3
4836	3
4837	3
4838	2
4839	3
4840	4
4841	4
4842	2
4843	3
4844	1
4845	6
4846	6
4847	2
4848	1
4849	1
4850	2
4851	2
4853	2
4854	1
21239	1
4855	1
4856	1
4857	2
4858	1
4859	4
4861	4
4862	2
4863	2
4864	1
4866	2
4868	6
4869	1
4870	2
4871	2
4872	3
4873	3
4874	4
4875	2
4876	3
4877	2
4878	1
4879	1
4880	2
4881	5
4882	1
4883	3
4884	3
4885	2
4886	2
4887	4
4888	1
4889	4
4890	3
4891	1
4892	3
4893	2
4894	1
4895	1
4896	2
4897	5
4898	4
4899	2
4900	3
4901	4
4902	1
4903	1
4904	1
4905	4
4906	1
4907	4
4908	3
4910	1
4911	4
4912	1
4913	3
4914	1
4915	4
4916	2
4917	1
4918	1
4919	1
4920	1
4921	2
4922	1
4923	1
4924	3
4925	3
4926	2
4927	2
4928	8
4929	4
4930	3
4931	3
4932	3
4933	3
4934	1
4935	2
4936	3
4937	3
4938	4
4939	3
4940	2
4941	1
4942	2
4943	1
4944	3
4945	2
4946	4
4947	2
4949	2
4950	2
4951	3
4952	1
4953	1
4955	2
4956	5
4957	4
4958	4
4959	4
4960	3
4961	1
4962	2
4963	4
4964	3
4965	2
4966	3
4967	4
4968	5
4969	4
4970	5
21354	1
4971	4
4972	1
4973	2
4974	6
4975	1
4976	2
4977	4
4978	1
4979	9
4980	1
4981	2
4982	2
4983	1
4985	4
4986	3
4987	2
4988	2
4989	1
4990	2
4991	2
4992	3
4993	2
4994	3
4995	1
4996	2
4997	3
4998	2
4999	5
5000	3
5001	4
5002	3
5003	5
5005	6
5006	3
5009	5
5010	4
5011	6
5012	2
5013	2
5014	5
5015	5
5016	3
5017	3
5018	4
5019	2
5020	2
5021	1
5022	6
5023	3
5024	4
5025	1
5026	3
5027	4
5028	4
5029	2
5030	2
5031	3
5032	1
5033	5
5034	1
5037	5
5038	1
5039	3
5040	2
5041	3
5042	2
5043	3
5044	1
5045	1
5046	2
5047	2
5048	1
5049	4
5050	1
5051	3
5052	3
5053	1
5054	3
5055	3
5056	2
5057	4
5058	3
5059	2
5060	1
5061	5
5062	4
5063	1
5064	2
5065	4
5066	1
5067	3
5068	6
21452	1
5069	1
5070	2
5071	1
5072	2
5073	5
5074	2
5075	1
5076	3
5077	5
5078	1
5079	1
5080	5
5081	3
5082	1
5083	4
5084	2
5085	3
21470	1
5086	4
5087	2
5088	6
5089	3
5090	2
5091	1
5093	1
5094	6
5095	3
5096	3
5098	4
5099	3
5100	2
5101	1
5102	4
5103	1
5104	4
5105	3
5106	2
5107	1
5108	1
5109	3
5110	4
5112	4
5113	2
5114	5
5115	4
5116	1
5117	3
5118	3
5119	4
5120	3
5121	4
5122	1
5123	2
5124	4
5125	3
5126	1
5127	3
5128	2
5129	1
5130	2
5131	1
5132	2
5133	2
5134	1
5135	5
5136	5
5137	7
5138	3
5139	2
5140	1
5141	2
5142	1
5143	1
5144	2
5145	2
5146	6
5148	5
5149	4
5150	6
5151	1
5152	3
5153	2
5155	1
5156	1
5157	1
5158	5
5159	1
5160	1
5161	2
5162	2
5163	6
5164	2
5165	4
5166	2
5167	3
5168	4
5169	2
5170	2
5171	3
5172	3
5173	1
5174	4
5175	2
5176	2
5178	3
5179	2
5181	4
5182	2
5183	1
5184	2
5186	2
5187	2
5188	1
5189	2
5193	2
5194	1
5195	3
5196	6
5197	2
5198	2
5199	6
5200	1
5201	4
5202	5
5203	3
5204	2
5206	2
5207	1
21591	1
5208	2
5210	1
5211	2
5212	1
5213	4
5214	5
5215	3
5216	4
5217	1
5218	1
5220	1
21604	1
5221	1
5222	5
5223	4
5224	2
5225	5
5226	3
5227	4
5228	2
5229	2
5231	2
5232	3
5233	1
5237	2
5238	2
5240	2
5242	2
5243	3
5245	4
5246	1
5247	1
5249	3
5250	1
5251	1
5253	1
5254	1
5255	2
5256	2
5257	3
5258	2
5259	1
5261	4
5262	2
5263	3
5264	1
5265	7
5266	2
5267	3
5268	1
5269	2
5270	2
5271	3
5272	3
5273	3
5274	2
5275	7
5276	1
5278	1
5279	4
21663	1
5280	3
5281	1
5282	1
5283	1
5284	3
5285	1
5286	3
5287	1
5288	3
5289	2
5290	3
5291	1
5292	2
5294	3
5295	2
5296	2
5298	2
5299	2
5300	4
5303	3
5304	2
5305	1
5306	3
5307	1
5308	2
5309	4
5310	5
5311	3
5312	3
5313	1
5314	1
5315	3
5316	2
5317	5
5318	1
5320	4
5321	1
5322	2
5323	1
5324	2
5325	3
5326	2
5327	1
5328	1
5329	1
5330	2
5331	3
5332	1
5333	1
5334	3
5335	1
5336	3
5337	1
5338	1
5339	2
5340	3
5341	4
5342	1
5343	4
5344	1
5345	1
5346	4
5348	2
5349	2
5350	1
5351	1
5352	2
5353	2
5354	3
5355	4
5356	4
5357	3
5358	2
5359	5
5360	4
5361	5
5362	1
5363	2
5364	2
5365	2
5367	2
5368	5
5369	1
5370	2
5371	2
5372	3
5373	1
5374	1
5375	3
5376	4
5378	2
5379	2
5380	2
5382	2
5383	2
5384	3
5385	3
5386	2
5387	3
5388	3
5389	3
5390	5
5391	5
5393	3
5394	1
21778	1
5395	2
5396	2
5398	5
5400	2
5402	3
5404	1
5405	3
5406	3
5407	5
5409	2
5410	1
5411	2
5412	6
5413	8
5415	3
5417	2
5418	3
5419	2
5420	1
5421	3
5422	5
5423	2
5425	4
5426	4
5427	3
5428	1
5429	3
5430	1
5431	4
5432	2
21816	1
5433	3
5434	1
5435	3
5436	2
5437	3
5438	5
5439	3
5440	3
5441	3
5442	1
5443	1
5444	1
5446	2
5447	3
5448	4
5449	5
5450	1
5451	2
5452	2
5453	2
5454	1
5455	1
5456	3
5457	3
5458	4
5459	2
5460	1
5461	2
5462	2
5463	1
5465	3
5466	3
5467	5
5468	2
5469	1
5470	1
5471	1
5472	3
5473	3
5474	3
5475	2
5476	1
5477	1
5478	3
5479	3
5480	1
5481	4
5483	3
5484	1
5485	2
5486	2
5487	2
5489	3
5492	2
5493	3
5494	2
5495	3
5496	3
5497	2
5498	2
21882	1
5499	1
5500	1
5501	3
5502	1
5503	1
5505	1
5506	3
5508	3
5509	3
5510	1
21894	1
5511	1
5512	1
5514	5
5515	1
5516	1
5517	2
5518	2
5519	1
5520	5
5521	1
5522	1
5523	2
5524	1
5525	1
5526	1
5527	2
5528	3
5529	4
5530	1
5531	1
5532	2
5533	3
5534	4
5536	1
5537	1
5538	3
5540	2
5542	2
5543	2
5545	2
5546	1
5547	5
5548	3
5549	1
5550	1
5551	2
5552	2
5554	3
5555	2
5556	2
5557	1
5558	4
5559	2
5560	3
5561	1
5562	6
5564	1
5565	2
5567	3
5568	6
5570	1
5571	5
5572	3
5573	4
5574	3
5576	1
5577	1
5578	2
5579	3
5580	4
5581	1
5582	4
5583	1
5584	1
5585	2
5586	3
5587	2
5589	3
5590	1
5592	2
5593	2
5594	1
5595	1
5596	3
5598	2
5600	2
5601	2
5602	3
5603	1
5605	1
5606	2
5607	1
5609	2
5610	3
5611	3
5613	3
5614	2
5615	3
5616	2
5617	5
5618	1
5619	1
5620	2
5622	2
5624	3
5625	2
5627	1
5628	2
5629	2
5631	2
5632	3
5633	2
5639	1
5640	2
5642	2
5643	3
5644	1
5646	3
5647	2
5648	4
5650	2
5651	1
5652	2
5653	1
5654	3
5655	3
5656	1
5657	3
5658	4
5659	2
5660	2
5661	2
5662	1
5663	3
5664	3
5665	2
5667	2
5669	1
5670	1
5671	1
5672	3
5673	3
5674	2
5675	3
5676	3
5677	1
5680	1
5681	1
5682	2
5683	1
5685	5
5686	2
5687	4
5688	1
5689	6
5690	1
5691	3
5692	2
5693	1
5694	1
5695	2
5696	1
5697	1
5698	2
5699	2
5700	1
5701	2
5702	2
5703	1
5704	2
5705	1
5706	3
5707	2
5708	3
5709	2
5710	1
5711	2
22095	1
5712	1
5713	1
5714	3
5715	1
5716	2
5717	3
5718	4
5719	1
5721	2
5722	2
5723	1
5724	2
5726	3
5727	2
5730	2
5731	3
5732	1
5733	1
5735	1
5736	1
5737	1
5740	2
5741	1
5743	1
5744	1
5745	1
5746	2
5747	2
5749	2
5752	3
5753	1
5754	2
5755	1
5756	2
5757	1
5758	4
5759	3
5760	3
5762	4
5763	1
5764	1
5765	5
5766	1
5768	2
5769	2
5770	1
5771	2
5772	4
5773	2
5775	4
5776	1
5777	1
5778	2
5780	2
5781	2
5782	2
5783	1
5784	2
5785	2
5786	3
5787	1
5788	4
5790	1
5791	2
5792	2
5793	1
5794	2
5795	2
5796	1
5797	1
5798	2
5799	2
5800	2
5801	2
5802	6
5803	1
5805	4
5806	2
5807	5
5808	3
5809	1
5810	1
5811	1
5812	1
5813	1
5814	1
5816	4
5817	2
5818	1
5819	1
5820	3
5822	3
5823	3
5824	2
5826	1
5827	5
5831	2
5832	2
5834	2
5835	2
5837	1
5838	1
5839	3
5840	2
5841	2
5843	2
5844	1
5845	2
5846	2
5848	1
5850	5
5852	2
5853	6
5854	2
5856	3
5857	2
5858	4
5859	3
5860	5
5861	3
5862	3
5863	1
5864	1
5865	2
5866	2
5867	2
5868	4
5869	2
5870	1
5872	1
5873	3
5874	3
5875	2
5877	1
22262	1
5879	4
5880	1
5881	3
5882	1
5883	1
5886	1
5887	3
5888	1
5889	2
5891	2
5893	1
5894	1
5895	1
5896	1
22280	1
5897	7
5898	4
5899	1
5900	5
5901	2
5902	2
5903	3
5904	2
5906	3
22291	1
5908	2
5909	1
5910	3
5911	4
5912	3
5913	3
22297	1
22298	1
5915	2
5916	2
5918	3
5919	2
5920	4
5921	2
5922	2
5924	1
5927	2
5928	3
5929	1
5931	2
5932	3
5935	3
5936	1
5938	1
5940	1
5941	1
5942	2
5943	1
5944	4
5945	1
5946	1
22331	1
5947	3
5948	1
5949	4
5950	1
5951	1
5952	1
5954	1
5955	1
5956	2
5958	1
5959	1
5960	2
5961	4
5962	3
5963	1
5964	2
5966	3
5968	2
5969	2
5970	1
5973	1
5974	2
5976	3
5977	1
5978	1
5979	1
5980	2
5981	4
5982	2
5984	2
5985	2
5987	1
5988	1
5989	1
5990	4
5991	2
5992	1
5994	1
5997	1
6000	1
6001	1
6002	2
6003	2
6004	1
6005	1
6007	2
6009	3
6010	1
6011	3
6012	3
6013	3
6015	2
6016	4
6017	3
6018	1
6019	3
6020	1
6022	3
6023	1
6024	1
6026	3
6027	3
6029	1
6030	1
6031	5
6032	2
6033	1
6034	2
6035	2
6036	1
6037	1
6038	3
6039	1
6040	1
6041	1
6042	1
6043	2
6044	1
6045	2
6046	4
6047	1
6049	2
6050	2
6051	2
6053	2
6055	1
6056	2
6057	2
6058	1
6059	4
6060	2
6061	2
6063	1
6064	2
6065	4
6066	3
6068	1
6069	3
6070	1
6071	2
6072	4
6073	1
6075	2
6076	2
6078	2
6080	1
6081	2
6082	3
6084	1
6085	5
6086	2
6087	1
6088	2
6089	1
6090	2
6091	1
6092	1
6093	2
6094	4
6097	1
6098	5
6099	1
6100	5
6101	4
6102	1
6103	1
6104	3
6105	2
6106	4
6107	1
6109	2
6110	1
6111	4
6114	2
6115	3
6116	1
6117	1
6118	1
6119	1
6120	3
6121	1
6123	1
6124	1
6127	1
6128	2
6129	2
6130	1
6131	2
6132	1
6133	3
6134	4
6135	2
22519	1
6136	1
6138	2
6139	1
6140	3
6141	2
6142	2
6143	1
6144	2
6145	2
6146	1
6147	2
6148	1
6149	1
6150	2
6151	2
6153	1
6154	3
6155	2
6157	1
6158	2
6159	2
6160	3
6161	3
6162	1
6163	2
6164	2
6165	3
6167	2
6168	1
6169	2
6171	2
6172	3
6173	1
6174	2
6175	2
6176	3
6177	3
6180	1
6181	1
6182	1
6184	2
6186	2
6187	2
6188	2
6192	3
6193	1
6195	1
6196	1
6197	2
6200	1
6201	3
6202	1
6203	2
6204	3
6205	1
6206	3
6207	1
6209	3
6210	1
6213	1
6214	1
6215	2
6218	1
6219	2
6221	1
6222	1
6223	1
6224	1
6226	5
6227	2
6228	1
6229	1
6230	2
6231	3
6232	3
6234	2
6235	2
22620	1
6237	2
6238	1
6239	3
6241	2
6242	1
6244	2
6245	1
6246	4
6247	2
6248	2
6249	1
6250	3
6251	2
6252	2
6253	1
6254	2
6255	2
6256	1
6258	2
22643	1
6260	3
6261	5
6262	1
6263	4
6264	1
6265	2
6266	1
6267	2
6271	2
6272	1
6273	1
6274	1
6275	1
6277	2
6278	2
6279	1
6280	1
6282	3
6283	2
6285	1
6286	1
22670	1
6287	1
6288	1
6289	1
6290	2
6295	4
6296	2
6297	1
6299	1
6300	1
6301	1
6302	1
6305	2
6307	2
6308	1
6309	2
6310	3
6311	1
6312	3
6313	2
6314	1
6315	3
6316	1
6317	2
6319	4
6320	4
22704	1
6321	2
6322	1
6323	1
6324	1
6326	1
6327	2
6328	1
6331	1
6332	1
6334	1
6335	1
6336	1
6337	3
6338	2
6339	3
6340	1
6341	4
6344	2
6345	3
6346	2
6351	1
6352	1
6353	3
22739	1
6355	1
6356	1
6357	5
6358	2
6359	1
6360	2
6361	1
6362	2
6363	2
22747	1
6366	1
6367	1
6368	2
6369	2
6370	3
6371	2
6372	3
6374	1
6375	1
6376	4
6377	3
6379	1
6382	2
6383	1
6385	4
6386	1
6387	2
6388	2
6389	2
6393	1
6395	1
6396	1
6397	2
6398	2
6399	1
6400	2
6401	1
6403	1
6404	2
6405	1
6406	2
6407	1
6408	1
6410	2
6411	1
6412	2
6414	3
6416	1
6419	2
6420	1
6421	1
6423	1
6425	3
6427	3
6429	2
6431	1
6433	1
6434	1
6436	1
6438	1
6440	3
6441	1
6442	2
6444	1
6446	1
6447	2
6448	1
6449	1
6450	1
6452	1
6455	2
6456	1
6457	2
6458	2
6462	1
6465	1
6466	2
6467	1
6468	3
6469	2
6470	1
6472	1
6473	1
6474	2
6476	1
6477	1
6478	1
6479	3
6480	1
6482	1
6483	1
6484	1
6485	2
6486	2
6488	1
6489	1
6490	2
6491	2
6492	1
6493	2
6494	7
6495	2
6497	1
6498	1
6499	4
6500	1
6501	1
6502	2
6504	1
6505	3
6506	1
6507	4
6508	1
6509	2
6510	2
22895	1
6511	2
6512	1
6513	2
6517	3
6518	1
6519	4
6520	1
6521	1
6522	2
6523	3
6524	2
6525	1
6527	1
6528	2
6529	2
6531	2
6535	1
6538	1
6539	2
6540	1
6541	1
6543	2
6544	1
6546	3
22931	1
6548	1
6549	1
6553	2
6554	3
6555	2
6556	1
6557	1
6559	3
6561	1
6562	2
6563	2
6564	2
6566	5
6567	2
6568	1
6569	2
6570	2
6571	1
6572	1
6573	2
6575	1
6579	1
6581	1
6582	4
6583	1
6584	1
6585	1
6586	1
6587	1
6588	2
6589	2
6591	2
6592	2
6593	2
6594	1
6595	1
6596	3
6597	1
6601	1
6602	1
6605	1
6606	2
6607	1
6608	2
6610	1
6611	1
6612	2
6614	1
6615	1
6617	1
6618	2
6620	2
6622	4
6623	1
6624	3
6625	2
6626	1
6627	4
6628	2
6629	2
6630	3
6633	1
6634	2
6635	2
6636	1
6637	4
6638	1
6639	2
6640	1
6642	1
6643	2
6644	1
6645	3
6646	2
6647	1
23031	1
6649	4
6651	1
6652	2
6657	1
6658	1
6659	2
6660	1
6661	2
6662	3
6665	1
6666	1
6668	1
6669	3
6671	1
6672	1
6673	1
6675	1
6676	2
6677	1
6678	5
6679	2
6680	1
6681	2
6682	1
6683	1
6684	1
6685	1
6686	1
6690	1
6691	2
6692	4
6693	1
6694	1
6695	2
6696	2
6697	2
6698	1
6700	2
6701	2
6702	1
6703	1
6705	1
6706	2
6709	1
6710	1
6712	2
6713	1
6715	1
6718	1
6719	1
6720	3
6721	2
6723	2
6724	2
6725	2
6726	1
6727	2
6728	1
6729	1
6731	2
6732	3
6733	2
6734	2
6736	1
6737	1
6739	1
6744	1
23128	1
6745	1
6746	1
6747	5
6749	1
6750	1
6753	1
6754	3
6755	2
6760	5
6761	1
6762	2
6763	1
6764	1
6768	5
6769	1
6771	3
6772	1
6773	6
6774	3
6776	2
6777	3
6778	2
6779	1
6781	3
6783	1
6784	1
6785	2
6786	1
6787	1
6789	1
6790	1
6791	1
6792	2
6793	1
6794	1
6796	1
6797	1
6799	1
6800	1
6801	3
6802	1
6807	1
6809	1
6810	1
6811	3
6813	2
6814	1
6815	2
6816	1
6817	1
6819	1
6820	3
6821	1
6824	2
6825	1
6826	3
6827	4
6828	4
6831	1
6833	2
6834	1
6835	1
6837	1
6838	1
6839	2
6840	1
6842	1
6843	1
6846	1
6848	1
6851	3
6852	2
6853	2
6854	2
6856	1
6857	1
6858	2
6859	2
6862	1
6864	1
6865	1
6866	2
6867	1
6870	1
6871	1
6872	1
6873	3
6874	2
6875	1
6876	2
6877	1
6878	2
6879	4
6880	1
6881	2
6882	1
6883	1
6884	1
6886	1
6887	1
6888	2
6889	1
6890	1
6892	1
6894	1
23279	1
6896	2
6899	3
6901	2
6902	2
6903	4
6904	3
6906	2
6908	1
6909	1
6910	3
23295	1
6913	1
6914	1
6916	1
6917	1
6919	1
6920	1
6921	3
6922	2
6923	1
6924	2
6925	1
6926	1
6929	1
6932	1
6933	1
6936	1
6937	1
6939	1
6940	2
6941	2
6942	1
6944	1
6946	2
6947	1
6948	2
6951	2
6952	1
6954	1
6955	1
6956	2
6957	1
6958	2
6959	1
6960	1
6961	1
6964	1
6965	1
6966	2
6967	2
6970	1
6971	1
6973	1
6975	1
6976	2
6978	1
6979	2
6981	1
6984	1
6986	2
6987	2
6988	1
6990	2
6991	1
6995	2
6997	1
6998	2
6999	2
7000	2
7001	2
7003	1
7004	1
7005	1
7006	3
7007	2
7009	1
7010	1
7011	1
7012	1
7013	2
7014	1
7015	2
7016	2
7018	1
7020	2
7021	1
7023	1
7030	1
23418	1
7035	1
7036	2
7038	2
7039	1
7040	1
7041	1
7042	1
7043	1
7046	1
7047	1
7048	1
7050	1
7051	1
7053	2
7054	2
7055	1
7056	1
7057	1
7058	1
7059	1
7060	1
7061	4
7062	1
7063	1
7064	2
7065	2
7067	1
7069	1
7070	1
7071	1
7074	2
7075	4
7076	1
7077	1
7078	1
7079	2
7082	1
7083	1
23467	1
7084	1
7085	1
7086	1
7087	1
7088	2
7089	3
7090	1
7091	1
7093	2
7094	1
7095	1
7096	2
7099	2
7100	1
7101	4
7103	2
7104	3
23489	1
7108	1
23494	1
7111	2
7112	1
7113	1
7115	1
7117	1
7120	1
7121	1
7122	1
7123	1
7124	1
7125	1
7128	1
7129	1
7131	2
7132	1
7133	1
7134	2
7135	2
7136	1
7143	4
7145	1
7147	1
7149	2
7150	1
7152	1
7154	1
23539	1
7156	1
7158	3
7165	2
7166	2
7167	2
23551	1
7168	2
7169	1
7170	1
7171	1
7173	1
7174	3
7176	1
7177	1
7181	2
7182	1
7184	1
7186	3
7188	1
7189	3
7191	2
7192	1
7194	3
7195	1
7196	1
7198	1
7199	1
7200	1
7201	1
7202	1
7204	1
7205	1
7206	1
7209	3
7210	2
7212	2
7213	1
7216	1
7217	2
7218	2
7221	1
7222	2
7224	1
7225	3
7227	2
7228	2
7229	3
7231	1
7232	1
7234	1
7236	1
7239	1
7241	2
7243	1
7249	2
7253	2
7254	1
7256	1
7258	1
7259	3
7260	1
7261	3
7262	1
7263	2
7268	1
7269	1
7276	1
7282	2
7283	2
23668	1
7284	1
7285	1
7287	1
7288	1
7289	2
7290	2
7291	3
7292	2
7295	3
7296	2
7298	2
7299	2
7300	1
7303	2
7305	4
7306	1
7310	2
7311	1
7313	2
7314	2
7315	1
7320	3
7321	2
7324	2
7325	3
7330	1
7331	1
7333	1
7334	1
7335	4
7336	2
23721	1
7338	1
7339	1
7340	2
7342	3
7343	1
7345	1
7346	2
7347	3
7348	1
7349	2
7351	1
7352	1
7353	3
7354	1
7355	2
7359	1
7361	1
7364	1
23748	1
7365	3
7367	2
7368	3
7369	1
7370	2
7373	2
7375	2
7376	2
7377	1
7378	1
7380	1
7381	2
7382	2
7383	2
7387	1
7388	2
7390	2
7393	1
7395	1
7397	1
7398	1
7399	2
7400	1
7401	1
7402	2
23787	1
7403	1
7404	1
7406	4
7407	2
7409	4
7410	1
7411	2
7412	1
7413	2
7415	1
7416	2
7418	1
7419	2
7422	1
7423	1
7425	2
7426	1
7430	1
7434	1
7435	1
23819	1
7436	1
7437	1
7440	2
7441	1
7447	1
7448	1
23833	1
7450	1
7451	2
7452	1
7454	1
7458	1
7460	4
7461	2
7462	1
7464	1
7465	1
7466	1
7470	2
7472	1
7475	1
7477	2
7481	1
7482	1
7483	1
7484	1
7486	1
7488	1
7489	1
7490	1
7493	1
7494	2
7495	1
7497	2
7499	3
7500	1
7501	2
7502	1
7504	4
7506	1
7509	1
7511	1
7512	1
7517	1
7519	3
7520	2
7521	1
7523	1
7526	2
7527	3
7528	1
7529	1
7533	1
7536	1
7537	2
7541	1
7542	1
7543	2
7544	1
7545	1
7549	2
7552	2
7553	2
7555	1
7556	3
7557	2
7560	1
7561	3
7562	1
7564	1
7566	1
7568	3
7570	2
7571	1
7574	2
23960	1
7578	1
7579	1
7580	1
7581	1
23966	1
7583	3
7585	1
7586	1
7587	2
7588	1
7590	5
7591	3
7592	1
7593	3
7594	2
7596	1
7597	1
7600	2
7601	2
7602	1
7606	1
7607	1
7610	2
7611	2
7613	2
7614	1
7615	2
7617	1
7618	1
7619	1
7620	1
7621	3
7623	1
7629	2
7632	1
7633	1
7637	1
7638	2
7639	3
7641	3
7642	2
7643	1
7647	1
7651	1
7652	1
7653	2
7656	1
7657	1
7658	1
7660	1
7662	1
7663	2
7669	3
7670	1
7672	4
7675	1
7676	1
7678	1
7679	1
7687	2
7688	1
7691	1
7692	1
7695	1
7696	1
7699	2
7700	1
7702	1
7704	2
24090	1
7709	1
7710	1
7712	1
7714	1
7719	1
7720	1
7721	2
7723	1
7724	1
7725	2
7729	1
7731	2
7732	1
7735	2
7736	1
7737	1
7747	1
7749	1
7751	1
7752	1
7753	1
7754	2
7755	1
7756	2
7762	1
7765	1
7766	1
7767	2
7768	1
7769	1
7771	1
7772	1
7773	1
7775	1
7776	1
7777	2
7778	3
7783	1
7785	1
7788	2
7790	2
7794	2
7797	1
7799	2
7802	1
7805	1
7807	1
7811	3
7812	1
7815	1
7819	1
7821	2
7822	2
7825	1
7826	1
7827	1
7829	2
7830	1
24215	1
7832	1
7835	1
7837	1
7840	1
7841	2
7842	1
7843	1
7844	1
7845	1
7849	1
7852	1
7854	1
7855	1
7856	1
7857	2
24241	1
7860	1
7861	1
7862	1
7863	1
7866	1
24253	1
7871	1
7872	1
7873	1
7874	1
7879	3
7882	2
7884	5
7885	1
7888	1
7891	1
7897	1
7901	2
7902	1
7905	2
7906	2
7909	1
7910	2
7913	2
7915	1
7916	1
7917	2
7924	1
7925	2
7926	2
7928	1
7930	1
7931	1
7933	1
7936	1
7937	2
7940	1
7950	1
7951	1
7953	1
7954	1
7955	2
7957	2
7960	1
7967	2
7971	1
7973	1
7975	3
7976	1
7979	1
7980	1
7981	2
7982	2
7985	1
7989	1
7991	2
7992	1
7998	1
7999	1
8006	1
8007	1
8008	1
8012	1
8013	1
8014	2
8021	2
8029	1
8030	1
8032	1
8033	1
8034	1
8035	1
8036	1
8043	1
8044	2
8048	1
8049	1
8050	1
8053	1
8054	1
8055	2
8056	1
8057	1
8059	1
8061	1
8062	1
8063	1
8064	1
8065	2
8066	1
8067	1
8069	1
8070	1
8079	1
8081	1
8083	1
8084	2
8085	3
8086	1
8087	2
8088	1
8089	2
8090	1
8093	2
8094	2
8095	1
24487	1
8103	2
8106	1
8107	1
8108	1
8109	1
8110	1
8111	1
8113	1
8114	1
24501	1
8117	1
8118	1
8119	1
8121	1
8122	2
8126	1
8127	1
8131	1
8136	1
8137	2
8138	1
8139	2
24524	1
8141	1
8143	1
8144	1
8146	1
8148	1
8151	1
8155	1
8157	1
8158	1
8159	1
8163	1
8164	1
8165	1
8166	1
8171	1
8172	1
8182	1
8185	2
8189	1
8190	1
8193	1
8194	1
8196	1
8197	1
8198	1
8200	1
8202	2
8204	1
24589	1
8207	1
8209	2
8210	1
8212	1
8215	1
8216	1
8217	1
8221	1
8223	1
8224	1
8227	1
8228	2
8230	2
8231	1
8232	1
8233	1
8234	2
8235	1
8236	1
8239	2
8248	1
8249	1
8254	1
8258	1
8259	1
8260	1
8262	1
8265	1
8266	2
8268	1
8269	1
8273	2
8278	1
8281	1
8282	1
8286	1
8290	1
8291	1
8293	2
8295	1
8296	1
8297	2
8298	2
8302	1
8303	1
8304	2
8305	1
24692	1
8308	1
8312	1
8313	1
8314	1
8316	1
8319	1
8320	2
8321	1
8328	1
8329	1
8331	1
8334	1
8336	1
8337	1
8339	2
8340	1
8345	2
8348	1
8350	1
8351	1
8356	1
8360	1
8362	2
8363	1
8365	1
8367	1
8374	3
8375	1
24759	1
8378	1
8382	1
8383	1
8384	1
8385	1
8386	2
8388	1
8389	1
8392	2
8393	1
8397	1
8398	1
8403	1
8404	1
8405	1
8410	1
8411	2
8414	1
8421	2
8422	1
8423	1
8424	1
8427	1
8429	2
8430	1
8431	1
8432	1
8434	1
8435	2
8436	1
8441	1
8447	3
8449	1
8450	1
8456	3
8460	2
8465	1
8468	1
8470	1
8474	1
8475	1
8476	1
8480	2
8483	2
8489	2
8492	1
8493	1
8495	1
8498	1
8500	2
8501	1
8502	1
8505	3
8507	1
8509	1
8511	1
8512	2
8515	1
8519	2
8520	1
8521	4
8523	3
8524	1
8529	1
8531	1
8533	1
8535	1
8537	1
8540	1
8544	2
8547	2
8549	1
8553	2
8556	3
8557	1
8558	1
8561	1
8562	1
8566	1
8568	2
8570	1
8573	1
8576	2
8579	1
8581	1
8584	1
8585	2
8588	1
24975	1
8592	1
8595	1
24982	1
8600	2
8604	2
8605	1
8607	1
8608	1
8615	1
8617	1
8621	2
8628	1
8631	1
8632	1
8639	1
8649	1
8651	1
8653	1
8655	1
8657	1
8660	1
8663	3
8665	2
8674	2
8680	1
8682	1
8684	2
8692	1
8693	1
8694	1
8695	1
8696	1
8705	1
8707	1
8710	1
8715	2
8716	1
25103	1
8726	1
8727	1
8730	1
8731	1
8732	1
8736	1
8738	1
8739	1
8745	1
8750	2
8756	2
8757	1
8758	1
8763	1
8764	1
8765	1
8766	1
8771	1
8778	3
8780	1
8781	2
8782	2
8793	1
8796	2
8800	1
8801	1
8802	1
8806	2
8813	1
8814	1
25199	1
8816	1
8820	1
8821	1
8825	1
8828	1
8837	1
8838	3
8840	1
8844	1
8845	1
8849	1
8852	1
8855	1
8856	2
8857	1
8858	1
8859	1
8860	1
8861	1
8862	1
8863	1
8867	1
8874	2
8875	2
8878	1
8880	2
8884	1
8887	1
8888	3
8889	1
8895	1
8897	1
8899	1
8900	1
8901	1
8903	1
8904	1
8909	1
8912	1
8913	1
8915	1
8916	2
8918	1
8919	1
8921	1
8923	1
8924	1
8929	1
8939	1
8941	1
8944	1
8945	1
8948	1
8951	1
8952	1
8954	1
8956	1
8957	1
8958	1
8961	1
8962	1
8966	1
8967	1
8969	1
8970	1
8971	3
8975	1
8979	1
8985	1
8986	1
8991	1
8995	1
8996	2
8998	1
9001	1
9002	1
9004	2
9006	1
9008	1
9010	1
9011	1
9012	1
9025	1
9027	3
9033	1
9035	2
9036	1
9038	1
9039	1
9042	1
9044	1
9045	1
9046	1
9048	2
9052	1
9053	1
9055	1
9057	1
9065	1
9066	1
9067	1
9071	1
9081	1
9082	1
9083	1
9085	1
9088	1
9092	1
9094	2
9098	1
9100	1
9102	1
9103	1
9110	1
9111	1
9113	1
9119	1
9121	1
9126	2
9134	1
9139	2
9141	1
9143	1
9145	1
9150	1
9151	1
9153	1
9154	1
9157	1
9158	1
9159	1
9168	1
9169	1
9175	1
9181	1
9183	1
9187	1
9193	1
9197	1
9206	2
9208	1
9209	1
9210	1
9212	1
9218	2
9220	1
9222	1
9233	1
9234	2
9236	1
9238	1
9241	1
9249	1
9251	2
9254	1
9259	1
9260	1
9265	1
9268	1
9269	2
9274	1
9279	2
9281	1
9282	2
9285	1
9286	1
9291	1
9294	1
9295	2
9300	1
9302	2
9303	1
9307	1
9317	1
9319	1
9320	2
9321	1
9322	2
9323	1
9324	1
9329	1
9331	1
25717	1
9333	1
9335	1
9337	1
9340	1
9342	1
9343	1
9346	2
9358	1
9361	2
9362	1
9366	2
9374	1
9403	1
9404	1
9405	1
9406	1
9410	1
9413	1
9416	2
9422	1
9424	1
9427	2
9428	1
9431	1
9432	1
9436	1
9443	1
9444	1
9448	1
9450	1
9452	1
9455	2
9456	1
9457	3
9458	1
9459	1
9462	1
9472	1
9475	1
9481	1
9482	1
9493	1
9499	1
9504	3
9509	2
9512	1
9515	1
9517	1
9518	1
9519	2
9520	1
9521	2
9524	1
9525	2
9527	1
9538	1
9542	1
9549	3
9554	1
9563	2
9564	1
9568	1
9572	2
9576	1
9578	1
9579	1
9581	1
9584	2
9586	1
9587	3
9590	2
9592	1
9594	1
9599	2
9600	1
9609	1
9616	1
9624	1
9633	1
9634	2
9637	1
9642	1
9643	1
9644	1
9659	2
9661	1
9666	1
9668	1
9671	1
9674	1
9675	1
9679	2
9686	1
9687	1
9690	1
9692	1
9693	1
9695	1
9699	1
9701	1
9705	1
9713	1
9720	1
9721	2
9726	1
9733	1
9734	2
9736	1
9742	1
9743	1
9748	1
9752	1
9757	1
9759	1
9760	1
9763	1
9768	1
9770	1
9772	2
9775	1
9789	1
9790	2
9791	2
9792	1
9793	1
9794	1
9795	1
9800	1
9804	1
9807	1
9808	2
9815	2
9816	1
9818	1
9824	1
9826	1
9827	1
9831	1
9832	1
9835	1
9841	1
9845	1
9848	1
9850	1
9854	1
9855	1
9856	1
9858	1
9871	1
9875	1
9876	3
9879	1
9881	1
9882	1
9885	1
9887	1
9892	1
9893	1
9894	1
9895	1
9899	1
9900	1
9903	1
9904	1
9910	1
9913	1
9915	1
9917	1
9920	1
9922	1
9929	1
9930	1
9931	1
9943	1
9947	1
9956	1
9957	2
9962	1
9963	2
9972	1
9975	1
9978	1
9980	1
9986	1
9989	3
9991	1
9997	1
10002	1
10005	1
10008	1
10009	1
10017	1
10021	2
10026	1
10032	1
10034	1
10037	2
10038	1
10039	1
10041	1
10048	1
10049	1
10051	1
10052	1
10054	1
10055	1
10057	2
10061	1
10062	1
10066	1
10069	1
10072	1
10074	1
10080	2
10084	1
10085	1
10090	1
10092	1
10097	1
10098	1
10102	1
10105	1
10109	1
10117	1
10118	1
10119	2
10120	1
10121	2
10122	1
10123	1
10125	1
10127	1
10133	2
10135	1
10136	1
10137	1
10138	1
10145	1
10146	1
10152	1
10153	1
10154	1
10155	1
10160	1
10162	2
10165	1
10166	1
10170	1
10174	1
10175	1
10176	1
10177	1
10179	1
10185	1
10188	1
10190	2
10192	1
10201	1
10204	1
10216	2
10218	1
10219	1
10222	1
10224	1
10227	2
10229	1
10230	1
10231	1
10233	1
10238	1
10240	1
10241	1
10243	1
10245	3
10246	1
10248	1
10252	1
10253	1
10256	2
10257	1
10258	1
10259	1
10262	2
10266	1
10272	1
10277	1
10279	1
10284	2
10286	1
10287	1
10289	2
10293	2
10296	1
10299	1
10300	2
10308	1
10313	1
10317	1
10323	1
10324	1
10325	1
10328	1
10329	1
10330	2
10331	1
10333	1
10334	2
10335	1
10336	1
10337	1
10338	1
10339	1
10340	1
10341	1
10344	1
10345	2
10349	2
10354	1
10362	2
10365	1
10368	1
10370	1
10375	1
10376	1
10381	1
10388	2
10391	1
10393	2
10395	1
10403	1
10415	1
10424	1
10425	1
10427	1
10439	2
10441	1
10449	1
10452	3
10460	1
10461	1
10462	1
10464	1
10465	1
10468	1
10472	1
10473	2
10480	2
10481	1
10483	1
10487	1
10488	1
10489	3
10493	1
10495	2
10500	1
10504	1
10512	1
10515	1
10522	1
10544	1
10547	1
10549	1
10551	1
10552	1
10556	1
10558	1
10561	1
10562	1
10570	1
10572	1
10581	1
10591	1
10595	1
10604	1
10610	1
10612	1
10617	1
10623	2
10624	1
10632	2
10634	1
10637	2
10643	2
10649	1
10651	1
10660	1
10664	2
10670	1
10680	1
10683	1
10685	1
10686	2
10687	1
10688	1
10690	1
10691	1
10692	1
10694	1
10697	1
10698	1
10703	1
10708	2
10710	2
10712	1
10714	1
10717	1
10719	2
10721	1
10724	2
10737	1
10738	1
10741	1
10755	1
10756	1
10762	1
10763	1
10766	2
10770	1
10772	3
10775	1
10776	1
10793	1
10795	1
10797	1
10799	1
10806	1
10807	1
10808	2
10809	1
10811	1
10812	1
10814	2
10817	2
10820	1
10830	1
10852	1
10855	1
10857	2
10860	1
10862	1
10865	1
10868	1
10870	1
10873	1
10874	2
10891	1
10893	1
10896	1
10897	1
10900	1
10901	1
10903	1
10905	2
10919	1
10924	1
10927	1
10928	1
10930	1
10944	1
10950	2
10963	1
10964	1
10965	1
10969	1
10970	1
10979	1
10980	1
10981	1
10982	1
10983	1
10993	1
10994	1
10997	2
11003	2
11011	1
11023	2
11026	1
11028	1
11039	1
11056	1
11061	2
11065	1
11068	1
11069	1
11070	1
11074	1
11075	1
11079	1
11082	1
11094	1
11095	2
11104	1
11106	1
11115	1
11117	1
11120	2
11122	1
11123	1
11128	1
11131	1
11134	1
11137	2
11142	1
11146	2
11161	1
11168	1
11172	1
11186	1
11187	1
11211	1
11213	1
11218	1
11219	2
11223	1
11224	1
11230	1
11236	1
11237	1
11238	1
11247	1
11248	2
11252	1
11253	1
11255	1
11262	1
11269	1
11270	2
11277	1
11278	1
11287	1
11300	1
11301	1
11304	1
11308	1
11309	1
11312	1
11314	1
11317	1
11331	1
11334	1
11335	1
11339	1
11341	1
11346	1
11350	1
11356	1
11360	1
11361	1
11369	1
11370	1
11374	1
11380	1
11382	1
11386	1
11390	2
11391	2
11400	1
11409	1
11413	1
11415	1
11421	1
11422	1
11447	1
11449	1
11451	1
11452	1
11453	1
11459	1
11469	1
11471	1
11472	1
11476	1
11485	1
11486	1
11489	1
11490	2
11497	1
11498	1
11502	1
11504	1
11511	1
11513	1
11514	1
11529	1
11530	1
11531	1
11532	1
11533	1
11534	1
11539	1
11551	1
11563	1
11567	1
11568	1
11571	1
11575	1
11579	1
11589	2
11594	1
11597	1
11599	1
11610	3
11616	1
11627	1
11630	1
11641	1
11643	1
11646	1
11655	1
11660	2
11661	1
11662	2
11663	1
11667	1
11673	1
11676	1
11688	1
11698	1
11699	2
11700	2
11704	1
11706	1
11708	2
11717	1
11723	1
11727	1
11732	3
11735	1
11744	1
11745	1
11748	1
11750	1
11753	1
11756	1
11760	1
11762	1
11764	2
11780	1
11782	1
11785	1
11793	1
11794	1
11804	1
11810	1
11817	1
11825	1
11834	1
11835	1
11843	1
11846	1
11853	1
11860	1
11868	1
11869	2
11870	1
11872	1
11873	1
11877	1
11880	1
11882	1
11901	1
11908	1
11910	1
11911	1
11913	1
11914	1
11915	1
11919	1
11924	1
11928	1
11943	2
11949	1
11962	1
11968	1
11972	1
11974	1
11975	1
11977	1
11994	1
11996	1
11997	1
12002	1
12007	1
12010	1
12017	1
12019	1
12020	1
12032	1
12033	1
12036	1
12046	1
12052	1
12058	1
12059	1
12080	1
12083	1
12101	2
12105	1
12113	1
12115	1
12117	1
12122	1
12124	1
12125	1
12144	1
12145	1
12146	1
12152	1
12154	1
12156	1
12166	1
12173	1
12177	2
12186	2
12193	2
12194	1
12199	1
12200	1
12203	1
12207	1
12214	1
12216	1
12221	1
12224	1
12226	2
12227	1
12228	1
12232	1
12234	1
12238	1
12240	1
12246	1
12247	1
12268	1
12271	1
12279	1
12281	1
12299	1
12308	1
12309	1
12316	1
12323	1
12326	2
12327	1
12331	1
12332	1
12339	2
12345	1
12355	1
12356	1
12361	2
12366	1
12371	2
12379	1
12381	1
12387	1
12396	1
12404	1
12405	1
12407	1
12411	2
12413	1
12419	1
12424	1
12427	2
12429	1
12435	1
12441	1
12451	1
12452	1
12453	1
12459	1
12469	1
12471	1
12473	1
12475	1
12484	2
12488	1
12493	1
12498	1
12516	1
12518	1
12523	2
12525	1
12533	1
12536	1
12544	1
12562	2
12564	1
12567	1
12581	1
12583	1
12584	1
12586	1
12588	1
12602	1
12609	1
12612	1
12633	1
12636	1
12637	1
12641	1
12643	1
12644	1
12648	1
12651	1
12653	1
12659	1
12664	1
12668	1
12681	2
12690	1
12694	1
12703	1
12705	1
12711	1
12716	1
12723	1
12724	1
12726	2
12728	1
12730	1
12732	1
12734	1
12739	1
12745	1
12751	1
12755	1
12764	1
12769	1
12775	2
12780	2
12789	2
12795	1
12803	2
12812	1
12815	2
12816	2
12820	1
12824	1
12833	1
12835	1
12837	1
12838	1
12846	1
12854	1
12870	2
12874	1
12877	1
12878	1
12880	1
12884	1
12890	2
12893	1
12899	1
12903	1
12904	1
12905	1
12906	1
12909	1
12915	1
12916	1
12918	2
12921	1
12922	1
12925	1
12930	1
12934	1
12946	1
12950	1
12959	1
12961	1
12970	2
12982	1
12984	1
12990	1
12996	1
13005	1
13006	1
13010	2
13015	1
13022	1
13029	1
13030	2
13036	1
13039	1
13045	1
13052	1
13056	1
13057	1
13063	1
13070	1
13072	1
13073	1
13097	1
13101	1
13111	1
13113	2
13114	2
13119	1
13126	1
13127	1
13133	1
13136	1
13138	1
13139	1
13158	1
13163	1
13169	1
13182	1
13184	1
13187	2
13194	1
13198	1
13200	2
13205	2
13206	1
13208	1
13209	1
13210	1
13226	1
13228	1
13232	1
13240	1
13243	1
13245	1
13248	1
13249	2
13253	1
13257	1
13266	1
13270	1
13271	1
13274	2
13277	1
13278	1
13287	1
13302	1
13305	1
13309	2
13312	1
13314	2
13320	1
13321	1
13326	1
13331	1
13336	1
13340	1
13341	1
13343	2
13350	1
13353	1
13357	1
13362	1
13364	1
13367	1
13370	1
13371	1
13375	1
13377	1
13378	1
13380	1
13398	1
13399	1
13405	1
13407	3
13413	1
13426	1
13429	1
13430	1
13441	2
13442	1
13456	1
13457	1
13465	1
13474	1
13487	1
13496	1
13502	1
13504	1
13528	1
13535	1
13537	1
13538	1
13541	1
13547	1
13550	1
13555	1
13557	1
13561	1
13563	1
13564	1
13578	1
13586	1
13599	1
13601	1
13603	1
13606	1
13610	1
13616	1
13621	1
13622	1
13636	1
13639	1
13643	1
13660	1
13661	1
13666	1
13702	1
13705	1
13723	1
13724	1
13725	1
13727	1
13729	1
13744	1
13747	2
13749	1
13752	2
13753	1
13759	1
13768	1
13771	1
13778	1
13780	1
13789	1
13790	1
13793	1
13794	1
13798	1
13804	1
13811	1
13821	1
13825	2
13828	1
13839	1
13845	1
13848	1
13858	1
13860	1
13861	2
13862	1
13863	2
13875	1
13881	3
13897	1
13901	1
13904	1
13916	1
13922	1
13931	1
13934	2
13946	1
13950	1
13959	2
13960	1
13963	1
13969	1
13978	1
14004	1
14006	1
14011	1
14027	1
14028	1
14029	1
14032	2
14033	1
14035	1
14041	1
14051	2
14052	1
14054	1
14059	1
14065	1
14068	2
14071	2
14074	1
14085	1
14112	1
14118	1
14126	1
14136	1
14147	1
14148	1
14152	1
14155	1
14172	1
14180	1
14181	1
14186	1
14187	1
14188	1
14200	1
14202	1
14204	2
14220	1
14228	1
14236	1
14276	1
14278	1
14285	2
14286	1
14288	2
14289	1
14293	1
14297	1
14305	1
14307	1
14320	1
14321	1
14324	1
14328	1
14331	1
14337	1
14350	1
14371	1
14380	1
14395	1
14402	1
14408	2
14410	1
14412	1
14414	1
14418	1
14425	1
14446	1
14447	1
14450	1
14464	1
14466	1
14475	1
14488	1
14490	1
14493	1
14495	1
14496	1
14503	1
14507	1
14514	1
14530	1
14544	1
14548	1
14549	1
14559	1
14579	2
14585	1
14586	2
14593	1
14595	1
14604	1
14616	1
14621	1
14628	1
14629	1
14633	1
14638	1
14642	1
14651	1
14659	2
14676	1
14699	1
14718	1
14735	1
14752	1
14757	1
14761	1
14764	1
14780	1
14785	1
14786	1
14788	1
14808	1
14813	1
14836	1
14840	1
14841	1
14849	1
14861	2
14869	1
14874	2
14878	2
14882	1
14885	1
14888	1
14895	1
14903	1
14907	1
14909	1
14910	1
14923	1
14952	1
14954	1
14956	1
14966	1
14967	1
14977	1
14988	1
14992	1
14997	1
15010	1
15012	1
15016	1
15021	1
15024	1
15035	2
15036	1
15040	1
15043	1
15055	1
15058	1
15069	1
15083	1
15093	1
15117	2
15120	2
15126	1
15132	1
15141	1
15159	1
15160	1
15165	1
15176	1
15181	1
15183	1
15184	1
15216	1
15218	2
15223	1
15239	2
15245	1
15248	1
15253	1
15256	1
15260	1
15261	1
15262	1
15264	1
15269	1
15272	1
15275	1
15283	2
15297	1
15298	2
15304	1
15315	1
15318	1
15329	2
15331	1
15334	1
15336	1
15341	1
15344	1
15356	1
15360	1
15367	1
15386	1
15388	1
15390	1
15392	1
15393	2
15394	1
15400	1
15401	1
15404	1
15408	1
15431	1
15443	1
15465	1
15496	1
15513	1
15529	1
15530	1
15543	1
15544	1
15549	2
15551	1
15555	1
15558	1
15566	1
15578	1
15580	1
15593	1
15604	2
15609	1
15613	1
15623	1
15637	1
15638	1
15642	1
15650	2
15657	1
15664	1
15690	1
15702	1
15703	1
15712	1
15714	1
15731	1
15734	1
15742	1
15750	1
15776	1
15801	1
15802	1
15814	1
15822	1
15827	1
15828	1
15855	2
15857	1
15864	1
15872	1
15882	1
15889	1
15893	1
15900	1
15905	1
15917	1
15933	1
15946	1
15964	1
15967	1
15985	1
15986	1
15997	1
16002	1
16009	1
16035	1
16038	1
16057	2
16066	1
16138	1
16150	1
16178	1
16185	1
16187	1
16189	1
16203	1
16207	1
16213	1
16215	1
16216	1
16220	1
16230	1
16232	1
16238	1
16252	1
16265	1
16270	2
16291	1
16302	1
16321	1
16336	1
16349	1
16361	1
16364	1
16374	1
16375	1
16376	1
