1	12
2	9
3	3
4	5
5	3
6	6
7	6
8	9
9	8
10	8
11	10
12	5
13	7
14	5
15	9
16	15
17	12
18	12
19	10
20	13
21	8
22	16
23	5
24	12
25	4
26	9
27	7
28	8
29	4
16413	1
30	8
31	8
32	10
33	7
34	4
35	8
36	10
37	8
38	13
39	10
40	6
41	6
42	8
16427	1
43	5
44	8
45	10
16429	1
46	7
16430	1
47	13
48	7
49	9
50	10
51	8
52	3
53	4
54	3
55	10
56	7
57	9
58	4
59	5
60	6
61	9
62	3
63	3
64	9
65	5
66	6
67	6
68	4
69	12
70	7
71	8
72	4
73	6
74	5
75	3
76	8
77	12
16461	1
78	3
79	3
80	6
81	8
82	9
83	5
84	9
85	11
86	7
87	7
88	3
89	7
90	6
91	3
92	5
16477	1
93	8
94	10
95	8
96	10
97	12
98	4
99	7
100	6
101	8
102	9
103	4
104	6
105	5
106	15
107	9
108	4
109	5
110	13
111	10
112	8
113	7
114	11
115	6
116	7
117	10
118	9
119	11
120	8
121	6
122	8
123	7
124	10
125	7
126	11
127	11
128	4
129	9
130	9
131	12
132	10
133	8
134	8
135	7
136	7
137	8
138	6
139	12
140	14
141	11
142	10
143	12
144	4
145	5
146	13
147	12
148	14
149	7
150	7
151	8
152	13
153	7
154	10
155	6
156	10
157	9
158	7
159	9
160	7
161	12
162	8
163	7
164	10
165	10
166	5
16550	1
167	11
168	11
169	13
170	6
171	10
172	11
173	7
174	11
175	7
176	6
177	8
178	11
179	7
180	5
181	7
182	7
183	9
184	10
185	9
186	9
187	11
188	8
189	7
190	9
191	13
192	10
193	5
194	10
195	10
196	14
197	11
198	10
199	12
200	6
201	8
202	5
203	7
204	4
205	9
206	11
207	4
208	13
16592	1
209	12
210	7
211	6
212	15
213	9
214	7
215	6
216	9
217	14
218	6
16602	1
219	11
220	8
221	13
222	8
223	8
224	11
225	14
226	12
227	6
228	8
229	7
230	7
231	15
232	10
233	3
234	9
235	9
236	8
237	15
16621	1
238	14
239	10
240	5
241	8
242	10
243	10
16627	1
244	4
245	7
246	7
247	6
248	15
249	6
250	14
251	13
16635	2
252	16
253	7
254	7
255	7
256	11
257	7
258	10
259	10
260	11
261	14
262	9
263	5
264	13
265	10
266	14
267	7
268	5
269	10
270	5
271	11
272	7
273	9
274	9
275	9
276	8
277	16
278	11
279	9
280	8
281	8
282	4
283	7
284	11
285	7
286	11
287	6
288	7
289	4
290	8
291	7
292	11
293	8
294	8
295	6
296	8
297	3
298	9
16682	1
299	14
300	15
301	6
302	5
303	11
304	13
305	3
306	10
16690	1
307	4
308	8
309	10
310	9
311	7
312	8
313	6
314	5
315	9
316	12
317	10
318	10
319	9
320	10
321	5
322	9
323	8
324	12
325	11
326	6
327	10
328	9
329	7
330	15
331	18
332	12
333	8
334	4
335	7
336	6
337	6
338	7
339	10
340	8
341	7
342	4
343	8
344	5
345	10
346	8
347	10
348	12
349	11
350	8
351	8
352	6
353	10
354	8
355	11
356	11
357	13
358	10
359	14
360	8
361	6
362	7
363	11
364	11
365	10
366	6
367	8
368	4
369	8
370	5
371	10
372	8
373	9
374	8
16758	1
375	8
376	7
377	9
378	5
379	11
380	6
381	15
382	11
383	9
384	4
16768	1
385	6
386	9
387	12
388	13
389	10
390	8
391	7
392	11
393	13
394	10
395	8
396	6
397	9
398	9
399	3
400	2
401	8
402	6
403	10
404	11
405	9
16789	1
406	7
407	8
408	7
409	13
410	9
411	4
412	9
413	7
414	11
415	5
416	5
417	9
418	9
419	6
420	8
421	7
422	7
423	14
424	7
425	5
426	10
427	13
428	8
429	9
430	13
431	12
432	3
433	9
434	9
435	10
436	9
437	12
438	7
439	7
440	7
441	4
442	5
443	7
444	3
445	13
446	10
447	7
448	6
449	7
450	6
451	9
452	7
453	16
454	5
455	11
456	5
457	8
458	7
16842	1
459	8
460	9
461	8
16845	1
462	13
463	9
464	7
465	8
466	7
467	6
468	10
469	4
470	12
471	7
16855	1
472	4
473	8
474	10
475	2
476	10
477	5
478	8
479	7
480	9
481	6
482	8
483	14
484	7
485	9
486	13
16870	1
487	7
488	9
489	10
490	10
491	10
492	8
493	10
494	5
495	12
496	6
497	12
498	11
499	7
500	5
501	5
502	7
503	5
504	15
505	5
506	5
507	8
508	8
509	7
510	6
511	13
512	8
513	4
514	6
16898	1
515	12
516	7
517	8
518	9
16902	1
519	8
520	8
521	5
522	10
523	15
524	11
525	11
526	8
527	14
528	10
529	11
530	8
531	8
532	8
533	13
534	8
535	7
536	8
537	7
538	11
539	11
540	13
541	10
542	9
543	9
544	7
545	14
546	8
547	12
548	8
549	8
16933	1
550	10
551	2
552	10
553	6
554	9
555	8
556	10
557	6
558	9
559	6
560	5
561	8
562	8
563	6
564	5
565	9
566	10
567	5
568	12
569	7
570	13
571	8
572	8
573	11
574	9
575	10
576	10
577	7
578	5
579	7
580	7
581	12
582	7
583	2
584	7
585	5
586	9
587	13
588	5
589	7
590	11
591	11
592	7
593	5
594	2
595	10
596	10
597	8
598	10
599	9
600	7
601	15
602	3
603	8
604	9
605	6
606	6
607	13
608	13
609	10
610	5
611	8
612	9
613	6
614	13
615	7
616	6
617	13
618	5
619	8
620	10
621	5
622	12
623	10
624	8
625	4
626	8
627	8
628	6
629	6
630	9
631	6
17015	1
632	9
633	8
17017	1
634	12
635	12
636	6
637	11
638	11
639	8
640	9
641	10
642	12
643	3
644	7
645	18
646	10
647	1
648	5
649	8
650	11
651	15
652	6
653	8
654	7
655	13
17039	1
656	9
657	11
658	6
659	7
660	7
661	4
662	7
663	7
664	8
665	8
666	6
667	11
668	6
669	5
670	9
671	9
672	7
673	7
674	6
675	13
676	8
677	7
678	8
17062	1
679	14
680	10
681	9
682	4
17066	1
683	7
684	8
685	8
686	6
687	9
688	6
689	6
690	7
691	9
692	12
693	5
694	11
695	10
696	6
697	7
698	5
699	6
700	4
701	6
702	8
703	5
704	5
705	9
706	7
707	10
708	12
709	6
17093	1
710	11
711	7
712	9
713	10
714	9
715	13
716	12
717	9
718	8
719	5
720	5
721	8
722	10
723	5
724	13
725	11
726	5
727	8
728	9
729	5
730	6
17114	1
731	7
732	9
733	6
734	14
735	5
736	9
737	10
738	8
739	7
740	8
17124	1
741	8
742	8
743	6
744	9
745	9
746	11
747	10
748	10
749	13
750	4
751	11
752	15
753	6
754	8
755	9
756	8
757	5
758	13
759	9
760	6
761	11
762	7
763	9
764	8
765	4
766	12
767	14
768	10
769	6
770	12
771	6
772	6
773	12
774	14
775	9
776	9
777	8
778	2
779	11
780	5
781	7
782	12
783	13
784	6
17168	1
785	15
786	8
787	4
788	8
17172	1
789	7
790	8
17174	1
791	5
792	9
793	14
794	7
795	10
796	9
797	13
17181	1
798	10
799	5
800	9
801	6
802	11
803	7
804	9
805	8
17189	1
806	7
807	6
808	3
809	4
810	5
811	14
812	7
813	2
814	7
815	7
816	7
817	6
818	6
819	15
820	10
821	12
822	3
823	12
824	7
825	8
826	6
827	10
828	6
829	8
830	10
831	8
832	5
833	9
834	5
835	5
836	10
17220	1
837	6
838	13
839	7
840	10
841	12
842	8
843	15
844	9
845	6
846	14
847	5
848	6
849	11
850	5
851	9
852	9
853	3
854	8
855	16
856	14
857	10
858	8
859	8
860	14
861	9
862	6
863	8
864	12
865	9
866	4
867	5
868	7
869	10
870	12
871	9
872	7
873	9
874	8
875	11
876	8
877	13
878	12
879	2
880	11
881	10
882	4
883	8
884	10
885	3
886	8
887	9
888	6
889	6
890	8
17274	1
891	7
892	8
893	6
894	9
895	6
896	8
897	11
898	10
899	13
900	6
901	7
902	9
903	8
904	11
905	7
906	6
907	13
908	11
909	10
17293	1
910	7
911	6
912	4
913	4
914	10
915	13
916	8
917	6
918	12
919	9
920	2
921	15
922	9
923	9
924	12
17308	1
925	8
926	14
927	8
928	10
929	5
930	9
931	9
932	11
933	10
934	8
935	10
936	12
937	9
938	11
939	12
940	9
941	9
942	8
17326	1
943	5
944	7
945	12
946	12
947	6
948	6
949	8
950	10
17334	1
951	8
952	6
953	8
954	8
955	13
956	6
957	12
958	13
959	6
960	6
961	9
962	7
963	7
17347	1
964	5
17348	1
965	7
966	14
967	8
968	9
17352	1
969	14
970	10
971	8
972	14
973	9
974	8
975	8
976	13
977	9
978	10
979	8
980	11
981	5
982	5
983	12
984	7
985	5
986	6
987	9
988	14
989	10
990	9
991	9
992	4
993	5
994	5
995	4
996	9
997	4
998	12
999	4
1000	6
1001	3
17385	1
1002	6
17386	1
1003	7
1004	9
17388	1
1005	5
1006	6
1007	9
1008	7
1009	8
1010	4
1011	6
1012	9
1013	5
1014	9
1015	10
1016	3
1017	9
1018	5
1019	8
1020	8
1021	7
1022	10
1023	14
1024	9
1025	9
1026	9
1027	12
1028	9
1029	6
1030	11
1031	4
1032	8
1033	5
1034	11
1035	11
1036	13
1037	9
1038	11
1039	7
1040	8
1041	4
1042	12
1043	12
1044	13
1045	9
1046	6
1047	11
1048	14
1049	9
1050	3
1051	10
1052	11
1053	10
1054	7
1055	7
1056	5
1057	7
1058	7
1059	8
1060	8
1061	10
1062	10
1063	12
1064	6
1065	5
1066	7
1067	7
1068	7
1069	13
1070	12
1071	10
1072	6
1073	8
1074	9
1075	4
1076	8
1077	10
1078	14
1079	11
1080	11
1081	18
1082	8
1083	12
1084	7
1085	4
1086	11
1087	9
1088	14
1089	5
1090	5
1091	8
1092	12
1093	8
1094	7
1095	4
1096	4
1097	6
1098	12
1099	9
1100	6
17484	1
1101	5
1102	10
1103	6
1104	11
1105	11
1106	9
17490	1
1107	6
1108	11
1109	5
1110	10
1111	8
1112	13
1113	11
1114	8
1115	4
1116	7
1117	11
1118	6
1119	8
1120	12
17504	1
1121	15
1122	7
1123	7
1124	10
1125	12
1126	3
1127	10
1128	11
1129	5
1130	12
1131	5
1132	10
1133	8
1134	11
1135	11
1136	5
1137	12
1138	8
1139	7
1140	5
1141	9
1142	9
1143	7
1144	9
1145	12
1146	8
1147	7
1148	7
1149	2
1150	8
1151	10
1152	11
1153	6
1154	5
1155	8
1156	11
1157	13
1158	14
1159	14
1160	9
1161	8
17545	1
1162	6
1163	5
1164	12
1165	13
17549	1
1166	12
17550	1
1167	7
1168	4
1169	5
1170	7
1171	8
1172	9
1173	5
1174	9
1175	9
1176	10
1177	11
1178	5
1179	15
1180	6
17564	1
1181	10
1182	6
1183	6
1184	3
1185	12
1186	5
1187	10
1188	8
1189	8
1190	13
1191	8
1192	6
1193	12
1194	8
1195	11
1196	9
1197	11
1198	10
1199	6
1200	11
1201	9
1202	12
1203	11
1204	4
1205	11
1206	5
1207	15
1208	9
1209	6
1210	7
1211	7
1212	10
1213	10
17597	1
1214	8
1215	8
1216	8
1217	11
1218	4
1219	12
1220	10
1221	15
1222	4
1223	2
1224	5
1225	12
17609	1
1226	3
1227	5
1228	9
1229	8
1230	6
17614	1
1231	4
1232	15
1233	7
1234	7
1235	12
1236	8
1237	9
1238	4
17622	1
1239	11
1240	8
1241	8
1242	8
1243	6
1244	6
1245	7
1246	8
1247	8
1248	9
1249	8
1250	11
1251	11
1252	14
1253	8
1254	9
1255	8
1256	8
1257	8
1258	9
1259	8
1260	9
1261	6
1262	7
1263	2
1264	12
1265	17
1266	8
1267	4
1268	10
1269	5
1270	8
1271	11
1272	9
17656	1
1273	5
1274	7
1275	9
1276	8
1277	7
1278	8
1279	10
1280	11
1281	12
1282	12
1283	10
1284	4
1285	13
1286	13
1287	6
1288	12
1289	8
1290	7
1291	10
1292	8
1293	10
1294	9
1295	9
1296	9
1297	8
1298	10
1299	15
1300	6
1301	12
1302	12
1303	12
1304	8
1305	7
1306	7
1307	10
1308	12
1309	12
1310	10
1311	6
1312	10
1313	6
1314	3
1315	8
1316	6
1317	7
1318	8
1319	9
1320	13
1321	4
1322	7
1323	6
1324	4
1325	6
1326	14
1327	8
1328	6
1329	13
1330	10
1331	9
1332	11
1333	7
1334	7
1335	10
1336	5
1337	5
1338	10
1339	4
1340	12
1341	10
1342	5
1343	5
1344	4
1345	4
1346	7
1347	5
1348	9
1349	4
1350	10
1351	10
1352	8
1353	5
1354	3
1355	8
1356	9
1357	11
1358	6
1359	7
1360	4
1361	9
1362	6
1363	8
1364	5
1365	6
1366	11
1367	12
1368	10
1369	5
1370	8
1371	15
17755	1
1372	7
1373	10
1374	3
1375	9
1376	10
1377	6
1378	9
1379	6
1380	6
1381	9
1382	7
1383	10
1384	6
1385	4
1386	9
1387	5
1388	10
17772	1
1389	13
1390	12
1391	12
1392	12
1393	8
1394	15
1395	10
1396	8
1397	6
1398	11
1399	7
1400	7
1401	11
1402	9
1403	6
1404	6
1405	7
1406	10
1407	14
1408	9
1409	8
1410	7
1411	8
1412	9
1413	14
1414	10
1415	9
1416	9
1417	9
1418	7
1419	12
1420	7
1421	4
1422	5
1423	9
1424	9
1425	8
1426	8
1427	9
1428	10
1429	8
1430	4
17814	1
1431	10
1432	15
1433	12
1434	5
1435	8
1436	9
1437	3
1438	7
1439	15
1440	13
1441	2
1442	8
1443	12
1444	8
1445	3
1446	6
1447	6
1448	7
1449	6
1450	8
1451	9
1452	4
1453	10
1454	9
1455	5
1456	8
1457	17
1458	9
1459	11
1460	5
17844	1
1461	6
1462	1
1463	14
1464	7
1465	9
1466	5
1467	12
1468	5
1469	8
1470	10
1471	6
1472	7
1473	6
1474	10
1475	8
1476	10
1477	5
1478	9
1479	2
1480	7
1481	5
1482	7
1483	7
1484	9
1485	8
1486	4
1487	5
1488	6
1489	9
1490	7
1491	12
1492	8
1493	7
1494	10
1495	13
1496	8
1497	3
17881	1
1498	6
1499	7
1500	7
1501	4
1502	7
1503	9
1504	8
1505	7
1506	8
1507	7
1508	3
1509	8
1510	7
1511	6
1512	9
1513	9
1514	12
1515	8
1516	9
1517	7
1518	7
1519	4
1520	13
1521	14
1522	6
1523	4
1524	8
1525	8
1526	8
1527	9
1528	4
1529	9
1530	5
1531	13
1532	6
1533	6
1534	4
17919	1
1535	10
1536	8
1537	5
1538	10
1539	9
1540	3
1541	7
1542	5
1543	8
1544	8
1545	5
1546	13
1547	6
1548	7
1549	12
1550	7
1551	18
1552	3
1553	4
1554	6
1555	9
1556	7
1557	8
1558	5
1559	4
1560	9
1561	7
1562	6
1563	10
1564	6
1565	9
1566	5
1567	5
1568	4
1569	11
1570	17
1571	7
1572	4
1573	8
1574	11
1575	8
1576	8
1577	8
1578	11
1579	12
1580	9
1581	4
1582	10
1583	7
1584	7
1585	11
1586	6
1587	5
1588	7
1589	9
1590	7
1591	4
1592	9
1593	6
1594	8
17978	1
1595	8
1596	6
1597	12
1598	5
1599	10
1600	4
1601	7
1602	9
1603	5
1604	2
17988	1
1605	8
1606	7
1607	9
1608	6
1609	5
1610	8
1611	11
1612	12
1613	11
1614	6
1615	4
1616	6
1617	6
1618	8
1619	5
1620	4
1621	5
1622	6
1623	4
1624	6
1625	4
1626	6
1627	6
1628	13
1629	11
1630	2
1631	8
1632	8
1633	6
1634	6
1635	5
1636	14
1637	7
1638	8
1639	9
1640	7
1641	8
1642	7
1643	10
1644	7
1645	7
1646	7
1647	4
1648	2
1649	3
1650	8
1651	4
1652	4
1653	12
1654	5
18038	1
1655	7
1656	9
18040	1
1657	5
1658	6
1659	6
1660	4
1661	6
1662	5
1663	3
1664	10
1665	6
18049	1
1666	10
1667	8
1668	2
1669	6
1670	6
1671	7
1672	8
1673	4
1674	6
1675	7
1676	11
1677	3
1678	6
1679	7
1680	4
1681	3
1682	11
1683	11
1684	8
1685	4
1686	2
1687	9
1688	8
1689	4
1690	6
1691	12
1692	8
18076	1
1693	8
1694	6
1695	5
1696	5
1697	5
1698	10
1699	6
1700	4
1701	3
1702	4
18086	1
1703	8
1704	8
1705	8
1706	8
1707	5
1708	7
1709	5
1710	6
1711	6
1712	8
1713	3
1714	4
1715	5
1716	7
1717	2
1718	8
1719	9
1720	2
1721	8
1722	6
1723	8
1724	6
1725	4
1726	4
1727	11
1728	7
1729	4
1730	10
1731	6
1732	8
1733	6
1734	6
1735	8
1736	5
1737	9
1738	4
1739	7
1740	8
1741	7
1742	9
1743	5
1744	10
1745	3
1746	9
1747	4
1748	4
1749	4
1750	3
1751	3
1752	9
1753	7
1754	8
1755	5
1756	9
1757	3
1758	5
1759	5
1760	5
1761	6
1762	4
1763	5
18147	1
1764	9
1765	5
1766	7
1767	5
1768	3
1769	5
1770	8
1771	5
1772	6
1773	6
1774	11
1775	7
1776	4
18160	1
1777	5
1778	7
1779	11
1780	2
1781	5
18165	1
1782	8
1783	4
1784	5
1785	5
1786	5
1787	7
1788	4
1789	8
1790	5
1791	7
1792	5
1793	5
1794	10
1795	8
1796	3
1797	5
1798	6
1799	3
1800	5
1801	9
1802	7
1803	4
1804	9
18188	1
1805	7
1806	8
1807	6
1808	6
1809	4
1810	3
1811	5
1812	8
1813	8
1814	5
1815	5
1816	15
1817	4
1818	6
1819	10
1820	11
1821	9
1822	4
1823	6
1824	2
1825	8
1826	5
1827	8
1828	9
1829	7
1830	9
1831	5
1832	4
1833	8
1834	8
1835	10
1836	11
1837	9
1838	3
1839	5
18223	1
1840	5
1841	9
1842	3
1843	3
1844	3
1845	8
1846	8
1847	8
1848	4
1849	8
1850	8
1851	9
1852	3
1853	7
1854	4
1855	6
1856	3
1857	4
1858	6
1859	6
1860	3
1861	7
1862	6
1863	3
1864	5
1865	3
1866	6
1867	7
1868	4
1869	8
1870	7
1871	4
1872	6
1873	8
1874	6
1875	4
1876	3
1877	4
1878	3
1879	10
1880	11
1881	6
1882	3
1883	5
1884	6
1885	7
1886	5
1887	9
1888	5
1889	6
1890	9
1891	8
1892	8
1893	8
1894	8
1895	11
1896	7
1897	5
1898	9
1899	3
1900	3
1901	10
1902	6
1903	2
1904	3
1905	7
1906	8
1907	3
1908	4
1909	3
1910	3
1911	9
1912	4
1913	3
1914	6
1915	7
1916	2
1917	5
1918	8
1919	10
1920	4
1921	6
1922	10
1923	7
1924	8
1925	7
1926	5
18310	1
1927	11
1928	10
1929	6
1930	4
1931	8
1932	3
1933	11
1934	7
1935	7
1936	5
1937	5
1938	9
1939	5
1940	3
1941	4
1942	5
1943	6
1944	6
1945	5
1946	8
1947	1
1948	7
1949	7
1950	11
1951	3
1952	7
1953	2
1954	5
1955	4
1956	7
1957	4
1958	3
1959	7
18343	1
1960	9
1961	11
1962	9
1963	4
1964	3
1965	4
1966	8
1967	3
1968	8
1969	2
1970	4
1971	9
1972	7
1973	3
18357	1
1974	6
1975	5
1976	1
1977	5
1978	5
1979	9
1980	4
1981	5
18365	1
1982	6
1983	7
1984	7
1985	7
1986	4
1987	7
1988	8
1989	8
1990	4
1991	4
18375	1
1992	5
1993	3
1994	4
1995	5
1996	5
1997	8
1998	3
1999	5
2000	13
18384	1
2001	7
2002	2
2003	8
2004	4
2005	2
2006	3
2007	4
2008	9
2009	3
2010	4
2011	8
2012	4
2013	8
2014	6
2015	5
2016	6
2017	8
2018	9
2019	5
2020	7
2021	5
2022	6
2023	8
2024	4
2025	5
2026	6
2027	6
2028	4
2029	3
2030	2
2031	9
2032	8
2033	4
2034	6
2035	7
2036	5
2037	6
2038	10
2039	6
2040	3
2041	1
2042	6
2043	4
2044	3
2045	3
2046	4
2047	6
2048	4
2049	4
2050	7
2051	9
2052	7
2053	5
2054	5
2055	3
2056	5
2057	6
2058	3
2059	8
2060	4
2061	9
2062	3
2063	6
2064	9
2065	5
2066	12
2067	9
2068	5
2069	8
18453	1
2070	6
2071	5
2072	8
2073	6
2074	3
2075	3
2076	8
18460	1
2077	2
2078	4
2079	7
2080	4
2081	2
2082	5
2083	12
2084	4
2085	6
2086	5
2087	6
2088	6
2089	8
2090	5
2091	4
2092	6
2093	9
2094	5
2095	9
2096	6
2097	7
2098	10
2099	7
2100	9
2101	1
2102	5
2103	7
2104	6
2105	8
2106	3
2107	8
2108	2
2109	3
2110	4
2111	6
2112	7
2113	8
2114	3
2115	5
2116	2
2117	2
2118	3
2119	4
2120	5
2121	5
2122	6
2123	3
18507	1
2124	5
2125	5
2126	5
2127	6
2128	4
2129	3
2130	8
2131	3
2132	13
2133	11
2134	6
2135	4
2136	4
2137	8
2138	5
2139	4
2140	7
2141	9
2142	3
18526	1
2143	10
2144	9
2145	4
2147	4
2148	8
2149	8
2150	9
2151	6
2152	5
2153	4
2154	6
2155	8
2156	4
2157	9
2158	5
2159	8
2160	10
2161	6
2162	4
2163	5
2164	6
2165	4
2166	5
2167	5
2168	4
2169	5
2170	6
2171	4
2172	5
2173	7
2174	5
2175	2
2176	4
2177	5
2178	2
2179	7
2180	6
2181	3
2182	3
2183	6
2184	15
2185	10
2186	1
2187	4
2188	9
2189	2
2190	4
2191	3
2192	4
2193	5
2194	6
18578	1
2195	5
2196	9
2197	4
2198	5
2199	2
2200	8
2201	1
2202	2
2203	5
2204	10
2205	12
2206	4
2207	7
2208	5
2209	5
2210	3
2211	3
2212	1
2213	5
2214	3
2215	6
2216	5
2217	8
2218	5
2219	3
2220	4
2221	5
2222	6
2223	5
2224	3
2225	3
2226	2
2227	4
2228	5
2229	6
2230	4
2231	7
2232	4
2233	4
2234	5
2235	4
2236	6
2237	1
2238	4
2239	6
2240	5
2241	1
2242	8
2243	5
2244	4
2245	7
2246	7
2247	6
2248	3
2249	2
2250	11
2251	2
2252	5
2253	8
2254	6
2255	9
2256	6
2257	4
2258	5
2259	2
2260	6
2261	7
2262	6
2263	5
2264	1
2265	5
2266	5
2267	9
18651	1
2268	5
2269	6
2270	5
2271	7
2272	4
2273	6
2274	8
2275	3
2276	7
2277	3
2278	1
2279	4
2280	5
2281	4
2282	3
2283	4
2284	4
2285	5
2286	3
2287	2
2288	6
2289	1
2290	4
2291	7
2292	8
2293	9
2294	9
2295	6
2296	7
2297	2
2298	8
2299	1
2300	3
2301	4
2302	7
2303	5
2304	2
2305	7
2306	1
2307	5
2308	7
2309	1
2310	5
2311	2
2312	10
2313	3
2314	1
2315	4
2316	2
2317	4
2318	3
2319	6
2320	2
2321	8
2322	7
18706	1
2323	10
2324	5
2325	4
18709	1
2326	6
2327	6
2328	2
2329	5
2330	7
2331	8
2332	6
2333	1
2334	3
2335	5
2336	6
2337	5
2338	7
2339	4
2340	9
2341	4
2342	3
2343	6
18727	1
2344	3
2345	2
2346	9
2347	6
2348	3
2349	3
2350	7
2351	1
2352	2
2353	5
2354	5
2355	7
2356	4
2357	5
2358	2
2359	3
2360	7
2361	3
2362	4
2363	5
18747	1
2364	1
2365	2
2366	5
2367	8
2368	2
2369	6
2370	1
18754	1
2371	6
2372	4
2373	3
2374	3
2375	4
2376	5
2377	6
2378	6
2379	6
2380	5
2381	6
2382	2
2383	6
2384	3
2385	4
2386	5
2387	4
2388	3
2389	11
2390	3
2391	4
2392	6
2393	7
2394	6
2395	6
2396	4
2397	5
2398	6
18782	1
2399	6
2400	5
2401	4
2402	3
2403	3
2404	4
2405	6
2406	6
18791	1
2407	7
2408	3
2409	3
2410	6
2411	4
2412	2
2413	5
2414	3
2415	3
2416	5
2417	3
2418	6
2419	4
2420	7
2421	5
2422	3
2423	6
2424	6
2425	3
2426	7
2427	7
2428	3
2429	5
2430	4
2431	5
2432	3
2433	8
2434	5
2435	7
2436	2
2437	5
2438	2
2439	1
2440	4
2441	4
2442	4
2443	3
2444	6
2445	9
2446	5
2447	3
2448	5
2449	7
2450	8
2451	5
2452	2
2453	6
2454	7
2455	4
2456	5
2457	4
2458	2
2459	4
2460	4
2461	3
2462	6
2463	6
2464	3
2465	2
2466	4
2467	3
2468	5
2469	3
2470	7
2471	6
2472	5
2473	4
2474	2
2475	5
2476	5
2477	7
2478	10
18862	1
2479	4
2480	7
2481	2
2482	2
2483	4
2484	5
2485	6
2486	4
2487	1
2488	1
2489	3
2490	5
2491	8
2492	3
2493	2
2494	4
2495	5
2496	5
18880	1
2497	4
2498	3
18882	1
2499	2
2500	6
2501	6
2502	6
2503	2
2504	1
2505	3
2506	5
2507	6
2508	2
2509	1
2510	5
2511	4
2512	2
2513	4
2514	6
2515	5
2516	4
2517	1
2518	3
2519	3
2520	5
2521	2
2522	5
2523	6
2524	4
2525	5
2526	3
2527	3
2528	1
2529	2
2530	1
2531	4
2532	6
2533	7
2534	3
2535	4
2536	5
2537	3
2538	4
2539	4
2540	6
2541	7
2542	6
2543	2
2544	5
2545	3
2546	3
2547	5
2548	8
2549	5
2550	2
2551	5
2552	4
2553	3
2554	3
2555	4
2556	6
2557	3
2558	5
2559	4
2560	1
2561	2
2562	4
2563	3
2564	4
2565	2
2566	4
2567	4
2568	4
2569	3
2570	7
2571	3
2572	9
2573	3
2575	1
2576	9
2577	3
2578	5
2579	1
2580	6
2581	6
2582	3
2583	6
2584	3
2585	3
2586	3
2587	3
2588	5
2589	5
2590	2
2591	4
2592	7
2593	4
2594	4
2595	4
2596	6
2597	6
2598	7
2599	5
2600	1
2601	4
2602	4
2603	2
2604	6
18988	1
2605	6
2606	5
2607	7
2608	6
2609	3
18993	1
2610	8
2611	4
2612	2
2613	6
2614	4
2615	5
2616	6
2617	7
2618	1
2619	5
2620	6
2621	3
2622	4
2623	3
2624	4
2625	3
2626	2
2627	4
2628	7
2629	4
2630	3
2631	11
2632	3
2633	5
2634	3
19018	1
2635	6
2636	7
2637	3
2638	3
2640	5
2641	4
2642	5
2643	7
2644	6
2645	6
2646	3
2647	5
2648	5
2649	2
2650	4
2651	2
2652	2
2653	6
2654	4
2655	3
2656	4
2657	3
2658	7
2659	3
2660	4
2661	2
2662	3
2663	1
2665	4
2666	1
2667	3
2668	4
2669	2
2670	4
2671	1
2672	6
2673	5
2674	5
2675	4
2676	3
2677	6
2678	5
2679	4
2680	6
2681	3
2682	5
2683	4
2684	2
2685	6
2686	7
2687	3
2688	3
2689	4
2690	1
2691	5
2692	5
2693	2
2694	4
2695	4
2696	6
2697	2
2698	3
2699	4
2700	4
19084	1
2701	4
2702	2
2703	1
2704	3
2705	8
2706	3
2707	3
2708	3
2709	7
2710	1
2711	3
2712	5
2713	1
2714	5
2715	6
2716	7
2717	7
2719	2
2720	3
2721	6
2722	5
2723	4
2724	4
2726	4
2727	1
2728	5
2729	6
2730	3
2731	4
2732	1
2733	5
2734	5
2735	5
2736	1
2737	2
2738	3
2739	2
2740	1
2742	3
2744	4
2745	2
2746	3
2747	5
2748	3
2749	3
2750	1
2751	4
2752	4
2753	3
2754	2
2755	1
2756	3
2757	5
2758	1
2759	3
19143	1
2760	2
2761	4
2762	5
2763	3
2764	3
2765	3
2766	4
2767	4
2769	3
2770	2
2771	3
2772	2
2773	7
2774	4
2775	2
2776	5
2777	2
2778	2
2779	3
2780	4
2781	3
2782	4
2783	3
2784	5
2785	1
2786	2
2787	3
2788	3
2789	2
2790	4
2791	2
2792	5
2793	3
2794	6
2795	2
2796	5
2797	3
2798	3
2799	2
2800	3
2801	1
2802	4
2803	4
2804	2
2806	3
2807	5
2808	1
2809	5
2810	3
19195	1
2812	4
2813	2
2814	2
2815	1
2816	8
2817	3
2819	1
2820	2
2821	7
2822	5
2823	2
2824	4
2825	4
2826	5
2827	1
2828	6
2829	7
2832	4
2833	2
2834	3
2835	2
2836	2
2837	6
2838	4
2839	4
2840	3
2841	1
2842	2
2843	2
2844	2
2845	2
2846	2
2847	4
2848	3
19232	1
2849	2
2850	1
2851	2
2852	2
2853	2
2854	2
2855	2
2856	1
2857	4
2858	2
2859	4
2860	4
2861	3
2862	1
2863	3
2864	5
2865	4
2866	1
2867	5
2868	4
2869	3
2870	2
2871	2
2872	1
2873	1
2874	1
2875	2
2876	2
2878	2
2879	6
2880	3
2881	3
2882	3
2883	2
2884	5
2885	1
2887	7
2888	5
2889	1
2890	3
19274	1
2891	5
2892	3
2893	4
19277	1
2894	2
2895	1
2896	2
2897	4
2898	1
2899	2
2900	1
2901	2
2902	2
2903	5
2904	5
2905	3
2906	5
2907	4
2908	2
2909	2
2910	4
2911	2
2912	4
2913	6
2915	2
2916	1
2918	3
2919	3
2920	4
2921	5
2922	4
2923	4
2924	4
2925	2
2926	7
2927	4
2928	1
2929	1
2930	3
2931	3
2932	1
2933	1
2934	4
2935	2
2936	6
2937	4
2939	5
2940	4
2941	1
2942	2
2943	4
2945	3
2946	3
2947	3
2948	2
2949	4
2950	2
2952	3
2953	1
2954	6
2955	1
2956	4
2957	4
2958	2
2959	4
2960	1
2961	3
2962	5
2963	3
2964	3
2965	2
2966	6
2967	1
2968	5
2969	1
2970	1
2971	4
2972	3
2973	1
2974	1
2975	3
2976	1
2977	4
2978	2
2979	1
2980	1
2981	3
2982	2
2983	2
2984	2
2985	2
2986	4
2987	1
2988	7
2989	1
2991	5
2992	4
19376	1
2993	1
2994	3
2995	3
2996	1
2997	5
2998	2
2999	2
3000	3
3001	1
3002	5
3003	3
3004	3
3006	2
3007	1
3008	3
3009	2
3010	4
3011	3
3013	4
3014	1
3016	2
3017	2
3018	7
3019	3
3020	1
3022	3
3023	4
3024	5
3025	1
3026	1
3027	3
3028	2
3029	2
3030	2
19414	1
3032	4
3034	5
3035	2
3036	2
3037	3
3038	4
3039	2
3040	2
3041	3
3042	2
3043	3
3044	3
3045	2
3046	4
3048	5
3049	5
3050	5
3051	2
3052	2
3053	2
3054	1
3055	5
3056	2
3057	4
19441	1
3058	3
3059	6
3060	2
3061	2
3062	1
3063	2
3064	2
3065	3
3066	2
3067	2
3068	3
3069	1
3070	4
3071	3
3072	2
3073	4
3074	1
3075	3
3076	1
3078	3
3079	2
3080	1
3082	3
3083	1
3084	4
3085	6
3086	1
3087	2
3088	3
3089	1
3090	2
3091	2
3092	5
3093	4
3094	1
3095	4
3096	1
3099	3
3100	4
3101	1
3102	1
3104	3
3105	1
3106	4
3109	3
3110	3
3111	2
3112	1
3113	3
3114	1
3115	2
3116	2
3117	1
3118	2
3119	1
3120	3
3121	4
3122	2
3123	2
3124	2
3125	4
3126	4
3127	4
3128	2
3129	4
3130	5
3131	4
3132	4
3133	3
3134	4
3135	4
3136	1
3137	1
3138	3
3140	5
3141	3
3142	4
3143	3
3144	1
3145	1
3147	1
3148	4
3149	4
3151	3
3152	2
3153	3
3154	1
3155	2
3156	4
19541	1
3157	1
3158	2
3159	2
3160	1
3161	1
3162	3
3163	4
3164	1
3165	3
3166	6
3167	1
3168	2
3169	3
3170	3
19554	1
3171	1
3172	2
3174	4
3175	2
3176	6
3177	3
19562	1
3178	1
3179	2
3180	1
3181	3
3182	1
3183	2
3184	1
3185	3
3186	1
3187	1
3188	1
3189	4
3190	3
3191	2
3195	2
3196	2
19580	1
3197	4
3198	1
3199	1
3200	1
3201	2
3202	1
3203	2
3204	2
3205	3
3206	2
3207	4
3208	3
3209	3
3210	4
3211	1
3212	1
3213	2
3216	1
3217	2
3218	6
3219	4
3220	1
3221	1
3222	1
3224	5
3225	3
3226	1
3227	3
3228	8
3229	2
19613	1
3230	1
3231	5
3232	3
3233	5
3234	2
3235	2
3236	4
3237	2
3238	3
3239	3
3241	3
3242	3
3243	3
3244	1
3245	1
3246	8
3247	6
3248	1
3249	2
3250	5
3251	3
3252	1
3253	3
3254	2
3255	4
3256	2
3257	1
3258	1
3259	1
3260	2
3262	1
3263	3
3264	4
3265	5
3266	2
3267	3
3268	2
19652	1
3269	2
3270	3
3271	4
3272	1
3273	1
3274	1
3275	2
3276	2
3277	3
3278	4
3279	1
3280	4
3281	2
3282	2
3283	2
3284	1
3285	3
3286	5
3287	3
3288	3
3289	2
3290	3
3291	1
3292	3
3293	3
3294	3
3295	3
3296	2
3297	7
3298	1
3299	2
3300	1
3301	5
3302	5
3303	1
3305	1
3306	4
3307	3
3308	1
3309	2
3310	7
19694	1
3311	3
3312	1
3313	1
3314	1
3315	2
3316	4
3317	4
19702	1
3318	1
3319	5
3320	3
3321	3
19705	1
3323	4
3324	1
3325	1
3326	1
3327	1
3329	8
3330	2
3331	5
3332	1
3333	4
3335	1
3337	1
3338	3
3339	4
3340	3
3341	2
3342	3
3343	2
3344	2
3345	3
3346	2
3347	4
3348	1
3349	3
3350	3
3351	4
3352	3
3353	2
3354	3
3355	3
3356	1
3357	1
3358	3
3359	1
3360	4
3361	4
3363	4
3364	2
3366	2
3367	1
3368	5
3369	2
3370	4
3371	2
3372	2
3373	1
3374	2
3375	3
3377	1
3378	4
3379	1
3380	2
3381	2
3385	2
3386	1
3387	2
3388	3
3389	1
3390	1
3391	2
3392	3
3393	4
3396	1
3398	6
3400	1
3402	1
19786	1
3405	1
3406	4
3408	1
3409	2
3410	3
3411	2
3412	1
3413	1
3414	3
3415	3
3416	3
3417	1
3418	2
3419	2
3420	1
3421	3
3422	5
3423	1
3424	5
3425	2
3426	2
3427	1
3429	1
3430	4
3431	3
3432	1
3433	2
3434	3
3435	3
3436	1
3437	1
3438	2
3439	3
3440	4
3441	4
3442	2
3443	2
3444	2
3445	1
3446	3
3448	2
3449	1
3450	1
3451	4
3452	5
3453	2
3454	1
3455	2
3456	1
3457	1
3458	1
3460	4
3462	2
3463	2
3464	1
3465	2
3467	3
3468	1
3469	3
3470	1
3472	2
3473	1
3475	4
3476	2
3477	3
3478	2
3480	4
3481	2
3483	3
3484	1
3485	2
3486	3
3487	3
3488	4
3489	2
3491	1
3492	2
3493	1
19877	1
19878	1
3494	1
3497	2
3499	5
3500	2
3501	3
3502	1
3503	3
3504	1
3505	2
3506	3
3507	2
3508	3
3509	2
3511	4
3512	1
3513	1
3514	2
3516	2
3517	4
3518	3
3519	1
3520	3
19904	1
3521	1
3522	4
3523	3
3524	1
3526	4
3527	1
3528	1
3529	1
3530	2
3531	3
3532	2
3533	1
3534	2
3535	3
3536	2
3537	3
3538	1
3540	1
3541	4
3543	1
3544	2
3545	1
3546	4
3547	3
19931	1
3548	4
3549	2
3550	3
3551	2
3554	2
3557	1
3558	2
3559	1
3561	6
3562	1
3565	3
3566	4
3567	1
3568	2
3569	4
3570	2
3571	1
3572	1
3573	4
3574	2
3575	4
3576	1
3577	3
19963	2
3579	1
3581	2
3585	2
3588	2
3589	4
3590	3
3591	1
3592	1
3593	2
3594	3
3595	4
3597	3
3598	3
3599	1
3601	1
3603	3
3604	1
3606	2
3607	1
3608	2
3609	1
3610	3
3612	3
3614	2
3615	5
3616	2
3617	2
3618	3
3619	1
3622	2
3624	4
3625	1
3626	2
3627	3
3628	1
3629	3
3631	2
3632	2
3633	2
3634	2
3635	1
3637	2
3638	2
3639	4
3640	2
3641	1
20026	1
3642	1
3643	4
3644	2
3645	2
3646	2
3648	1
3649	2
3650	2
3651	1
3654	3
3657	3
3658	3
3659	1
3660	2
3661	1
3662	1
3664	2
3665	1
3666	1
3667	1
3668	1
3669	3
3670	7
3672	2
3673	3
3676	4
20060	1
3677	1
3678	2
3680	2
3682	1
3683	1
3684	1
3685	2
3686	2
3687	1
20071	1
3688	1
3689	4
3690	1
3691	1
3692	2
3694	6
3695	1
3696	2
3697	1
3698	4
3699	1
3700	1
3701	1
3703	1
3704	2
3705	4
3707	3
3709	3
3710	3
3711	3
3712	1
3713	1
3714	1
20099	1
3715	1
3716	1
3717	1
3719	1
3720	3
3721	1
3722	2
3723	2
3724	6
3725	2
3726	2
3730	1
3731	4
3732	2
3733	4
3734	1
3735	1
3738	1
3739	3
3740	5
3741	3
3742	1
3743	1
3744	3
3745	1
3746	2
3747	1
3748	1
3749	2
3750	4
3751	1
3752	2
3753	1
3754	3
3755	1
3756	2
20140	1
3757	1
3758	1
3759	1
3760	1
3761	2
3762	3
3764	2
3765	4
3766	3
3767	2
3768	2
3769	1
3770	2
3771	3
3773	2
3774	1
3775	1
3776	2
3777	3
3778	4
3779	2
3781	2
3782	2
3783	4
20167	1
3784	1
3785	2
20170	1
3787	1
3788	2
3789	1
3791	3
3792	2
3793	1
3794	1
3795	2
3796	1
3797	2
3798	2
3800	2
3801	2
3802	3
3803	1
3804	2
3807	2
3809	2
3810	1
3811	2
3812	1
3815	1
20200	1
3816	1
3817	2
3820	3
3821	2
3822	4
3823	1
3824	2
3825	2
3828	1
3829	1
3830	1
3831	2
3832	6
3833	2
3834	1
3835	1
3840	1
3842	1
3845	3
3846	1
3847	1
3848	1
3849	4
3850	1
3851	2
3853	2
3854	1
3855	1
3856	1
20241	1
3857	1
3860	1
3861	2
3862	1
3863	4
3865	4
3866	4
3867	1
3868	3
3869	2
3870	1
3871	1
3872	5
3873	1
3874	2
3875	1
3876	2
3877	2
3878	3
3879	1
3880	1
3881	4
3882	2
3883	3
3884	1
3886	1
3888	3
3889	3
3890	2
3891	3
3893	1
3896	1
3897	1
3898	2
3899	1
3901	1
3902	1
20286	1
3903	2
3904	1
3906	1
3907	2
3908	3
20292	1
3909	3
3910	1
3912	4
3913	2
3915	4
3916	1
3917	1
3919	2
3920	1
3921	3
3922	1
3925	2
3926	3
3927	1
3928	1
3930	1
3931	1
3932	2
3934	2
3935	2
3936	2
3937	1
3938	2
3939	3
3940	1
3941	1
3943	1
3944	1
3945	2
3946	3
3947	2
3948	1
3949	1
3950	1
3951	2
3952	1
3954	2
20338	1
3956	2
20340	1
3957	4
3958	2
3959	1
3960	2
3961	3
3963	3
3964	1
3965	2
3966	1
3967	5
3968	1
3969	1
3971	1
3972	2
3973	2
3974	1
3975	1
3976	2
3978	1
3979	1
3981	2
3982	1
3983	2
3984	1
3985	1
3986	3
3987	1
3988	1
3989	1
3991	1
3993	1
3994	2
3996	1
3997	3
3998	1
3999	1
4000	1
4001	1
4002	1
4003	3
4004	1
4006	3
4007	1
4010	1
20396	1
4013	2
4014	1
4015	1
4016	2
4017	3
4018	2
4019	2
4020	1
4021	1
4022	2
4023	2
4024	1
4025	1
4026	1
4027	2
4030	1
4032	2
4034	3
4038	2
4039	3
4040	1
4042	2
4043	2
4045	1
4046	1
4047	1
4048	1
20433	1
4049	1
4050	3
4051	1
4053	1
4054	1
4055	2
20440	1
4057	3
4058	1
4059	3
4061	1
4062	1
4063	2
4064	1
4066	1
4069	2
4070	2
4071	2
4072	4
4073	3
4074	1
4076	1
4078	1
4080	1
4081	4
4082	1
4083	2
4085	1
4086	1
4088	1
4089	1
4090	2
4091	1
4093	1
20478	1
4094	1
4096	1
4099	2
4100	1
4101	1
4102	1
4103	1
4104	1
4108	1
4109	2
4110	1
4112	1
4114	2
4115	1
4116	1
4117	1
4119	3
4120	1
20504	1
4122	1
4124	2
4127	2
4128	1
4129	1
4132	1
4135	4
4136	2
4137	1
4139	3
4140	2
4141	1
4143	3
20530	1
4149	1
4151	1
4152	1
4154	3
4155	2
4156	1
4158	1
4159	1
20543	1
4160	1
4162	4
4163	1
4164	1
4168	1
4169	1
4173	1
20558	1
4175	2
4176	1
4177	1
4178	2
4179	2
4181	1
4183	2
4186	1
4187	1
4188	2
4189	4
4190	1
4191	2
4192	1
4194	1
4195	2
20579	1
20580	1
4196	2
4199	2
4202	1
4203	2
4205	2
4206	3
4207	2
4208	2
4209	1
4210	1
4211	1
4212	2
4214	2
4215	1
4218	3
4219	2
4220	2
4221	2
4222	3
4223	3
4224	6
4225	3
4227	1
4228	2
4231	3
4232	4
4236	1
4237	2
4238	1
4239	1
4240	3
4242	1
4243	1
4244	2
4246	1
4252	1
4253	1
4254	1
4256	2
4260	2
4261	1
4262	1
4263	1
4265	1
4267	2
4269	2
4271	1
4272	1
4273	2
4274	1
4275	1
4276	1
4277	1
4278	1
4280	1
4283	2
4285	1
20669	1
4287	2
4288	1
4289	1
4291	1
4292	1
4293	2
4294	1
4295	1
4296	1
4298	3
4299	1
4301	5
4305	2
4306	1
4307	1
4308	2
4310	1
4312	1
4313	1
4314	1
4315	2
4316	2
4317	1
4318	1
4319	1
4320	3
20704	1
4322	3
4323	1
4324	1
4326	1
4328	3
4329	1
4330	3
4332	1
4334	1
4335	1
4337	1
4339	1
4340	3
4341	1
4342	2
4343	1
4346	1
4347	2
4348	1
4351	4
4352	2
4353	1
4354	1
4355	1
4356	2
4357	1
4358	1
4359	2
4360	1
4361	1
4362	1
20747	1
4363	1
4364	1
4366	2
4370	1
4371	2
4372	2
4373	3
4374	1
4375	1
4377	2
4378	2
4380	3
4382	2
4383	1
4384	1
20770	1
4388	1
4390	1
4392	1
4394	1
4395	1
4397	1
4401	1
4402	1
4404	1
4405	1
4408	2
4412	1
4413	2
4414	1
4415	1
4416	4
4417	3
20801	1
4418	1
4419	1
4420	1
4421	1
4424	2
4425	2
4426	1
4427	1
4428	1
4429	1
4431	2
4432	1
4435	2
4437	2
4438	2
4439	1
4443	3
4444	2
4446	3
4448	1
4449	1
4451	3
4453	1
4457	1
4460	1
4461	1
4462	1
4463	1
4464	1
4466	1
4468	2
4469	1
4470	2
4471	2
4473	3
4474	1
4475	1
4479	1
4486	1
4488	1
4489	3
4491	2
4494	3
4495	2
4496	2
4497	2
4498	1
4499	2
4500	2
4504	1
4508	1
4509	2
4511	1
20896	1
4514	2
4516	1
4518	1
4519	1
4520	1
4521	1
4522	1
4523	2
4524	1
4525	3
4528	1
4529	1
4530	3
4531	2
4532	1
4533	1
4534	1
4535	2
4539	2
4540	1
4541	1
4542	1
4543	1
4546	1
4548	1
4549	1
4550	1
4551	1
4553	1
4554	2
4555	2
4557	3
4560	2
4561	1
4563	2
4565	1
4566	1
4569	1
4570	1
4571	1
4574	1
4575	1
4576	1
4577	1
4579	1
4580	1
4582	1
4584	1
4586	2
4587	1
20972	1
4589	1
4596	1
4597	1
20982	1
4598	1
4599	1
4600	3
4601	2
4602	1
4603	3
4605	1
4606	1
4607	1
4609	1
4612	1
4613	1
4615	2
4616	1
4618	1
4619	2
4621	1
4624	1
4625	1
4626	1
4627	1
4631	1
4632	1
4633	1
4634	1
4635	1
4636	2
4638	1
4639	1
21023	1
4641	5
4644	3
4645	1
4646	2
4649	1
4650	1
4651	1
4653	3
4655	1
4656	3
4658	3
4660	2
4661	3
4664	1
4665	1
4666	3
4668	1
4672	1
4673	1
4677	1
4678	1
4679	1
4680	2
4681	1
4682	2
4684	2
4685	1
4691	1
21078	1
4696	2
4698	2
4700	1
4701	1
4703	1
4705	2
4707	1
4709	1
4710	1
4712	1
4713	1
4716	1
4717	2
4718	1
4719	1
4722	2
4723	2
4725	3
4729	1
4731	1
4732	3
4733	3
4734	1
4735	1
4737	1
4739	1
4740	3
4745	1
4746	1
4748	3
4749	1
4750	1
4752	2
4759	1
4760	1
4762	1
4768	1
4770	1
21155	1
4771	1
4772	1
4773	1
4774	1
4776	1
4778	1
4779	1
4780	2
4781	2
4782	2
4783	1
4787	1
4790	1
4793	1
4794	1
4797	1
4799	2
4800	1
4801	1
4804	2
4805	2
4806	2
4807	2
4808	1
21193	1
4811	1
4813	1
4815	1
4816	1
21201	1
4818	1
4819	2
4820	2
4821	1
4822	3
4824	1
4825	1
4826	1
4830	1
4831	1
4832	1
4836	1
4837	1
4839	2
4840	2
4841	2
4842	1
4843	1
4844	1
4846	1
4850	1
4852	2
4854	1
21239	1
4856	4
4858	1
4859	1
4862	1
4865	1
4867	1
4870	1
4876	4
21260	1
4877	1
4878	1
4881	1
4884	1
4889	1
4891	3
4894	1
4895	1
4899	2
4901	2
4904	1
4905	2
4907	1
4908	4
4909	1
4911	3
4912	3
4913	1
4914	1
4916	1
4917	1
4922	1
4923	1
4924	1
4925	1
4926	2
4929	1
4931	1
4935	1
4937	1
4941	1
4942	1
4946	1
4947	1
4949	1
4950	2
4952	1
4954	1
4957	1
4958	3
4959	2
4962	2
4966	2
4968	1
4970	1
4971	1
4972	2
4974	1
4975	2
4979	1
4980	1
4982	1
4983	1
4987	1
4988	1
4989	1
4993	1
4994	1
4995	2
5003	1
5004	1
5005	1
5007	1
5009	1
5010	2
5011	2
5012	1
5013	2
5014	3
5017	1
5018	1
5019	2
5021	1
5026	1
5029	1
5036	2
5038	1
5040	2
5042	3
5043	1
5045	1
5047	1
5051	1
5054	1
21444	1
5062	2
5067	1
21452	1
5068	1
5069	1
21453	1
5072	2
5074	1
5077	2
5084	2
5085	2
5086	1
5088	2
5089	1
5091	1
5092	3
5095	1
5103	3
5104	1
21489	1
21492	1
5109	1
5110	1
5111	1
5113	1
5114	2
5115	1
5119	2
5121	2
5123	1
5124	1
5126	1
5128	1
5130	2
5132	1
5133	1
5139	1
5140	3
5145	1
5146	1
21534	1
5152	3
5153	4
5154	1
5156	1
5159	1
5160	1
5161	1
5162	1
5163	1
5166	4
5167	1
5168	1
5169	2
5170	1
21562	1
5181	1
5183	1
5189	1
5192	2
5195	1
5197	1
5198	1
5204	2
5205	1
5206	1
5207	1
5208	2
5209	1
5210	1
5211	1
5213	1
5216	2
5217	1
5219	1
5220	2
5222	1
5223	4
5226	1
5228	2
5229	3
5230	1
5231	1
5235	1
5237	2
5241	1
5242	2
5243	2
5244	1
5245	1
5250	1
5252	1
5253	1
5255	1
5257	1
5259	1
5260	1
5262	1
5264	1
5265	1
5266	1
5267	1
5268	1
5269	2
5272	1
5274	3
5278	1
5279	1
5280	1
5285	1
5288	1
5291	1
5294	2
5295	1
5296	1
5297	1
5299	2
5300	1
5303	1
5304	2
5306	1
5307	1
5310	1
5311	1
5312	1
5313	3
5314	2
5317	3
5318	2
5323	1
5324	1
5328	3
5333	1
5336	1
5338	1
5339	2
21724	1
5343	1
5344	1
5345	2
5348	1
5351	1
5352	1
5355	2
5358	1
5361	1
5368	1
5369	2
5370	1
5373	1
5380	1
5386	1
5387	1
5389	1
5390	1
5391	1
5392	1
5393	1
5394	1
21779	1
5395	1
5397	1
5398	1
5399	1
5401	1
5402	1
5404	1
5406	1
5407	2
5408	2
5412	1
5413	2
5414	1
5415	1
5416	1
5420	2
5423	1
5424	3
5427	1
5428	1
5429	1
21814	1
5433	1
5442	1
21829	1
5446	2
5448	1
5449	1
5451	1
5456	1
5457	1
5459	1
5461	2
5463	1
5464	1
5465	1
5469	1
5470	2
5471	2
5473	3
5476	1
5477	3
5478	2
5481	2
5485	1
5488	1
21873	1
5494	1
21882	1
5498	1
5500	2
5501	1
5502	2
5505	1
5510	2
5511	1
5518	2
5522	1
5525	1
5526	1
5527	1
5529	1
5531	1
5535	1
5537	1
5540	3
5541	1
5543	1
5546	1
5550	1
5551	1
5554	1
5555	2
5556	1
5557	1
5558	1
5559	2
5563	1
5564	1
5565	1
5567	1
5568	1
5570	1
5572	1
5573	1
5574	1
5575	2
5576	2
5577	1
5578	1
5582	1
5584	1
5585	2
21971	1
5588	1
5591	1
5594	1
5604	1
5605	1
5607	1
5609	2
5610	1
5616	1
22002	1
5624	1
5634	1
5639	1
5642	1
5645	1
5648	1
5652	1
5653	4
5657	1
5659	2
5660	1
5663	1
5665	1
5667	1
5669	1
5670	1
5673	1
5679	1
5680	1
5681	2
5682	1
5684	1
5685	1
5694	2
22084	1
5701	2
5703	1
5705	1
5706	1
5708	1
5710	1
5714	2
5717	1
5720	2
5721	1
5722	3
5726	1
5733	1
5735	1
5739	1
5741	2
5742	1
5743	1
5745	1
5749	1
5750	1
5752	1
5753	1
5754	2
5755	1
5757	2
5759	1
5761	1
5762	1
5764	1
5765	1
5767	2
5769	5
5771	1
5773	1
5774	1
5778	1
5784	1
5786	1
5788	2
5794	1
5799	1
5802	1
5804	1
5806	1
5808	1
5810	1
5811	1
5812	2
5815	1
5816	2
5820	1
5821	1
5824	1
5826	1
5827	2
5828	1
5830	1
5831	1
5832	2
5837	1
5838	1
5840	2
5842	1
5847	1
5848	1
5850	2
5854	1
5855	2
5856	1
5860	1
5863	1
5867	1
5869	2
5870	1
5873	1
5874	2
5875	1
5877	1
5880	1
5881	2
5885	1
5890	1
5892	1
5896	1
5897	1
5900	1
5906	1
5907	1
5916	1
5917	1
5919	1
5920	1
5921	1
5922	1
5926	1
5927	1
5934	1
5935	1
5937	1
5938	1
5939	1
5942	1
5943	1
5944	1
5947	2
5949	2
5950	2
5951	2
5955	1
5958	1
22342	1
5961	2
5966	1
5968	1
5972	1
5976	2
5982	1
5987	1
5990	1
5992	1
22380	1
5996	1
6000	1
6002	1
6003	1
6005	1
6007	1
6008	1
6011	1
6013	3
6014	1
22400	1
6017	1
6018	1
6019	1
6026	1
6028	1
22413	1
6030	1
6033	1
22419	1
6035	1
6038	1
6039	2
6044	1
6051	1
6055	1
6057	1
6059	1
6060	1
6062	1
6064	1
6065	1
6068	1
6069	2
6070	1
6077	1
6078	1
6079	1
22464	1
6082	2
6085	1
6089	1
6091	1
6094	2
6097	1
6100	1
6101	1
6106	2
6108	1
6112	1
6115	1
22499	1
6120	1
6122	1
6123	1
6134	1
6136	2
6137	2
6138	1
6141	1
6143	1
6144	1
6156	1
22542	2
6161	2
6165	1
6167	2
6168	1
6172	2
6177	1
6185	1
6187	1
6188	2
6193	1
6194	1
6195	1
6198	1
6209	1
6211	1
6219	2
6220	1
6221	1
6222	1
6230	1
6231	1
6232	1
6234	3
6242	1
6243	1
6244	1
6247	1
6250	1
6257	1
6258	2
6265	1
6266	1
6267	1
6269	3
6274	1
6275	1
6277	1
6279	1
6285	1
6287	1
6288	1
6290	1
6301	1
6306	2
6308	1
6313	1
6314	1
6320	2
6323	1
6325	1
6326	2
6328	1
6336	2
6342	1
6344	1
6345	1
6350	1
6352	1
6357	2
22741	1
6364	1
6371	1
6373	1
6376	1
6379	1
6380	1
6383	1
6388	1
6393	3
6408	2
6410	2
6411	2
6412	1
6418	1
6419	1
6421	1
22806	1
6425	1
6430	2
6431	2
6434	1
6440	2
6444	1
22831	1
6448	2
6450	1
6452	1
6458	1
6461	2
6464	2
6476	1
6477	1
6479	1
6481	1
6485	1
6489	1
6493	1
6499	1
6504	1
6505	1
6506	1
6507	1
6508	1
6510	1
6511	1
6517	1
6518	1
6520	2
6521	1
6526	1
6528	1
6529	1
6533	1
6538	1
6543	1
22928	1
22931	1
6548	1
6551	1
6554	1
6559	2
6562	1
6563	1
6564	1
6567	2
6570	1
6571	1
6572	2
6577	1
22961	1
6581	2
6587	1
6591	1
6592	3
6594	1
6595	1
6596	1
6600	1
6601	1
6608	1
6611	2
6613	1
6615	2
6618	1
6619	1
6621	1
6622	2
6623	2
6624	2
6625	1
6626	1
6629	1
6643	2
6644	2
6645	1
6646	2
6653	1
6663	2
6666	1
6667	1
6668	2
6669	1
6670	1
6671	1
6676	1
6677	1
6680	1
6686	1
6690	2
6695	1
23081	1
6701	1
6702	1
6704	1
6705	1
6707	1
6717	1
6720	1
6722	1
23108	1
6726	1
6731	1
6732	1
6744	1
6747	1
6752	1
6757	1
6760	1
6765	1
6767	1
6772	2
6776	1
6778	1
6788	1
6792	1
6793	1
6796	1
6799	1
6800	1
6801	2
6803	1
23195	1
6813	1
6815	1
6818	1
6820	1
6821	1
6824	1
6830	1
6835	1
6836	1
6837	1
6839	1
6845	1
6847	1
6849	1
6859	1
6863	1
6864	1
6865	1
6876	1
6878	1
6882	1
6883	1
6885	1
6889	1
23279	1
6895	1
6901	1
6902	2
6906	1
6907	1
6908	1
6909	1
6911	1
6914	1
6924	1
6926	1
6927	1
6928	1
6932	1
6937	2
6938	1
6941	1
6942	1
6951	1
6958	1
6960	1
6969	1
6975	1
6977	1
6978	1
6979	1
6980	2
6986	1
6990	1
6991	2
6994	1
6995	1
23380	1
7001	2
7002	2
7008	1
7009	1
7010	2
7011	1
7019	1
7025	1
7026	1
7027	2
7035	2
7043	1
7047	1
23431	1
7055	3
7061	2
7069	2
7071	2
7073	2
7074	1
23467	1
7086	1
7087	1
7088	1
7089	1
7093	1
7094	1
7100	1
7103	1
7104	3
7105	1
7109	1
7110	1
23494	1
7116	1
7123	2
7124	1
7129	1
7131	1
7132	1
7133	1
7136	1
7140	2
7153	1
7154	1
7155	1
7167	1
7172	1
7173	1
7175	1
7176	1
7182	1
7189	2
7190	1
7191	1
7194	2
7196	2
7198	1
7199	1
7201	1
7202	1
7204	1
7207	1
7210	1
7211	1
7212	2
7216	1
7219	1
7220	1
23604	1
7224	1
7226	1
7233	1
7237	1
7252	1
7256	1
7257	1
7263	1
7264	1
7265	2
7267	1
7268	1
7269	1
7275	1
7279	1
7283	1
7285	2
23674	1
7293	1
7302	1
7310	2
7312	1
7317	1
7318	1
7320	2
7325	1
7335	1
7336	1
23721	1
7339	1
7340	1
7344	1
7348	1
7350	1
7351	1
7353	1
7359	1
7363	1
7368	2
7370	3
7378	2
7379	1
7383	1
7388	1
7394	1
7396	1
7398	1
7399	1
7400	1
7403	1
23787	1
7409	2
7410	1
7411	1
7415	1
23803	1
7425	1
7426	1
7437	1
7438	1
7439	1
7440	1
7445	1
7447	1
23833	1
7450	1
7452	1
7455	1
7460	1
7469	1
7470	1
7471	1
7478	1
7482	1
7484	1
7486	1
7488	1
7495	1
7500	1
7501	1
7503	1
7506	1
7510	1
7512	1
7516	1
7526	2
7527	1
23911	1
7528	1
7530	1
7531	3
23918	1
7539	1
7544	1
7547	1
7548	1
7551	1
7552	2
7553	1
7554	1
7560	1
7561	1
7562	1
7564	1
7568	1
7570	1
7571	1
7573	1
7576	1
7577	1
7578	1
7581	1
7582	2
7584	1
7589	1
7592	1
7596	3
7597	3
7601	2
7602	1
7606	1
7607	1
7610	1
7613	1
7617	1
7620	1
7621	1
7624	1
7625	1
7633	1
7636	1
7639	1
7645	1
7648	1
7649	2
24033	1
7651	1
7654	1
7655	1
7656	1
7657	1
24042	1
7662	1
7668	1
7669	1
7672	1
7680	2
7687	1
7689	1
7690	1
7700	1
7707	1
7713	1
7719	1
24103	1
7720	2
7721	1
7729	2
7730	1
7731	2
24118	1
7741	1
7742	1
7749	2
7754	1
7755	1
7758	1
24142	1
7760	1
7761	1
7766	1
7768	1
7769	1
7771	1
24159	1
7779	1
7781	1
7785	2
7786	2
7788	1
7791	2
7796	1
7798	1
24184	1
7802	1
7807	2
7814	1
7819	1
7820	1
7823	1
7824	1
7825	1
7828	1
7834	1
7837	1
24227	1
7845	1
7854	1
7855	1
24241	1
7858	1
7863	1
7865	1
7868	1
24253	1
24256	1
7875	2
7876	1
7878	1
7879	1
7880	2
7890	1
7892	1
7895	1
7896	1
7902	1
7908	1
7909	1
7912	1
7913	1
7917	1
7924	2
7928	1
7934	1
7935	2
7936	1
7948	1
7953	2
7956	1
7957	1
7958	1
7960	1
7962	1
7968	1
7973	1
7975	1
7979	1
24367	1
24372	1
7991	1
7996	1
7997	2
8001	2
8006	1
8019	1
8023	1
8030	1
8031	1
8034	1
8035	1
8039	2
8040	1
8045	1
24432	1
8057	1
8058	1
8062	1
8064	1
8068	1
8069	2
8072	1
8078	1
8079	1
8080	1
8086	2
8087	2
8090	1
8091	1
8093	1
8100	1
24487	1
8103	1
8108	1
8111	1
8127	1
8130	1
8134	1
8142	1
8144	1
8145	1
8156	1
8157	1
8162	2
8163	1
8168	2
8169	1
8172	1
8173	2
8174	1
8176	1
8186	1
8189	1
8190	1
8193	1
8198	1
8200	1
8201	2
8203	1
8204	1
24589	1
8205	1
24591	1
8210	1
8216	2
8217	1
8226	1
8227	1
8231	1
8235	1
8237	1
8240	1
8248	1
8249	1
8250	1
8261	2
8262	1
8268	1
8271	1
8280	1
8281	1
8282	1
8284	1
8288	1
8290	1
8293	1
8295	1
8296	1
8297	1
8303	1
8309	1
8316	1
8319	1
8321	1
8324	1
8326	1
8330	1
8335	1
8338	1
8343	1
8355	2
8356	1
8361	1
8364	1
8365	1
8368	1
8369	1
8373	1
8374	2
8376	1
8377	1
8384	2
8385	1
8386	1
8390	1
8392	1
8395	1
8396	1
8400	1
8404	1
8405	1
8408	2
8418	1
8419	1
8420	1
8426	1
8430	1
8431	1
8432	2
8442	1
8443	1
8447	1
8449	2
8454	1
8460	1
8468	1
8470	3
8474	1
8480	1
8482	1
8494	1
8505	1
8506	1
8507	2
8517	1
8520	1
8521	1
8523	1
8526	1
8534	1
8535	1
8536	1
8539	2
8542	1
8552	2
8553	2
8555	1
8556	1
8558	1
8562	1
8569	1
8570	1
8575	1
8576	1
8580	1
8584	1
8588	1
24975	1
8593	2
8598	1
24982	1
8600	1
24990	1
8608	1
8612	1
8615	2
8617	1
8620	1
8629	1
8631	1
8633	1
8635	1
8636	1
8638	1
8643	1
8645	2
8646	1
8655	2
8661	1
8664	3
8668	1
8673	1
8674	2
8679	1
8680	1
8684	2
8686	1
8687	1
8689	1
8696	1
8705	1
8706	1
8707	2
8708	1
8709	1
8710	1
8713	1
8717	1
8723	1
8725	1
8731	2
8741	2
8742	1
8756	2
8758	1
8761	1
8762	1
8763	1
8777	1
8778	3
8779	1
8780	1
8781	2
8782	2
8791	1
8795	2
8804	1
8815	1
8819	1
8827	2
8834	1
8839	1
8845	1
8846	2
8849	1
8853	1
8854	1
8856	1
8860	1
25248	1
8874	1
8881	1
8883	1
8884	2
8885	1
8886	2
8887	1
8889	1
8890	1
8894	1
8895	1
8896	1
8898	1
8901	1
8902	1
8904	2
8905	2
8909	1
8911	2
8913	1
8918	1
8923	1
8928	1
8931	1
8934	1
8938	1
8948	1
8949	1
8957	1
8958	1
8959	1
8962	1
8965	1
8982	1
8986	1
8988	1
8996	1
8998	1
8999	1
9006	1
9013	1
9016	1
9019	1
9020	2
9024	1
9025	1
9026	1
9035	1
9039	1
9041	1
9044	1
9045	1
9059	1
9066	1
9067	1
9074	1
9079	2
9080	1
9084	1
9086	1
9087	2
9089	1
9091	1
9098	1
9099	1
9101	1
25485	1
9110	1
9111	1
9119	1
9121	1
9123	1
9133	1
9144	1
9150	3
9156	1
9158	1
9163	1
9164	1
9166	1
9169	1
9171	2
9176	1
9179	1
9180	1
9182	1
9183	1
9184	1
9188	1
9189	1
9190	1
9193	1
9199	1
9206	1
9207	1
9213	1
9217	1
9219	1
9222	1
9230	1
9233	1
9234	1
9238	1
9239	1
9246	1
9248	1
9249	1
9252	1
25643	1
9260	1
9262	1
9263	1
9264	1
9275	1
9280	1
9285	1
9289	1
9293	1
9295	1
9298	1
9302	1
9304	1
9311	1
9316	1
9317	1
9320	1
9322	1
25707	1
9329	1
25717	1
9334	1
9336	1
9350	1
9353	1
9358	2
9362	1
9363	1
9369	1
9372	1
9376	2
9382	1
9383	1
9389	1
9394	1
9395	1
9397	1
9400	1
9401	1
9408	1
9412	1
9413	1
9414	1
9415	1
9419	1
9422	1
9423	1
9461	2
9466	1
9474	1
9481	1
9489	1
9490	2
9494	1
9496	1
9498	1
9503	1
9508	1
9509	1
9511	1
9514	1
9515	1
9517	1
9520	1
9521	1
9524	1
9525	1
9526	1
9534	1
9536	1
9537	1
9545	1
9549	1
9560	1
9562	1
9577	1
9578	1
9582	1
9595	1
9598	1
9601	1
9611	1
9618	1
9620	1
9624	1
9632	1
9637	1
9640	1
9647	1
9649	1
9652	1
9664	1
9665	1
9667	2
9680	1
9681	1
9696	1
9697	2
9701	1
9703	1
9705	1
9707	1
9709	1
9712	1
9714	1
9721	1
9724	1
9725	1
9729	1
9734	1
9745	1
9765	2
9770	1
9776	1
9781	1
9784	1
9788	2
9789	1
9801	1
9803	1
9805	1
9809	1
9810	1
9828	2
9829	1
9830	1
9838	1
9852	1
9856	3
9857	3
9875	1
9882	2
9888	1
9890	1
9891	1
9894	1
9899	1
9913	1
9933	1
9936	1
9949	1
9953	1
9960	1
9963	1
9968	1
9970	1
9972	1
9978	2
9980	1
9984	2
9987	1
9989	1
10011	1
10025	1
10033	1
10037	1
10042	1
10045	2
10058	2
10060	1
10066	1
10069	1
10076	2
10079	1
10081	1
10083	1
10090	1
10091	1
10096	1
10100	1
10110	1
10123	1
10126	1
10130	1
10134	1
10143	1
10146	1
10158	2
10159	1
10174	1
10178	1
10179	1
10188	2
10190	1
10197	1
10199	1
10210	1
10212	1
10220	1
10223	1
10227	1
10228	1
10242	1
10243	1
10249	1
10252	1
10253	1
10257	1
10259	1
10260	1
10264	2
10271	1
10275	1
10278	1
10284	1
10286	1
10288	1
10292	1
10299	1
10300	2
10303	1
10304	1
10306	1
10311	1
10316	2
10330	1
10339	2
10340	1
10344	1
10345	1
10349	1
10355	1
10359	1
10366	2
10368	1
10383	1
10389	1
10396	1
10401	2
10413	1
10414	1
10416	1
10418	1
10419	1
10422	1
10424	1
10426	1
10429	1
10430	1
10431	1
10432	2
10443	1
10449	1
10454	1
10458	1
10464	1
10466	1
10468	1
10473	1
10479	1
10481	1
10487	2
10488	1
10494	1
10495	1
10523	1
10530	3
10541	1
10549	1
10552	1
10557	1
10558	1
10565	1
10566	1
10568	1
10577	1
10586	1
10587	1
10589	1
10592	2
10601	1
10604	1
10605	1
10611	1
10613	1
10614	1
10615	1
10627	1
10632	1
10640	1
10641	1
10646	3
10653	1
10655	1
10658	1
10662	1
10671	1
10674	1
10677	1
10680	1
10687	1
10689	1
10692	1
10702	1
10707	3
10710	1
10715	1
10719	1
10723	1
10724	2
10736	2
10739	1
10742	1
10750	2
10752	1
10755	1
10761	1
10765	1
10766	1
10770	1
10773	1
10775	1
10792	1
10797	2
10800	1
10805	1
10811	1
10816	1
10817	1
10825	1
10833	2
10836	1
10838	1
10843	1
10847	1
10850	1
10851	1
10855	1
10861	1
10863	1
10866	1
10880	1
10884	1
10891	1
10896	1
10898	1
10899	1
10905	1
10918	1
10919	1
10921	1
10925	1
10926	1
10928	1
10936	1
10940	1
10954	1
10955	1
10961	1
10964	1
10965	1
10967	1
10979	2
10983	1
10988	1
10989	1
11005	1
11006	1
11011	1
11016	1
11023	1
11027	1
11033	1
11036	1
11039	1
11040	1
11044	1
11051	1
11054	1
11058	1
11059	1
11062	1
11069	1
11072	1
11075	1
11093	1
11098	2
11101	1
11104	1
11116	1
11120	1
11130	1
11136	1
11137	1
11146	1
11151	1
11160	1
11172	1
11175	2
11177	1
11185	2
11198	1
11206	2
11210	1
11214	1
11219	1
11232	1
11234	1
11237	1
11243	1
11246	1
11250	1
11252	1
11254	1
11258	1
11276	1
11285	1
11287	2
11302	3
11306	1
11308	1
11310	1
11321	1
11322	1
11323	1
11328	1
11330	1
11333	1
11351	1
11352	1
11357	1
11358	1
11363	1
11370	2
11374	1
11378	1
11379	1
11382	1
11397	1
11400	1
11404	1
11426	1
11430	1
11432	1
11433	1
11444	1
11457	1
11461	2
11466	1
11470	1
11474	1
11478	1
11483	1
11487	1
11492	1
11495	1
11501	1
11502	1
11504	1
11508	2
11512	1
11513	1
11516	1
11519	1
11521	1
11533	2
11536	1
11541	1
11549	1
11561	1
11562	1
11564	1
11571	1
11582	3
11586	2
11596	1
11600	1
11601	2
11605	1
11607	1
11613	1
11620	1
11633	1
11639	1
11647	1
11654	1
11659	1
11660	1
11664	1
11668	2
11669	1
11675	1
11691	2
11698	1
11700	1
11704	1
11706	1
11713	1
11716	1
11750	1
11757	1
11759	1
11762	1
11763	1
11770	1
11772	1
11805	1
11807	1
11820	1
11829	2
11835	1
11843	1
11844	1
11849	1
11857	1
11863	1
11866	1
11868	1
11872	1
11903	1
11909	1
11913	1
11923	1
11934	1
11939	1
11946	1
11962	1
11967	1
11968	1
11970	1
11972	2
11976	1
11984	1
11988	1
11991	1
11997	1
12001	1
12006	2
12008	1
12020	1
12032	1
12033	1
12054	1
12055	2
12057	1
12062	1
12072	1
12075	1
12076	1
12082	1
12084	1
12092	1
12094	1
12110	1
12115	1
12117	1
12119	1
12131	1
12135	2
12140	1
12141	1
12152	1
12161	2
12168	1
12171	1
12177	1
12179	1
12180	1
12187	1
12192	2
12209	1
12218	1
12228	1
12229	1
12233	1
12235	2
12240	1
12252	1
12286	1
12290	1
12299	1
12304	1
12308	1
12314	1
12320	2
12323	1
12325	1
12327	1
12328	1
12339	2
12340	1
12341	2
12376	2
12386	1
12390	1
12399	1
12411	1
12421	1
12425	1
12426	1
12432	1
12443	1
12445	1
12455	1
12458	2
12459	1
12469	1
12477	1
12480	1
12481	1
12484	1
12500	1
12506	1
12514	1
12533	1
12540	1
12544	1
12551	1
12554	1
12557	1
12563	1
12569	1
12573	2
12575	1
12583	1
12586	1
12591	1
12597	1
12604	1
12610	1
12612	1
12617	1
12618	1
12621	1
12629	1
12649	1
12653	1
12654	1
12655	1
12656	1
12658	1
12675	1
12681	1
12683	1
12694	1
12699	1
12708	1
12710	1
12713	1
12723	1
12734	1
12749	1
12756	1
12760	1
12770	1
12776	1
12778	1
12781	1
12788	1
12797	1
12800	1
12802	1
12803	1
12832	1
12834	1
12835	1
12840	1
12844	1
12854	2
12855	1
12862	1
12863	1
12865	1
12870	1
12875	1
12886	1
12888	1
12905	1
12916	1
12920	1
12927	1
12932	1
12948	1
12954	1
12960	1
12963	1
12972	1
12986	1
12987	1
12998	1
13001	1
13003	1
13008	1
13015	1
13040	1
13045	1
13047	1
13052	2
13054	1
13058	1
13070	1
13075	1
13077	1
13085	1
13092	1
13097	1
13116	1
13120	1
13135	2
13136	1
13138	2
13139	1
13147	1
13151	1
13155	1
13166	1
13172	1
13173	1
13181	1
13183	2
13186	1
13187	1
13191	1
13200	1
13201	1
13218	2
13227	1
13237	1
13271	1
13272	1
13273	1
13275	1
13277	1
13292	1
13304	1
13306	1
13313	1
13329	1
13338	1
13349	1
13367	2
13371	1
13375	1
13378	1
13383	1
13399	1
13406	1
13413	1
13417	1
13418	1
13420	1
13426	1
13431	1
13434	1
13436	1
13440	1
13446	1
13451	1
13457	1
13461	1
13462	1
13468	1
13469	1
13474	1
13478	1
13490	1
13500	1
13521	1
13525	1
13546	1
13556	1
13575	1
13586	1
13607	1
13615	2
13620	1
13621	1
13624	1
13627	1
13643	1
13645	1
13654	1
13669	1
13681	1
13699	1
13701	1
13718	1
13735	1
13737	1
13741	2
13750	1
13773	1
13774	1
13782	1
13788	1
13802	1
13810	1
13818	1
13821	1
13822	1
13837	1
13840	1
13882	1
13883	1
13889	1
13891	1
13900	1
13902	1
13923	1
13937	1
13956	1
13961	1
13966	1
13968	1
13979	1
13997	1
14007	1
14011	1
14014	1
14027	1
14032	1
14034	1
14051	1
14055	1
14059	1
14062	1
14063	1
14066	1
14081	1
14091	1
14096	1
14104	1
14105	1
14111	1
14118	1
14123	1
14131	1
14133	1
14138	1
14152	1
14170	1
14181	1
14193	1
14206	1
14233	1
14235	1
14236	1
14248	2
14275	1
14278	1
14285	2
14287	1
14296	1
14297	2
14314	1
14315	1
14320	1
14325	1
14335	1
14357	1
14361	1
14369	1
14376	1
14390	1
14415	1
14420	1
14422	1
14436	1
14437	1
14445	1
14446	1
14474	1
14486	1
14492	1
14520	1
14527	1
14529	1
14531	1
14535	1
14537	1
14544	1
14557	1
14568	1
14576	1
14581	1
14586	1
14603	1
14618	1
14633	1
14643	1
14651	1
14653	2
14667	1
14696	1
14714	1
14741	1
14759	1
14772	1
14773	1
14777	1
14782	1
14817	1
14827	1
14841	1
14848	1
14853	2
14861	1
14866	1
14874	1
14877	1
14883	1
14890	1
14900	1
14904	1
14911	1
14930	1
14948	1
14970	2
14980	1
14984	1
14985	1
14990	1
15003	1
15005	1
15021	1
15028	1
15029	1
15061	1
15069	1
15084	1
15092	2
15093	1
15108	1
15147	1
15152	1
15154	1
15163	1
15169	1
15170	1
15171	1
15207	1
15209	1
15239	1
15304	1
15307	1
15322	1
15331	1
15347	1
15371	1
15386	1
15392	1
15394	1
15398	1
15405	1
15418	1
15442	1
15448	1
15457	1
15470	1
15477	1
15529	1
15530	1
15543	1
15573	1
15600	1
15609	1
15614	1
15632	1
15646	1
15649	1
15660	1
15689	1
15692	1
15693	1
15705	1
15717	1
15718	1
15727	1
15774	1
15779	2
15792	1
15798	1
15822	1
15823	1
15829	1
15846	1
15851	1
15875	1
15892	1
15901	1
15907	1
15913	1
15924	1
15965	1
15985	1
16005	1
16024	1
16040	1
16057	1
16078	1
16085	1
16106	1
16161	1
16197	1
16222	1
16231	1
16244	1
16248	1
16291	1
16301	1
16336	1
16361	1
16365	1
16368	1
16373	1
16376	1
