1	4
2	9
3	4
4	5
5	4
6	1
7	1
8	2
9	2
16393	1
10	1
11	6
12	2
13	5
14	8
15	8
16399	2
16	8
17	4
18	5
19	6
20	8
21	7
22	3
23	8
24	7
25	9
26	3
27	2
28	10
29	5
30	3
31	5
32	6
33	8
34	5
35	6
36	4
37	8
38	6
39	7
40	2
41	4
42	6
43	4
44	10
45	9
46	5
47	7
48	5
49	6
50	3
51	3
52	4
53	6
54	4
55	5
56	7
57	7
16441	2
58	3
59	4
60	2
61	8
62	3
63	7
64	4
65	5
66	5
16450	1
67	9
68	6
70	4
71	4
72	5
73	4
16457	1
74	6
16459	1
75	4
76	4
77	6
16461	1
78	5
79	1
81	7
82	2
83	4
84	3
85	5
86	6
87	3
88	4
89	2
90	7
91	7
92	1
93	5
94	5
95	4
96	4
97	9
98	4
99	2
100	4
101	9
102	6
103	1
104	4
105	4
106	2
107	3
16491	1
108	4
109	2
110	5
111	3
112	5
113	9
114	2
115	4
116	3
117	3
118	2
119	1
120	4
121	10
122	5
123	5
124	2
125	9
126	5
16510	1
127	3
128	4
16512	1
129	4
130	2
16514	2
131	4
132	7
133	4
134	6
135	8
136	3
137	5
138	6
139	3
140	6
141	6
142	6
16526	1
143	8
144	5
145	7
146	2
147	9
148	7
149	6
150	4
151	8
152	6
16537	1
153	3
154	4
155	7
16539	1
156	6
157	7
158	4
16542	1
159	4
160	11
161	3
162	1
163	4
164	4
165	2
166	11
16550	2
167	5
168	4
169	5
170	3
171	6
172	4
173	3
174	4
175	5
176	7
177	3
178	7
179	3
180	3
181	4
182	1
183	4
16567	1
184	6
185	7
186	5
187	7
16571	1
188	6
189	8
190	6
191	2
192	2
193	3
194	4
195	2
196	9
197	6
198	6
199	5
16583	1
200	1
201	4
202	5
203	5
204	6
205	6
16590	1
206	5
207	4
208	5
209	3
210	8
211	2
212	5
213	3
214	7
215	3
216	7
217	4
218	10
219	6
220	2
221	5
222	9
223	6
224	9
225	4
226	2
227	4
228	10
229	4
230	4
231	8
232	5
233	11
234	3
16618	1
235	7
236	4
237	8
238	3
239	3
240	4
241	9
242	7
243	5
244	7
245	4
246	6
247	9
248	4
249	13
250	5
251	5
16635	1
252	9
16636	1
16637	1
253	2
254	2
255	4
256	6
257	6
258	9
259	7
260	6
261	9
262	4
263	2
264	7
265	11
266	9
267	9
268	4
269	8
270	7
271	7
272	2
273	6
274	10
275	3
276	6
277	4
278	6
16662	2
279	2
280	7
281	4
282	4
283	2
284	9
285	2
287	9
288	7
289	6
290	7
291	3
292	8
293	7
294	1
295	4
296	6
297	5
16682	1
298	7
299	2
300	3
301	5
302	14
16686	1
303	9
304	8
305	5
306	7
307	3
308	11
309	4
310	4
311	8
312	2
313	6
314	4
315	2
316	7
317	5
318	6
319	4
320	3
321	2
322	6
323	9
324	11
325	10
326	11
327	4
328	9
329	4
330	10
331	3
332	6
16716	1
333	7
334	3
335	2
16719	1
336	1
337	7
338	8
339	6
16723	1
340	1
341	11
342	3
343	7
344	8
345	4
346	5
347	5
348	8
349	8
350	3
351	6
352	4
353	6
354	6
355	4
356	7
357	7
358	3
359	4
360	3
361	8
16745	1
362	3
363	6
364	5
365	1
366	1
16750	1
367	3
368	10
369	3
370	5
371	2
372	6
373	4
16757	1
374	13
375	9
376	6
377	5
378	4
379	9
380	7
381	8
382	6
16766	1
383	5
384	4
385	9
386	8
16770	1
387	9
388	7
389	6
390	5
391	4
16775	1
392	7
393	4
394	5
395	6
396	7
16780	1
397	3
398	11
399	2
400	6
401	4
402	4
16786	1
403	4
404	5
405	5
406	3
407	3
408	7
16792	1
409	5
410	3
411	4
16795	1
412	8
413	6
414	3
415	7
416	3
16800	1
417	6
418	1
419	7
420	5
421	4
422	7
423	6
424	5
16808	1
425	7
426	8
427	2
16811	1
428	6
429	6
430	5
431	5
432	5
433	3
434	9
435	5
436	7
437	5
438	7
439	3
440	7
441	7
442	4
16826	1
443	6
444	10
445	4
16829	1
446	3
16830	1
447	8
16832	1
448	3
449	5
450	7
451	4
16835	1
452	1
453	8
454	3
455	9
456	5
457	10
16841	1
458	7
459	7
460	4
461	6
462	3
463	5
464	4
465	3
466	6
467	3
468	2
469	9
470	5
471	6
472	10
473	5
474	5
475	10
476	4
477	4
16861	1
478	2
479	4
480	4
481	5
482	5
16866	1
483	3
484	6
16868	1
485	2
486	8
487	6
16871	1
488	8
489	5
16873	1
490	5
491	6
492	5
493	4
494	4
495	6
496	4
497	8
498	5
499	6
500	5
501	6
502	6
503	5
504	8
505	6
506	3
507	3
508	2
509	4
510	5
511	2
512	7
513	6
514	4
16898	1
515	1
516	8
517	3
518	5
519	7
16903	1
520	5
521	7
16905	1
522	8
523	5
524	3
525	6
526	10
527	6
528	2
529	9
530	4
531	6
16915	1
532	8
533	5
534	6
535	7
536	4
537	6
538	4
16923	1
539	6
540	7
16924	1
541	6
16925	1
542	6
543	5
544	4
545	5
546	4
547	7
548	1
549	9
550	7
551	6
552	8
553	7
554	5
555	4
556	6
557	9
558	4
559	7
560	3
561	6
562	3
563	5
564	10
565	8
566	3
567	6
568	4
16953	1
569	4
570	4
571	7
572	4
573	5
574	4
575	7
576	5
577	7
578	5
579	3
580	9
581	11
582	4
583	5
584	8
585	2
586	4
587	2
588	8
589	2
590	4
591	5
592	2
593	2
594	3
16978	1
595	7
596	5
597	5
598	6
599	7
600	5
601	3
602	6
16986	1
603	6
604	5
16989	1
605	4
606	11
607	5
608	7
609	5
610	7
611	2
612	6
613	6
614	4
16999	1
615	3
616	2
617	6
618	8
619	9
620	7
621	7
622	5
623	6
624	3
625	10
626	4
627	9
628	4
629	5
630	4
631	6
632	7
633	1
634	6
635	5
636	4
637	7
638	4
639	9
640	4
641	5
642	4
643	4
644	7
645	4
646	13
647	6
17031	1
648	3
649	4
650	2
651	7
652	3
653	5
654	8
655	6
17039	1
656	5
17041	1
657	4
658	4
659	8
660	5
661	8
662	5
663	8
664	3
665	7
666	2
667	8
668	4
669	10
670	4
671	7
672	4
673	5
674	3
675	2
676	7
677	2
678	6
679	6
680	4
681	5
682	5
683	7
684	9
685	6
686	5
687	5
688	6
689	5
17073	1
690	7
691	3
692	2
693	7
694	8
17078	1
695	8
696	7
17080	2
698	4
17082	1
699	6
700	5
701	3
702	2
703	6
17087	2
704	14
705	5
17089	1
706	2
707	6
708	5
709	3
710	6
711	5
712	3
713	7
714	2
715	4
716	4
717	5
718	5
719	4
720	7
721	6
722	10
723	3
724	2
725	5
726	10
727	3
17111	1
728	1
729	8
17113	1
730	4
17114	1
731	5
732	3
733	8
734	4
735	5
736	7
737	5
738	6
17122	1
739	3
740	12
741	5
742	4
17126	1
743	1
744	6
745	6
746	3
747	4
748	4
17132	1
749	6
750	1
751	7
752	3
17136	1
753	4
754	7
755	2
756	5
757	8
758	11
759	3
760	5
761	6
762	4
763	5
764	8
765	6
766	5
767	3
768	8
769	6
770	4
771	7
772	4
773	7
774	6
775	4
776	2
17160	1
777	4
778	9
779	5
780	6
781	5
782	2
783	6
17167	1
784	7
785	4
786	4
787	6
788	2
789	7
790	3
791	7
792	5
793	4
794	5
795	5
796	4
797	7
798	6
799	8
800	1
17185	1
801	1
802	5
803	2
804	3
805	3
806	5
807	7
808	7
809	5
810	4
811	1
812	3
813	7
814	5
815	4
816	6
817	5
818	3
819	10
820	6
821	6
822	5
17207	1
823	7
824	8
825	3
826	7
827	3
828	5
829	5
830	4
831	5
832	6
833	4
834	4
835	6
17219	1
836	14
837	5
838	2
839	7
840	4
841	1
842	4
843	4
844	5
845	5
17229	1
846	5
847	4
848	6
17232	1
849	6
850	5
851	8
852	6
17237	1
853	5
854	6
855	3
856	6
857	3
17241	1
858	5
859	4
860	4
861	2
862	7
864	4
865	7
866	5
867	4
868	5
869	4
870	2
871	9
872	5
873	8
874	2
875	4
876	4
877	1
878	6
879	3
880	1
17265	1
881	1
882	7
883	8
884	7
17268	1
885	7
886	4
887	3
888	3
17272	1
889	5
890	6
17274	1
891	3
892	3
893	3
894	4
895	8
896	5
897	5
898	3
899	3
900	5
17284	1
901	4
902	3
903	4
904	5
905	8
906	3
907	4
17291	1
908	2
909	5
910	7
911	9
912	1
913	10
914	2
915	5
916	4
917	6
918	3
919	2
920	4
921	9
922	9
923	5
924	4
925	6
926	7
927	5
928	3
929	4
930	5
931	6
932	6
933	4
934	7
935	1
936	2
937	8
938	6
939	8
17323	1
940	7
941	10
942	6
17326	1
943	7
944	7
945	2
946	4
947	7
948	5
949	4
950	7
17334	1
951	5
952	7
953	8
954	1
955	8
956	7
957	4
958	6
959	8
17343	1
960	6
961	6
962	9
963	3
17347	1
17348	1
964	9
965	3
966	5
967	4
968	3
969	4
970	4
971	4
972	5
17356	1
973	5
974	2
975	11
976	4
977	5
978	5
979	7
17363	1
980	8
981	7
982	2
983	5
17367	1
984	6
985	4
986	1
987	2
988	2
989	7
990	10
991	2
992	5
993	4
17377	1
994	6
995	9
996	6
997	9
998	2
999	6
1000	4
1001	6
1002	5
1003	1
1004	2
1005	8
1006	10
1007	5
1008	2
1009	3
1010	7
1011	6
1012	7
1013	4
1014	7
1015	8
1016	8
1017	6
1018	7
1019	9
1020	3
1021	4
1022	3
1023	5
1024	6
17408	1
1025	4
1026	8
1027	6
1028	4
1029	7
1030	5
1031	5
1032	4
1033	5
1034	7
1035	2
1036	4
1037	1
1038	9
1039	6
1040	11
1041	2
1042	5
1043	5
1044	3
1045	3
1046	4
1047	9
17432	1
1048	7
1049	10
1050	6
1051	6
1052	7
1053	4
1054	6
1055	4
1056	2
1057	4
1058	3
1059	7
1060	9
1061	3
1062	6
1063	3
1064	6
1065	4
1066	7
17450	1
1067	4
17451	1
1068	6
1069	3
1070	5
1071	5
1072	5
1073	13
17458	1
1074	4
1075	7
1076	4
17460	1
1077	5
1078	6
1079	4
17463	1
1080	4
1081	5
1082	8
17466	1
1083	10
1084	4
1085	6
1086	3
17470	1
1087	3
1088	5
1089	6
1090	8
1091	8
1092	5
1094	3
1095	6
1096	4
1097	8
1098	2
1099	2
1100	4
1101	4
1102	5
1103	3
1104	5
1105	6
1106	3
1107	6
1108	3
1109	9
1110	6
17494	1
1111	5
1112	6
1113	7
1114	5
1115	7
1116	1
1117	6
1118	10
1119	4
1120	8
1121	7
1122	10
1123	5
1124	3
1125	2
1126	4
1127	4
1128	5
1129	6
1130	3
1131	3
17515	1
1132	7
1133	5
1134	7
1135	6
1136	8
1137	1
1138	3
1139	5
1140	5
1141	5
1142	5
1143	9
1144	8
1145	5
1146	4
1147	8
1148	7
1149	6
1150	2
1151	2
1152	6
1153	7
1154	9
1155	4
1156	4
1157	1
1158	7
1159	7
1160	6
1161	4
1163	7
1164	6
1165	3
1166	7
17550	1
1167	5
1168	6
1169	2
1170	3
1171	6
1172	6
1173	7
1174	6
1175	10
1176	7
1177	8
1178	3
1179	6
1180	4
17564	1
1181	3
1182	3
1183	6
17567	1
1184	8
1185	6
1186	6
17570	1
1187	5
17571	1
1188	4
1189	2
1190	5
1191	3
1192	8
17576	1
1193	3
1194	9
1195	5
17579	2
1196	7
1197	7
17581	1
1198	9
1199	5
1200	4
1201	3
1202	3
1203	11
1204	8
1205	3
1206	5
1207	7
1208	7
1209	2
1210	7
1211	6
1212	6
1213	5
1214	4
1215	4
1216	1
1217	4
1218	4
1219	10
1220	9
1221	4
17605	1
1222	2
17606	2
1223	9
1224	3
1225	4
1226	6
1227	6
1228	10
1229	8
1230	4
1231	8
1232	7
1233	7
1234	10
1235	9
1236	7
1237	7
1238	5
17622	1
1239	6
1240	4
17624	1
1241	7
1242	6
1243	5
1244	7
1245	1
1246	1
1247	5
1248	4
1249	7
1250	6
1251	6
1252	2
17636	1
1253	3
1254	7
1255	4
17639	1
1256	10
1257	7
1258	4
1259	2
17643	1
1260	7
1261	5
1262	8
1263	6
1264	6
1265	10
17649	1
1266	3
1267	4
1268	3
1269	1
1270	5
1271	6
1272	5
1273	2
1274	5
1275	4
1276	4
1277	4
1278	7
1279	3
1280	5
1281	4
1282	4
1283	2
1284	5
1285	3
1286	6
1287	3
1288	4
1289	9
1290	3
1291	5
1292	5
1293	8
1294	5
1295	4
1296	7
1297	2
1298	4
1299	6
1300	3
1301	6
1302	6
1303	6
1304	7
1305	7
1306	3
1307	2
1308	4
1309	4
1310	5
1311	4
1312	8
1313	2
1314	5
1315	4
17699	1
1316	8
1317	7
1318	5
1319	3
17703	1
1320	8
1321	8
1322	2
1323	2
17707	1
1324	6
1325	8
1326	3
1327	5
1328	2
1329	7
1330	3
1331	4
1332	5
17716	1
1333	10
17717	1
1334	4
1335	4
1336	6
1337	4
1338	6
1339	4
1340	1
1341	6
1342	4
1343	9
1344	3
1345	9
1346	6
17730	1
1347	6
1348	6
1349	10
1350	5
1351	12
1352	3
1353	5
1354	3
1355	6
1356	4
1357	4
1358	3
1359	6
1360	6
1361	5
1362	5
1363	2
1364	7
1365	5
1366	4
1367	2
1368	5
1369	4
1370	8
1371	5
17755	1
1372	9
1373	4
1374	8
1375	5
1376	9
1377	7
1378	3
17762	1
1379	5
1380	8
1381	6
1382	4
1383	8
17767	2
1384	4
1385	6
1386	10
1387	5
1388	5
1389	5
1390	11
1391	5
17775	1
1392	5
1393	9
1394	3
1395	8
1396	12
1397	5
1398	4
1399	5
1400	5
1401	3
1402	7
1403	8
1404	5
1405	9
1406	2
1407	6
1408	6
1409	4
1410	3
17794	1
1411	5
1412	3
1413	4
17797	1
1414	5
1415	5
1416	3
1417	4
17801	1
1418	11
1419	3
1420	6
1421	4
1422	6
1423	4
1424	5
1425	5
17810	1
1427	2
1428	7
1429	4
17813	1
1430	6
17814	2
1431	8
1432	8
1433	2
1434	7
1435	9
17820	1
1436	3
1437	5
1438	4
1439	8
1440	7
1441	2
1442	4
1443	1
1444	4
1445	3
1446	9
1447	3
17831	1
1448	4
1449	4
1450	8
1451	6
1452	3
1453	6
1454	7
1455	8
1456	4
1457	7
1458	6
1459	5
17843	1
1460	2
1461	7
1462	7
17846	1
1463	6
1464	5
1465	5
1466	9
1467	3
17851	1
1468	5
1469	7
1470	4
1471	8
1472	5
1473	2
1474	9
1475	9
1476	2
1477	8
17861	1
1478	8
1479	7
1480	6
17864	1
1481	7
1482	6
1483	2
1484	2
1485	1
1486	6
1487	2
1488	5
1489	12
17874	1
1490	5
1491	7
1492	3
1493	3
1494	12
1495	7
1496	7
1497	5
17881	1
1498	4
17882	1
1499	3
1500	5
1501	5
1502	2
1503	4
1504	6
1505	7
1506	6
1507	3
1508	4
1509	5
1510	1
1511	3
1512	6
1513	2
1514	4
1515	7
1516	8
1517	6
1518	6
1519	6
1520	5
1521	5
17905	1
1522	5
1523	8
1524	9
1525	9
1526	5
1527	4
1528	2
1529	3
1530	12
1531	4
1532	7
1533	11
1534	5
1535	5
1536	3
1537	7
1538	8
1539	5
1540	2
1541	3
1542	8
17926	1
1543	4
1544	3
17928	1
1545	7
1546	4
1547	6
1548	8
1549	9
1550	3
17935	1
1551	3
1552	7
1553	4
1554	6
1555	4
1556	3
1557	2
1558	6
1559	4
1560	4
1561	3
1562	2
1563	6
1564	2
1566	8
1567	5
1568	4
1569	9
1570	3
1571	4
1572	5
1573	7
1574	7
1575	5
1576	5
1577	5
17961	1
1578	5
1579	5
1580	8
1581	5
1582	9
17966	1
1583	10
1584	7
1585	7
1586	4
17970	1
1587	7
1588	7
17973	1
1589	1
1590	2
1591	6
1592	4
1593	5
1594	4
1595	5
1596	7
17980	1
1597	7
1598	5
1599	5
1600	3
1601	10
1602	4
1603	1
1604	13
1605	5
1606	7
1607	3
1608	7
1609	2
1610	7
1611	3
1612	4
1613	9
1614	7
1615	7
1616	5
1617	5
1618	1
1619	6
18003	1
1620	5
1621	4
1622	6
1623	5
1624	4
1625	5
18009	1
1626	5
1627	3
1628	2
1629	9
1630	3
1631	7
1632	3
1633	7
18018	1
1634	3
1635	6
1636	6
1637	5
18021	1
1638	4
1639	2
1640	7
1641	4
1642	2
1643	5
1644	5
18028	1
1645	8
1646	6
1647	7
1648	10
1649	3
1650	4
1651	3
1652	6
1653	5
1654	5
1655	5
1656	4
1657	5
1658	6
1659	6
1660	4
1661	5
18045	1
1662	4
1663	1
1664	8
1665	4
1666	5
1667	6
1668	5
1669	5
1670	10
1671	6
1672	8
1673	7
1674	8
1675	7
1676	4
1677	2
1678	6
1679	6
1680	6
1681	4
1682	2
1683	4
1684	5
1685	5
1686	4
1687	6
1688	3
1689	7
18073	1
1690	4
1691	9
1692	8
1693	8
1694	6
1695	4
1696	7
1697	6
1698	2
1699	4
1700	4
18084	1
1701	8
1702	1
1703	3
1704	5
1705	5
1706	8
1707	2
1708	4
1709	4
1710	6
18094	1
1711	3
1712	6
1713	7
1714	3
1715	6
1716	3
1717	5
1718	5
1719	4
1720	13
1721	6
18105	1
1722	6
1723	7
1724	8
1725	6
1726	4
1727	5
1728	7
1729	5
1730	4
1731	2
1732	10
1733	3
1734	3
1735	5
1736	5
1737	5
1738	7
18122	1
1739	7
1740	6
1741	6
1742	8
1743	5
18127	1
1744	1
1745	8
18129	1
1746	5
1747	8
1748	7
1750	4
1751	7
1752	10
1753	3
1754	7
1755	5
1756	10
1757	3
1758	4
1759	8
1760	5
1761	3
1762	4
1763	9
1764	2
1765	4
1766	5
1767	6
1768	5
1769	4
1770	1
1771	4
1772	4
1773	6
18157	1
1774	4
18158	1
1775	5
1776	3
18160	1
1777	3
1778	5
1779	4
1780	7
1781	9
1782	6
1783	3
1784	2
1785	7
1786	2
18170	1
1787	5
1788	8
1789	3
1790	10
1791	7
1792	3
1793	5
1794	3
1795	6
18179	1
1796	5
18180	1
1797	6
1798	6
1799	4
1800	7
1801	8
1802	6
18186	1
1803	4
1804	4
18188	1
1805	4
18189	1
1806	9
1807	4
1808	6
18192	1
1809	5
1810	5
1811	5
1812	3
18196	1
1813	4
1814	6
1815	2
1816	4
1817	5
1818	3
1819	3
1820	3
1821	7
1822	4
1823	2
1824	4
1825	4
1826	5
1827	7
1828	6
1829	7
1830	11
1831	3
1832	8
1833	10
1834	5
1835	8
1836	5
1837	3
1838	7
1839	4
1840	5
1841	4
1842	5
1843	6
1844	6
1845	7
1846	8
1847	9
1848	6
1849	5
1850	3
1851	1
1852	8
1853	9
1854	8
1855	9
1856	6
1857	2
1858	3
1859	3
1860	4
1861	4
1862	3
1863	5
1864	6
1865	5
1866	5
1867	4
1868	6
1869	6
18253	1
1871	7
1872	5
1873	5
1874	4
1875	9
1876	5
18260	1
1877	6
1878	5
1879	4
1880	9
1881	5
1882	1
1883	8
1884	5
1885	1
1886	8
1887	4
1888	5
1889	4
1890	3
1891	6
1892	3
1893	5
1894	6
1895	5
1896	10
1897	4
1898	4
1899	6
1900	3
1901	4
1902	7
1903	6
18287	1
1904	5
1905	4
1906	3
18290	1
1907	4
18291	1
1908	6
1909	5
1910	5
1911	8
1912	9
1913	4
1914	5
1915	7
1916	6
1917	7
1918	4
1919	3
1920	7
1921	4
1922	3
1923	5
1924	1
1925	4
1926	7
1927	6
1928	7
1929	6
1930	3
1931	3
1932	10
1933	5
1935	4
1936	7
1937	2
1938	7
18323	1
1939	3
1940	3
1941	6
1942	6
1943	3
1944	4
1945	10
1946	5
1947	4
1948	6
1949	4
1950	4
1951	6
18335	1
1952	5
1953	4
1954	4
18338	1
1955	3
18339	1
1956	12
1957	3
18341	1
1958	2
1959	5
18343	1
1960	5
1961	5
1962	8
1963	3
1964	2
1965	4
1966	4
1967	7
1968	6
18352	1
1969	2
1970	8
1971	4
1972	2
1973	5
1974	2
1975	7
1976	3
1977	4
1978	7
1979	6
18363	1
1980	5
1981	5
1982	9
1983	4
1984	3
1985	6
1986	8
1987	2
1988	8
1989	5
18374	1
1990	6
1991	5
1992	3
1993	3
1994	5
1995	6
1996	8
1997	4
1998	7
1999	3
18383	1
2000	1
2001	7
2002	6
2003	4
2004	4
2005	8
2006	6
2007	9
18391	1
2008	1
2009	4
2010	2
2011	4
2012	2
2013	5
2014	4
2015	5
2016	3
2017	4
2018	6
2019	2
2020	5
2021	4
2022	7
2023	1
2024	1
2025	6
2026	5
2027	6
18411	1
2028	4
2029	7
2030	7
2031	7
18415	1
2032	5
2033	10
2034	5
2035	2
2036	2
2037	3
2038	6
2039	4
18423	1
2040	3
2041	6
2042	4
2043	4
18427	1
2044	5
2045	5
2046	4
2047	3
2048	3
2049	3
2050	3
2051	7
2052	6
2053	3
2054	4
2055	7
2056	5
2057	3
2058	5
2059	8
18443	1
2060	4
2061	1
2062	3
2063	6
2064	4
18448	1
2065	5
18449	1
2066	4
18450	1
2067	5
2068	5
2069	7
2070	1
2071	5
2072	3
2073	6
18457	1
2074	8
2075	2
2076	4
2077	7
2078	5
2079	5
2080	6
2081	7
2082	4
2083	5
2084	3
2085	3
2086	13
2087	4
2088	4
2089	3
2090	4
2091	6
2092	5
2093	2
2094	4
2095	8
2096	2
2097	3
2098	5
2099	4
18483	1
2100	6
2101	7
2102	3
18486	1
2103	12
2104	1
18488	1
2105	6
2106	2
2107	9
2108	6
2109	2
2110	4
2111	4
2112	7
2113	4
2114	5
2115	6
2116	3
2117	3
2118	6
2119	3
2120	2
2121	8
18505	1
2122	3
2123	5
2124	4
2125	3
2126	5
2127	5
2128	3
2129	8
2130	5
2131	4
2132	4
2133	6
2134	5
2135	4
2136	4
2137	8
2138	6
2139	5
2140	2
2141	4
2142	3
18526	1
2143	3
2144	5
2145	7
2146	3
2147	8
2148	5
2149	2
2150	7
2151	8
2152	1
2153	8
2154	2
2155	4
2156	8
2157	2
2158	5
2159	5
2160	5
2161	4
2162	5
2163	7
2164	3
2165	1
2166	4
2167	1
2168	3
2169	9
2170	5
2171	5
2172	1
2173	8
2174	7
2175	4
2176	4
2177	5
2178	6
2179	1
2180	5
2181	3
2182	3
18566	1
2183	6
2184	5
2185	4
2186	6
2187	3
2188	4
2189	3
2190	5
2191	7
2192	2
2193	4
2194	3
2195	6
2196	4
2197	4
2198	5
2199	5
2200	6
2201	6
2202	4
2203	5
2204	7
2205	12
2206	3
2207	8
2208	5
18592	1
2209	3
2210	7
2211	10
2212	3
2213	3
2214	6
2215	5
18600	1
2216	5
2217	9
2218	1
2219	6
2220	3
2221	7
2222	4
2223	4
2224	7
2225	4
2226	4
2227	4
2228	5
2229	2
2230	3
2231	3
18616	1
2232	6
2233	6
2234	9
2235	4
2236	4
2237	3
2238	7
2239	4
2240	6
18625	1
2241	3
2242	3
2243	2
2244	5
18628	1
2245	3
2246	7
2247	6
2248	1
2249	9
2250	8
2251	7
2252	8
2253	11
2254	8
2255	4
2256	4
2257	5
2258	7
2259	4
2260	5
2261	5
2262	4
2263	10
2264	3
2265	3
2266	4
2267	8
2268	6
2269	5
2270	5
2271	5
2272	4
2273	4
2274	5
2275	6
2276	10
2277	5
2278	6
2279	2
2280	6
2281	6
2282	7
2283	6
2284	7
2285	6
2286	12
2287	8
2288	7
2289	6
2290	2
18675	1
2291	5
2292	6
2293	5
2294	5
2295	5
18679	1
2296	1
2297	4
18682	1
2298	3
2299	7
2300	6
2301	8
2302	4
2303	9
2304	6
2305	3
2306	8
2307	7
2308	5
2309	7
18694	1
2310	6
2311	5
2312	4
2313	3
18697	1
18698	1
2314	3
2315	6
2316	6
18700	1
2317	6
2318	5
2319	10
2320	10
18704	1
2321	4
2322	3
2323	2
2324	1
2325	8
2326	4
2327	6
2328	3
2329	3
2330	4
2331	2
2332	5
2333	5
2334	5
2335	8
2336	3
2337	9
2338	5
18723	1
2339	5
2340	2
2341	1
18725	1
2342	7
2343	3
18727	2
2344	9
2345	8
2346	3
2347	6
2348	4
2349	7
2350	4
2351	7
2352	4
2353	5
2354	5
2355	6
2356	6
2357	5
18741	1
2358	4
2359	4
2360	7
2361	3
2362	4
2364	4
2365	3
2366	11
2367	4
2368	3
2369	8
2370	3
2371	3
2372	5
2373	5
2374	3
2375	2
2376	4
2377	8
18761	1
2378	5
2379	5
2380	4
2381	1
2382	3
2383	5
2384	8
2385	3
2386	7
2387	6
18772	2
2388	6
2389	6
2390	6
2391	2
2392	4
2393	3
2394	3
2395	8
2396	3
2397	8
2398	3
2399	4
2400	10
2401	6
18785	1
2402	5
2403	7
2404	4
2405	3
2406	3
2407	7
2408	8
2409	4
2410	6
2411	3
2412	3
2413	4
2414	5
2415	2
2416	6
2417	5
2418	6
2419	4
2420	3
2421	2
2422	8
2423	5
2424	3
2425	8
2426	4
2427	4
2428	7
2429	3
2430	5
2431	5
2432	7
2433	3
2434	12
2435	5
2436	7
2437	4
2438	6
2439	2
2440	2
2441	7
2442	5
2443	4
2444	6
18828	1
2445	5
18829	1
2446	8
2447	5
2448	6
2449	6
2450	6
2451	6
2452	3
2453	5
2454	4
2455	7
2456	9
2457	5
2458	5
2459	5
2460	5
2461	7
2462	1
2463	1
18847	1
2464	5
2465	10
2466	2
2467	7
2468	4
2469	5
2470	3
2471	4
2472	3
2473	3
2474	5
2475	4
18860	1
2476	3
2477	3
2478	8
2479	5
2480	5
18864	1
2481	6
2482	9
2483	7
2484	4
2485	8
2486	4
2487	11
2488	4
2489	3
2490	7
2491	4
2492	8
2493	5
2494	4
2495	6
18879	1
2496	4
2497	6
2498	6
18882	1
2499	4
2500	3
2501	4
2502	6
2503	6
2504	8
2505	7
2506	8
2507	4
2508	2
2509	3
2510	3
2511	6
2512	3
18897	1
2513	4
2514	4
2515	9
2516	4
2517	8
18901	1
2518	6
2519	5
2520	6
2521	3
2522	5
2523	4
2524	6
18908	1
2525	3
2526	7
2527	3
2528	6
2529	3
2530	9
2531	7
2532	6
2533	8
2534	8
2535	4
2536	7
2537	11
2538	7
2539	4
2540	6
2541	10
2542	9
2543	7
2544	3
2545	3
2546	5
2547	5
18931	1
2548	3
2549	5
2550	8
18935	1
2551	4
2552	2
2553	6
2554	5
2555	4
2556	4
2557	5
2558	2
2559	3
2560	6
2561	3
2562	4
2563	5
2564	4
2565	3
2566	3
2567	2
2568	5
2569	8
2570	4
2571	3
2572	7
2573	3
2574	2
2575	7
2576	4
2577	4
2578	7
2579	3
2580	6
2581	3
2582	5
2583	6
2584	5
2585	2
2586	5
2587	5
2588	7
2589	6
2590	2
2591	6
2592	3
2593	10
2594	7
2595	4
2596	2
2597	5
2598	3
2599	3
2600	7
2601	5
2602	7
2603	6
2604	3
2605	4
2606	4
2607	6
2608	5
2609	2
18993	1
2610	11
2611	7
2612	3
2613	1
2614	7
2615	4
2616	5
2617	8
2618	3
2619	6
2620	1
2621	3
19005	1
2622	5
2623	6
2624	7
2625	7
2626	3
2627	1
2628	8
2629	6
2630	6
2631	7
2632	7
2633	5
2634	3
19018	1
2635	6
2636	5
2637	4
2638	3
2639	2
2640	4
2641	4
2642	2
19026	1
2643	5
2644	5
2645	4
2646	1
2647	3
2648	6
2649	5
2650	5
2651	3
2652	6
2653	4
2654	4
2655	4
2656	7
2657	5
2658	6
2659	5
2660	6
2661	4
2662	3
2663	4
2664	3
2665	10
2666	7
2667	5
2668	7
2669	8
2670	2
2671	9
2672	8
2673	1
2674	4
2675	2
2676	2
2677	2
2678	3
2679	7
2680	10
2681	3
2682	8
2683	3
2684	9
2685	3
2686	7
19070	1
2687	4
2688	4
2689	7
2690	3
2691	7
2692	2
2693	3
2694	4
2695	1
19079	1
2696	7
2697	3
2698	7
2699	8
2700	7
19084	1
2701	3
2702	7
2703	5
2704	5
2705	8
2706	6
2707	7
2708	5
19092	1
2709	4
2710	3
2711	5
19095	1
2712	4
2713	6
2714	3
2715	9
2716	3
2717	2
19101	1
2718	3
2719	7
2720	3
2721	3
2722	6
2723	4
2724	3
2725	4
2726	8
2728	4
2729	1
2730	4
2731	7
2732	4
2733	3
2734	7
2735	7
2736	7
2737	5
2738	7
2739	3
2740	4
2741	4
2742	8
2744	5
19128	1
2745	7
2746	7
2747	4
2748	6
2749	4
2750	7
2751	3
2752	4
2753	4
2754	6
2755	1
2756	8
2757	4
2758	3
2759	5
2760	9
2761	3
2762	6
2763	1
2764	4
2765	7
2766	4
2767	2
2768	5
2769	5
2770	4
2771	4
2772	7
2773	3
2774	4
2775	3
2776	8
2777	3
2778	2
2779	4
2780	7
2781	6
2782	4
2783	5
2784	6
2785	2
2786	6
2787	5
2788	7
2789	2
2790	5
2791	2
2792	4
2793	8
2794	4
2795	8
2796	5
19180	1
2797	6
2798	2
2799	2
2800	7
2801	6
2802	2
2803	6
2804	8
19188	1
2805	5
2806	4
2807	10
2808	8
2809	6
2810	3
2811	4
2812	2
2813	7
2814	6
2815	6
2816	3
2817	5
2818	8
2819	5
2820	4
2821	4
2822	2
2823	3
2824	7
2825	4
2826	3
2827	5
2828	7
2829	6
2830	9
2831	3
2832	5
19216	1
2833	10
19217	1
2834	3
2835	2
2836	7
2837	6
2838	7
2839	5
19223	1
2840	7
2841	5
2842	4
2843	3
2844	5
2845	4
2846	7
2847	7
2848	4
2849	5
2850	4
2851	4
2852	1
19237	1
2854	5
2855	5
2856	6
2857	2
2858	4
2859	3
2860	3
2861	7
2862	3
2863	4
2864	6
2865	5
2866	2
2867	4
2868	5
2869	2
2870	6
2871	4
19255	1
2872	3
2873	5
19257	1
2874	5
2875	3
2876	2
2877	8
2878	4
2879	3
2880	7
2881	9
2882	6
2883	2
2884	3
2885	12
2886	7
2887	2
2888	4
2889	8
2890	4
2891	3
2892	7
2893	8
2894	5
2895	11
2896	3
2897	6
2898	12
2899	8
2900	2
2901	7
2902	6
2903	3
2904	3
2905	11
2906	2
2907	4
2908	4
2909	5
2910	2
2911	2
2912	5
2913	3
2914	3
2915	6
2916	4
2917	4
19301	1
2918	4
2919	3
2920	9
2921	8
2922	3
2923	5
2924	2
19308	1
2925	9
2926	7
2927	6
2928	5
2929	5
19313	1
2930	5
2931	9
2932	7
2933	1
2934	2
2935	3
2936	3
2937	8
2938	7
19322	1
2939	4
2940	3
2941	9
2942	5
2943	6
2944	3
2945	5
2946	3
2947	5
2948	4
2949	9
2950	4
2951	5
2953	6
2954	2
19338	1
2955	5
2956	7
2957	4
2958	3
2959	1
2960	5
2961	6
2962	4
2963	6
2964	2
19348	1
2965	2
2966	7
2967	3
2968	5
2969	7
2970	5
2971	4
2972	2
2973	3
2974	2
2975	5
19359	1
2976	6
2977	4
2978	5
2979	5
2980	8
2981	6
2982	7
2983	6
2984	6
2985	6
2986	4
2987	3
2988	2
2989	5
2990	4
2991	6
2992	4
2993	2
2994	5
2995	4
2996	7
2997	3
2998	1
2999	2
3000	8
3001	2
3002	6
3003	4
3004	3
3005	7
3006	5
3007	9
3008	5
3009	2
3010	3
3011	8
3012	4
3013	5
3014	4
3015	5
3016	4
3017	4
3018	7
3019	4
3020	4
3021	2
3022	3
3023	4
3024	6
3025	6
3026	2
3027	4
3028	3
3029	5
3030	4
3031	3
3032	5
3033	4
3034	9
3035	8
19419	1
3036	2
3037	2
3038	3
3039	5
3040	5
3041	5
3042	4
3043	5
3044	3
3045	5
3046	7
3047	4
3048	3
3049	1
19433	1
3050	5
3051	5
3052	5
3053	3
3054	5
3055	3
3056	1
3057	5
19442	1
3058	4
3059	5
3060	3
3061	5
3063	6
3064	2
3065	3
3066	6
19450	1
3067	9
19451	1
3068	5
3069	2
19453	1
3070	5
3071	4
3072	8
3073	3
3074	11
3075	4
3076	4
3077	6
3078	4
3079	5
3080	3
3081	6
3082	3
3083	1
3084	2
3085	4
3086	3
3087	1
3088	4
3089	4
3090	6
3091	4
3092	8
3093	6
3094	3
3095	5
3096	1
3097	8
3098	1
3099	5
3100	6
3101	2
3102	6
3103	6
3104	1
3105	4
3106	3
19490	1
3107	5
3108	5
3109	5
3110	3
3111	1
3112	5
3113	2
3114	9
3115	5
3116	6
3117	4
3118	4
3119	6
3120	2
3121	2
3122	5
3123	3
3124	1
3125	4
19509	1
3126	4
3127	5
3128	7
3129	8
3130	7
3131	8
3132	6
3133	4
3134	5
3136	5
3137	10
3138	4
3139	3
3140	6
3141	7
3142	2
3144	4
3145	4
3146	4
3147	3
3148	4
3149	4
3150	4
3151	4
3152	5
3153	4
19538	1
3154	2
3155	5
3156	2
3157	2
3158	4
3159	2
3160	2
3161	3
19546	1
3163	6
3164	3
3165	4
3166	2
3167	4
3168	6
3169	5
3170	5
19554	1
3172	2
3173	2
3174	2
3175	6
3176	6
3177	3
3178	5
3179	3
3180	7
3181	5
3182	3
3183	3
3184	3
3185	1
3186	8
3187	2
3188	2
3189	7
3190	5
3191	5
3192	5
3193	3
3194	5
3195	8
3196	1
3197	3
3198	4
3199	4
3200	3
3201	1
3202	10
3203	3
3204	3
3205	4
3206	4
3207	5
3208	3
3209	3
3210	5
3211	2
3212	5
3213	5
3214	2
3215	6
3216	3
3217	5
3219	3
3220	5
3221	4
3222	8
3223	2
19607	1
3224	5
3225	3
3226	3
3227	6
3228	7
3229	2
3230	2
3231	3
3232	4
3233	8
3234	5
3235	4
3236	5
3237	3
3238	1
3239	5
3240	2
3241	5
3242	5
3244	6
3245	3
3246	6
3247	3
3248	5
3249	1
3250	4
3251	4
3252	3
3253	6
3255	3
19639	1
3256	7
3257	2
3258	3
3259	6
3260	5
3261	5
3262	3
3263	6
3264	1
3265	4
3266	7
3267	3
3268	6
3269	8
3270	2
3271	6
3272	4
3273	7
3274	2
3275	1
3276	3
3277	5
3278	4
3279	5
3280	9
3281	4
3282	2
3283	4
3284	2
3285	3
19669	1
3286	3
3287	5
3288	1
3289	4
3290	4
3291	1
3292	2
3293	2
3294	4
3295	4
3296	6
3297	2
3298	6
3299	3
3300	3
3301	5
3302	4
3303	9
3304	4
3305	5
3306	7
3307	3
3308	1
3310	5
3311	3
3312	4
3313	8
3314	4
3315	7
3316	4
3317	7
3318	4
3319	1
3320	2
3321	4
3322	5
3323	1
3324	5
3325	2
3326	8
3327	6
3328	2
3329	2
3330	4
3331	3
3332	3
3333	6
3334	7
3335	3
19719	1
3336	4
3337	4
3338	5
3339	6
3340	4
3341	2
3342	4
3343	4
3344	3
3345	7
3346	4
3347	6
3348	6
3349	5
3350	8
3351	6
3352	5
3353	4
3354	3
19739	1
3355	1
3356	4
3357	4
3358	2
3359	3
3360	1
3361	7
3362	5
3364	6
3365	4
3366	1
3367	3
3368	2
3369	3
3371	4
3372	5
3373	4
3375	6
3376	3
3377	11
3378	3
3379	5
3380	7
3381	2
3382	4
3383	2
3385	2
3386	3
3387	6
3388	4
3389	6
3390	4
3391	4
3392	5
3393	3
3394	4
3395	5
3396	1
3397	5
3398	7
3399	6
3400	2
3401	3
3402	4
3403	4
3404	7
3405	3
3406	7
3407	3
3408	4
3409	5
3410	6
3411	5
3412	3
19797	1
3413	3
3414	6
3415	5
3416	5
3417	3
3418	3
3419	2
3420	1
3421	6
3422	5
3423	1
3424	4
3425	5
3426	1
3427	4
3428	4
3429	2
3431	2
3432	1
3433	9
3434	3
19819	1
3435	5
3436	5
3437	4
3438	5
3439	1
3440	2
3441	3
3442	2
3443	2
19827	1
3444	7
3445	3
3446	3
3447	5
3448	6
3449	5
3450	5
3451	4
3452	3
3453	1
3454	4
3455	2
3456	6
3457	1
3458	5
3459	2
3460	6
3461	6
3462	4
3463	2
3464	1
3465	6
3466	5
3467	1
3468	4
3469	3
3470	3
19854	1
3471	1
3472	3
3473	5
3474	4
3475	2
3476	2
3477	1
3478	4
3479	4
3480	4
3481	3
3482	7
3483	5
3484	2
3485	6
3486	9
3487	4
3488	3
3489	6
3490	1
3491	2
3492	6
3493	2
3494	1
3495	8
3496	5
3497	4
3498	1
3499	4
3500	5
3501	4
3502	4
3503	6
3504	2
3505	5
3506	5
3507	2
3508	5
3509	4
3510	1
3511	4
3512	3
3513	8
3514	3
3515	7
3516	3
3517	7
3518	5
3519	7
3520	4
3521	4
3522	5
19906	1
3523	3
3524	5
3525	2
3526	4
3527	1
3528	1
3530	2
3531	1
3532	3
3533	6
3534	1
3535	4
3536	2
3537	3
3538	4
3539	5
3540	6
3541	1
3542	6
3543	3
3544	4
3545	4
3546	2
3547	5
3548	2
3549	2
3550	2
3551	4
3552	4
3553	5
3554	2
3555	5
3556	5
3557	2
3559	7
3560	4
3561	3
3562	3
3563	7
3564	1
3565	4
3566	3
3567	3
3568	8
3569	2
3570	3
3571	1
3572	8
3573	5
3574	6
3575	4
3576	6
3577	4
3578	2
3579	3
3580	3
3581	4
3582	4
3583	7
3584	4
3585	2
3586	3
3587	5
3588	2
3589	2
3590	5
3591	5
3592	4
3593	5
3594	1
3595	4
3596	5
3597	4
3598	1
3599	2
3602	2
3603	1
3604	4
3605	3
3606	5
3607	2
3608	7
3609	4
3610	2
3611	5
19995	1
3612	6
3613	2
3614	2
19998	1
3615	9
3616	4
3617	2
3618	5
3619	8
3620	5
3621	4
3622	1
3623	6
3624	1
3625	3
3626	4
3627	4
3628	1
3629	4
3630	3
3631	4
3632	3
3633	1
3634	2
3635	4
3636	4
3637	2
3638	3
3639	5
3640	3
3641	8
3642	1
20026	1
3643	2
3644	3
3645	3
3646	6
3647	3
3648	3
3649	5
3650	5
3651	4
3652	1
3653	3
3654	5
3655	2
3656	2
3657	7
3658	3
3659	5
3660	4
3661	2
20046	1
3662	1
3663	3
3664	2
3665	6
3666	4
3667	2
3668	2
3669	4
3670	5
3671	9
3672	4
3673	3
3674	3
3675	4
3676	6
20060	1
3677	6
3678	3
3679	5
3681	4
3682	4
3683	5
3684	5
3685	3
20069	1
3686	1
3687	4
3688	3
3689	3
3690	6
3691	6
3692	1
3693	3
3694	3
3695	4
20079	1
3696	4
3697	6
3698	3
3699	6
3700	5
3701	3
3702	2
3703	3
3704	4
3705	7
3706	6
3707	4
3708	1
3709	2
3710	7
3711	4
3712	1
3714	5
3716	4
3717	3
3718	3
3719	1
3720	2
3721	2
3722	4
3723	5
3724	3
3725	6
3726	4
3727	8
3728	4
3729	3
3730	4
3732	1
3733	6
3734	5
3735	3
3736	5
3737	1
3738	3
3739	2
3740	5
3741	2
3742	7
3743	3
3744	3
3745	5
3746	4
3747	4
3748	2
3749	2
3750	2
3751	8
3752	3
3753	1
3754	4
3755	4
3756	7
3757	3
3758	3
20142	1
3759	4
3760	4
3761	3
3762	2
3763	3
3764	5
3765	2
3766	2
3767	4
3768	3
3769	1
3770	4
3771	5
3772	1
3773	3
3774	3
3775	5
3776	5
3778	1
3779	2
3780	5
3781	2
3782	3
3783	3
3784	3
3785	1
3786	5
3787	8
3788	1
3789	3
3790	5
3791	3
3792	3
3793	4
3794	2
3795	3
3797	3
3798	1
3799	7
3800	5
3801	1
3802	4
3803	3
3804	8
3805	4
3806	6
3807	3
3808	2
3809	2
3810	6
3811	1
20196	1
3812	2
3813	2
3814	5
3815	7
3816	8
3817	4
3818	1
3819	2
3820	2
3821	5
3822	4
3823	4
3824	1
3825	8
3826	1
3827	4
3828	1
3829	2
3830	5
3831	5
3832	4
3833	3
3834	5
3835	3
3836	3
3837	4
3838	1
3839	5
3840	5
3841	7
3842	1
3843	1
3844	1
3845	3
3846	2
3848	4
3849	4
3850	2
3851	2
3852	2
3853	2
3854	4
3855	7
3856	3
3857	2
3858	7
3859	2
3860	4
3861	5
3862	3
3863	4
3864	2
3865	3
3866	2
3867	2
3868	3
3869	4
3871	2
3872	7
3873	2
3874	2
3875	4
3876	4
3877	1
3878	2
3879	5
3880	5
3881	3
3882	4
3883	6
3884	2
3885	4
3886	2
3887	1
3888	4
3889	4
3890	1
3891	1
3892	2
3893	1
3894	8
3895	1
3896	1
3897	4
3898	4
3899	5
3900	1
3901	6
3902	5
20286	1
3903	3
3905	5
3906	3
3907	2
3908	4
3909	5
3911	1
3912	4
3913	2
3914	4
3915	4
3916	5
3917	2
3918	4
3920	1
3921	4
3922	1
3923	4
3924	1
3925	2
3928	1
3929	3
3930	4
3931	3
3932	4
3933	1
3934	3
3935	4
3936	1
3937	3
3938	2
3939	1
3940	7
3941	4
3942	4
3943	2
3944	2
3945	4
3946	5
3947	6
3948	3
3949	3
3950	3
3951	3
3952	4
3953	3
3954	1
3955	4
3956	6
3957	2
3958	5
3959	3
3960	6
3961	3
3962	5
3963	2
3964	3
3965	10
3966	1
3967	2
3968	2
20353	1
3969	1
3970	6
3971	3
3972	1
3973	5
3974	2
3975	2
3976	2
3977	2
3978	3
3979	3
3980	2
3981	1
3982	3
3983	3
3984	1
3985	1
3986	1
3987	2
3988	3
3989	3
3990	4
3991	5
3992	4
3993	1
3994	2
3995	3
3996	3
3998	2
3999	1
4000	2
4001	3
4002	5
4003	4
4004	6
4005	1
4006	3
4007	1
4008	5
4009	4
4010	4
4011	2
4012	1
4013	1
4014	1
4015	3
4016	2
4017	4
4018	5
4019	1
4020	3
4021	1
4022	5
4023	6
4024	2
4025	1
4026	3
4027	1
4028	4
4030	3
4031	2
4032	3
4034	3
4035	2
4036	3
4037	3
4038	4
4039	1
4040	3
4041	3
4042	3
4043	4
4044	3
4045	3
4046	3
4047	3
4048	5
4049	3
4050	7
4052	3
4053	4
4054	3
4055	1
20440	1
4056	3
4057	4
4059	1
4060	2
4061	4
4062	2
4063	4
4064	5
4066	5
4067	4
4068	2
4069	4
4070	2
4071	8
4072	2
4073	5
4074	1
4075	4
4076	1
20460	1
4077	2
4078	4
4079	3
4080	2
4081	5
4082	1
4083	3
4084	5
4086	6
4088	7
4089	2
4090	5
4091	6
4092	4
4093	5
4094	2
4095	1
4096	3
4097	1
4098	1
4099	2
4100	4
4101	4
4102	5
4103	2
4104	2
4106	3
20491	1
4107	1
4108	1
4109	5
4110	2
4111	1
4112	5
4113	4
4114	2
4115	2
4116	6
4117	3
4118	5
4119	7
4120	4
4121	4
4122	2
4123	1
4124	4
4126	3
4127	3
4128	2
4129	7
4130	3
4131	6
4132	3
4133	2
4134	4
4135	1
4136	4
4137	3
4138	2
4139	1
4140	1
4141	3
4142	2
4143	6
4144	3
4145	1
4146	1
20530	1
4147	2
4148	4
4149	2
4150	4
4151	4
4152	2
4153	2
4154	5
4155	8
4156	2
4157	1
4158	3
4159	3
4161	1
4162	5
4163	1
4164	4
4165	3
4166	1
4167	1
4169	5
4172	2
4173	6
20557	1
4174	4
4175	2
4176	2
4177	3
4178	3
4179	3
4180	2
4181	2
4182	2
4183	2
4184	3
4185	2
4186	1
4187	1
4188	2
4189	3
4190	5
4191	1
4192	5
4193	1
4194	1
4195	4
20579	1
4196	3
20580	1
4197	4
4198	2
4199	3
4200	5
4201	2
4202	2
4203	7
4204	2
4205	1
4206	3
4207	3
4208	5
4209	2
4210	3
4211	6
4212	3
4213	2
4214	2
4216	4
4217	3
4218	4
4219	5
4220	5
4221	3
4222	1
4223	5
4224	1
4225	2
4226	4
4227	3
20611	1
4228	2
4229	2
4230	2
4231	2
4232	2
4233	4
4234	2
4235	3
4236	4
4237	5
4238	1
4239	4
4240	1
4241	4
4242	2
4243	2
4244	4
4245	1
4246	3
4247	2
4248	3
4249	3
4250	1
4251	1
4252	5
4253	4
4254	3
4255	1
4256	1
4257	1
4258	2
4259	8
4260	3
4261	1
4262	4
4263	4
4264	1
4265	1
4267	1
4269	8
4270	3
4271	1
4272	1
4273	3
4274	3
4275	2
4276	4
4277	2
4278	2
4279	2
4280	3
4281	1
4282	2
4283	2
4285	3
4286	2
4287	1
4288	1
4289	5
4290	3
4291	4
4292	5
4293	4
4294	5
4295	3
4296	3
4297	7
4298	2
4300	2
4301	4
4302	4
4303	3
4304	1
4305	4
4306	4
4307	1
4308	4
4309	1
4310	2
4311	3
4312	5
4313	2
4314	1
4315	3
4316	3
4317	1
20701	1
4319	1
4320	4
4321	5
4322	2
4323	3
4324	2
4325	2
4327	2
4328	3
4329	2
4330	2
4331	1
4332	2
4333	2
4334	1
4335	5
4336	2
4337	1
4339	2
4340	1
4341	2
4343	1
4344	2
4345	2
4346	3
4347	2
4348	2
4350	3
4351	1
4352	3
4354	1
4356	2
4357	3
4358	1
4359	1
4360	5
4361	7
4362	3
4363	3
4364	2
4365	1
4366	3
4367	2
4368	3
4370	1
4371	1
4372	4
4374	4
4375	1
4376	2
4377	3
4378	3
4380	2
4381	1
4382	3
4383	4
4384	5
4385	4
4386	3
20770	1
4387	1
4388	1
4389	2
4390	4
4391	2
4392	2
4393	2
4394	1
4395	2
4396	1
4397	1
4398	3
4399	3
4400	2
4401	3
4402	3
4403	3
4404	3
4405	4
4406	2
4407	1
4408	1
4409	3
4410	4
4412	3
4414	2
4415	3
4416	1
4417	1
4419	3
4420	3
4421	1
4422	1
4424	2
4425	4
4426	3
4427	3
4428	2
4429	2
4430	4
4431	2
4432	2
4433	5
4434	3
4435	1
4436	1
4437	2
4438	1
4439	2
4441	2
4442	3
4443	5
4444	1
20828	1
4445	5
4446	4
4448	1
4449	1
4450	1
4451	2
4452	1
4453	1
4454	4
4455	2
4456	3
4457	1
4458	2
4460	3
4461	3
4462	4
4463	3
4464	5
4465	1
4466	3
4467	1
4468	1
4469	2
4470	1
4472	2
4473	3
4474	2
4475	2
4476	4
4477	1
4478	2
4479	2
4480	2
4481	2
4482	2
4483	2
4484	2
4485	3
4486	1
4487	1
4488	1
4489	4
4490	2
4491	2
4493	4
4494	1
4495	2
4496	2
4497	1
4498	2
4500	3
4501	3
4502	3
4503	3
4504	2
4505	4
4507	2
4508	1
4509	6
4510	4
4511	2
4512	3
4513	3
4514	1
4515	1
4516	3
4517	1
4518	3
20902	1
4519	5
4520	2
4521	5
4522	1
4523	2
4524	4
4526	1
4527	1
4528	2
4531	3
20915	1
4532	1
4533	1
4534	9
4535	5
4536	3
4537	2
4539	1
4540	4
4541	4
4542	1
4543	4
4544	1
4546	4
4547	3
4549	1
4551	2
4553	1
4555	2
4556	1
4557	4
4560	3
4561	1
4562	2
4563	1
4564	2
4565	2
4566	2
4567	1
4568	1
4569	4
4570	1
4571	3
4572	2
20956	1
4574	3
4576	1
4577	2
4579	2
4580	2
4581	6
4582	3
4583	2
4584	2
4585	1
4586	1
4587	1
4588	3
4589	3
4590	4
4591	2
4593	3
4595	2
4596	3
4597	4
4599	1
4600	3
4601	1
4602	2
4603	1
4604	4
4605	4
4606	2
4607	2
4608	1
4609	2
4610	3
4611	1
4612	3
4613	2
4614	1
4615	2
4616	3
4617	3
4618	1
4619	2
4620	2
4622	4
4623	1
4624	2
4625	2
4626	1
4628	1
4629	1
4630	1
4631	1
4632	6
4633	1
4634	3
4635	3
4636	1
4637	2
4638	3
4639	2
4640	3
4641	2
4642	3
4643	1
4644	5
4645	1
4646	3
4647	2
4648	1
4649	1
4650	2
4651	5
4652	1
4653	4
4654	2
4657	1
4658	1
4659	1
4660	2
4662	2
4663	1
4664	2
4665	1
4666	1
4667	2
4670	4
4671	2
4673	1
4674	1
4675	2
4676	1
4678	1
4679	5
4680	1
4681	1
4682	1
4684	2
4685	2
4686	2
4687	2
4688	1
4689	3
4690	2
4691	1
4693	2
4694	3
4695	2
4696	1
4697	2
4698	5
4699	4
4700	2
4702	4
4703	2
4704	3
4705	3
4706	4
4707	2
4709	3
4710	2
4711	3
4712	5
4713	3
4714	2
4715	5
4716	2
4718	2
4719	2
4720	1
4721	2
4722	3
4723	5
4724	3
4725	2
4726	2
4727	1
4728	1
4729	3
4730	2
4731	7
4732	2
4733	2
4734	4
4735	3
4736	1
4737	2
4738	2
4739	6
4740	3
4741	4
4742	2
4743	3
4744	1
4745	1
4746	1
4747	2
4748	5
4749	3
4750	2
4751	1
4752	2
4754	3
4755	2
4756	3
4757	4
4759	2
4760	3
4761	1
4762	1
4763	1
4764	3
4765	2
4767	2
4768	2
4769	2
4770	1
4771	1
4772	2
4773	7
4774	1
4775	4
4776	1
4777	2
4778	1
4779	2
4780	4
4781	1
4782	2
21166	1
4783	3
4785	1
21170	1
4786	1
4787	2
4788	3
4789	3
4790	2
4791	4
4792	2
4793	2
4795	5
4796	1
4797	2
4798	1
4799	3
4800	3
4801	1
4802	3
4803	4
4804	3
4805	1
4807	2
4808	2
21193	1
4809	3
4811	1
4812	2
4813	2
4815	1
4816	3
21201	1
4818	1
4819	6
4820	2
4821	1
4822	2
4823	3
4825	1
4826	3
4827	1
4828	1
4829	3
4830	4
4831	3
4833	1
4834	4
4835	2
4836	5
4838	2
4839	2
4840	3
4841	1
4842	2
4843	2
4844	4
4845	3
4846	1
4847	2
4848	1
4849	2
4851	3
4853	2
4854	1
21239	1
4858	1
4859	1
4860	1
4861	2
4863	1
4864	1
4865	1
4866	2
4867	2
4868	1
4869	1
4871	4
4872	3
4873	1
4874	1
4875	1
4876	3
4877	1
4878	1
4879	1
4883	1
4884	1
4885	3
4886	1
4889	1
4890	2
4891	1
4892	4
4893	1
4894	1
4895	3
4896	3
4897	1
4898	2
4900	3
4901	3
21285	1
4902	2
4904	3
4905	3
4906	1
4907	1
4908	2
4910	1
4911	3
4912	2
4913	3
4914	1
4915	2
4916	1
4917	2
4919	1
4920	2
4921	2
4922	2
4923	1
4925	1
4927	5
4928	3
4929	1
4930	1
4931	2
4932	2
4935	4
21319	1
4936	5
4937	1
4939	1
4940	1
4941	1
4942	5
4943	2
4946	3
4947	2
4948	2
4950	3
4952	5
4953	5
4954	2
4955	2
4956	1
4957	2
4958	2
4959	2
4961	1
4962	2
4963	1
4964	1
4965	1
4966	2
4967	3
4969	2
4970	1
4971	4
4973	1
4974	2
4977	2
4979	1
4982	5
4984	1
4986	2
4987	1
4991	4
4992	1
4993	2
4994	1
4996	1
4998	3
4999	2
5000	1
5001	2
5002	1
5005	3
5006	3
5008	3
5010	4
5011	2
5012	2
5013	3
21397	1
5014	1
5015	1
5017	4
5018	2
5019	2
5020	2
5022	2
5023	1
5024	1
5026	7
5027	1
5029	4
5030	2
5031	1
5033	2
5035	1
5036	2
5037	1
5038	1
5039	2
5040	2
5041	2
5043	1
5045	2
5046	3
5047	2
5048	1
5049	1
5050	2
5051	1
5052	4
5054	1
5055	1
5056	1
5057	3
5058	2
5059	1
5060	2
5061	2
5062	2
5063	3
5064	3
5065	2
5066	2
5068	1
21452	1
5069	2
5072	1
5073	1
5074	1
5075	1
5076	1
5077	1
5079	1
5080	1
5081	2
5082	1
5085	1
5086	3
5088	5
5090	1
5091	2
5093	1
5094	2
5095	2
5096	1
5097	4
5098	1
5099	1
5100	4
5101	2
5102	1
5107	2
5110	1
5112	2
5113	3
5114	3
5115	2
5116	1
5117	4
5118	2
5119	1
5120	1
5121	3
5123	1
5124	1
5125	2
5126	3
5128	1
5129	2
5130	3
5132	1
5133	2
5134	1
5135	1
5136	3
5137	1
5139	2
5140	4
5141	1
5142	2
5143	2
5146	3
5148	2
5149	1
5152	4
5153	1
5155	1
5157	1
5159	1
5160	1
5162	2
5163	2
5165	4
5166	2
5168	2
5174	4
5175	1
5177	2
5179	3
5182	2
5184	1
21571	1
5187	4
5188	1
5189	1
5190	1
5191	4
5195	3
5197	2
5199	2
5201	1
5203	2
5204	1
5207	1
5208	3
5209	3
5210	3
5211	1
5212	2
5213	2
5214	2
5215	1
5217	5
5218	1
5219	1
5220	2
5221	1
5222	1
5224	3
5225	1
5226	2
5227	2
5229	2
5230	1
5231	1
5233	1
5234	2
5235	1
5236	2
5238	2
5239	1
5241	1
5242	2
5243	3
5244	1
5245	2
5248	2
5249	2
5252	1
5253	1
5254	5
5255	1
5256	3
5257	3
5258	1
5259	3
5260	3
5261	1
5262	1
5263	2
5264	2
5265	2
5266	1
5267	2
5268	1
5272	1
5273	1
5274	1
5275	1
5276	3
5277	2
5278	1
5279	2
5280	2
5281	2
5282	1
5284	1
5285	1
5287	2
5288	2
5290	5
5294	2
5296	5
5297	1
5298	1
5300	1
5301	1
5302	1
5304	2
5305	1
5306	1
5308	2
5310	1
5311	2
5313	1
5314	2
5315	1
5317	2
5318	2
5321	1
5322	1
5323	4
5324	4
5325	1
5326	4
5327	1
5328	1
5329	2
5330	1
5331	1
5332	1
5334	3
5335	2
5338	2
5339	2
5340	2
21724	1
5341	1
5342	4
5343	1
5344	2
21728	1
5345	1
5346	1
5348	1
5349	1
5350	3
5351	1
5352	2
5353	1
5354	2
5356	2
5357	2
5358	1
5360	1
5361	1
5363	5
5364	2
5365	1
5366	3
5367	1
5368	2
5370	2
5371	2
5372	1
5374	1
5376	1
5378	1
5380	2
5381	2
5385	1
5386	3
5387	1
5388	1
5390	1
5391	1
5392	1
5393	1
5394	2
5395	4
5397	1
5398	2
5400	2
5401	1
5403	1
5404	1
5406	1
5407	1
5408	1
5409	4
5411	5
5412	1
5414	2
5415	1
5416	1
5417	1
5418	1
5421	3
5422	2
5423	1
5424	1
5425	3
5426	1
5427	3
5428	3
5429	1
5432	1
5433	1
5435	1
5436	2
5437	1
5441	1
5445	3
5447	1
5448	1
5449	2
5451	1
5452	2
5453	2
5454	4
5455	4
5458	5
5459	2
5460	1
5461	1
5462	1
5464	1
5465	1
5466	2
5469	1
5470	1
5471	1
5473	1
5474	2
5476	1
5478	1
5479	3
5480	1
5483	1
5485	2
5486	1
5487	1
5488	1
5490	1
5491	2
5492	1
5493	2
5495	1
5496	2
5497	2
21881	1
5498	1
21882	1
5499	1
5500	1
5502	2
5503	1
5504	1
5506	1
5508	2
5510	1
5512	1
5513	2
5516	1
5517	2
5518	1
5521	1
5523	2
5524	2
5525	1
5526	2
5527	1
5528	2
5530	3
5531	2
5532	5
5533	2
5535	2
5536	1
5540	1
5543	2
5544	2
5547	1
5549	2
5552	1
5553	2
5555	1
5556	3
5557	1
21941	1
5558	2
5559	1
5560	1
5561	2
5562	2
5563	1
21947	1
5564	2
5569	1
5570	1
5572	2
5574	1
5575	3
5576	2
5577	2
5578	2
5580	1
5581	2
5582	1
5583	1
5584	1
5585	3
5586	3
5589	1
5591	1
5592	2
5593	2
5594	1
5595	2
5598	2
5599	1
5604	3
5605	1
5607	2
5609	1
5610	2
5611	1
5612	1
5613	2
5614	4
5615	1
5617	2
5618	3
5619	1
5620	3
5621	2
5623	1
5625	3
5628	1
5630	1
5633	2
5634	1
5635	4
5636	4
5637	3
5638	1
5640	1
5643	2
5646	1
5648	2
5651	2
5652	1
5653	1
5654	2
22039	1
5657	1
5658	1
5660	1
5661	1
5662	1
5663	1
5664	1
5665	1
5666	2
22050	1
5669	2
5672	2
5673	1
5674	5
5675	1
5677	1
5678	1
5679	1
5680	2
5681	2
5682	1
5684	1
5686	1
5687	1
5690	1
5693	2
5698	1
5701	2
5706	1
5707	1
5708	1
5709	1
5710	1
5712	2
5714	2
5715	1
5716	1
5717	1
5718	2
5719	1
5720	2
5721	2
5723	1
5724	2
5725	2
5727	1
5730	2
5731	2
5732	1
5734	1
5739	2
5740	2
5741	1
22126	1
5743	1
5745	4
5746	2
5749	2
5750	3
5752	1
5753	1
5754	1
5756	2
5758	1
5760	1
5761	1
5762	1
5763	2
5764	2
5765	2
5766	1
5769	2
5770	1
5771	2
5774	2
5775	1
5776	1
5777	1
5779	1
5780	1
5782	1
5783	1
5784	1
5786	2
5787	3
5788	1
5790	2
5791	1
5792	2
5793	1
5796	1
5797	2
5800	1
5801	2
5802	1
5804	1
5805	2
5806	1
5807	1
5808	1
5810	2
5813	1
5814	1
5815	1
5818	1
5820	1
5821	1
5822	1
5827	2
5828	1
5829	1
5831	1
5832	1
5839	2
5845	2
5847	1
5848	1
5850	2
5851	1
5852	1
5853	1
5854	1
5858	2
5859	1
5860	1
5862	2
5863	1
5864	1
5865	1
5866	1
5867	1
5868	3
5869	2
5870	2
5872	1
5873	2
5874	1
5877	1
5878	2
5879	1
5880	1
5881	3
5882	1
5883	1
5884	1
5885	3
5887	1
5889	1
5890	1
5891	3
5893	1
5894	1
5895	1
5897	1
5898	1
5902	2
5903	1
5904	2
5906	2
5908	1
5909	1
5910	2
5912	1
5916	2
5917	1
5919	1
22304	1
5920	1
5921	3
5922	2
5926	2
5927	1
5928	1
5938	1
5939	1
5940	1
5942	1
5943	1
5944	1
5945	2
5946	2
5947	1
5948	1
5950	1
5953	2
5954	1
5957	1
5958	1
5959	1
5961	1
5964	1
22349	1
5966	1
5968	1
5969	2
5970	1
5971	2
5973	1
5974	2
5975	1
5976	2
5977	1
5979	4
5980	3
5983	1
5984	1
5989	1
5994	1
5995	1
5996	1
5997	1
6001	1
6003	1
6004	2
6005	2
6006	1
6007	1
6008	1
6009	1
6011	1
6012	1
6013	1
6014	1
6017	1
6018	1
6019	1
6024	2
6025	2
6028	1
6029	1
22413	1
6030	1
22415	1
22418	1
6035	1
22422	1
6038	1
6040	3
6041	2
6044	1
6045	1
6051	1
6054	1
6055	2
6057	1
6058	3
6061	1
6062	1
6063	1
6067	2
6068	1
6069	1
6071	1
6072	1
6073	1
6078	2
6079	2
6080	2
6081	1
6082	1
6083	2
6084	1
6090	1
6093	2
6094	2
22479	1
6095	1
6096	1
6097	1
6098	1
6100	2
6101	2
6102	1
6103	1
6104	1
6106	3
6107	1
6108	3
6109	1
6110	2
6111	1
6113	1
6115	2
6116	1
6118	1
6120	3
6121	1
6122	3
6123	1
6126	2
6127	1
22514	1
6130	2
6131	1
6133	2
6135	1
6136	1
6137	1
6138	1
6139	1
6141	1
6147	1
22532	1
6148	1
6151	1
6154	1
6156	1
22540	1
6158	3
6160	2
6163	2
6164	3
6165	1
6166	1
6167	1
6169	2
6170	1
6173	1
6175	1
6177	2
6178	4
6181	1
6183	1
6184	1
6185	1
6186	1
6189	1
6191	1
6193	2
6194	1
6195	1
6199	1
22584	1
6201	2
6202	3
6203	1
6204	1
6205	2
6207	1
6209	1
6211	1
6212	1
6215	1
6218	1
6219	1
6222	3
6224	1
6226	1
6229	1
6231	1
6232	2
6235	1
6237	1
6238	1
6242	1
6243	1
6245	1
6246	2
6248	1
6249	1
6252	1
6253	1
6255	1
6258	1
6259	1
6260	1
6264	1
6267	2
6271	1
6274	1
6275	2
6279	1
6280	1
6281	4
6282	1
6284	1
6287	2
6290	1
6291	2
6292	1
6297	1
6298	2
6302	1
6304	1
6305	1
6306	1
6307	2
6308	1
6310	1
6311	1
6313	2
6318	1
22702	1
6320	2
22704	1
6321	1
6322	2
6323	2
6324	1
22710	1
6326	1
6330	1
6332	1
6333	3
6334	1
6335	1
6336	1
6343	1
6344	1
6345	3
6346	1
6349	1
6351	1
6352	1
6353	1
6355	1
6356	1
6357	1
6360	1
6361	3
6366	1
6367	1
6370	1
6371	1
6375	1
6376	1
6378	1
6380	2
6382	2
6383	1
6384	1
6385	1
6386	1
6387	1
6388	1
6389	1
6391	1
6392	1
6394	1
6395	2
6396	1
6397	1
6400	2
6401	1
6402	1
6403	2
6404	1
6405	2
6406	1
6407	3
6408	2
6410	1
6411	1
6413	1
6414	3
6416	3
6418	1
6419	3
6420	1
6422	1
6423	2
6426	1
6427	1
6430	2
6431	1
6432	1
6433	1
6434	2
6437	2
6442	2
22831	1
6448	2
6449	1
6450	1
6451	1
6452	1
6454	2
6455	1
6459	1
6461	2
6462	1
6463	1
6466	1
6471	2
6472	1
6475	1
6476	1
6478	3
6484	2
6486	1
6491	1
6493	2
6494	1
6497	1
6498	1
6500	1
6503	1
6504	1
6505	1
6508	1
6509	2
6510	1
6511	1
6512	1
6515	1
6520	1
6521	2
6524	2
6529	1
6530	3
6531	2
6532	1
6535	1
6536	1
6537	1
6539	1
6541	2
6543	2
6544	1
6546	1
22931	1
6549	1
6550	2
6553	1
6559	2
6562	3
6565	1
6568	1
6570	1
6571	1
6581	2
6586	1
6588	1
6591	2
6593	1
6594	1
6597	2
6598	2
6604	1
6606	1
6610	1
6615	2
6616	1
6617	1
6618	2
6619	1
6620	1
6621	1
6625	1
6626	2
6629	2
6631	2
6637	1
6639	1
6643	1
6645	1
6646	2
6650	1
6651	2
6656	2
6659	1
6660	1
6664	2
6667	1
6668	1
6675	1
6680	1
6681	1
6682	2
6684	1
6685	2
6686	1
6687	1
6688	1
6689	1
6691	2
6695	2
6696	1
6697	1
6698	1
6699	1
6703	2
6709	1
6710	1
6714	2
6715	2
6718	1
6722	1
6723	1
6724	1
6727	1
6729	2
6732	1
6733	1
6734	1
6735	1
6738	1
6739	2
6740	1
6742	1
6746	2
6747	3
6748	3
6749	2
6750	1
6751	1
6754	1
6755	1
6756	1
6759	1
6760	1
6762	2
6770	1
6773	1
6775	2
6777	1
6778	2
6780	1
6781	3
6783	2
6784	1
6785	1
6788	1
6792	1
6793	1
6795	1
6798	2
6807	1
6816	2
6818	1
6819	2
23203	1
6822	1
6825	1
6826	1
6827	2
6832	2
6835	1
6837	1
6840	2
6841	1
6842	1
6843	1
6850	1
6854	1
6856	1
6868	1
6870	3
6874	1
6882	1
6883	2
6884	1
6886	1
6888	1
6892	1
6893	1
23279	1
6898	1
6901	2
6902	2
6903	1
6904	1
6906	1
6907	1
6908	1
6912	1
6914	1
6916	1
6919	1
6925	1
6927	1
6930	1
6932	1
6936	1
6937	1
6938	1
6939	1
6942	2
6948	1
6950	1
6951	1
6952	2
6954	1
6957	1
6958	1
6960	2
6962	1
6963	2
6964	1
6966	1
6967	2
6971	2
6973	1
6979	2
6980	2
6983	2
6990	1
6992	1
6993	1
6994	1
6995	1
23380	1
6998	1
7001	1
7002	2
7003	1
7005	1
7006	1
7009	1
7012	2
7016	1
7020	1
7024	1
7025	1
7026	1
7027	1
7031	2
7034	1
7041	2
7042	1
7046	1
7047	1
7052	1
7056	1
7058	1
7059	1
7065	1
7068	2
7069	1
7070	2
7074	1
7077	1
7078	1
7079	1
7080	1
23465	1
7082	1
23467	1
7086	1
7087	1
7091	1
7104	2
7107	1
7108	1
23494	1
7111	1
7113	1
7114	1
7116	1
7119	1
7122	1
7125	1
7128	2
7130	1
7131	1
7134	2
7139	1
7142	1
7149	1
7154	1
7155	1
7160	1
7161	1
7163	2
7164	1
7165	1
7166	1
7170	2
7171	1
7173	1
7177	2
23562	1
7180	1
7184	1
7185	1
7189	2
7191	1
7192	1
7194	1
7195	1
7198	1
7201	2
7202	1
7205	2
7206	1
7207	1
7212	1
7213	1
7215	1
7217	2
7221	2
7222	2
7223	2
7225	1
7229	1
7232	1
7234	2
7236	1
7240	4
7244	1
7247	1
7249	2
23635	1
7253	1
7257	1
7258	1
7259	1
7261	1
7262	1
7263	2
7266	2
7267	1
7269	1
7270	3
7276	2
7277	1
7278	1
7279	1
7281	1
7282	1
7285	1
7287	1
7291	1
7292	1
7295	2
7296	1
7297	1
7299	1
7300	1
7312	1
7313	1
7314	1
7315	1
23701	1
7319	2
7320	2
7324	2
7325	2
7335	2
7336	1
7337	1
23721	1
7338	1
7339	1
7340	2
7342	3
7346	1
7347	1
7348	2
7349	1
7350	1
7351	1
7354	2
7355	1
7356	2
7357	1
7358	1
7359	1
7360	1
7362	1
7365	1
7372	1
7374	2
7380	1
7382	2
7383	1
7385	1
7387	1
7392	1
7393	1
7394	1
7395	1
7397	1
7398	1
23783	1
7400	2
7401	1
23787	1
7403	1
7404	1
7405	1
7407	1
7409	1
7410	2
7411	1
7413	2
7419	1
7423	1
7425	1
7426	1
7427	2
7428	1
7430	2
7431	1
7432	2
7442	1
7448	1
23833	2
7454	1
7467	1
7472	1
7473	1
7475	1
7477	2
7479	1
7480	1
7481	1
7482	1
7483	1
7486	1
7487	1
7488	1
7489	2
7490	1
7492	2
7497	1
7506	1
7508	1
7511	2
7512	1
7514	1
7515	1
7518	1
7520	2
7522	1
7526	1
7527	1
7528	1
7529	2
7535	1
7536	2
7537	1
7543	1
7544	1
7547	2
7551	3
7554	1
7555	1
7556	1
7561	3
7564	1
7566	1
7567	1
7568	1
7570	1
7571	1
7572	1
7573	1
7578	1
7581	2
7587	1
7591	1
7592	2
7594	1
7595	3
7596	1
7597	2
7598	1
7600	2
7601	1
7602	2
7604	1
7606	1
7611	2
7612	1
7616	2
7617	2
7619	1
7621	1
7622	1
7623	1
7628	2
7631	1
7636	2
7641	1
7645	1
7648	1
7654	1
7656	1
24041	1
7658	1
7659	1
7660	1
7662	1
7663	3
7665	1
7666	2
7669	1
7671	1
7675	1
7676	1
7677	1
7679	1
7680	2
7681	1
7685	1
7686	1
7688	1
7689	1
7690	1
7692	1
7694	1
7697	1
7698	2
7700	1
7701	1
7704	1
7707	1
7710	1
7711	1
7713	3
7720	1
7721	4
7726	1
7731	1
7732	1
7738	1
7740	2
7744	2
7748	1
7749	1
7750	1
7751	2
7765	1
7771	2
7773	1
7774	1
7775	1
7779	1
7783	1
7784	1
7785	1
7787	1
7788	1
7790	1
24184	1
7802	1
7803	2
7808	1
7810	1
7819	1
7821	1
7823	1
7825	2
7828	1
7830	1
7837	1
24225	1
7842	1
7843	1
7844	1
7850	1
7854	1
7855	2
7856	2
24241	1
7858	1
7861	2
7866	1
24253	1
7875	1
7879	1
24267	1
7884	1
7885	1
7888	1
7890	1
7892	1
7893	1
7895	1
7896	1
7897	1
7899	1
7901	1
7904	2
7905	1
7907	1
7908	1
7910	1
7912	1
7913	1
7914	1
7916	1
7918	2
7919	2
7920	1
7922	1
7926	2
7929	1
7931	3
7932	1
7937	2
7939	1
7940	1
7941	1
7942	2
7946	2
7948	1
7950	1
7952	1
7954	1
7959	1
7960	1
7962	1
7963	1
7968	1
24354	1
7971	1
7976	1
7978	1
24371	1
7990	1
7999	1
8008	1
8009	1
8010	1
8011	1
8017	1
8018	1
8019	1
8020	1
8021	1
8024	2
8027	1
8030	2
8033	1
8034	1
8035	1
8036	1
8038	1
8041	1
8043	1
8046	1
8051	1
8057	1
8058	2
8062	1
24447	1
8069	1
8073	1
8074	2
8076	1
8079	1
8080	1
8087	1
8088	1
8090	1
8091	2
8092	1
8094	2
8095	2
8096	1
8099	1
8102	1
24487	1
8107	2
8108	2
8110	1
8114	1
8115	1
8117	1
8121	1
8124	1
8125	1
8130	1
8132	1
8137	1
8147	1
8154	1
8155	1
8159	1
8162	1
8164	1
8168	1
8171	1
8175	1
8176	1
8178	1
8180	2
8191	1
8202	1
24589	1
8206	2
8213	1
8215	1
8223	1
8228	2
8229	1
8230	1
8232	1
8239	1
8242	1
8244	2
8250	1
8261	1
8262	1
8267	2
8268	1
8273	1
8275	1
8276	1
8278	1
8281	1
8284	1
8286	1
8288	2
8289	1
8290	1
8292	1
8295	1
8297	2
8298	2
8302	1
8306	1
8307	1
8308	1
24694	1
8318	1
8319	1
8321	1
8328	1
8341	1
8342	1
8343	1
8345	1
8349	1
8355	3
8358	1
8367	1
8370	1
8375	3
8384	1
8385	1
8392	1
8393	2
8394	1
8396	2
8401	2
8408	2
8415	1
8416	2
8424	1
8430	1
8442	1
8458	1
8459	2
8460	2
8461	1
8464	2
8466	2
8469	1
8473	1
8475	1
8476	1
8480	1
8482	1
8484	2
8490	1
8492	1
8495	1
8496	3
8498	1
8500	1
8504	1
8505	1
8511	1
8512	1
8519	1
8521	2
8530	1
8538	1
8539	1
8541	1
8556	1
8558	1
8559	3
8561	1
8570	1
8572	1
8573	1
8578	1
8583	1
8586	1
8587	1
24975	1
8591	1
8593	1
24982	1
24984	1
8600	1
8602	2
8603	1
8604	1
8607	3
8611	1
8615	1
8617	2
8618	2
8626	1
8630	2
8634	1
8642	1
8643	2
8644	1
8648	1
8650	1
8651	1
8653	2
8656	1
8658	1
8663	1
8666	2
8668	1
8670	2
8673	1
8674	2
8678	1
8681	1
8684	2
8692	1
8695	1
8698	1
8700	1
8705	1
8706	1
8707	2
8715	1
8717	1
8718	1
25104	1
8726	1
8728	1
8729	1
8731	1
8743	1
8750	1
8752	1
8753	1
8754	1
8763	1
8766	2
8769	1
8773	1
8779	1
8780	2
8781	1
8782	1
8786	1
8787	1
8792	1
8793	1
8795	1
8797	2
8799	2
8802	1
8815	1
8821	1
8827	1
8830	1
8838	1
8840	1
8844	1
8849	2
8852	1
8866	1
8868	1
8873	1
8884	2
8890	1
8895	1
8897	1
8900	2
8908	1
8913	1
8927	1
8937	1
8939	1
8945	1
8952	1
8953	1
8956	1
8960	2
8961	1
8967	1
8970	1
8974	2
8976	1
8980	2
8987	1
8989	1
8990	1
9003	1
9012	1
9021	1
9022	1
9025	1
9028	1
9034	1
9050	2
9054	1
9059	1
9062	1
9066	1
9074	3
9075	1
9079	1
9081	1
9083	1
9086	1
9087	1
9088	1
9095	1
9097	1
9101	1
9114	1
9119	1
9122	1
9126	1
9128	1
9131	1
9138	2
9142	1
9144	1
9151	3
9153	1
9158	1
9159	1
9175	1
9177	1
9178	2
9179	1
9184	1
9186	1
9193	1
9195	1
9210	1
9212	1
9214	1
9222	1
9223	1
9230	1
9234	1
9236	1
9239	1
9246	1
9249	2
9252	1
9257	1
9267	1
9269	1
9270	2
9272	1
9278	1
9279	1
9282	1
9284	1
9286	1
9294	1
9295	1
9299	1
9300	1
9301	1
9305	2
9308	1
9314	2
9316	1
9317	1
9319	1
9322	1
9327	1
9328	1
9330	1
25717	1
9335	1
9340	1
9341	1
9342	1
9343	1
9346	1
9352	1
9353	1
9355	2
9361	1
9364	1
9367	1
9371	1
9377	2
9380	2
9384	3
9396	1
9398	1
9402	1
9404	1
9405	1
9410	1
9411	1
9413	1
9414	1
9417	1
9418	2
9419	1
9421	1
9422	1
9425	1
9428	1
9431	1
9432	1
9440	1
9441	1
9446	1
9450	1
9455	2
9457	1
9460	1
9464	1
9467	1
9471	1
9475	1
9479	1
9480	1
9483	1
9487	1
9491	1
9493	1
9498	1
9500	1
9501	1
9504	1
9508	1
9509	1
9512	1
9518	1
9522	1
9525	1
9526	2
9529	1
9531	1
9532	1
9534	1
9535	1
9539	1
9544	2
9545	1
9546	1
9550	1
9551	1
9559	1
9560	1
9572	1
9575	1
9580	1
9587	1
9592	1
9595	1
9602	1
9603	1
9604	1
9607	2
9609	1
9616	1
9626	1
9627	1
9629	1
9635	1
9636	1
9642	1
9651	2
9652	3
9677	1
9687	1
9689	2
9691	1
9695	1
9699	1
9701	1
9702	2
9705	1
9715	1
9719	1
9721	1
9722	1
9723	1
9725	1
9726	1
9729	1
9731	2
9734	1
9735	2
9743	1
9747	1
9749	1
9752	1
9755	1
9770	1
9772	1
9784	1
9786	1
9793	1
9804	1
9807	1
9810	1
9815	1
9817	1
9827	1
9831	1
9832	1
9837	1
9838	1
9840	2
9846	1
9847	1
9853	1
9863	1
9866	1
9867	1
9875	1
9883	1
9886	2
9887	1
9899	1
9903	1
9905	1
9909	1
9913	1
9914	1
9917	1
9922	1
9926	1
9928	1
9931	2
9932	1
9936	1
9938	1
9941	2
9953	1
9958	1
9974	1
9976	1
9978	1
9979	1
9980	1
9984	1
9986	1
9989	1
9991	1
9997	1
9998	1
10001	1
10009	1
10017	1
10018	1
10023	1
10028	1
10034	1
10049	1
10057	1
10058	1
10063	1
10064	1
10072	1
10073	1
10075	1
10078	1
10079	2
10080	1
10082	1
10084	1
10085	1
10090	1
10092	2
10100	1
10113	1
10119	2
10121	1
10122	1
10130	1
10135	2
10137	1
10138	1
10147	1
10151	1
10153	1
10158	1
10169	1
10171	1
10179	1
10182	1
10205	1
10214	1
10219	1
10228	1
10235	1
10237	1
10244	1
10245	1
10248	1
10254	1
10257	1
10258	1
10259	1
10266	1
10271	1
10277	1
10280	1
10287	2
10299	1
10306	2
10310	1
10311	1
10313	1
10318	1
10320	1
10321	1
10322	1
10323	1
10325	1
10330	1
10338	2
10339	1
10340	1
10344	2
10349	1
10351	1
10355	1
10357	1
10359	1
10360	1
10365	1
10366	1
10368	1
10369	1
10385	1
10386	1
10390	1
10391	3
10399	1
10404	1
10407	2
10410	1
10411	1
10415	1
10417	1
10423	1
10424	1
10427	2
10434	1
10436	1
10437	1
10441	2
10455	1
10461	2
10465	1
10469	1
10472	1
10485	1
10486	1
10487	1
10488	1
10490	1
10502	1
10505	1
10506	1
10508	1
10511	1
10514	1
10518	1
10523	1
10527	1
10541	1
10553	1
10561	1
10565	1
10573	1
10575	1
10577	1
10584	1
10588	1
10590	1
10597	2
10601	3
10609	1
10610	1
10611	1
10617	1
10621	2
10622	2
10624	1
10630	1
10633	1
10635	1
10637	1
10643	1
10644	1
10647	1
10650	1
10652	3
10656	1
10662	1
10666	1
10667	1
10671	1
10673	2
10678	1
10681	1
10698	1
10702	2
10705	1
10710	1
10713	1
10714	1
10719	1
10721	1
10727	1
10728	1
10729	1
10731	1
10735	1
10737	1
10749	1
10752	1
10755	1
10756	1
10763	1
10771	1
10776	1
10777	1
10779	1
10785	1
10791	1
10792	1
10794	1
10803	1
10809	1
10811	1
10814	2
10815	1
10819	1
10828	1
10831	1
10833	1
10835	1
10836	1
10844	1
10863	1
10865	2
10870	1
10871	1
10876	1
10879	1
10884	1
10897	1
10899	1
10905	2
10913	1
10919	1
10924	1
10927	2
10928	1
10929	2
10930	1
10933	1
10934	1
10946	1
10951	1
10958	1
10964	1
10967	1
10970	1
10979	1
10983	1
10988	1
10989	1
10994	1
10998	1
11003	1
11006	1
11008	1
11015	1
11020	1
11022	1
11028	1
11030	1
11041	2
11042	1
11043	1
11046	2
11048	1
11052	1
11053	1
11059	1
11061	1
11063	1
11064	1
11066	1
11071	1
11077	1
11090	2
11097	1
11099	1
11102	1
11103	3
11109	1
11111	2
11115	1
11121	1
11127	2
11128	1
11133	1
11144	1
11150	1
11159	1
11179	1
11185	1
11189	1
11194	1
11198	1
11201	1
11211	1
11219	1
11222	1
11224	1
11227	1
11233	1
11235	1
11238	1
11241	1
11246	1
11251	1
11252	1
11263	2
11264	1
11269	1
11280	1
11282	1
11285	1
11287	1
11290	1
11293	1
11295	1
11304	1
11305	1
11306	1
11308	1
11310	1
11313	1
11315	1
11319	2
11323	1
11325	1
11328	1
11338	1
11339	1
11345	1
11346	1
11355	1
11357	1
11361	1
11363	1
11377	1
11379	1
11380	1
11382	1
11393	1
11402	1
11405	1
11406	1
11408	1
11418	1
11420	1
11428	1
11429	1
11442	1
11455	1
11458	1
11462	1
11464	1
11466	1
11472	3
11473	1
11474	1
11478	1
11482	1
11487	1
11488	1
11497	1
11499	1
11505	1
11507	3
11508	1
11509	1
11510	1
11511	2
11512	1
11515	2
11517	2
11519	1
11522	1
11523	1
11529	2
11535	1
11537	1
11539	2
11540	1
11544	1
11546	1
11547	1
11549	1
11550	1
11556	1
11557	1
11558	1
11559	1
11563	1
11578	1
11581	1
11584	1
11587	1
11589	2
11596	1
11603	1
11607	1
11610	1
11614	1
11620	1
11628	1
11629	1
11635	1
11640	1
11641	1
11645	1
11646	1
11648	1
11657	1
11658	1
11659	1
11660	1
11664	2
11666	1
11671	2
11673	1
11675	1
11676	2
11683	1
11691	2
11702	2
11708	1
11716	1
11717	1
11724	1
11731	1
11734	1
11736	2
11738	1
11739	1
11741	1
11743	2
11746	1
11754	1
11758	1
11762	1
11774	1
11777	1
11781	1
11794	1
11796	1
11802	1
11804	1
11807	1
11811	1
11812	1
11816	1
11819	1
11820	1
11822	1
11823	1
11824	1
11827	2
11829	1
11832	1
11834	1
11837	1
11847	1
11851	1
11858	1
11860	1
11861	1
11863	1
11873	1
11877	1
11891	1
11892	1
11900	1
11905	1
11909	1
11913	2
11916	1
11918	1
11925	2
11928	1
11929	1
11934	1
11936	1
11940	1
11942	1
11946	2
11955	1
11956	2
11960	1
11962	1
11969	1
11972	1
11977	2
11983	1
11991	1
11997	1
12006	1
12013	1
12018	1
12019	1
12020	1
12025	1
12026	1
12037	1
12043	1
12044	1
12052	1
12058	1
12066	1
12070	2
12077	1
12082	1
12084	1
12086	1
12100	1
12103	1
12106	1
12107	1
12110	1
12111	1
12116	1
12120	1
12121	1
12124	1
12127	1
12128	1
12134	1
12137	1
12139	1
12150	1
12157	1
12164	2
12166	1
12173	1
12177	1
12184	1
12197	1
12201	1
12202	1
12206	1
12221	1
12229	1
12234	1
12240	1
12244	1
12248	1
12250	1
12257	1
12259	1
12260	1
12261	2
12266	1
12280	1
12282	1
12285	1
12286	1
12303	2
12306	1
12307	1
12308	2
12310	1
12311	1
12323	1
12326	1
12329	1
12335	1
12339	1
12343	1
12354	1
12356	1
12357	1
12358	1
12359	1
12360	1
12365	1
12366	1
12371	2
12374	1
12379	1
12395	1
12396	1
12411	1
12413	1
12436	1
12438	1
12440	1
12443	2
12446	1
12450	1
12453	1
12459	1
12468	1
12478	2
12482	1
12483	1
12484	1
12491	1
12492	1
12493	2
12500	1
12504	1
12507	1
12508	1
12509	2
12511	1
12517	1
12521	1
12523	1
12525	1
12540	1
12541	1
12547	1
12556	1
12558	1
12562	1
12568	1
12569	1
12572	1
12580	1
12583	1
12588	1
12589	1
12603	1
12609	1
12614	1
12615	2
12624	1
12627	1
12636	1
12641	1
12651	1
12657	1
12659	1
12661	1
12664	1
12683	1
12684	1
12685	1
12693	1
12710	1
12714	1
12725	1
12736	1
12753	1
12776	1
12787	1
12789	1
12791	1
12798	1
12806	1
12809	3
12822	1
12831	1
12832	1
12852	1
12854	1
12855	2
12856	1
12860	1
12870	1
12871	1
12872	1
12877	1
12878	1
12880	1
12881	1
12884	1
12889	1
12899	1
12905	1
12907	1
12909	3
12918	1
12923	1
12926	1
12931	1
12932	1
12939	2
12957	1
12960	1
12965	1
12972	1
13007	1
13015	1
13017	1
13020	1
13022	1
13026	1
13030	1
13037	1
13043	1
13047	1
13049	1
13050	1
13052	1
13054	1
13055	1
13058	1
13061	1
13066	1
13084	1
13086	2
13092	1
13093	1
13094	1
13106	1
13110	1
13112	1
13128	1
13129	1
13136	2
13140	1
13148	1
13169	1
13175	1
13183	1
13185	1
13190	2
13200	2
13207	1
13211	1
13213	1
13215	1
13222	1
13224	1
13244	1
13251	1
13252	1
13254	1
13258	1
13278	1
13287	1
13290	1
13294	1
13297	1
13309	1
13317	1
13322	2
13329	1
13333	1
13345	1
13350	1
13354	1
13357	1
13363	1
13366	1
13367	1
13371	1
13376	1
13377	1
13393	1
13399	1
13409	1
13426	1
13427	1
13433	1
13441	1
13449	1
13450	1
13459	1
13461	1
13462	1
13465	1
13468	1
13474	1
13476	1
13477	1
13482	1
13485	1
13490	1
13495	1
13497	1
13498	1
13499	1
13504	1
13508	1
13509	1
13510	1
13511	1
13515	1
13520	2
13526	1
13532	1
13533	1
13541	1
13554	1
13558	1
13559	1
13578	1
13580	1
13581	1
13592	1
13596	1
13599	1
13600	1
13609	1
13614	1
13618	2
13619	1
13622	2
13636	1
13637	1
13654	1
13661	1
13674	1
13678	1
13684	1
13687	1
13690	1
13692	2
13699	1
13703	1
13714	2
13720	1
13726	1
13739	1
13748	1
13749	2
13751	1
13753	1
13790	2
13793	1
13803	1
13812	1
13815	1
13817	1
13821	1
13829	1
13832	1
13845	1
13846	1
13850	2
13851	1
13854	1
13856	1
13862	1
13870	1
13873	1
13878	2
13889	1
13890	1
13894	1
13906	1
13924	1
13927	1
13935	1
13940	1
13948	1
13952	1
13959	1
13961	1
13965	1
13967	1
13970	1
13981	1
13984	1
13992	1
13997	1
13999	1
14003	1
14005	1
14007	1
14027	1
14028	1
14032	1
14034	1
14039	1
14044	1
14049	1
14051	1
14052	1
14054	2
14055	1
14062	1
14063	1
14071	1
14076	1
14079	1
14082	2
14086	1
14097	2
14099	1
14101	1
14108	1
14129	1
14152	1
14154	1
14155	1
14159	1
14161	1
14180	1
14181	1
14183	1
14195	1
14200	1
14210	2
14215	1
14218	1
14221	1
14246	1
14264	1
14274	1
14284	1
14285	1
14287	1
14294	1
14303	1
14304	1
14309	1
14313	1
14322	1
14324	1
14325	1
14356	1
14362	1
14369	1
14370	1
14382	1
14386	1
14392	1
14393	1
14396	1
14397	1
14404	1
14407	1
14412	1
14415	1
14420	1
14421	1
14425	1
14431	1
14432	2
14439	1
14455	1
14473	1
14479	1
14482	1
14483	1
14487	1
14488	1
14495	1
14500	1
14502	1
14503	2
14504	1
14510	1
14515	1
14526	1
14533	1
14541	1
14544	1
14552	2
14553	1
14559	2
14573	1
14578	1
14584	1
14586	1
14594	1
14607	1
14609	1
14611	1
14623	2
14625	1
14627	1
14632	1
14642	1
14648	1
14651	1
14652	1
14661	1
14663	1
14665	1
14673	3
14689	1
14691	1
14706	1
14717	1
14723	1
14725	1
14727	1
14730	1
14731	1
14747	1
14748	1
14758	1
14773	1
14776	1
14791	1
14803	1
14805	1
14808	1
14834	1
14840	1
14841	1
14850	1
14861	1
14874	1
14875	1
14892	1
14895	1
14904	1
14907	1
14910	1
14924	1
14936	1
14937	1
14940	1
14942	1
14943	1
14944	1
14946	1
14951	1
14953	1
14954	1
14956	1
14964	1
14969	1
14970	1
14976	2
14977	1
14984	1
14985	1
14987	1
14995	1
15007	1
15008	2
15019	1
15021	1
15026	1
15028	1
15033	1
15044	1
15045	1
15048	1
15058	1
15059	1
15060	1
15069	1
15073	1
15083	1
15084	1
15091	2
15098	1
15111	1
15133	1
15136	1
15140	1
15141	1
15149	1
15150	2
15155	1
15171	1
15186	1
15196	2
15199	1
15203	1
15224	2
15233	1
15239	1
15244	1
15250	1
15264	1
15265	1
15273	1
15275	1
15280	1
15288	1
15298	1
15313	1
15319	1
15320	1
15328	1
15332	1
15348	1
15351	1
15353	1
15355	1
15356	1
15358	1
15362	1
15364	1
15366	1
15379	1
15380	2
15385	1
15392	1
15394	1
15398	1
15408	2
15418	1
15427	1
15436	1
15442	1
15445	1
15452	1
15454	1
15480	1
15498	1
15508	1
15516	1
15528	1
15550	1
15568	1
15576	1
15604	1
15609	1
15635	1
15637	1
15641	1
15642	1
15644	1
15653	1
15659	1
15666	1
15700	1
15704	1
15714	1
15725	1
15726	1
15739	1
15745	1
15747	1
15753	1
15755	1
15803	1
15806	1
15808	1
15809	1
15812	1
15816	1
15818	1
15822	1
15826	1
15828	1
15830	1
15835	1
15846	2
15855	1
15857	1
15861	1
15872	1
15878	1
15888	1
15901	1
15902	1
15903	1
15905	1
15917	1
15931	1
15935	1
15942	1
15948	1
15952	1
15973	1
15992	2
15999	1
16000	1
16002	1
16012	1
16014	1
16032	1
16034	1
16038	1
16042	1
16057	2
16058	1
16060	1
16071	1
16087	1
16107	1
16140	1
16146	1
16154	1
16177	1
16181	1
16185	1
16187	3
16189	1
16193	1
16195	1
16202	1
16206	1
16209	2
16215	1
16216	1
16221	1
16244	1
16250	1
16252	1
16257	1
16263	1
16265	1
16274	1
16281	1
16291	1
16303	1
16306	1
16332	1
16334	1
16336	1
16342	1
16344	1
16345	1
16351	1
16373	3
16376	2
