1	13
2	7
3	5
4	4
5	6
6	6
7	9
8	2
9	2
10	15
11	12
12	7
13	10
14	9
15	10
16399	1
16	7
16400	1
17	8
18	12
19	11
20	11
21	10
22	10
23	11
24	11
25	8
26	10
27	5
28	8
29	11
30	5
31	12
32	7
16416	1
33	9
16418	1
34	11
35	7
16419	1
36	12
37	7
38	13
39	6
40	3
41	5
42	6
43	9
44	8
45	8
46	8
47	5
16431	1
48	8
49	7
50	6
51	7
52	11
53	5
54	6
16439	1
55	5
56	13
57	7
58	9
59	8
60	7
61	10
62	4
63	5
64	5
65	5
16449	1
66	3
67	6
16451	1
68	8
69	9
70	10
71	3
72	3
73	2
74	9
75	4
76	6
77	10
16461	1
78	3
79	5
80	8
81	9
82	8
83	6
84	9
85	9
86	8
87	7
88	8
89	8
90	9
91	8
92	10
93	11
94	8
95	7
96	10
16480	1
97	6
98	9
99	10
100	7
101	4
102	12
16486	1
103	7
104	3
105	6
106	11
107	7
108	11
109	11
110	8
111	11
112	9
113	10
16497	1
114	9
115	8
116	7
117	8
118	7
119	9
120	8
121	12
122	11
123	9
124	12
125	11
126	9
127	12
128	9
16512	1
129	7
130	9
131	2
132	6
133	10
134	11
135	15
136	6
137	5
138	8
139	7
16523	1
140	12
141	10
142	13
143	13
144	6
145	5
146	10
147	14
148	12
149	16
150	5
151	11
152	9
153	16
16538	1
154	6
155	14
156	13
157	8
158	10
159	6
160	4
161	9
162	8
163	8
164	12
165	14
166	12
16550	1
167	14
168	7
169	12
170	8
171	9
172	8
173	11
174	5
175	8
16559	1
176	7
177	9
178	8
179	9
180	10
181	7
182	9
183	7
184	10
185	13
16569	1
186	8
187	8
188	5
189	11
190	7
16574	1
191	7
192	8
193	9
194	3
195	10
196	8
197	8
198	12
199	11
200	9
201	9
202	11
203	9
204	10
205	10
206	6
207	7
208	10
209	11
210	10
211	6
212	13
213	5
214	10
215	5
216	13
217	5
218	8
219	10
220	12
221	15
222	4
223	12
224	15
225	12
226	9
227	5
228	6
229	6
16613	1
230	6
231	7
232	11
233	13
234	22
235	2
236	8
237	14
16621	1
238	4
239	3
240	11
241	10
242	7
243	9
244	13
245	14
246	7
16631	1
247	5
248	8
249	11
250	8
251	9
252	11
253	9
254	8
255	7
256	11
257	13
258	9
259	10
260	8
261	9
262	6
263	3
264	10
265	6
266	5
267	6
268	11
269	7
270	8
271	11
272	11
16657	1
273	8
274	5
275	10
276	12
277	16
278	13
279	7
280	3
281	10
282	5
283	9
284	10
285	7
286	11
287	6
288	14
289	12
290	8
291	6
292	16
16676	1
293	11
294	10
295	2
16679	1
296	6
297	9
298	9
299	8
300	10
16684	1
301	10
302	6
303	11
304	13
305	10
306	8
307	11
308	3
309	10
310	9
311	9
312	8
313	12
314	7
315	11
316	5
317	8
318	8
319	6
320	8
321	11
322	8
323	9
324	12
325	8
326	12
327	10
328	9
329	7
330	8
331	12
332	5
333	9
334	12
335	6
336	6
337	7
338	8
339	11
340	4
341	10
342	7
343	6
344	10
345	7
346	11
347	6
348	7
349	8
350	9
351	6
352	6
16736	1
353	12
354	12
355	10
356	3
357	9
358	8
359	10
360	5
361	9
362	14
16746	1
363	12
364	8
365	7
366	9
367	9
368	6
369	8
370	8
371	10
372	10
373	11
374	6
375	10
376	8
377	10
378	8
379	6
380	11
381	11
382	11
383	6
16767	1
384	11
385	6
386	9
387	12
388	8
389	3
390	5
391	7
392	10
393	5
394	8
16778	1
395	10
396	10
397	5
398	10
399	7
400	8
401	5
402	9
403	9
404	9
405	9
406	7
407	9
408	5
409	8
410	9
411	5
412	14
413	10
414	9
415	6
416	12
417	7
418	3
419	9
420	10
421	12
422	8
423	12
424	12
425	5
426	7
427	4
428	7
429	6
430	8
431	7
432	9
433	9
434	11
435	9
436	8
437	8
438	8
16822	1
439	14
440	11
441	3
442	7
443	6
444	7
445	5
446	14
447	7
448	11
449	11
450	15
451	6
452	17
453	9
454	9
455	11
456	7
457	2
458	6
16842	1
459	10
460	9
461	15
462	8
463	10
464	7
465	9
466	6
467	13
468	15
469	9
470	9
471	13
472	15
473	10
474	13
475	7
16859	1
476	10
477	6
478	11
479	9
480	8
481	9
482	12
483	4
484	8
485	18
486	7
487	13
488	9
489	3
490	7
491	4
492	9
493	10
494	7
495	3
496	11
497	7
498	6
499	10
500	11
501	4
502	5
503	7
504	7
505	9
506	13
507	4
508	10
509	7
510	5
16894	1
511	12
512	8
513	9
514	7
515	9
516	4
16900	1
517	9
518	9
519	4
520	15
521	8
522	11
523	6
524	10
525	6
526	9
527	6
528	3
529	7
530	8
531	8
532	6
533	8
534	14
535	13
16919	1
536	5
537	8
538	6
539	9
540	8
541	4
542	6
543	10
544	6
545	9
546	6
547	10
548	9
549	5
550	4
551	9
552	8
553	8
554	7
555	6
556	10
557	8
558	9
559	4
560	9
561	7
562	5
563	12
16947	1
564	6
565	9
16950	1
566	10
567	7
568	8
569	10
570	6
571	5
572	8
573	4
574	7
16958	1
575	7
576	7
577	11
578	7
579	12
580	6
581	4
582	10
583	6
584	12
585	10
586	4
587	10
588	7
589	5
590	7
591	13
592	10
593	12
594	6
16978	1
595	15
16979	1
596	6
597	9
598	7
599	11
600	10
16984	1
601	13
602	11
603	10
604	8
605	9
606	12
607	7
608	17
609	8
610	7
611	4
612	8
613	11
614	8
615	11
616	11
17000	1
617	12
618	8
619	7
620	12
621	9
622	13
623	7
624	12
625	8
626	11
627	9
628	7
629	10
630	9
631	10
632	6
633	8
634	12
635	5
636	8
637	11
638	5
639	7
640	14
641	9
17025	1
642	11
643	6
644	9
645	11
646	6
647	10
648	9
649	9
17033	1
650	8
651	15
652	11
653	13
654	6
655	9
17039	1
656	8
657	10
658	9
659	6
660	3
661	7
662	7
663	6
664	5
665	10
666	10
667	10
668	9
669	7
670	5
671	6
672	8
673	7
674	5
675	9
676	9
677	3
678	7
679	7
680	8
681	9
682	10
683	13
684	5
685	8
686	14
687	8
688	11
689	11
690	6
691	12
692	7
693	9
694	6
695	7
696	7
697	8
698	7
699	8
700	7
701	11
17085	1
702	9
703	15
704	5
705	11
17089	1
706	8
707	7
708	10
709	7
17094	1
710	4
711	5
712	16
713	11
714	7
715	14
716	7
717	9
718	11
719	10
720	4
721	15
722	10
723	5
724	6
725	12
726	6
727	9
728	7
729	9
730	9
17114	1
731	5
732	9
733	10
734	16
735	7
736	8
17120	1
737	10
738	10
739	9
740	6
741	10
742	5
743	7
744	5
745	9
746	12
747	12
748	9
749	6
750	7
751	9
752	6
753	8
754	6
755	9
756	9
757	12
758	11
759	6
760	7
761	10
762	8
17146	2
763	13
764	10
765	8
766	10
767	9
768	6
769	8
770	6
771	9
772	12
773	8
774	14
775	9
776	6
777	5
778	7
779	8
780	10
781	15
782	7
783	9
784	7
785	4
786	6
787	4
17171	1
788	19
789	9
790	11
791	13
17175	1
792	11
793	4
794	8
795	11
796	11
797	16
798	7
799	9
800	12
801	11
802	11
803	7
804	10
805	9
806	10
807	11
808	9
809	6
810	11
811	6
812	4
813	6
814	8
815	7
816	10
817	8
818	7
819	2
820	5
821	5
822	9
823	15
824	10
825	7
826	10
827	6
828	12
829	10
830	10
831	10
832	13
833	6
834	14
835	3
836	3
837	9
838	5
839	10
840	11
841	12
842	8
843	14
844	7
845	8
17229	1
846	10
847	11
848	11
849	6
850	8
851	8
852	6
853	18
854	11
855	4
856	9
857	11
858	9
859	10
860	7
861	4
862	5
863	5
864	10
865	6
866	8
867	8
868	16
869	9
870	6
871	8
872	8
873	8
874	10
875	7
876	14
877	8
878	6
879	6
880	12
881	12
882	9
883	14
884	8
885	10
886	8
887	12
888	6
889	8
890	6
17274	1
891	4
892	11
17276	1
893	15
894	7
895	5
896	13
897	11
898	6
899	10
900	9
901	11
902	9
903	11
904	4
905	8
906	5
907	8
908	6
909	7
910	8
911	8
912	5
913	6
914	12
915	6
916	8
917	8
918	6
919	5
920	11
921	10
922	10
923	6
924	10
925	7
926	12
927	9
928	7
929	8
930	9
931	6
932	4
933	9
934	12
935	14
936	7
937	13
938	7
939	9
940	3
941	9
942	3
17326	1
943	15
944	5
945	8
946	10
947	13
948	10
949	5
950	3
951	9
952	9
953	10
954	12
955	10
956	7
957	9
17341	1
958	8
959	9
960	12
961	9
962	7
963	10
17347	1
964	10
17348	1
965	10
966	7
967	9
968	9
969	5
970	7
971	12
972	6
973	8
974	9
975	12
976	6
977	13
17361	1
978	7
979	9
980	6
981	8
982	5
983	7
984	11
985	9
986	10
987	10
988	12
989	8
990	9
991	9
992	10
993	7
994	9
995	19
996	7
997	7
998	14
999	12
1000	12
1001	9
1002	11
17386	1
1003	7
1004	9
1005	7
1006	7
1007	3
1008	9
1009	11
1010	7
1011	8
17395	1
1012	3
1013	7
1014	11
1015	11
1016	9
1017	9
1018	10
1019	11
1020	10
17404	1
1021	4
1022	11
1023	8
1024	8
1025	9
1026	8
1027	8
1028	8
17412	1
1029	15
1030	8
1031	10
1032	10
1033	6
1034	11
1035	14
1036	8
1037	7
1038	3
1039	3
1040	9
1041	8
1042	8
1043	6
1044	10
1045	7
1046	12
1047	14
1048	9
1049	8
1050	6
1051	6
1052	5
1053	8
1054	9
1055	9
1056	5
17440	1
1057	10
1058	8
1059	8
1060	10
1061	7
1062	5
1063	7
1064	10
1065	8
1066	9
1067	9
1068	9
1069	7
1070	16
1071	3
1072	5
1073	7
1074	13
1075	9
1076	6
1077	10
1078	8
1079	6
1080	8
1081	6
1082	9
1083	6
1084	11
1085	7
1086	12
1087	9
17471	1
1088	11
17472	1
1089	9
1090	2
1091	5
1092	8
1093	6
1094	10
1095	16
1096	7
1097	13
1098	11
1099	9
1100	12
1101	13
1102	11
1103	11
1104	10
1105	6
1106	8
1107	6
1108	13
1109	7
1110	7
1111	4
1112	13
1113	16
1114	10
1115	13
1116	8
1117	5
1118	4
1119	7
1120	15
1121	2
17505	1
1122	2
1123	3
1124	9
1125	5
1126	5
1127	12
1128	3
1129	8
1130	9
1131	5
1132	7
1133	11
1134	4
1135	7
1136	15
1137	6
1138	8
1139	5
1140	8
1141	8
1142	8
1143	11
1144	7
1145	6
1146	9
1147	10
1148	10
1149	4
1150	12
1151	11
1152	6
1153	10
1154	12
1155	8
1156	13
1157	5
1158	9
1159	10
1160	4
1161	6
1162	13
1163	6
1164	9
1165	8
1166	9
17550	1
1167	8
1168	13
1169	7
1170	3
1171	6
1172	15
1173	12
1174	16
1175	9
1176	7
1177	8
1178	13
1179	7
1180	13
17564	1
1181	9
1182	6
1183	7
1184	7
1185	12
1186	9
1187	9
1188	14
1189	9
1190	7
1191	12
1192	8
1193	5
1194	8
1195	7
1196	6
1197	12
1198	10
1199	9
1200	6
1201	6
1202	8
1203	8
17587	1
1204	12
17588	1
1205	15
1206	11
1207	6
1208	12
1209	8
1210	5
1211	5
1212	9
1213	8
1214	2
1215	3
1216	9
1217	9
1218	7
1219	11
1220	6
1221	3
1222	3
1223	5
1224	7
1225	6
1226	8
1227	2
1228	11
1229	9
17613	1
1230	5
1231	8
1232	6
17616	1
1233	6
1234	8
1235	11
1236	9
1237	11
1238	6
1239	6
1240	10
1241	7
1242	6
1243	7
1244	5
1245	11
1246	10
1247	14
1248	10
1249	7
1250	5
1251	8
1252	6
1253	8
1254	10
1255	10
1256	6
1257	12
1258	11
1259	5
1260	5
1261	6
1262	6
1263	4
1264	7
1265	6
1266	9
1267	13
1268	7
1269	10
1270	4
1271	9
1272	5
1273	8
1274	6
1275	7
1276	5
1277	8
1278	7
1279	7
1280	2
1281	3
1282	10
1283	8
1284	11
1285	10
1286	6
17671	1
1287	7
1288	6
1289	4
1290	4
1291	10
1292	6
1293	8
1294	10
1295	7
1296	11
1297	5
1298	7
1299	8
1300	8
1301	6
1302	9
1303	8
17687	1
1304	4
1305	6
17689	1
1306	9
1307	13
1308	10
1309	11
1310	5
1311	5
1312	11
1313	6
1314	13
1315	9
1316	10
1317	12
1318	13
1319	10
1320	12
1321	6
1322	5
1323	8
1324	7
1325	11
1326	3
1327	11
1328	11
1329	9
1330	8
1331	7
1332	6
1333	15
17717	1
1334	3
1335	9
1336	7
1337	6
1338	4
1339	8
17723	1
1340	7
1341	7
1342	8
1343	11
1344	7
1345	15
1346	12
1347	9
1348	10
1349	13
1350	6
1351	4
1352	10
1353	9
1354	9
1355	6
1356	10
1357	9
1358	9
1359	3
1360	9
1361	6
1362	8
1363	8
1364	3
1365	8
1366	11
1367	9
1368	3
1369	9
1370	9
1371	6
17755	1
1372	14
1373	12
1374	10
1375	5
1376	8
1377	9
1378	6
1379	5
1380	10
1381	8
1382	3
1383	12
1384	10
1385	11
1386	7
1387	6
17771	1
1388	4
1389	11
1390	16
1391	10
1392	9
1393	5
1394	9
1395	13
1396	8
1397	6
1398	5
1399	8
1400	5
1401	8
1402	6
1403	9
1404	16
17788	1
1405	5
17789	1
1406	11
1407	13
1408	8
1409	12
1410	7
1411	6
1412	10
1413	2
1414	8
1415	8
1416	5
1417	4
1418	9
1419	13
1420	8
1421	6
1422	10
1423	8
1424	11
1425	5
1426	6
1427	3
1428	6
1429	9
1430	9
17814	1
1431	7
1432	11
1433	7
1434	9
1435	8
1436	10
1437	10
1438	11
17822	1
1439	3
1440	16
1441	11
1442	7
1443	12
1444	5
1445	7
1446	7
1447	6
1448	5
1449	10
1450	12
1451	4
1452	7
1453	6
1454	15
1455	13
1456	5
1457	12
1458	7
1459	9
1460	7
1461	10
1462	7
1463	10
1464	6
1465	6
1466	7
1467	6
1468	11
1469	10
1470	10
1471	13
1472	4
1473	9
1474	5
1475	7
1476	9
1477	6
1478	7
1479	5
1480	11
1481	6
1482	5
1483	11
1484	6
1485	6
1486	11
1487	2
1488	9
1489	7
1490	6
1491	11
17875	1
1492	7
1493	11
1494	7
1495	6
1496	5
1497	5
1498	9
1499	8
1500	8
1501	10
1502	9
1503	8
1504	4
1505	4
1506	8
1507	6
1508	7
1509	8
1510	12
1511	5
1512	8
1513	8
1514	8
17899	1
1515	4
1516	6
1517	12
1518	5
1519	12
1520	12
1521	7
1522	2
1523	9
1524	8
1525	10
1526	12
1527	9
1528	6
1529	7
1530	6
1531	5
17915	1
1532	6
1533	7
1534	5
1535	10
1536	11
1537	7
17921	1
1538	12
1539	8
1540	9
1541	9
1542	11
1543	10
1544	6
1545	6
17929	1
1546	5
1547	9
1548	8
1549	8
1550	12
1551	6
1552	11
1553	5
1554	7
1555	6
1556	8
1557	7
1558	5
1559	7
1560	2
1561	4
1562	6
1563	2
1564	2
1565	4
1566	7
1567	4
1568	8
1569	14
17953	1
1570	8
1571	3
1572	6
1573	4
1574	7
1575	9
1576	9
1577	9
1578	9
1579	11
1580	6
1581	2
1582	4
1583	8
1584	6
1585	10
1586	7
1587	8
1588	5
1589	7
1590	7
1591	8
1592	5
1593	10
1594	12
1595	5
1596	13
1597	1
1598	8
1599	6
1600	11
1601	6
1602	9
1603	4
1604	7
1605	6
1606	6
1607	11
1608	8
1609	11
1610	3
1611	8
1612	9
1613	7
1614	9
1615	5
1616	7
18000	1
1617	13
1618	7
1619	7
1620	6
18005	1
1621	12
1622	4
1623	8
1624	11
1625	7
1626	4
1627	6
18011	1
1628	6
1629	4
1630	7
1631	5
1632	7
1633	6
1634	11
1635	6
1636	7
1637	6
1638	6
1639	7
1640	6
1641	9
1642	7
1643	8
1644	8
1645	4
1646	7
1647	3
1648	6
1649	7
1650	4
1651	4
1652	2
1653	2
1654	5
1655	4
1656	5
1657	9
1658	3
1659	7
1660	6
1661	8
1662	8
1663	11
1664	6
18048	1
1665	5
1666	6
1667	7
1668	4
1669	7
1670	7
1671	4
1672	5
1673	10
1674	8
1675	7
1676	5
1677	6
1678	8
1679	2
1680	9
1681	7
1682	9
1683	8
1684	6
1685	6
1686	7
1687	7
1688	9
1689	7
1690	7
18074	1
18075	1
1691	10
1692	6
1693	7
1694	7
1695	7
1696	5
1697	9
1698	5
1699	5
1700	8
1701	9
1702	5
1703	3
1704	6
1705	1
1706	4
1707	8
1708	4
1709	8
1710	10
18095	1
1711	7
1712	6
1713	8
1714	3
1715	8
1716	4
1717	4
1718	5
1719	10
1720	9
1721	8
1722	2
1723	7
1724	4
1725	3
1726	10
1727	6
1728	7
1729	4
1730	11
18114	1
1731	7
1732	5
1733	13
1734	7
1735	7
1736	10
1737	3
1738	11
1739	6
1740	9
1741	7
1742	9
1743	9
1744	10
1745	4
1746	9
1747	7
1748	6
1749	5
1750	8
1751	7
1752	4
1753	3
1754	2
1755	8
1756	4
1757	1
1758	8
18142	1
1759	5
1760	9
1761	5
1762	6
1763	11
1764	9
1765	5
1766	9
1767	5
1768	13
1769	3
1770	6
1771	8
1772	10
1773	1
1774	6
1775	10
1776	4
18160	1
1777	3
1778	9
1779	6
1780	5
1781	9
1782	7
1783	9
1784	12
1785	4
18169	1
1786	8
1787	4
1788	6
1789	7
1790	5
1791	9
1792	1
1793	6
1794	5
1795	1
1796	4
1797	5
1798	7
1799	8
1800	5
1801	5
1802	4
1803	5
1804	13
18188	1
1805	6
1806	7
1807	6
1808	8
1809	4
1810	7
1811	6
1812	9
18196	1
1813	6
1814	6
1815	6
1816	5
1817	3
1818	2
1819	7
1820	3
1821	7
1822	9
1823	14
1824	3
1825	3
1826	5
1827	6
1828	9
1829	7
1830	4
1831	5
1832	10
1833	3
1834	9
1835	6
1836	5
1837	3
1838	5
1839	3
1840	11
1841	8
1842	6
1843	4
1844	9
1845	6
1846	2
1847	9
1848	2
1849	3
1850	6
1851	6
1852	8
1853	5
1854	6
1855	5
1856	8
1857	3
1858	14
1859	2
1860	13
1861	4
1862	11
1863	8
1864	8
1865	3
1866	5
1867	7
1868	5
1869	9
1870	4
1871	4
1872	9
1873	7
1874	6
1875	7
1876	3
1877	7
1878	4
1879	6
1880	11
1881	8
1882	4
1883	6
1884	9
1885	8
1886	8
1887	7
1888	3
18272	1
1889	5
1890	3
1891	3
1892	4
1893	5
1894	4
1895	2
18280	1
1896	6
1897	3
1898	5
1899	4
1900	5
1901	6
1902	7
1903	6
1904	6
1905	4
1906	6
1907	5
1908	7
1909	5
1910	6
1911	4
1912	2
1913	10
1914	9
1915	6
1916	4
1917	8
1918	2
1919	6
1920	7
1921	5
1922	9
1923	2
1924	4
1925	9
1926	11
1927	6
1928	4
1929	9
1930	3
1931	7
1932	5
1933	8
18317	1
1934	6
1935	7
1936	2
1937	7
1938	2
1939	8
1940	6
1941	7
1942	3
1943	3
1944	10
1945	4
1946	4
1947	12
1948	5
1949	6
1950	7
1951	3
1952	4
1953	7
1954	5
1955	7
1956	8
1957	5
1958	8
1959	5
18343	1
1960	5
1961	3
1962	7
1963	5
1964	7
1965	9
1966	5
1967	3
1968	2
1969	7
1970	10
1971	6
1972	4
1973	5
1974	7
1975	8
1976	5
1977	8
1978	8
1979	7
1980	5
1981	5
1982	4
1983	6
1984	9
1985	3
1986	5
1987	4
1988	7
1989	3
1990	2
1991	9
1992	5
1993	7
1994	2
18378	1
1995	3
1996	3
1997	12
1998	2
1999	12
2000	7
2001	7
2002	4
2003	3
2004	6
2005	6
2006	3
2007	4
2008	3
2009	3
2010	7
2011	6
2012	4
2013	6
2014	5
2015	7
18400	1
2016	1
2017	1
2018	3
2019	4
2020	7
2021	5
2022	6
2023	5
2024	5
2025	5
2026	6
2027	6
2028	7
2029	7
2030	6
2031	5
2032	3
2033	3
2034	4
2035	1
2036	6
2037	6
2038	3
2039	5
2040	3
2041	6
2042	8
2043	4
2044	5
2045	3
2046	4
2047	5
2048	4
2049	3
2050	7
2051	8
2052	6
2053	5
2054	6
2055	10
2056	8
2057	4
2058	3
2059	5
2060	7
2061	3
2062	4
2063	4
2064	4
2065	9
2066	5
2067	5
2068	9
2069	6
2070	1
2071	7
2072	6
2073	9
2074	8
2075	11
2076	9
2077	8
2078	5
2079	8
2080	6
2081	3
2082	8
2083	8
2084	3
2085	3
2086	6
2087	10
2088	7
2089	5
2090	3
2091	5
2092	6
2093	3
2094	4
2095	1
2096	12
2097	6
2098	8
2099	8
2100	4
2101	8
2102	4
2104	3
2105	9
2106	2
2107	3
2108	7
2109	6
2110	5
2111	7
2112	5
2113	9
2114	4
2115	4
2116	3
2117	11
2118	8
2119	4
2120	5
2121	3
2122	4
2123	8
2124	6
2125	7
2126	8
2127	8
2128	7
2129	3
2130	9
2131	5
2132	8
2133	10
2134	5
2135	3
2136	6
2137	8
2138	5
2139	6
2140	6
2141	4
2142	1
18526	1
2143	4
2144	5
2145	3
2146	5
2147	3
2148	8
2149	3
2150	4
2151	4
2152	6
2153	5
2154	8
2155	3
2156	8
2157	3
2158	3
2159	8
2160	4
2161	7
2162	4
2163	2
2164	6
2165	4
2166	6
2167	4
2168	4
2169	8
18553	1
2170	5
2171	3
2172	1
2173	4
2174	7
2175	9
2176	13
2177	2
2178	6
2179	5
2180	8
2181	4
2182	3
2183	7
2184	5
2185	2
2186	7
2187	5
2188	1
2189	3
2190	6
2191	3
2192	6
2193	3
2194	3
2195	4
2196	4
2197	5
2198	5
2199	3
2200	5
2201	2
2202	4
2203	5
2204	3
2205	1
2206	1
2207	8
2208	7
2209	1
2210	6
2211	8
2212	6
2213	3
2214	6
2215	3
2216	7
2217	4
2218	2
2219	7
2221	10
2222	5
2223	3
2224	9
2225	5
2226	2
2227	7
2228	3
2229	6
2230	1
2231	5
2232	2
2233	3
2234	8
2235	5
2236	3
2237	5
2238	2
2239	2
2240	3
2241	7
2242	4
2243	3
2244	2
2245	4
2246	2
2248	2
2249	2
2250	2
2251	6
2252	3
2254	1
2255	5
2256	7
2257	1
2258	2
2259	5
2260	1
2261	6
2262	1
2263	4
2264	4
2265	1
2266	6
2267	7
2268	3
2269	4
2270	6
2271	2
2272	4
2273	3
2274	6
2275	6
2276	8
2277	4
2278	4
2279	5
2280	11
2281	4
2282	2
2283	3
2284	6
2285	3
2286	4
2287	5
2288	3
2289	5
2290	5
18674	1
2291	1
2292	2
2293	6
2294	7
2295	5
2296	6
2297	3
2298	3
2299	7
2300	5
2301	5
2302	3
2303	5
2304	3
2305	3
2306	3
2307	5
2308	6
2309	5
2310	7
2311	5
2312	3
2313	2
2314	3
2315	8
18699	1
2316	9
2317	2
2318	6
2319	2
2320	3
2321	5
2322	5
18706	1
2323	3
2324	5
2325	7
2326	4
2327	4
2328	2
2329	5
2330	3
2331	4
2332	4
2333	1
2334	4
2335	5
2336	2
2337	6
2338	7
18722	1
2339	5
2340	4
2341	2
2342	5
2343	2
2344	3
2345	5
2346	6
2347	5
2348	6
2349	6
18733	1
2350	3
2351	8
2352	6
2353	6
2354	5
2355	2
2356	7
18740	1
2357	5
2358	4
2359	3
18743	1
2360	1
2361	1
2362	4
2363	1
2364	6
2365	6
2366	5
2367	5
2368	4
2369	2
2370	5
2371	3
2372	3
2373	5
2374	4
2375	7
2376	5
2377	5
2378	2
2379	3
2380	3
2381	3
2382	3
2383	4
2384	7
2385	4
2386	5
2387	6
2388	5
18772	1
2389	3
2390	6
2391	3
2392	4
2393	8
2394	2
2395	4
2396	5
2397	5
2398	4
18782	2
2399	5
2400	6
2401	3
2402	2
2403	3
2404	3
2405	9
2406	4
2407	3
2408	2
2409	6
2410	2
2411	5
2412	6
2413	6
2414	1
2415	5
2416	5
2417	2
2418	1
2419	3
2420	7
2421	4
2422	3
2423	4
2424	4
2425	5
2426	2
2427	4
2428	4
2429	5
2430	1
2431	6
2432	4
2433	3
2434	4
2435	2
2436	8
2437	6
2438	3
2439	3
2440	3
2441	3
2442	4
2443	5
2444	1
2445	4
2446	2
2447	2
2449	6
2450	6
2451	2
2452	6
2453	4
2454	2
2455	2
2456	4
2457	1
2458	6
2459	2
2460	6
2461	6
2462	5
2463	3
2464	3
2465	5
2466	4
2467	2
2468	3
2469	3
2470	4
2471	7
2472	8
2473	1
2474	1
2475	2
2476	4
2477	6
2478	7
18862	1
2479	4
2480	4
2481	4
2482	5
2483	4
2484	4
2485	3
2486	5
2487	2
2488	3
2489	8
2490	3
2491	2
2492	3
2493	2
2494	5
2495	4
2496	8
2497	3
2498	3
2499	2
2500	1
2501	5
2502	3
2503	4
2504	6
2505	5
2506	5
2507	1
2508	8
2509	5
2510	3
2512	5
2513	1
2514	3
2515	6
2516	1
2517	4
2518	3
2519	2
2520	2
2521	2
2522	5
2523	7
2524	8
18908	1
2525	4
2526	3
2527	2
2528	5
2529	4
2530	2
2531	2
2532	5
2533	3
2535	1
2536	5
2537	6
2538	2
2539	3
2540	6
18924	1
2541	5
2542	4
2543	2
2544	4
2545	5
2546	6
2547	1
2548	5
2549	4
2550	3
2551	3
2552	6
2553	2
2554	3
2555	2
2556	2
2557	6
2558	2
2559	3
2560	3
2561	7
2562	2
2563	6
2564	3
2565	2
2566	6
2567	1
2568	3
2569	1
2570	3
2571	7
18955	1
2572	3
2573	1
2574	2
2575	4
2576	3
2577	5
18961	1
2578	2
2579	4
2580	5
2581	4
2582	2
2583	6
2584	3
2585	1
2586	3
2587	2
2588	2
2589	2
2590	2
2591	5
2592	4
2593	2
2594	5
2595	5
2596	4
2597	1
2599	1
2600	2
2601	3
2602	4
18986	1
2603	3
2604	6
2605	8
2606	4
2607	4
2608	5
2609	5
18993	1
2610	7
2611	5
2612	1
2613	2
2614	3
2615	3
2616	2
2617	3
2618	8
2619	2
2620	4
2621	3
2622	3
19006	1
2623	2
2624	2
2625	3
2626	5
2627	2
2628	4
2629	3
2630	4
2631	1
19016	1
2632	2
2633	3
2634	3
19018	1
2635	1
2636	2
2637	6
2638	1
2639	3
2640	3
2641	4
2642	1
2643	2
2644	3
2645	6
2646	4
2647	2
2648	3
2649	3
2650	3
2651	1
2652	4
2653	4
2654	5
2655	3
2656	2
2657	3
2659	4
2660	4
2661	3
2663	3
2664	5
2665	6
2666	3
2667	4
2668	3
2669	8
2670	3
2671	2
2672	4
2673	1
2674	2
2675	4
2676	1
2677	5
2678	2
2679	2
2680	7
2681	4
19066	1
2682	4
2683	5
2684	4
2685	2
2686	3
2687	4
2688	4
2689	2
2690	3
19074	1
2691	3
2692	3
2693	3
2694	2
2695	2
2696	4
2697	3
2698	6
2699	3
2700	3
19084	1
2701	6
2702	3
2703	4
2704	1
2705	1
2706	2
2707	2
2708	3
2709	7
2710	4
2711	4
2712	4
2713	5
2714	3
2715	4
2716	3
2717	5
2718	9
2719	1
2720	1
2721	2
2722	3
2723	6
19107	1
19108	1
2724	2
2725	1
2726	3
2727	2
2728	4
2729	3
2730	3
2731	2
2733	5
2734	5
2735	1
2736	1
2737	2
2738	3
2739	3
2740	6
2741	2
2742	5
2743	4
2744	1
2745	2
2746	1
2747	1
2748	3
2749	1
2750	5
2751	6
2752	1
2753	3
2754	2
2755	2
2756	3
2757	3
2758	4
2759	4
19143	1
2760	2
2761	4
19145	1
2762	1
2763	6
2764	6
19148	1
2765	2
2766	2
2767	3
2768	4
2769	2
2770	1
2771	3
2772	5
2773	1
2774	3
2775	3
2776	1
2777	2
2778	1
2779	4
2780	2
2781	5
2782	4
2783	4
2784	4
2785	2
2786	3
2787	4
2788	3
2789	5
2790	7
2791	6
2792	3
2793	3
2794	1
2795	5
2796	4
2797	2
2798	2
2799	3
2800	4
2801	3
2802	4
2803	5
2804	4
2805	3
2806	5
2807	5
2808	2
2809	1
2810	2
2811	5
2812	4
2813	3
2814	4
2815	6
2816	3
2817	5
2818	1
2819	2
2820	4
19204	1
2821	4
2822	2
2823	1
2824	4
2825	1
2826	5
2827	1
2828	5
2829	5
2830	2
2831	2
2833	5
2834	4
2835	6
2836	4
2837	4
2838	5
2839	3
2840	3
2841	1
2842	2
2843	2
2844	5
2845	2
2846	2
2847	3
2848	1
2849	5
2851	3
2853	2
2854	4
2857	4
2858	1
2860	6
2861	2
19245	1
2862	3
2863	2
2864	5
2865	3
2866	2
2867	1
2868	3
2869	1
2870	3
2871	2
2872	4
2873	7
2874	3
2875	6
2876	4
2877	1
2878	1
2879	4
2880	3
2881	1
2882	5
2883	1
2884	3
2885	3
2886	3
2887	4
2888	5
2889	6
2890	2
2891	1
2892	3
2893	5
2894	4
2895	3
2896	3
2897	1
2898	4
2899	4
2900	5
2901	4
2902	2
2903	3
2904	1
2905	3
2906	6
2907	4
2908	2
2909	2
2910	5
2911	3
2912	1
2913	1
2914	5
2915	1
2916	4
2917	3
2918	3
2919	1
2920	10
2921	3
2922	1
2923	2
2924	1
2925	4
2926	3
2927	2
2928	3
2929	2
2930	2
2932	6
2933	5
2934	1
19318	1
2935	3
2936	5
2937	6
2939	1
2940	3
2941	1
2942	4
2943	4
2944	5
2945	4
2946	3
19330	1
2947	3
2948	2
2949	5
19333	1
2950	5
2951	3
2952	2
2954	1
2955	1
2956	3
2957	2
2958	5
2959	1
2960	2
2961	4
2962	1
2963	2
2964	1
2966	1
2967	4
2968	5
2969	1
2970	6
2971	3
2972	2
2973	1
2974	2
2975	1
19359	1
2976	1
2977	4
2978	2
2979	3
2980	4
2982	3
2983	3
2984	4
2985	5
2986	6
2987	3
2988	3
2989	2
2990	7
2991	2
2992	1
2993	1
2994	1
2995	2
2996	4
2997	1
2998	2
2999	1
3000	4
3001	4
3002	5
3003	1
3004	3
3005	4
3006	4
3007	3
3008	2
3009	3
3010	1
3011	2
3012	3
3013	1
3014	3
3015	1
3016	1
3017	1
3018	2
3019	3
3020	3
3022	6
3023	5
3024	3
3025	6
3026	4
19410	1
3027	4
3028	1
3029	3
3030	2
3031	7
3032	5
3033	7
3034	3
3035	7
3036	3
3037	5
3038	6
3039	2
3040	3
3041	2
3042	1
3043	1
3044	3
3045	3
3046	1
3047	3
3048	2
3049	4
3050	1
3051	2
3052	4
3053	3
3054	2
3055	4
3056	1
3057	2
3058	2
3059	2
3060	4
3061	3
3062	3
3063	4
3064	2
3065	3
3067	3
3068	5
3069	2
3070	4
3071	3
3072	1
3073	3
3074	2
3075	6
3076	2
3077	3
3078	2
3079	1
3080	3
3081	1
3082	1
3083	1
3084	3
3085	3
3086	4
3087	1
3088	3
3089	2
19474	1
3090	2
3091	5
3092	3
3093	3
3094	1
3095	1
3096	5
3097	2
3098	4
3099	2
3100	2
3101	1
3102	1
3104	2
3105	6
3106	2
3107	4
3108	5
3109	7
3110	6
3111	4
3112	4
19496	1
3113	2
3114	4
3116	5
3117	4
3118	3
3119	1
3122	3
3123	1
3124	2
3125	2
3126	3
3127	3
3128	4
3129	4
3130	4
3131	2
3132	3
3133	5
3134	3
3135	1
3136	3
3137	4
3138	5
3140	3
3141	3
3142	2
3143	1
3144	3
3145	6
3146	3
3147	1
3149	1
3150	4
3152	3
3153	2
3154	5
3155	1
3156	4
3157	2
3158	1
3159	2
3160	1
3161	1
3162	3
3163	2
3164	7
3165	3
3166	3
3167	5
3168	1
3169	1
3170	3
19554	1
3171	4
3172	2
3173	2
3175	2
19560	1
3177	1
19562	1
3179	3
3180	5
3181	1
3182	3
3183	4
3184	4
3186	4
3187	4
3188	2
3190	5
3191	1
3192	3
3193	2
3194	1
3195	3
3196	2
3198	2
3199	2
3200	3
3201	3
3202	4
3204	3
3205	4
3206	4
3207	1
3208	2
3209	3
3210	4
3211	5
3212	2
19596	1
3214	3
3215	1
3216	2
3217	4
3218	4
3219	2
3220	3
3221	1
3222	5
3223	3
3224	3
3225	2
3226	2
3227	4
3228	1
3229	2
3230	2
3231	7
3232	1
3233	3
3234	1
3235	2
3236	1
19620	1
3238	2
3239	2
3240	2
3241	1
3242	4
3243	2
3245	4
3247	2
3248	2
3249	1
3250	2
3252	2
3253	1
3254	1
3255	5
3256	1
3257	2
3258	4
3259	2
3260	2
3261	4
3262	5
3264	2
3265	2
3266	1
3267	4
3268	5
3269	4
3270	2
3271	2
3272	2
3273	3
3274	1
3275	4
3276	2
3277	4
3278	3
3279	2
3280	2
3281	1
3283	1
3284	2
19668	1
3285	2
3286	1
3287	3
3288	3
3289	2
3290	2
3291	2
3292	1
3293	2
3294	2
3295	1
3296	1
3297	4
3300	4
3302	1
3303	3
3304	1
3305	3
3306	2
3307	2
3308	2
3309	3
3311	2
3312	4
3313	1
3315	2
3316	2
3317	1
19702	1
3319	2
3320	3
3321	3
3322	2
3323	3
3324	1
3325	2
3326	2
3328	1
3329	1
3330	2
3332	3
3333	3
3334	1
3335	2
3336	4
3337	2
3338	4
19722	1
3339	1
3341	3
3342	3
3343	1
3344	1
3345	3
3346	1
3347	4
3348	3
3349	1
3350	2
3351	4
3352	1
3353	1
3354	3
3356	2
3357	2
3358	1
3359	2
3360	3
19745	1
3362	3
3363	3
3364	3
3365	2
3366	1
3367	2
3368	2
3370	4
3371	3
3373	1
3374	1
3376	1
3377	2
3378	2
3380	5
3381	2
3383	1
3384	1
3385	1
3387	2
3388	1
3389	2
3390	1
3391	1
3392	4
3393	3
3394	2
3395	1
3396	2
3397	2
3398	1
3399	2
3401	3
3403	4
3404	1
3405	1
3406	4
3407	1
3408	2
3409	2
3410	3
3411	5
3412	3
3413	1
3414	2
3415	2
3416	2
3417	2
3418	4
19802	1
3420	4
3421	1
3424	2
3425	2
3426	1
3427	3
3428	1
3429	1
3430	2
3431	6
3432	2
3433	1
3434	2
3435	3
3436	1
3437	3
3439	3
3440	3
3441	1
3442	2
3443	2
3444	1
3445	2
3446	2
3447	1
3448	2
3449	3
3451	4
3452	3
3453	3
3454	4
19839	1
3455	1
3456	3
3457	1
3458	1
3459	1
3460	1
3461	1
3462	1
3463	6
3464	3
3466	2
3467	4
3468	3
3469	4
3470	2
3471	5
3472	1
3474	3
3475	4
3476	4
3477	3
3478	2
3479	2
3480	2
3481	2
3482	1
3483	3
3484	1
3485	3
3486	1
3487	4
3488	1
3489	3
3490	2
3492	3
3493	1
3495	3
3496	1
3497	1
3498	1
3499	1
3500	3
3501	3
3502	3
3503	1
3504	1
3505	5
3507	1
3508	2
3509	1
3510	3
3511	1
3512	1
3513	5
3514	4
3516	2
3517	4
3518	1
3519	1
3520	1
3521	3
3522	2
3523	1
3524	2
3525	3
3526	3
3527	2
3528	2
3530	5
3531	1
3532	1
3533	1
3534	2
3535	3
3536	1
3537	1
3538	4
3539	3
3540	1
3541	2
3542	2
3544	1
3545	3
19930	1
3546	1
3547	3
3549	3
3550	3
3551	1
3552	2
3553	1
3554	2
3555	1
3556	2
3557	2
3558	5
3559	1
3561	2
3562	2
3563	4
3565	2
3567	5
3568	1
3569	4
3570	3
19954	1
3571	2
3572	1
19956	1
3573	2
3574	1
3575	3
3576	1
3577	1
3578	2
19963	1
3579	3
3580	4
3581	2
3582	3
3584	1
3586	3
3588	2
3590	1
3591	1
3592	1
3593	2
3595	1
3596	1
3597	1
3599	2
3600	1
3601	1
3602	2
3603	4
3604	5
3605	1
3607	3
3608	1
3609	3
3612	3
3613	2
3614	4
3615	2
3616	2
3617	3
3618	3
3619	1
3620	2
3621	3
3622	4
3624	4
3625	2
3626	1
3627	2
3628	1
3629	5
3630	1
3631	3
3632	2
3634	1
3635	1
3636	1
3637	1
3638	1
3639	1
3640	4
3641	3
3642	2
20026	1
3645	2
3646	3
3647	3
3648	2
3649	2
3650	4
3651	6
3652	1
3653	3
3654	2
3655	3
3656	2
3658	1
3659	2
3660	3
3661	1
3662	3
3663	1
3664	4
3666	3
3667	4
3668	2
3669	1
3670	3
3673	1
3674	1
3676	1
20060	1
3677	3
3678	2
3679	4
3682	4
3684	1
3685	1
3686	1
3687	3
3688	2
3689	2
3690	3
3691	1
3692	3
3693	5
3694	1
3695	1
3696	1
3697	4
3698	3
3699	2
3700	2
3701	5
3702	1
3704	3
3706	2
3707	3
3708	1
3709	2
3710	2
3711	3
3712	2
3713	4
3714	1
20098	1
3715	1
3716	3
3717	3
3718	1
3719	1
3720	2
3721	2
3723	3
3724	2
3725	1
3726	2
3728	1
3730	1
3731	1
3733	2
3734	5
3735	1
3736	2
3737	1
3738	4
3740	3
3741	2
3743	3
3744	1
3745	3
3746	1
3748	4
3750	1
3751	4
3752	2
3753	1
3755	1
3756	3
3757	4
3758	1
3760	2
3761	2
3762	1
3763	2
3764	1
3765	1
3766	1
20151	1
3768	2
3769	1
3770	4
3771	1
3773	1
3774	2
3775	2
3776	3
3777	2
3778	3
3779	1
3780	2
3781	1
3782	1
3784	3
3785	2
3786	1
3787	2
3789	2
3790	1
3791	3
3792	2
3793	2
3794	2
3795	2
3796	1
3797	1
3799	1
3801	3
3802	1
3803	1
3804	2
3806	3
3807	1
3808	1
3809	1
3810	3
3811	2
20196	1
3814	3
3815	1
3816	1
3817	3
3818	2
3819	3
3820	3
3823	5
3824	2
3825	1
3826	1
3827	1
3828	4
3829	1
3830	5
3832	2
3833	6
3834	2
3835	2
3836	2
3837	1
3838	1
3839	1
3840	2
3841	2
3844	1
3845	2
3846	3
3847	2
3848	1
3849	5
3850	3
3851	2
3852	2
3854	3
3856	2
20240	1
3857	1
3858	1
3861	1
3864	2
3865	2
3866	2
3867	1
3869	3
3870	1
3871	3
3872	3
3874	1
3875	2
3876	2
3877	1
3878	2
3880	1
3882	1
3883	1
3884	1
3886	2
3888	2
3889	1
3890	1
3891	4
3892	2
3893	4
3894	2
3896	3
3897	1
3898	2
3899	1
3901	1
3903	2
3904	1
3905	2
3906	3
3908	2
3909	1
3910	2
3911	2
3912	3
3913	2
3918	2
3919	2
3920	1
3922	2
3923	1
20307	1
3924	1
3925	3
3926	2
3927	2
3929	1
3930	3
3932	2
3933	1
3934	2
3935	4
3936	4
3937	1
3939	2
3940	3
3941	1
3942	1
3943	2
3946	4
3947	4
3950	1
3951	2
3952	1
3953	2
3955	3
3956	1
3959	2
3960	4
3961	1
3962	4
3963	3
3964	1
3965	2
3966	1
3967	2
3968	1
3971	2
3972	2
3973	1
3974	2
3976	3
3977	1
3978	3
3979	2
3980	2
3982	1
3983	4
3984	1
3985	3
3986	3
3987	2
3990	2
3991	2
3992	1
3993	2
3994	2
3995	1
3996	3
3998	4
3999	1
4001	2
4002	2
4003	3
4005	1
4006	2
4007	2
4008	2
4009	3
4011	3
4012	2
4013	2
4014	1
4015	1
20399	1
4016	2
4017	2
4018	1
4019	5
4020	1
4021	1
4022	2
4023	1
4024	1
4025	1
4026	3
4027	2
4028	1
4029	4
4030	2
4031	1
4032	1
4033	3
4034	2
4035	1
4036	1
4037	4
4038	2
4039	2
4040	2
4041	2
4042	1
4043	4
4044	2
4046	1
4047	1
4048	2
20433	1
4049	2
4050	1
4051	1
4054	1
4055	1
20440	1
4057	2
4058	1
4059	3
4061	2
4062	1
4064	2
4066	5
4067	3
4069	4
4070	1
4071	1
4072	4
4074	2
4075	1
4077	1
4078	4
4079	2
4082	2
4083	2
4084	2
20468	1
4085	2
4086	1
4087	1
4088	1
4092	1
4093	2
4094	1
4097	1
4098	2
4102	2
4104	1
4105	1
4106	2
4107	1
4108	3
4109	1
4110	2
4111	4
4112	2
4114	2
4115	1
4117	2
4118	4
4119	1
20504	1
4122	1
4123	2
4124	4
4125	2
4126	1
4128	2
4129	2
4130	2
4131	2
4133	2
4134	1
4135	3
4136	1
4137	2
4138	1
4140	3
4141	1
4142	1
4143	1
4144	2
4146	4
20530	1
4147	1
4149	1
4152	2
4153	1
4154	5
4155	2
4156	2
4159	4
4160	2
4161	2
4162	2
4164	3
4166	2
4167	3
4168	1
4170	2
4172	1
4173	1
4174	1
4175	4
4176	3
4178	2
4180	1
4182	2
4183	1
4184	1
4187	2
4188	1
4189	2
4191	4
4192	1
4194	2
4195	2
20579	1
4196	3
20580	1
4197	2
4198	1
4200	3
4201	1
4202	2
4203	1
4204	2
4206	3
4207	1
4208	1
4209	1
4211	2
4212	3
4213	1
4216	2
4218	3
4219	2
4220	1
4221	2
4223	3
4224	2
4225	1
4226	1
4227	2
4229	1
4231	3
4235	2
4237	3
4238	1
4240	2
4241	2
4242	2
4244	1
4246	1
4247	1
4248	1
4249	1
4250	2
4251	1
4252	2
4253	1
4254	1
20638	1
4256	1
4257	2
4259	1
4260	2
4261	1
4262	3
4264	1
4265	2
4268	1
4269	2
4270	2
4271	5
4272	1
4273	4
4274	2
4275	2
4278	3
4280	1
4281	3
4283	1
4284	1
4285	1
4286	1
4287	2
4288	2
4289	1
4291	1
4292	1
4293	1
4294	2
4296	1
4297	1
4298	3
4301	3
4304	1
4306	3
4307	3
4309	2
4310	1
4312	1
4314	2
20698	1
4315	1
4316	3
4317	1
4318	1
4319	1
4320	2
4321	2
4322	1
4323	2
4324	1
4325	1
4326	1
4328	1
4331	1
4332	1
4333	1
4338	2
4340	2
4341	1
4342	2
4346	2
4347	1
4349	1
4352	4
4353	1
4354	1
4355	3
4356	2
4358	3
4360	2
4361	2
4363	1
4365	1
4366	1
4367	1
4368	1
4369	2
4370	1
4371	1
4372	2
4377	2
4378	2
4381	3
4383	2
4384	1
4385	2
20770	1
4387	2
4390	1
4391	1
4392	1
4395	2
4396	2
4398	5
4399	1
4401	3
4402	2
4403	1
4404	2
4405	2
4406	1
4407	1
4408	2
4410	1
4411	2
4413	1
4414	1
4415	2
4416	2
4417	1
4418	1
20803	1
4419	1
4420	2
4422	1
4424	1
4425	2
4426	4
4430	1
4431	1
4432	1
4433	3
4434	3
4435	1
4436	1
4437	1
4438	2
4439	2
4442	6
4443	2
4445	1
4446	2
4449	2
4450	3
4452	1
20838	1
4455	2
4456	2
4458	1
4460	1
4463	1
4464	1
4465	2
20850	1
4466	1
4467	1
4468	1
4469	4
4472	2
4474	2
4475	2
4476	1
4479	1
4480	2
4481	1
4483	1
4484	2
4488	2
4489	3
4490	1
4491	2
4492	2
4493	2
4495	4
4496	1
4497	2
4498	3
4500	2
4503	2
4506	1
4508	2
4509	4
4512	2
4513	1
4515	1
4516	2
4520	1
4521	1
4524	1
4525	4
4530	2
4534	1
4536	2
4537	1
4538	1
4539	1
4541	1
4542	2
4543	1
4545	1
4546	1
4547	1
4549	1
4550	1
4553	3
4557	1
4558	1
4562	1
4564	2
4565	1
4569	1
4570	1
4571	1
4572	2
4574	1
4575	1
4577	2
4578	2
4580	3
4584	3
4587	1
4589	1
4590	3
4594	2
4595	2
4596	2
4597	2
20982	1
4599	2
4600	2
4601	1
4602	1
4603	3
4604	1
4605	1
4606	1
4608	1
4609	2
4610	2
4612	1
4613	1
4615	2
4616	2
4618	1
4619	2
4621	1
4622	1
4623	2
4626	3
4629	1
4631	1
4632	1
4633	1
4634	1
4636	5
4637	1
4638	2
4639	2
4641	2
4642	2
4644	1
4648	1
4650	3
4651	1
4652	1
4653	1
4654	1
4655	1
4656	1
4658	2
4661	2
4662	1
4663	1
4664	1
4665	4
4667	2
4668	4
4669	1
4672	4
4673	2
4674	4
4675	1
4676	2
4677	1
4678	1
4679	1
4680	1
4682	1
4684	1
4688	3
4689	1
4690	4
4693	2
4696	2
4697	3
4698	2
4699	1
4700	2
4701	1
4703	2
4704	1
4706	2
4709	1
4710	1
4711	1
4712	2
4715	1
4718	2
4719	1
4720	2
4721	1
4723	1
4725	2
4727	1
4728	2
4729	1
4730	1
4731	3
4732	2
4733	1
4735	1
4736	2
4740	1
4741	2
4742	1
4744	1
4745	3
4746	1
4748	1
4750	1
4752	1
4755	2
4756	1
4757	1
4758	1
21143	1
4760	1
4762	1
4763	1
4764	2
4765	3
4767	1
4768	2
21155	1
4772	3
4773	2
4774	1
4775	2
4778	1
4780	1
4782	2
4787	1
4788	2
4792	2
4794	1
4796	1
4797	1
4800	1
4801	1
4802	1
4803	2
4805	1
4807	1
4808	1
21193	1
4810	2
4811	1
4812	3
21201	1
4817	1
4818	4
4819	2
4820	1
4821	1
4822	4
4823	1
4824	1
4826	1
4827	1
4828	2
4829	1
4830	2
4831	1
4832	2
4833	2
4835	2
4836	1
4838	2
4839	2
4840	2
4841	2
4842	1
4843	3
4845	2
4847	4
4848	1
4851	1
4852	1
4853	1
21239	1
4856	1
4860	1
4861	1
4865	1
4866	3
4867	1
4872	1
4873	1
4874	2
4875	1
4877	2
4879	1
4880	1
4882	1
4883	1
4885	3
4886	3
4888	1
4889	2
4890	1
4891	1
4892	1
4894	1
4895	2
21281	1
4897	1
4899	2
4900	1
4901	2
4903	2
4904	2
4905	1
4907	1
4908	1
4909	1
4910	1
4911	1
4912	1
4916	2
4917	1
4918	1
4919	1
4921	1
4922	4
4926	1
4927	1
4929	1
4930	1
4931	1
4933	1
4934	1
4936	2
4937	2
4939	1
4942	1
4944	2
4946	3
4950	2
4952	2
4953	2
4954	1
4956	1
4959	2
4960	1
4961	1
4962	1
4963	1
4966	4
4967	1
4968	1
4970	2
4971	1
4974	2
4976	2
4977	1
4979	1
4981	1
4985	1
4987	1
4988	1
4989	1
4990	1
4991	2
4993	2
4994	2
4995	1
4996	2
4997	3
4998	1
4999	3
5000	2
5002	1
5004	1
5005	1
5006	1
5007	2
5008	2
5009	1
5010	3
5011	1
5013	1
5014	3
5015	2
5016	1
5021	2
5022	2
5023	1
5024	1
5028	1
5029	1
5032	2
5033	1
5036	1
5038	1
5040	3
5043	2
5045	1
5047	1
5054	2
5055	1
21444	1
5061	1
5062	2
5066	2
21452	1
5068	1
5069	1
5070	1
5071	1
5072	1
5073	1
5075	1
5079	1
5080	2
5085	1
5087	1
5088	1
5090	2
5091	2
5092	1
5096	2
5098	1
5100	1
5101	1
5103	1
5106	2
21491	1
21492	1
5109	2
5110	4
5112	1
5113	2
5114	2
5115	3
5119	1
5121	1
5122	2
5124	2
5126	2
5128	1
5129	1
5130	1
5132	1
5133	2
5134	3
5140	1
5141	2
5144	3
5145	1
5146	1
5147	1
5149	1
5150	2
5151	1
5152	1
5155	2
5158	1
5159	1
5161	1
5165	1
5167	1
5168	1
5169	1
5173	1
5177	2
5178	1
5179	2
5181	1
5182	1
5184	1
5185	1
5189	1
5192	1
5193	1
5195	1
5196	1
5198	1
5199	1
5200	1
5201	1
5202	2
5204	1
5206	2
5207	1
5210	1
5211	1
5214	2
5215	1
5216	1
5217	1
5219	1
5220	2
5221	1
5222	1
5226	1
5228	1
5232	3
5237	2
5239	2
5240	1
5241	1
5243	1
5244	1
5250	2
5254	1
5255	1
5257	1
5258	1
5260	2
5261	1
5262	1
5265	3
5266	1
5269	2
5272	1
5274	1
5276	1
5277	3
5279	3
5280	1
5281	1
5286	2
5288	1
5289	1
5293	1
5294	2
5296	2
5298	1
5299	1
5304	2
5307	1
5308	2
5309	1
5311	1
5315	1
5317	1
5320	2
5325	2
5326	1
5327	2
5328	1
5329	2
5330	3
5332	3
5336	3
5337	1
5338	1
5340	1
5342	1
5343	2
5344	1
5346	1
5348	1
5352	1
5357	2
5358	2
5361	1
5363	1
5367	1
5369	1
5371	1
5375	1
5376	1
5385	1
5386	1
5387	3
21773	1
5395	1
21779	1
5397	1
5398	2
5403	1
21787	1
5404	1
5405	1
5406	1
5408	1
5412	2
5413	1
5414	1
5415	1
5416	1
5417	1
5421	1
5422	1
5425	1
5426	1
5427	2
5428	1
5430	2
5432	1
5434	2
5437	1
5438	1
5439	1
5440	1
21824	1
5442	1
5449	1
5454	2
5456	2
5461	1
5463	2
5465	1
5469	3
5470	1
5479	3
5481	1
5482	1
5484	1
5486	1
5489	1
5494	1
5495	1
5497	3
21882	1
5501	1
5502	1
5506	1
5510	1
5516	3
5517	2
5518	2
5520	1
5526	1
5527	1
5529	1
5534	1
5535	1
5537	1
5539	2
5541	1
5544	1
5547	1
5548	1
5552	1
5553	1
5555	1
5558	1
5559	1
5562	2
5563	1
5564	3
5565	2
5569	2
5571	1
5574	1
5575	1
5576	1
5577	2
5578	1
5579	1
5582	1
5584	1
5585	1
5587	1
5589	3
5590	2
5591	1
5592	1
5596	1
5599	2
5601	2
5603	2
5604	2
5606	1
5609	2
5612	2
5615	1
5616	1
5617	1
5621	1
5624	1
5625	2
5626	2
5627	1
5630	1
5631	1
5633	1
5638	1
5639	1
5641	1
5642	2
5648	3
5649	1
5652	1
5655	1
5656	2
5659	1
5660	1
5664	1
5669	1
5671	1
5674	1
5675	1
5677	1
5678	1
5680	1
5681	2
5686	2
5687	2
5689	1
5691	2
5692	1
5693	1
5695	1
5698	1
5699	2
5700	2
5701	1
5703	1
5706	2
5707	2
5709	1
5711	1
5713	1
5717	3
5718	1
5721	1
5722	2
5723	2
5724	2
5727	3
5729	1
5730	1
5733	1
5736	1
5740	1
5744	1
5745	1
5749	1
5753	2
22137	1
5759	1
5761	1
5762	2
5763	1
5764	2
5770	1
5771	1
5772	2
5780	1
5782	2
5788	2
5795	1
5797	1
5802	1
5805	1
5806	1
5807	1
5808	1
5809	1
5810	1
5811	1
5812	1
5814	1
5816	1
5817	1
5824	3
5827	1
5829	1
5831	1
5832	1
5837	1
5839	1
5841	1
22227	1
5844	2
5847	1
5850	1
5852	2
5856	1
5859	1
5861	1
5864	1
5865	2
5868	1
5870	1
5871	1
5873	1
5876	2
5880	1
5881	1
5882	1
5884	1
5886	3
5887	1
5889	1
5894	1
5897	2
5904	1
5906	1
5915	1
5916	1
5918	1
5919	1
5922	2
5923	1
5925	2
5928	1
5933	1
5934	1
5936	2
5939	1
5941	1
5943	1
5944	1
5945	1
5946	1
5950	1
5959	1
5960	1
5961	1
5962	1
5968	1
5971	1
22359	1
5976	1
5977	1
5978	1
5984	1
22369	1
5986	1
5987	2
5996	1
6000	2
6004	1
6007	2
6013	1
6016	2
6017	1
6019	1
6020	1
6023	1
6025	1
6029	2
6035	1
22422	1
6043	1
6044	1
6046	1
6053	2
6055	1
6063	1
6068	2
22452	1
6069	2
6074	1
6077	1
22462	1
6082	1
6085	1
6090	1
6094	1
6095	1
6096	2
6100	2
6101	1
6102	1
6104	2
6106	2
6115	1
6116	1
6119	1
6120	2
6124	1
6129	1
6130	2
6135	2
6137	1
6138	1
6140	1
6144	2
6147	1
6148	1
6149	3
6151	1
6153	4
6154	1
6155	1
6156	1
22542	1
6165	1
6166	1
6170	1
6173	2
22560	1
6179	2
6180	1
6182	1
6184	1
6188	1
22575	1
6192	1
6195	1
6197	1
6203	1
6208	1
6209	1
6212	1
6214	1
6217	2
6218	1
6219	1
6222	1
6223	1
6225	1
6229	3
6232	1
6234	3
6236	1
6238	1
6240	1
6242	1
22628	1
6246	3
6247	1
6248	1
6249	1
6251	2
6252	2
6255	1
6256	1
6257	1
6259	2
6264	1
6266	1
6267	1
6270	1
6272	1
6273	1
6274	1
6276	2
6278	2
6280	1
6281	2
6283	1
6287	1
6288	2
6296	1
6298	1
6301	1
6307	1
6309	1
6310	1
6313	1
6317	1
6318	1
6319	1
6320	1
6323	1
6325	1
6333	1
6336	1
6337	1
6342	2
6345	2
6346	1
6352	1
6357	2
6360	2
6362	1
6365	1
6367	1
6371	1
6372	3
6378	1
6384	1
6385	1
6386	2
6390	1
6391	2
6393	1
22777	1
6396	1
6398	1
6401	1
6405	1
6407	3
6408	1
6411	1
6417	2
6419	1
6423	2
6424	1
6425	1
6429	1
6432	1
6434	1
6436	1
6438	1
6441	1
6442	1
6443	1
6444	1
6445	1
6448	1
6449	1
6451	1
6454	1
6458	1
6468	2
22854	1
6471	1
6473	1
6477	2
6480	3
6484	2
6487	1
6489	1
6491	1
6493	1
6494	1
6502	1
6504	1
6505	2
6508	1
6509	1
6512	1
6513	1
6514	1
6516	2
6517	1
6520	1
6523	1
6526	2
6532	2
6534	1
6536	1
6537	1
6542	1
6543	1
22931	1
6548	1
6554	1
6558	1
6559	1
6562	2
6569	2
6570	1
6575	1
6576	1
6578	2
6582	1
6583	1
6584	1
6585	1
6592	1
6596	1
6602	1
6604	1
6608	1
6611	2
6612	1
6617	1
6618	2
6619	1
6621	2
6629	2
6630	1
6633	1
6638	1
6639	1
6641	1
6643	1
6644	1
6645	2
6646	1
6647	1
6652	1
6653	1
6654	1
6657	2
6661	1
6662	1
6664	1
6665	1
6668	1
6675	2
6677	1
6680	1
6682	2
6686	1
6688	1
6689	2
6695	2
6697	2
6699	1
6702	1
6703	1
6704	2
6705	1
6708	2
6709	1
6710	1
6714	2
6715	1
6730	2
6732	2
6740	1
6745	1
6750	1
6752	1
6760	1
6761	1
6764	1
6772	1
23159	1
6777	1
6778	1
6783	1
6791	1
6796	1
6800	1
6801	1
6802	1
6804	1
6809	1
6810	2
6813	1
6814	1
6815	1
6816	1
6828	1
6832	1
6835	1
6838	1
6841	2
6843	1
6846	1
6854	1
6862	1
6863	1
6865	1
6866	1
6872	1
6873	1
6875	2
6876	1
23261	1
6878	1
6879	1
6881	1
6883	1
6884	1
6891	1
23279	1
6899	1
6901	2
6902	2
6904	1
6907	1
6908	2
6917	3
6924	1
6927	1
6931	1
6934	2
6937	2
6939	2
6942	1
6943	1
6953	1
6959	1
6960	1
6966	1
6969	1
6970	1
6974	1
6975	2
6976	1
6982	1
6990	1
6993	1
6996	1
7000	2
7002	1
7004	3
7005	1
7006	1
7008	1
7009	1
7012	1
7014	1
7019	1
23410	1
7027	1
7030	2
7031	1
7042	1
7043	1
7047	1
7053	1
7056	1
7069	1
7072	1
23467	1
7086	1
23470	1
7087	1
7090	1
7093	1
7099	1
7100	1
7101	1
7104	1
7105	1
7107	2
7110	1
23494	1
7112	1
7114	1
7116	1
7117	1
7118	1
7122	1
7124	1
7131	1
7134	2
7135	1
7136	3
7140	1
7148	1
7149	1
7150	1
7153	1
7154	1
7156	1
7157	1
7160	1
7161	1
7162	1
7165	1
7173	1
7180	1
7181	1
7185	1
7187	1
7189	1
7190	1
7191	2
7195	2
7198	1
7200	1
7202	1
7203	1
7205	1
7210	1
7212	1
7213	2
7216	1
7224	1
7228	2
7232	1
7234	1
7236	1
7243	1
7244	1
7251	1
7252	1
7256	1
7257	1
7264	1
7268	1
7274	1
7275	1
7276	1
7279	1
7280	1
7286	1
7288	1
7290	1
7300	1
7301	1
7303	1
7307	1
7319	2
7320	1
7323	1
7325	1
7326	1
7335	1
7336	1
23721	1
7339	1
7343	1
7345	1
7348	1
7350	1
7353	1
7354	1
7356	1
7357	1
7359	1
7363	1
7366	1
7368	1
7369	1
7372	1
7373	1
7378	2
7383	2
7394	1
7395	1
7398	1
7399	2
7400	1
23787	1
7406	1
7407	1
7409	1
7414	1
7418	1
7423	1
7425	2
7428	1
7431	1
7433	1
7435	1
7439	1
7441	1
7443	1
7448	2
23833	1
7451	2
7455	2
7456	2
7460	1
7464	1
7465	1
7469	1
7470	1
7472	1
7473	1
7482	2
7488	1
7490	2
7491	2
7492	1
7498	1
7499	1
7502	1
7507	1
7509	1
7513	1
7514	1
7519	1
7526	1
7527	1
7528	1
7529	1
7532	1
7535	1
7538	1
7549	1
7552	1
7557	2
7558	1
7559	3
7561	1
7567	2
7570	1
7574	1
7575	1
7581	1
7586	1
7591	2
7592	1
7593	1
7594	1
7596	1
7597	2
7599	1
7600	1
7603	2
7606	1
7609	1
7621	1
7623	1
7624	1
7626	1
7628	1
7630	1
7634	1
7635	1
7636	1
7638	1
7643	1
7645	1
7647	2
7651	2
7652	1
7655	1
7656	1
7663	1
7665	1
7667	1
7668	1
7669	1
7677	1
7679	1
7681	1
7687	1
7692	1
7697	1
7699	1
7708	1
7720	1
7721	1
7730	1
7731	1
7740	1
7742	1
7743	1
7750	1
7751	1
7755	1
7757	1
7758	1
7759	1
7761	1
7764	1
7765	1
7771	1
7774	1
7775	2
7778	1
7780	1
7785	2
7786	1
7788	1
7791	1
7797	1
7801	1
7804	1
7812	1
7813	1
7814	1
7818	1
7820	1
7821	1
7822	1
7823	2
7825	1
7828	1
7830	1
7833	1
7838	1
7842	1
7846	1
7850	1
7851	1
7854	2
7855	1
24241	1
7860	1
7862	1
7863	1
7864	1
24253	1
7870	1
7872	1
7875	1
7877	1
7879	1
7880	1
7881	1
7883	1
7885	1
7893	1
7902	1
7903	1
7906	1
7909	1
7911	1
7913	1
7918	1
7922	1
7932	1
7935	1
7936	2
7938	1
7940	1
7941	2
7944	1
7948	1
7961	1
7971	1
7972	1
7975	1
7978	1
7980	2
7981	1
7992	1
7993	2
8000	1
8009	1
8016	1
8024	2
8030	2
8035	1
8042	1
8044	1
8045	1
8056	1
8057	1
8058	1
8062	2
8069	1
8076	1
8077	1
8079	1
8080	1
8084	3
8085	1
8087	1
8093	1
8094	1
8098	2
24487	1
8108	1
8118	1
8119	1
8123	1
8128	1
8137	1
8139	1
8142	1
8145	1
8146	1
8147	1
8161	1
8162	1
8163	1
8165	1
8169	1
8175	1
8183	1
8195	1
8199	1
8204	2
24589	1
8208	1
8210	1
8214	1
8216	1
8219	1
8220	1
8226	1
8229	1
8232	1
8236	2
8244	1
8252	1
8254	1
8256	1
8262	1
8263	1
8268	1
8269	1
8270	1
8277	1
8282	1
8285	1
8286	2
8292	1
8308	1
8318	1
8319	1
8321	2
8327	1
8330	1
8332	1
8333	2
8336	1
8338	1
8340	1
8345	1
8346	1
8349	1
8354	1
8365	1
8367	2
8377	1
8384	1
8385	1
8387	1
8405	1
8412	1
8415	1
8421	1
8428	1
8433	1
8438	1
8439	1
8440	2
8441	1
8443	2
8444	2
8447	1
8454	1
8460	1
8463	1
8464	1
8469	3
8473	1
8476	1
8478	1
8484	1
8487	1
8488	1
8492	1
8497	1
8508	1
8510	1
8518	1
8520	1
8521	2
8524	1
8530	1
8534	2
8536	1
8545	1
8546	1
8547	1
8548	1
8556	1
8558	1
8561	1
8565	1
8568	1
8570	1
8571	1
8577	1
8589	1
8590	1
24975	1
8592	1
8595	1
24982	1
8599	1
8604	2
8605	1
8615	1
8616	1
8619	1
8625	1
8631	1
8632	1
8638	1
8640	2
8644	1
8651	1
8668	1
8671	1
8674	1
8684	1
8691	1
8692	1
8696	1
8703	1
8705	2
8707	2
8711	1
8717	1
8718	1
8738	1
8739	1
8740	1
8741	1
8753	1
8757	1
8762	1
8763	1
8772	1
8780	1
8781	1
8782	1
8787	1
8788	1
8807	1
8811	1
8817	1
8818	1
8823	1
8833	1
8835	1
8848	1
8849	1
8860	1
8862	1
8863	1
8868	1
8870	1
8873	1
8879	1
8880	1
8881	1
8883	1
8884	1
8886	1
8887	1
8889	1
8895	1
8896	1
8897	1
8901	1
8902	1
8909	1
8914	1
8918	1
8921	1
8922	1
8930	1
8945	1
8950	1
8959	1
8965	2
8968	1
8971	1
8978	1
8983	1
8999	1
9000	1
9008	1
9010	1
9012	1
9015	1
9024	1
9025	1
9027	1
9029	1
9030	1
9032	1
9037	1
9041	1
9048	1
9055	1
9056	1
9057	1
9062	1
9068	1
9073	1
9077	2
9085	2
9087	1
9090	1
9091	1
9098	1
9116	1
9121	1
9124	1
9130	1
9139	1
9153	1
9157	1
9160	2
9174	1
9175	1
9184	1
9193	2
9196	1
9197	1
9201	1
9208	1
9209	1
9216	1
9218	1
9220	1
9225	1
9228	1
9231	1
9234	1
9237	1
9243	1
9248	1
9249	1
9254	1
9255	2
9259	1
9262	1
9266	1
9271	1
9279	2
9283	2
9287	1
9288	1
9293	2
9299	1
9300	1
9303	1
9312	1
9313	1
9317	1
9322	1
25717	1
9334	1
9337	1
9340	1
9342	1
9344	1
9351	1
9352	1
9362	1
9375	1
9380	3
9382	1
9386	1
9393	1
9401	1
9410	1
9414	1
9415	1
9422	1
9427	1
9430	2
9433	1
9443	1
9444	1
9454	1
9456	1
9466	2
9469	2
9475	1
9480	1
9481	1
9484	3
9488	1
9489	1
9492	1
9493	1
9502	2
9503	1
9515	1
9516	1
9521	1
9522	1
9525	1
9526	1
9529	1
9530	1
9537	1
9541	1
9546	1
9560	2
9562	1
9563	1
9565	2
9569	1
9574	3
9581	1
9588	1
9593	1
9606	1
9608	1
9610	2
9621	2
9636	1
9639	1
9643	2
9654	2
9672	1
9681	1
9683	1
9698	1
9707	1
9709	1
9714	1
9716	1
9719	1
9721	1
9724	1
9725	2
9726	2
9733	1
9734	1
9741	1
9742	1
9756	1
9770	1
9773	1
9789	1
9796	1
9798	2
9806	2
9811	1
9814	1
9816	1
9827	1
9835	1
9836	1
9837	2
9847	1
9849	1
9853	1
9855	1
9860	1
9862	1
9863	2
9869	1
9871	1
9872	1
9876	1
9878	1
9884	1
9886	1
9889	1
9895	1
9911	1
9924	1
9925	1
9928	1
9939	1
9947	1
9967	1
9969	1
9978	1
9984	1
9988	1
9989	1
9992	1
10001	1
10002	1
10009	2
10010	1
10019	1
10020	1
10022	1
10025	1
10038	1
10040	1
10048	1
10050	1
10058	1
10073	1
10076	1
10086	1
10090	2
10091	1
10098	1
10100	2
10115	1
10141	1
10157	1
10166	2
10167	1
10170	1
10177	1
10179	1
10187	1
10189	1
10195	1
10199	1
10202	1
10203	1
10206	1
10217	1
10231	1
10249	1
10252	1
10257	1
10267	1
10269	1
10272	1
10286	1
10289	1
10294	2
10296	1
10299	1
10300	1
10302	1
10308	1
10311	1
10314	1
10317	1
10321	2
10324	1
10326	1
10330	1
10339	1
10340	2
10343	1
10349	1
10368	1
10369	1
10377	1
10379	1
10383	1
10412	1
10417	1
10424	1
10426	1
10429	1
10430	1
10445	1
10446	1
10453	1
10454	1
10456	1
10458	1
10481	1
10483	1
10487	1
10489	1
10492	1
10495	1
10501	1
10514	1
10516	1
10524	1
10526	1
10533	1
10544	1
10547	1
10548	1
10553	1
10560	1
10573	1
10576	1
10577	1
10590	1
10612	2
10618	1
10619	1
10622	1
10623	1
10630	1
10635	1
10640	1
10641	1
10649	1
10652	1
10654	1
10656	1
10661	2
10662	1
10664	1
10666	1
10681	1
10685	1
10692	1
10719	2
10724	1
10726	1
10749	1
10751	1
10753	1
10756	1
10770	1
10773	1
10784	2
10794	1
10796	1
10798	1
10809	1
10817	1
10822	2
10829	1
10833	1
10836	1
10841	1
10857	1
10862	2
10867	1
10876	1
10886	1
10890	1
10892	1
10898	4
10899	1
10904	1
10913	1
10916	1
10919	1
10924	1
10926	1
10929	1
10931	1
10937	1
10940	1
10945	1
10953	1
10957	1
10960	1
10964	1
10966	1
10973	1
10974	1
10989	1
11005	1
11007	1
11015	1
11024	1
11025	1
11033	2
11034	1
11035	1
11036	1
11046	1
11059	1
11063	1
11071	1
11074	1
11075	1
11088	1
11094	2
11104	2
11109	1
11121	1
11127	1
11133	1
11144	1
11145	1
11146	1
11147	1
11153	1
11156	1
11179	1
11180	1
11187	1
11188	1
11192	1
11194	1
11205	2
11218	1
11219	1
11225	1
11227	1
11233	1
11252	1
11255	1
11263	1
11264	1
11266	1
11280	1
11283	1
11299	1
11305	1
11308	1
11312	1
11319	1
11350	1
11356	1
11363	1
11364	1
11367	1
11368	1
11371	1
11378	2
11382	1
11395	1
11399	1
11416	1
11419	1
11420	1
11421	1
11423	1
11430	1
11431	1
11449	1
11460	1
11463	1
11468	1
11474	1
11482	1
11483	1
11486	1
11493	2
11496	1
11507	1
11518	1
11554	1
11556	1
11564	1
11577	1
11582	2
11599	1
11602	1
11604	1
11618	1
11622	1
11624	1
11631	1
11632	1
11639	1
11643	1
11651	1
11659	1
11660	2
11672	1
11674	1
11679	1
11691	1
11692	1
11706	1
11708	1
11717	1
11724	1
11735	1
11744	1
11750	1
11774	1
11778	1
11782	1
11783	1
11784	1
11811	1
11832	1
11834	1
11837	1
11844	1
11849	1
11871	1
11883	1
11891	1
11892	1
11899	1
11902	1
11907	1
11910	1
11917	1
11927	1
11951	1
11972	1
11976	1
12016	1
12018	1
12020	1
12022	2
12071	1
12074	1
12078	1
12079	1
12089	1
12093	1
12100	1
12110	1
12124	1
12138	1
12143	2
12174	1
12176	1
12182	2
12187	1
12202	1
12226	1
12228	1
12235	1
12240	1
12245	1
12262	1
12273	2
12276	1
12287	1
12289	1
12292	1
12294	1
12296	1
12298	1
12308	1
12310	1
12312	1
12314	1
12323	1
12326	1
12328	1
12334	1
12335	1
12339	2
12340	1
12359	1
12363	1
12368	1
12376	1
12380	1
12404	2
12416	1
12417	1
12421	1
12423	1
12438	1
12440	1
12459	1
12460	2
12463	1
12465	1
12472	1
12477	1
12480	1
12483	1
12484	1
12486	1
12492	1
12500	1
12514	1
12518	1
12538	1
12549	1
12550	1
12554	2
12555	1
12569	1
12571	2
12577	1
12581	1
12585	1
12586	1
12602	1
12615	1
12626	1
12634	1
12643	1
12646	1
12652	1
12653	1
12657	1
12669	1
12674	1
12678	2
12688	1
12704	1
12713	1
12727	1
12740	1
12755	1
12763	1
12782	1
12788	1
12793	1
12797	1
12818	1
12824	2
12829	1
12833	1
12854	1
12856	1
12863	1
12868	2
12870	1
12871	1
12872	2
12891	1
12892	1
12897	1
12922	1
12933	1
12954	1
12956	1
12960	1
12974	1
12979	1
12986	1
13006	1
13015	1
13035	1
13042	1
13047	1
13052	2
13074	1
13107	1
13123	1
13124	1
13128	1
13136	1
13147	1
13155	1
13156	1
13166	1
13172	1
13208	1
13236	1
13245	1
13259	1
13265	1
13292	1
13300	1
13304	1
13344	1
13346	1
13356	1
13357	1
13363	1
13365	2
13366	1
13367	1
13371	1
13383	1
13394	1
13399	1
13407	1
13410	1
13424	1
13428	1
13429	1
13442	1
13457	1
13470	1
13491	2
13492	1
13495	1
13502	1
13515	1
13528	1
13546	2
13553	2
13562	1
13568	1
13586	1
13587	1
13617	1
13622	1
13625	1
13652	1
13661	1
13671	1
13682	1
13694	1
13709	1
13715	1
13736	1
13743	1
13745	1
13756	2
13778	1
13785	1
13803	1
13804	1
13808	2
13819	1
13843	1
13868	1
13869	2
13873	2
13898	1
13900	1
13908	1
13910	1
13926	1
13966	1
13967	1
13981	1
13989	1
13993	1
14000	1
14016	1
14018	1
14027	2
14032	1
14033	1
14036	1
14038	2
14044	1
14046	1
14047	1
14062	1
14066	1
14076	1
14081	1
14082	1
14086	1
14089	1
14108	1
14110	1
14117	1
14124	1
14141	1
14152	2
14153	1
14157	1
14162	1
14172	1
14179	1
14180	1
14181	1
14188	1
14191	1
14201	1
14214	1
14219	1
14230	1
14245	1
14246	1
14252	1
14253	1
14285	2
14288	1
14296	1
14303	1
14307	1
14312	1
14333	1
14335	1
14337	1
14343	1
14349	1
14350	1
14358	1
14361	1
14362	1
14363	1
14376	1
14383	1
14397	1
14404	1
14405	1
14409	1
14413	1
14414	1
14419	1
14422	1
14424	1
14429	1
14434	1
14445	1
14456	1
14458	1
14490	1
14493	1
14494	1
14500	1
14503	1
14522	1
14523	1
14527	1
14528	1
14540	1
14541	1
14544	1
14549	1
14551	1
14561	3
14567	1
14575	1
14578	1
14579	1
14586	1
14590	1
14597	1
14601	1
14607	1
14611	1
14612	1
14616	1
14641	1
14648	1
14651	1
14658	1
14673	1
14695	1
14702	1
14703	1
14709	1
14710	1
14723	2
14740	1
14746	1
14763	1
14768	1
14772	1
14776	1
14790	1
14793	1
14798	1
14815	1
14841	1
14843	2
14861	2
14864	1
14874	1
14881	1
14889	1
14890	1
14902	1
14921	1
14933	1
14954	1
14961	1
14996	1
14999	1
15000	1
15001	1
15021	1
15032	1
15052	1
15055	1
15061	1
15062	1
15069	2
15072	1
15079	1
15090	1
15118	1
15127	1
15147	1
15149	1
15152	1
15162	1
15189	1
15193	1
15201	1
15204	1
15235	1
15239	1
15240	1
15248	1
15256	1
15293	1
15319	1
15321	1
15338	1
15349	1
15355	1
15368	1
15392	1
15394	1
15407	1
15409	1
15439	1
15456	1
15465	1
15467	1
15469	1
15488	1
15490	1
15495	1
15499	1
15506	1
15520	2
15541	1
15542	1
15554	1
15558	1
15588	1
15599	1
15602	1
15609	1
15610	1
15613	1
15614	2
15633	1
15643	1
15659	1
15669	1
15671	1
15688	1
15699	1
15718	1
15728	1
15749	1
15768	1
15769	1
15778	1
15784	1
15787	1
15788	1
15801	1
15806	1
15810	1
15817	1
15822	1
15840	1
15856	1
15865	1
15870	1
15873	1
15879	1
15901	1
15932	1
15965	1
15976	1
15989	1
15995	1
16003	1
16038	1
16040	1
16044	1
16053	1
16057	1
16060	1
16119	1
16153	1
16173	1
16187	1
16191	1
16211	1
16212	1
16215	1
16236	1
16247	1
16248	1
16252	1
16280	1
16291	2
16309	1
16310	1
16336	1
16364	1
16365	1
16375	1
16376	1
16381	1
