1	6
2	8
3	5
4	6
5	2
6	1
7	1
8	3
9	3
10	1
11	4
12	3
13	2
14	1
15	5
16	5
17	6
18	9
19	5
20	5
21	6
22	7
23	2
24	6
25	5
26	4
27	5
28	5
29	7
30	6
31	8
32	8
33	4
34	7
35	5
36	5
37	5
38	7
39	4
40	3
41	3
42	9
43	2
44	8
45	7
46	7
47	6
48	5
49	6
16433	1
50	5
16434	1
51	3
52	3
53	7
54	3
55	5
56	4
57	4
58	4
59	3
60	7
61	1
62	6
63	3
64	4
65	6
66	2
67	10
69	4
16453	1
70	4
71	3
72	2
73	4
74	6
75	3
76	4
77	3
16461	1
78	5
79	5
80	2
81	2
82	4
83	2
84	3
85	2
86	9
87	5
88	4
89	3
90	3
91	6
92	9
16476	1
93	5
94	5
95	6
96	3
97	1
98	3
99	3
100	2
101	2
102	7
103	4
104	4
105	1
106	2
107	3
108	7
109	3
110	2
111	4
112	4
113	2
114	4
115	4
116	5
117	8
16501	1
118	4
119	3
120	5
121	7
122	4
123	4
124	7
125	6
126	6
127	3
128	8
129	5
130	2
131	6
132	5
133	3
134	6
135	4
136	4
16520	1
137	3
139	4
16524	1
140	8
141	4
142	3
143	4
144	4
145	3
146	1
147	3
148	5
149	6
150	4
151	4
152	5
153	5
154	8
155	4
156	6
157	4
158	5
159	5
160	3
161	6
162	5
163	8
164	5
165	2
166	1
16550	1
167	3
168	4
169	1
170	6
171	5
16555	1
172	2
173	4
174	4
175	5
176	5
177	6
16561	1
178	4
179	4
180	3
181	2
182	5
183	4
184	6
185	1
186	5
187	6
16571	1
188	5
189	6
190	7
191	5
192	8
193	2
194	5
195	4
196	5
197	9
198	6
199	5
200	9
201	6
202	4
203	6
204	4
205	3
206	3
208	4
209	4
210	8
211	5
212	5
213	2
214	7
215	4
216	5
217	4
218	7
219	6
220	4
221	6
222	3
223	3
224	5
16608	1
225	4
226	5
227	3
228	9
229	3
230	5
231	9
232	5
233	7
234	4
235	6
236	4
237	5
238	4
239	8
240	3
241	5
16625	1
242	7
243	3
244	10
245	3
246	4
247	3
248	6
249	3
250	5
251	6
252	5
253	4
254	7
255	7
256	3
257	4
258	4
259	4
260	10
261	5
262	4
263	2
265	3
266	5
16650	1
267	7
268	3
269	5
270	3
271	2
272	5
273	4
274	8
16658	1
275	7
276	5
16660	1
277	2
278	8
279	3
280	5
281	4
16665	1
282	5
283	5
284	9
285	8
286	5
287	5
288	4
289	7
290	6
291	7
292	6
293	5
294	4
295	6
296	5
297	5
298	6
299	5
300	7
301	8
302	3
303	4
304	8
305	7
306	3
307	3
308	7
309	3
16693	1
310	5
311	8
312	4
313	4
314	4
315	6
316	3
317	5
318	4
319	6
320	4
322	8
323	7
324	2
325	3
326	3
327	4
328	5
329	6
330	11
331	4
332	7
333	1
334	1
335	7
16719	1
336	6
337	5
338	6
339	5
340	4
341	5
342	6
343	4
344	6
345	10
346	7
347	2
348	8
16732	1
349	6
350	7
351	2
352	6
353	7
354	2
355	7
356	2
357	3
358	6
359	7
360	5
361	6
362	3
363	2
364	3
365	7
366	4
367	7
368	5
369	6
370	6
371	2
372	9
373	6
374	7
375	4
376	3
377	6
378	3
379	7
380	6
381	5
382	7
383	7
384	6
385	4
386	5
387	4
388	6
389	7
390	6
391	1
392	4
393	5
394	2
395	4
396	3
397	4
398	7
399	7
400	4
401	7
402	8
403	6
404	7
405	7
406	5
407	6
408	7
409	5
410	2
411	5
412	7
413	5
414	2
415	5
416	7
417	3
418	3
419	3
420	4
421	10
422	5
423	7
424	6
425	2
426	4
427	3
428	4
429	10
430	11
431	6
432	7
433	2
435	7
436	3
437	3
438	8
439	4
16823	1
440	8
441	6
442	8
16826	1
443	7
444	10
445	6
446	2
447	5
448	3
449	6
450	2
451	7
452	5
453	3
454	7
455	4
456	5
457	4
458	8
459	4
460	5
461	7
462	5
463	6
464	9
465	5
466	7
16850	1
467	3
468	6
16853	1
469	7
470	8
471	3
472	5
473	4
474	6
475	1
476	3
477	4
478	5
479	3
480	7
481	7
482	8
16867	1
483	9
16868	1
484	3
485	5
486	7
487	6
488	7
489	6
490	7
491	4
492	5
493	5
494	4
495	3
497	6
498	4
499	3
500	9
16884	1
501	1
502	7
503	6
504	5
505	10
506	5
507	6
508	6
509	2
510	8
511	2
512	4
513	12
16898	1
514	4
515	4
516	6
517	2
518	1
519	5
520	5
521	4
522	2
523	5
524	6
525	6
526	6
527	4
528	3
529	6
530	4
531	2
532	7
533	5
534	2
535	7
536	1
537	6
538	8
539	9
540	3
541	5
542	5
543	4
544	6
545	8
546	2
547	5
548	6
549	3
550	9
551	6
552	5
16936	1
553	5
554	1
555	4
556	3
557	4
16941	1
558	5
559	4
560	5
561	2
562	3
563	6
564	6
565	7
566	4
567	3
568	5
569	6
570	4
571	10
572	8
573	7
574	5
575	5
576	5
577	4
578	2
579	7
580	1
581	4
582	6
583	5
584	5
585	2
586	2
587	2
588	5
589	6
590	7
591	5
592	4
593	4
594	2
595	3
596	5
597	4
598	5
599	5
600	5
601	2
602	7
603	4
604	4
605	5
606	5
607	4
608	5
609	3
610	3
611	7
612	5
613	4
614	3
615	4
616	7
17000	1
617	6
618	5
619	8
620	3
621	4
622	6
623	4
624	3
625	5
626	6
627	4
628	4
629	6
630	2
631	4
632	3
633	6
634	3
635	6
636	5
637	4
638	7
639	6
640	5
641	9
642	3
643	5
644	4
645	8
646	2
17030	1
647	5
648	2
649	8
650	5
651	3
652	12
653	7
654	4
655	5
17039	1
656	5
657	6
658	5
659	8
660	3
661	7
662	5
663	8
664	2
665	2
666	4
667	5
668	7
669	7
670	4
671	2
672	7
673	4
17057	1
674	2
675	2
676	5
677	3
678	6
679	3
680	5
681	1
682	8
683	5
684	4
685	8
686	4
687	3
688	5
689	8
690	3
691	5
692	5
693	3
694	4
695	3
696	1
697	1
698	6
699	3
700	6
701	10
702	4
703	3
704	6
705	6
706	4
707	6
708	1
709	8
710	6
711	5
712	4
713	3
714	5
715	2
716	7
718	2
719	7
720	3
721	6
722	7
723	4
724	4
725	5
726	9
727	5
728	4
729	4
730	3
17114	1
731	5
732	5
733	4
734	5
735	8
736	3
737	5
738	1
739	4
740	3
741	4
742	8
743	6
744	8
745	2
746	6
747	5
748	2
749	3
750	8
751	6
752	3
753	4
754	7
755	8
756	4
757	7
758	2
759	7
760	2
761	5
762	3
763	4
764	4
765	1
766	2
767	7
768	3
769	4
770	6
771	6
772	5
773	2
774	5
775	3
776	2
777	5
778	3
779	6
17163	1
780	4
781	6
782	2
783	7
784	8
785	10
786	9
787	3
788	5
789	7
790	7
791	5
792	6
793	2
794	6
795	4
796	8
797	5
798	5
799	1
800	5
17184	1
802	2
803	7
804	7
805	5
806	2
807	5
808	5
809	5
810	7
811	2
812	5
813	5
814	6
815	5
816	3
817	5
818	2
819	5
820	2
17204	1
821	1
17205	1
822	5
823	8
824	7
825	8
826	3
827	7
828	5
829	5
830	7
831	4
832	10
833	4
834	2
835	2
836	2
837	6
838	6
839	1
840	1
841	5
842	3
843	5
844	5
845	3
846	3
847	6
848	4
849	5
850	4
851	7
852	6
853	11
854	7
855	4
17239	1
856	5
857	3
858	8
859	7
860	2
861	5
862	6
863	5
864	2
865	4
866	6
867	3
868	3
869	3
870	2
871	2
872	6
873	3
874	3
875	3
876	5
877	5
878	6
879	4
880	4
881	5
882	6
883	5
884	6
885	4
886	5
887	1
888	7
889	5
890	8
17274	1
891	5
892	5
893	11
894	6
895	1
896	5
897	3
898	9
899	6
900	2
901	4
902	2
903	4
904	7
905	6
906	4
907	3
908	3
909	5
910	3
911	4
912	3
913	4
914	4
915	3
916	6
917	10
918	6
919	3
17303	1
920	4
921	2
922	3
923	2
924	7
926	7
927	2
928	1
929	6
930	1
931	6
932	5
933	8
17317	1
934	5
935	1
936	8
937	3
938	9
939	9
940	4
941	6
942	3
17326	1
943	6
944	2
17328	1
945	4
946	1
17330	1
947	5
948	4
949	5
17333	1
950	7
951	5
17336	1
952	4
953	4
954	4
955	9
956	4
957	8
958	6
959	8
960	5
961	11
962	7
963	5
17347	1
964	5
17348	1
965	5
966	5
967	1
968	7
969	4
970	3
971	6
972	5
17357	1
973	1
974	8
975	4
976	8
977	5
978	3
979	7
980	3
981	4
982	1
983	9
984	4
985	2
986	3
987	6
988	8
989	4
990	5
991	3
992	9
993	7
994	3
995	4
996	5
997	3
998	3
999	2
1000	6
17384	1
1001	5
1002	3
1003	6
1004	5
1005	4
1006	6
1007	7
1008	5
1009	3
1010	2
1011	3
1012	8
1013	6
1014	7
17398	1
1015	2
1016	1
1017	5
17401	1
1018	7
1019	3
1020	3
1021	7
1022	4
1023	4
1024	5
1025	6
1026	2
1027	7
1028	6
1029	3
1030	6
1031	8
1032	2
1033	4
1034	4
17418	1
1035	3
1036	3
1038	8
1039	5
1040	5
1041	7
17425	1
1042	1
1043	4
1044	4
1045	7
1046	6
1047	4
1048	7
1049	9
17433	1
1050	4
1051	1
1052	4
1053	5
1054	3
1055	5
1056	3
1057	5
1058	4
1059	7
1060	5
1061	7
1062	6
1063	5
1064	6
1065	2
1066	7
1067	2
1068	2
1069	11
1070	4
1071	5
1072	3
1073	4
1074	7
1075	10
1076	5
1077	6
1078	6
1079	7
1080	6
1081	6
1082	4
1083	6
1084	5
1085	7
1086	3
1087	3
1088	7
1089	7
1090	5
17474	1
1091	1
1092	2
1093	6
1094	5
1095	6
17479	1
1096	4
1097	4
1098	3
1099	1
1100	2
1101	1
1102	9
1103	3
1104	2
17489	1
1105	3
1106	5
1107	5
1108	4
1110	4
1111	5
1112	5
1113	6
1114	7
1115	3
1116	3
1117	4
1118	2
1119	6
1120	5
1121	3
1122	3
1123	6
1124	5
1125	7
1126	8
1127	9
1128	4
1129	4
1130	4
1131	5
1132	3
1133	7
1134	6
1135	4
1136	3
1137	7
1138	5
17522	1
1139	3
1140	5
1141	5
1142	2
1143	4
1144	7
1145	9
1147	10
1148	2
1149	7
1150	1
1151	5
1152	4
1153	6
1154	6
1155	9
1156	2
1157	6
1158	3
1159	5
1161	3
1162	5
1163	7
17547	1
1164	3
1165	5
1166	5
17550	1
1167	6
1168	8
1169	4
1170	6
1171	3
1172	3
1173	5
1174	3
1175	5
1176	6
1177	7
1178	6
1179	2
1180	4
1181	7
1182	10
1183	10
1184	5
1185	4
1186	4
1187	9
1188	4
1189	3
1190	4
1191	6
1192	3
1193	2
1194	6
1195	8
1196	9
1197	6
1198	6
17582	1
1199	5
1200	7
1201	6
1202	9
17586	1
1203	4
1204	4
1205	3
1206	3
1207	3
1208	6
1209	9
1210	6
1211	4
1212	5
1213	6
1214	2
1215	5
1216	5
1217	4
1218	7
1219	9
1220	6
1221	7
1222	4
1223	5
1224	6
1225	11
1226	5
1227	1
1228	9
1229	6
1230	3
1231	4
1232	4
1233	7
1234	2
1235	3
1236	2
1237	3
1238	4
1239	5
1240	5
1241	9
1242	7
1243	4
1244	8
1245	3
1246	8
1247	6
1248	4
1249	6
1250	6
1251	3
1252	4
1253	4
1254	5
1255	7
1256	6
1257	2
1258	2
1259	5
1260	5
17644	1
1261	6
1262	2
1263	7
1264	3
1265	4
1266	3
1267	5
1268	6
17652	1
1269	4
1270	3
1271	3
1272	9
1273	3
1274	2
1275	2
17659	1
1276	8
1277	4
1278	4
1279	6
1280	9
1281	4
1283	5
1284	5
17668	1
1285	2
1286	3
1287	5
1288	6
1289	6
1290	6
1291	4
1292	4
1293	8
1294	3
1295	4
1296	4
1297	4
1298	7
1299	5
1300	3
1301	4
1302	11
17687	1
1303	4
1304	4
1305	10
1306	6
1307	2
1308	3
1309	6
1310	5
1311	1
1312	4
1313	4
1314	2
1315	6
1316	4
1317	6
1318	7
1319	2
1320	4
1321	9
1322	9
1323	4
1324	3
1325	9
1326	5
1327	4
1328	5
1329	2
1330	4
1331	3
1332	2
1333	7
1334	6
1335	6
1336	8
1337	2
1338	7
1339	4
1340	4
1341	3
1342	5
1343	6
1344	5
17729	1
1345	4
1346	5
1347	4
1348	3
1349	2
1350	2
1351	3
1352	3
1353	6
1354	3
1355	4
17739	1
1356	10
1357	9
1358	3
1359	6
1360	2
1361	3
1362	5
1363	8
1364	2
1365	3
1366	5
1367	1
1368	3
1369	7
1370	8
17755	1
1371	3
1372	1
1373	4
1374	1
1375	5
1376	8
1377	7
1378	4
1379	2
1380	4
17764	1
1381	4
1382	6
1383	2
17767	1
1384	5
1385	6
1386	1
1387	6
1388	8
1389	10
1390	10
1391	3
1392	5
1393	5
1394	7
1395	5
1396	4
1397	9
1398	1
1399	4
1400	4
1401	8
1402	2
1403	8
1404	2
17788	1
1405	6
1406	3
1407	4
1408	3
1409	7
1410	5
1411	3
1412	8
1413	4
1414	3
1415	9
1416	5
1417	8
1418	5
1419	3
1420	6
1421	6
1422	4
1423	5
1424	11
1425	6
1426	4
1427	3
1428	5
1429	4
1430	2
17814	1
1431	10
1432	4
1433	2
1434	5
1435	5
1436	4
1437	7
1438	2
1439	4
1440	4
1441	3
1442	5
1443	6
1444	2
1445	5
1446	4
1447	6
1448	4
1449	6
1450	2
1451	8
1452	2
1453	3
1454	11
1455	6
1456	4
1457	4
1458	5
1459	5
1460	3
1461	4
1462	6
1463	7
1464	4
1465	8
1466	1
1467	4
1468	5
1469	6
1470	4
1471	4
17855	1
1472	9
1473	9
1474	5
1475	3
1476	6
1477	4
1478	6
1479	8
1480	2
1481	4
1482	5
1483	3
1484	5
1485	1
1486	2
1487	10
1488	5
1489	5
1490	8
1491	2
1492	2
1493	4
1494	3
1495	4
1496	2
17880	1
1497	7
1498	11
1499	2
1500	6
1501	5
17885	1
1502	5
1503	5
1504	5
17888	1
1505	3
1506	3
1507	7
1508	9
1509	4
17893	1
1510	7
1511	4
1512	2
1513	6
1514	4
1515	8
1516	8
1517	4
1518	3
1519	5
1520	6
1521	4
1522	6
1523	1
1524	3
1525	3
1526	8
1527	6
1528	4
1529	2
1530	5
1531	5
1532	4
1533	5
1534	5
1535	7
1536	4
1537	4
1538	3
1539	7
1540	7
1541	10
1542	3
1543	8
1544	6
1545	12
17929	1
1546	6
1547	8
1548	5
1549	4
1550	3
1551	9
1552	3
1553	2
1554	6
1555	3
1556	3
1557	4
1558	3
1559	6
1560	3
1561	4
1562	4
1563	3
1564	7
1565	4
1566	6
17950	1
1567	7
1568	3
1569	4
1570	4
1571	3
1572	3
1573	5
1574	4
1575	5
1576	4
1577	8
1578	2
1579	4
1580	9
1581	6
1582	5
1583	8
1584	2
1585	2
1586	1
1587	4
1588	5
17972	1
1589	9
1590	3
1591	4
1592	6
1593	7
1594	4
17978	1
1595	3
1596	9
1597	5
1598	3
1599	5
1600	6
1601	4
1602	4
1603	8
1604	5
1605	5
1606	2
1607	6
1608	7
1609	3
1610	5
1611	6
1612	6
1613	5
1614	7
1615	2
1616	6
1617	4
1618	5
1619	9
1620	2
1621	4
1622	4
1623	3
1624	6
1625	4
18009	1
1626	3
1627	7
1628	5
1629	6
1630	3
1631	2
18015	1
1632	3
1633	7
1634	8
1635	6
1636	3
1637	6
1638	1
1639	3
1640	5
1641	3
1642	7
1643	12
1644	6
1645	4
1646	7
1647	3
1648	8
1649	5
18033	1
1650	3
1651	7
1652	8
1653	4
1654	4
1655	6
1656	5
1657	8
1658	3
1659	6
1660	3
1661	8
1662	2
1663	5
1664	7
1665	6
1666	6
1667	8
1668	6
1669	5
1670	4
1671	7
1672	4
1673	4
1674	4
1675	5
1676	9
1677	7
1678	6
1679	2
1680	4
1681	11
1682	3
1683	7
1684	6
1685	6
1686	4
1687	2
1688	5
1689	6
1690	7
1691	4
1692	6
1693	6
1694	9
1695	2
1696	6
1697	9
1698	7
1699	5
1700	5
1701	6
1702	4
1703	5
1704	4
1705	13
1706	4
1707	5
1708	6
1709	3
1710	5
1711	7
1712	3
1713	4
1714	4
1715	5
1716	4
1717	6
1718	2
1719	5
1720	7
1721	5
1722	2
1723	5
1724	5
1725	3
1726	5
1727	5
1728	5
1729	5
1730	8
1731	1
1732	3
1733	3
1734	1
1735	3
1736	3
1737	4
1738	5
1740	7
1741	4
1742	2
1743	9
1744	6
1745	4
1746	6
1747	2
1748	10
1749	2
1750	9
1751	5
1752	7
1753	6
1754	3
1755	5
1756	4
1757	6
1758	8
1759	2
1760	5
1761	3
1762	1
1763	7
1764	4
1765	6
1766	3
1767	2
1768	8
1769	2
1770	6
1771	6
1772	2
1773	6
1774	4
1775	5
1776	3
18160	1
1777	4
1778	5
1779	3
1780	4
1781	9
1782	4
18166	1
1783	3
1784	9
1785	5
1786	6
1787	5
1788	4
1789	10
1790	4
1791	3
1792	2
1793	5
1794	8
1795	7
1796	4
1797	3
1798	6
1799	8
1800	2
1801	5
1802	9
1803	4
1804	7
18188	1
1805	10
1806	6
1807	2
1808	5
1809	5
1810	8
1811	4
1812	2
1813	4
1814	6
1815	3
1816	3
1817	6
1818	1
1819	5
1820	7
1821	5
1822	9
1823	5
1824	4
1825	4
1826	2
1827	9
1828	3
1829	8
1830	6
1831	4
1832	5
1833	5
1834	4
1835	8
1836	5
1837	5
1838	5
1839	6
1840	5
1841	8
1842	7
1843	8
1844	4
1845	3
1846	3
1847	3
1848	4
1849	6
1850	3
1851	5
1852	6
1853	2
18237	1
1854	7
1855	3
1856	4
1857	5
1858	4
1859	3
1860	6
1861	5
1862	3
1863	7
1864	4
1865	3
1866	5
1867	5
1868	6
1869	5
1870	5
1871	4
1872	7
1873	5
1874	7
1875	4
1876	4
1877	4
1878	5
1879	4
1880	5
1881	4
1882	5
1883	5
1884	4
1885	3
1886	8
1887	8
1888	5
1889	8
1890	5
1891	3
1892	5
1893	5
1894	2
1895	6
1896	5
1897	5
1898	6
1899	7
18283	1
1900	4
1901	2
1902	4
1903	5
1904	6
1905	2
1906	5
1907	3
1908	6
1909	4
1910	5
1911	5
1912	3
1913	9
1914	4
1915	7
1916	7
1917	8
1918	7
1919	5
1920	6
1921	3
1922	6
1923	6
1924	5
1925	2
1926	8
18310	1
1927	6
1928	2
1929	10
1930	5
1931	3
1932	4
1933	7
1934	2
1935	4
1936	6
1937	9
1938	5
1939	4
1940	6
1941	9
1942	3
1943	5
1944	2
1945	3
1946	8
1947	2
1948	3
1949	3
1950	4
1951	4
1952	5
1953	8
18337	1
1954	5
1955	5
1956	5
1957	5
1958	3
1959	5
18343	1
1960	3
1961	6
1962	4
1963	7
1964	4
1965	6
1966	6
1967	4
18351	1
1968	5
1969	2
1970	4
1971	8
1972	3
1973	7
1974	4
1975	9
1976	7
1977	4
1978	6
1979	8
1980	3
1981	3
1982	4
1983	7
1984	4
1985	7
1986	3
1987	4
1988	3
1989	10
1990	6
1991	8
1992	6
1993	5
18378	1
1994	6
1995	2
1996	5
1997	4
1998	3
1999	3
2000	6
2001	2
2002	4
2003	3
2004	6
2005	4
2006	4
2007	5
2008	6
2009	6
2010	7
2011	4
2012	4
2013	8
2014	7
2015	1
2016	4
18400	1
2017	7
2018	7
2019	4
2020	6
2021	3
2022	3
2023	3
2024	6
2025	5
2026	8
2027	4
2028	5
2029	10
2030	9
2031	8
2032	4
2033	5
2034	4
2035	7
2036	6
2037	4
2038	3
2039	4
2040	9
2041	4
2042	7
2043	10
2044	7
2045	3
2046	7
2047	9
2048	2
2049	3
2050	5
2051	5
2052	7
2053	6
2054	3
2055	5
2056	3
2057	8
2058	5
2059	5
2060	8
2061	4
2062	2
2063	9
2064	3
2066	5
2067	2
2068	3
2069	8
2070	7
2071	5
2072	10
2073	5
2074	5
2075	4
2076	5
2077	4
2078	4
2079	11
2080	5
2081	3
2082	2
2083	9
2084	4
2085	4
2086	7
2087	3
2088	3
2089	4
2090	5
2091	6
2092	4
2093	8
2094	5
2095	3
2096	4
2097	10
18481	1
2098	4
2099	10
2100	7
2101	7
2102	6
2103	6
2104	7
2105	3
2106	3
2107	7
2108	4
2109	4
2110	4
2111	2
2112	2
2113	6
2114	3
2115	4
2116	3
2117	4
2118	4
2119	2
2120	4
2121	4
2122	11
2123	4
2124	4
2125	5
2126	11
2127	4
18511	1
2128	3
2129	4
2130	5
2131	3
2132	4
2133	2
2134	7
2135	9
2136	3
2137	3
2138	1
2139	5
2140	6
2141	4
18525	1
2142	4
18526	1
2143	3
2144	7
2145	5
2147	4
2148	5
2149	3
2150	6
2151	3
2152	7
2153	2
2154	4
2155	5
2156	6
2157	1
2158	4
2159	6
2160	6
2161	5
2162	6
2163	6
2164	1
2165	3
2166	10
2168	3
2169	3
2170	4
2171	7
2172	4
2173	5
2174	6
2175	11
2176	5
2177	4
2178	6
2179	3
2180	8
2181	4
2182	8
2183	7
2184	7
2185	3
2186	3
2187	4
2188	5
2189	5
2190	6
2191	4
2192	4
2193	12
2194	4
2195	9
2196	10
2197	3
2198	11
2199	8
2200	5
2201	7
2202	3
2203	3
2204	6
2205	3
2206	5
2207	6
18591	1
2208	7
2209	5
2210	4
2211	5
2212	5
2213	3
2214	3
2215	3
2216	4
2217	10
2218	4
2219	3
2220	7
2221	1
2222	5
2223	3
2224	3
2225	8
2226	8
2227	4
2228	7
2229	7
18614	1
2231	2
2232	3
2233	4
2234	6
2235	1
2236	1
2237	4
2238	8
2239	1
2240	4
2241	2
2242	6
2243	7
2244	11
18628	1
2245	6
2246	5
2247	6
2248	3
2249	3
2250	3
2251	1
2252	5
2253	7
2254	5
2255	7
2256	4
2257	3
2258	5
2259	3
2260	4
2261	6
2262	4
2263	2
2264	7
2265	6
2266	7
2267	5
2268	7
18652	1
2269	3
2270	7
2271	4
2272	6
2273	4
2274	1
2275	3
2277	3
2278	2
2279	2
2280	4
2281	5
2282	3
2283	2
2284	6
2285	7
2286	4
2287	6
2288	2
2289	1
2290	7
2291	3
2292	3
2293	6
2294	5
2295	3
2296	3
2297	3
2298	10
2299	2
2300	8
2301	4
2302	5
2303	3
2304	4
2305	3
2306	3
2307	6
2308	3
2309	6
2310	9
2311	6
2312	2
2313	9
2314	6
2315	5
2316	5
2317	7
18701	1
2318	6
2319	6
2320	6
2321	8
2322	7
2323	6
2324	8
2325	3
2326	6
2327	3
2328	5
2329	6
2330	3
2331	6
2332	2
18716	1
2333	3
2334	4
2335	6
2336	6
2337	6
2338	4
2339	5
2340	3
2341	5
2342	4
2343	6
2344	3
2345	7
2346	4
2347	2
2348	7
2349	4
2350	3
2351	5
2352	2
2353	8
2355	7
2357	4
2358	3
2359	5
2360	8
2361	2
2362	5
2363	1
2364	6
2365	6
2366	5
2367	3
2368	12
2369	4
2370	2
2371	5
2372	7
18756	1
2373	3
2374	6
2375	4
2376	6
2377	1
2378	6
2379	4
2380	1
2381	4
2382	5
2383	5
2384	4
2385	6
2386	4
2387	5
2388	6
2389	4
2390	2
2391	2
2392	10
2393	7
2394	6
2395	5
2396	8
2397	3
18782	1
2398	3
2399	4
2400	4
2401	6
2402	8
2403	1
2404	4
2405	4
2406	7
2407	2
2408	5
2409	8
2410	9
2411	5
2412	5
2413	8
2414	5
2415	7
2416	3
2417	3
2418	3
2419	6
2420	4
2421	2
2422	2
2423	6
2424	3
2425	3
2426	6
2427	2
2428	5
2429	3
2430	2
2431	3
2432	4
2433	5
2434	4
2435	6
2436	4
2437	4
2438	2
2439	6
2440	6
2441	8
2442	6
2443	4
2444	2
2445	5
18829	1
2446	4
2447	8
2448	2
2449	7
2450	5
2451	6
2452	4
2453	2
2454	5
2455	4
2456	3
2457	3
2458	5
2459	2
2460	4
2461	3
2462	6
2463	3
2464	2
2465	6
2466	8
2467	5
2468	5
2469	4
2470	8
2471	3
2472	5
2473	5
2474	11
2475	6
2476	3
2477	1
2479	3
2480	4
2481	4
2482	3
2483	9
2484	8
2485	4
18869	1
2486	2
2487	3
2488	6
2489	1
2490	2
2491	3
2492	7
2493	7
2494	11
2495	6
2496	8
2497	4
2498	5
2499	10
2500	5
2501	2
2502	1
2503	6
2504	5
2505	5
2506	6
2507	4
2508	6
2509	3
2510	2
2511	7
2512	7
2513	3
2514	1
2515	4
2516	2
2517	5
2518	4
2519	3
2520	3
2521	6
2522	3
2523	9
2524	2
2525	5
2526	2
2527	4
2528	4
2529	7
2530	5
2531	7
2532	2
2533	3
2534	2
2535	2
2536	4
2537	2
2538	7
2539	8
2540	5
2541	3
18925	1
2542	1
2543	2
2544	5
2545	8
2546	2
2548	3
2549	5
2550	6
2551	11
2552	4
2553	2
2554	5
2555	5
2556	7
2557	5
2558	7
2559	6
2560	4
2561	3
2562	4
2563	7
2564	5
2565	4
2566	3
2567	5
2568	4
2569	9
2570	7
2571	7
2572	5
2573	4
2574	2
2575	2
2576	9
2577	8
2579	5
2580	3
2581	6
2582	2
2583	3
2584	7
2585	6
2586	7
2587	5
2588	3
2589	5
2590	5
2591	2
2592	3
2593	7
2594	2
2595	3
2596	5
2597	5
2598	3
2599	2
2600	5
18984	1
2601	2
2602	6
2603	5
2604	8
2605	5
2606	4
2607	4
2608	7
2609	3
18993	1
2610	3
2611	9
2612	6
2613	7
2614	5
2615	4
2616	5
2617	5
2618	3
2619	5
2620	5
2621	3
2622	2
2623	3
2624	2
2625	5
2626	4
2627	6
2628	3
2629	4
2630	4
2631	2
2632	5
2633	10
2634	5
19018	1
2635	5
2636	4
2637	4
2638	3
2639	8
2640	8
2641	3
2642	9
2643	5
2644	4
19028	1
2645	2
2646	5
2647	5
2648	11
2649	5
2650	6
2651	10
2652	7
2653	4
2654	3
2655	3
2656	6
2657	3
2658	5
2659	7
2660	8
2661	4
2662	5
2663	5
2664	5
2665	7
2666	6
2667	3
2668	3
2669	6
2670	11
2671	4
2672	3
2673	5
2674	6
2675	3
2676	4
2677	2
2678	7
2679	2
2680	6
2681	5
2682	4
2683	2
2684	3
2685	7
2686	6
2687	1
2688	6
2689	1
2690	6
2691	2
2692	3
2693	4
2694	5
2695	3
2696	6
2697	4
2698	5
2699	3
2700	7
19084	1
2701	6
2702	3
2703	2
2704	6
2705	3
2706	3
2707	4
19091	1
2708	9
2709	6
2710	3
2711	4
2712	4
2713	2
2714	6
2715	5
2716	6
2717	2
2718	6
2719	2
2720	3
19104	1
2721	5
2722	2
2723	4
2724	4
2725	6
19109	1
2726	4
2727	2
2728	3
2729	6
2730	7
2731	5
2732	7
2733	2
2734	10
2735	2
2736	5
2737	6
2738	4
2739	7
2740	7
2741	5
2742	4
2743	4
2744	3
2745	8
2746	6
2747	3
2748	3
2749	5
2750	9
2751	4
2752	4
2753	2
2755	7
2756	7
2757	2
2758	3
2759	3
2760	4
2761	6
2762	5
2763	7
2764	3
2765	3
2766	6
2767	6
2768	2
2769	4
2770	5
2771	3
2772	11
2773	4
2774	7
2775	3
2776	2
2777	3
2778	5
2779	7
2780	6
2781	4
2782	6
2783	4
2784	5
2785	8
2786	2
2787	8
2788	7
2789	5
2790	9
2791	3
2792	2
2793	5
2794	4
2795	5
2796	2
2797	2
2798	3
2799	4
2800	4
2801	6
2802	4
2803	5
2804	3
2805	5
2806	6
2807	2
2808	10
2809	5
2810	5
2811	6
2812	6
19196	1
2813	6
2814	7
19198	1
2815	5
2816	5
2817	5
2818	3
2819	5
2820	3
2821	5
2822	2
2823	2
2824	5
2825	8
2826	6
2827	6
2828	3
2829	2
2830	3
2831	1
2832	4
2833	2
2834	9
2835	8
2836	3
2837	2
2838	5
2839	3
2840	2
2841	4
2842	3
2843	3
2844	3
2845	6
2846	4
2847	2
2848	2
2849	11
2850	4
2851	5
2852	7
2853	4
2854	6
2855	3
2856	3
2857	4
2858	4
2859	2
2860	6
2861	6
2862	7
2863	3
2864	4
2865	9
2866	1
2867	4
2868	4
2869	3
2870	5
2871	4
2872	5
2873	5
2874	7
2875	8
2876	1
2877	6
2878	5
2879	5
2880	5
2881	5
2882	9
2883	3
2884	5
2885	2
2886	4
2887	2
2888	3
2889	5
2890	5
2891	7
2892	2
2893	1
2894	4
19278	1
2895	7
2896	6
2897	6
2898	5
2899	4
2900	5
2901	3
2902	2
2903	7
2904	3
2905	5
2906	2
2907	9
2908	5
2909	6
2910	4
2911	7
2912	4
2913	7
2914	4
2915	6
2916	6
2917	5
2918	5
2919	4
2920	7
2921	11
2922	2
2923	7
2924	1
19308	1
2925	8
2926	4
2927	5
2928	3
2929	2
2930	1
2931	4
2932	7
2933	7
2934	6
2935	6
19319	1
2936	3
2937	6
2938	5
2939	5
2940	5
2941	6
2942	3
2943	4
19327	1
2944	4
2945	7
2946	5
2947	4
2948	5
2949	3
2950	6
2951	3
2952	4
2953	4
2954	2
2955	9
19339	1
2956	5
2957	2
2958	4
2959	3
2960	4
2961	3
2962	4
2963	4
2964	3
2966	5
2967	7
2968	6
2969	2
2970	4
2971	4
2972	3
2973	3
2974	3
2975	8
2976	4
2977	5
2978	3
2979	5
2980	3
2981	8
2982	7
2983	2
2984	7
2985	1
2986	5
2987	5
2988	7
2989	3
2990	2
2991	8
2992	4
2993	6
2994	2
19378	1
2995	6
2996	4
2997	2
2998	4
2999	3
3000	3
3001	1
3002	3
3003	5
19387	1
3004	3
3005	8
3006	5
3007	3
3008	2
3009	5
3010	5
3011	3
3012	5
3013	9
3014	3
3015	4
3016	3
3017	6
3018	5
3019	5
3020	8
3021	3
3022	8
3023	3
3024	5
3025	3
3026	10
3027	1
19411	1
3028	2
3029	3
3030	5
19415	1
3031	2
3032	3
3033	4
3034	6
3035	5
3036	7
3037	3
3038	4
3039	3
3040	5
3041	9
3042	3
3043	4
3044	5
3045	2
3046	6
3047	7
3048	5
3049	4
3050	5
3051	4
3052	6
3053	5
3054	6
3055	5
3056	6
3057	3
3058	3
19442	1
3059	3
3060	5
3062	3
3063	6
3064	6
3065	1
3066	2
3067	8
3069	4
3070	2
3071	5
3072	2
3073	3
3074	2
3075	2
3076	6
3077	6
3078	4
3079	8
3080	3
3081	9
3082	1
3083	2
3084	5
3085	6
3086	1
3087	2
3088	4
3089	2
3090	5
3091	2
3092	4
19476	1
3093	4
3094	6
3095	2
3096	5
3097	7
3098	4
3099	5
3100	2
3101	6
3102	5
3103	5
3104	1
3105	5
3106	8
19491	1
3107	3
3108	3
3109	5
3110	5
3111	5
3112	1
3113	3
3114	6
3115	2
3116	4
3117	8
3118	7
3119	7
19503	1
3120	3
3121	6
3122	1
3123	2
3124	2
3125	1
3126	3
3127	4
3128	4
3129	8
3130	5
3131	10
3132	3
3133	3
3134	2
3135	2
3136	6
3137	2
3138	3
3139	4
3140	3
3141	5
3142	2
3143	3
3144	5
3145	3
3146	2
3149	4
3150	1
19534	1
3151	3
3152	3
3153	2
3154	3
3155	2
3156	2
3157	2
3158	4
3159	6
3160	5
3161	6
19545	1
3162	4
3163	3
3164	6
3165	3
3166	5
3167	1
3168	4
3169	9
3170	1
19554	1
3171	4
3172	2
3173	3
3174	2
3175	4
3176	3
3177	6
3178	9
3179	2
3180	8
3181	4
3182	7
3183	8
3184	4
3185	1
3186	6
3187	5
3188	7
3189	4
3190	8
3191	7
3192	6
3193	3
3194	7
3195	2
3196	6
3197	6
3198	7
3199	1
3200	3
3201	5
3202	1
3203	6
3204	6
3205	8
3206	3
3207	1
3208	4
3209	7
3210	10
3211	5
3212	8
3213	3
3214	2
3215	4
3216	3
3217	6
3218	2
3219	5
3220	3
3221	3
3222	8
3223	4
3224	2
3225	5
3226	3
3227	5
3228	6
3229	4
3230	7
3231	9
3232	3
3233	2
3234	7
3235	4
3236	2
3237	4
3238	4
3239	1
3240	3
3241	4
3242	6
3243	3
3244	2
3245	5
3246	6
3247	7
3248	4
3249	10
3250	6
3251	4
3252	4
3253	6
3254	3
3255	6
3256	1
3257	4
3258	3
3259	8
3260	4
3261	3
3262	12
3263	4
3264	3
3265	4
3266	5
3267	6
3268	6
3269	1
3270	4
3271	1
3272	2
3273	3
3274	6
3275	5
3276	3
3277	4
3278	2
3279	5
3280	6
3281	7
3282	4
3283	2
3284	4
3285	6
3286	5
3287	6
3288	5
3289	4
3290	5
3291	5
3292	4
3293	4
3294	6
3295	7
3296	3
3297	3
3298	6
3299	3
3300	6
3301	9
3302	7
3303	7
3304	2
3305	1
3306	2
3307	1
3308	4
3309	6
3310	2
3311	3
3312	4
3313	7
3314	6
3315	5
3316	6
3317	4
3318	7
3319	3
3320	2
3321	5
3322	5
3323	9
3324	5
3325	5
3326	2
3327	3
3328	3
3329	3
3330	4
3331	2
3332	1
3333	2
3334	2
3335	2
3336	2
3337	8
3338	4
3339	4
3340	5
3341	6
19725	1
3342	4
3343	3
3344	8
3345	8
3346	3
3347	2
3348	4
3349	6
3350	8
3351	4
3352	3
3353	4
3354	2
3355	3
3356	3
3357	2
3358	5
3359	7
3360	4
3361	3
3362	7
3363	6
3364	3
3365	8
3366	4
3367	4
3368	2
3369	5
3370	4
3371	8
3372	2
3373	3
3374	1
3375	3
3376	1
3377	1
3378	2
3379	6
3380	8
3381	3
3382	4
3383	4
3384	5
3385	2
3386	4
3387	3
3388	7
3389	5
3390	2
3391	3
3392	4
3393	6
3394	2
3395	2
3396	4
19781	1
3398	7
3399	4
3400	3
3401	7
3402	5
3403	4
3404	1
3405	2
3406	5
3407	2
3408	7
3409	6
19793	1
3410	3
3411	1
3412	6
3413	4
3414	3
3416	5
3417	7
3418	2
3419	6
3420	4
3421	5
3422	2
3423	5
3424	5
3425	4
3426	2
3427	1
3428	3
3429	5
3430	1
3431	6
3432	6
3433	6
3434	2
3435	2
3436	4
3437	5
3438	3
3439	5
3440	2
3441	2
3442	3
3443	1
3444	2
3445	3
3446	7
3447	3
3448	4
3449	3
3450	6
3451	6
3452	4
3453	7
3454	2
3455	5
3456	5
3457	8
3458	1
3459	4
3460	3
3461	2
3462	6
3463	3
3464	7
3465	3
3466	4
3467	4
3468	2
3469	4
3470	5
19854	1
3472	5
3473	1
3474	3
3475	2
3476	4
3477	3
3478	3
3479	3
3480	1
3481	4
3482	3
3483	4
3484	5
3486	6
3487	2
3488	4
3489	1
3490	4
3491	4
3492	3
3493	5
3494	3
3495	5
3496	2
3497	8
3498	3
3499	4
3500	2
3501	2
3502	4
3503	2
3504	3
3505	1
3506	3
3507	6
3508	6
3509	5
3510	5
3511	6
3512	4
3513	3
3514	3
3515	4
3516	4
3517	4
3518	1
3519	5
3520	4
3521	6
19905	1
19906	1
3522	1
3523	7
3524	2
3525	6
3526	5
3527	2
3528	2
3529	1
3530	5
3531	4
3532	5
3533	5
3534	3
3535	6
3536	6
3537	6
3538	1
3539	3
3540	2
3541	4
3542	9
3543	7
3544	3
3545	5
3546	6
3547	5
3548	2
3549	2
3550	7
3551	1
3552	3
3553	4
3554	4
3555	5
3556	4
3557	4
3558	2
3559	2
3560	3
3561	1
3562	4
3563	3
3564	8
3565	3
3566	5
3567	8
3568	4
3569	2
3570	2
3571	5
3572	1
3573	6
3574	3
3575	2
3576	5
3577	2
3578	5
3580	2
3581	4
3582	5
3583	1
3584	3
3585	3
3586	8
3587	2
3588	4
19972	1
3589	3
3590	4
3591	3
3592	4
3593	5
3594	2
3595	2
3596	9
3597	2
3598	3
3599	3
3600	2
3601	7
3602	4
3603	1
3604	3
3605	7
3606	3
3607	4
3609	3
3610	2
3611	2
3612	3
3613	3
3614	3
3615	4
3616	3
3617	3
3618	5
3619	1
3620	3
3621	3
3622	6
3623	2
3624	3
3625	4
3626	5
3627	4
3628	3
3629	1
3630	3
3631	4
3632	6
3633	3
3634	3
3635	2
3636	4
3637	5
3638	4
3639	3
3640	3
3641	3
3642	2
20026	1
3643	3
3644	2
3645	2
3646	2
3647	5
3648	6
3649	7
3650	4
3651	4
3652	3
3653	3
3654	3
3655	5
3656	6
3657	3
3658	3
3659	3
3660	1
3661	4
3662	3
3663	10
3664	3
3665	2
3666	5
3668	8
3669	7
3670	4
3671	1
3672	7
3673	3
3674	6
3675	2
3676	5
20060	1
3677	6
3678	3
3679	3
3681	1
3682	3
3683	7
3684	1
3685	3
3686	5
3687	4
3688	3
3689	3
3690	3
20074	1
3691	3
3692	3
20076	1
3693	4
3694	5
3696	4
3697	3
3698	4
3699	5
3700	2
3701	5
3702	2
3703	3
3704	2
3705	1
3706	3
3707	4
3708	3
3709	4
20093	1
3710	5
3711	3
3712	7
3713	3
3714	6
3715	2
3716	2
3717	7
3718	6
3719	4
3720	1
3721	5
3722	3
3723	5
3724	2
3725	7
3726	4
3727	2
3728	5
3729	4
3730	3
3731	6
3732	4
3733	3
3734	3
3735	3
3736	1
3737	4
3738	4
3739	2
3740	3
3741	4
3742	6
3743	1
3744	7
3745	4
3746	3
3747	1
3748	5
3749	4
3750	2
3751	5
3752	2
3753	6
3754	7
3755	3
3756	4
3757	6
3758	2
3759	1
3760	5
3761	2
3762	6
3763	6
3765	2
3766	2
3767	2
3768	3
20153	1
3769	3
3770	3
3771	5
3773	7
3774	4
3775	3
3776	6
3777	6
3778	2
3779	5
3780	5
3781	3
3783	3
3784	1
3785	4
3786	1
3787	3
3788	5
3789	2
3790	1
3792	3
3793	4
3794	5
3795	2
3796	5
3797	5
3798	3
3799	4
3800	2
3801	2
3802	4
3803	1
3804	5
3805	5
3806	2
3807	2
3808	6
3811	4
3812	4
3813	2
3815	2
3816	3
3817	2
3818	1
3819	5
3820	4
3821	2
3823	4
3824	3
3825	6
3826	4
3827	2
3828	4
3829	2
3830	5
3831	2
3832	4
3833	6
3834	7
3835	4
3836	1
3837	4
3838	3
3839	2
3840	1
3841	4
3842	4
3843	3
3844	2
3845	3
3847	2
3848	3
3849	4
3850	3
3851	3
3852	6
3853	3
3854	5
3855	3
3856	7
3857	3
3858	3
3859	4
3860	2
3861	3
3862	6
3863	5
3864	4
3865	2
3866	1
3867	4
3868	5
3869	3
3870	1
3871	4
3872	4
3873	8
3874	4
3875	5
3876	1
3877	2
3878	1
3879	6
3880	1
3881	6
3882	2
3883	1
3884	5
3885	4
3886	3
3887	6
3888	6
3889	4
3890	1
3891	5
3892	3
3893	6
3894	5
3895	3
3896	3
3897	8
3898	2
3899	3
3900	5
3901	3
3902	5
3903	4
3904	2
3905	2
3906	2
3907	4
3908	3
3909	2
3910	3
3911	4
3914	5
3915	2
3916	4
3918	3
3919	8
3920	2
3921	3
3922	4
3923	6
3924	2
3925	6
3926	3
3927	2
3928	5
3929	2
3930	3
3931	4
3932	7
3933	6
3934	5
3935	3
3936	5
3937	5
3938	5
3939	5
3940	2
3941	1
3942	3
3944	3
3945	1
3946	5
3948	3
3949	1
3950	2
3951	3
3952	1
3953	2
3954	2
3955	5
3956	5
3957	4
3958	3
3959	2
3960	3
3961	6
3962	4
3963	5
3964	1
3965	1
3966	4
3967	2
3968	4
3969	3
3970	4
3971	5
3972	4
3973	6
3974	5
3975	2
3976	2
3977	3
3978	5
3979	5
3980	3
3981	4
3983	2
3984	4
3985	6
3986	5
3987	5
3988	1
3989	2
3990	2
3991	4
3992	2
3993	8
3994	3
3995	2
3996	7
3998	3
3999	2
4000	2
4001	2
4002	2
4003	6
4004	2
4005	3
4006	7
4007	3
4008	3
4009	4
4012	6
4013	5
4014	1
4016	3
4017	3
4018	1
4019	5
4020	5
20405	1
4022	2
4023	3
4024	3
4026	5
4027	5
4028	2
4029	2
4030	5
4031	8
4032	3
4033	4
4034	5
4036	6
4037	1
4038	2
4039	2
4040	4
4041	1
4042	3
4043	4
4044	3
20428	1
4045	1
4046	4
4047	2
4048	2
4049	4
4050	7
4051	1
4052	3
4053	5
20437	1
4054	2
4055	2
4056	2
20440	1
4057	4
4058	2
4059	4
4060	3
4061	3
4062	7
4063	3
4064	6
4065	2
4066	1
4067	3
4068	2
4069	3
4070	3
4071	5
4072	3
4073	1
4075	4
4076	1
4077	2
4078	4
4079	3
4080	2
4081	2
4082	1
4083	2
4084	5
4085	2
4086	4
4087	3
4088	2
4089	3
4090	3
4091	6
4092	5
4093	1
4094	4
4095	6
4096	4
4097	1
4098	1
4099	5
4100	4
4101	1
4102	1
4103	2
4104	6
4105	6
4106	6
4107	5
4108	3
4109	1
20494	1
4111	2
4112	2
4113	3
4114	2
4115	3
4116	2
4117	5
4118	2
4119	1
4120	1
4122	1
4123	2
4124	3
4125	2
4126	5
4127	2
4128	2
4129	1
4130	2
4131	4
4132	2
4133	4
4134	6
4135	4
4136	1
4137	1
4138	2
4139	4
4140	6
4141	3
4142	5
4143	3
4144	2
4145	2
20530	1
4146	1
4147	3
4149	2
4150	4
4152	2
4153	2
4154	1
4155	2
4156	2
4157	2
4158	6
4159	4
20544	1
4160	3
4161	3
4162	2
4163	2
4164	8
4165	3
4166	2
4167	4
4168	5
20552	1
4169	2
4170	4
4171	2
4172	5
4173	2
4174	2
4175	2
4176	1
4177	4
4178	4
4179	1
4180	2
4181	2
4182	4
4183	5
4184	3
4185	2
4186	7
4187	2
4188	2
4189	5
4190	3
4191	2
4192	3
4193	3
4194	5
20579	1
4195	1
4196	3
20580	1
4197	3
4198	3
4199	1
4200	5
4202	3
4203	5
4204	6
4206	2
4207	2
4208	1
4209	3
4210	2
4211	2
4212	2
4213	1
4214	3
4215	5
4216	6
4217	2
4218	2
4219	3
4220	7
4221	4
4222	2
4223	5
4224	4
4226	6
4227	2
4228	3
4229	3
4230	1
4231	3
4232	3
4233	2
4236	3
4237	5
4238	1
4240	4
4241	4
4242	4
4244	3
4245	4
4246	2
4247	3
4248	2
4249	2
4250	1
4251	1
4252	2
4253	1
4254	6
4255	1
4256	3
4257	2
4259	3
4260	1
4261	2
4262	1
4263	2
4264	7
4265	3
4266	2
4267	2
4268	4
4269	1
4270	1
4271	1
4272	5
4273	3
4274	3
4275	6
4276	3
4278	2
4279	5
4280	2
4281	4
4282	3
4283	1
4284	2
4285	3
4286	5
4287	1
4288	2
4289	5
4290	2
4291	1
4292	2
4293	3
4294	3
4296	4
4297	2
4298	3
4299	5
4300	2
4301	1
4302	2
4304	1
4305	1
4306	3
4307	5
4308	1
4309	1
4310	1
4311	3
4312	5
4314	2
4315	2
4316	6
4317	1
4318	1
4320	5
4321	2
4323	4
4324	2
4325	1
4326	4
4327	2
4328	3
4329	3
4330	4
4331	4
4332	3
4333	3
4334	1
4335	3
4336	3
4337	1
4338	4
4340	1
4341	2
4342	2
4343	3
4344	2
4345	7
4346	1
4347	2
4348	1
4349	3
4350	2
4351	2
4352	1
4353	2
20737	1
4354	5
4355	3
4356	4
4357	2
4358	1
4359	1
4360	6
4361	3
4362	3
4363	2
4364	3
4365	1
4366	5
4367	3
4369	2
4370	2
4372	3
4373	2
4374	2
4375	2
4376	2
20761	1
4377	1
4378	6
4379	1
4380	1
4381	5
4382	5
4383	3
4384	4
4385	3
4386	4
20770	1
4387	3
4388	3
4389	4
4390	3
4391	4
4392	2
4393	2
4394	6
4396	2
4398	3
4400	2
4401	2
4402	4
4403	1
4405	2
4406	5
4407	3
4408	4
4409	5
4410	2
4411	1
4412	4
4413	6
4414	1
4415	3
4417	2
4418	5
4419	1
4420	3
4421	1
4422	2
20806	1
4423	1
4424	2
4425	3
4426	2
4427	4
4428	1
4429	1
4431	1
4432	2
4433	4
4434	1
4435	4
4436	3
4437	5
4438	3
4439	8
4440	4
4441	3
4442	1
4444	6
4445	1
4446	6
4447	3
4448	5
4450	5
4452	2
4454	3
4455	3
4456	3
4457	4
4459	3
4460	4
4461	4
4462	6
4463	4
4464	3
4465	1
4466	2
4467	3
4468	2
4469	1
4470	2
4471	2
4472	2
4474	1
4475	1
4476	3
4477	4
4478	3
4480	2
4481	5
4482	2
4483	1
4484	2
4485	1
4486	2
4487	2
4488	2
20873	1
4490	1
4491	3
4492	1
4494	6
4495	2
4496	2
4497	1
4498	3
4499	2
4500	3
4502	2
4503	4
4504	1
4505	1
4507	1
4508	1
4509	3
4510	4
4511	1
4512	3
4513	2
4514	3
4515	3
4516	3
4517	5
4518	2
4519	2
4520	3
4522	3
4523	5
4524	1
4526	5
4527	1
4528	2
4529	2
4530	3
4531	3
4532	4
4533	3
4534	1
4535	3
4536	5
4537	1
4538	5
4540	3
4541	2
4542	3
4543	2
4544	2
4545	2
4546	2
4547	1
4548	1
4549	4
4550	2
4551	1
4552	2
4553	2
4555	2
4557	2
4558	6
4559	3
4560	1
4561	1
4562	2
4563	3
4564	6
4565	3
4566	2
20952	1
4568	1
4569	2
4570	3
4571	4
4572	4
4573	2
4574	1
20958	1
4575	3
4576	4
4577	2
4579	2
4580	5
4581	1
4582	2
4583	2
4585	3
4586	5
4587	2
20971	1
4589	5
4590	3
4591	1
4592	3
4593	1
4594	2
4595	4
4596	2
4597	4
20981	1
4598	3
4599	3
4600	5
4601	2
20985	1
4602	2
4603	1
4605	1
4606	1
4607	4
4608	3
4609	3
4610	1
4611	1
4612	1
4613	4
4614	5
4615	6
4616	4
4617	1
4619	4
4620	2
4621	2
4622	1
4623	1
4624	3
4626	1
4627	4
4628	2
4629	4
4630	2
4631	2
4632	4
4633	1
4634	2
4635	1
4636	1
4637	5
4638	2
4639	2
21023	1
4640	4
4642	4
4643	2
4644	3
4646	3
4647	3
4648	3
4650	5
21034	1
4652	2
4654	2
4655	2
4656	2
21040	1
4657	2
4658	1
4660	3
4661	2
4662	4
4663	6
4664	3
4665	2
4666	1
4667	5
4668	1
4669	3
4670	2
4671	3
4672	3
4673	7
4674	3
4675	3
4676	5
4677	2
21061	1
4678	2
4679	2
4680	3
4681	2
4682	1
4683	3
4684	4
4685	1
4686	2
4688	6
4689	4
4690	2
4691	1
4692	3
4693	2
4694	2
4695	3
4696	2
4697	4
4698	3
4699	3
4700	5
4701	2
4702	1
4703	2
4704	5
4705	4
4707	1
4708	2
4709	1
4710	2
4711	2
4714	1
4715	1
4716	2
4717	3
4718	2
4719	4
4720	3
4721	5
4722	3
4723	3
4724	2
4725	2
4726	2
4727	4
4729	2
4730	4
4731	2
4732	2
4733	2
4734	1
4735	4
4736	1
4737	2
4738	3
4739	3
4740	2
4741	4
4742	2
4743	5
4745	2
4746	4
21132	1
4748	1
4749	2
4750	2
4751	1
4752	5
4754	1
4755	7
4756	2
4757	2
4758	1
4759	2
4760	2
4761	3
4762	4
4763	2
4764	1
4765	2
4766	5
4767	3
4768	2
4769	3
4770	2
4771	2
4772	3
4773	1
4774	1
4775	4
4776	1
4777	2
4778	2
4779	2
4780	1
4781	5
4782	3
4783	2
4784	1
4785	1
4786	2
4787	2
4788	1
4789	3
4790	3
4791	1
4793	3
4794	1
4795	2
4796	3
4797	3
4798	1
4799	3
4800	3
4801	4
4802	1
4804	2
4805	3
4806	2
4807	2
4808	3
4809	5
21193	1
4811	1
4812	3
4813	2
4814	3
4815	2
4816	3
4817	2
21201	1
4818	3
4820	5
4821	3
4822	1
4823	1
4824	1
4825	4
4827	2
4828	3
4829	2
4830	3
4831	5
4832	3
4833	3
4834	1
4835	1
4836	2
4837	2
4838	3
4839	2
21224	1
4840	1
4841	1
4842	6
4844	3
4845	1
4847	1
4848	4
4849	2
4851	3
4852	1
4853	5
4854	1
21239	1
4855	1
4856	2
4857	2
4859	1
4861	4
4862	2
4863	3
4865	4
4866	5
4867	3
4868	1
4869	2
4870	3
4871	2
4872	1
4873	2
4874	2
4875	2
4876	2
4877	3
4878	6
4879	3
4881	2
4882	3
4884	4
4885	1
4886	3
4887	1
4888	2
4889	2
4890	3
4891	1
4892	3
4893	2
4894	3
4896	2
4898	1
4899	1
4900	2
4901	3
4902	1
4903	1
4905	1
4907	1
4908	3
4909	2
4910	3
4911	5
4912	2
4913	4
4914	2
4915	1
4916	1
4917	4
4918	2
4919	5
4920	2
4922	2
4923	3
4924	2
4925	5
4926	1
4927	3
4928	3
4929	1
4930	4
4931	2
4932	3
4933	1
4937	3
4939	1
4941	2
4942	2
4943	4
4945	1
4946	4
4949	3
4950	4
4952	5
4953	4
21338	1
4955	1
4956	3
4957	1
4959	1
4960	2
4961	2
4962	1
4963	5
4964	1
4965	2
4966	1
4967	1
4968	4
4969	2
4970	1
4971	1
4972	1
4973	1
4974	2
4975	3
4976	3
4978	3
4979	3
4980	4
4982	5
4983	1
4984	2
4985	1
4986	1
4988	4
4990	3
4992	1
4993	2
4994	3
4995	3
4996	4
4998	2
4999	4
5000	3
5001	1
5002	1
5003	4
5005	2
5006	2
5008	2
5009	5
5010	4
5011	3
5012	5
5013	2
5014	4
5015	1
5016	2
5018	1
5019	1
5021	4
5022	2
5024	3
5025	1
5026	2
5027	3
5028	2
5029	2
5030	3
5031	1
5032	1
5033	2
5034	1
5035	4
5036	4
5037	2
5038	1
5039	3
5040	3
5041	2
5042	1
5043	2
5044	5
5045	1
5046	2
5047	5
5048	1
5050	2
5051	1
5052	2
5053	3
5055	5
5056	3
5057	2
5058	3
5059	2
5061	2
5062	1
5064	1
5066	2
5067	2
5068	3
21452	1
5069	2
5070	4
5071	3
5072	1
5073	5
5075	2
5076	4
5078	1
5079	2
5080	1
5081	2
5083	2
5085	1
5086	1
5088	2
5089	2
5090	1
5092	4
5093	3
5094	2
5095	2
5098	2
5099	2
5100	5
5101	2
5102	1
5103	3
5104	3
5105	1
5106	1
5107	3
5108	3
21492	1
5109	1
5110	3
5111	3
5112	1
5113	4
5114	4
5116	1
5117	1
5118	4
5119	2
5120	2
5122	1
5123	2
5124	2
5125	2
5126	3
5127	2
5128	2
5129	2
5130	2
5131	1
5133	3
5134	2
5135	1
5136	3
5137	1
5138	2
5139	2
5140	3
5141	5
5142	2
5143	3
5144	4
5145	1
5146	1
5147	2
5148	2
5149	1
5150	2
5151	3
5152	1
5154	3
5155	4
5157	2
5158	3
5159	1
5160	2
5161	1
5162	1
5163	1
5164	1
5166	2
5167	2
21552	1
5170	1
5171	6
5172	2
5173	2
5175	1
5176	1
5177	1
5178	2
5181	2
5182	2
5183	4
5184	1
5185	1
5186	2
5188	3
5189	2
5191	2
5192	2
5193	4
5194	4
5195	3
5196	2
5199	1
21583	1
5200	1
5201	1
5202	4
5203	2
5204	3
5205	3
5207	2
5209	2
5214	3
5215	1
5216	2
5217	3
5218	1
5219	3
5221	5
5223	1
5224	3
5225	3
5226	1
5227	2
5228	1
5229	1
5230	1
5231	2
5232	3
5233	2
5234	1
5235	4
21619	1
5236	2
5237	2
5238	4
5239	1
5240	2
5241	1
5242	2
5244	2
5246	4
5247	2
5249	3
5251	3
5252	3
5255	2
5256	3
5257	1
5258	4
5259	1
5260	1
5261	1
5262	3
5264	3
5265	2
5268	3
5269	2
5270	2
5272	1
5274	4
5275	2
5276	2
5277	2
5278	4
5279	1
5280	1
5281	4
5283	3
5284	1
5285	2
21669	1
5286	1
5287	1
5288	4
5289	2
5290	2
5291	1
5292	5
5293	4
5294	3
5295	4
5296	1
5297	2
5298	4
5299	1
5300	1
5302	2
5303	1
5304	2
5305	4
5306	2
5307	2
5308	1
5309	2
5311	2
5312	1
5313	1
5314	2
5315	3
5317	4
5318	2
5319	3
5320	1
5322	1
5323	1
5324	2
5326	1
5328	3
5329	1
5333	3
5334	1
5335	1
5336	2
5338	1
5339	2
5341	1
5343	1
5344	3
5345	2
5348	2
5349	2
5350	2
5351	1
5352	2
5353	1
5354	2
5355	3
5356	3
5358	4
5359	2
5361	1
5363	2
5364	2
5365	1
5366	2
21750	1
5367	2
5368	1
5369	1
5370	6
5371	2
5372	3
5373	1
5375	4
5376	2
5378	1
5379	6
5380	2
5381	2
5382	1
5383	3
5385	2
5386	1
5387	2
5389	2
5390	3
5392	3
5393	5
5394	1
5395	2
5396	1
5397	5
5399	2
5401	2
5406	1
5407	2
5408	1
5410	3
5412	3
5413	1
5414	2
5415	3
5416	1
5417	5
5419	1
5421	3
5422	2
5424	2
5425	1
5427	3
5428	5
5430	2
5431	2
5432	3
5433	1
5434	1
5435	1
5436	2
5437	2
5439	2
5440	2
5441	2
5442	3
5443	3
5444	2
5445	3
5447	1
5448	1
5449	4
5450	3
5451	2
5452	2
5453	2
5455	1
21839	1
5456	1
5457	1
5458	2
5459	2
5460	2
5462	2
5463	2
5464	5
5465	2
5467	1
5468	1
5469	2
5470	2
5471	2
5472	5
5473	2
5475	1
5476	3
5477	2
5478	2
5479	3
5480	5
5481	1
5484	2
5485	2
5486	2
5487	2
5488	2
5489	1
5490	2
5491	1
5493	2
5496	1
5497	1
5498	2
21882	1
5499	2
5500	1
5501	3
5502	3
5503	2
5504	2
5505	2
5507	3
5508	2
5509	1
5510	1
5511	2
5512	1
5513	1
5514	2
5515	3
5516	2
5517	1
5518	2
5519	1
5523	3
5527	1
5528	1
5529	1
5531	2
5532	1
5533	2
5534	1
5539	1
5541	2
5542	2
5543	3
5544	2
5545	3
5546	2
5547	1
5549	1
5550	2
5551	2
5553	3
5554	1
5555	3
5557	2
5558	2
5559	1
5560	2
5561	1
5562	2
5564	6
5566	2
5567	3
5570	3
21955	1
5573	1
5574	2
5575	1
5576	2
5577	1
5578	1
5579	2
5580	2
5581	4
5582	3
5583	1
5584	1
5585	1
5586	2
5587	2
5588	1
5590	2
5591	1
5592	3
5593	1
5594	2
5595	5
5596	3
5598	2
5600	3
5601	2
5602	1
5603	1
5604	1
5606	1
5608	3
5610	1
5611	3
5612	1
5614	3
5615	1
5616	2
5617	2
5618	1
5619	2
5620	2
5622	1
5623	1
5626	1
5628	1
5629	3
5630	1
5631	1
5632	2
5633	2
5634	1
5635	3
22019	1
5636	5
5637	2
5638	1
5639	1
5640	2
5642	2
5644	1
5645	2
5647	2
5648	1
5650	2
5651	1
5652	3
5653	3
5654	1
5655	1
5656	2
5658	1
5659	2
5664	2
5665	1
5666	3
22050	1
5667	5
5668	2
5669	2
5670	2
5672	4
5674	2
5676	2
5677	3
5679	2
5680	3
5682	5
5684	1
5685	2
5686	5
5687	2
5688	1
5689	2
5690	4
5693	1
5694	1
5695	3
5696	2
5697	2
5698	2
22083	1
5701	2
5702	1
5703	3
5704	2
5705	1
5706	2
5708	1
5709	1
5712	1
5713	2
5714	2
5716	1
5717	2
5720	1
5721	3
5722	1
5723	3
5725	1
5726	1
5727	1
5729	3
5730	2
5731	2
5732	2
5733	2
5734	1
22118	1
5735	2
5736	4
5737	1
5738	2
5739	1
5740	1
5741	1
5742	4
22126	1
5743	3
5744	2
5745	1
5746	1
5749	1
5752	3
5755	1
5756	1
5757	2
5759	1
5760	1
5761	3
5762	1
5763	1
5764	1
5765	1
5766	3
5767	4
5768	2
5769	1
5770	2
5771	1
5772	2
5775	1
5777	4
5778	1
22162	1
5780	2
5782	1
5783	2
5784	1
5785	2
5786	1
5787	1
5788	3
5789	1
5790	1
5792	2
5796	3
5797	3
5798	3
5800	1
5801	2
5802	3
5803	1
5804	1
5805	1
5806	1
5807	3
5808	1
5809	4
5810	1
5814	1
5815	1
5816	1
5817	1
5818	2
5820	4
5821	1
5822	3
5823	2
5824	3
5825	2
5826	2
5827	3
5828	2
5829	1
5830	1
5831	1
5832	3
5833	1
5834	1
5835	1
5836	1
5837	3
5838	2
5842	1
5844	1
5845	2
5846	1
5848	2
5851	1
5852	2
5853	1
5854	1
5855	2
5857	3
5860	1
5861	1
5862	3
5865	1
5866	1
5868	1
5869	3
5870	3
5871	4
5873	1
5874	2
5875	2
5877	1
5879	1
5880	2
5881	3
5882	1
5883	2
5884	1
5886	1
5888	2
5890	2
5891	1
5892	3
5893	1
5894	1
5895	2
5896	5
5897	3
5898	2
5900	1
5902	1
5904	2
5905	2
5906	1
5907	1
5909	1
5912	1
5913	3
5914	3
5915	1
5916	3
5917	1
22301	1
5918	1
5919	1
5920	1
5921	1
5922	1
5923	1
5925	1
5928	1
5929	3
5932	2
5935	5
5936	1
5937	2
5938	1
5939	2
5940	2
5942	1
5943	1
5944	1
5945	3
5947	1
5948	2
5949	2
5951	1
5952	1
5953	1
5954	1
5956	3
5958	3
5961	3
5962	2
5963	2
5964	1
5965	1
5968	1
5971	1
5972	1
5973	1
5974	1
5975	2
5976	2
5977	3
5978	1
5979	3
5980	1
5984	1
5985	3
5986	2
5987	1
5989	1
5991	1
5992	2
5993	1
22377	1
5995	1
5996	1
5997	2
5999	1
6001	1
6004	2
6005	1
6006	3
6008	1
6009	1
6010	3
6012	1
6015	1
6016	2
6018	3
6020	1
6022	1
6025	1
6027	2
6028	1
6031	1
6032	2
6033	3
6034	1
6035	1
6038	3
6039	2
6042	1
6044	1
6050	1
6051	1
6052	1
6053	2
6055	1
6056	3
6057	1
6059	1
6060	2
6061	2
6065	4
6066	2
6067	1
22452	1
6069	1
6070	2
22454	1
6071	1
6072	2
6075	4
6076	1
6077	1
6078	5
6079	1
6080	3
6082	1
22466	1
6084	1
6087	1
6088	1
6089	2
6090	2
22474	1
6092	1
6093	1
6094	2
6096	1
6098	1
6100	2
6102	2
6103	1
6104	2
6105	2
6106	2
6107	3
6109	2
6110	1
6111	1
6112	4
6114	2
6115	1
6117	2
6119	2
6120	1
6121	1
6122	1
6123	3
6125	1
6126	2
6127	1
6128	1
6129	2
6130	1
22514	1
6131	2
6132	1
6133	2
6134	2
6136	1
22520	1
6137	4
6138	1
6139	1
6140	1
6141	1
6143	1
6144	2
22528	1
6146	4
6148	2
6150	1
6152	1
6153	2
6154	2
6156	1
6157	1
6160	1
6161	1
6165	2
6166	2
6167	1
6170	1
6174	3
6175	1
6176	1
6178	1
6179	2
6180	1
6181	1
6183	1
6184	2
6185	1
6186	1
6189	2
6190	1
6191	1
6192	2
6193	1
6197	3
6198	2
6200	3
6201	1
6202	3
6203	1
6204	3
6205	3
6206	2
6207	1
6209	2
6210	1
6212	1
6215	2
6216	1
6218	1
6219	3
6220	1
6221	3
6222	1
6225	1
6226	1
6227	1
6229	1
6230	1
6231	2
6232	1
6236	1
6239	1
6240	2
6241	1
6242	2
6244	1
6245	1
6247	2
6249	1
22636	1
6253	2
6255	2
22641	1
6257	1
6258	1
6260	2
6264	1
6265	2
6266	1
6267	1
6268	2
6269	1
6270	1
6272	1
6273	1
6274	1
6275	1
6276	1
6279	1
6280	2
6281	1
6282	2
6283	2
6284	1
6285	2
6286	2
6287	1
6288	1
6289	3
6290	1
6291	1
6292	2
6293	1
6295	3
6296	1
6301	1
6304	1
6305	1
6306	2
6307	1
6308	1
6309	1
6313	1
6315	1
6316	1
6317	1
6319	1
6320	3
6323	2
6324	1
6326	1
6327	1
6328	1
22712	1
6329	2
6330	1
6331	2
6334	1
6336	2
6340	1
6341	1
6342	1
6345	2
6346	1
6347	3
6348	1
6349	1
6350	3
6353	1
6356	2
6357	2
6358	1
6359	5
6361	1
6362	2
6363	1
6366	2
6368	2
6370	1
6371	2
6372	1
6374	1
6376	1
6378	2
6380	1
6382	1
6383	1
6384	1
6386	3
6388	1
6390	2
6391	3
6392	1
6393	1
6394	1
6395	3
6397	1
6398	1
6404	1
6405	2
6408	2
6409	1
6410	1
6411	2
6415	1
6417	2
6419	1
6420	1
6421	1
6422	1
6425	1
6427	1
6429	1
6430	1
6431	1
6432	1
6433	2
6434	3
6435	1
6436	1
6439	1
6440	1
6444	2
6445	1
6447	1
6448	1
6449	2
6452	1
6453	1
6454	2
6455	1
6457	2
6458	1
6459	1
6462	1
6463	1
6465	3
6466	1
6467	2
6469	1
6470	1
6471	2
6472	2
6473	1
6474	2
6476	1
6479	2
6480	1
6481	2
6482	1
6483	5
6484	2
6487	1
6488	1
6489	1
6498	1
6499	1
22884	1
6503	2
6504	2
6506	1
6507	1
6508	2
6510	5
6513	2
6514	1
6515	2
6519	1
6520	2
6521	2
6523	2
6524	1
6527	2
6528	1
6532	2
6534	2
6535	2
6538	1
6539	1
6541	1
6542	3
6543	1
6546	3
22931	2
6548	1
6549	1
6550	2
6551	1
6553	1
6554	2
6555	1
6556	2
6558	1
6559	2
6560	1
6561	1
6562	3
6567	3
6569	1
6570	3
6571	2
6573	2
6574	1
6576	1
6577	3
6578	1
6579	1
6580	2
6581	1
6583	1
6586	1
6588	1
6589	4
22973	1
6590	1
6591	2
6592	1
6594	1
6595	1
6599	1
6601	2
6602	1
6604	3
6605	2
6606	1
6607	3
6612	1
6616	1
6617	3
6618	2
6619	2
6622	2
6623	1
6624	4
6626	1
6627	1
6629	1
6630	1
6634	2
6635	1
6639	1
6640	2
6641	1
6642	2
6643	2
6644	1
6645	5
6646	2
6648	2
6649	1
6650	1
6651	1
6655	1
6656	2
6657	1
6658	1
6659	2
6666	1
6668	4
6669	1
6672	1
6673	1
6675	1
6678	4
6679	1
6680	1
6681	1
6684	1
6686	1
6687	2
6688	1
6690	1
6694	3
6695	2
6696	2
6697	1
6699	3
6700	1
6701	1
6702	2
6703	4
6704	2
6707	2
6709	1
6710	1
6711	2
6714	1
6719	1
6720	3
6721	1
6724	2
23109	1
6725	1
6726	1
6727	1
6728	1
6730	1
6731	1
6732	2
6734	1
6735	1
6736	3
6738	1
6740	2
6742	1
6743	1
6744	1
6745	3
6746	1
6748	1
6749	1
6752	1
6758	2
6759	2
6760	1
6761	1
6762	1
6763	1
6765	1
6766	1
6769	2
6770	1
6773	1
6775	1
6776	1
6778	2
6783	2
6784	1
6787	1
6791	1
6802	1
6803	1
6805	3
6806	1
6807	1
6809	1
6810	1
6813	2
6815	1
6816	1
6817	1
6819	1
6820	1
6821	2
6822	1
6823	2
6825	2
6826	2
6828	1
6831	2
6834	1
6837	1
6838	2
6839	2
6845	1
6850	2
6851	1
6853	1
6855	1
6856	1
6859	3
6862	2
6865	1
6866	3
6867	2
6869	1
6870	1
6873	1
6874	1
6881	3
6884	1
6885	1
6889	2
6890	1
6891	1
6892	2
6893	1
23279	1
6895	1
6898	1
6899	2
6901	1
6902	3
6903	3
6905	1
6908	2
23295	1
6913	1
6914	1
6915	1
6916	2
6919	1
6921	2
6923	1
6925	1
6926	1
6931	1
6932	1
6935	3
6937	1
6938	2
6939	1
6944	2
6946	2
6952	1
6953	1
6954	1
6955	1
6958	1
6960	1
6961	2
6963	1
6968	2
6970	2
6972	1
6979	1
6984	1
6989	1
6990	1
6991	1
6993	2
6994	1
6995	3
6996	2
23380	1
6997	1
6999	1
7000	1
7001	1
7002	1
7003	1
7004	2
7007	2
7012	1
7016	3
7024	1
7026	2
7029	1
7030	1
7031	1
7033	1
7034	1
7036	1
23422	1
7038	1
7039	1
7042	1
7046	1
7049	4
7050	2
7054	1
7065	1
7068	1
7069	1
7075	1
7077	2
7079	1
7082	1
23467	1
7084	1
7085	2
7087	1
7089	2
7092	1
7094	4
7098	1
7099	1
7104	1
7105	2
7106	1
7109	1
23494	1
7113	2
7118	1
7121	1
7125	1
7136	2
7137	2
7139	1
7140	2
7141	2
7142	2
7154	2
7155	1
7157	1
7160	2
7162	1
7164	1
7165	1
7168	1
7172	3
7173	1
7177	1
7179	1
7180	4
7181	1
7185	1
7188	1
7189	2
7191	2
7193	2
7194	1
7195	1
7197	1
7198	2
7199	1
7202	2
7204	2
7209	2
7210	1
7212	1
7213	1
7214	1
23600	1
7217	1
7219	3
7220	1
7225	1
7227	1
7232	2
23617	1
7234	1
7235	2
7236	1
7237	1
7241	2
7243	2
7245	1
7246	1
7247	2
7248	2
7249	2
7251	1
7252	1
7253	1
7257	1
7260	1
7263	1
7266	1
7267	1
7271	1
7272	1
7273	1
7274	1
7275	1
7277	2
7280	1
7285	2
7288	1
7289	2
7290	1
7291	1
7297	1
7298	1
7299	1
7300	2
7301	1
7303	1
7307	1
7308	1
7309	1
7311	2
7316	1
7317	3
7318	1
7319	1
7320	2
7321	1
7323	1
7325	1
7326	1
7329	1
7330	1
7331	1
7333	1
7335	1
7336	2
23721	1
7339	1
7342	1
23726	1
7345	1
7346	2
7347	1
7348	1
7352	1
7353	1
7354	2
7359	2
7360	1
7363	1
7366	1
7367	2
7369	3
7375	1
7376	1
7378	2
7382	1
7383	1
7387	1
7389	1
7392	1
7394	4
7396	1
7399	1
7402	1
23787	1
7403	1
7405	1
7406	1
7407	3
23794	1
7413	1
7416	1
7418	1
7422	2
7428	1
7429	1
7430	2
7443	2
7444	2
7446	1
7448	1
7449	1
23833	1
7451	2
7452	1
7453	1
7456	1
7457	2
7458	1
7460	1
7462	1
7464	1
7465	1
7467	2
7470	1
7471	1
7475	1
7478	1
7479	1
7480	3
23864	1
7481	2
7482	2
7483	1
7487	1
7491	1
7493	1
7496	2
7500	1
7501	2
7508	1
23892	1
7511	1
7515	1
7516	1
7517	1
7518	1
7524	1
7526	1
7527	1
7528	1
7533	1
7536	1
7537	1
7539	1
7544	2
7549	1
7554	1
7556	1
7559	2
7561	2
7562	1
7563	1
7566	1
7568	1
7570	1
7571	1
23957	1
7573	2
7576	1
7578	1
7580	1
7581	1
7584	1
7590	1
7592	1
7596	3
7597	2
7600	1
7604	3
7611	1
7612	1
7617	1
7620	1
7621	4
7622	1
7623	1
7624	2
7625	1
7627	1
7628	1
7629	1
7632	1
7636	1
7638	1
7641	1
7643	1
7649	1
7653	1
7654	1
7658	3
7661	2
7664	1
7667	1
7668	1
7669	1
7670	1
7671	1
7675	1
7677	2
7679	2
7680	2
7683	2
7686	2
7692	1
7693	1
7696	3
7698	1
7699	3
7700	1
7703	2
7704	1
24090	1
7708	1
7710	1
7712	1
7713	1
7715	1
7716	1
7718	1
7719	1
7720	3
7721	3
7726	1
7727	1
7729	1
7730	1
7731	3
7734	1
7741	1
7746	1
7748	1
7751	3
7753	1
7754	4
7757	1
7759	2
7760	1
7763	2
7768	1
7769	1
7770	2
7773	1
7775	2
7776	2
7777	2
7782	2
7783	2
7785	1
7786	2
7788	4
24175	1
7791	1
7793	1
7798	1
7800	1
7802	1
7804	1
7805	1
7806	1
7808	1
7809	2
7810	1
7812	1
7813	1
7815	1
7821	3
7822	1
7823	1
7824	2
7825	1
7829	1
7837	1
7840	1
7841	1
7844	1
7848	1
7849	1
7850	1
7852	1
7853	2
7854	1
7855	2
7856	2
24241	1
7860	1
7861	3
7862	1
7863	1
7866	1
7869	2
24253	1
7872	2
7875	1
7877	2
7879	2
7882	2
7884	1
7885	1
7890	1
7891	1
7894	2
7901	1
7902	1
7907	1
7909	1
7911	1
7912	3
7913	2
7914	2
7917	1
7921	1
7924	1
7925	2
7929	1
7931	1
7941	1
7945	3
7949	1
7950	1
7963	1
7968	1
7969	3
7970	1
7971	1
7972	1
7977	1
7978	1
7979	2
7981	1
7984	2
7989	1
7992	1
7993	1
7997	1
7999	1
8000	1
8003	1
8005	1
8006	1
8008	2
8013	1
8014	1
8015	1
8018	1
8019	2
8020	1
8023	2
8024	1
8030	1
8032	1
8035	1
8040	1
8041	1
24432	1
8050	1
8051	2
8055	1
8056	2
8057	1
8062	1
8063	1
8064	1
8066	1
8067	1
8069	2
8074	2
8075	1
8079	3
8082	1
8084	1
8085	1
8087	2
8088	1
8089	1
8090	1
8093	1
8097	2
24487	1
8105	1
8108	1
8111	1
8112	1
8115	1
8123	1
8124	1
8126	1
8135	1
8136	1
8137	1
8143	1
8145	1
8146	1
8148	1
8150	1
8156	1
8158	1
8164	1
8165	1
8168	1
8170	1
8174	1
8176	1
8180	1
8183	1
8184	1
8188	2
8193	1
8195	2
8200	1
8202	1
8204	1
24589	1
8212	1
8213	1
8214	1
8219	2
8220	3
8225	1
8226	1
8227	1
8230	1
8231	1
8236	2
8241	1
8248	1
8250	1
8252	3
8254	1
24640	1
8259	1
8264	1
8268	1
8270	1
8273	1
8274	1
8275	1
8277	1
8279	1
8286	3
8289	1
8291	1
24679	1
8297	1
8298	1
8299	1
8303	2
8305	1
8307	1
8311	1
8316	1
8317	1
8318	1
8320	1
8321	3
8323	1
8324	1
8332	1
8333	1
8334	1
8335	1
8339	2
8343	1
8345	1
8349	1
8352	1
8353	1
8357	1
8359	1
8361	1
8369	3
8370	1
8371	1
8372	1
8374	2
8375	1
8378	1
8381	1
8382	1
8385	2
8387	1
8389	2
8390	1
8397	1
8398	1
8400	1
8402	2
8408	1
8409	1
8416	1
8417	2
8420	1
8428	1
8431	2
8433	1
8437	2
8439	1
8440	1
8441	1
8443	1
8446	1
8449	1
8451	1
8459	1
8460	1
8461	1
8463	1
8464	1
8465	1
8470	2
8471	1
8477	1
8488	1
8489	1
8493	1
8501	1
8502	1
8503	1
8507	1
8511	2
8513	1
8514	1
8516	1
8518	2
8520	1
8521	1
8529	1
8532	1
8533	1
8534	1
8536	1
8538	1
8539	1
8540	1
8542	2
8555	2
8558	1
8559	1
8560	2
8563	1
8564	1
8570	1
8571	2
8574	2
8575	1
8576	2
8578	1
8582	1
8586	1
8587	1
24975	1
8591	1
8593	2
8595	2
8596	1
24982	1
8601	1
8603	2
8605	2
8611	1
8612	2
8613	1
8618	1
8628	1
8631	1
8632	1
8636	2
8641	1
8645	1
8650	1
8654	1
8655	1
8656	1
8658	1
8662	1
8663	1
8664	1
8665	1
8666	3
8667	1
8668	1
8670	2
8671	1
8674	1
8677	1
8681	1
8684	1
8686	2
8687	1
8689	1
8690	1
8692	1
8695	2
8698	1
8705	2
8707	1
8708	1
8710	1
8714	1
8716	2
25100	1
8717	1
8718	1
8725	1
8729	1
8730	1
8732	1
8737	1
8743	1
8747	1
8751	2
8754	1
8756	1
8758	2
8759	3
8760	1
8761	1
8764	1
25151	1
8771	1
8774	1
8779	1
8780	1
8781	1
8782	2
8787	1
8791	2
8798	1
8800	1
8802	2
8806	1
8813	2
8815	1
8816	1
8820	1
8823	1
8824	2
8827	1
8828	1
8829	1
8833	1
8835	1
8836	1
8842	1
8846	1
8849	1
8855	1
8857	1
8864	1
8869	1
8870	2
8871	1
8872	1
8875	2
8880	2
8884	2
8885	1
8886	1
8888	1
8891	1
8892	2
8894	1
8895	1
8898	1
8903	2
8904	1
8905	1
8907	3
8909	1
8910	1
8914	1
8916	1
8920	1
8926	1
8928	1
8931	1
8933	1
8934	1
8935	1
8946	1
8951	1
8954	1
8957	1
8960	1
8965	1
8968	1
8982	1
8984	1
8986	1
8994	1
8996	1
9000	2
9001	1
9002	1
9004	1
9008	1
9009	1
9010	1
9013	2
9018	1
9019	1
9021	1
9025	1
9029	1
9030	1
9033	1
9035	1
9036	1
9046	1
9053	1
9059	1
9062	1
9064	4
9065	1
9071	1
9078	1
9079	2
9080	1
9088	1
9090	1
9094	2
9097	1
9101	1
9102	1
9104	1
9108	1
9110	1
9111	1
9114	1
9117	1
9118	1
9119	1
9121	1
9126	1
9129	1
9130	1
9137	1
9138	1
9144	1
9152	2
9153	1
9164	1
9180	1
9181	1
9182	3
9187	1
9188	1
9193	1
9197	1
9202	1
9203	1
9204	1
9214	1
9216	1
9218	1
9223	1
9226	1
9228	1
9231	1
9232	2
9234	1
9237	1
9238	1
9240	1
9244	1
9245	2
9248	1
9250	1
9251	1
9257	1
9258	1
9261	1
9262	1
9263	1
9267	1
9268	1
9269	1
9280	1
9282	1
9284	2
25670	1
9287	1
9296	1
9303	1
9305	1
9307	1
9308	1
9322	1
9329	2
25717	1
9342	1
9344	1
9345	1
9349	3
9351	1
9354	1
9356	1
9360	1
9367	1
9370	1
9375	1
9377	1
9385	1
9400	1
9407	1
9409	1
9419	1
9422	1
9424	1
9427	1
9428	1
9429	1
9431	1
9437	1
9438	1
9440	1
9446	1
9454	2
9455	1
9462	2
9470	1
9473	1
9481	1
9483	1
9486	1
9489	1
9490	1
9492	1
9493	1
9495	1
9496	1
9498	1
9504	1
9507	1
9508	1
9509	1
9512	1
9513	1
9514	1
9525	2
9526	1
9531	1
9533	1
9539	1
9545	1
9546	1
9554	1
9563	2
9567	3
9570	1
9571	1
9572	1
9573	1
9577	1
9579	1
9595	1
9597	1
9599	1
9600	1
9603	1
9604	1
9609	1
9610	1
9614	1
9618	1
9619	1
9620	3
9621	1
9624	1
9638	1
9640	1
9647	2
9649	2
9654	1
9655	1
9657	1
9661	2
9663	1
9664	2
9668	1
9669	1
9670	1
9683	1
9685	1
9687	2
9693	1
9694	2
9696	1
9698	1
9699	2
9705	1
9714	1
9720	2
9721	1
9723	2
9728	1
9730	1
9733	1
9734	2
9742	1
9743	1
9751	1
9755	1
9760	1
9762	1
9768	1
9770	2
9776	1
9781	1
9784	1
9786	1
9790	1
9793	1
9794	1
9795	1
9797	2
9803	1
9804	1
9807	1
9815	1
9822	2
9823	1
9834	1
9837	1
9842	1
9843	1
9847	2
9849	1
9850	1
9861	1
9872	1
9878	1
9887	1
9889	1
9894	1
9896	1
9898	1
9899	1
9903	1
9909	1
9914	1
9915	2
9916	1
9917	1
9924	1
9926	1
9929	2
9930	1
9938	1
9942	2
9943	1
9944	1
9947	2
9948	1
9950	1
9951	1
9957	1
9963	1
9964	1
9972	1
9978	1
9983	1
9984	2
9986	2
9989	1
9991	1
9995	1
9997	1
9998	1
10002	1
10004	1
10007	2
10010	1
10011	1
10024	1
10027	1
10032	1
10035	1
10044	1
10047	2
10052	2
10053	1
10056	2
10061	1
10068	1
10070	1
10072	1
10075	1
10076	1
10080	1
10081	1
10083	1
10084	1
10088	2
10092	1
10095	1
10097	2
10099	1
10101	2
10102	2
10105	1
10107	2
10108	1
10113	1
10115	1
10116	2
10123	1
10124	1
10128	1
10130	2
10133	1
10143	1
10145	1
10146	1
10147	1
10148	1
10150	1
10151	1
10153	2
10164	1
10166	1
10172	1
10177	1
10179	2
10183	1
10184	1
10205	2
10210	2
10211	3
10212	1
10215	1
10217	1
10219	2
10221	1
10224	1
10228	2
10229	1
10231	1
10233	1
10240	1
10242	2
10244	1
10252	2
10254	1
10257	2
10259	2
10261	1
10267	1
10273	1
10278	1
10281	1
10282	2
10283	1
10287	1
10288	1
10296	1
10299	1
10300	1
10301	1
10302	1
10303	1
10310	1
10311	1
10315	2
10320	1
10325	1
10329	1
10333	1
10339	1
10340	2
10341	1
10343	1
10344	1
10348	1
10349	1
10352	1
10354	1
10355	1
10359	1
10361	1
10366	1
10368	1
10370	1
10372	1
10383	1
10384	1
10386	2
10391	1
10405	1
10407	1
10408	1
10410	1
10412	1
10413	1
10415	1
10417	2
10418	1
10424	2
10434	1
10437	1
10442	2
10446	1
10454	1
10458	1
10459	1
10460	2
10464	1
10467	1
10468	2
10470	1
10473	1
10476	1
10477	1
10478	1
10479	2
10481	1
10487	1
10492	1
10493	2
10496	1
10500	2
10504	1
10515	3
10520	1
10521	1
10526	1
10532	2
10533	1
10534	1
10535	1
10545	1
10547	1
10553	1
10556	1
10560	1
10562	2
10564	1
10574	1
10579	1
10582	1
10585	1
10589	1
10590	1
10600	2
10604	1
10606	2
10607	1
10609	1
10613	1
10623	2
10641	1
10643	1
10647	1
10649	1
10652	1
10654	2
10663	1
10670	1
10673	1
10675	2
10678	1
10679	1
10685	1
10686	1
10692	1
10694	1
10695	1
10697	1
10698	1
10706	1
10707	1
10709	1
10715	1
10719	1
10723	1
10727	1
10729	1
10735	1
10744	1
10758	1
10763	2
10769	1
10770	1
10773	1
10774	1
10776	2
10778	1
10780	1
10781	1
10783	1
10788	1
10791	1
10792	1
10793	1
10794	1
10795	1
10796	1
10800	1
10813	1
10820	1
10829	1
10830	1
10831	1
10833	1
10837	1
10845	1
10855	1
10864	2
10865	1
10868	2
10871	1
10874	1
10881	2
10883	1
10884	3
10897	2
10902	1
10911	1
10919	1
10921	1
10933	1
10935	1
10939	1
10940	1
10944	1
10947	1
10950	2
10955	1
10957	1
10964	1
10973	1
10974	2
10977	1
10979	1
10982	1
10998	1
11000	1
11002	1
11003	1
11004	1
11006	1
11012	1
11029	1
11033	1
11046	1
11054	1
11055	1
11061	1
11069	2
11070	1
11091	1
11092	2
11098	1
11103	2
11112	1
11119	1
11121	1
11122	1
11123	1
11129	1
11130	1
11134	1
11153	1
11162	1
11169	1
11171	1
11174	1
11179	1
11185	1
11188	1
11193	1
11202	1
11205	1
11219	1
11220	1
11221	1
11223	2
11227	1
11235	1
11236	1
11237	1
11247	1
11252	1
11254	1
11259	1
11263	1
11266	1
11278	1
11280	2
11288	1
11289	1
11297	1
11305	1
11308	1
11311	1
11316	1
11317	1
11319	1
11321	1
11329	1
11330	1
11331	1
11334	1
11336	1
11343	1
11346	1
11348	1
11353	1
11354	1
11356	1
11360	1
11362	1
11363	1
11370	1
11374	1
11377	1
11381	1
11382	1
11387	1
11393	3
11395	2
11396	1
11403	1
11413	2
11414	1
11417	1
11418	1
11422	1
11428	1
11429	1
11433	1
11438	1
11441	1
11448	1
11450	1
11459	1
11463	1
11471	1
11472	1
11483	1
11484	1
11486	1
11488	1
11490	1
11496	1
11497	1
11503	1
11505	1
11509	1
11512	1
11515	1
11517	1
11526	1
11531	1
11552	1
11557	1
11564	1
11572	1
11574	1
11580	1
11592	1
11608	1
11612	1
11623	1
11627	1
11642	2
11644	2
11645	1
11646	1
11652	1
11655	1
11657	1
11660	2
11663	1
11664	2
11667	1
11671	2
11673	2
11674	1
11686	1
11688	1
11690	1
11691	1
11703	1
11708	2
11712	1
11725	1
11738	2
11744	2
11746	1
11749	1
11755	1
11758	1
11768	1
11773	1
11783	1
11784	1
11785	1
11789	1
11790	2
11791	1
11794	1
11802	1
11803	1
11805	1
11821	1
11824	1
11829	1
11833	1
11834	1
11837	2
11840	1
11849	1
11857	1
11859	1
11861	1
11867	1
11868	1
11870	1
11871	1
11872	1
11874	1
11888	1
11897	1
11898	1
11906	2
11917	1
11924	1
11925	1
11930	1
11931	1
11932	1
11938	1
11947	3
11951	1
11957	1
11961	2
11963	1
11972	1
11977	1
11980	1
11986	2
11987	2
11999	1
12006	1
12008	1
12020	1
12029	1
12034	1
12036	2
12037	2
12041	1
12048	1
12062	1
12065	1
12073	2
12076	1
12082	1
12085	1
12093	1
12095	1
12105	1
12111	1
12121	1
12138	1
12140	1
12141	1
12150	1
12154	1
12165	1
12168	1
12176	1
12178	1
12181	1
12193	1
12195	3
12196	1
12197	1
12199	1
12200	1
12202	1
12205	1
12206	1
12228	1
12240	1
12243	2
12245	2
12255	1
12260	1
12270	1
12273	1
12308	1
12309	1
12313	1
12316	1
12319	1
12323	2
12325	1
12326	1
12332	1
12334	1
12339	1
12340	1
12349	1
12350	2
12353	1
12358	2
12361	1
12365	1
12368	1
12379	1
12383	1
12385	1
12386	1
12387	1
12389	1
12392	1
12393	1
12394	1
12417	2
12421	1
12435	1
12437	1
12456	1
12459	1
12464	1
12466	1
12468	1
12469	1
12472	1
12476	1
12480	1
12484	1
12491	1
12501	1
12518	1
12525	1
12531	1
12539	2
12541	1
12542	1
12547	1
12568	1
12570	1
12573	1
12578	1
12581	1
12591	1
12598	1
12604	1
12608	1
12615	1
12618	1
12620	1
12627	1
12634	1
12636	1
12638	2
12640	1
12643	1
12678	1
12681	1
12695	1
12699	1
12703	1
12706	1
12715	1
12728	1
12736	1
12737	1
12748	1
12757	1
12760	2
12763	1
12764	1
12768	1
12778	1
12782	1
12786	1
12793	1
12797	1
12835	1
12854	1
12857	1
12859	1
12867	1
12870	1
12885	2
12888	1
12891	1
12893	1
12895	1
12907	2
12908	1
12914	1
12931	1
12936	1
12939	1
12940	1
12946	1
12953	1
12959	1
12961	1
12965	1
12966	1
12968	1
12973	1
12985	1
12986	1
12996	1
13007	1
13013	1
13023	1
13037	2
13052	1
13065	1
13069	1
13077	1
13089	1
13094	1
13099	1
13101	1
13108	1
13145	1
13158	1
13165	1
13173	1
13176	1
13195	1
13199	1
13206	1
13210	1
13216	1
13217	1
13227	1
13229	1
13232	2
13233	1
13234	1
13235	1
13240	1
13245	1
13246	1
13248	1
13250	1
13260	1
13264	1
13267	1
13273	1
13274	1
13278	1
13283	1
13296	2
13304	1
13312	1
13323	1
13324	1
13338	1
13339	1
13343	1
13355	1
13357	1
13367	1
13369	1
13371	1
13374	1
13380	1
13383	1
13390	1
13392	1
13394	1
13399	1
13404	1
13408	1
13429	1
13430	2
13435	1
13439	1
13440	1
13442	1
13456	1
13464	1
13465	2
13468	1
13474	1
13484	1
13502	1
13503	1
13505	1
13513	1
13528	1
13535	1
13548	2
13553	1
13556	1
13558	1
13559	1
13561	1
13581	1
13582	2
13607	1
13615	1
13616	1
13626	1
13633	1
13638	2
13643	1
13645	1
13650	1
13659	1
13662	1
13663	1
13675	1
13680	1
13684	1
13688	2
13709	1
13710	1
13715	1
13721	1
13726	3
13742	1
13757	1
13760	1
13762	1
13770	2
13774	1
13783	2
13795	1
13800	1
13830	1
13836	1
13850	1
13857	1
13859	1
13872	1
13875	1
13877	1
13882	1
13895	1
13896	1
13902	1
13905	1
13907	1
13912	1
13921	1
13922	2
13939	2
13940	1
13945	1
13947	1
13957	2
13960	1
13966	1
13970	1
13977	1
13979	1
13981	1
13987	1
14014	1
14016	1
14027	1
14032	1
14034	1
14039	1
14048	1
14052	1
14056	1
14068	1
14071	1
14079	1
14080	1
14082	1
14083	1
14100	1
14108	1
14113	1
14119	1
14122	1
14125	1
14138	1
14150	1
14152	2
14154	1
14156	1
14170	1
14180	1
14181	1
14191	1
14193	1
14194	1
14195	1
14208	1
14211	1
14221	1
14228	2
14235	1
14243	1
14246	1
14249	1
14250	1
14256	1
14257	1
14261	1
14274	1
14282	1
14285	1
14293	1
14294	1
14316	2
14321	1
14331	2
14333	1
14340	1
14355	1
14358	1
14375	1
14391	1
14399	1
14412	1
14417	1
14419	1
14421	1
14431	1
14438	1
14445	1
14446	1
14460	1
14467	1
14491	1
14494	1
14503	1
14504	1
14506	1
14508	1
14511	1
14517	1
14521	1
14522	1
14544	1
14547	1
14561	1
14572	1
14586	1
14588	1
14595	1
14598	1
14619	1
14622	1
14624	1
14631	1
14636	1
14642	1
14648	1
14657	1
14683	1
14691	1
14703	1
14706	1
14708	1
14723	1
14733	2
14735	1
14762	1
14790	1
14791	1
14793	1
14797	1
14799	1
14806	1
14813	1
14814	1
14817	1
14820	1
14831	1
14837	1
14840	1
14841	1
14861	1
14872	2
14874	1
14878	1
14888	1
14898	2
14905	1
14922	1
14923	1
14924	1
14928	1
14941	2
14943	1
14948	1
14949	1
14952	1
14958	1
14967	1
14972	1
14981	1
14982	1
14983	1
14989	1
15021	1
15026	2
15039	1
15040	1
15047	1
15051	2
15069	1
15071	1
15077	1
15108	2
15139	1
15145	1
15161	1
15164	1
15167	2
15186	2
15187	1
15195	1
15202	1
15209	1
15238	1
15239	1
15250	1
15269	1
15273	1
15277	1
15292	1
15296	1
15301	1
15306	1
15318	1
15326	1
15359	1
15366	1
15368	1
15371	1
15392	1
15394	1
15399	1
15400	1
15403	1
15413	1
15424	1
15434	1
15436	1
15442	1
15448	1
15469	2
15495	2
15512	1
15517	1
15562	1
15586	1
15587	1
15600	1
15628	1
15654	1
15657	2
15658	1
15664	1
15669	1
15676	1
15678	1
15687	1
15707	1
15741	1
15752	1
15761	1
15763	1
15768	1
15783	1
15784	1
15791	1
15794	1
15804	1
15808	2
15813	1
15822	1
15823	1
15833	1
15848	1
15853	1
15861	1
15882	1
15885	2
15894	1
15896	1
15973	1
15979	1
15991	1
16002	1
16017	1
16048	1
16052	1
16057	1
16059	1
16096	1
16114	1
16127	1
16154	1
16181	1
16186	1
16228	1
16231	1
16233	1
16244	1
16291	1
16299	1
16309	1
16335	1
16336	1
16352	1
16374	1
16376	1
