1	6
2	8
3	4
4	6
5	1
6	3
16391	2
7	2
8	3
10	1
11	2
12	7
13	3
14	6
15	4
16	6
17	3
18	4
19	7
20	7
21	6
22	2
23	8
24	7
25	5
16409	1
26	4
27	8
28	2
29	11
30	4
31	2
32	4
16416	1
33	9
16417	1
16418	2
34	5
35	5
36	5
37	2
16421	1
38	4
16423	1
39	3
40	3
16424	1
41	9
42	6
43	3
44	6
45	9
16429	2
46	2
47	3
16431	1
48	5
49	5
50	2
51	4
52	4
53	3
54	3
16439	1
55	5
56	8
57	5
58	4
59	5
60	4
61	3
62	4
63	1
64	5
65	2
66	6
67	5
68	7
69	3
70	2
71	3
74	6
75	3
76	1
77	2
16461	1
78	8
79	6
80	5
81	5
82	5
83	4
84	3
85	5
86	4
87	2
88	5
89	3
90	6
91	6
92	1
93	3
94	1
95	1
96	5
97	2
98	5
99	3
16483	1
100	5
16485	1
101	2
102	3
103	6
16487	2
104	2
105	2
16489	1
106	3
107	5
108	2
16492	1
109	6
111	2
112	2
113	5
114	4
115	8
117	9
118	3
119	4
120	2
121	5
122	5
123	6
16507	1
124	2
125	6
126	5
16510	2
127	6
128	5
16512	1
129	3
130	3
131	4
132	5
133	1
135	3
136	5
137	7
138	4
139	10
16523	1
140	5
141	3
142	8
143	4
16527	1
144	2
16529	1
145	3
146	4
147	2
148	10
149	5
150	5
151	6
152	3
153	4
16538	1
154	3
155	5
156	2
157	7
158	6
159	4
160	1
161	7
162	6
16546	1
163	4
164	2
165	6
16549	1
16550	1
166	2
167	4
168	3
169	3
170	4
171	5
174	4
175	2
176	6
177	2
16561	2
178	4
179	4
180	4
181	3
182	2
183	4
184	1
185	8
186	4
187	4
188	2
189	3
190	4
191	4
192	2
16576	1
193	7
194	3
195	4
196	6
197	2
198	7
199	4
200	9
201	5
202	5
203	3
204	6
16588	1
205	5
206	6
207	6
208	7
209	6
210	1
211	4
212	2
213	1
214	2
16598	1
215	4
216	4
217	4
218	3
219	1
220	5
221	2
222	1
223	8
224	4
225	7
226	3
16610	1
227	2
228	2
229	3
230	3
231	8
232	2
16616	1
233	4
16617	1
234	6
235	3
236	6
237	8
238	5
239	4
240	5
16625	1
241	5
243	2
244	4
245	7
246	8
247	4
16631	1
248	5
249	5
250	3
251	1
252	7
253	5
254	1
255	9
256	5
257	2
258	2
16642	1
259	5
260	6
261	8
262	10
263	2
264	4
265	5
266	3
267	4
268	5
269	4
270	4
271	4
16656	1
272	3
273	6
274	7
16659	1
275	4
276	3
277	3
278	5
279	1
280	3
281	2
16665	1
282	1
283	5
284	2
285	4
286	4
287	1
288	12
289	7
290	4
291	8
292	2
293	4
294	1
295	6
296	2
297	5
298	2
299	3
300	2
301	2
302	5
303	4
304	5
16689	1
305	1
306	11
307	2
308	2
16692	1
309	2
310	4
311	2
312	3
313	9
314	3
315	3
316	3
317	2
318	5
319	12
320	2
321	6
322	6
323	3
16707	1
324	6
325	5
326	3
327	6
328	8
329	6
330	5
331	5
332	7
333	5
334	6
335	4
336	1
16720	1
337	4
338	12
16722	1
339	8
16723	1
340	7
341	3
342	5
343	6
344	5
345	3
346	6
347	5
16731	1
348	4
349	8
350	6
351	4
352	3
353	8
354	7
355	4
356	4
357	7
358	9
359	5
360	7
361	5
362	7
363	5
364	6
365	6
366	3
367	6
368	4
369	4
16754	1
370	7
371	6
372	1
373	6
374	4
375	3
376	4
377	3
378	4
379	4
380	2
381	6
382	4
383	3
384	9
385	6
386	2
387	3
16771	1
388	6
389	6
390	3
391	4
392	8
394	5
395	5
396	5
397	4
398	5
399	2
400	4
401	3
402	7
403	2
404	4
405	7
16790	1
406	6
407	5
408	5
409	6
410	3
411	9
412	6
413	2
414	5
415	5
416	3
417	6
418	4
419	3
420	7
421	5
423	5
424	8
425	2
426	4
427	4
428	5
429	2
430	7
431	2
432	3
433	5
434	4
435	3
436	5
437	3
438	3
16822	1
439	7
440	3
441	3
442	3
443	5
444	8
445	8
446	6
447	4
448	4
449	4
450	2
451	2
452	7
453	9
454	4
455	2
456	2
457	8
458	8
459	2
460	9
461	2
462	2
463	4
464	4
465	2
466	3
467	5
468	4
469	6
470	1
471	3
472	3
473	8
474	6
475	8
476	8
477	7
478	1
479	2
480	6
481	4
482	5
483	2
484	4
485	6
486	6
487	3
488	1
489	7
490	7
491	5
492	1
493	3
494	4
495	3
16879	1
496	4
497	7
498	4
499	9
500	2
501	4
16885	1
502	2
503	10
16887	1
504	4
505	1
506	2
507	7
508	3
509	5
510	3
511	5
512	9
16896	1
513	3
514	4
515	2
516	6
517	3
518	4
519	4
520	3
521	8
522	5
523	7
524	6
525	3
526	5
527	3
529	6
530	4
531	6
532	1
533	4
534	5
535	6
16919	1
536	4
537	3
538	6
539	7
540	3
541	6
542	3
543	6
544	3
545	5
546	3
547	4
548	7
549	9
550	5
551	9
552	10
553	3
554	2
555	4
556	2
557	7
558	2
559	6
560	4
561	2
562	4
563	3
564	3
565	4
566	6
567	3
16952	1
568	7
569	3
570	2
571	5
16955	1
572	2
573	4
574	7
575	4
576	4
16960	1
577	3
578	3
16962	1
579	1
580	3
581	9
582	6
584	5
585	5
586	6
587	3
588	5
589	6
590	8
591	7
592	4
593	5
594	3
595	3
596	5
597	5
598	5
600	11
601	2
602	7
603	7
604	3
16988	1
605	6
606	2
607	5
608	6
609	8
610	7
611	5
612	2
613	5
614	4
615	6
616	2
617	8
618	1
619	5
621	4
622	5
623	7
624	4
625	4
626	6
627	3
628	2
629	7
630	3
631	3
632	11
633	3
634	3
635	8
636	5
637	4
638	3
639	4
640	8
641	6
642	3
643	1
644	4
645	5
646	5
647	6
648	6
649	3
17033	1
650	8
651	3
652	7
653	7
654	5
655	5
17039	1
656	5
658	7
659	5
660	2
661	6
662	4
663	6
664	5
665	3
17049	1
666	2
667	4
668	6
669	2
670	4
671	4
672	3
673	4
674	7
675	3
676	4
677	7
678	2
679	6
680	4
682	3
683	2
684	3
685	6
686	6
687	5
688	1
689	6
690	3
691	1
692	3
693	5
694	3
695	2
696	3
697	3
699	8
700	1
701	8
702	6
703	6
704	2
705	6
706	6
707	5
17091	1
708	6
709	6
710	4
17094	1
711	3
712	3
713	6
714	3
715	3
716	3
17100	1
717	1
718	7
719	5
720	1
721	4
722	5
723	5
724	5
725	7
726	2
728	4
729	5
730	4
17114	1
731	3
732	3
733	4
734	4
735	5
736	6
737	3
738	5
739	4
17123	1
740	7
741	1
742	7
743	3
744	5
745	2
746	1
747	6
748	7
749	9
750	5
751	7
752	1
753	6
754	6
755	5
17139	1
756	8
757	3
758	7
759	7
760	7
17144	1
761	4
762	8
763	5
764	4
765	6
766	9
767	2
768	1
770	6
771	3
772	1
773	3
774	3
775	3
776	5
777	8
778	5
17162	1
779	2
780	3
781	5
782	3
783	1
784	4
785	6
786	2
787	5
788	5
789	3
17173	1
790	9
791	5
17175	1
792	5
793	5
17177	1
794	6
795	4
796	10
797	4
798	4
799	7
800	3
801	5
802	5
17186	2
803	2
804	1
805	6
806	7
807	8
808	4
809	5
810	3
811	4
812	4
813	4
814	5
815	7
816	3
817	4
818	4
819	2
820	5
821	6
822	3
823	5
824	6
825	5
826	8
827	6
828	4
829	8
830	5
831	10
832	7
833	8
834	6
835	3
836	5
837	6
838	6
839	8
840	1
841	3
842	4
843	4
844	5
17229	1
845	3
846	3
847	7
848	4
849	5
850	5
851	2
852	1
853	1
854	5
855	5
856	5
857	4
858	3
859	5
860	5
861	3
862	3
863	6
864	4
865	6
17249	1
866	4
867	7
868	2
869	5
870	5
871	6
872	5
873	3
874	3
875	2
876	4
877	6
878	4
879	5
17263	1
880	5
881	4
882	4
883	9
884	4
885	8
886	4
887	1
888	1
889	7
890	5
17274	1
891	8
892	7
893	4
17277	1
894	3
895	11
896	7
897	2
898	3
899	1
900	2
17284	1
901	4
902	3
903	4
904	4
905	7
906	5
907	5
908	3
909	7
910	5
911	7
912	1
913	3
914	4
915	5
916	3
917	6
918	6
919	4
920	2
921	5
922	6
923	3
924	8
925	5
926	3
927	5
928	8
929	1
930	4
931	3
932	7
933	3
934	4
935	4
936	3
937	5
938	5
939	3
940	3
941	9
17326	1
943	5
944	5
945	2
946	7
947	4
948	4
949	3
950	6
951	5
952	3
953	5
954	6
955	8
956	6
957	3
958	5
17342	1
959	5
960	3
961	3
962	1
963	9
17347	1
964	9
17348	1
965	3
966	4
17350	1
968	6
970	4
971	4
972	7
973	4
974	2
975	4
976	9
977	3
17361	1
978	3
979	5
980	2
981	5
982	5
983	4
984	4
17368	1
17369	1
985	4
986	5
987	8
988	3
989	6
990	3
991	8
992	3
993	5
994	3
995	4
996	3
997	7
998	5
999	7
1000	7
1001	2
1002	6
1003	5
1004	4
1005	7
1006	4
1007	7
1008	5
1009	8
1010	3
1011	3
1012	5
17397	1
1013	3
1014	6
1015	4
1016	8
1017	1
1018	4
1019	10
17403	1
1020	3
17404	1
1021	3
1022	6
1023	5
1024	5
1025	3
1026	2
1027	2
1028	5
1029	7
1030	5
17414	1
1031	5
1032	6
1033	4
1034	7
1035	5
1036	9
1037	6
1038	2
1039	6
1040	5
1041	4
1042	9
1043	3
1044	3
1045	4
1046	6
1047	2
1048	2
1049	5
1050	1
1051	5
1052	3
1053	3
1054	3
1055	6
1056	1
1057	3
1058	2
1059	2
1060	5
1061	1
1062	6
1063	3
1064	4
1065	7
1066	5
1067	5
1068	4
17452	1
1069	2
1070	6
1071	4
1073	4
1074	5
1075	2
1076	3
1077	2
1078	4
1079	6
1080	4
1081	4
1082	7
1083	6
1084	6
1085	6
1086	4
1087	3
1088	4
17472	1
1089	4
1090	3
1091	3
1092	2
1093	1
1094	9
1095	9
1096	4
1097	6
1098	6
1099	3
1100	7
1101	4
1102	3
1103	4
1104	3
1105	5
1106	2
17490	1
1107	4
1108	4
1109	4
17493	1
1110	4
1111	8
1112	4
17496	1
1113	6
1114	3
17498	1
1115	7
1116	6
1117	5
1118	2
1119	7
1120	4
1121	2
1122	4
1123	5
1124	4
1125	3
1126	5
1127	5
1128	5
1129	4
1130	3
1131	5
1132	4
1133	3
1135	1
1136	5
1137	3
1138	4
1139	3
17523	1
1140	8
17524	2
1141	5
1142	4
1143	3
1144	4
1145	6
1146	6
1147	3
1148	4
1149	6
1150	2
1151	6
17535	1
1152	6
1154	3
1155	3
1156	5
1157	3
1158	1
1159	3
1160	3
1161	5
1162	1
1163	5
1164	6
1165	3
17550	1
1166	3
1167	6
1168	3
1169	5
1170	5
1171	2
1172	3
1173	5
1174	5
1175	1
1176	5
1177	4
1178	5
1179	2
1180	4
1181	3
1182	5
1183	6
1184	5
1185	6
1186	5
1187	3
1188	5
17572	1
1189	3
1190	6
17574	1
1191	6
1192	3
1193	3
1194	4
1195	9
1196	1
1197	2
1198	6
1199	4
1200	5
1201	4
1202	6
1203	5
1204	6
1205	4
1206	6
1207	4
1208	4
1209	8
1210	5
1211	4
1212	2
1213	5
1214	6
1215	2
1216	7
1217	4
1218	4
1219	6
1220	3
1221	2
1222	1
17606	1
1223	5
1224	1
1225	1
1226	6
1227	4
1228	2
1229	3
1230	7
1231	7
1232	5
1233	6
1234	4
1235	3
1236	4
17620	1
1237	7
1238	2
1239	1
1240	6
1241	3
1242	6
1243	6
1244	2
1245	2
1246	1
1247	6
1248	2
1249	1
1250	4
1251	7
17635	1
1252	5
1253	7
1254	3
1255	5
1256	4
1257	3
1258	4
1259	6
1260	1
1261	7
1262	4
1263	3
1264	5
1265	5
1266	6
1267	6
1268	3
1269	7
1270	2
1271	6
1272	4
1273	4
1274	7
1275	6
1276	1
1277	3
1278	7
1279	6
17663	1
1280	1
1281	2
1282	4
1283	4
1284	3
1285	7
1286	5
1287	7
1289	5
1290	4
17674	1
1291	5
1292	2
1293	9
1294	4
1296	2
1297	2
1298	3
1299	2
1300	3
1301	4
17685	1
1302	1
1303	7
17688	1
1304	4
1305	3
1306	9
1307	5
1308	4
17692	1
1309	2
1310	5
17694	1
1311	8
1312	10
1313	4
1314	7
1315	2
1316	3
1317	5
1318	3
1319	6
1320	6
1321	3
1322	7
1323	3
1324	4
1325	8
1327	3
1329	4
1330	8
1331	6
1332	4
1333	6
1334	6
1335	6
1336	3
1337	1
1338	5
1339	6
1340	7
1341	1
1342	4
1343	4
1344	1
1345	3
1346	6
1347	4
1348	5
1349	5
1350	4
1351	6
1352	7
1353	5
1354	5
1355	3
1356	2
1357	3
1358	4
1359	4
1360	3
1361	3
1362	6
1363	3
1364	5
1365	1
1366	5
1367	4
1368	2
1369	4
1370	5
17755	1
1371	3
1372	2
1373	3
1374	3
1375	5
1376	9
1377	5
1378	5
1379	2
1380	3
1381	6
1382	3
1383	7
1384	2
1385	4
1386	2
1387	5
1388	4
1389	2
1390	9
1391	4
1392	3
1393	3
1394	7
17778	1
1395	5
1396	1
1397	2
1398	5
1399	2
1400	2
1401	5
1402	5
1403	3
1404	2
1405	7
1406	2
1407	4
1408	8
1409	3
1410	2
1411	5
1412	6
1413	2
1414	2
1415	4
1416	1
1417	5
1418	6
1419	5
1420	3
1421	3
1422	7
1423	4
1424	4
1425	1
1426	2
1427	7
1428	3
1429	6
1430	3
17814	1
1431	7
1432	2
1433	3
1434	4
1435	2
1436	4
1437	8
1438	6
1439	4
1440	2
1441	3
1442	4
1443	2
1444	3
1445	2
1446	6
17831	1
1447	1
1448	3
1449	4
1450	7
1451	7
1452	3
1453	5
1454	7
1455	5
1456	4
1457	2
1458	4
1459	5
1460	1
1461	5
1462	6
1463	3
1464	4
1465	3
17849	1
1466	1
1467	4
1468	2
1469	4
17853	1
1470	5
17854	1
1471	7
1472	5
1473	1
1474	3
1475	5
1476	3
1477	10
17861	1
1478	4
1479	3
1480	5
17864	2
1481	5
1482	2
1483	3
1484	3
1485	2
1486	2
1487	4
1488	3
1489	5
1490	3
1491	2
1492	6
1493	4
1494	3
1495	2
1496	8
17881	1
1497	1
1498	7
1499	6
1501	2
1502	6
1503	3
1504	4
1505	2
1506	9
1507	4
1508	8
17893	1
1509	2
1510	5
17895	1
1511	4
1512	8
1513	5
1514	5
1515	3
1516	4
1517	4
1518	5
1519	7
1520	4
1521	3
1522	4
17906	1
1523	1
1524	3
1525	5
1526	3
1527	3
1528	5
1529	9
1530	2
1531	6
1532	6
1533	5
1534	3
1535	5
1536	3
1537	5
1538	2
1539	4
1540	6
1541	3
1542	4
1543	8
1544	6
1545	1
1546	4
1547	3
1548	6
1549	9
1550	4
1551	3
1552	7
1553	3
1554	2
1555	12
1556	4
1557	1
1558	2
1559	3
1560	4
1561	2
1562	2
1563	6
1564	1
1565	6
1566	10
1567	3
1568	4
1569	4
17953	1
1570	7
17954	1
1571	2
1572	2
1573	3
1574	3
1575	4
1576	3
1577	2
1578	4
1579	11
1580	6
1581	5
1582	4
1583	8
1584	5
1585	3
1586	5
1587	4
1588	2
1589	9
1590	6
1591	3
1592	6
1593	4
17978	1
1594	1
1595	5
1596	3
1597	1
1598	3
1600	7
1601	4
1602	2
1603	5
17987	1
1604	4
1605	2
1606	3
1607	6
1608	4
1609	3
1610	1
1611	1
1612	5
1613	3
1614	4
1615	4
1616	3
1617	4
1618	4
1619	5
1620	8
1621	1
1622	5
1623	2
1624	2
1625	2
1626	3
1627	3
1628	4
1629	6
1630	3
1631	2
1632	5
1633	5
1634	3
1635	2
1636	2
1637	1
1638	7
1639	4
1640	3
1641	2
1642	3
1643	8
1644	7
1646	3
1647	4
1648	6
1649	3
1650	4
1651	2
1652	4
1653	6
18037	2
1654	5
1655	5
1656	6
1657	3
1658	5
1659	3
1660	4
1661	6
1662	5
1663	5
1664	3
1665	3
1666	7
1667	6
18052	1
1668	1
1669	5
1670	2
18055	1
1671	3
1672	10
1673	8
1674	2
1675	4
1676	7
1677	6
1679	3
1680	3
1681	4
1682	3
1683	4
1684	4
1685	2
1686	4
1687	3
1688	6
1689	1
1690	2
1691	2
1692	8
1693	3
1694	5
1695	2
1696	4
1697	5
1698	3
1700	4
1701	3
1702	6
1703	4
1704	9
1705	5
1706	3
18091	1
1707	3
1708	5
1709	7
1710	4
1711	10
1712	6
1713	10
1714	9
1715	4
1716	6
1717	2
1718	3
1719	2
18103	1
1720	2
18104	1
18105	1
1721	2
1722	4
1723	4
1724	6
1725	4
1726	5
1727	6
1728	7
1729	3
18114	1
1730	8
1731	5
1732	6
1733	3
1734	6
1735	6
1736	2
1737	5
1738	11
1739	6
18123	1
1741	3
1742	5
1743	3
1744	3
1745	5
1746	4
1747	8
1748	6
1749	7
1750	3
1751	2
1752	4
1753	5
1754	2
1755	2
1756	3
1757	6
1758	3
1759	3
1760	4
1761	2
1762	2
1763	4
1764	3
1765	2
1766	1
1767	6
1768	2
1769	5
1770	3
1771	3
1772	4
1773	7
1774	2
1775	7
1776	1
18160	1
1777	4
1778	4
1779	4
1780	2
1781	5
1782	4
1783	3
1784	2
1785	7
1786	4
1787	2
1788	9
1789	5
1790	6
18174	1
1791	3
1792	5
1793	3
1794	3
1795	7
1796	4
1797	2
1798	2
1799	4
1800	3
1801	7
1802	5
1803	4
1804	6
18188	1
1805	5
1806	7
1807	6
1808	5
1810	3
1811	3
1812	5
1813	4
1814	7
1815	2
1816	2
1817	8
1818	7
18202	1
1819	5
1820	4
1821	3
1822	2
1823	3
1824	3
1825	3
1826	9
1827	8
1828	3
1829	12
1830	8
18214	1
1831	4
1832	5
1833	2
1834	5
1835	4
1836	6
1837	6
1838	5
1839	3
1840	1
1841	3
1842	4
1843	3
1844	2
1845	5
1846	7
1847	7
1848	4
1849	3
1850	4
1851	6
1852	4
1853	4
18237	1
1854	6
1855	5
1856	5
1857	1
1858	2
18242	1
1859	5
1860	8
18244	1
1861	3
1862	2
1863	5
1864	5
1865	5
1866	5
1867	4
1868	6
1869	2
1870	3
1871	5
1872	4
1873	6
1874	5
1875	8
1876	3
1877	1
1878	2
18263	1
1879	5
1880	3
1881	4
1882	3
1883	2
1884	4
1885	5
1886	2
1887	7
1888	6
1889	2
1890	2
1891	1
1892	2
1893	3
1894	4
1895	6
1896	3
1897	4
18281	1
1898	4
1899	3
1901	1
1902	1
1903	5
1904	3
1905	4
1906	4
1907	2
1908	2
1909	2
1910	5
1911	1
1912	6
1913	7
1915	6
1916	1
1918	9
1919	5
1920	1
1921	4
1922	4
1923	4
1924	5
1925	3
1926	2
1927	3
1928	5
1929	2
1930	6
1931	4
1932	7
1933	4
1934	3
1935	3
1936	1
1937	4
1938	4
1939	2
1940	8
1941	6
1942	3
1943	2
1944	7
1945	5
1946	6
1947	1
1948	6
1949	1
1950	2
1951	9
1952	6
1953	3
1954	7
1955	5
1956	3
1957	7
1958	6
1959	6
18343	1
1960	6
1961	4
1962	4
1963	4
1964	2
1965	5
1966	6
1967	2
1968	5
1969	4
1970	1
1971	3
1972	4
1973	2
1974	5
18358	1
1975	3
1976	3
1977	6
1978	4
1979	5
1980	8
1981	1
1982	3
1983	4
1984	3
1985	2
1986	2
1987	5
1988	6
1989	2
1990	5
1991	5
1992	3
1993	5
1994	4
1995	2
1996	2
1997	6
1998	3
1999	5
2000	5
2001	8
2002	2
2003	3
2004	4
2005	5
2006	5
2007	7
2008	3
2009	6
2010	3
2011	7
2012	5
2013	5
2014	3
2015	2
2016	6
2017	8
2018	6
2019	8
2020	6
2021	3
2022	6
2023	1
2024	6
2025	7
2026	4
2027	3
2028	2
2029	7
2030	4
2031	6
2032	4
2033	6
2034	5
2035	4
2036	3
2037	3
2038	10
2039	5
2040	5
2041	5
2042	3
2043	9
2044	6
2045	8
2046	3
2047	1
2048	2
18432	1
2049	4
2050	4
2051	6
2052	2
2053	6
2054	7
2055	7
2056	2
18440	1
2057	3
2058	4
18442	1
2059	3
2060	7
2061	2
2062	5
2063	5
2064	4
2065	6
2066	3
2067	5
2068	2
2069	1
2070	3
2071	3
2072	6
2073	6
2074	4
2075	3
2076	9
2077	3
2078	1
2079	2
2080	9
2081	8
2082	3
2083	5
2084	10
2085	3
2086	5
2087	5
2088	3
2089	3
18473	1
2090	5
2091	6
2092	3
2093	6
2094	5
2095	3
2097	2
2098	6
2099	3
2100	9
2101	6
2102	12
2103	7
2104	4
2105	4
2106	6
2107	7
2108	7
2109	3
2110	5
2111	2
2112	4
2113	4
2114	8
2115	7
2116	5
2117	3
2118	4
2119	5
2120	1
2121	5
2122	4
2123	3
2124	6
2125	4
2126	4
2127	3
2128	6
2129	4
2130	3
2131	6
2132	6
2133	4
2134	2
2135	4
2136	2
2137	4
2138	7
2139	7
2140	2
2141	5
2142	1
18526	1
2143	3
2144	5
2145	3
2146	3
2147	5
2148	3
2149	7
2150	9
2151	7
2152	7
2153	2
2154	5
2155	2
2156	1
2157	7
2158	7
2159	6
2160	10
2161	5
2162	1
2163	3
2164	1
2165	5
2166	5
2167	5
2168	5
2169	4
2170	4
2171	3
2172	5
2173	4
2174	4
2175	6
2176	3
2177	4
2178	4
2180	4
2181	1
2182	4
2183	4
2184	2
2185	4
2186	5
2187	3
2188	7
2189	3
2190	3
2191	1
2192	3
2193	3
2194	1
18578	1
2195	5
2196	4
2197	5
2198	9
2199	5
2200	10
2201	3
2202	10
2203	2
2204	10
2205	1
2206	3
2207	3
2208	5
2209	2
2210	4
2211	5
2212	3
2213	6
2214	2
2215	4
2216	7
2217	5
2218	6
2219	4
2220	3
2221	1
2222	2
2223	3
2224	10
2225	6
2226	4
2227	4
2229	7
2230	9
2231	3
2232	3
2233	5
2234	8
2235	6
2236	6
2237	2
2238	4
2239	3
2240	5
2241	3
2242	5
2243	3
2244	2
2245	6
2246	5
2247	6
2248	4
2249	6
2250	3
2251	4
2252	7
2253	3
2254	6
2255	3
2256	2
2257	5
2258	7
2259	4
2260	4
2261	5
2262	4
2263	5
18647	1
2264	4
2265	5
2266	1
2267	3
2268	4
18653	2
2269	5
2270	2
2271	4
2272	7
2273	2
2274	4
2275	5
2276	6
2277	5
2278	3
2279	6
2280	5
2281	9
2282	4
2283	5
2284	4
2285	3
2286	5
2287	1
2288	7
2289	5
2290	2
2291	2
2292	8
2293	6
2294	4
2295	5
2296	2
2297	5
2298	2
2299	1
2300	4
2301	2
2302	2
2303	1
2304	3
18688	1
2305	9
2306	6
2307	3
2308	6
18692	1
2309	3
2310	7
2311	6
2312	3
18696	1
2313	3
2314	8
18699	1
2315	2
2316	3
2317	3
2318	2
2319	6
2320	4
2321	2
2322	6
2323	4
2324	5
2325	3
2326	5
2327	3
2328	10
2329	9
2330	3
2331	2
2332	4
2333	4
2334	4
2335	7
2336	4
2337	8
2338	4
2339	3
2340	5
2341	6
2342	4
18727	1
2343	3
2344	4
2345	4
2346	8
2347	2
2348	1
2349	4
2350	7
2351	5
2352	6
2353	4
2354	5
2355	2
2356	6
2357	1
2358	4
2359	2
2361	4
2362	4
2363	8
2364	8
2365	5
2366	5
2367	6
2368	3
2369	4
2370	2
2371	2
2372	5
2373	10
2374	3
2375	4
2376	7
2377	6
2378	2
2379	2
2380	5
2381	5
2382	1
2383	4
2384	4
2385	3
2386	2
2387	3
2388	8
2389	6
2390	2
2391	2
2392	2
2393	8
2394	4
2395	5
2396	5
2397	2
18782	1
2398	6
2399	4
2400	3
2401	6
2402	3
2403	2
2404	3
2405	8
2406	3
2407	3
2408	4
2409	5
2410	3
2411	6
2412	4
2413	4
2414	4
18798	1
2415	5
2416	7
2417	3
2418	2
2419	5
2420	5
2421	2
2422	1
2423	1
2424	4
2425	5
2426	5
2427	6
2429	5
2431	5
2432	5
2433	4
2434	1
2435	5
2436	4
2437	5
18821	1
2438	5
2439	7
2440	5
18825	1
2441	1
2442	10
2443	1
2444	4
2445	4
2446	1
2447	7
2448	4
2449	2
2450	2
2451	7
2452	4
2453	2
2454	6
2455	1
2456	4
2457	4
2458	6
2459	7
2460	9
2461	8
2462	7
2463	2
18847	1
2464	5
2465	2
2466	6
18850	1
2467	4
18852	1
2468	5
2469	3
2470	5
2471	6
2472	6
2473	1
2474	6
2475	6
2476	5
2477	3
2478	3
2479	5
2480	4
2481	2
2482	3
2483	6
2484	3
2485	3
2486	7
2487	6
2488	4
2489	7
2490	2
2491	5
2492	3
2493	3
2494	5
2495	5
2496	1
2497	4
2498	5
2499	4
2500	4
18884	1
2501	3
2502	8
2503	7
2504	5
2505	3
2506	1
2507	5
2508	2
2509	3
2510	2
2511	4
2512	2
2513	4
2514	1
2515	2
2516	7
2517	3
2518	7
2519	3
2520	5
2521	6
2522	9
2523	5
2524	2
2525	7
2526	2
2527	2
2528	7
2529	3
2530	3
2531	6
2532	4
2533	4
2534	5
2535	5
2536	3
2537	1
2538	5
2539	8
2540	3
2541	5
2542	3
2543	6
2544	10
2545	3
2546	5
2547	3
2548	1
2549	6
2550	7
2551	4
2552	3
2553	4
2554	3
2555	6
2556	4
2557	6
2558	5
2559	8
2560	3
2561	3
2562	4
2563	6
2564	7
2565	1
2566	2
2567	2
2568	5
2569	5
2570	1
2571	2
2572	5
2573	2
2574	2
2575	2
2576	5
2577	6
2578	2
2579	5
2580	3
2581	7
2582	4
2583	6
2584	5
2585	2
2586	3
2587	2
2588	7
2589	9
2590	4
2591	3
2592	5
2593	3
2594	3
2595	8
2596	5
2597	1
2598	1
2599	3
2600	5
2601	4
2602	1
2603	5
2604	4
2605	2
2606	4
2607	5
2608	5
2609	9
18993	1
2610	5
2611	2
2612	2
2613	5
2614	4
2615	4
2616	4
2617	2
2618	5
2619	4
2620	5
2621	4
2622	4
2623	6
2624	6
2625	9
2626	2
2627	5
2628	4
2629	6
2630	4
2631	13
2632	5
2633	9
19018	1
2634	3
2635	5
2636	3
2637	7
2638	3
2639	5
2640	3
2641	1
2642	3
2643	5
2644	5
2646	2
2647	1
2648	6
2649	7
2650	4
2651	11
19035	1
2652	3
2653	1
2654	7
2655	4
2656	5
2657	8
2658	6
2659	4
2660	2
2661	2
2662	7
2663	2
2664	2
2665	3
2666	5
2667	5
2668	5
19052	1
2669	4
2670	6
2671	5
2672	4
2673	4
2674	8
2675	2
2676	4
2677	3
2678	7
2679	2
2680	6
2681	5
2682	1
2683	6
2684	4
2685	1
2686	5
2687	7
2688	5
2689	5
2690	5
2691	8
2692	4
2693	5
2694	3
2695	4
2696	6
2697	5
2698	3
2699	4
2700	6
19084	1
2701	7
2702	5
2703	4
2704	6
2705	6
2706	5
2707	4
2708	5
2709	4
2710	2
2711	5
2712	5
2713	4
2714	3
2715	5
2716	2
2717	4
2718	9
2719	4
2720	2
2721	5
2722	4
2723	1
2724	2
2725	4
2726	3
2727	5
2728	4
2729	4
2730	3
2731	4
2732	3
2733	8
2734	2
2735	4
2736	7
2737	2
2738	5
2739	8
2740	4
2741	3
2742	4
19127	1
2743	6
2744	6
2745	11
2746	2
19130	1
2747	6
2748	2
2749	6
2750	6
2751	4
2752	2
2753	2
2754	5
2755	8
2756	6
2757	4
2758	4
2759	5
2760	3
2761	7
2762	3
2763	1
2764	3
2765	6
2766	4
2767	7
2768	8
2769	4
2770	10
2771	4
2772	5
2773	5
2774	4
2775	3
2776	6
2777	4
2778	5
2779	2
2780	2
2781	5
2782	3
2783	6
2784	1
2785	1
2787	2
2788	3
2789	4
2790	6
2791	3
2792	4
2793	3
2794	4
2795	3
2796	8
2797	5
2798	4
2799	1
2800	2
2801	4
2802	4
2803	4
2805	5
2806	5
2807	2
2808	4
2809	4
19193	1
2810	3
2811	4
2812	5
2813	4
2814	6
2815	5
2816	11
2817	1
2818	2
2819	5
2820	8
2821	5
2822	2
2823	3
2824	1
2825	5
2826	3
2827	4
2828	1
2829	4
2830	9
2831	2
2832	1
2833	3
2834	6
2835	5
2836	8
2837	7
2838	5
2839	6
2840	2
2841	1
2842	6
2843	1
2844	3
2845	3
2846	5
2847	8
2848	5
2849	5
2850	7
2851	2
2852	2
2853	3
2854	5
2855	5
2856	4
2857	4
2859	4
19243	1
2860	10
2861	7
2862	5
2863	4
2864	3
2865	4
2866	1
2867	6
2868	9
2869	4
2870	4
2871	7
19255	1
2872	2
2873	1
2874	4
2875	6
2876	2
2877	4
2878	2
2879	7
2880	7
2881	3
2882	7
2883	4
2884	5
2885	2
2886	5
2887	3
2888	6
2889	7
2890	5
2891	11
2892	9
2893	5
2894	5
2895	5
2896	6
2897	3
2898	3
2899	4
2900	3
2901	6
2902	4
2903	3
2904	8
2905	1
2906	9
2907	3
2909	1
2910	4
2911	2
2912	3
2913	3
19297	1
2914	5
2915	4
2916	3
2917	5
2918	7
2919	6
2920	4
2921	4
2922	5
2923	3
2924	1
2925	4
2926	3
2927	8
2928	2
2929	5
2930	2
2931	7
2932	5
2933	4
2934	3
2935	6
2936	8
2937	3
2938	2
2939	5
2940	7
2941	2
2942	8
2943	3
2944	5
2945	5
2946	3
2947	6
19331	1
2948	4
2949	5
2950	4
2951	3
2952	4
2953	2
2954	1
2955	7
19339	1
2956	4
2957	7
2958	2
2959	8
2960	6
2961	3
2962	8
2963	4
2964	5
2965	2
2966	4
2967	4
2968	4
2969	3
2970	3
2971	3
2972	2
2973	1
2974	3
2975	1
2976	3
2977	5
2978	5
2979	2
2980	2
2981	5
2982	3
2983	5
2984	4
2985	3
2986	7
2987	3
2988	2
2989	5
2990	4
2991	7
2992	6
2993	3
2994	1
2995	3
2997	6
2998	1
2999	3
3000	6
3001	5
3002	4
3003	3
3004	3
3005	2
3006	7
3007	3
3008	2
3009	3
3010	3
3011	8
3012	4
3013	1
3014	1
3015	4
3016	1
3017	3
3018	7
3019	4
3020	1
3021	3
3022	4
3023	4
3024	4
3025	2
3026	5
3027	1
3028	4
3029	7
3030	4
3031	3
3032	8
3033	2
3034	3
3035	2
19419	1
3036	5
3037	4
3038	6
3039	3
3040	5
19424	1
3041	2
3042	7
3043	2
3044	5
3045	3
3046	6
19431	1
3047	5
3048	6
3049	3
3050	3
3051	4
3052	5
3053	3
3054	3
3055	5
3056	3
19440	1
3057	6
3058	5
3059	8
3060	3
3061	5
3062	2
3063	5
3064	3
3065	5
3066	4
3067	8
3068	8
3069	4
3070	7
3071	5
3072	3
3073	3
3074	4
3075	6
3076	3
3077	6
3078	4
3079	3
3080	5
19464	1
3081	6
3082	3
3083	6
3084	6
3085	5
3086	5
3087	5
3088	4
3089	3
3090	2
3091	3
19475	1
3092	1
3093	2
3094	4
3095	1
3096	3
3097	2
3098	3
3099	4
3100	3
3101	5
3102	3
3103	4
3104	5
3105	6
3106	4
3107	6
3108	4
3109	5
3110	1
3111	5
3112	8
3113	6
3114	5
3115	3
3116	6
3117	5
3118	3
3119	2
3120	1
3121	4
3122	4
3123	3
3124	4
3125	3
3126	4
3127	4
3128	5
3129	4
3130	5
3131	8
3132	5
3133	3
3134	1
3135	8
3136	3
3137	5
3138	3
3139	2
3140	5
3141	5
3142	5
3143	5
3144	7
3146	2
3147	4
3148	2
3149	5
3150	3
19534	1
3151	6
3152	6
3153	5
3154	3
3155	7
3156	2
3157	4
3158	4
3159	1
3160	1
3161	4
3162	3
3163	2
3164	2
3165	5
3166	5
3167	3
3168	1
3169	5
3170	4
19554	1
3171	4
3172	1
3173	3
3174	4
3175	3
3176	8
3177	6
3178	6
19562	1
3179	2
3180	5
3181	2
3182	3
3183	2
3184	4
3185	5
3186	1
3187	5
3188	4
3189	3
3190	3
3191	5
3192	5
19576	1
3193	4
3194	9
3195	4
3196	2
3197	4
3198	9
3199	4
3200	3
3202	3
3203	6
3204	5
3205	2
3206	6
3207	4
3208	5
3209	6
3210	8
3211	4
3212	4
3213	4
3214	5
3216	2
3217	4
3218	2
3219	10
3220	5
3221	4
3222	4
3223	4
3224	3
3225	2
3226	2
3227	2
3228	4
3229	1
3230	3
3231	6
3232	5
3233	3
3234	1
3235	5
3236	6
19621	1
3237	3
3238	1
3239	3
3240	5
3241	4
3242	5
3243	5
3244	3
3245	2
3246	9
3247	2
3248	4
3249	4
3250	7
3251	2
3252	2
3253	6
3254	2
3255	4
3256	5
3257	7
3258	3
3259	7
3260	3
3261	2
3262	6
3263	2
3264	2
3265	3
3266	2
3267	4
3268	5
3269	3
3270	9
3271	3
3272	5
19656	1
3273	5
3274	2
3275	5
3276	2
3277	7
3278	6
3279	2
3280	5
3281	5
3282	5
3283	1
3284	4
3285	6
3286	2
3287	4
3288	4
3289	3
3290	6
3291	3
3292	4
3293	5
3294	2
3295	9
3296	4
3297	2
3298	4
3299	6
3300	3
3301	6
3302	2
19687	1
3303	5
3304	5
3305	3
3306	5
3307	3
3308	5
3309	3
3310	5
3311	2
3312	2
3313	6
3314	3
3315	4
3316	6
3317	2
3318	4
3319	5
3320	2
3321	3
3322	5
3323	3
3324	6
3325	3
3326	7
3327	6
3329	2
3330	4
3331	7
3333	4
3334	7
3335	3
3336	5
3337	4
3338	4
3339	3
3340	2
3341	5
3342	4
3343	2
3344	5
3345	2
3346	3
3347	1
3348	4
3349	2
3350	2
3351	6
3352	4
3353	5
3354	4
19738	1
3355	4
3356	3
3357	6
3358	3
3359	2
3360	5
3361	5
3362	10
3363	4
3364	5
3365	5
3366	2
3367	6
3368	3
3369	2
3370	4
3371	3
3372	3
3373	4
3374	1
3375	4
3376	8
3377	4
3378	5
3379	4
3380	9
3381	4
3382	3
3383	1
3384	2
3385	4
3386	2
3387	3
3388	4
3389	3
3390	5
3391	4
3392	5
3393	3
3394	2
3396	6
3397	5
3398	5
3399	2
3400	3
19784	1
3401	4
3402	2
3403	5
3404	3
3405	2
3406	3
3407	5
3408	2
3409	5
3410	3
3411	4
3412	6
3413	4
3414	2
3415	6
3416	2
3417	1
3418	3
3419	4
3420	4
3421	3
3422	2
3423	4
3424	3
3425	4
3426	5
3427	2
3428	2
3429	4
3431	3
3432	2
3433	4
3434	2
3435	5
3436	11
3437	5
3438	2
3439	1
3440	3
3442	4
3443	4
3444	5
3445	2
3446	2
3447	4
3448	6
3449	2
3450	6
3451	5
3452	3
3453	4
3454	7
3455	5
3456	3
3457	3
3458	5
3459	3
3460	5
3461	2
3462	1
3464	4
3465	4
3466	7
3467	9
19851	1
3468	5
3469	6
3470	5
3471	4
3472	7
3473	4
3474	6
3475	3
3476	4
3477	6
3478	4
3479	7
3481	3
3482	1
3483	8
3484	3
3485	6
3486	4
3487	5
3488	5
3489	2
3490	1
3491	4
3492	2
3493	5
19877	1
3494	5
3496	4
3497	5
3498	2
3499	1
3500	2
3501	4
3502	7
3503	4
3504	3
3505	9
3506	2
3507	2
3508	4
3509	5
3510	7
3511	5
3512	3
3513	3
3514	6
3515	4
3516	1
3517	3
3518	6
3519	3
3520	5
3521	3
3522	3
3523	6
3524	1
3525	2
3526	3
3527	4
3528	5
3529	3
19913	1
3530	1
3531	5
3532	3
3533	3
3534	2
3535	4
3536	2
3537	6
3538	1
3539	6
3540	3
3541	6
3542	4
3543	3
3544	6
3545	4
3546	11
3548	5
3549	3
3550	3
3551	1
3552	2
3553	4
3554	4
3555	3
3556	7
3557	3
3558	4
3559	4
3560	5
3561	5
3562	4
3563	6
3564	2
3565	4
3566	3
3567	2
3568	3
3569	4
3570	5
3571	2
3572	3
3573	1
3574	4
3575	4
3576	2
3578	1
19963	1
3579	6
3581	5
3582	3
3583	2
3584	4
3585	3
3586	1
3587	4
3588	3
3589	7
3590	3
3591	6
3592	3
3593	4
3594	3
3595	4
3596	2
3597	4
3598	2
3599	5
3601	1
3602	5
3603	3
3604	6
3605	4
3606	1
3607	5
3608	4
3609	4
3611	2
3612	2
3614	3
3615	3
3616	2
3617	8
3618	1
3619	4
3620	5
3621	4
3623	2
3624	1
3626	2
3627	4
3628	5
3629	5
3630	5
3631	11
3632	3
3633	4
3634	7
3635	4
3636	3
3637	5
3638	2
3639	3
3640	7
3641	5
3642	6
20026	1
3643	3
3644	2
3645	5
3646	2
3647	5
3648	4
3649	2
3650	3
3651	3
3652	3
3654	4
3655	3
3656	2
3657	4
3658	3
3659	5
3660	6
3661	6
3662	1
3663	3
3664	3
3665	5
3666	3
3667	3
3668	6
3669	1
3670	6
3671	1
3673	3
3674	3
3675	2
3676	5
20060	1
3677	4
3678	1
3679	6
3680	4
3681	4
3682	2
3683	8
3684	8
3685	8
3686	1
3687	5
3688	7
3689	2
3690	6
3691	1
3692	4
3693	6
3694	7
3695	3
3696	2
3697	2
3698	4
3699	4
3700	4
3701	1
3702	1
3703	2
3704	3
3705	2
3706	6
3707	2
3708	4
3709	1
3710	5
3711	4
3712	3
3714	6
3715	1
3716	2
3718	4
3719	3
3720	5
3721	4
3722	3
20106	1
3723	3
20107	1
3724	3
3725	3
3727	7
3728	3
3729	2
3730	2
3731	4
3732	5
3733	3
3734	1
3735	4
3736	2
3737	8
3738	7
3739	4
3740	3
3741	4
3742	2
3743	4
3744	4
3745	2
3746	4
3747	2
3748	3
3749	6
3750	4
3751	3
3752	4
3753	2
3754	3
3755	5
3756	6
3757	4
3758	3
3759	9
3760	2
3761	4
3762	3
3763	3
3764	1
3765	2
3766	3
3767	5
3768	2
3769	5
3770	3
3771	2
20155	1
3772	4
3773	1
3774	1
3775	2
3777	2
3778	1
3779	4
3780	5
3781	3
3782	5
3783	4
3784	6
3785	4
3786	2
3787	6
3788	4
3790	2
3791	1
3792	4
3793	5
3794	6
3795	5
3796	3
3797	5
3798	4
3799	5
3800	3
3801	5
3802	5
3803	5
3804	2
3805	4
3806	4
3807	4
3808	2
3809	1
3810	3
3811	1
3812	4
3813	1
3814	4
3815	4
3816	2
3817	2
3818	3
3819	7
3820	3
3821	5
3822	1
3823	3
3824	5
3825	7
3826	5
3827	4
3828	3
3829	3
3830	4
3831	2
3833	6
3834	3
3835	3
3836	1
3837	3
3838	3
3840	3
3841	4
3842	2
3843	2
3844	4
3845	6
3846	2
20230	1
3847	1
3848	2
3849	2
3850	2
3851	3
3852	3
3853	4
3854	4
3855	4
3856	4
3857	2
3858	2
3859	2
3861	1
3862	5
3863	2
3864	5
3865	1
3866	1
3867	4
3868	4
3869	3
3870	2
3871	2
3872	3
3873	7
3874	2
3875	2
3876	3
3878	1
3879	4
3880	4
3881	5
3882	3
3884	4
3885	6
3886	4
3887	5
3888	7
3889	2
3890	1
3891	3
3892	7
3893	1
3894	4
3895	1
3896	3
3897	5
3898	4
3899	1
3900	2
3901	1
3902	2
3903	4
3904	5
3905	3
3906	2
3907	5
3908	5
3909	4
3910	5
3911	2
3912	1
3913	2
3914	4
3915	1
3916	3
3917	6
3919	5
3920	4
3921	4
3922	2
3923	5
3924	5
3925	4
3926	5
3927	3
3928	2
3929	3
3930	6
3931	4
3932	1
3933	4
3934	3
3935	2
20320	1
3937	2
3938	6
3939	1
3940	2
3941	2
3942	2
3943	3
3944	1
3945	1
3946	3
3947	4
3948	3
3949	2
3950	4
3951	6
3952	7
3953	2
3954	5
3955	4
3956	1
3957	4
3958	1
3960	2
3961	5
3962	3
3963	1
3964	4
3965	4
3966	4
3967	3
3968	4
3969	2
3970	2
3971	1
3972	3
3973	4
3974	2
3975	6
3976	2
3977	4
3978	6
3980	5
3981	4
3982	5
20367	1
3983	3
3984	2
3985	9
3986	5
3987	8
3988	3
3989	3
3990	1
3991	2
3992	7
3993	2
3994	5
3995	4
3996	2
3997	5
3998	3
3999	2
4001	7
4002	1
4003	2
4004	6
4005	2
4006	3
4007	7
4008	3
4009	3
4010	7
4011	2
4012	5
4013	4
4014	2
4015	2
4016	1
4017	4
4018	1
4019	2
4020	3
4021	1
4022	3
20407	1
4023	2
4024	4
4025	1
4026	3
4027	1
4028	2
4029	2
4030	3
4031	3
4032	4
4033	5
4034	5
4035	3
4036	6
4037	7
4038	1
4039	8
4040	1
4041	3
4042	2
4043	5
4044	5
4046	3
4047	3
4048	2
4049	2
4050	1
4051	1
4052	5
4053	3
4054	4
4055	3
4056	4
20440	1
4057	3
4058	2
4059	2
4060	3
4061	3
4062	1
4063	5
4064	6
4065	3
4066	8
4067	3
4068	4
20452	1
4069	1
4070	3
4071	2
4072	5
4073	1
4074	3
4075	2
4076	2
4077	4
4078	4
4079	1
4080	2
4081	3
4082	1
4083	1
4084	4
4085	3
4086	4
4087	4
4088	7
4089	7
4090	4
4091	4
4092	2
4093	5
4094	4
4095	2
4096	4
4097	4
4098	5
4099	4
4100	4
4101	3
4103	1
4104	3
4105	4
4106	2
4107	6
4108	5
4109	2
4110	10
4111	3
4112	2
4113	1
4114	4
4115	2
4116	3
4117	4
4118	2
4119	4
4120	6
4121	2
4122	2
4123	2
4124	2
4125	3
4126	2
20510	1
4127	3
4128	4
4129	2
4130	1
4131	4
4132	3
4133	3
4134	2
4135	2
4136	2
4137	5
4138	4
4139	2
4140	6
4141	4
4142	7
4143	1
4144	3
4145	2
20530	1
4147	2
4148	3
20533	1
4149	3
4150	3
4151	1
4152	4
4154	9
4155	1
4156	3
4157	5
4158	6
4159	3
4160	2
4161	1
4162	3
4163	4
4164	2
4165	5
4166	2
4167	3
4168	5
4169	4
4170	6
4171	6
4172	2
4173	4
4174	5
4176	5
4177	3
4178	2
4179	1
4180	3
4181	6
4182	6
4184	1
4186	2
4187	1
4188	5
4189	4
4190	5
4191	4
4192	4
4193	4
4194	3
4195	3
20579	1
4196	2
20580	1
4197	1
4198	4
4199	1
4200	5
4201	2
4202	2
4203	5
4204	5
4205	2
4206	2
4207	2
4208	2
4209	1
4210	4
4211	4
4212	3
4213	3
4214	4
20598	1
4215	3
4216	4
4217	4
4218	5
4219	5
4220	2
4221	5
4223	3
20608	1
4224	2
4225	5
4227	6
4228	2
4229	2
4230	3
4231	2
4232	3
4233	1
4234	4
4235	4
4236	5
20620	1
4237	3
4238	3
4239	3
4240	5
4241	5
4242	2
4243	3
4244	5
4245	3
4246	6
4247	1
4248	2
4249	5
4250	2
4251	2
4252	3
4253	3
4254	2
4255	3
4256	3
4257	3
4258	6
4259	3
4260	1
4261	1
4262	8
4263	4
4264	5
4265	7
4266	2
4267	6
4268	5
4269	1
4270	2
4271	3
4272	3
4273	7
4274	1
4275	3
4276	4
4277	2
4278	3
4279	3
4280	3
4281	1
4282	2
4283	3
4284	3
4285	5
4286	4
4287	1
4288	3
4289	6
4290	2
4291	2
4292	1
4293	4
4294	3
4295	7
4296	3
4297	2
4298	5
4300	3
4301	3
4303	6
20688	1
4304	3
4305	2
4306	4
4307	7
4308	3
4310	1
4311	4
4312	2
4313	3
4314	6
4315	5
4316	4
4317	5
4318	4
4319	5
4320	1
4321	4
4322	3
4323	5
4324	2
4325	4
4326	1
4328	3
4329	3
4330	4
4331	3
4332	2
4333	4
4334	7
4335	2
4336	3
4337	2
4338	3
4339	5
4340	6
4341	3
4342	3
4343	6
20727	1
4344	1
4345	3
4346	3
4347	3
4348	3
4350	2
4351	3
4353	3
4354	3
4356	1
4357	3
4358	1
4359	2
4360	1
4361	6
4362	4
4363	2
4364	1
4365	4
4366	2
4367	2
4368	3
4369	1
4370	4
4371	2
4372	2
4373	1
4374	4
4375	5
4376	2
4377	3
4378	1
4379	5
4380	2
4381	6
4382	5
4383	5
4384	4
4385	2
20770	1
4386	1
4387	2
4388	7
4389	5
4390	4
4391	6
4392	2
4393	3
4394	1
4396	3
4397	3
4398	3
4399	2
4400	1
4401	4
4402	3
20786	1
4403	2
4404	6
4405	4
4406	2
4407	1
4408	8
4409	4
4410	4
4411	1
4412	5
4413	4
4414	2
4415	10
4416	2
4417	4
4418	1
4419	1
4420	2
4421	2
4422	2
4423	3
4424	2
4425	6
4426	6
4427	3
4428	2
4429	2
4430	4
4431	3
4432	2
4433	1
4434	3
4435	4
4436	3
4437	2
4438	4
4439	3
4440	1
4441	1
4442	2
4443	5
4444	3
4445	5
4446	3
4448	3
4449	4
4450	4
4451	3
4452	3
4453	4
4454	3
4455	1
4456	4
4457	5
4458	5
4459	3
4460	3
20844	1
4461	5
4462	2
4463	2
4464	1
4465	1
4466	4
4467	2
4468	4
4469	3
4470	1
4471	2
4472	1
4473	3
4474	2
4475	5
4476	4
4477	4
4478	3
4479	5
4480	4
4481	2
4482	2
4483	3
4484	4
4486	4
4487	3
4488	7
4489	3
4490	3
4491	2
4492	4
4493	3
4494	4
4495	6
4496	2
4497	1
4498	4
4500	5
4501	1
4502	1
4503	2
4504	2
4505	2
4506	4
4507	3
4508	4
4509	3
4510	3
4511	2
4512	2
4513	3
4514	6
4516	3
4517	4
4519	8
4520	8
4521	2
4522	2
4523	4
4524	5
4525	6
4526	3
4527	5
4528	4
4529	2
4530	3
4531	2
4532	2
4533	2
4534	1
4536	2
4537	2
4538	1
4539	3
4540	6
4541	5
4542	2
4543	3
4544	2
4545	1
4546	1
4547	2
4548	3
4549	3
4550	7
4551	3
4552	2
4553	1
4554	1
4555	1
4556	5
4557	2
4559	2
4560	2
4561	4
4563	2
4564	2
20948	1
4565	3
4566	3
4567	2
4568	4
4569	3
4570	4
4571	2
4573	3
4574	3
4576	1
4577	3
4578	3
4579	4
4580	1
4581	4
4582	3
4583	3
4584	4
4585	3
4586	3
4587	1
4588	2
4589	2
4590	4
4591	1
4592	3
4593	2
4594	4
4595	1
4596	3
4597	2
4599	5
4600	3
4601	2
4602	4
4603	1
4604	3
4605	2
4606	3
4607	3
4608	3
4609	1
4610	1
4611	4
4613	3
4614	1
4615	3
4616	5
4617	3
4618	5
4619	1
4620	3
4621	3
4622	3
4623	1
4624	4
4625	4
4626	10
4627	3
4628	3
4629	1
4630	2
4631	3
4632	4
4633	6
4634	3
4635	4
4636	3
4637	3
4638	3
4639	1
4640	3
4641	2
4642	1
4643	1
4644	4
4645	4
4646	2
4648	2
4649	4
4650	4
4651	3
4652	3
4653	3
4654	3
4655	2
4656	2
4657	1
4658	3
4659	1
4660	2
4662	2
4663	1
4664	2
4665	7
4666	6
4667	1
4668	1
4669	3
4670	1
4671	3
4672	2
4673	5
4674	3
4675	3
4676	3
4677	4
4678	6
4679	2
4680	4
4681	3
4682	3
4683	2
4684	1
4685	2
4686	2
4687	1
21072	1
4689	6
4690	4
4691	2
4692	2
4693	8
4694	1
4696	3
4697	5
4698	4
4699	7
4700	2
4701	1
4702	2
4703	1
4704	4
4705	6
4706	2
4707	5
4708	4
4709	6
4710	1
4711	4
4712	2
4713	2
4714	1
4715	2
4716	4
4717	3
4718	4
4719	1
4720	2
4721	3
4722	2
4723	4
4724	4
4725	6
4726	1
4727	2
4728	3
4729	5
4731	2
4732	3
4733	1
4734	4
4735	3
4736	1
4737	1
4738	4
4739	1
4740	4
4741	2
4742	1
4743	3
4745	4
4746	1
4747	5
4748	3
4749	3
4750	3
4751	4
4752	2
4754	3
4755	2
4756	4
4757	6
4758	1
4759	5
4760	6
4761	5
4763	3
4764	2
4765	4
4766	1
4767	5
4769	2
4770	2
4771	3
4772	2
4773	4
4774	3
4775	2
4776	2
4777	4
4778	2
4780	3
4781	1
4782	2
4784	3
4785	5
4786	2
4787	4
4788	4
4789	2
4790	2
4792	3
4793	2
4794	2
4795	3
4796	6
4797	2
4798	4
4799	4
4800	1
4801	4
4802	2
4804	3
4805	1
4806	2
4807	4
4808	4
4809	3
21193	1
4810	4
4813	1
4814	1
4815	1
4816	6
4817	3
21201	1
4818	5
4819	2
4820	3
4822	4
4823	2
4824	3
4825	4
4826	3
4827	4
4828	6
4829	4
4830	7
4831	4
4832	3
4833	1
4834	3
4835	2
4836	4
4837	2
4838	1
4839	2
4840	5
4841	3
4842	1
4843	3
4844	2
4845	2
4846	3
4848	2
4849	1
4850	7
4851	2
4853	2
4854	1
4855	1
21239	1
4856	3
4857	2
4858	2
4859	2
4860	2
4861	3
4862	7
4863	2
4864	1
4865	3
4866	3
4867	3
4868	3
4869	2
4870	2
4871	3
4872	7
4873	1
4874	4
4875	3
4876	7
4877	4
4879	3
4880	1
4881	2
4882	3
4883	7
4884	2
4885	2
4886	4
4887	2
4888	3
4889	1
4890	3
4891	3
4892	2
4893	8
4894	4
4895	3
4896	1
4897	4
4898	3
4899	5
4900	2
4901	1
4902	1
4903	2
4904	2
4905	2
4906	1
4907	6
4908	3
4909	6
4910	2
4911	3
4912	5
4913	2
4915	3
4916	2
4917	2
4918	2
4919	1
4920	2
4921	1
4922	3
4923	4
4924	4
4925	2
4927	3
4928	4
4929	2
4930	1
4931	4
4932	5
4933	1
4934	4
4935	5
4936	2
4937	4
4938	3
4939	2
4940	1
4941	2
4942	1
4943	3
4944	3
4945	1
4946	4
4947	7
4948	2
4949	1
4950	2
4951	3
4952	3
4954	2
4955	4
4956	2
4957	3
4958	3
4960	3
4961	2
4962	2
4964	3
4965	2
4966	3
4967	4
4968	3
4969	2
4970	2
4971	6
4972	1
4973	3
4974	6
4976	3
4978	2
4979	3
21364	1
4982	2
4983	2
4984	1
21368	1
4985	3
4986	2
4987	4
4988	4
4989	4
4990	3
4991	2
4992	2
4993	1
4996	2
4998	2
4999	2
5000	3
5001	3
5002	2
5003	3
5004	2
5005	2
5006	2
5007	2
5008	1
5009	3
5010	4
5011	2
5012	2
5013	3
5014	1
5015	3
5016	3
5018	4
5019	3
5020	1
5021	2
5022	4
5023	4
5025	4
5026	1
5027	3
5028	2
5029	3
5030	1
5031	4
5032	3
5033	2
5034	2
5036	1
5038	2
5039	3
5040	6
5041	3
5042	4
5043	3
5044	2
5045	1
5046	3
5047	3
5048	1
5049	2
5050	1
5051	1
5052	1
5053	2
5054	2
5055	4
5056	1
5057	2
5058	1
5059	3
5060	4
5061	2
5062	2
5063	2
5064	2
5066	1
5067	4
5068	7
21452	1
5069	4
5070	3
5071	2
5072	4
5073	2
5074	2
5075	4
5076	2
5077	2
5079	3
5080	1
5081	4
5083	3
5084	2
5085	2
5086	5
5088	4
5091	2
5092	4
5093	4
5094	2
5095	2
5096	2
5097	4
5098	1
5101	3
5102	2
5103	4
5105	2
5106	2
5108	5
5109	1
5110	4
5111	2
5112	1
5113	2
5114	1
5115	1
5116	2
5117	4
5119	1
21503	1
5120	2
5121	3
5122	1
5123	2
5124	3
5125	2
5126	4
5127	4
5128	2
5129	4
5130	3
5131	2
5132	2
5134	1
5135	4
5136	2
5137	1
5138	1
5139	2
5140	1
5142	2
5143	3
5144	1
5145	2
5146	2
5147	1
5148	2
5149	3
5150	2
5151	4
5152	5
5153	3
5154	2
5155	1
5156	1
5157	5
5159	2
5160	1
5161	4
5162	1
5163	2
5164	1
5166	5
5167	1
5168	1
5169	2
5170	1
5171	4
5172	3
5173	2
5174	1
5175	1
5176	2
5178	2
5179	2
5180	4
5181	3
5182	1
5183	1
5184	2
5185	4
5186	1
5187	3
5188	1
5189	4
5190	1
5191	1
5192	2
5193	1
5195	4
5196	3
5197	1
5198	3
5199	2
5200	1
5201	1
5203	1
5204	4
5205	1
5206	5
5207	2
5208	2
5209	2
5210	1
5211	3
5212	3
5213	1
5214	2
5215	2
5216	3
5217	3
5218	3
5219	5
5220	2
5221	1
5222	5
5223	5
5224	2
5225	3
5226	2
5227	2
5228	1
5229	1
5230	2
5231	2
5232	2
5233	1
5234	2
5235	2
5236	4
5237	4
5238	1
5240	2
5241	2
5242	3
5243	1
5245	3
5246	3
5247	3
5248	1
5249	4
5250	3
5251	5
5252	1
5253	2
5255	7
5256	2
5257	4
5258	2
5259	2
5260	4
5261	4
5262	3
5264	1
5265	3
5266	1
5267	3
5268	2
5269	4
5270	3
5271	1
5272	1
5273	1
5274	2
5275	2
5277	2
5278	2
5279	2
5281	3
5282	4
5283	1
5284	3
5285	1
5286	2
5287	1
5288	1
5289	2
5290	4
5291	4
5292	2
5293	5
5294	3
5295	1
5296	2
5297	3
5298	2
5299	4
5300	5
5301	3
5302	1
5303	1
5304	3
5305	1
5306	1
5307	3
5308	1
5309	2
5310	1
5311	3
5312	4
5313	1
5314	2
5315	1
5317	1
5318	3
5320	4
5321	3
5322	2
5323	2
5324	1
5325	2
5326	3
5327	1
5329	1
5330	4
5331	1
5332	2
5333	1
5334	3
5335	1
5337	2
5338	1
5339	5
5340	4
5341	1
5342	4
5343	1
5344	1
5345	2
5346	3
5347	4
5348	3
5349	2
5350	3
5351	2
5352	2
5353	1
5354	4
5355	2
5356	2
5358	3
5359	3
5360	3
5361	4
5362	2
5363	3
5365	1
5366	1
5367	1
5368	1
5369	2
5370	1
5371	4
5372	1
5373	5
5374	1
5375	1
5376	3
5377	2
5378	1
5379	2
5380	6
5381	1
21765	1
5382	1
5383	2
5384	1
5385	2
5386	3
5387	3
5388	2
5389	2
5391	1
5392	2
5393	1
5394	3
5395	4
5396	1
5397	3
5398	5
5399	1
5400	1
5402	1
5403	3
5404	3
5405	1
5406	2
5407	1
5409	3
5410	6
5411	1
5412	3
5413	1
5415	1
5417	1
5418	1
5419	1
5420	1
5422	2
5423	2
5425	2
5426	2
5427	2
5429	3
5431	4
5432	1
5434	4
5435	2
5437	4
5438	2
5439	1
5440	3
5441	2
5442	2
5443	1
5445	2
5446	1
5447	3
5448	1
5449	3
5451	2
5452	2
5453	1
5455	3
5456	3
5458	3
5460	4
5461	3
5463	2
5464	6
5465	3
5466	2
5467	2
5468	2
5469	2
21854	1
5470	2
5472	2
5473	3
5474	3
5475	1
5476	3
5477	1
5478	5
5479	1
5480	3
5482	4
5483	4
5484	1
5485	1
5486	1
5487	1
5488	4
5489	5
5490	2
5491	2
5492	3
5493	2
5494	5
5495	3
5498	3
21882	1
5499	1
5501	3
5502	1
5503	2
5504	1
5505	3
5506	2
5507	1
5508	1
5509	1
5510	4
5511	1
5512	1
5513	2
5514	4
5515	2
5516	1
5517	1
5518	2
5519	1
5520	1
5521	1
5522	4
5523	3
5525	1
5527	2
5529	2
5530	1
5532	3
5533	2
5534	3
5535	3
5536	1
5538	1
21923	1
5539	2
5540	1
5542	1
5543	1
5544	2
5545	2
5546	3
5547	2
5548	2
5550	1
5551	2
5552	1
5553	2
5554	3
5555	5
5556	2
5557	3
5558	2
5559	3
21943	1
5560	1
5561	4
5563	1
5564	2
5565	1
5567	3
5568	4
5569	4
5570	3
5571	3
5572	1
5573	1
5574	1
5575	2
5576	2
5577	2
5578	5
5580	1
5581	1
5582	4
5583	1
5584	1
5587	4
5589	2
5590	4
5591	1
5592	6
5593	1
5594	3
5595	2
5596	3
5598	2
5599	3
5600	2
5601	4
5602	1
5603	3
5605	1
5607	1
5608	4
5609	2
5610	1
21996	1
5612	1
5615	1
5616	2
5618	4
22002	1
5620	1
5621	3
5623	1
5624	1
5625	2
5626	2
5627	4
5629	3
5630	2
5631	1
5632	4
5633	2
5635	1
5636	1
5637	3
5638	3
5640	1
5641	1
5642	4
5645	1
22030	1
5646	2
5647	1
5648	2
5649	3
5650	2
5651	2
5652	2
5653	2
5654	1
5657	1
5658	2
5660	2
5661	2
5662	2
5664	2
5665	1
5666	1
5667	2
5669	4
5670	1
5673	1
5674	2
5675	2
5676	1
5679	1
5680	5
5681	2
5682	4
5683	1
5684	4
5685	2
5686	1
5687	1
5690	2
5691	5
5692	2
5693	1
22081	1
5698	1
5699	1
5700	1
5701	2
5702	4
5703	2
5704	2
5705	3
5706	2
5707	1
5708	1
5709	2
5712	4
5713	2
5714	1
5715	4
5717	4
5718	2
5719	1
5720	1
5721	2
5723	2
5724	1
5725	4
5726	3
5729	2
5730	2
5731	2
5732	2
5733	1
5734	3
5735	1
5736	1
5737	1
5738	3
5739	4
5740	2
5741	1
5742	3
5744	1
5745	3
5746	3
5747	3
5748	5
5750	2
5751	4
5752	1
5753	1
5754	1
5755	2
5756	2
5757	2
5758	2
5760	3
5761	2
5762	3
5763	2
5764	1
5765	3
5766	1
5767	2
5768	3
5769	1
5771	1
5772	2
5773	3
5774	2
5775	1
5776	1
5777	1
5778	1
5779	1
5781	3
5782	1
5783	4
5784	1
5785	2
5786	1
5787	1
5788	2
5789	2
5791	3
5793	4
5794	1
5795	4
5796	3
5797	4
5798	1
5799	1
5800	3
5801	1
5802	2
5803	4
5804	3
5805	2
5806	2
5807	2
5808	2
5809	4
5810	1
5811	2
5812	2
5813	1
5814	3
5816	2
5817	2
5818	2
5819	2
5820	2
5821	1
5822	2
5823	2
5824	3
5825	1
5826	2
5827	3
5828	4
5829	1
5830	3
5831	3
5832	2
5833	3
5834	1
5836	1
5837	1
5838	1
5839	1
5840	3
5841	2
5843	1
5846	2
5847	2
5848	1
5849	3
5851	1
5852	3
5853	3
22237	1
5855	3
5856	2
22240	1
5857	2
5858	1
5859	2
5860	3
5862	1
5863	1
5864	4
5865	1
5866	1
5867	1
5868	1
5870	1
5871	3
5872	1
5873	3
5874	4
5875	2
5876	3
5877	2
5878	3
5880	1
5881	3
5882	2
5883	4
5885	2
5886	2
5887	1
5890	1
5891	3
5892	1
5893	2
5894	2
5895	2
5896	1
5897	4
5898	3
5899	3
5900	2
5901	3
5902	2
5903	1
5905	1
5906	1
5907	2
5908	1
5910	2
5911	1
5912	1
5913	2
22297	1
5914	1
5915	3
5916	3
5917	2
5918	2
5919	2
5920	1
5921	4
5922	2
5923	1
5925	1
5931	1
5932	2
5933	2
5934	5
5935	3
5936	2
5937	4
5938	1
5939	2
5940	2
5941	1
5942	1
5943	2
5944	1
5945	1
5947	1
5948	2
5949	3
5950	3
5951	4
5953	1
5955	1
5956	1
5957	1
5959	3
5960	1
5961	2
5962	3
5963	2
5964	2
5965	2
5966	1
5967	1
5968	1
5969	2
5970	2
5971	1
5972	3
5973	2
5974	2
5976	3
5979	1
5980	1
5981	2
5982	2
5983	1
5984	2
5985	3
5988	3
5989	1
5990	1
5992	1
5993	1
5994	1
5995	3
5996	3
5999	2
6000	3
6002	1
6004	3
6005	5
6006	1
6007	5
6009	1
6010	2
6011	1
6012	2
6013	3
6015	1
6017	2
6018	4
6019	4
6020	2
6021	2
6022	2
6023	1
6025	2
6026	1
6027	2
6028	1
6029	2
6031	1
6032	1
6034	2
6035	1
6036	2
6037	1
6040	1
6041	1
6042	1
22426	1
6044	2
22429	1
6046	2
6047	2
6048	1
6049	3
6051	1
6052	2
6053	1
6054	1
6055	2
6056	1
6057	1
6059	1
6061	1
6062	1
6065	1
6066	2
6067	1
6068	1
6069	2
6070	1
6071	1
6072	1
6073	1
6074	2
6075	1
6077	2
6078	3
6079	2
6080	3
6081	1
6082	3
6083	2
6086	2
6087	1
6088	2
6089	1
6090	3
6091	1
6092	4
6093	2
6094	4
6095	3
6096	2
6097	3
6098	4
6100	1
6101	4
6102	1
6104	2
6106	3
6107	2
6109	1
6110	3
6112	2
6113	2
6114	2
6115	3
6116	2
6117	2
6119	1
6120	2
6122	2
6123	2
6124	3
6125	2
6126	1
6128	2
6129	1
6130	2
6132	2
6133	1
6134	3
6135	1
6136	1
6138	1
6139	3
6140	1
6141	2
6142	1
6144	2
6145	2
6147	1
6150	1
6151	1
6153	3
6155	1
6156	5
6157	1
6158	1
6160	1
6161	1
6162	1
6163	3
6165	2
6166	3
6167	3
6168	3
6170	1
6171	1
6172	1
6174	3
6175	3
6176	1
6177	1
6179	3
6180	2
6181	1
6184	1
6185	1
6186	1
6187	1
6188	1
6189	3
6190	2
6191	1
6193	1
6194	5
6196	2
6197	2
6198	1
6200	1
6202	2
6203	1
6204	2
6205	1
22589	1
6206	1
6209	1
6211	3
6212	2
6213	2
6216	2
6217	1
6219	2
6220	1
6224	3
6225	1
6226	3
6227	1
6228	3
6231	1
6232	2
6233	2
6235	1
6236	4
6237	3
6238	3
6239	2
6240	1
6241	2
6243	3
6244	1
6247	1
6248	2
6249	2
6251	2
6252	1
6253	2
6254	2
6255	2
6256	5
6258	3
6259	1
6261	1
6263	3
6264	2
6265	3
6269	2
6270	3
6271	1
6272	3
6274	3
6275	2
6276	1
6279	1
22665	1
6282	1
6283	2
6285	3
6286	1
6287	3
6288	1
6289	1
6291	1
6292	1
6296	1
6299	1
6300	1
6301	2
6302	1
6303	3
6304	1
6306	3
6308	3
6309	1
6310	1
6311	2
6312	1
6313	1
6315	1
6316	2
6317	1
6318	3
6319	1
6320	2
6321	2
6323	2
22707	1
6324	1
6325	1
6327	2
6329	2
6333	1
6334	1
6336	2
6338	1
6339	1
6340	2
6341	2
6343	2
6345	2
6347	1
6348	4
6349	1
6351	2
6352	4
6354	2
6356	2
6357	3
6358	1
6360	1
6363	1
6364	2
6365	2
6366	2
6369	5
6372	1
6373	1
6374	1
6379	1
6381	1
6383	1
6385	1
6386	1
6387	2
22771	1
6388	1
6389	1
6390	1
6391	1
6392	2
6393	3
6395	4
6398	1
6399	1
6400	1
6401	3
6402	1
6403	1
6404	1
6405	2
6406	2
6407	1
6408	1
6409	2
6410	2
6411	1
6412	2
6413	1
6414	1
6415	3
6416	1
6417	1
6419	1
6421	3
6422	2
6427	1
6428	1
6430	4
6431	1
6433	2
6434	1
6436	1
6437	2
6438	2
6439	1
6440	2
6444	2
6446	1
6447	1
6448	2
22833	1
6450	1
6451	1
6452	5
6454	2
6455	1
6456	1
6458	1
6459	4
6460	2
6461	1
6463	2
6465	1
6466	2
6467	3
6468	3
6469	1
6470	1
6471	2
6472	2
6473	2
6474	2
6475	1
6477	2
6478	1
6479	2
6480	2
6481	1
6482	1
6483	3
6484	2
6485	4
6486	3
6487	4
6489	2
6490	1
6491	3
6492	2
6493	1
6494	1
6495	1
6498	1
6499	2
6500	3
6501	3
6503	2
6504	2
6506	1
6507	1
6508	1
6509	2
6510	2
6511	1
6512	2
6513	1
6515	4
6516	1
6517	1
6519	2
6520	2
6521	1
6523	1
6524	1
6525	2
6526	1
6528	1
6529	1
6530	1
6531	1
6532	1
6534	1
6535	2
6536	1
6537	1
6538	1
6539	1
6542	3
6543	2
6547	1
22931	1
6548	2
6551	2
6553	1
6554	1
6557	1
22942	1
6558	1
6559	2
6560	2
6561	1
6562	1
6563	1
6564	1
6565	3
6567	2
6568	2
6569	2
6570	2
6571	1
6572	1
6573	1
6574	1
6575	3
6576	2
6577	1
6578	1
6580	1
22965	1
6582	3
6585	2
6586	2
6587	1
6590	2
6591	2
6592	3
6595	1
6597	1
6599	3
6601	2
6606	1
6608	3
6609	1
6613	1
6614	1
6615	3
6616	1
6618	2
6619	1
6620	1
6621	1
6623	1
6624	2
6626	1
6629	3
6630	2
6631	1
6633	1
6635	1
6636	2
6637	2
6640	2
6641	1
6642	5
6643	3
6644	1
6645	3
6646	3
6650	1
6651	4
6654	1
6655	1
6656	1
6657	1
6658	1
6659	1
6661	2
6663	2
6664	1
6667	1
6668	1
6670	3
6671	1
6672	1
6673	3
6674	1
6675	2
6676	1
6677	1
6679	2
6680	2
6681	2
6684	3
6686	3
6688	1
6689	2
6690	1
6691	2
6694	1
6695	2
6696	1
6697	2
6698	1
6699	1
6700	4
6702	2
6703	1
6704	1
6706	1
6707	4
6709	1
6710	2
6712	1
6713	2
6714	1
6716	3
6717	1
6719	1
6720	1
6721	1
6723	1
6728	1
6729	2
6730	2
6731	1
6732	1
6733	1
6734	1
6735	1
6736	3
6739	2
6740	1
6742	3
6743	1
6745	1
6747	2
6748	1
6749	1
6750	3
6751	1
6753	1
6754	1
6755	2
6756	1
6757	2
6758	1
6760	1
6761	1
6762	1
6764	1
6765	1
6766	1
6768	3
6769	4
6773	2
6774	1
6775	1
6776	1
6778	5
6779	1
6780	2
6781	1
6782	1
6783	1
6784	2
6785	2
23169	1
6788	5
6789	2
6790	1
6791	1
6792	2
6793	1
6794	4
6796	1
6797	3
6798	2
6799	2
6800	1
6802	4
6803	1
6804	1
6805	2
6806	2
6807	3
6809	1
6810	2
6811	3
6812	1
6814	2
6815	1
6817	2
6818	1
6819	1
6820	1
6821	1
6824	1
6825	2
23209	1
6826	1
6828	1
6829	2
6830	2
6831	1
6832	2
6835	1
6836	4
6838	2
6839	1
6841	2
6842	1
6844	1
6846	1
6847	1
6852	2
6853	1
6856	1
6859	1
6860	1
6861	2
6862	2
6863	2
6866	1
6868	2
6870	1
6871	3
6872	2
6873	2
6875	1
6877	1
6879	2
6880	2
6882	1
6883	2
23267	1
6888	2
6890	1
6891	1
6893	1
6894	2
23279	1
6895	1
6900	3
6901	2
6902	2
6903	1
6907	1
6908	2
6909	1
6910	2
6911	2
6914	1
6915	2
6917	2
6919	1
6920	2
6922	2
6925	1
6926	1
6927	2
6929	1
6930	1
6932	2
6933	1
6934	1
6935	1
6937	1
6938	1
6940	1
6942	2
6945	1
6946	2
6947	2
6948	2
6949	2
6950	3
6953	3
6954	1
6956	1
6958	3
6959	1
6960	2
6961	1
6963	1
6964	2
6965	1
6966	1
6967	1
6970	1
6972	3
6973	2
6974	2
6975	1
6976	1
6977	2
6978	1
6979	1
6982	1
6983	1
6984	2
6985	1
6987	1
6989	1
6990	2
6991	2
6993	2
23377	1
6994	1
23380	1
6997	3
6998	2
6999	2
7002	1
7003	4
7008	3
7009	2
7011	2
7013	1
7015	1
7016	2
7017	1
7019	2
7020	2
7021	1
7022	3
7023	1
7028	4
7029	1
7030	1
7033	1
7034	1
7035	1
7036	2
7037	1
7038	1
7040	2
7041	1
7042	1
7043	3
7044	1
7046	1
7047	1
7048	1
7052	1
7054	1
7055	1
7059	1
7060	1
7062	2
7064	1
7066	2
7069	1
7071	1
7075	2
7076	2
7078	2
7080	1
7082	2
7083	1
23467	1
7084	2
7085	1
7087	3
7088	2
7091	1
7092	2
7093	1
7094	2
7095	1
7097	1
7098	1
7099	1
7101	3
7102	1
7104	2
7105	1
7106	4
7107	2
7109	1
7110	1
23494	1
7111	2
7112	1
7113	1
7115	1
7116	1
7117	2
7119	1
7120	2
7122	1
7125	1
7126	2
7127	2
7129	1
7131	1
7132	3
7133	1
7134	2
7135	1
7136	1
7138	1
7139	1
7140	1
7141	1
7142	1
7146	1
7147	2
7154	2
7155	2
7156	1
7157	2
7159	1
7162	1
7163	1
7165	1
7169	2
7170	1
7173	1
7174	1
7175	1
7177	1
7178	1
7179	2
7180	1
7183	2
7184	1
7185	2
7186	1
7187	3
7189	2
7190	2
7191	1
7192	1
7194	1
7195	1
7197	1
7198	2
7199	3
7200	1
7202	1
7203	1
7205	3
7207	1
7209	2
7210	2
7211	1
7212	1
7214	1
7216	1
7220	2
7221	2
7223	1
7225	1
7226	3
7228	1
7229	2
7230	1
7231	1
7232	1
7233	1
7235	2
7239	2
7240	1
7241	1
7242	1
7243	1
7249	2
7251	1
7252	2
7253	2
7255	2
7256	3
7258	1
7259	2
7260	2
7264	1
7265	1
7266	1
7267	2
7268	1
7269	1
7270	1
7272	1
7273	2
7274	1
7275	1
7279	1
7280	1
7282	2
7284	1
7286	1
7288	1
7290	1
7291	1
7293	1
7294	1
7296	1
7297	1
7298	3
23683	1
7299	1
23686	1
7303	2
7304	1
7305	1
7306	2
7307	1
7310	1
7311	1
7314	1
7315	1
7316	1
7317	2
7320	3
7322	1
7324	2
7325	2
7326	1
7327	4
7329	2
7330	1
7331	1
7335	1
7336	2
23721	1
7338	2
7342	1
7343	1
7344	1
7345	2
7347	1
7348	3
7351	2
7352	1
7353	3
7358	1
7359	1
7361	1
7363	2
7365	2
7371	2
7372	1
7374	1
7375	3
7376	2
7377	1
7378	1
23764	1
7383	1
7385	1
7387	1
7388	1
7390	1
7393	1
7394	1
7397	1
7398	2
7399	3
7400	1
23787	1
7408	3
7409	2
7412	1
7413	1
7416	1
7417	1
7419	1
7420	1
7421	1
7424	3
7426	3
7427	2
7428	2
7432	1
7433	1
7434	2
7437	1
7439	2
7440	1
7441	1
7445	1
7446	1
7448	3
23833	1
7449	1
7451	1
7453	1
7454	1
7455	1
7456	1
7459	1
7460	3
7462	1
7464	4
7465	1
7466	3
7467	1
7469	1
7470	4
7472	2
7473	1
7474	3
7475	1
7477	1
7480	1
7481	1
7482	2
7484	1
7487	1
7490	2
7492	2
7495	1
7498	1
7502	1
7504	1
7506	1
7514	1
7516	1
7518	2
7522	1
7523	1
7526	2
7527	1
7528	1
7529	1
7530	2
7531	1
7533	3
7534	1
7535	2
7536	3
7538	3
7542	1
7543	1
7544	2
7545	1
7547	1
7552	2
7553	2
7556	1
7557	1
7558	2
7559	2
7561	1
7563	1
7565	1
7567	3
7568	2
7569	1
7570	1
7572	1
7576	3
7577	3
7579	1
7581	2
7582	1
7583	1
7584	1
7588	1
7589	3
7590	1
7592	2
7593	2
7594	1
7596	2
7597	3
7601	1
7602	1
7603	1
7604	1
7605	1
7606	2
7608	2
7609	1
7610	1
7614	1
7615	3
7616	2
7620	1
7621	1
7625	1
7627	3
7629	1
7630	3
7631	1
7632	1
7633	2
7635	2
7640	1
7641	1
7642	1
7644	3
7647	1
7648	2
7651	1
7652	1
7653	1
7655	2
7656	2
7657	1
7659	1
7660	1
7662	1
7663	1
7664	2
7665	1
7668	2
7669	1
7671	1
7672	1
7673	1
7674	1
7675	1
7677	1
7679	1
7682	2
7683	1
7687	2
7691	2
7696	2
7697	1
7699	1
7700	1
7702	1
7703	1
7704	1
7706	2
7708	2
7710	1
7715	1
7719	1
7720	1
7721	4
7723	1
7725	2
7726	1
7728	1
7731	1
24118	1
7735	1
7736	1
7738	1
7739	1
7741	1
7745	1
7748	1
7749	1
7753	2
7755	2
7757	2
7760	3
7762	1
7763	1
7764	2
7766	1
7767	1
7768	1
7770	1
7771	1
7772	1
7773	2
7774	1
7775	2
7776	2
7778	1
7781	1
7784	1
7785	1
7786	2
7787	1
7788	1
7789	1
7792	1
7795	1
7797	3
7798	1
7800	1
7801	2
7802	2
7808	1
7810	1
7812	1
7814	1
24200	1
7817	1
7819	2
7820	1
7822	1
7823	1
7824	1
7825	2
7826	1
7827	1
7828	1
7829	1
7833	1
7834	1
7836	1
7842	1
7843	1
7849	1
7850	2
7851	1
7853	1
7854	1
7855	1
24241	1
7859	1
7860	1
7863	1
7864	1
7865	1
7867	1
7869	2
24253	1
7878	1
7879	2
7880	1
7881	1
7884	2
7889	1
7892	1
7894	1
7895	3
7898	1
7899	1
7901	1
7902	1
7903	1
7906	1
7907	1
7908	2
7911	1
7913	2
7914	1
7915	1
7916	1
7920	1
7921	1
7923	1
7924	1
7926	2
7934	3
7939	2
7940	1
7941	2
7945	1
7947	1
7948	1
7949	1
7951	1
7959	1
7960	1
7962	1
7966	1
7969	1
7970	2
7971	1
7972	2
7975	1
7977	1
7979	1
7981	3
7982	2
7984	1
7986	1
7987	1
7990	1
7992	1
7994	1
7996	1
7999	2
8001	2
8006	2
8009	1
8010	2
8011	1
8012	1
8016	2
8018	1
8023	2
8025	2
8026	1
8028	1
8030	1
8031	1
8032	1
8034	1
8035	1
8036	1
8038	2
8040	1
8041	1
8042	1
8044	1
8045	2
8049	3
8050	1
8051	2
8053	1
8054	1
8057	1
8060	1
8061	2
8062	1
8063	1
8066	1
8067	1
8069	2
8070	1
8071	1
8073	1
8076	1
8077	1
8079	2
8080	3
8083	1
8084	1
8086	1
8087	1
8089	1
8090	1
8092	1
8093	1
8099	1
24487	1
8104	1
8107	1
8108	2
8109	2
8111	1
8113	1
8114	1
8115	1
8117	1
8121	1
8122	1
8129	1
8130	2
8131	1
8133	1
8134	1
8138	1
8140	1
8144	1
8146	1
8147	1
8148	1
8150	1
8152	1
8157	1
8159	1
8160	1
8161	2
8162	2
8167	1
8169	1
8170	1
8174	1
8175	1
8177	1
8179	1
8182	1
8184	1
8186	1
8189	2
8190	1
8195	1
8196	1
8199	1
8204	1
24589	1
8207	2
8208	1
8211	1
8212	2
8213	1
8220	1
8223	1
8224	1
8227	3
8228	1
8232	1
8234	1
8236	2
8237	1
8239	1
8240	3
8244	1
8245	1
8246	1
8248	1
8249	1
8251	1
8254	1
8262	1
8264	1
8266	1
8267	1
8268	1
8269	1
8270	1
8274	2
8275	1
8281	1
8283	1
8285	1
8286	1
8287	1
8292	1
8294	1
8297	1
8300	1
8301	1
8303	1
8304	1
8306	1
8310	1
8311	1
8315	1
8316	1
8318	1
8319	1
8321	1
8326	1
8327	1
8328	2
8330	1
8333	2
8337	2
8340	2
8344	1
8346	1
8347	1
8349	2
8358	1
8360	1
8364	1
8365	2
8372	1
8373	1
8374	1
8375	1
8376	1
8377	1
8378	1
8379	1
8384	1
8388	1
8394	1
8398	1
8405	2
8406	1
8408	1
8416	1
8417	1
8418	1
8425	1
8426	1
8428	1
8429	2
8435	2
8437	1
8439	2
8444	1
8447	1
8449	2
8451	1
8452	1
8455	2
8457	1
8460	1
8461	1
8464	2
8465	1
8469	1
8470	1
8474	1
8477	2
8478	2
8480	1
8482	2
8484	1
8485	2
8487	2
8490	1
8492	1
8494	1
8504	1
8507	2
8509	1
8510	1
8514	1
8521	3
8522	2
8525	1
8528	2
8529	1
8530	2
8532	1
8533	1
8536	1
8540	1
8542	1
8546	1
8547	3
8548	1
8549	1
8556	1
8558	2
8559	1
8563	1
8564	1
8565	1
8566	2
8568	1
8569	1
8570	1
8573	1
8574	1
8577	1
8580	1
8581	1
8582	1
8583	1
8589	1
24975	1
8592	1
24982	1
8601	1
8603	1
8604	1
8607	1
8611	1
8617	1
8618	2
8619	1
8620	1
8628	1
8634	1
8639	1
8640	1
8641	2
8642	1
8645	1
8647	2
8649	1
8655	1
8660	1
8661	2
8664	1
8665	2
8670	1
8673	1
8674	1
8675	1
8676	1
8677	1
8678	1
8682	1
8683	1
8684	1
8692	1
8694	1
8698	1
8701	2
8705	1
8707	1
8710	1
8711	1
8715	2
8716	2
8717	1
8718	1
8719	1
8723	1
8725	1
8731	2
8732	1
8748	1
8751	2
8752	1
8753	1
8757	1
8762	1
8764	1
8767	1
8768	2
8773	1
8775	1
8777	2
8778	1
8780	1
8781	3
8782	1
8792	1
8798	1
8800	1
8801	1
8802	1
8803	2
8808	1
8809	1
8810	1
8814	1
8817	1
8820	1
8821	1
8822	2
8823	1
8826	1
8829	1
8832	1
8833	1
8834	1
8835	1
8836	2
8837	1
8838	2
8839	1
8842	1
8848	1
8849	2
8850	2
8851	1
8854	1
8856	1
8857	2
8864	1
8865	1
8869	1
8870	1
8873	1
8875	1
8879	1
8882	1
8884	2
8886	1
8888	1
8891	1
8895	1
8897	1
8898	1
8899	1
8903	2
8907	1
8915	2
8919	1
8922	1
8923	3
8925	1
8926	1
8928	1
8937	2
8938	2
8939	1
8943	1
8947	1
8948	2
8952	1
8956	2
8958	1
8961	1
8962	1
8965	1
8968	1
8974	1
8975	1
8984	1
8985	1
8987	2
8988	2
8989	1
8994	1
9000	2
9001	1
9003	1
9004	1
9005	1
9007	1
9009	1
9010	2
9012	1
9017	2
9020	1
9021	2
9022	1
9025	1
9026	1
9028	1
9030	2
9031	1
9035	1
9036	1
9042	1
9043	1
9044	1
9045	1
9048	2
9052	1
9053	1
9054	1
9056	1
9060	1
9064	1
9068	1
9071	1
9072	2
9075	1
9077	1
9078	1
9081	1
9087	1
9089	1
9091	1
9092	1
9096	2
9102	2
9114	1
9117	1
9125	2
9126	1
9128	1
9130	1
9133	1
9134	1
9135	1
9136	1
9147	2
9148	1
9150	1
9151	1
9152	1
9154	1
9155	1
9158	1
9164	1
9169	1
9170	1
9176	2
9179	1
9181	1
9188	1
9190	1
9192	1
9193	1
9197	2
9198	2
9203	1
9205	1
9214	1
9223	3
9226	1
9227	1
9234	2
9240	1
9241	1
9243	2
9246	1
9248	1
9251	1
9254	1
9256	1
9258	1
9261	1
9263	2
9265	1
9268	1
9271	2
9273	1
9274	1
9275	1
9276	1
9279	1
9281	1
9282	1
9290	1
9294	1
9300	2
9317	1
9318	1
9322	2
9328	2
25717	1
9333	1
9336	2
9338	2
9340	1
9344	2
9345	1
9346	1
9347	1
9349	2
9353	1
9356	1
9361	1
9363	1
9366	1
9370	1
9374	1
9377	1
9383	1
9386	2
9395	1
9396	1
9398	1
9401	1
9404	1
9408	2
9410	1
9411	2
9416	1
9417	2
9421	1
9422	1
9426	1
9430	1
9431	1
9435	1
9436	1
9438	1
9441	1
9443	1
9454	1
9458	1
9466	2
9473	1
9475	1
9476	1
9485	1
9489	1
9504	1
9505	2
9510	1
9524	1
9525	1
9526	1
9531	1
9534	3
9535	1
9536	1
9539	1
9543	1
9546	1
9547	1
9548	2
9557	1
9560	1
9564	2
9565	2
9573	1
9580	1
9581	1
9584	1
9586	1
9588	1
9589	1
9591	1
9598	1
9600	1
9601	1
9602	1
9608	1
9614	1
9615	1
9618	1
9621	1
9627	1
9630	1
9633	1
9636	2
9638	1
9639	1
9640	2
9642	1
9646	1
9649	1
9655	1
9657	1
9662	2
9668	1
9669	1
9670	1
9673	1
9675	1
9680	1
9681	1
9695	1
9698	1
9703	1
9709	1
9711	1
9716	1
9717	1
9719	1
9721	1
9722	2
9723	1
9725	2
9728	1
9730	1
9732	1
9734	1
9741	2
9744	1
9745	1
9746	1
9747	1
9749	1
9750	1
9765	1
9770	1
9776	1
9777	1
9778	1
9783	1
9794	1
9797	2
9798	1
9802	2
9810	1
9813	1
9814	1
9816	2
9823	1
9844	2
9846	1
9848	1
9850	1
9856	2
9860	1
9861	1
9863	2
9867	1
9868	1
9880	1
9885	1
9886	1
9905	1
9909	2
9915	1
9918	1
9919	1
9923	1
9924	1
9926	1
9929	1
9930	1
9934	1
9937	1
9942	1
9943	1
9954	1
9955	1
9958	1
9959	2
9960	2
9962	1
9965	1
9968	1
9972	1
9973	1
9974	1
9976	1
9977	1
9978	1
9981	1
9982	1
9984	1
9989	1
9990	1
9991	1
10004	1
10009	1
10011	2
10012	1
10019	2
10021	2
10025	1
10028	1
10033	1
10037	1
10039	2
10054	1
10056	1
10060	1
10075	2
10081	1
10082	1
10083	1
10085	1
10086	1
10090	1
10092	1
10095	1
10096	1
10099	1
10107	1
10108	2
10122	1
10130	1
10131	1
10141	1
10146	1
10154	1
10160	1
10161	1
10164	1
10165	1
10167	1
10168	1
10174	1
10187	1
10192	2
10194	1
10196	1
10198	1
10203	2
10204	1
10206	1
10207	1
10212	1
10215	2
10217	1
10220	1
10222	2
10227	1
10231	1
10232	1
10233	1
10243	1
10244	3
10246	1
10249	1
10251	1
10253	1
10254	1
10256	1
10257	1
10262	1
10265	1
10267	2
10272	1
10273	1
10276	1
10277	1
10280	1
10292	1
10295	1
10299	1
10300	1
10305	1
10307	1
10311	1
10312	1
10314	1
10315	1
10316	4
10318	1
10321	1
10322	1
10327	1
10329	1
10330	1
10332	1
10334	1
10337	2
10339	1
10340	1
10344	1
10345	1
10349	1
10352	1
10353	1
10356	1
10358	1
10360	1
10368	1
10369	1
10375	1
10376	1
10377	1
10385	1
10387	1
10393	1
10404	1
10406	1
10411	1
10415	1
10416	1
10418	1
10419	1
10421	1
10424	1
10428	1
10429	3
10430	1
10433	1
10436	1
10440	1
10442	2
10443	1
10447	1
10453	2
10458	1
10459	1
10460	1
10465	1
10471	3
10472	1
10481	1
10482	3
10507	1
10514	1
10515	1
10518	1
10520	1
10521	1
10525	2
10528	1
10529	1
10533	1
10538	2
10550	1
10552	1
10555	2
10557	1
10567	1
10569	1
10572	1
10573	1
10577	1
10578	1
10581	1
10585	1
10590	1
10591	1
10592	1
10593	2
10595	1
10598	1
10601	1
10609	1
10610	1
10611	1
10612	1
10615	1
10619	1
10621	1
10623	1
10626	1
10627	2
10632	2
10637	1
10641	1
10642	1
10648	1
10652	1
10656	1
10658	1
10659	1
10662	2
10665	2
10667	1
10669	1
10670	1
10676	1
10683	1
10684	1
10688	2
10691	1
10697	1
10698	1
10699	1
10700	1
10701	1
10706	1
10708	1
10719	1
10720	1
10724	1
10734	1
10736	1
10737	1
10738	1
10740	2
10745	1
10749	1
10757	1
10758	1
10768	1
10769	1
10781	1
10783	1
10785	1
10791	1
10804	1
10819	1
10829	1
10833	2
10836	1
10839	1
10840	1
10844	1
10845	1
10846	2
10856	2
10859	1
10864	1
10866	1
10872	1
10876	2
10878	1
10879	1
10885	2
10886	1
10890	1
10896	1
10898	1
10899	1
10900	1
10902	1
10903	1
10905	2
10907	1
10914	2
10915	2
10916	1
10919	1
10922	1
10927	2
10928	1
10931	1
10934	1
10940	1
10946	1
10948	1
10949	1
10958	1
10960	1
10964	2
10965	1
10966	1
10967	1
10968	1
10976	1
10979	1
10984	1
10985	1
10986	2
10995	1
10997	1
10999	1
11000	1
11005	1
11008	1
11011	2
11013	2
11015	1
11017	1
11019	1
11023	2
11036	2
11049	1
11054	1
11056	1
11064	1
11065	1
11070	1
11072	1
11073	1
11074	1
11081	1
11090	2
11091	1
11093	1
11099	1
11103	1
11104	2
11106	1
11116	1
11119	1
11126	1
11127	1
11132	1
11133	1
11134	1
11144	1
11146	1
11147	1
11151	1
11156	1
11157	1
11164	1
11165	1
11172	1
11180	1
11182	1
11184	1
11187	1
11188	1
11194	1
11196	1
11199	1
11201	2
11205	1
11207	1
11213	2
11218	1
11219	1
11224	1
11225	1
11228	1
11229	1
11233	1
11235	2
11240	1
11252	1
11257	2
11258	1
11261	1
11263	1
11268	1
11271	1
11280	1
11281	1
11285	1
11289	1
11290	1
11291	1
11292	1
11295	2
11296	1
11301	1
11305	1
11308	1
11309	1
11310	1
11319	1
11329	1
11334	1
11350	1
11351	1
11360	1
11367	1
11371	1
11376	1
11382	1
11384	1
11385	1
11387	1
11397	1
11398	1
11400	1
11405	1
11407	1
11408	2
11409	1
11414	1
11415	1
11416	1
11421	1
11424	1
11429	2
11430	1
11431	1
11432	1
11434	1
11437	1
11445	1
11446	1
11447	1
11452	1
11459	2
11468	1
11471	1
11473	1
11474	1
11478	2
11479	1
11490	1
11492	1
11493	1
11503	1
11507	1
11508	1
11510	1
11520	1
11522	1
11523	1
11539	1
11546	1
11551	1
11552	1
11560	1
11564	1
11567	1
11569	1
11576	1
11577	1
11580	1
11582	1
11586	1
11589	1
11593	1
11597	1
11600	1
11602	1
11605	1
11606	1
11612	1
11614	2
11615	1
11618	1
11622	2
11627	1
11634	1
11643	2
11644	2
11651	1
11652	1
11660	1
11665	1
11666	1
11679	1
11680	1
11698	1
11701	1
11702	2
11706	1
11708	1
11717	1
11720	1
11725	1
11726	1
11737	1
11742	1
11762	1
11765	1
11782	1
11783	1
11785	1
11792	1
11801	1
11803	1
11806	2
11809	1
11812	1
11813	1
11815	1
11818	1
11819	1
11832	1
11834	1
11835	1
11841	1
11843	1
11844	2
11846	1
11854	1
11857	1
11862	1
11868	1
11870	1
11875	1
11881	1
11891	1
11893	1
11895	1
11911	1
11913	2
11920	1
11932	1
11942	1
11946	1
11948	1
11949	1
11950	1
11956	1
11963	1
11968	1
11969	1
11972	1
11985	1
11986	1
11987	1
11994	1
12000	1
12001	1
12012	1
12016	1
12017	1
12020	1
12022	1
12027	1
12031	1
12039	1
12042	1
12044	1
12048	1
12051	1
12054	1
12056	1
12062	2
12065	1
12069	1
12074	1
12076	1
12077	1
12078	1
12081	1
12103	1
12104	1
12105	1
12108	1
12110	1
12112	1
12119	1
12122	1
12129	1
12133	1
12139	1
12145	1
12151	1
12158	2
12159	1
12166	1
12171	1
12183	1
12187	1
12206	2
12209	1
12212	1
12213	1
12225	1
12228	1
12235	1
12237	1
12240	1
12245	1
12247	1
12259	1
12263	2
12264	1
12270	1
12273	1
12275	1
12276	1
12277	1
12288	1
12292	2
12295	1
12297	1
12298	1
12308	1
12312	1
12313	1
12317	1
12319	1
12323	1
12326	1
12329	1
12334	2
12338	1
12339	2
12344	1
12346	2
12356	1
12360	1
12363	1
12365	1
12366	1
12380	1
12383	1
12391	1
12392	1
12394	1
12399	1
12403	1
12404	1
12418	1
12423	2
12428	1
12433	2
12437	1
12446	1
12451	1
12459	1
12463	1
12468	1
12472	1
12486	1
12488	1
12489	1
12490	3
12492	1
12494	1
12501	1
12505	1
12513	1
12517	1
12519	1
12522	1
12533	1
12553	1
12554	1
12555	1
12565	1
12571	1
12572	1
12573	1
12576	1
12578	1
12583	1
12592	1
12609	1
12613	1
12615	1
12634	1
12638	1
12652	2
12653	1
12655	1
12672	1
12674	1
12675	2
12677	1
12678	1
12682	1
12685	2
12705	2
12713	1
12714	2
12718	1
12719	1
12724	1
12728	1
12733	1
12734	1
12737	1
12744	1
12749	1
12759	1
12760	1
12763	1
12772	1
12775	1
12776	1
12780	1
12783	1
12793	1
12794	1
12800	1
12819	1
12825	2
12831	1
12833	1
12837	1
12838	1
12842	1
12843	1
12845	1
12854	1
12859	1
12863	1
12865	1
12866	1
12868	1
12870	1
12872	1
12877	1
12891	1
12896	1
12897	1
12900	1
12907	1
12912	1
12917	1
12927	1
12940	1
12943	1
12944	1
12952	1
12958	2
12961	1
12972	1
12975	1
12979	2
12985	1
13008	1
13018	1
13027	1
13033	1
13035	1
13041	1
13052	1
13053	1
13056	1
13071	1
13074	1
13084	1
13085	1
13090	1
13096	1
13097	1
13099	1
13101	1
13102	1
13105	1
13128	1
13133	1
13145	1
13157	1
13158	1
13160	1
13163	1
13168	1
13170	1
13172	1
13176	1
13177	2
13186	1
13189	1
13190	1
13197	1
13203	1
13212	2
13215	1
13217	1
13218	1
13219	2
13222	1
13225	1
13231	1
13234	1
13248	1
13254	1
13258	1
13261	1
13285	2
13293	1
13307	1
13314	1
13325	1
13332	1
13334	1
13338	1
13344	2
13347	1
13349	1
13359	1
13362	1
13364	1
13367	2
13371	2
13372	1
13373	1
13375	1
13380	1
13392	1
13395	1
13399	1
13406	1
13413	2
13414	1
13417	1
13426	1
13429	1
13430	1
13431	1
13438	1
13444	1
13448	1
13457	1
13471	2
13487	1
13491	1
13496	1
13497	2
13508	2
13516	1
13518	1
13522	1
13524	1
13526	1
13527	1
13529	1
13530	1
13536	1
13545	1
13546	1
13555	1
13557	1
13579	1
13584	1
13587	1
13592	1
13596	1
13599	1
13600	1
13604	1
13610	1
13626	1
13645	1
13649	1
13652	1
13671	1
13674	1
13676	1
13715	1
13717	1
13718	1
13729	1
13733	1
13766	1
13778	2
13782	1
13784	1
13786	1
13801	1
13803	1
13805	1
13815	1
13816	1
13819	1
13823	2
13826	1
13839	1
13842	1
13844	1
13847	2
13850	1
13853	1
13869	1
13874	1
13879	1
13880	1
13891	1
13898	1
13906	2
13908	1
13910	1
13912	1
13938	1
13941	1
13960	1
13966	1
13972	1
13989	1
13996	1
13997	2
13999	1
14013	1
14020	2
14024	1
14027	1
14032	1
14035	2
14036	1
14044	1
14048	1
14058	1
14059	1
14062	1
14067	1
14076	2
14078	1
14083	1
14084	1
14086	1
14101	1
14102	1
14111	1
14117	1
14132	1
14136	1
14146	1
14152	3
14153	1
14156	1
14161	1
14165	1
14167	1
14181	1
14182	1
14185	1
14190	1
14191	1
14192	1
14208	1
14210	1
14212	1
14213	1
14214	2
14215	1
14216	1
14220	1
14230	1
14237	1
14239	1
14244	1
14250	1
14257	1
14262	1
14263	1
14273	1
14275	1
14285	1
14287	1
14302	1
14304	1
14307	1
14308	2
14309	1
14311	1
14313	1
14337	1
14357	1
14367	1
14371	1
14375	1
14379	1
14382	1
14387	1
14394	1
14396	1
14397	1
14402	1
14409	1
14415	1
14423	1
14424	1
14429	1
14431	1
14432	1
14438	1
14442	1
14448	1
14449	1
14458	1
14472	1
14486	1
14488	1
14492	1
14511	1
14522	1
14523	1
14528	2
14542	1
14544	1
14551	1
14563	1
14564	1
14567	1
14568	1
14574	1
14577	1
14578	1
14586	1
14590	1
14594	1
14617	1
14637	1
14650	1
14651	1
14661	1
14664	1
14667	1
14668	1
14673	1
14685	1
14709	1
14712	1
14722	1
14723	1
14742	1
14754	1
14756	1
14763	1
14768	1
14776	1
14777	1
14786	2
14815	1
14823	1
14841	1
14844	1
14861	2
14862	1
14863	1
14874	2
14881	1
14885	1
14893	2
14902	1
14905	1
14911	1
14918	1
14921	1
14940	1
14948	1
14949	1
14950	1
14960	1
14961	1
14962	1
14965	1
14971	1
14983	1
14984	1
14998	1
15011	1
15013	1
15021	2
15032	1
15034	1
15035	1
15069	2
15070	1
15077	1
15083	1
15086	1
15091	1
15092	1
15097	1
15098	1
15114	1
15116	2
15123	2
15128	1
15148	1
15149	1
15154	1
15161	1
15163	1
15164	1
15167	1
15170	1
15190	1
15192	1
15205	1
15212	2
15217	2
15223	1
15239	1
15240	1
15258	1
15259	1
15262	1
15273	1
15291	1
15293	1
15296	1
15315	1
15319	2
15321	1
15324	1
15329	1
15330	1
15331	1
15338	1
15340	1
15349	1
15355	1
15371	1
15373	1
15380	1
15382	1
15392	1
15394	1
15407	1
15409	1
15439	1
15442	1
15465	1
15471	1
15472	1
15473	1
15484	1
15491	1
15495	1
15496	1
15498	1
15505	1
15509	1
15510	1
15521	1
15526	1
15541	1
15542	1
15548	1
15549	1
15556	3
15571	1
15580	2
15586	1
15588	1
15598	2
15600	1
15611	1
15618	1
15628	1
15638	1
15643	1
15646	1
15647	1
15649	1
15659	1
15664	1
15677	1
15714	1
15719	1
15733	1
15748	1
15749	1
15756	1
15775	1
15780	1
15788	1
15789	1
15811	1
15822	2
15833	1
15837	1
15844	1
15850	1
15856	1
15861	1
15865	1
15866	1
15867	2
15871	1
15873	1
15879	1
15900	1
15904	1
15910	1
15926	1
15934	1
15958	1
15973	1
15976	1
15984	1
15988	1
15989	1
15995	1
16000	1
16005	1
16021	1
16027	1
16039	1
16056	1
16057	1
16080	1
16081	1
16105	1
16110	1
16113	1
16116	1
16119	1
16163	1
16168	1
16173	1
16175	1
16176	1
16180	1
16192	1
16215	2
16237	1
16257	1
16258	1
16259	1
16277	1
16287	1
16291	1
16306	1
16309	1
16328	1
16330	1
16336	1
16358	1
16371	1
16376	1
