16384	1
1	1
2	11
3	5
4	3
5	2
6	2
7	3
8	3
10	5
11	4
12	3
16396	1
13	3
15	7
16	5
17	4
18	8
20	3
21	5
22	4
23	4
24	9
25	7
26	2
27	5
28	1
29	5
30	7
31	4
32	4
33	5
34	10
35	6
36	3
37	3
38	5
39	5
16423	1
40	6
41	8
42	10
16426	1
43	4
44	1
45	4
46	3
47	2
48	5
49	9
50	5
51	8
52	6
53	1
54	4
55	3
56	4
16440	1
57	3
58	4
16442	1
59	5
60	5
61	6
62	3
63	6
64	2
65	2
16450	1
66	2
67	5
69	4
70	2
71	3
72	5
73	5
74	2
75	2
76	7
16460	1
77	4
16461	1
78	3
79	6
80	1
81	1
82	1
16466	1
83	6
84	5
85	3
86	3
87	4
88	2
89	3
90	4
91	2
92	2
93	5
94	5
95	5
96	1
16481	1
97	4
98	8
99	4
100	5
101	10
102	4
103	3
105	4
106	4
107	4
108	5
109	4
110	2
16494	1
111	2
16495	1
112	4
16496	1
113	5
114	3
115	4
16499	1
116	2
117	1
118	4
119	5
120	1
16505	1
121	2
122	4
123	4
124	3
125	4
126	7
127	4
128	3
129	4
130	4
131	1
132	3
133	2
134	2
135	4
136	2
137	2
138	2
139	1
140	1
141	4
142	6
143	3
144	1
145	6
146	5
147	3
148	6
149	6
150	6
151	6
16535	1
152	4
16536	1
153	3
154	6
155	1
156	4
157	5
16541	1
158	4
159	3
160	4
161	4
16546	1
163	4
164	3
165	3
166	3
16550	1
167	4
168	1
169	2
170	4
171	4
172	2
173	6
174	2
175	3
176	3
177	2
178	3
179	4
180	3
181	7
182	3
183	3
184	4
16568	1
185	4
16569	1
186	2
187	3
188	3
189	9
16574	1
190	1
191	12
192	2
193	6
16577	1
194	4
196	1
197	3
198	2
199	3
200	4
201	5
202	4
203	4
204	4
205	3
206	11
207	1
208	3
209	3
210	1
211	3
212	2
213	5
214	2
215	7
216	5
16600	1
217	2
218	3
219	4
220	5
16604	1
221	4
16605	2
222	4
223	5
224	4
225	3
16610	1
227	11
228	4
229	3
230	5
231	2
232	4
233	4
234	3
235	4
236	6
237	4
238	4
16623	1
239	5
240	2
241	9
242	4
243	4
244	5
245	3
16629	1
246	4
247	1
248	4
249	4
250	10
251	9
16635	1
252	1
16636	1
253	2
254	4
16638	1
255	3
256	4
257	8
258	1
259	6
260	5
261	1
262	2
263	7
264	6
265	2
266	2
16651	1
267	4
268	5
269	11
270	4
271	3
16655	1
272	4
273	3
274	4
275	2
16659	1
276	2
277	1
278	8
279	10
280	6
281	1
16665	1
282	5
283	4
284	3
285	2
286	4
287	3
288	6
289	5
290	5
291	3
16675	1
292	5
293	7
294	4
295	3
296	6
297	7
298	7
299	2
300	4
301	8
302	4
303	3
16687	1
304	2
305	4
306	4
307	3
16691	1
308	5
309	4
310	3
311	5
312	4
16696	1
313	6
314	4
315	4
316	6
317	2
318	2
319	4
320	1
321	2
322	5
323	6
324	2
325	2
16709	1
326	7
327	7
328	6
329	5
330	4
331	3
332	3
333	3
334	8
16718	1
335	6
336	6
337	4
338	4
339	7
340	6
341	3
342	4
343	5
344	3
345	4
346	2
347	5
348	6
349	2
16734	1
351	5
352	4
16737	1
353	1
354	3
355	4
356	5
16741	1
358	4
359	5
360	5
16744	1
361	2
362	8
363	5
364	2
366	4
367	4
368	4
369	1
370	1
16754	1
371	5
372	4
373	3
16757	1
374	7
375	2
376	3
16760	1
377	6
378	8
379	3
16764	1
380	2
381	8
382	7
384	5
385	3
386	6
387	3
388	7
389	2
16773	1
390	5
391	4
392	7
393	5
394	8
395	4
396	3
397	7
398	5
399	4
400	7
16785	1
401	2
402	7
403	4
404	7
405	4
406	6
407	5
16791	1
408	5
409	7
410	2
411	2
412	4
413	8
414	5
16799	2
415	3
416	6
417	6
418	4
419	2
420	9
421	8
422	1
423	2
424	9
425	4
426	3
427	4
428	2
429	4
430	10
431	3
432	5
433	3
434	6
16818	1
435	3
436	5
437	4
438	2
439	3
440	5
441	2
442	5
443	4
444	3
445	9
446	3
447	4
448	5
449	4
450	4
451	3
452	5
453	2
454	7
455	4
456	3
457	3
458	3
459	4
460	4
16844	1
461	4
462	2
463	1
16847	1
464	7
465	6
466	1
467	3
16852	1
468	1
469	4
16853	1
470	1
471	10
472	8
473	9
474	6
475	3
476	6
477	2
478	6
479	3
480	4
481	5
16865	1
482	6
483	3
484	5
16868	1
485	1
486	4
487	5
488	5
489	4
16873	1
490	7
491	2
492	4
493	5
16877	1
494	2
495	6
496	7
497	5
498	6
499	6
500	6
501	6
502	5
503	7
16887	1
505	4
16889	1
506	3
507	5
508	6
509	4
510	6
511	4
16895	1
512	3
513	2
514	5
515	7
516	7
517	3
518	6
519	6
520	5
16904	1
521	3
16905	1
522	6
523	5
524	3
16908	1
525	4
526	7
527	5
528	5
529	6
530	2
531	3
532	4
533	3
534	6
535	7
536	3
537	1
538	2
539	6
540	6
541	3
542	4
543	5
544	4
545	4
546	7
547	4
548	1
549	3
550	8
551	9
552	3
553	2
554	6
555	3
556	5
557	8
558	3
559	3
560	8
561	7
562	5
563	4
564	2
565	6
566	6
567	7
16951	1
568	2
569	5
570	6
571	3
572	4
573	3
574	5
575	6
576	6
577	7
578	8
16962	1
579	2
16963	1
580	6
581	5
582	4
583	5
584	1
585	6
586	3
587	5
588	5
589	6
590	5
591	2
592	2
593	1
594	4
595	3
596	6
597	5
598	4
599	1
16983	1
600	7
601	5
602	5
604	5
605	7
606	4
607	3
608	6
16992	1
609	2
610	5
16994	1
611	6
612	2
613	6
16997	1
614	5
16998	1
615	5
616	6
617	5
618	2
619	6
620	3
621	8
622	3
623	6
624	4
625	2
626	4
17010	1
17011	1
627	3
628	3
629	2
630	5
631	4
632	5
633	4
634	7
635	1
636	4
637	4
638	6
639	5
640	10
641	2
642	6
643	4
644	3
645	4
646	2
647	3
648	3
649	7
650	6
651	7
652	3
653	4
17037	1
654	7
655	1
17039	1
656	7
657	7
658	3
659	1
17043	1
660	4
661	5
662	1
663	6
664	4
665	5
666	7
667	4
668	2
669	4
670	6
671	2
672	7
673	1
17057	1
674	5
675	3
676	5
677	8
678	6
679	6
17063	1
680	3
681	6
682	5
683	6
17067	1
684	6
685	2
686	5
687	4
688	2
689	1
690	5
691	1
692	5
693	4
694	4
695	2
17079	1
696	4
697	4
698	1
699	5
700	3
701	4
702	6
704	3
705	5
706	4
707	8
708	5
709	3
710	3
711	9
712	7
713	3
714	5
715	3
716	6
717	2
718	6
17102	1
719	2
720	3
721	4
722	4
723	5
724	5
725	3
726	2
17110	1
727	8
17112	2
728	2
729	7
730	5
17114	1
731	5
732	3
733	4
734	6
735	4
17119	1
736	1
737	3
738	3
739	5
17123	1
740	3
741	6
742	4
743	6
744	6
745	7
746	4
747	8
748	2
749	5
750	6
751	1
752	2
753	4
754	10
755	6
756	4
757	3
758	3
759	5
760	4
761	5
762	3
763	4
764	4
765	6
766	4
767	3
768	3
769	2
770	5
771	4
772	2
773	6
774	5
775	2
17159	1
776	4
777	2
778	1
17162	1
779	3
780	2
781	6
782	5
783	5
17167	1
784	6
785	4
786	2
787	8
788	2
789	2
790	3
791	4
792	6
793	2
17177	1
794	4
795	4
796	4
797	3
798	3
17182	1
799	7
800	3
801	2
802	6
803	1
804	2
805	5
806	5
807	7
17191	1
808	1
809	5
810	2
811	6
812	6
813	8
814	7
815	4
17199	1
816	1
817	3
818	5
819	4
820	5
17204	1
821	4
822	2
823	4
824	1
825	4
826	5
827	7
828	1
829	1
830	2
17214	1
831	2
832	4
833	4
834	4
835	6
836	4
17221	1
837	7
838	4
839	9
840	3
17225	1
841	4
842	2
843	3
844	3
845	2
846	4
847	5
17232	1
848	2
849	7
850	7
851	1
852	4
853	2
854	5
855	4
856	6
857	3
858	8
17242	1
859	7
860	7
861	2
862	5
863	5
864	1
17249	1
865	2
866	5
867	4
868	4
869	3
870	3
871	3
872	5
873	3
874	1
875	5
876	1
17260	1
877	4
878	3
879	7
880	2
17264	1
881	3
882	3
883	8
884	7
885	4
886	6
887	3
888	4
17272	1
889	3
890	3
17274	1
891	4
892	2
893	3
894	6
895	5
896	4
897	5
898	2
899	3
900	4
17285	1
901	2
902	4
903	1
904	6
905	5
906	1
907	2
908	5
909	7
910	2
911	2
912	8
913	4
914	4
915	2
916	4
917	7
918	6
919	6
920	5
17304	1
921	2
922	3
923	4
924	1
925	2
926	5
927	2
928	7
929	1
930	8
931	1
17316	1
933	1
934	6
17318	1
935	4
17320	1
936	3
937	7
938	9
939	8
940	8
941	6
17325	1
942	2
17326	1
943	5
944	5
945	2
946	3
947	1
948	1
949	2
950	7
951	1
952	6
953	5
954	6
955	6
956	3
957	3
958	6
959	5
960	5
961	6
962	4
963	4
17347	1
964	6
17348	1
965	6
966	2
967	3
968	6
969	7
970	5
971	4
17355	1
972	4
973	4
974	3
975	3
976	6
977	5
17361	1
978	5
17362	1
979	3
980	6
981	6
982	7
983	3
984	3
985	7
986	4
987	5
988	6
989	5
990	6
991	2
992	3
993	4
994	2
995	2
17379	1
996	9
997	6
17381	1
998	2
999	2
1000	5
1001	2
1002	5
1003	2
1004	8
1005	2
1006	2
1007	7
1008	3
17392	1
1009	5
1010	3
1011	4
17396	1
1012	2
1013	1
1014	9
1015	3
1016	2
1017	6
1018	7
1019	2
1020	1
1021	3
1022	1
1023	3
17407	1
1024	3
17408	1
1025	2
1026	5
17410	1
1027	8
1028	4
1029	2
1030	4
1031	2
1032	1
1033	3
1034	3
1035	6
1036	4
1037	4
1038	5
1039	6
17423	1
1040	3
1041	3
17425	1
1042	1
1043	8
1044	3
1046	6
1047	3
1048	3
1049	3
17433	2
1050	4
1051	4
1052	7
1053	2
1054	4
1055	3
1056	1
1057	1
1058	5
1059	4
1060	2
1061	3
1062	2
1063	1
17447	1
1064	6
17448	1
1065	4
1066	5
1067	4
17451	1
1068	3
1069	5
1070	3
1071	6
1072	9
1074	6
1075	4
1076	6
1077	3
1078	4
1079	4
17463	1
1080	7
1081	1
1082	5
1083	7
1084	3
1085	4
1086	5
17470	1
1087	5
1088	4
1089	4
17473	1
1090	3
17474	1
1091	2
1092	10
17477	1
1093	2
1094	3
1095	1
1096	3
1097	4
1098	5
1099	2
1101	3
1102	8
17486	1
1103	5
1104	8
1105	2
1106	3
1107	7
1108	4
1109	3
1110	6
1111	2
1112	2
1113	5
17497	1
1114	3
1115	3
17499	1
1116	2
1117	6
1118	3
1119	7
1120	5
1121	3
1122	5
1123	7
1124	3
1125	3
17509	2
1126	5
1127	5
1128	2
1129	3
1130	3
1131	7
1132	7
1133	6
1134	1
1135	3
1136	5
1137	4
1138	3
1139	6
1140	1
1141	2
1142	3
1143	2
1144	7
1145	4
1146	4
1147	2
1148	2
1149	4
1150	7
1151	1
1152	4
1153	5
1154	7
1155	7
1156	2
1157	3
1158	6
1160	5
17544	1
17545	1
1161	1
1162	3
1163	6
1164	2
1165	2
17550	1
1167	4
1168	5
1169	3
17553	1
1170	3
1171	8
1172	1
1173	4
1174	3
17558	1
1175	6
1176	8
1177	6
17561	1
1179	7
1180	3
1181	3
1182	9
1183	4
1184	6
1185	7
17569	1
1186	5
1187	8
1188	1
1189	2
1190	4
1191	2
1192	4
1193	3
1194	4
1195	8
1196	5
17581	1
1197	2
1198	3
1199	4
1200	1
1201	6
1202	6
1203	5
17587	1
1204	4
1205	8
1206	10
1207	4
1208	3
1209	6
1210	5
17594	1
1211	3
1212	4
1213	3
1214	8
1215	6
1216	4
17600	1
1217	2
1218	4
17603	1
1219	5
1220	2
1221	5
1222	2
1223	9
1224	3
1225	5
1226	4
1227	3
1228	3
1229	4
1230	3
1231	5
1232	5
1233	6
1234	4
1235	1
1236	3
1237	2
1238	3
1239	2
1240	1
1241	6
1242	3
17626	1
1243	3
1244	2
1245	5
1246	4
1247	7
1248	3
1249	6
1250	4
1251	2
1252	5
1253	4
1254	3
1255	8
1256	1
1257	4
1258	1
1259	2
1260	4
17644	1
1261	6
1262	8
1263	2
1264	8
17648	1
1265	3
1266	4
1267	4
1268	3
17652	1
1269	7
1270	5
17655	1
1271	3
1272	4
1273	7
17657	1
1274	5
1275	3
1276	6
1277	2
1278	7
1279	3
17663	1
1280	7
1281	6
1282	2
1283	8
1284	4
1285	4
1286	4
1287	1
1288	2
1289	1
1290	1
17674	1
1291	4
17675	1
1292	2
1293	4
1294	4
1295	3
1296	5
1297	3
1298	5
1299	3
1300	6
1301	4
1302	5
17686	1
1303	5
1304	2
1305	7
1306	3
1307	2
1308	3
1309	3
1310	1
1311	7
1312	6
1313	6
1314	8
1315	3
1316	3
1317	3
1318	6
1319	4
1320	4
1321	5
1322	5
1323	5
1324	2
1325	4
17709	1
1326	5
1327	6
1328	4
1329	5
1330	8
1331	3
1332	5
1333	3
1334	4
17718	1
1335	3
1337	3
1338	5
1339	6
1340	6
17724	1
1341	4
1342	5
1343	4
1344	7
1345	3
1346	4
1347	1
1348	4
1349	2
1350	6
1351	5
1352	3
17736	1
1353	3
1354	5
1355	2
1356	5
1357	3
1358	3
1359	4
1360	2
1361	3
1362	6
1363	3
1364	2
17749	1
1365	4
1366	4
1367	5
1368	5
1369	9
1370	6
1371	7
17755	1
1372	5
17756	1
1373	3
1374	3
1375	5
1376	5
1377	5
1378	1
1379	3
1380	2
1381	1
1382	2
1383	2
1384	3
1385	3
1386	7
1387	3
1388	4
1389	6
1390	4
1391	7
1392	1
1393	6
1394	3
1395	5
1396	3
17780	1
1397	5
1398	2
1399	1
1400	5
1401	4
1402	5
1403	3
1404	6
1405	4
1407	2
1408	1
1409	7
1410	6
17795	1
1411	3
1412	3
1413	3
1414	3
17798	1
1415	3
1416	4
1417	4
1418	3
1419	6
1420	4
1421	3
1422	2
1423	3
1424	5
1425	4
1426	5
1427	4
1428	4
1429	7
17813	2
17814	2
1430	7
1431	4
1432	8
1433	4
1434	1
1435	3
1436	2
1437	2
1438	2
1439	5
1440	3
1441	3
1442	2
1443	4
1444	6
1445	4
1446	7
1447	5
1448	6
1449	5
1450	5
1451	4
1452	2
1453	3
1454	2
1455	4
1456	2
1457	6
1458	1
1459	7
1460	5
1461	3
1462	2
17846	1
1463	6
1464	4
1465	1
1466	3
1467	5
1468	1
17852	1
1469	2
1470	5
1471	7
1472	8
1473	3
1474	2
1475	5
1477	4
17862	1
1478	3
1479	5
1480	4
1481	4
1482	2
1483	4
1484	4
1485	6
1486	2
1487	8
1488	5
1489	4
1490	7
1491	3
1492	6
1493	3
1494	3
1495	6
1496	4
1497	4
1498	10
1499	4
1500	2
1501	4
1502	7
1503	5
1504	4
1505	5
1506	4
1507	3
1508	2
1509	4
1510	4
1511	1
1512	4
1513	3
1514	5
1515	6
17899	1
1516	3
1517	3
17901	1
1518	1
1519	6
1521	2
1522	4
1523	3
1524	2
1525	6
1526	5
1527	7
1528	3
1529	3
1530	3
17914	1
1531	4
1532	9
1533	5
1534	1
17918	1
1535	4
1536	5
1537	4
1538	3
1539	3
1540	10
1541	7
1542	9
1543	2
1544	8
1545	4
1546	5
1547	5
1548	4
1549	6
1550	4
1551	4
1552	5
1553	5
1554	4
1555	3
1556	5
1557	4
1558	7
17942	1
1559	3
1560	4
1561	3
1562	3
1563	4
1564	3
1565	4
1566	5
1567	5
1568	4
1569	5
1570	2
1571	5
1572	1
1573	6
1574	4
1575	4
1576	3
1577	2
1578	3
1579	6
1580	4
1581	5
1582	5
1583	4
1584	2
1585	4
17969	1
1586	4
1587	4
1588	6
1589	5
1590	12
1591	6
1592	5
1593	2
1594	3
1595	2
1596	5
1597	5
1598	2
1599	3
1600	2
1602	7
1603	3
1604	4
1605	8
1606	4
1607	5
1608	4
1609	3
1610	1
1611	7
1612	5
17996	1
1613	4
1614	7
1615	4
1616	5
1617	5
1618	4
1620	5
18004	1
1621	3
1622	4
1623	5
1624	4
18008	1
1625	6
1626	5
1627	2
1628	2
1629	4
1630	4
18015	1
1631	1
1632	5
1633	8
18017	1
1634	8
1635	3
1636	3
1637	7
1638	4
18022	1
1639	6
1640	1
1641	6
1642	3
1643	4
1644	5
1645	4
1646	4
1647	4
1648	3
1649	4
18034	2
1650	7
1651	3
1652	3
1653	3
1654	5
1655	1
1656	3
1657	9
1658	2
1659	2
1660	2
1661	8
1662	2
18046	1
1663	4
1664	4
1665	7
1666	4
1667	6
1668	5
1669	6
1670	2
1671	4
18055	1
1672	1
1673	6
1674	5
1675	6
1676	5
1677	7
1678	4
1679	3
1680	5
1681	7
1682	5
1683	3
1684	5
1685	5
1686	3
1687	2
1688	3
1689	1
18073	1
1690	1
1691	4
1692	6
18076	1
1693	3
1694	4
1695	2
1696	6
1697	3
1698	4
1699	2
1700	6
1701	5
1702	7
1703	3
18087	1
1704	6
1705	3
1706	6
1707	4
1708	4
1709	2
1710	4
1711	4
1712	10
1713	5
18097	1
1714	1
1715	6
1716	5
1717	6
1718	4
1719	1
1720	4
1721	5
1722	4
1723	6
1724	1
1725	5
1726	3
1727	5
1728	5
1729	3
1730	2
1731	6
1732	4
1733	5
1734	3
1735	6
1736	5
1737	3
1738	6
1739	10
1740	2
1741	4
1743	6
1744	5
1745	2
1746	1
1747	2
1748	3
1749	4
18134	1
1750	2
1751	3
1752	4
18136	1
1753	5
18137	1
1754	4
1755	3
1756	4
18140	1
1757	7
1758	1
1759	2
1760	3
1761	1
18146	1
1762	4
1763	4
1764	4
1765	6
1766	6
1767	4
1768	2
1769	2
1770	7
1771	4
1772	1
1773	3
1774	7
1775	4
1776	4
18160	1
1777	1
1778	5
1780	4
18164	1
1781	6
1782	3
1783	5
1784	4
1785	4
1786	3
1787	4
1788	3
1789	4
1790	6
18174	1
1791	5
1792	1
1793	4
1794	2
1795	3
1796	5
1797	1
1798	2
1799	3
1800	6
1801	2
1802	6
1803	4
1804	5
18188	1
1805	3
1806	4
1807	1
1808	2
1809	2
1810	1
1811	2
1812	4
1813	2
1814	4
1815	3
1816	7
1817	5
18201	1
1818	5
1819	9
18203	1
1820	5
1821	3
1822	2
1823	3
1824	4
1825	5
1826	4
1827	7
1828	3
1829	4
1830	8
1831	2
1832	2
1833	1
1834	4
1835	6
1836	3
1837	9
1838	5
1839	4
1840	3
1841	3
18225	1
1842	7
1843	2
1844	9
1845	6
1846	4
1847	4
1848	5
1849	5
1850	3
1851	7
18236	2
1852	7
1853	4
1854	2
1855	8
1856	3
1857	12
1858	2
1859	4
1860	1
1861	5
1862	1
1863	2
1864	5
1865	2
1866	7
1867	1
1868	4
1869	2
1870	2
1871	5
1872	4
18256	1
1873	6
1874	3
1875	3
1876	8
1877	7
1878	6
1879	6
1880	3
1881	3
18265	1
1882	6
1883	7
1884	3
1885	4
1886	7
1887	4
1888	4
1889	2
1890	2
1891	4
18275	1
1892	6
1893	6
1894	2
1895	2
1896	5
1897	8
1898	3
1899	5
1900	5
1901	4
1902	6
1903	4
1904	2
18288	1
1905	6
1906	7
1907	3
1908	6
1909	4
18294	1
1910	4
1911	3
1912	3
1913	2
1914	1
1915	3
1916	4
1917	5
1918	5
1919	3
18303	1
1920	9
1921	5
1922	1
1923	3
1924	4
18308	1
1925	3
1926	6
1927	9
1928	6
1929	5
1930	5
1931	2
1932	4
1933	6
18318	1
1934	4
1935	5
1936	5
1937	5
1938	3
1939	7
1940	4
18324	1
1941	6
1942	5
1943	6
1944	2
1945	5
1946	3
1947	4
1948	5
1949	5
18333	1
1950	2
1951	9
1952	4
1953	6
18337	1
1954	3
1955	2
1956	5
1957	5
1958	3
1959	3
18343	1
1960	7
1961	4
1962	3
18346	1
1963	9
1964	4
1965	3
1966	3
1967	3
1968	5
1969	6
1970	8
1971	3
1972	3
1973	1
1974	1
1975	3
1976	4
1977	4
1979	7
18363	1
1980	7
1981	6
1982	6
1983	8
1984	2
1985	2
1986	4
1987	3
1988	9
1989	3
1990	4
1991	4
18375	1
1992	6
1993	3
1994	5
1995	1
1996	1
1997	7
1998	1
1999	4
18383	1
2000	7
2001	4
18385	1
2002	5
2003	2
2004	1
2005	5
2006	4
2007	3
2008	4
18392	1
2009	2
2010	5
2011	8
2012	5
2013	3
2014	3
2015	7
2016	5
2017	2
2018	1
2019	3
2020	4
2021	3
2022	4
2023	8
2024	1
2025	3
2026	6
2027	1
2028	2
2029	3
2030	3
2031	3
2032	4
2033	3
2034	1
2035	1
2036	6
2037	3
2038	3
2039	5
2040	1
2041	2
2042	9
2043	8
2044	1
18428	1
2045	7
2046	5
2047	6
18431	1
2048	1
2049	8
2050	5
18434	1
2051	9
2052	5
2053	5
2054	4
2055	3
2056	3
2057	8
2058	2
2059	5
2060	4
2061	5
2062	3
2063	3
2064	6
2065	5
2066	5
2067	7
2068	8
2069	4
2070	4
2071	4
2072	2
2073	7
2074	2
2075	1
2076	3
2077	4
18462	1
2078	5
2079	3
2080	6
2081	3
2082	3
2083	5
2084	4
2085	5
2086	1
2087	5
2088	5
2089	3
2091	4
2092	4
2093	4
18477	1
2094	4
2095	2
2096	4
2097	5
2098	3
2099	4
2100	7
2101	2
2102	4
2103	4
2104	3
2105	6
2106	7
2107	2
2108	5
2109	1
2110	4
2111	1
2112	3
2113	2
2114	2
18498	1
2115	6
2116	4
2117	4
2118	2
2119	2
2120	3
2121	6
2122	2
2123	2
2124	7
18508	1
2125	3
2126	7
2127	4
2128	4
2129	9
2130	5
2131	1
2132	4
2133	1
2134	4
2135	2
2136	6
2137	6
18522	1
2138	1
2139	1
18523	1
2140	6
2141	4
2142	4
18526	1
2143	4
2144	2
2145	6
2146	5
2147	2
2148	5
2149	6
2150	1
2151	6
2152	3
2153	5
2154	3
2155	4
2156	4
2157	3
2158	3
2159	3
2160	7
2161	2
2162	3
18546	1
2163	1
2164	8
2165	3
2166	9
2167	5
2168	3
2169	2
2170	4
2171	3
18555	1
2172	3
2173	2
18557	1
2174	2
18558	1
2175	1
2176	5
2178	4
2179	1
2180	3
2181	7
2182	2
2183	3
2184	3
2185	3
2186	2
2187	8
2188	5
2189	5
2190	4
2191	5
2192	3
2193	3
2194	6
2195	2
2196	4
2197	5
2198	5
2199	8
18583	1
2200	4
2201	3
2202	3
2203	5
2204	4
2206	5
2207	4
18591	1
2208	9
2209	3
2210	4
2211	7
2212	3
2213	5
18597	1
2214	1
2215	3
2216	5
2217	3
2218	1
2219	3
2220	8
2221	6
2222	6
18606	1
2223	4
2224	6
2225	4
2226	5
2228	3
2229	2
2230	5
2231	5
2232	4
2233	8
2234	4
2235	4
2236	4
2237	2
2238	1
2239	3
2240	7
2241	5
2242	2
18626	1
2243	5
2244	10
2245	3
2246	5
2247	4
2248	3
2249	3
2250	1
2251	3
2252	6
2253	4
2254	5
2255	4
2256	5
2257	7
2258	5
2259	4
2260	11
18644	1
2261	3
2262	2
2263	6
2264	3
2265	1
2266	5
18650	1
2267	5
18651	1
2268	3
2269	1
2270	6
2271	2
2272	3
2273	6
2274	4
2275	2
2276	5
2277	3
2278	4
2279	4
2280	4
2281	3
2282	2
2283	1
2284	3
2285	7
2286	4
2287	4
2288	5
2289	7
2290	6
2291	1
2292	8
2293	5
2294	10
2295	3
2296	1
2297	2
2298	3
2299	3
2300	7
2301	6
2302	1
2303	7
2304	4
2305	2
2306	4
2307	6
2308	3
2309	2
2310	3
2311	5
2312	7
2313	3
2314	2
18699	1
2315	5
2316	5
2317	9
2318	4
2319	16
2320	7
2321	5
2322	4
2323	3
2324	6
2325	6
2326	1
2327	1
2328	6
2329	4
2330	5
18714	1
2331	5
2332	4
2333	3
2334	7
2335	7
2336	4
18720	1
2337	2
2338	2
2339	2
2340	6
18725	1
2341	7
2342	6
2343	3
2344	4
2345	2
2346	4
2347	4
2348	2
2349	3
2350	5
2351	3
2352	2
2353	2
2354	6
2355	4
2356	4
2357	4
2358	3
2359	2
2360	2
2361	7
2362	3
2363	3
2364	2
2365	3
2366	3
2367	3
2368	3
2369	2
2370	6
2371	4
2372	4
2373	9
2374	7
2375	4
2376	3
18760	1
2377	7
2378	2
2379	4
2380	4
2381	3
18765	1
2382	3
2383	4
2384	6
2386	2
18770	1
2387	3
2388	2
2389	4
2390	4
2391	2
2392	1
2393	2
2394	6
2395	5
2396	2
2397	3
18782	1
2398	4
2399	5
2400	7
2401	5
2402	4
2403	1
2404	3
2405	7
2406	2
2407	6
18791	1
2408	7
2409	4
2410	1
2411	3
2412	2
2413	4
2414	4
18798	1
2415	4
2416	1
2417	3
2418	3
2419	4
18803	1
2420	3
2421	5
2422	1
2423	4
2424	4
2425	2
2426	2
2427	1
2428	4
2429	2
2430	3
2431	4
2432	1
2433	5
2434	4
2435	4
2436	2
2437	2
18821	1
2438	7
2439	5
2440	6
2441	4
2442	2
2443	6
2444	6
2445	2
2446	1
2447	7
2448	3
2449	5
18833	1
2450	5
2451	3
2452	3
2453	1
2454	7
2455	2
2456	5
2457	2
2458	7
2459	2
2460	6
2461	2
2462	7
2463	6
2464	2
2465	1
2466	5
2467	2
2468	4
2469	5
2470	7
2471	1
2472	1
2473	4
2474	3
2475	3
2476	5
2477	4
2478	3
2479	7
2480	2
2481	6
2482	3
2483	3
2484	5
2485	4
2486	3
2487	4
2488	6
2489	7
2490	6
18874	1
2491	2
2492	1
2493	6
2494	5
2495	6
2496	5
2497	1
2498	2
2499	6
2500	2
2501	4
2502	2
2503	4
2504	5
2505	2
2506	1
2507	2
2508	5
2509	4
2510	2
2511	4
2512	4
2513	3
2514	6
2515	1
2516	4
2517	4
2518	6
2519	4
2520	4
2521	4
2522	3
2523	3
2524	3
2525	4
2526	5
2527	4
2528	3
18912	1
2529	3
2530	5
2531	4
2532	3
2533	3
2534	6
2535	6
2536	3
2537	5
2538	3
2539	4
2540	5
2541	1
2542	3
2543	2
18927	1
2544	4
2545	1
2546	2
2547	5
2548	4
2549	4
2550	2
2551	3
18935	1
2552	5
2553	3
2554	2
2555	5
18939	1
2556	2
2557	2
2558	3
2559	3
2560	10
2561	6
2562	8
2563	4
2564	6
2565	3
2566	4
18950	1
2567	5
2568	4
2569	5
2570	3
2571	1
2572	5
2573	3
2575	4
2576	5
2577	2
2578	5
2579	4
2580	1
2581	3
2582	2
2583	5
2584	2
2585	7
2586	1
2587	3
2588	6
2589	7
2590	1
2591	11
2592	2
2593	2
2594	6
2595	7
2596	1
2597	3
2598	3
2599	7
2600	2
2601	5
2602	5
2603	5
2604	4
18988	2
2605	5
2606	3
2607	10
2608	4
2609	6
18993	1
2610	5
2611	3
2612	6
2613	1
2614	6
2615	5
2616	1
2617	3
19001	1
2618	5
2619	7
2620	5
19004	1
2621	1
2622	7
2623	1
2624	3
2625	4
2626	5
2627	7
2628	1
19012	1
2629	2
2630	1
2631	4
2632	4
2633	1
2634	4
19018	1
2635	3
19019	1
2636	3
2637	5
2638	3
2639	4
2640	8
2641	2
2642	5
2643	5
2644	4
2645	4
2646	5
2647	4
2648	3
2649	7
2650	4
2651	6
2652	6
2653	4
2654	6
2655	2
2656	4
19041	1
2657	4
2658	4
2659	3
2660	5
19044	1
2661	6
2662	3
2663	1
2664	2
2665	5
2666	6
2667	4
2668	4
2669	3
2670	7
2671	4
2672	5
19056	1
2674	3
2675	6
2676	3
2677	1
19061	1
2678	8
2679	3
2680	5
2681	4
2682	6
19066	1
2683	2
2684	6
2685	1
2686	2
2687	10
2688	7
2689	6
2690	5
2691	2
2692	5
2693	8
2694	6
2695	6
2696	2
19080	1
2697	6
2698	8
2699	3
2700	4
19084	1
2701	2
2702	1
2703	5
2704	7
2705	3
2706	6
2707	3
2708	3
2709	4
2710	5
2711	5
2712	4
2713	2
2714	3
2715	2
2716	6
2717	3
2718	6
2719	4
2720	1
2721	8
2722	4
2723	2
2724	4
2725	4
2726	6
2727	8
2728	3
2729	5
2730	5
2731	6
2732	2
2733	3
2734	2
2735	6
2736	7
2737	6
2738	4
2740	4
2741	4
2742	3
2743	2
2744	2
2745	6
2746	1
2747	1
2748	2
2749	4
2750	4
2751	5
2752	7
2753	2
2754	5
2755	2
2756	5
2757	4
2758	4
19143	1
2759	1
2760	7
2761	1
2762	2
2763	7
2764	8
2765	3
2766	3
2767	4
2768	6
2769	8
19153	1
2770	7
2771	2
2772	4
2773	5
2774	2
2775	1
2776	8
2777	7
2779	3
2780	6
2781	5
2782	6
2783	3
2784	6
2785	2
2786	3
2787	3
2788	3
2789	3
2790	2
2791	2
2792	5
2793	2
2794	5
2795	8
2796	6
2797	4
2798	5
2799	8
2800	2
2801	3
2802	7
2803	2
2804	5
2805	5
2806	5
2807	5
2808	5
2809	9
2810	4
2811	3
2812	2
2813	4
2814	3
2816	6
2817	3
2818	3
2819	4
2820	4
2821	8
19205	1
2822	3
2823	4
19207	1
2824	1
2825	3
2826	3
2827	1
2828	3
2829	7
2830	4
2831	4
2832	3
2833	3
2834	3
2835	5
2836	7
2837	3
2838	1
2839	3
2840	2
2841	5
19225	1
2842	4
2843	2
2844	4
2845	3
2846	2
2847	1
2848	7
2849	6
2850	3
2851	4
2852	7
2853	4
2854	3
2855	4
2856	4
2857	4
2858	4
2859	4
2860	5
2861	4
2862	4
19246	1
2864	6
2865	7
2866	5
2867	4
2868	2
2869	6
2870	3
2871	4
2872	5
2873	1
2874	5
2875	7
2876	3
2877	5
19261	1
2878	3
2879	2
2880	3
2881	1
2882	6
2883	5
2884	7
2885	2
2886	3
2887	3
2888	4
2889	4
2890	6
2891	6
2892	6
2893	5
2894	3
2895	7
2896	2
2897	3
2898	5
2899	4
2900	10
2901	2
2902	8
2903	5
2904	4
2905	4
2906	3
2907	11
2908	3
2909	4
2910	3
2911	7
2912	3
2913	1
2914	4
2915	4
2916	3
2917	2
2918	6
2919	5
2920	6
2921	4
2922	6
2923	5
2924	2
2925	6
2926	3
2927	3
2928	2
2929	5
2930	6
2931	8
2932	4
2933	1
2934	2
2935	8
2936	3
2937	7
2938	4
2939	2
2940	3
2941	4
2942	5
2943	4
2944	1
2945	3
2946	2
2947	5
19331	1
2948	5
2949	5
2950	5
2951	2
2952	5
2953	5
2954	5
2955	1
2956	4
2957	5
2958	3
2959	6
2960	1
2961	1
2962	4
2963	2
2964	8
2965	6
2966	2
2967	5
2968	5
2969	5
2970	7
2971	6
2972	5
2973	5
2974	1
2975	4
2976	2
2977	3
2978	5
2979	2
19363	1
2980	2
2981	6
2982	2
2983	8
2984	4
2985	6
2986	2
2989	5
19373	1
2990	1
2991	3
2993	7
2994	3
2995	3
2996	3
2997	3
2998	5
2999	6
3000	2
3001	3
3002	3
3003	3
3004	3
3005	4
3006	4
3007	2
3008	2
3009	7
3010	2
3011	2
3012	5
3013	4
3014	6
19398	1
3015	4
3016	6
3017	5
3018	7
3020	6
3021	5
3022	4
3023	2
3024	9
3025	1
3026	5
3027	3
3028	7
3029	5
3030	6
3031	5
3032	8
3033	1
3034	2
3035	2
3037	5
3038	7
3039	3
3040	5
3041	1
3042	5
3043	7
3044	3
3045	5
3046	3
3047	7
3048	2
3049	1
3050	2
3051	6
3052	4
3053	5
3054	3
3055	7
3056	6
3057	4
3058	5
3059	6
3060	2
3061	5
3062	6
3063	8
3064	3
3065	1
3066	3
3067	2
3068	7
19452	1
3069	2
3070	4
3071	10
3072	1
3073	3
19457	1
3074	4
3075	4
3076	7
3077	3
3078	4
3079	5
3080	4
3081	2
3082	2
3083	5
3084	5
3085	1
3086	2
3087	1
3088	3
3089	1
3090	7
3091	3
3092	4
3093	3
3094	4
3095	2
3096	1
3097	4
3098	3
3099	2
3100	4
3101	4
3102	2
3103	3
19487	1
3104	4
3105	4
3106	4
3107	7
3108	1
3109	8
3110	4
3111	1
3112	4
3113	3
3114	5
3115	5
3116	4
3117	3
3118	1
3119	6
3121	6
3122	3
3123	7
3124	4
3125	3
3126	6
3127	1
3128	5
3129	7
3130	8
3131	3
3132	3
3133	6
3134	8
3135	3
3136	3
3137	7
3138	4
3139	5
3140	6
3141	6
3142	3
3143	5
3144	7
3145	6
3146	7
3147	3
3148	3
3149	1
3150	4
3151	4
3152	4
3153	4
3154	1
3155	5
3156	2
3157	7
3158	2
19542	1
3159	6
3160	7
3161	4
3162	4
3163	2
3164	6
3165	4
3166	5
3167	7
3168	3
3169	1
3170	6
19554	1
3171	3
3172	7
3173	5
3174	8
3175	6
3176	2
3177	2
3178	2
3179	3
3180	1
3181	3
3182	5
3183	4
3184	7
3185	2
3186	7
3187	3
3188	3
3189	2
3190	2
3191	3
3192	4
3193	4
3194	2
3195	4
3196	9
3197	4
3198	2
3199	3
3200	2
3201	2
3202	6
3203	2
3204	3
3205	3
3206	4
3207	2
3208	3
3209	5
3210	3
3211	7
3212	7
3213	4
3214	4
3215	2
3216	3
3217	5
3218	7
3219	2
3220	3
3221	1
3222	6
3223	1
3224	3
19609	1
3227	5
3228	5
3229	2
3230	5
3231	5
3232	3
3233	7
3234	2
3235	3
3236	4
3237	3
3238	2
3239	3
3240	3
3241	1
3242	4
3243	2
3244	5
3245	4
3246	5
3247	3
3248	3
3249	4
19633	1
3250	5
3251	2
3252	5
3253	5
3255	1
19639	1
3256	3
3257	4
3258	6
3259	2
3260	2
3261	3
3262	5
19646	1
3263	3
3264	3
3265	4
3267	3
3268	7
3269	8
3270	8
3271	5
3272	3
3273	2
3274	6
3275	3
3276	3
3278	5
3279	3
3280	3
3281	5
19665	1
3282	4
3283	2
3284	6
3285	2
3286	6
3287	4
3288	4
3289	4
3290	4
3291	5
3292	5
3293	2
3294	4
3295	2
3296	3
3297	5
3298	6
3299	3
3300	2
3302	3
3303	2
3304	2
3305	4
3306	2
19691	1
3307	3
3308	6
3309	2
3310	3
3311	4
3312	3
3313	3
3314	5
3315	1
3316	4
3317	3
3318	8
3319	4
3320	6
3321	4
3322	5
19707	1
3323	2
3324	4
3325	4
3326	3
3327	3
3328	7
3329	2
3330	11
3332	2
3333	3
3334	2
3335	3
3336	1
3338	4
3339	5
3340	4
3341	4
3342	3
3343	2
3344	6
3345	4
3346	7
3347	4
3348	2
3349	4
3350	1
3351	3
3352	3
3353	5
3354	2
3355	2
3356	6
3357	2
3358	2
3359	3
3360	4
3361	5
3362	5
3363	3
3364	3
19748	1
3365	9
3366	4
3367	4
3368	3
3369	2
3370	4
3371	4
3372	3
3373	5
3374	4
3375	3
3376	7
3377	3
3378	7
3379	4
3380	5
3381	4
3382	2
3383	9
3384	4
3385	2
3386	2
3387	2
3388	6
3389	3
3390	4
3391	1
3392	3
3393	4
3394	5
3395	7
3396	5
3397	7
3398	4
3399	2
3400	3
3401	5
3402	2
3403	2
3404	4
3405	4
3406	5
3407	6
19791	1
3408	6
3409	6
3410	5
3411	2
3412	2
3413	2
3414	6
3415	5
3416	2
3417	1
3419	3
3420	4
3421	5
19805	1
3422	6
3423	5
3424	3
3425	4
3426	3
3427	6
3428	4
3429	3
3430	1
3431	3
3432	3
3433	4
3434	2
3435	3
3436	2
3437	1
3438	7
3439	5
3440	3
3441	2
3442	4
3443	5
3444	2
3445	2
3446	3
3447	6
3448	7
3449	1
3450	3
3451	3
3452	3
3454	4
3455	3
3456	5
3457	3
3458	4
3459	1
3460	3
3461	1
3462	1
3463	4
3464	3
3465	3
3466	3
19851	1
3467	4
3468	6
3469	5
3470	2
3471	4
3472	2
3473	3
3474	3
3475	2
3476	7
19861	1
3478	5
3479	3
3480	5
3481	3
3482	2
3483	4
3484	3
3485	3
3486	1
3487	3
3488	4
3489	3
3490	2
3491	5
3492	3
3493	2
3494	5
3495	2
3496	4
3497	3
3499	4
3500	4
3501	6
3502	4
3503	3
3504	5
3505	4
3507	3
3508	3
3509	2
3510	8
3511	7
3512	5
3513	1
3514	5
3515	1
3516	3
3517	1
3518	2
3519	4
3520	4
3521	2
3522	1
3523	4
3524	3
3525	4
3526	4
3527	8
3528	5
3529	3
3530	5
3531	2
3532	6
3533	6
3534	1
3535	4
3536	2
3537	4
3538	4
3539	8
3540	6
3541	4
3542	3
3543	5
3544	3
3545	4
3546	3
3547	6
3548	2
3549	7
3550	3
3551	4
3552	2
3553	4
3554	4
3555	5
3556	5
3557	1
3558	3
3559	3
3560	4
3561	5
3562	2
3563	4
3564	5
3565	4
3566	5
3567	2
3568	3
3570	4
3571	2
3572	3
3573	5
3575	2
3576	2
3577	4
3578	3
3579	8
3580	8
3581	4
3583	3
3584	9
3585	4
3586	2
3587	4
19972	1
3588	3
3589	6
3590	5
3591	1
3592	4
3593	3
3594	3
3595	4
3596	5
3597	4
3598	5
3599	7
3600	1
3601	3
3602	2
3603	4
3604	2
3605	5
3606	2
3607	3
3608	2
3609	4
3610	5
3611	3
3612	2
3613	4
3614	2
3615	4
3616	11
3617	5
3618	4
3619	3
3620	1
3621	5
3622	2
3623	3
3624	1
3625	3
3626	2
3627	3
3628	5
3629	5
3630	6
3631	3
3632	2
3633	3
3634	2
3635	3
3636	4
3637	1
3638	7
3639	7
3640	3
3641	2
3642	2
20026	1
3643	5
20028	1
3645	4
3646	6
3647	3
3648	4
3649	5
3651	1
3652	4
3653	4
3654	3
3655	5
3656	2
3657	3
3659	1
3660	2
3661	2
3662	1
3663	10
3664	3
3665	5
3666	1
3667	5
3668	6
3669	1
3670	2
3671	1
3672	2
3673	3
3674	4
3675	5
3676	4
20060	1
3677	4
3678	3
3679	3
3680	8
3681	4
3682	1
3683	1
3684	4
3685	2
3686	6
3687	4
3688	7
3689	3
3690	5
20075	1
3691	2
3692	2
3693	2
3694	3
3695	3
3696	2
3697	2
3698	5
3699	1
3700	3
3701	3
3702	4
3703	3
3704	7
3705	4
3706	1
3708	5
3709	1
3710	4
3711	2
3713	1
3714	1
3715	4
3716	4
3717	4
3718	4
3719	3
3721	3
3722	2
3723	4
3724	4
3725	7
3726	2
3727	4
3729	3
3732	5
3733	3
20117	1
3734	5
3735	4
3736	3
3737	2
3738	5
3739	2
3740	4
3741	2
3742	3
3743	3
3744	3
3745	4
3746	3
3747	3
3748	3
3749	5
3750	2
3751	4
3752	6
3753	5
3754	3
3755	4
3756	3
3757	6
3758	3
3760	4
3761	1
3762	3
3763	6
3764	4
3765	4
3766	1
3767	7
3768	1
3769	1
3770	4
3771	6
3772	6
3773	5
3774	4
3775	4
3776	2
3777	5
3778	4
3779	5
3780	2
3781	5
3783	3
3784	2
3785	5
3786	5
3787	5
3788	2
3789	2
3790	7
3791	2
3792	4
3793	3
3794	5
3795	2
3796	3
3797	5
3798	5
3799	4
3801	5
3802	3
3803	4
3804	3
3805	1
3806	3
3807	2
3808	2
3809	2
3810	2
3811	5
3812	3
3813	1
3814	1
3815	2
3816	2
20201	1
3817	1
3818	3
3819	2
3820	4
3821	6
3822	5
3823	2
3824	3
3825	3
3826	4
3827	2
3828	5
3829	6
3830	1
3831	2
3832	3
3833	5
3834	2
3835	1
3836	4
3837	4
3838	5
3839	3
3840	5
3841	1
3842	2
3843	3
3844	8
3845	2
3846	4
3847	2
3848	6
3849	3
3850	1
3851	6
3852	4
3853	5
3854	3
3855	4
3856	3
3857	4
3858	4
3859	1
3860	2
3861	5
3862	5
3863	2
3865	2
3866	4
3867	6
3868	6
3869	7
3870	2
3871	8
3872	3
3873	7
3874	4
3875	5
3876	2
3877	1
3878	5
3879	6
3880	4
3881	4
3882	4
3883	3
3884	6
3885	1
3886	5
20270	1
3887	2
3888	4
3889	6
3890	2
3891	5
3892	3
3893	6
3894	3
3895	1
3896	2
3897	4
3898	5
3899	3
3900	4
3901	1
3902	5
3903	9
3904	3
3905	4
3906	3
3907	2
3908	1
3909	2
3910	2
3911	6
3912	6
3913	4
3914	6
3915	1
3916	2
3917	1
3918	6
3919	3
3920	4
3922	1
3923	1
3924	6
3925	2
3926	2
3927	4
3928	6
3929	7
3930	2
3931	4
3932	2
3933	5
3934	5
3935	4
3936	1
3937	4
3938	3
3939	3
3940	4
3941	5
3942	1
3943	4
3944	5
3946	2
3947	6
3948	4
3950	1
3952	2
3953	7
3954	3
3956	3
3957	3
3958	2
3959	3
3960	3
20345	1
3961	1
3962	2
3963	4
3964	3
3965	3
3966	3
3967	3
3968	2
3969	5
3970	4
3971	5
3972	3
3973	3
3974	6
3975	1
3976	4
3977	2
3978	3
3979	3
3980	2
3981	3
3982	1
3983	7
3984	3
3985	2
3986	7
3987	5
3988	4
3989	3
3990	1
3991	2
3992	5
20376	1
3993	2
3994	2
3995	7
3996	3
3997	1
3998	2
3999	4
4000	2
4001	2
4002	6
4003	2
4004	2
4005	1
4006	3
4007	6
4008	3
4009	2
4010	1
4011	5
4012	6
20396	1
4013	2
4014	4
4015	2
4016	2
4017	3
4018	8
4019	2
4020	5
4021	1
4022	2
4023	2
4024	3
4025	3
4026	8
4027	4
4028	2
4029	3
4030	4
4031	2
4032	2
4033	3
4034	2
4035	3
4036	2
4037	2
4038	4
4039	5
4040	5
4041	1
20426	1
4042	3
4043	4
20427	1
4044	3
4045	6
4046	4
4047	5
4048	5
4049	5
4050	4
4051	4
4052	3
4053	1
4054	4
4055	2
4056	1
20440	1
4057	5
4058	2
4059	5
4060	4
4061	2
4062	3
4063	2
4064	5
4066	2
4067	2
4068	1
4069	5
4070	2
4071	5
4072	2
4073	2
4074	5
4075	4
4076	2
4077	5
4078	2
4079	1
4081	4
4082	2
4083	3
4084	1
20468	1
4085	3
4086	5
4087	4
4088	7
20472	2
4089	4
4090	5
4092	1
4093	1
4095	5
4096	2
4097	4
4098	2
4099	5
4100	5
4102	3
4103	2
4104	6
4105	2
4107	3
4108	3
4109	4
4110	1
4111	3
4112	3
4113	6
4114	3
4115	4
4116	2
4117	4
4118	3
4119	6
4120	5
4121	4
4122	1
4123	4
4124	3
4125	2
4126	3
4127	3
4128	1
4129	1
4130	3
4131	3
4132	2
4133	4
4134	4
4135	1
4137	4
4138	7
4139	2
4140	1
4141	7
4142	3
4143	2
4144	4
4145	1
4146	1
20530	1
4147	3
4148	3
4149	1
4150	4
20534	1
4151	5
4152	3
4153	2
4154	4
4155	2
4156	2
4157	2
4158	5
4159	1
4160	5
20545	1
4161	3
4162	5
4163	2
4164	4
4165	1
4166	4
4167	1
4168	2
4169	2
4171	2
4172	1
4173	4
4174	4
4175	1
4176	6
4177	3
4178	5
4179	1
4180	2
4181	2
4182	1
4183	7
4184	2
4185	2
4186	2
4187	1
4188	5
4189	4
4190	1
4191	1
4192	2
4193	3
4194	3
4195	3
20579	1
4196	1
20580	1
4197	1
4198	3
4199	6
4200	4
4201	2
4202	2
4203	6
4204	3
4205	1
4206	1
4207	6
4208	12
4209	6
4210	1
4211	5
4212	3
4213	3
4214	9
4215	3
4216	3
4217	3
4218	3
4219	1
4221	5
4222	2
4223	4
4224	4
4225	2
4226	3
4227	5
4228	1
4229	2
4230	5
4231	5
4232	2
4233	6
4234	5
4235	3
4236	2
4237	4
4238	1
4239	1
4240	4
4242	3
4243	3
4244	1
4245	3
4246	3
4247	2
4248	2
4249	4
4250	4
4251	3
4252	3
4253	1
4254	2
4255	1
4256	4
4257	8
4258	5
4259	1
4260	3
4261	3
4262	2
4263	2
4264	5
4265	2
4266	2
4267	6
4268	3
4269	3
4270	4
4271	3
4272	2
4273	5
4274	4
4275	3
4276	3
4277	2
4278	1
4279	4
4280	2
4281	4
4282	8
4283	6
4284	2
4285	2
4286	2
4287	5
4288	5
20672	1
4289	2
4290	3
4291	4
4292	4
4293	4
4294	4
4295	4
4296	4
4297	4
4298	4
4299	1
4300	2
4301	3
4302	4
4303	3
4304	1
4305	3
4306	4
4307	2
4308	1
4309	2
4310	4
4312	3
4313	2
4314	1
4316	3
4317	1
4318	1
4319	1
4320	1
4321	3
20705	1
4322	2
4323	3
4324	6
4325	2
4326	3
4327	3
4328	4
4329	5
4330	4
4331	2
4333	2
4335	3
4336	5
4337	1
4338	2
4339	5
4340	4
4341	3
4342	2
4343	1
4344	3
4345	4
20729	1
4346	4
4347	4
4348	3
4349	4
4350	3
4351	4
4353	2
4354	3
4355	6
4356	3
4357	3
4358	4
4360	4
4361	2
4362	5
4363	6
4364	1
4365	1
4366	3
4367	2
4368	3
4369	3
4370	4
4371	3
4372	5
4373	3
4374	4
4375	2
4376	2
4377	5
4378	3
4379	1
4380	2
4381	2
4382	2
4383	1
4384	2
4385	4
4386	2
20770	1
4387	4
4388	2
4389	2
4390	3
4391	3
4392	4
4393	2
4394	5
4395	5
4396	2
4397	4
4398	3
4399	1
4400	3
4401	4
4402	1
4403	4
4404	2
4405	1
4406	3
4407	4
4408	3
4409	1
4410	4
4411	1
4412	4
4414	5
4415	2
4416	2
4417	3
4418	3
4419	4
4421	6
4422	3
4423	4
4424	8
4425	4
4426	4
4427	5
4428	6
4429	3
4430	3
4431	2
4432	8
4433	2
4434	5
4435	2
4436	1
4437	3
4438	2
4440	1
4441	5
4442	3
4443	4
4444	2
4445	7
4446	5
4447	2
4448	1
4449	2
4450	1
4451	3
20835	1
4452	3
4453	5
4454	4
4455	4
4456	4
4457	8
4458	3
4459	5
4460	4
4462	1
4463	2
4464	1
4465	4
4466	3
4467	1
4468	1
4469	4
4470	2
4471	3
4472	6
20856	1
4473	3
4474	2
4475	4
4476	3
4477	2
4478	3
4479	4
4480	3
4481	8
4482	3
4483	4
4484	1
4485	2
4486	3
4487	2
4488	3
4489	2
4490	4
4491	6
4492	4
4493	1
4494	2
20879	1
4496	4
4497	4
4498	1
4499	1
4500	3
4501	1
4503	6
4504	6
4505	6
4506	2
4507	3
4508	2
4509	1
4510	3
4511	2
4513	3
4514	3
4515	2
4517	3
4518	4
4519	1
4520	4
4521	1
4522	5
4523	3
4524	9
4525	3
4526	2
4527	1
4528	1
4529	3
4530	3
4531	7
20915	1
4532	4
4533	2
4534	1
4535	2
4536	2
4537	3
4538	1
4539	6
4540	3
4541	6
4542	4
4543	1
4544	2
4545	5
4546	3
4547	3
4548	5
4549	3
4550	2
4551	5
4552	3
20936	1
4553	4
4554	1
4555	2
4556	3
4557	3
4558	2
4559	4
4560	1
4561	4
4562	3
4563	2
4564	2
4565	2
4567	1
4568	2
4569	4
4570	2
4571	3
4572	2
4573	2
4574	1
4575	3
4576	1
4577	3
4578	3
4579	1
4580	1
4581	4
4582	5
4583	4
4584	2
4585	2
4586	3
4587	2
4588	1
4589	4
4590	1
4592	3
4593	5
4594	2
4595	2
4596	3
4597	3
4598	2
4600	4
4601	2
4602	2
4603	2
4604	2
4605	1
4606	1
4607	3
4608	5
4609	2
4610	1
4611	4
4612	1
4613	4
4614	6
4615	4
4616	2
4617	3
4618	4
4619	2
21003	1
4620	1
4621	2
4622	3
4623	2
4624	2
4625	4
4626	1
4627	2
4628	3
4629	3
4631	4
4632	3
4633	2
4634	4
4635	4
4637	5
4638	2
4639	3
4640	3
4641	4
4642	1
4643	1
4644	3
4645	2
4646	7
4647	2
4648	4
4649	4
4650	4
4651	2
4652	2
4653	1
4655	1
4656	4
21040	1
4657	4
4659	2
4660	2
4661	4
21046	1
4662	2
4663	4
4665	2
4666	4
4667	4
4668	3
4669	4
4670	2
4671	1
4672	3
4673	3
4674	5
4675	5
4676	3
4677	1
4678	4
4679	3
4680	2
4681	1
4683	5
4684	3
4685	3
4686	2
4687	2
4688	4
4689	5
4690	3
4691	1
4692	1
4693	1
4694	6
4695	2
4696	3
4697	3
4698	4
4699	1
21083	1
4700	1
4701	2
4703	2
4704	3
4705	3
4706	2
4707	3
4708	4
4709	2
4711	2
4712	2
4713	3
4714	1
4715	1
4716	1
4717	4
4718	2
4720	4
4721	1
4722	4
4723	4
4724	1
4725	4
4726	3
4727	4
4728	3
4729	4
4730	3
4731	2
4732	2
4733	1
4734	3
4735	3
4736	2
4738	1
4739	2
4740	2
4741	3
4742	2
4743	1
4745	4
4746	3
4747	3
4748	8
21132	1
4749	3
4750	2
4752	6
4753	2
4754	3
4755	7
4756	3
4757	3
4758	1
4759	1
4760	2
4761	1
4762	1
4763	1
4764	4
4765	3
4766	5
4767	2
4768	1
4769	1
4770	5
4771	5
4772	2
4773	5
4774	1
21158	1
4775	1
4776	2
4777	3
4778	3
4780	1
4781	4
4782	5
4783	4
4784	3
4785	7
4786	1
4787	3
4788	2
4789	1
4790	3
4791	3
4792	4
4793	3
4794	3
4795	1
4796	2
4797	3
4798	2
4799	3
4800	2
4801	4
4802	2
4804	2
4805	3
4807	3
4808	7
4809	3
21193	1
4810	4
4811	5
4812	3
4813	2
4814	1
4816	2
4817	2
21201	1
4818	2
4819	6
4820	2
4821	1
4822	2
4826	2
4827	3
4828	2
21212	1
4829	4
4830	6
4831	3
4832	1
4833	1
4834	2
4835	2
4837	2
4838	3
4839	1
4840	1
4841	2
4842	4
4843	1
4844	1
4845	3
4846	2
4847	4
4848	2
4849	2
4850	4
4852	1
4853	2
4854	1
4855	1
21239	1
4856	5
4857	2
4858	1
4859	4
4860	1
4861	5
4862	3
4863	1
4864	3
4865	3
4866	2
4867	4
4868	1
4869	4
4870	6
4871	4
4872	1
4873	1
4875	3
4876	3
4878	4
4879	2
4880	1
4881	4
4882	3
4883	3
4884	3
4885	1
4886	4
4888	3
4889	1
4890	3
4891	4
4892	1
4893	1
4894	1
4895	2
4896	3
4897	2
4898	1
4899	4
4901	1
4902	3
4903	5
4904	4
4905	3
4906	2
4907	2
4908	5
4909	2
4910	4
4911	3
4912	2
4913	2
4914	3
4915	8
4916	3
4918	3
4919	3
4920	1
4921	1
4922	6
4923	4
4924	3
4925	1
4926	1
4927	2
4928	5
21312	1
4930	1
4931	2
4932	4
4933	7
4934	1
4935	1
4936	3
4937	3
4938	1
4939	2
4941	3
4942	2
4943	2
4944	6
4945	6
4946	4
4947	1
4948	4
4949	3
4950	5
4951	5
4952	2
4953	1
4954	2
4956	3
4960	2
4962	2
4963	7
21347	1
4964	3
4965	2
4966	2
4967	1
21351	1
4968	1
4969	2
4970	2
4971	2
4972	2
4973	2
4974	2
4975	6
4976	5
4977	5
4978	2
4979	1
4980	3
4982	1
4984	2
4985	1
4986	1
4987	3
4988	3
4989	1
4990	1
4991	2
4992	2
4993	5
4994	1
4995	2
4996	2
4997	3
4998	2
4999	5
5000	3
5001	2
5002	4
5003	2
5004	1
5005	3
5006	1
5007	2
5009	2
5010	5
5011	3
5012	3
5013	5
5014	2
5015	1
5016	2
5017	4
5018	1
5019	4
5020	2
5021	1
5022	2
5023	1
5024	6
5025	2
5026	2
5028	1
5029	3
21413	1
5030	2
5031	4
5032	2
5033	4
5034	2
5035	3
5036	3
5037	2
5038	3
5039	5
5040	5
5041	2
5042	4
5043	1
5044	2
5045	5
5046	1
5047	1
5048	3
5049	4
5050	5
5051	3
5053	2
5054	2
5055	3
5056	3
21441	1
5057	3
5058	1
5059	2
5060	1
5061	4
5062	4
5063	1
5064	2
5065	5
5066	3
5067	1
5068	2
21452	1
5069	1
5072	3
5073	3
5074	2
5076	2
5078	1
5079	2
5080	2
5081	3
5082	2
5083	1
5084	2
5085	2
5086	2
5087	1
5088	2
5089	5
5090	3
5091	3
5092	2
5093	2
5094	1
21479	1
5096	2
5097	3
5098	1
5099	4
5100	2
5101	4
5102	3
5103	3
5104	3
5105	3
5106	2
5107	1
5108	3
5109	5
5110	6
5111	1
5112	3
5113	3
5114	5
5115	1
5116	1
5117	4
5118	2
5119	4
5120	3
5121	2
5122	2
5123	3
5124	1
5125	3
5126	3
5127	4
5128	4
5129	2
5130	3
5131	4
5132	2
5133	1
5134	2
5135	3
5136	1
5137	6
5139	2
5140	5
5141	5
5142	2
5143	3
5144	1
5145	2
5146	5
5147	3
5148	1
5149	2
5150	4
5151	3
5152	3
5153	4
5154	2
5155	3
5156	1
5157	4
5158	1
5160	4
5161	1
5162	2
21547	1
5163	2
5164	1
5166	1
5168	1
5169	2
5170	4
5171	2
5172	4
21557	1
5173	2
5174	2
5175	2
5177	2
5178	3
5179	3
5180	2
5181	1
5182	1
5183	1
5184	1
5185	1
5186	2
5187	3
21571	1
5188	1
5189	2
5190	1
5191	4
5193	3
5195	5
5196	1
5197	1
5198	1
5199	4
5200	1
5201	1
5202	3
5205	1
5206	1
5207	2
5209	3
5210	3
5211	5
5212	1
5213	2
5214	1
5215	2
5216	3
5217	2
5219	2
5220	1
5221	2
5222	1
5223	2
5224	6
5225	5
5226	4
5228	1
5229	4
5230	4
5231	3
5233	2
5234	2
5235	3
5238	1
5239	1
5241	3
5242	1
5243	3
5244	6
21628	1
5245	3
5246	3
5247	1
5248	1
5249	2
5250	1
5251	1
5253	1
5255	2
5256	2
5257	1
5258	3
5259	1
5260	1
5261	2
5262	5
5263	4
5264	1
5265	4
5266	3
5267	2
5268	2
5269	5
5270	3
5271	3
5272	5
5273	3
5274	1
5275	3
5276	2
5277	1
5278	2
5279	4
5281	1
5282	1
5283	4
5284	1
5285	5
5286	1
5287	6
5288	2
5291	4
5293	4
5294	2
5295	2
5296	1
5298	3
5299	1
5300	1
5301	1
5302	1
5303	3
5304	2
5305	2
5306	2
5307	3
5308	1
5309	1
5310	1
5311	4
5312	1
5313	2
5314	4
5315	1
21699	1
5317	1
5319	2
5321	5
5322	3
5323	1
5324	3
5325	2
5326	1
5327	1
5328	3
5329	1
5330	5
5331	3
5332	1
5333	1
5334	4
5335	2
5336	3
5337	4
5338	2
5339	2
5341	1
5342	4
5343	2
5344	2
5345	1
5346	4
5347	2
5348	6
5349	4
5350	4
5351	4
21735	1
5352	4
5353	3
5354	1
5355	5
5356	2
21740	1
5357	3
5358	5
5359	1
5360	2
5362	3
5363	2
5365	2
5366	2
5367	2
5368	4
5369	3
5370	4
5371	3
5372	4
5373	3
5374	1
5375	2
5376	2
5377	2
5379	3
5380	1
5381	2
5384	3
5385	2
5386	2
5387	3
5388	1
5389	3
5390	2
5391	3
5392	3
5393	1
5394	2
5395	1
5396	2
5397	1
5398	2
5399	4
5400	2
5401	1
5402	2
5403	3
5404	3
5405	2
5406	5
5407	3
5408	3
5409	1
5410	2
5411	3
5413	1
5414	3
5415	5
5416	4
5417	1
5418	5
5419	1
5420	4
5421	4
5422	1
5423	4
5424	3
5425	2
5426	3
5427	2
5428	3
5429	4
5430	2
5431	2
5432	2
5433	2
5435	2
5436	3
5437	1
5438	4
5440	4
5441	2
5442	4
5443	1
5444	2
5445	2
5446	4
5447	1
5448	3
5449	5
5450	2
5451	2
5452	5
5453	1
5454	2
5456	5
5458	2
5460	3
5461	2
5462	4
5463	4
5464	4
5465	1
5466	1
5467	1
5468	2
5469	2
5470	5
5471	2
5472	4
5473	2
5474	1
5475	1
5476	1
5477	2
5478	2
21862	1
5479	3
5480	1
5481	1
5482	3
5484	2
5485	1
5486	1
5487	5
5489	6
5490	2
5491	3
5493	1
5495	6
5496	4
21881	1
5497	2
21882	1
5498	1
5499	2
5501	4
5502	1
5505	2
5506	2
5507	3
5508	2
5509	3
5510	1
5511	1
5512	2
5513	2
5514	3
5515	2
5516	1
5517	4
5518	2
5519	3
5521	2
5522	3
5524	2
5525	2
5526	4
5527	2
5528	3
5530	2
5531	4
5532	2
5533	1
5537	1
5538	3
5539	2
5540	3
5541	1
5542	2
5543	1
5544	2
5547	2
5548	5
5549	2
5550	5
5551	3
5552	2
5553	3
5554	2
5555	4
5556	2
5558	2
5559	2
5560	5
5563	3
5564	4
5565	6
5567	1
5568	2
5569	2
5570	1
5571	1
5572	2
5573	2
5575	5
5576	2
5577	3
5578	4
5579	4
5580	3
5581	1
5582	4
5583	1
5584	1
5585	4
5586	3
5587	3
21971	1
5588	1
5590	2
5591	1
5592	1
5593	4
5595	6
5597	2
5598	1
5599	3
5600	4
5601	3
5602	2
5603	3
5604	3
5605	1
5606	1
5607	3
5609	2
5610	2
5611	1
5612	1
5613	3
5615	2
5616	1
5617	2
5618	4
5619	4
5620	2
5621	2
5622	1
5623	4
5624	1
5625	2
5626	2
5627	3
5629	1
5630	2
5631	3
5632	1
5633	2
5634	4
5635	1
5636	3
5637	1
5638	1
5639	5
5642	1
5643	3
5644	3
5645	4
5646	2
5647	3
5648	3
5650	2
5651	4
5652	4
5653	2
5654	1
5655	4
5656	3
5657	2
5659	2
5660	5
5661	2
5663	1
5664	1
5665	2
5666	2
5667	2
5668	1
5669	3
5670	2
5671	2
5672	2
5673	1
5674	2
5675	3
5676	2
5677	5
5678	1
5679	3
5680	3
5681	3
5682	4
5683	2
5684	2
5685	2
5687	1
5688	4
5689	2
5690	2
5691	1
5693	3
5695	2
5696	5
5697	1
5700	1
22084	1
5701	3
5702	1
5703	4
5704	3
5705	3
5706	4
5707	2
5708	1
5709	1
5711	3
5712	5
5713	4
5714	3
5715	3
5716	2
5717	1
5718	1
5719	1
5720	4
5722	2
5723	1
5725	2
5726	4
5727	3
5728	5
5729	2
5730	2
5731	2
5732	1
5733	1
5734	4
5735	1
5736	2
5737	1
5739	3
5740	1
5741	4
5742	1
5744	2
5745	1
5746	1
5748	2
5749	1
5750	2
5753	1
5754	1
5756	1
5757	3
5758	3
5759	6
5760	1
5761	3
5762	5
22146	1
5763	1
5765	4
5766	3
5769	1
5770	3
5771	1
5772	1
22157	1
5773	4
5774	3
22159	1
5778	1
5779	1
5780	2
5781	4
5782	2
5783	5
5784	1
5785	2
5786	3
5787	2
5788	1
5789	3
5790	2
5792	1
5793	1
5796	1
5799	1
5800	2
5801	1
5802	2
5803	5
5804	3
5806	2
5807	2
5808	1
5809	1
5810	3
5811	5
5812	3
5813	5
5814	2
5815	2
5816	3
5818	4
22203	1
5819	2
5820	2
5821	1
5822	2
5823	1
5824	3
5826	1
5827	1
5828	5
5829	1
5831	1
5832	3
5835	5
5836	4
5838	1
5839	4
5840	1
5841	1
5842	2
5843	2
5844	2
5845	3
5846	2
5847	1
5849	1
5850	1
5851	2
5852	3
5853	2
5854	1
5855	2
5856	3
5857	1
5858	4
5859	2
5860	1
5861	5
5862	4
5863	1
5864	1
5866	2
5867	1
5868	2
5869	2
5870	2
5871	1
5873	2
5874	4
5875	1
5876	2
5877	2
5879	1
5880	4
5881	2
5882	4
5883	1
5884	1
22269	1
5885	2
5886	2
5887	3
5888	1
5889	1
5890	4
5891	4
5894	3
5895	1
5896	3
5897	6
5898	4
5901	1
22286	1
5903	1
5904	1
5905	3
5906	3
5907	4
5908	3
5910	2
22297	1
5914	1
5915	1
5916	2
5917	1
5918	1
5920	1
5921	2
5922	2
5924	2
5925	4
5926	1
5927	1
5931	1
5932	3
5933	1
5934	1
5936	3
5937	2
5938	1
5941	1
5942	3
5943	1
5944	3
5945	2
5947	1
5949	1
5950	1
5951	1
5952	2
5953	2
5954	2
5955	2
5956	3
5957	3
5959	2
5962	2
5963	4
5964	4
5965	2
5966	2
5967	2
5968	2
5969	1
5970	1
5971	1
5972	4
5973	3
5974	1
5975	1
5976	2
5977	1
5978	6
22362	1
5979	3
5980	2
5982	1
22366	1
5984	2
5986	1
5987	1
5988	2
5991	1
5992	2
5993	1
5995	1
5997	3
5998	3
6000	1
6001	1
6002	1
6004	1
6005	3
6006	1
6007	4
6009	1
6010	3
6011	4
6012	2
6014	1
6015	3
6018	4
6019	1
6020	1
22406	1
6023	1
6024	2
6025	3
6026	1
6027	1
6028	2
6029	4
6030	1
6031	1
6032	4
6033	2
6036	1
6040	1
6041	2
6043	4
6045	2
6046	5
6047	3
6048	1
6049	1
6050	1
6051	1
6053	1
6054	1
6055	2
6056	2
6057	3
6058	2
6060	1
6061	2
6062	1
6064	2
6065	1
6066	3
6067	2
6068	5
6069	1
6070	1
6071	1
6072	2
6073	3
6074	1
6075	1
6076	3
6077	2
6078	2
6080	1
6081	3
6082	1
6084	2
6085	1
22470	1
6087	3
6089	3
6090	2
6091	2
6093	1
6094	2
6095	2
6096	1
6097	2
6098	1
6099	3
6100	2
6101	1
6102	1
6103	4
6104	1
6105	1
6106	4
6107	1
6108	2
6109	4
6110	2
6111	3
6112	3
6113	2
6114	6
6115	4
6117	3
22502	1
6118	1
6120	3
6121	1
6125	1
6126	6
6127	2
6128	2
6129	2
6131	3
6132	2
6133	1
6134	2
6135	2
6136	2
6137	1
6138	2
6139	2
6140	3
6141	1
6143	1
6145	1
6146	1
6147	1
6149	2
6150	2
6151	1
6152	4
6153	1
6154	4
6157	2
6158	1
6160	3
6163	1
6164	2
6165	2
6166	1
6167	2
6168	1
6169	2
6170	1
6171	1
6172	4
6173	4
6174	2
6175	1
6176	3
6177	3
6178	1
6180	3
6181	1
6182	2
6183	1
6184	1
6185	3
6186	2
6187	1
6188	2
6190	1
6191	2
6192	2
6193	1
6194	1
6196	1
6198	3
6199	1
6200	1
22584	1
6201	1
6202	2
6204	3
6205	1
6207	3
6208	2
6209	4
6212	3
6213	2
22597	1
6214	4
6216	5
6218	1
6219	4
6220	1
6221	1
6222	1
6224	2
6227	2
6228	2
6229	1
6230	1
6231	2
6232	3
6233	1
6235	2
6236	1
6237	1
6238	2
6239	2
6242	1
6243	1
6245	4
6246	1
6247	1
6249	3
6250	1
6251	2
6252	4
6253	1
6254	1
6255	2
6256	4
6257	1
6260	1
6261	2
6262	1
6263	3
6264	2
6266	1
6267	1
6268	2
6269	1
6270	3
6271	2
6273	1
6274	2
6275	1
6276	2
6277	3
6278	1
6279	2
6281	1
6282	2
6283	3
6285	2
6286	1
6287	3
6288	1
6289	3
6291	1
6293	3
6294	2
6295	1
6297	1
6298	1
6299	2
6300	3
6301	2
6302	1
6303	1
22689	1
6306	3
6308	1
6309	4
6311	4
6312	3
6313	1
6316	2
6317	3
6318	3
22702	1
6321	1
22706	1
6323	2
6324	1
6325	1
6326	2
6327	2
6328	1
6329	2
6330	1
6332	2
6333	1
6336	2
6338	2
6339	2
6340	1
6341	1
6343	2
6344	3
6345	2
6346	1
6347	2
6349	1
6350	2
6351	1
6352	3
6353	2
6354	2
6355	2
6357	2
6358	3
6360	3
6361	1
6362	1
6363	1
6364	3
6365	1
6366	2
6367	2
6369	1
6370	3
6371	2
6372	1
6374	3
6377	2
6378	2
6379	1
6380	2
6382	3
22767	1
6383	3
6384	2
6387	1
6389	1
6392	2
6393	1
6394	3
6395	1
6396	3
6397	3
6398	1
6399	5
6402	2
6405	2
6407	1
6408	2
6409	4
6411	4
6412	1
6413	2
6414	1
6417	2
6418	1
6419	3
6420	1
6421	4
6422	3
6423	2
6424	2
6425	1
6427	1
6428	1
6429	2
6430	1
6431	1
6432	1
6434	3
6435	2
6436	2
6437	3
6438	2
6439	2
6440	1
6441	3
6442	1
6444	1
6445	2
22830	1
6446	2
6447	1
6448	3
6449	3
6450	1
6452	2
6454	1
6455	1
6456	2
6457	1
6458	2
6459	3
6460	4
6463	2
6464	2
6466	2
6467	2
6469	2
6470	2
6471	2
6472	1
6474	2
6475	1
6476	3
6478	3
6479	2
6482	1
6483	1
6485	1
6486	2
6489	1
6490	4
6492	1
6494	4
6496	1
6497	3
6500	3
6503	6
6504	2
6506	1
6508	3
6509	3
6510	2
6511	1
6512	2
6513	1
6514	1
6515	1
6517	4
6518	2
6519	2
6520	2
6521	2
6523	4
6525	2
6526	2
6527	2
6531	2
6532	2
6534	1
6535	3
6536	2
6539	1
6540	1
6541	1
6542	1
6543	2
6544	2
6546	2
6547	2
22931	1
6549	4
6550	1
6551	1
6552	1
6553	3
6554	1
6555	3
6556	2
6557	2
6559	4
6561	1
6562	1
6563	1
6564	1
6565	3
6567	2
6569	3
6570	2
6571	1
6572	2
6573	2
6575	2
6576	1
6577	1
6578	4
6579	3
6580	1
6582	3
6584	1
6585	2
6586	2
6587	3
6588	1
6589	3
6592	1
6593	1
6594	1
6595	4
6596	1
6597	2
6599	2
6601	1
6602	2
6603	1
6604	3
6605	1
6606	1
6608	2
6611	1
6612	2
6614	1
6615	2
6617	1
6618	2
6619	3
6621	2
6623	2
6625	3
6626	1
6629	4
6630	2
6631	1
6632	2
6634	1
6635	2
6636	3
6638	1
6639	4
6642	2
6643	1
6644	1
6645	1
6646	1
23030	1
6647	3
6648	2
6649	3
6651	2
6652	3
6653	3
6656	1
6657	2
6658	1
6659	4
6660	1
6661	1
6662	1
6663	3
6664	3
6665	1
6668	1
6669	1
6670	1
6671	1
6672	2
6674	1
6675	3
6677	2
6678	1
6679	2
6680	2
6681	2
6683	1
6686	1
6687	2
6688	3
6690	1
6691	1
6692	1
6693	1
6694	3
6695	1
6696	1
23080	1
6697	2
6698	3
6699	3
6700	1
6701	1
6703	1
6705	1
6706	4
6707	2
6708	1
6709	3
6710	1
6712	1
6714	1
6716	3
6717	1
6718	1
6719	1
6721	1
6722	1
6724	1
6725	1
6726	1
6727	1
6728	1
6730	1
6731	2
6732	2
6734	1
6735	3
6736	2
6737	1
6738	1
6739	2
6740	3
6742	2
6744	1
6745	2
6746	1
6747	1
6749	1
6750	1
6751	3
6752	2
6753	1
6754	1
6755	1
6756	2
6758	1
6760	1
6762	2
6763	1
6764	3
6765	4
6766	3
6767	1
6769	1
6770	1
6772	1
6777	1
6778	1
6780	2
6782	1
6783	1
6784	2
6785	1
6786	1
6788	1
6791	1
6793	1
6794	1
6795	1
6796	1
6797	1
6800	2
6803	1
6804	1
6807	1
6808	3
6809	3
6810	2
6811	1
6812	1
6813	1
6814	1
6815	1
6818	2
6820	1
6822	1
6823	1
6824	1
6825	2
6826	1
6827	1
6828	1
6835	1
6836	2
6837	1
6838	1
6839	1
6840	3
6841	1
6842	1
6843	1
6844	1
6845	4
6847	2
6848	1
6849	1
6851	2
6852	3
6853	1
6854	3
6855	1
6856	2
6857	1
6858	1
6859	2
23243	1
6860	1
6861	1
6862	2
6863	2
6864	2
6865	1
6867	3
6870	2
6871	1
6872	1
6873	2
6875	3
6876	1
6877	2
6878	1
6881	1
6882	2
6883	2
6886	1
6887	4
6888	3
6889	1
6890	1
6891	3
6892	1
23279	1
6895	1
6899	2
6901	2
6902	2
6903	1
6904	2
6906	1
6908	2
23295	1
6913	1
6915	2
6916	2
6917	3
6918	1
6919	2
6920	2
6921	1
6924	1
6925	1
6926	2
6927	1
6930	1
6933	4
6934	1
6935	1
6936	1
6937	1
6938	1
23323	1
6940	3
6941	1
6945	1
6947	1
6948	2
6949	1
6951	1
6952	1
6953	2
6955	2
6958	1
6964	1
6965	1
6966	2
6967	5
6968	3
6969	3
6970	2
6971	2
6973	1
6974	1
6975	3
6976	1
6977	1
6978	2
6980	1
6981	1
6982	3
6985	2
6986	2
6987	1
6988	1
6990	3
6991	1
6992	4
6993	3
6994	1
6995	2
23380	1
6996	2
6997	1
6998	1
23383	1
7001	3
7004	3
7005	1
7008	3
7010	2
7011	1
7013	4
7015	1
7016	1
7018	2
7020	3
7021	1
7022	2
7023	3
7025	2
7026	3
7029	1
7031	1
7033	4
7034	2
7037	1
7038	1
7039	3
7041	1
7042	3
7043	1
7045	1
7046	1
7047	3
7049	3
7050	1
7054	1
7056	1
7059	1
7061	1
7062	1
7063	1
7064	1
7066	1
7067	1
7068	1
7069	1
7070	1
7071	2
7074	1
7075	1
7076	1
7078	1
7079	1
7080	2
7081	1
7082	2
7083	1
23467	1
7084	1
7085	2
7086	1
7087	2
7088	1
7089	4
7090	1
7091	1
7092	1
7093	1
7096	3
7097	2
7100	1
7101	1
7104	2
7105	3
7106	1
7107	1
7108	1
7110	1
23494	1
7112	1
7113	4
7117	1
7118	1
7119	1
7121	2
7123	1
7124	2
23509	1
7125	1
7126	3
7127	1
7128	1
7129	1
7130	4
7133	1
7134	1
7136	1
7137	4
7138	1
7141	2
7142	2
7143	1
7144	1
7146	2
7148	1
7149	2
7150	2
7154	5
7156	2
7159	5
7162	3
7164	2
7169	1
7170	1
7172	2
7173	3
7175	2
7176	1
7178	1
7179	2
7180	1
7181	3
7182	1
7183	1
7187	1
7188	1
7189	4
7190	3
7191	4
7192	1
7193	1
7194	1
7196	2
7197	1
7198	1
7199	1
7200	3
7201	1
7205	1
7207	3
7210	1
7212	1
7213	2
7214	1
7216	1
7217	2
7218	1
7219	2
7221	2
7222	1
7223	3
7225	3
7227	1
7228	1
7230	2
7231	1
7233	1
7234	2
7238	2
7239	1
7240	2
7241	1
7245	1
7246	2
7247	1
7253	1
7256	1
7257	1
7258	1
7261	1
7262	1
7264	1
7265	1
7266	1
7272	1
7275	1
7282	1
7283	1
7286	1
7287	2
7289	2
7292	1
7293	2
7295	1
7297	2
7298	1
7301	1
7302	2
7304	2
7306	1
7308	3
7310	3
7311	2
7312	1
7313	1
7314	3
7315	3
7316	1
7317	2
7318	1
7320	3
7321	1
23707	1
7325	3
7326	2
7327	1
7328	2
7329	2
7331	1
7333	2
7334	1
7335	1
7336	2
7337	1
23721	1
7341	1
7343	1
7345	1
7346	1
7347	3
7348	1
7349	1
7350	1
7352	1
7353	1
7357	2
7361	1
7363	1
7364	1
7368	2
7370	1
7371	2
7372	1
7374	1
7375	1
7376	1
7378	3
7382	1
7383	3
7384	1
7385	1
7386	1
7387	1
7389	1
7390	2
7392	3
7393	2
7394	4
7396	1
7399	1
7400	1
7401	1
7402	2
23787	1
7404	1
7405	1
7406	1
7408	1
7409	2
7411	2
7412	2
7414	1
7415	1
7416	3
7417	1
7420	1
7421	1
7422	4
7423	2
7424	1
7426	1
7427	1
7428	2
7429	1
7430	1
7431	2
7432	1
7433	1
7434	2
7435	1
7436	2
7437	1
7439	1
7441	2
7443	1
7444	2
7446	1
7447	3
7449	1
23833	1
7450	1
7452	1
7454	1
7455	2
7456	1
7457	2
7461	2
7462	1
7464	3
7465	1
7466	1
7468	2
7469	3
7470	4
23856	1
7473	2
23857	1
7475	2
7476	1
7477	1
7478	1
7479	1
7480	3
7481	2
7482	2
7484	1
7485	1
7486	1
7487	2
7488	2
7490	2
7491	1
7500	1
7502	1
7503	1
7509	1
7510	2
7511	1
7517	1
7518	1
7519	1
7520	1
7525	3
7526	3
7527	2
7528	1
7533	1
7534	3
7536	1
7537	1
7538	1
7541	1
7542	1
7543	1
7546	1
7547	1
7548	2
7550	2
7551	1
7552	2
7557	2
7558	1
7559	1
7561	2
7562	1
7564	1
7565	1
7566	1
7567	2
7568	2
7570	4
7572	1
7573	1
7574	1
7575	1
7576	1
7579	2
7580	1
7581	1
7583	2
7584	1
7586	1
7587	1
7588	3
7590	2
7591	1
7592	3
7596	1
7597	2
7598	1
7599	2
7601	1
7602	2
7603	1
7604	1
7607	3
7608	3
7610	3
7612	1
7614	1
7621	1
7623	1
7624	1
7625	1
7628	1
7629	2
7630	3
7631	2
7632	1
7635	2
7636	1
7637	2
7638	2
7639	1
7641	1
7642	2
7643	1
7650	1
7651	1
7652	3
7653	2
7654	1
7657	1
7660	1
7662	1
7663	1
7665	1
7666	1
7667	1
7669	3
7670	3
7672	1
7673	1
7674	3
7675	2
7676	2
7677	2
7679	1
7680	1
7682	1
7684	1
7686	1
7689	2
7691	2
7693	1
7696	1
7697	1
7698	1
7700	1
7703	4
7704	1
7705	1
7706	2
24090	1
7709	1
7710	1
7711	1
7715	1
7716	2
7718	1
7720	2
7721	1
7722	1
7723	1
7726	1
7727	2
7730	2
7731	1
7732	1
7733	1
7736	2
7737	1
7740	1
7741	1
7744	1
7745	1
7746	2
7747	2
7749	1
7750	2
7755	1
7757	1
7758	1
7760	2
7763	1
7765	1
7767	1
7769	1
7771	3
7774	3
7775	2
7776	1
7779	1
7780	1
7781	1
7783	2
7785	1
7788	1
7789	2
7795	1
7796	1
7797	1
7798	1
7799	1
7801	1
7802	2
7804	1
7805	1
7806	1
7810	2
7812	1
7813	1
7814	2
7816	1
7818	1
7819	1
7820	1
7821	1
7822	5
7824	1
7825	2
7826	1
7827	1
7828	1
7829	1
7830	2
7832	1
7839	1
7840	1
7842	1
7843	1
7844	1
7852	2
7853	1
7854	2
7855	1
24241	1
7859	1
7860	1
7862	1
7865	1
7867	1
7868	2
7869	3
24253	1
7871	1
7873	2
7875	1
7876	1
7878	1
7879	3
7880	1
7881	1
7884	1
7885	3
7886	3
7887	2
7888	1
7890	2
7891	1
7893	1
7894	1
7901	2
7903	1
7906	1
7908	1
7913	2
7914	1
7915	1
7916	1
7918	1
7919	1
7920	1
7921	3
7923	2
7924	2
7925	1
7926	1
7927	1
7928	2
7929	2
7931	2
7932	1
7933	2
7940	3
7944	1
7947	2
7948	1
7951	1
7952	1
7954	1
7955	2
7957	1
7961	1
7963	1
7964	1
7965	1
7966	1
7968	1
7970	1
24356	1
7977	1
7979	1
7981	1
7982	1
7985	1
7987	1
7993	1
7995	1
7996	1
8000	2
8005	1
8009	1
8010	2
8011	2
8015	1
8016	1
8018	1
8020	1
8021	1
8024	3
8028	1
8029	1
8030	1
8031	2
8032	1
8035	1
8036	1
8037	3
8038	2
8043	1
8044	2
8045	1
8047	2
8048	2
8049	2
8050	1
8051	1
8053	1
8054	1
8056	2
8057	2
8060	1
8062	2
8063	1
8065	2
8067	2
8069	2
8071	1
8076	1
8079	1
8080	1
8082	2
8083	1
8084	1
8086	1
8087	1
8088	1
8089	2
8091	1
8095	1
8096	2
8098	2
8102	1
24487	1
8105	2
8106	2
8108	2
8111	1
8112	1
8113	1
8114	1
8118	2
8119	1
8120	1
8122	1
8123	1
8124	1
8125	2
8126	1
8127	1
8129	1
8131	1
8133	2
8134	1
8136	1
8143	1
8148	1
8153	2
8154	2
8156	1
8157	1
8158	1
8160	2
8165	1
8167	2
8169	1
8170	6
8173	2
8177	2
8180	1
8183	1
8185	1
8186	1
8187	1
8189	1
8190	1
8191	1
8193	3
8195	1
8197	1
8200	1
8201	1
8203	1
24589	1
8207	2
8208	1
8212	1
8213	1
8214	3
8217	1
8218	3
8219	1
8220	2
8221	2
8222	2
8225	2
8227	1
8228	2
8229	1
8231	2
8232	1
8235	1
8236	1
8237	1
8240	1
8242	2
8246	2
24631	1
8252	1
8253	2
8254	1
8255	1
8256	1
8260	1
8262	2
8263	2
8264	1
8265	1
8267	2
8268	2
8269	1
8273	1
8274	1
8278	1
8279	1
8281	2
8282	1
8284	1
8285	2
8286	1
8287	2
8288	1
8292	1
8296	1
8298	1
8300	1
8303	1
8304	1
8307	1
8310	1
8316	1
8317	1
8321	1
8322	1
8324	1
8327	1
8332	2
8335	2
8337	1
8339	1
8340	2
8342	2
8347	1
8349	1
8350	1
8351	1
8358	2
8359	1
8362	1
8363	2
8365	2
8366	1
8369	1
8370	1
8371	1
8372	2
8374	1
8377	1
8379	1
8383	1
8384	1
8385	1
8386	2
8392	1
8393	2
8396	1
8397	1
8398	1
8401	1
8403	3
8404	1
8407	1
8409	1
8411	1
8412	3
8413	1
8414	1
8415	1
8423	1
8424	1
8426	1
8427	2
8430	2
8431	1
8433	2
8435	2
8436	1
8437	1
8439	1
8443	1
8444	1
8445	3
8446	1
8449	1
8450	1
8452	1
8453	2
8454	1
8455	1
8459	1
8460	1
8461	1
8462	2
8466	1
8467	1
8468	2
8469	2
8470	1
8471	1
8472	1
8481	3
8484	1
8485	1
8486	4
8487	2
8489	1
8491	1
8492	1
8493	1
8494	1
8497	1
8498	2
8499	1
8500	1
8502	1
8503	1
8509	1
8511	1
8515	2
8518	1
8520	1
8521	1
8522	1
8524	1
8526	1
8530	1
8531	1
8535	2
8536	1
8537	2
8538	1
8542	1
8551	2
8552	1
8557	1
8559	1
8560	1
8563	1
8564	2
8566	1
8567	1
8568	1
8570	1
8575	1
8581	1
8582	1
8586	1
24975	1
8592	2
8593	1
8596	1
24982	1
8599	2
8600	1
8601	1
8602	1
8604	1
8608	1
8609	2
8610	1
8611	1
8614	1
8618	1
8619	1
8620	1
8623	1
8627	1
8635	1
8639	4
8642	2
8645	1
8646	1
8647	1
8649	1
8656	1
8662	1
8666	2
8668	1
8672	1
8673	1
8674	1
8677	1
8678	1
8679	2
8681	1
8684	5
8686	1
8688	1
8690	1
8691	1
8695	1
8697	1
8703	1
8705	1
8706	1
8707	1
8710	1
8712	1
8713	1
8718	1
8719	1
8722	3
8724	1
8725	1
8727	1
8728	1
8729	1
8730	1
8732	1
8734	1
8735	1
8736	1
8739	1
8742	1
8744	1
8745	1
8748	1
8753	2
8754	1
8755	1
8758	1
8759	1
8762	1
8764	2
8767	1
8772	1
8774	1
8778	1
8780	1
8781	2
8782	3
8783	1
8791	1
8793	1
8795	1
8798	1
8799	1
8802	2
8804	1
8805	1
8808	1
8809	1
8810	2
8814	2
8816	2
8817	1
8821	1
8822	4
8829	1
8831	1
8836	1
8839	1
8844	1
8845	2
8846	1
8847	1
8848	1
8849	2
8850	2
8855	1
8857	1
8858	1
8862	2
8863	3
8871	2
8873	1
8874	1
8876	1
8881	3
8883	2
8884	1
8886	1
8887	2
8890	2
8891	1
8893	2
8895	2
8899	1
8902	1
8905	1
8906	2
8907	1
8910	1
8915	1
8916	2
8918	1
8922	1
8928	1
8932	1
8933	2
8935	1
8937	2
8940	1
8943	1
8945	1
8947	1
8950	2
8952	1
8956	1
8962	1
8967	1
8969	1
8970	1
8971	1
8972	2
8975	1
8977	1
8978	1
8981	1
8986	1
8990	1
8995	2
9001	1
9002	1
9003	1
9004	1
9008	2
9010	1
9016	1
9017	2
9023	1
9026	1
9027	1
9029	3
9030	1
9031	2
9032	1
9035	1
9037	1
9038	1
9040	1
9041	2
9044	1
9049	1
9050	2
9059	2
9061	1
9062	1
9063	1
9064	1
9065	2
9068	1
9069	1
9071	1
9073	1
9077	1
9078	1
9080	1
9083	1
9084	1
9093	1
9094	1
9097	2
9099	1
9102	1
9106	1
9110	1
9111	1
9112	1
9116	2
9117	1
9121	1
9124	2
9126	1
9129	1
9130	1
9133	1
9134	1
9135	1
9140	1
9141	2
9147	2
9150	1
9153	1
9158	1
9159	1
9165	1
9169	1
9176	1
9178	1
9186	1
9191	1
9192	1
9193	1
9203	2
9206	1
9211	1
9212	1
9216	1
9217	1
9220	1
9221	1
9224	4
9226	1
9227	1
9228	1
9234	1
9235	1
9236	1
9239	1
9249	2
9250	1
9255	1
9259	1
9260	1
9265	2
9270	1
9271	1
9272	2
9278	1
9280	3
9281	1
9286	1
9287	1
9292	1
9293	1
9296	1
9297	1
9307	1
9308	1
9311	1
9314	2
9315	1
9316	1
9322	1
9324	4
9329	1
9330	2
9332	1
25717	1
9334	1
9335	1
9337	2
9341	1
9342	1
9347	1
9348	1
9349	1
9350	1
9352	1
9353	1
9358	1
9359	1
9362	1
9363	1
9368	1
9371	1
9372	2
9379	1
9380	2
9390	1
9391	1
9392	1
9393	1
9395	1
9398	1
9399	1
9401	1
9403	1
9404	1
9406	2
9408	1
9412	2
9417	1
9422	1
9430	1
9431	1
9437	1
9439	2
9440	1
9444	2
9445	2
9449	1
9450	1
9451	1
9454	2
9455	1
9457	2
9462	1
9463	2
9468	1
9469	1
9470	1
9471	1
9473	1
9474	1
9475	1
9481	1
9484	1
9487	1
9492	1
9494	1
9496	2
9500	1
9501	1
9503	2
9506	2
9512	2
9513	2
9516	1
9518	1
9520	1
9521	1
9522	1
9523	2
9525	1
9527	1
9529	1
9532	2
9533	1
9544	1
9546	1
9550	1
9551	1
9553	1
9554	2
9555	1
9561	1
9566	2
9570	1
9573	1
9575	1
9584	1
9590	1
9591	1
9593	1
9594	1
9596	1
9599	1
9601	1
9607	1
9609	3
9610	2
9616	1
9617	1
9619	1
9620	1
9621	1
9623	2
9632	2
9643	1
9644	1
9646	1
9659	1
9661	2
9662	1
9663	1
9666	1
9667	1
9669	1
9671	1
9673	2
9675	1
9677	2
9678	1
9682	1
9683	1
9689	1
9694	1
9698	2
9699	1
9702	1
9715	1
9716	1
9721	1
9727	1
9730	1
9733	1
9734	1
9736	1
9743	1
9746	1
9747	1
9752	1
9765	1
9769	1
9771	1
9783	1
9786	1
9789	1
9790	1
9793	1
9796	1
9799	1
9800	1
9802	1
9807	1
9811	1
9816	1
9818	1
9821	1
9825	2
9832	1
9844	1
9845	2
9846	2
9847	1
9849	1
9851	1
9854	2
9857	1
9858	1
9863	2
9871	1
9873	1
9875	1
9876	1
9879	1
9880	1
9883	1
9885	2
9886	1
9893	1
9894	1
9897	2
9898	1
9899	1
9900	2
9902	1
9903	1
9907	1
9909	1
9913	1
9914	1
9917	1
9921	1
9924	1
9925	1
9926	1
9931	1
9933	2
9934	1
9939	2
9940	1
9941	2
9944	1
9950	1
9952	1
9955	1
9960	2
9961	1
9962	1
9965	1
9966	2
9969	1
9975	2
9976	1
9978	1
9981	1
9982	2
9984	1
9985	1
9988	1
9993	1
10000	1
10001	1
10005	1
10010	1
10011	1
10017	1
10026	1
10028	1
10031	1
10033	2
10034	2
10036	3
10046	2
10057	1
10062	1
10065	1
10070	1
10073	2
10076	2
10078	2
10079	2
10081	1
10082	1
10083	1
10088	1
10092	1
10094	1
10098	2
10101	1
10102	1
10103	1
10105	2
10109	2
10113	1
10116	1
10125	1
10127	1
10131	1
10132	1
10136	1
10139	1
10140	1
10142	1
10148	1
10155	1
10157	1
10166	1
10167	1
10171	1
10172	1
10173	2
10175	1
10176	1
10190	1
10191	1
10192	2
10194	1
10201	1
10202	1
10211	2
10215	1
10218	1
10224	2
10226	1
10232	1
10237	1
10238	1
10241	1
10252	1
10255	1
10256	1
10257	2
10260	1
10265	1
10269	1
10272	1
10276	1
10279	2
10288	1
10291	1
10292	1
10295	1
10298	2
10299	1
10300	1
10301	1
10303	3
10304	1
10307	2
10309	1
10312	1
10317	1
10321	1
10323	1
10324	1
10333	1
10339	1
10340	1
10345	1
10354	1
10356	1
10359	2
10361	1
10363	1
10366	1
10367	1
10368	1
10375	1
10382	1
10384	1
10386	1
10387	1
10391	1
10393	1
10394	1
10395	1
10404	1
10412	1
10413	1
10415	2
10417	1
10420	1
10422	1
10425	1
10427	1
10429	1
10430	1
10437	1
10441	1
10442	3
10443	1
10444	1
10446	1
10455	1
10464	1
10478	1
10479	1
10480	1
10482	1
10485	1
10488	1
10493	1
10495	1
10496	1
10502	1
10511	2
10513	1
10521	2
10522	1
10525	1
10527	1
10528	1
10529	1
10537	1
10538	1
10543	1
10544	1
10547	2
10553	1
10554	1
10567	1
10569	1
10571	2
10573	1
10575	2
10578	1
10579	1
10588	1
10590	1
10605	1
10612	1
10621	3
10622	1
10626	1
10628	1
10637	1
10638	1
10640	1
10643	2
10644	1
10645	1
10648	1
10656	1
10661	1
10667	1
10670	1
10671	1
10675	1
10678	1
10681	1
10684	1
10687	1
10695	1
10698	1
10699	1
10707	1
10716	1
10717	1
10719	1
10721	1
10723	2
10724	1
10726	1
10735	1
10744	1
10760	1
10764	1
10765	3
10772	1
10779	1
10783	1
10784	1
10785	1
10793	1
10803	1
10816	1
10819	1
10829	1
10840	1
10848	1
10852	1
10856	1
10857	1
10858	1
10859	1
10863	1
10868	1
10872	1
10877	2
10878	1
10879	1
10893	2
10894	1
10897	1
10898	1
10902	1
10914	1
10917	1
10927	1
10929	1
10934	1
10945	2
10946	1
10950	1
10957	2
10964	1
10967	1
10971	1
10978	1
10979	1
10983	1
10984	2
10993	1
11000	1
11001	1
11003	1
11004	1
11005	1
11009	2
11010	1
11013	1
11014	1
11015	1
11016	2
11017	2
11021	1
11030	1
11033	1
11038	1
11040	2
11047	1
11048	1
11050	1
11064	1
11076	1
11080	1
11082	1
11089	3
11090	1
11091	1
11093	1
11098	2
11101	1
11105	1
11116	1
11118	1
11119	1
11121	1
11122	1
11124	1
11130	1
11133	1
11144	1
11145	1
11148	1
11151	1
11152	1
11161	1
11167	2
11169	1
11171	1
11176	1
11190	1
11198	1
11199	1
11202	1
11206	1
11210	1
11220	2
11221	1
11232	1
11233	1
11234	1
11239	1
11241	1
11242	1
11243	1
11251	1
11252	1
11259	2
11272	1
11274	1
11278	1
11281	1
11282	1
11284	1
11285	1
11288	3
11292	2
11299	1
11304	1
11307	1
11308	2
11309	1
11312	1
11314	1
11320	2
11326	1
11339	1
11344	1
11346	1
11349	1
11354	2
11360	3
11363	1
11367	2
11368	2
11372	1
11374	1
11376	1
11382	1
11385	1
11387	1
11391	2
11392	1
11393	1
11396	1
11398	1
11401	1
11404	1
11410	2
11416	1
11417	2
11420	1
11421	2
11422	1
11423	1
11425	2
11429	1
11435	1
11437	1
11438	1
11440	1
11446	1
11448	1
11450	1
11451	1
11453	1
11460	1
11461	2
11464	1
11465	1
11470	2
11475	1
11477	1
11478	1
11484	2
11489	1
11491	1
11494	1
11495	1
11502	1
11503	1
11505	1
11513	1
11514	1
11520	1
11521	1
11523	1
11532	1
11533	1
11541	2
11542	1
11545	1
11549	1
11552	3
11560	1
11561	2
11568	1
11574	1
11581	3
11585	1
11610	1
11624	2
11627	1
11631	1
11647	2
11653	1
11657	2
11660	1
11663	1
11664	1
11665	1
11666	1
11669	1
11674	1
11679	1
11681	2
11683	1
11684	1
11686	1
11687	1
11691	1
11692	1
11705	1
11707	1
11710	1
11717	1
11725	1
11729	1
11740	1
11744	3
11745	1
11749	1
11753	1
11759	1
11761	2
11762	1
11764	1
11765	1
11776	1
11779	1
11780	1
11782	1
11786	1
11788	1
11794	1
11802	1
11804	1
11810	1
11812	1
11814	2
11823	1
11829	1
11835	1
11836	1
11837	1
11840	1
11843	1
11847	1
11853	1
11855	1
11858	1
11860	1
11868	2
11874	1
11880	1
11882	1
11885	1
11887	1
11891	1
11893	1
11896	1
11898	1
11902	2
11908	1
11910	1
11917	1
11921	1
11927	1
11932	2
11934	1
11942	1
11946	1
11948	1
11950	2
11955	1
11958	2
11961	1
11963	1
11967	1
11976	1
11981	1
11987	1
11989	1
11993	1
11997	1
11998	1
12001	2
12005	1
12007	1
12011	1
12015	1
12017	1
12019	1
12020	1
12025	2
12033	1
12034	1
12038	1
12040	1
12044	1
12046	2
12055	1
12059	1
12062	1
12064	1
12066	1
12067	1
12069	1
12073	1
12078	2
12081	1
12083	1
12084	1
12086	1
12098	2
12104	1
12115	1
12116	1
12117	1
12118	1
12127	3
12134	1
12135	1
12140	1
12141	1
12143	1
12152	1
12162	1
12164	1
12168	2
12170	1
12173	1
12175	2
12177	1
12179	1
12181	1
12184	1
12189	1
12190	1
12195	1
12197	1
12199	1
12200	1
12204	1
12205	1
12210	1
12215	1
12219	1
12227	1
12236	1
12237	1
12238	3
12240	1
12247	1
12249	1
12250	1
12253	1
12258	1
12260	2
12267	1
12288	1
12292	1
12296	1
12297	1
12303	1
12305	1
12306	1
12307	1
12308	1
12311	1
12313	1
12321	1
12323	1
12325	1
12326	1
12335	1
12339	1
12341	1
12342	1
12348	1
12351	1
12361	1
12367	1
12371	1
12378	1
12386	1
12388	1
12389	1
12390	1
12391	1
12394	1
12400	1
12409	1
12410	1
12415	1
12422	1
12426	1
12432	1
12435	1
12436	1
12450	2
12451	1
12459	1
12460	1
12463	1
12465	3
12466	1
12475	1
12491	1
12497	2
12504	1
12506	1
12507	2
12509	1
12519	1
12538	1
12539	1
12540	2
12543	1
12545	1
12550	1
12554	1
12555	1
12557	1
12560	1
12563	1
12567	1
12574	1
12579	1
12581	1
12584	1
12586	1
12588	1
12591	1
12595	1
12598	1
12600	1
12602	1
12611	1
12614	1
12631	1
12635	1
12637	1
12650	2
12651	2
12660	1
12662	1
12669	1
12680	1
12681	2
12683	1
12702	1
12709	1
12713	1
12717	1
12726	1
12728	1
12735	1
12736	2
12737	1
12740	1
12741	1
12749	1
12750	2
12756	1
12759	1
12761	1
12766	1
12769	1
12774	1
12785	2
12797	1
12807	1
12808	1
12811	1
12812	1
12814	1
12818	1
12819	2
12822	2
12838	1
12839	1
12844	2
12845	1
12849	1
12852	1
12854	1
12862	1
12869	1
12870	2
12878	1
12883	1
12886	1
12889	2
12890	1
12899	2
12909	1
12913	1
12922	1
12926	1
12927	1
12931	1
12934	1
12937	1
12961	1
12962	1
12963	1
12977	1
12979	1
12981	1
12984	1
12988	3
12995	1
12996	1
13001	2
13003	1
13012	1
13013	1
13015	1
13029	1
13031	1
13034	2
13035	1
13040	1
13047	1
13051	1
13052	1
13059	1
13075	1
13077	1
13079	1
13087	1
13091	1
13100	1
13104	1
13114	1
13126	1
13127	1
13130	3
13131	1
13138	1
13149	1
13165	1
13170	1
13172	1
13175	1
13186	1
13190	1
13200	1
13209	2
13211	2
13217	1
13225	1
13226	1
13231	1
13232	1
13241	2
13248	1
13255	1
13256	1
13270	1
13276	1
13280	1
13283	1
13285	1
13294	1
13310	2
13326	1
13327	1
13329	1
13330	1
13335	1
13337	2
13340	1
13341	2
13344	1
13348	1
13353	1
13358	1
13360	1
13364	2
13366	1
13374	1
13382	2
13385	1
13386	1
13387	1
13388	1
13399	1
13400	3
13401	1
13404	1
13406	2
13407	2
13409	1
13420	1
13421	1
13427	1
13434	1
13438	1
13442	1
13447	1
13450	1
13451	1
13455	2
13461	1
13463	1
13465	1
13471	1
13474	1
13475	1
13482	1
13484	1
13491	1
13497	1
13499	1
13504	2
13508	2
13517	1
13521	1
13527	1
13533	2
13534	1
13537	1
13539	1
13543	1
13545	1
13560	1
13564	1
13567	1
13571	1
13574	1
13582	1
13585	1
13590	1
13596	1
13597	1
13599	1
13619	1
13624	1
13626	1
13629	2
13632	1
13643	1
13645	1
13649	1
13657	2
13661	1
13672	2
13682	1
13683	1
13691	2
13701	1
13702	1
13705	1
13706	1
13713	1
13724	1
13726	1
13728	1
13735	1
13742	1
13747	1
13764	1
13768	1
13769	1
13772	1
13774	1
13790	1
13804	1
13808	1
13812	1
13822	1
13832	2
13834	1
13873	1
13877	1
13878	1
13880	1
13902	1
13905	1
13906	1
13909	1
13919	1
13920	1
13937	1
13951	1
13953	1
13955	1
13959	1
13962	1
13973	1
13986	1
13987	1
13995	1
13997	1
14006	1
14031	1
14036	1
14048	1
14061	1
14071	1
14075	1
14076	1
14077	1
14094	1
14098	1
14104	1
14109	1
14122	1
14129	1
14137	1
14139	1
14141	1
14142	2
14143	1
14145	1
14148	1
14152	1
14155	1
14165	1
14166	1
14167	1
14168	1
14169	1
14173	2
14180	1
14181	1
14184	1
14186	1
14188	1
14205	2
14214	2
14215	1
14219	1
14223	1
14224	1
14232	1
14234	1
14240	1
14243	1
14250	1
14254	1
14256	1
14257	2
14271	1
14275	1
14276	1
14283	1
14285	1
14287	1
14292	1
14307	1
14311	1
14313	1
14315	1
14319	1
14326	1
14342	1
14345	1
14349	1
14350	1
14353	1
14354	1
14365	1
14367	1
14368	1
14371	2
14374	1
14375	1
14384	1
14385	1
14396	1
14398	1
14401	1
14402	1
14405	1
14407	1
14411	1
14423	1
14427	1
14431	1
14443	1
14446	1
14448	2
14451	1
14476	1
14488	1
14490	1
14504	2
14506	2
14512	1
14525	1
14527	1
14532	1
14536	1
14539	1
14544	1
14546	1
14547	2
14551	1
14557	1
14567	1
14568	1
14576	1
14583	1
14586	1
14587	1
14595	1
14597	1
14599	1
14603	1
14612	2
14617	1
14625	1
14630	1
14638	1
14639	1
14642	3
14643	1
14651	1
14653	1
14654	1
14657	1
14658	1
14661	1
14663	1
14664	1
14666	1
14667	1
14672	1
14673	1
14683	1
14689	1
14695	1
14717	1
14734	1
14740	1
14743	1
14744	1
14759	1
14764	1
14767	2
14770	1
14782	1
14812	1
14826	1
14828	1
14833	1
14839	1
14841	1
14846	1
14847	1
14859	1
14861	1
14866	1
14867	1
14874	1
14881	1
14890	1
14896	1
14904	1
14905	1
14907	2
14908	1
14913	1
14922	1
14926	1
14942	1
14948	1
14952	1
14953	1
14958	1
14965	1
14977	1
14981	1
14983	3
14984	1
14989	1
15002	1
15007	1
15010	1
15015	1
15019	1
15021	1
15022	1
15023	1
15027	1
15036	1
15037	2
15043	1
15047	2
15060	1
15069	1
15078	1
15079	2
15082	1
15091	1
15105	1
15108	1
15119	1
15124	1
15129	1
15141	1
15160	1
15171	1
15173	1
15190	1
15203	1
15218	1
15222	1
15235	1
15237	1
15238	1
15239	1
15241	1
15244	1
15249	1
15256	1
15280	1
15282	1
15299	1
15306	1
15309	1
15310	1
15311	1
15338	1
15345	1
15347	1
15350	1
15352	1
15354	1
15355	1
15357	1
15360	1
15363	1
15389	1
15392	1
15393	1
15394	1
15395	2
15398	1
15408	1
15411	1
15430	1
15434	1
15436	1
15442	1
15445	1
15450	1
15451	1
15453	1
15457	1
15461	1
15470	2
15480	1
15482	1
15483	1
15490	1
15491	1
15492	1
15496	1
15509	1
15510	1
15520	1
15521	2
15526	1
15537	1
15548	1
15552	1
15555	1
15558	1
15565	1
15588	1
15589	2
15595	1
15606	2
15608	1
15611	1
15616	1
15620	1
15633	1
15635	1
15666	1
15678	1
15681	1
15689	1
15703	1
15720	1
15727	2
15740	1
15742	1
15744	1
15745	1
15756	1
15765	2
15771	1
15777	1
15779	2
15781	1
15803	1
15806	1
15810	1
15812	1
15822	1
15833	1
15848	2
15850	1
15891	1
15897	1
15933	1
15934	1
15937	1
15938	1
15940	1
15952	1
15954	1
15964	1
15969	1
15971	1
15973	1
15980	1
15988	1
16002	1
16003	1
16009	2
16017	1
16020	1
16024	1
16030	2
16039	1
16040	1
16047	1
16049	1
16053	1
16057	1
16075	1
16079	1
16082	1
16088	1
16089	1
16093	1
16099	1
16112	2
16115	1
16118	1
16120	1
16132	1
16133	1
16154	1
16155	1
16160	1
16163	1
16164	3
16165	1
16169	1
16175	1
16201	1
16225	1
16229	1
16245	1
16248	1
16254	1
16256	1
16257	1
16263	2
16268	1
16270	1
16271	1
16272	1
16282	1
16291	1
16297	1
16300	1
16301	1
16302	1
16303	1
16308	1
16310	1
16312	1
16314	1
16324	1
16326	1
16330	1
16336	1
16342	1
16345	1
16351	1
16357	2
16363	1
16373	2
16376	1
