1	1
2	9
3	3
5	7
6	1
16390	1
7	2
8	4
16393	1
9	4
10	1
11	1
12	1
16396	1
13	3
14	2
15	2
16	2
17	1
18	2
19	5
20	4
21	4
22	1
23	4
24	4
25	3
26	4
27	6
28	5
29	4
30	5
31	3
32	3
33	4
34	3
16419	1
35	1
36	4
37	5
38	2
39	1
40	3
41	3
42	6
43	6
44	2
45	3
46	2
47	3
48	5
49	6
50	1
16434	1
51	2
52	2
53	4
54	8
16439	1
55	2
56	5
16440	1
57	1
58	4
16442	1
59	7
60	3
61	2
62	6
63	3
64	4
65	4
66	4
16450	1
67	4
16453	1
69	4
70	4
71	2
72	4
73	2
74	2
76	1
16460	1
77	3
16461	1
78	6
79	3
80	3
81	5
82	3
83	3
84	7
85	1
86	4
87	2
16471	1
88	2
89	5
90	7
91	3
92	2
93	2
94	6
95	1
96	2
16481	1
97	3
98	2
99	3
100	1
101	3
102	3
103	4
16489	1
106	5
107	2
108	4
109	1
110	2
111	4
112	4
16496	1
113	6
114	5
115	4
116	3
117	3
118	2
119	3
120	1
121	4
16505	1
122	4
123	3
124	5
125	6
126	4
128	3
16512	1
129	1
16514	1
130	4
131	1
132	1
133	2
134	2
135	1
136	2
137	4
138	5
139	8
141	3
142	1
143	6
144	2
16529	1
145	4
146	3
147	4
148	5
149	3
150	3
151	3
152	1
16536	1
153	4
154	1
155	4
156	5
158	2
159	3
160	1
161	2
163	1
164	3
16548	1
165	3
166	3
16550	1
167	3
168	2
169	4
170	3
171	2
172	4
173	2
175	2
177	3
178	9
179	1
180	2
181	4
182	1
183	2
184	3
185	6
16569	1
186	4
187	5
188	2
189	3
16573	1
190	2
16574	1
191	2
192	1
193	3
16577	1
194	3
195	3
196	1
197	4
198	1
199	3
200	3
201	2
202	2
203	1
204	1
205	2
206	4
16590	1
207	1
208	5
209	4
210	3
211	3
212	2
213	1
214	1
215	2
216	2
219	2
220	7
16604	1
221	4
222	7
223	5
225	2
226	3
227	4
228	5
229	4
230	2
231	4
232	5
233	3
234	1
235	2
236	3
237	4
238	1
16623	1
240	2
241	1
243	2
244	1
245	6
246	1
247	5
248	1
250	4
251	4
252	4
253	5
254	2
16638	1
255	1
257	2
258	2
16642	1
259	5
260	2
261	2
262	1
16646	1
263	5
264	3
265	2
16650	1
16651	1
267	6
268	1
16653	1
269	2
270	2
271	6
16655	1
272	1
273	1
274	2
275	4
276	3
277	2
278	2
279	6
280	1
281	1
16665	1
282	7
283	5
16667	1
284	3
285	6
286	5
287	6
288	5
289	3
290	5
291	2
292	4
293	4
294	5
295	3
296	5
297	3
298	1
299	5
300	4
301	3
302	4
303	2
304	6
305	7
306	3
307	4
16691	1
308	7
309	2
310	4
311	5
312	3
16696	1
313	2
314	1
315	4
316	2
317	3
318	4
319	4
320	4
321	2
322	3
323	1
324	3
325	3
16709	1
326	3
327	3
328	3
329	2
330	2
331	2
333	6
334	4
335	1
336	1
337	6
338	2
339	4
340	2
341	5
342	2
343	2
344	4
345	5
347	2
348	3
349	2
350	5
16734	1
351	3
352	2
353	3
354	3
355	4
356	4
357	4
358	3
359	6
360	4
16744	1
361	8
362	2
363	2
365	5
366	2
367	3
368	6
369	3
16753	1
370	4
16754	1
371	4
372	2
373	6
16757	1
374	4
375	1
376	1
378	5
379	5
16764	1
380	5
381	2
382	4
383	1
384	4
385	5
387	8
388	2
389	4
390	7
391	8
16776	1
393	3
16777	1
394	2
395	1
396	2
397	4
16781	1
398	2
399	3
400	3
16785	1
401	2
402	3
16786	1
403	3
404	3
405	4
406	5
16790	1
407	5
408	5
409	2
411	3
412	6
413	3
414	4
415	5
16799	1
416	3
16800	1
417	3
16801	1
418	2
419	4
16803	1
420	3
421	4
16805	1
422	4
423	4
424	3
425	4
426	5
427	2
428	1
429	4
430	8
431	6
432	5
433	3
435	6
436	4
437	4
438	2
439	2
440	2
441	1
442	1
443	6
444	1
445	5
446	5
447	2
448	7
449	3
450	2
451	2
452	2
453	1
454	4
455	6
456	2
457	4
458	1
459	6
460	4
461	3
462	4
463	3
16847	1
464	1
465	3
466	2
468	5
16852	1
469	3
16853	1
470	1
471	4
472	5
473	4
474	5
475	4
476	1
477	6
479	1
480	2
481	5
16865	1
482	2
483	2
484	2
16868	2
485	2
486	10
487	1
488	4
489	1
490	2
492	2
493	6
494	3
495	1
496	4
497	3
16881	1
498	3
499	2
500	5
501	1
502	4
503	4
16887	1
504	1
505	2
16889	1
506	6
507	4
508	1
509	4
510	4
511	2
16896	1
513	4
514	3
515	2
516	5
517	3
518	3
519	2
520	6
521	3
522	2
523	4
524	7
16908	1
525	5
526	6
527	4
528	2
529	9
530	4
531	6
532	3
533	2
534	5
535	7
536	5
537	3
538	5
539	3
540	3
541	2
542	10
543	2
544	1
545	3
546	5
547	2
548	3
549	2
550	4
551	3
553	2
554	3
555	3
556	2
557	5
558	2
559	4
560	1
561	4
562	1
563	4
564	2
565	2
566	3
567	7
16951	1
568	3
569	4
570	5
571	5
572	1
573	3
16957	1
574	2
575	4
16959	1
576	3
577	6
578	2
16962	1
579	2
580	7
581	3
582	5
583	4
584	5
585	4
586	4
588	4
589	2
590	2
591	1
592	1
593	2
594	7
595	1
596	7
597	4
598	7
599	9
600	4
601	1
602	1
603	8
604	2
605	3
606	1
607	3
608	4
609	2
610	5
16994	2
611	3
612	3
613	6
16997	1
614	5
615	4
616	3
617	2
618	4
619	2
620	4
621	2
622	2
623	4
17007	1
624	5
625	3
626	3
627	2
628	5
629	4
630	1
631	3
632	3
633	6
634	4
635	3
637	3
638	4
639	5
640	2
641	3
642	8
643	3
645	5
646	4
647	1
648	2
17032	2
649	2
650	4
651	7
652	6
653	7
17037	1
655	1
17039	1
656	10
657	1
658	1
659	7
17043	1
17044	1
660	1
661	2
662	4
663	5
664	1
665	3
666	2
667	2
668	7
669	6
670	5
671	5
672	2
673	3
17057	1
674	1
675	2
676	2
677	3
678	4
679	4
680	6
681	2
682	4
683	4
684	4
17069	1
686	5
687	2
688	2
689	3
690	5
691	6
692	2
693	3
694	6
695	3
17079	1
696	6
697	4
698	8
699	2
700	7
701	2
702	3
703	4
704	2
705	5
706	5
17090	1
707	6
708	3
709	3
710	2
711	5
712	3
713	5
714	4
715	3
716	4
17101	1
717	1
718	6
17102	1
719	2
720	1
721	5
722	6
723	4
724	3
725	2
726	2
17110	1
727	4
728	4
729	6
17114	1
731	1
732	4
733	3
734	5
735	2
736	3
737	2
738	4
739	3
17123	2
740	4
741	2
742	2
17126	1
743	2
744	2
746	3
17130	1
747	3
748	5
749	1
750	6
751	1
752	3
753	1
754	2
755	2
756	6
757	3
758	2
759	2
760	5
761	6
17145	1
762	5
763	3
765	2
766	4
767	6
768	7
17153	1
769	2
770	4
771	2
772	4
773	2
774	5
775	8
776	1
777	4
778	3
779	1
780	6
781	5
782	4
783	5
784	2
785	5
786	1
17170	1
787	2
788	6
789	2
790	4
791	7
792	3
793	3
794	1
795	3
796	2
797	2
798	2
17182	1
799	3
800	1
801	6
802	2
804	4
805	1
806	1
17191	1
807	7
808	3
809	4
810	3
812	1
813	4
814	7
815	3
17199	1
816	1
818	2
819	3
820	2
821	2
822	7
823	6
824	2
825	3
826	4
827	4
828	3
829	7
830	3
831	4
832	2
833	4
834	4
836	5
837	2
17221	1
838	1
839	3
840	3
841	2
842	4
843	3
844	3
845	1
846	3
847	4
848	3
849	3
850	4
851	2
852	3
853	4
854	3
855	3
856	4
857	3
858	2
17242	1
860	4
861	3
862	2
863	1
864	3
17249	1
866	3
867	5
868	4
869	3
871	3
872	4
873	5
874	3
875	3
17259	1
876	5
877	2
878	3
879	3
880	7
881	1
882	3
883	4
884	5
885	1
886	2
887	4
888	1
17272	1
889	2
890	3
17274	1
891	4
892	2
893	2
894	1
895	3
896	2
897	5
898	4
899	4
900	2
901	7
902	2
903	2
904	3
905	3
906	2
907	2
908	3
909	6
910	1
911	3
912	2
913	2
914	2
915	4
916	2
917	4
918	7
919	5
920	6
17304	1
921	2
922	2
923	5
924	2
17309	1
925	1
926	7
927	4
928	3
929	3
930	2
931	5
932	2
933	1
934	5
17318	1
935	8
936	2
17320	1
937	4
938	3
939	3
940	4
941	4
942	6
17326	1
943	4
944	4
945	2
946	1
947	5
17332	1
948	1
949	1
950	2
951	1
952	2
953	4
17338	1
954	3
955	2
956	5
957	3
958	5
959	2
960	2
962	2
17347	1
963	3
17348	1
964	2
965	3
966	2
967	1
968	8
969	2
970	3
971	3
17355	1
972	7
973	1
974	4
975	4
976	5
977	2
17361	1
978	4
979	4
980	8
981	3
982	3
983	2
984	4
985	4
986	1
987	1
988	2
989	4
990	4
991	2
992	4
994	3
995	3
17379	1
996	4
997	4
17381	1
998	1
17382	1
1000	5
1001	6
1002	2
1003	1
1004	3
1005	3
1006	2
1007	5
1008	3
17392	1
1009	3
1010	1
1011	7
1012	5
1013	4
1014	5
1015	5
1016	5
1018	1
1019	2
1020	2
17404	1
1021	2
1022	1
1023	3
17407	1
1024	4
1025	4
17410	1
1026	1
1027	3
1028	3
1029	3
1030	4
1031	3
1032	4
1033	6
1034	5
1035	4
1036	5
1037	4
1038	1
17422	1
1039	1
1040	7
1041	1
1042	2
1043	7
1044	2
1045	1
1046	1
1047	3
1048	5
1049	6
17433	1
1050	2
1051	4
1052	3
1053	5
1054	3
1055	2
1056	3
17440	1
1057	6
1058	2
1059	2
1060	4
1061	1
1062	4
1063	6
17447	1
1064	1
1065	5
1066	6
1067	5
1068	2
1069	2
1070	2
1071	5
1072	3
1073	2
1074	3
1075	6
1076	1
1077	3
1078	5
1079	3
17463	1
1080	4
1081	1
1082	3
1083	4
1084	1
1085	7
1086	7
17470	1
1087	5
1088	4
17472	1
1089	5
17473	1
1090	3
1091	3
1092	5
17477	1
1094	1
1095	2
1096	3
1097	3
1098	2
1099	2
17483	1
1100	4
1101	2
1102	2
17486	1
1103	3
1104	4
1105	3
1106	4
1107	3
1108	4
1109	7
1110	1
1111	1
1113	2
17497	1
1114	1
17498	1
1115	3
17500	1
1117	2
1118	2
17502	1
1119	2
1120	4
1121	3
1122	2
17506	1
1123	4
1124	5
1125	5
17509	2
1126	1
1127	1
1128	6
1129	7
1130	5
1131	2
1133	3
1134	1
1135	3
1136	3
1137	4
1138	2
1140	3
1141	4
1142	2
1144	4
1145	2
1146	2
1147	6
1148	1
1149	2
1150	4
1151	3
1152	3
1153	4
1154	2
1155	1
1157	4
1158	1
1159	2
1160	5
17545	1
1161	2
1162	5
1163	3
1164	2
1165	4
1166	2
17550	1
1167	1
1168	3
1169	4
17553	1
1170	6
1171	2
1172	4
1173	1
1174	2
17558	1
1175	1
17559	1
1176	4
1177	5
1178	2
1179	1
1180	6
1181	6
1182	6
1183	3
1184	1
1185	4
17569	1
1186	2
1187	4
17571	1
1188	3
1189	4
1190	5
1191	3
1192	6
1193	2
1194	3
1195	4
1196	4
1197	1
1198	3
1199	2
1200	2
1201	7
1202	5
1203	8
1204	4
1205	5
1206	3
1207	6
1208	1
1209	1
1210	3
17594	1
1211	5
1212	5
1213	1
1214	3
1215	1
1216	2
17600	1
1217	1
1218	5
1219	6
1220	4
1221	6
1222	4
1223	6
1224	5
1225	6
1226	4
1227	3
1228	3
1229	8
1230	1
1231	2
1232	5
1233	5
1234	3
1235	3
1236	1
1237	7
1238	2
1239	3
1240	4
1241	2
1242	3
1244	7
17628	1
1246	3
1247	2
1248	3
1249	2
1250	5
1251	2
1252	8
1253	2
1254	2
1256	2
1257	5
1258	2
1259	1
1260	8
17644	1
1261	5
1262	4
1263	1
1264	7
17648	1
1265	3
1266	6
1267	1
1268	4
1269	3
1271	6
17655	1
1272	4
17656	1
1273	5
1274	3
1275	1
1276	4
17661	1
1277	2
1278	3
17663	1
1279	2
1280	1
1281	3
1282	2
17666	1
1283	1
1284	2
1285	3
1286	3
1287	3
1288	3
1289	4
1290	6
1291	2
17675	1
1292	2
1293	4
1294	1
1295	1
1297	1
1298	2
1299	2
1300	3
1301	5
1302	5
1303	3
1305	2
1306	4
1307	2
1308	6
1309	6
1310	3
1311	1
1312	5
1313	3
1314	4
1315	6
1316	4
1317	5
1318	4
1319	1
1320	4
1321	4
1322	2
1323	1
1324	4
1325	2
17709	1
1326	3
17711	1
1327	3
1328	4
1329	4
1331	3
17715	1
1332	3
1333	3
1334	3
17718	1
1335	3
1336	3
1337	2
1338	3
1339	2
17724	1
1340	2
1341	2
1342	1
1343	3
1344	2
1345	7
1346	3
1347	5
1348	5
1350	2
1351	3
1352	2
17736	1
1353	5
1354	2
1355	4
1356	2
1357	4
1358	4
1359	1
1360	5
1361	2
1362	3
1363	1
1364	4
1365	3
1366	1
1367	1
1368	6
1369	3
17754	1
1370	3
1371	7
17755	1
1372	4
17756	1
1373	2
1374	3
1375	2
1376	3
1377	5
1378	2
17762	1
1379	2
1380	3
1381	4
1382	2
17767	1
1383	2
1384	2
1385	3
1386	4
1387	2
1388	4
1389	4
1390	1
1391	2
1392	4
1393	4
1394	5
1395	3
1396	6
17780	1
1397	2
1398	7
1399	6
1400	4
17785	2
1401	3
1402	7
1403	3
1404	4
1405	1
1406	4
1407	2
1408	1
1409	5
1410	4
17795	1
1411	2
1412	2
1413	5
1414	1
1415	2
1416	2
17800	1
1417	4
1418	3
1419	1
1420	1
1421	3
1422	6
1423	2
1424	5
1425	1
1426	6
1427	3
1428	3
1429	4
17814	2
1431	6
1432	3
1433	9
1434	2
1435	3
1436	2
1437	6
1438	2
1439	4
1440	4
1441	2
1442	5
1443	3
1444	2
1445	2
1446	1
1447	3
1448	3
1449	5
1450	3
1451	2
1452	3
1453	4
1454	3
1455	5
1456	3
17840	1
1457	6
1458	3
1459	6
1460	5
1461	6
17846	1
1463	1
1464	2
1465	4
1466	7
1467	2
1468	2
17852	1
1470	2
1471	5
1472	2
1473	1
1474	1
1475	4
1476	2
1477	2
17861	1
17862	1
1478	2
1479	6
1480	5
1481	1
1482	1
1483	4
1484	3
1485	3
1486	1
1487	4
1488	3
1489	3
1490	5
1491	3
1492	6
1493	7
1494	6
17879	1
1495	4
1496	3
17881	1
1497	2
1498	4
1499	2
1500	1
1501	3
1502	1
1503	3
1504	3
1505	1
1506	2
1507	8
1508	4
1509	5
1510	3
1511	3
1512	2
1513	2
1514	5
1515	4
1516	5
1517	1
17901	1
1518	4
1519	3
1520	2
1521	4
1522	2
1523	3
1524	3
1525	4
17910	1
1526	1
1527	6
1528	6
1529	1
17913	1
1530	1
1531	1
1532	3
1533	4
1534	3
1535	5
1536	2
1537	4
1538	2
1539	1
1540	4
1541	3
1542	3
1543	5
17927	1
1544	3
1545	7
1546	2
1547	1
1548	3
1549	8
1550	5
1551	4
1552	5
1553	2
1554	2
1555	2
1556	3
1557	4
1558	1
17942	1
1559	3
1560	5
1561	4
1562	4
1563	2
1564	6
1565	5
1566	3
1567	6
1568	1
1569	4
1570	1
1571	3
1572	2
1573	1
1574	8
1575	4
1576	2
1577	6
1578	1
1579	4
1580	4
1581	3
1582	3
1583	3
1584	5
1585	3
17969	1
1586	3
1587	3
1588	3
17972	1
1589	6
1590	2
1591	2
1592	5
1593	3
1594	2
1595	3
1596	7
1597	3
1598	2
1599	2
1600	5
1601	5
1602	5
1603	2
1604	3
1605	4
1606	3
17990	1
1607	3
1608	6
1609	2
1610	2
1611	1
1612	7
1613	4
1614	2
1615	3
1616	3
1617	2
1618	1
1619	4
1620	6
1621	4
1622	3
1623	2
1624	4
18008	1
1625	2
1626	3
18010	1
1628	4
1629	4
1630	1
1631	2
1632	4
1633	5
18017	1
1634	3
1635	2
1636	3
1637	4
1638	4
18022	1
1639	1
18024	1
1641	5
1642	4
1643	7
1644	2
1645	6
1646	1
1647	3
18031	1
1648	1
1649	1
18034	2
1650	2
1651	3
1652	3
1653	2
1654	3
1655	1
1656	1
1657	7
1658	3
1659	6
1660	1
1661	5
1662	3
18046	1
1663	4
1664	3
18048	1
1665	4
1666	5
1667	1
1668	4
1669	5
1670	2
1671	3
1672	5
1673	2
1674	3
1675	4
1676	4
1677	4
1678	2
18062	1
1679	2
1680	4
1681	3
1682	4
1683	4
1684	3
1685	3
1686	3
1687	4
1688	4
1689	2
1690	1
1691	3
1692	3
18076	1
1693	3
1694	3
1696	4
1697	4
1698	3
1699	2
1700	5
1701	3
1702	3
1703	4
18087	1
1704	4
1705	2
1706	3
1708	4
1709	3
1710	8
1711	3
1712	4
1713	3
18097	1
1714	4
1715	4
1716	4
1717	7
1718	1
1719	3
1720	1
1721	4
1722	4
1723	3
18107	2
1724	5
1725	2
1726	4
1727	3
1728	8
1729	2
1730	2
1731	2
18115	1
1732	2
1733	4
1734	2
1735	1
1736	4
1737	4
1738	2
1739	4
1740	1
1741	4
1742	1
1743	5
1744	4
1745	2
1746	5
1747	5
1748	2
1749	2
18134	1
1750	2
1751	1
18136	1
1752	1
18137	1
1754	1
1755	2
1756	4
18140	1
1757	5
1758	7
1759	2
1761	4
1762	3
18146	1
1763	8
1764	2
1765	5
1766	2
18151	1
1767	4
1768	2
1769	3
1770	4
1771	3
1772	3
1773	4
1774	1
1775	3
1776	4
18160	1
1777	1
1778	3
1779	4
1780	4
1781	4
1783	2
1784	2
1785	2
1787	1
1788	2
1789	3
1790	4
1791	2
1793	2
1794	3
1795	1
1796	5
1798	6
1799	8
1801	4
1802	4
1803	2
1804	2
18188	1
1805	5
1806	2
1807	3
18192	1
1810	1
1811	2
18195	1
1812	1
1813	2
1814	1
1815	4
1816	3
18200	1
1817	2
1818	1
1819	2
1820	5
1821	4
1822	4
1823	6
1824	3
1825	7
1826	4
1827	4
1828	3
1829	6
1830	1
1831	7
1832	5
1833	1
1834	1
1835	4
1836	3
1837	7
1838	2
1839	5
1840	3
18225	2
1841	7
1842	2
1843	2
1844	3
1845	3
1846	3
1847	4
1848	2
1849	2
1850	3
1851	1
18236	2
1852	1
1853	3
1854	6
1855	4
1856	1
1857	1
1858	3
1859	3
1860	2
1861	1
1862	2
1863	4
1864	5
1865	3
1867	5
1868	5
18252	1
1869	4
18253	1
1870	2
18254	1
1871	1
1872	3
1873	2
1874	5
1875	3
1876	6
1877	5
1878	2
1879	2
1880	6
1881	5
18265	1
1882	1
1883	4
1884	3
1885	2
1887	1
1888	2
1889	3
1890	4
1891	4
18275	1
1892	6
1893	2
1894	1
1895	1
1896	7
1897	3
1898	4
1899	3
1900	4
1901	2
1902	2
1903	2
1904	2
1905	3
1906	2
1907	2
1908	4
1909	3
18294	1
1910	2
1911	1
1912	2
1913	3
1914	4
1915	1
1916	6
18300	1
1917	4
1918	5
1919	3
18303	1
1920	5
1921	1
1922	3
1923	1
1924	1
18308	1
1925	2
1926	4
1927	7
1928	5
1929	3
1930	2
1931	6
1932	4
1933	3
18318	1
1934	3
1935	2
1936	2
1937	3
1938	2
1939	1
1940	3
18324	1
1941	4
1942	4
1943	8
1944	6
1945	3
1946	3
1947	2
1948	4
1949	3
1950	2
1951	3
1952	2
18337	1
1954	1
1955	1
1956	4
1957	5
1958	3
1959	3
18343	1
1960	4
1961	1
1962	2
18346	1
1963	1
1964	1
1965	2
1966	1
1967	6
1968	2
1969	4
1970	4
1971	3
1972	3
1973	3
1974	1
1975	2
1976	3
1977	2
1978	3
1979	4
1980	2
1981	2
1982	1
1983	3
1984	4
1985	4
1986	2
1987	3
1988	3
1989	5
1990	2
1991	4
18375	1
1992	1
1993	2
1994	5
1995	2
1996	1
1997	7
1998	6
18383	1
2000	3
2001	3
2003	4
2004	3
2005	4
2006	2
2007	1
2008	1
2009	3
2010	3
2011	3
2012	2
2013	4
2014	4
2016	6
18400	1
2017	4
2018	3
2019	1
2020	4
2022	2
18406	1
2023	2
2024	2
2025	7
2026	3
2027	2
2028	4
18412	1
2029	1
2030	2
2031	4
2032	2
2034	2
2035	4
2036	3
2037	3
18421	1
2038	2
2039	2
2040	6
2041	1
2042	2
18427	1
2043	2
2044	5
18428	1
2045	4
2046	2
2047	4
18431	1
2048	3
2049	2
2050	5
18434	1
2051	3
2052	2
2053	4
2054	7
2055	1
2056	2
2057	2
2058	7
2059	1
2060	1
2061	6
2062	5
2063	3
2064	6
2065	1
2066	3
2067	5
2068	1
2069	1
2070	5
2071	2
2072	4
2073	6
18457	1
2074	6
2075	3
2076	2
2077	6
2078	5
18462	1
2079	6
2080	3
2081	2
2082	1
2083	5
2084	2
2085	2
2086	1
2087	6
2089	2
2090	3
2091	4
2092	1
2093	3
2094	1
2095	4
2096	1
2097	3
2098	7
2099	3
2100	2
2101	4
2102	3
2103	3
2104	5
2105	3
2106	1
2108	3
2109	1
2110	3
2111	5
2112	3
2113	1
2114	2
18498	1
2115	2
2116	3
2117	4
2118	1
2119	3
2120	5
2121	1
2122	3
2123	3
2124	3
18508	1
2125	4
2126	2
2127	1
2128	4
2129	2
2130	9
2131	4
2132	4
2133	4
2134	1
2135	5
2136	2
2137	6
18522	2
2138	4
2139	4
18523	1
2141	1
2142	5
18526	1
2143	5
2144	3
2145	4
2146	4
2147	1
2148	8
2149	1
2150	2
2151	4
2152	2
2153	6
2154	2
2155	3
18539	1
2156	2
2157	4
2158	2
2159	7
2160	5
2161	2
18546	1
2163	3
2164	6
2165	3
2166	2
2167	3
18551	1
2168	2
2169	3
2170	3
2171	5
2172	4
18557	1
2174	4
18558	1
18559	1
2175	1
2176	4
2177	6
2178	2
2179	3
2180	4
2181	5
2182	3
2183	2
2184	2
2185	5
18569	1
2186	2
2187	2
2188	4
2189	8
2190	4
2191	3
2192	2
2193	5
2194	3
2195	2
18579	1
2196	3
2197	4
2198	3
18583	2
2200	3
2201	5
2202	2
2203	1
2204	3
2205	2
2207	6
18591	1
2208	3
2209	2
2210	1
2211	4
2212	2
2213	2
2214	4
2215	3
18599	1
2216	3
2217	1
2218	3
2219	1
2220	3
2221	5
2222	4
2223	2
2224	6
2225	2
2226	2
2227	3
2228	3
2229	3
2230	4
2231	3
2232	3
2233	4
2234	4
2235	4
18619	1
2236	5
2237	3
2238	2
2240	3
2241	2
2242	4
2243	2
2244	2
2245	6
2246	4
2247	2
2248	2
2249	3
2250	6
2251	2
2252	6
2253	1
2254	1
2255	1
2256	3
2257	3
2258	6
2259	4
18644	1
2260	3
2261	4
2262	2
2263	4
2264	2
2265	7
2266	3
2267	1
18651	1
2268	5
2269	4
2270	4
2271	4
2273	3
2274	2
2275	2
18659	1
2276	2
2277	5
2278	2
2279	6
2280	2
2281	5
2282	3
2283	3
2284	3
2285	4
2286	6
2287	4
2288	2
2289	3
2290	3
2291	3
2292	3
2293	1
2294	4
2295	3
2296	3
2297	2
2298	4
2299	2
2301	2
2302	5
2303	5
2304	4
2305	7
2306	3
2307	3
2308	3
2310	2
2311	2
2312	3
2313	2
2314	4
18699	1
2315	4
2316	3
2317	6
2318	4
2319	5
2320	3
2321	3
2322	3
2323	3
2324	4
2325	5
2326	4
2327	1
2328	3
2330	5
2331	3
2332	2
2333	3
2334	2
2335	3
2336	4
18720	1
2337	1
2338	4
2339	2
2340	3
18725	1
2341	3
2342	4
2344	1
2345	8
2346	1
2347	5
2348	4
2349	4
2350	5
2351	8
2352	4
2353	2
2354	2
2355	1
2357	3
2359	2
2360	3
2361	3
2362	1
2363	5
2364	4
2365	3
2366	1
2367	8
2368	2
2369	1
2370	3
2371	4
2372	2
2373	3
2374	2
18758	1
2375	2
2376	3
18760	1
2377	1
2378	7
2380	3
2381	4
2382	5
18766	1
2383	2
2384	4
2385	5
2386	2
18770	1
2387	4
2388	4
2389	3
2390	3
2391	8
2392	5
2393	4
2394	4
2395	3
2396	1
2397	2
18782	1
2398	4
2399	2
2400	4
2401	1
2403	1
2404	1
2405	4
2406	2
18791	1
2407	5
2408	2
2409	4
2410	4
2411	3
2412	3
2413	3
2414	3
18798	1
2415	3
2416	1
2417	1
2418	2
2419	2
18803	1
2420	8
2421	3
2422	4
2423	2
2424	2
2425	2
2426	2
2427	2
2428	2
2429	1
2430	2
2431	2
2432	4
2433	2
2434	1
2435	1
2436	4
2437	4
2438	7
2439	2
2440	5
2441	5
2442	5
2443	7
2444	3
2445	1
2447	2
2448	2
2449	5
2450	5
2451	5
2452	5
2453	5
2454	4
2455	3
2456	2
2457	6
2458	2
2460	1
2461	4
2462	4
2463	2
2464	2
2465	4
2466	2
2468	1
2469	2
2470	1
2471	3
2472	3
2474	4
2475	2
18859	1
2476	2
2477	1
2478	3
2479	5
2480	2
2481	2
2482	6
2483	4
2484	3
2485	4
2486	10
2488	5
2489	4
2490	1
2492	1
2493	7
18877	1
2494	2
2495	7
2496	5
2497	4
2498	2
2499	4
2500	1
2501	2
2502	6
2503	2
2504	5
2506	3
2507	4
2508	3
2509	2
2510	4
2511	3
2512	7
2513	4
2514	3
2515	4
2516	3
2518	3
2519	2
2520	8
2521	3
2522	4
2523	1
2524	4
2525	8
2526	2
2527	3
2528	3
18912	1
2529	1
2530	4
2532	3
2533	5
2534	6
2535	3
2536	3
2537	4
18923	1
2539	6
2540	1
2542	5
18926	1
2543	2
2544	2
2545	1
2546	4
2547	1
2548	1
2549	4
2550	1
18935	1
2552	5
2553	5
2554	3
2555	3
18939	1
2558	4
2559	6
2560	3
2561	2
18945	1
2562	1
2563	3
2564	7
2565	1
2566	1
2567	1
2568	7
2569	3
2570	4
2572	7
2573	1
2574	2
2575	8
2576	5
2577	2
2578	4
2579	4
2580	3
2581	4
2582	4
2583	4
2584	5
2585	6
2586	2
2587	3
2588	2
2589	3
2590	6
2591	3
2592	2
2593	2
2594	2
2595	1
2596	3
18980	1
2597	4
18983	1
2599	1
2600	4
2601	1
2602	4
2603	6
18987	1
2605	4
2606	2
2607	1
2608	1
2609	4
18993	1
2610	5
2611	6
2612	5
2613	3
2614	7
2615	3
2616	2
2617	3
2618	4
2619	4
19003	1
2620	2
2621	3
2622	6
2624	1
2625	5
2626	2
2627	3
2628	3
19012	1
2629	5
2630	1
2631	6
2632	5
2633	4
19018	1
2634	4
2635	4
19019	1
2636	2
2637	4
2638	4
2639	4
2640	2
2641	4
2642	4
2643	6
2644	2
2645	3
2646	2
2647	4
2648	1
2649	2
19033	1
2650	5
2651	1
2652	1
2653	6
2654	3
2655	1
2656	3
2657	1
19041	1
2658	1
2659	2
2660	3
19044	1
2661	3
2663	4
2664	1
2665	3
2666	4
2667	4
2668	5
2669	2
2670	1
2671	3
2672	1
2673	2
2674	1
2675	3
19059	1
2676	3
2677	4
19061	1
2678	3
19062	1
2679	1
2680	6
2681	3
2682	4
2684	3
2685	3
2686	5
2687	2
2688	2
2689	2
2690	5
2691	2
2692	6
2693	3
2694	3
2695	1
2696	4
19080	1
2697	2
2698	4
2699	3
2700	6
19084	1
2701	4
2702	4
2703	5
2704	3
2705	4
2706	5
2707	4
2708	2
2709	4
2710	4
2711	4
2712	5
2713	1
2714	1
2715	3
2716	2
2717	6
2718	4
2719	5
2720	1
2721	5
2722	3
2723	3
2724	4
2725	2
2726	2
2727	2
2728	3
2729	5
2730	1
2731	3
2732	2
2733	4
2734	4
2735	2
2736	3
2737	1
2738	4
2739	2
2740	5
2741	3
2742	3
2743	6
2744	2
2745	6
2747	2
2748	3
2749	7
2750	3
2751	2
2752	7
2753	3
2754	3
2755	1
2756	4
2757	4
2758	3
2759	3
2760	2
2762	4
2763	2
2764	4
2765	5
2766	2
2767	3
2768	3
2769	2
19153	1
2770	2
2771	2
2772	2
2773	2
2774	3
2775	1
2776	1
2777	3
2778	1
2779	2
2780	3
2781	4
2782	1
2783	4
2784	2
2785	3
2786	2
2787	6
2788	8
2789	2
2790	4
2791	3
2792	3
2793	3
2794	2
2795	3
2797	5
2798	2
2799	1
2800	1
2801	3
2802	3
2803	6
2805	4
2806	4
2807	1
2808	4
2809	5
2810	2
2811	5
2813	5
2814	2
2816	3
2817	4
2819	7
2820	4
2821	5
2822	5
2823	3
2824	3
2825	8
2826	3
2827	4
2828	4
2829	2
2830	6
2831	2
2832	3
2833	4
2834	2
2835	4
2836	8
2837	3
2838	4
2839	4
2840	6
19225	1
2841	2
2842	12
2843	2
2844	4
2845	3
2846	5
2848	1
2849	3
2850	2
2852	3
2853	4
2854	4
2855	8
2856	11
2857	4
2858	7
2859	4
2860	4
2861	4
2862	4
19246	1
2863	4
2864	4
2866	5
2867	4
2869	4
2870	1
2871	1
2872	2
2873	2
2874	2
19258	1
2875	2
2876	1
19260	1
2877	5
2878	4
2879	2
2880	3
2881	4
2882	4
2883	4
2884	1
2885	5
2886	2
2887	3
2888	2
2889	1
2890	1
2891	3
2892	4
2893	2
2894	4
2895	2
2896	7
2897	5
2898	3
2899	4
2900	4
2901	5
2902	5
2903	2
2904	3
2905	3
2907	2
2908	7
2909	2
2910	2
19294	1
2911	2
2912	2
2913	1
2914	4
2915	4
2916	3
2917	5
2918	2
2919	4
2920	7
2921	3
2922	3
2923	3
2924	5
2925	5
2926	7
2927	4
2928	4
2929	3
2930	3
2931	2
2932	2
19316	1
2933	4
2934	3
2935	5
2936	2
2937	2
2938	3
2939	4
2940	1
2941	4
2942	2
2943	1
2944	4
2945	5
2946	3
2947	4
2948	2
2949	7
19333	1
2950	1
2951	5
2952	2
2953	7
2954	4
2955	2
2956	6
2957	7
2958	4
2959	3
2960	4
2961	6
2962	3
2963	3
2964	3
2965	6
2966	2
2967	3
2968	3
2969	6
2970	5
2971	2
2972	4
2973	2
2974	3
2975	1
2976	3
2977	2
2978	5
2979	2
2980	1
2981	1
2982	2
2983	5
2984	1
2985	3
2986	6
2987	2
2988	4
2989	3
2990	5
2991	3
2994	4
2995	3
2996	2
2997	5
2999	3
3000	4
3001	6
3002	1
3004	5
19388	1
3005	5
3006	2
3007	4
3008	3
3009	3
3010	2
3011	4
3012	2
3013	4
3014	3
3015	4
3016	3
3017	5
3018	1
3019	2
3021	2
3022	3
3023	3
3024	5
3025	1
3026	5
3027	3
3028	1
3029	6
3030	3
3031	3
3032	2
3033	5
3034	3
3035	6
3036	3
3037	2
3038	3
3040	1
3041	1
3042	8
3044	3
3045	2
3046	1
3047	1
3048	2
3049	4
3050	1
3051	1
3052	4
3053	4
3054	7
3055	2
3056	8
3057	4
3058	6
3059	5
3060	2
3061	2
3062	2
3063	4
3064	3
3065	1
3066	3
3067	5
3068	5
19452	1
3070	2
3071	2
3072	4
3073	2
19457	1
3074	2
3075	1
3076	4
3077	7
3078	3
3079	8
3080	2
3081	2
3082	5
3083	3
3084	3
3085	2
3086	4
3087	2
3088	3
3089	3
3090	6
3091	7
3092	3
3095	2
3096	5
3097	1
3099	4
3100	3
3101	3
3102	2
19487	1
3104	3
3105	3
3106	5
3107	5
3108	5
3109	5
3110	5
3111	1
3112	2
3114	2
3115	1
3116	4
3117	3
3118	2
3119	2
3120	2
3121	2
3122	1
3125	4
3126	5
3127	3
3128	2
3129	5
3130	7
3131	4
3132	6
3133	4
3134	6
3135	1
3136	2
3137	2
3138	5
3139	1
3140	8
3141	1
3144	8
3147	2
3148	3
3149	2
3150	4
3151	2
3152	4
3153	1
3154	3
3155	3
3156	2
3157	3
3158	4
19542	1
3159	4
3160	6
3162	5
3163	3
3165	1
3166	3
3167	2
3168	3
3169	2
3170	4
19554	1
3171	5
3172	3
3173	2
3174	2
3175	1
3176	1
3177	2
3178	3
3179	1
3180	3
3181	4
3182	7
3183	3
3184	2
3185	4
19569	1
3186	1
3187	3
3188	2
3189	5
3190	5
3191	6
3192	5
3193	2
3194	1
3195	4
3196	3
3197	2
3198	4
3199	2
3200	3
3201	3
3202	2
3203	3
3204	4
3205	5
3206	3
3207	2
3208	2
3209	2
3210	1
3211	1
3212	1
3214	4
3215	1
3217	1
3218	1
3219	3
3220	5
3221	3
3222	2
3223	1
3224	5
3225	5
3226	4
3227	5
3228	5
3229	4
3230	3
3231	1
3233	2
3234	2
3235	5
3236	6
3237	4
3238	2
3239	2
3240	2
3241	3
3242	4
3243	4
3244	3
3245	3
3246	7
3247	5
3248	3
3249	7
3250	2
3251	4
3252	3
3253	1
3254	4
3255	1
3256	3
3257	5
3258	4
3259	4
3260	3
3261	6
3262	3
19646	1
3263	6
3264	7
3265	4
3266	3
3267	3
3268	4
3269	3
3270	3
3271	1
19655	1
3272	3
3273	3
3274	2
3275	5
3277	1
3278	4
3279	4
3280	3
3281	2
3282	3
3283	7
3284	2
3285	2
3286	2
3287	1
3288	2
3289	2
3290	2
3291	5
3292	2
3293	5
3294	1
3296	5
3297	4
3298	4
3299	2
3300	3
3301	1
3302	1
3303	1
3305	3
3306	5
19691	1
3307	2
3309	2
3310	2
3311	5
3312	5
3313	3
3314	9
3315	1
3316	3
3317	5
3318	3
3319	2
3320	3
3321	3
3322	2
3323	4
3324	5
3326	5
3327	3
3328	1
3329	1
3330	3
3331	7
3332	6
3333	1
3334	2
3335	3
3336	1
3337	4
3338	5
3339	5
3340	2
19724	1
3341	3
3342	4
3343	1
3344	3
19728	1
3345	4
3346	2
3347	3
3348	7
3349	5
3350	2
3352	6
3353	2
3354	2
3355	3
3356	2
3357	2
3358	2
3359	5
3360	2
3361	5
3362	5
3363	4
3364	4
3365	3
3366	6
3367	9
3368	5
3369	4
3370	2
3371	2
3372	4
3373	7
3374	3
3375	3
3376	3
3377	5
3378	4
3379	4
3380	6
3381	2
3382	5
3383	2
3384	3
3385	3
3386	3
3387	3
3388	3
3389	7
3390	4
3391	2
3392	4
3393	1
3394	5
3395	4
3396	3
3397	4
3398	4
3399	1
3400	3
3401	5
19785	1
3402	5
3403	5
3404	2
3405	3
3406	2
3407	3
3408	1
3409	1
3410	1
3411	7
3412	5
3413	3
3414	5
3415	2
3416	2
3417	1
3418	9
3419	1
3420	3
3421	5
3422	2
3423	6
3424	7
3426	2
3427	6
3428	1
3429	4
3430	3
3431	1
3432	2
3433	4
3434	1
3435	3
3436	1
3437	2
3438	4
3439	3
3440	2
3441	2
3442	1
3443	2
3446	2
3447	2
3448	3
3449	2
3450	1
3451	1
3452	1
3453	7
3454	2
3455	3
3456	3
3457	5
3458	1
3459	5
3460	3
3461	5
3462	2
3463	8
3464	2
3465	5
3466	3
19851	1
3467	3
3468	6
3469	4
3470	3
3471	4
3472	2
3473	2
3474	4
3475	1
3476	1
3477	3
3478	2
3479	3
3480	8
3481	3
3482	5
3483	1
3484	2
3485	2
3487	5
3488	3
3489	5
3490	2
3491	2
3492	1
3493	4
3494	1
3495	2
3497	3
3499	3
3500	3
3501	1
3503	4
3504	2
3505	4
3506	4
3507	7
3508	2
3509	3
3510	2
3511	4
3512	4
3513	3
3514	2
3515	3
3516	3
3517	2
3518	4
3519	2
3520	2
3521	4
3522	2
3523	6
3524	3
3525	4
3526	7
3527	8
3528	2
3529	1
3530	2
3531	4
3532	3
3533	2
3534	4
3535	5
3536	2
3537	6
3538	2
3539	6
3541	3
3542	4
3543	3
3544	2
3545	7
3546	1
3547	6
3548	1
3549	2
3550	2
3551	5
3552	2
3553	4
3554	4
3555	2
3556	4
3557	1
3558	2
3560	1
3561	4
3562	1
3563	5
3564	1
3565	2
3566	3
3567	3
3568	5
3569	3
3570	3
3571	1
3572	1
3573	6
3575	5
3576	3
3578	3
3579	6
3580	5
3581	6
3582	1
3583	5
3584	2
3586	5
3587	1
3588	3
3589	3
3590	2
19974	1
3591	3
3592	6
3593	2
3594	4
3595	2
3596	1
3597	6
3598	3
3599	3
3600	8
3601	3
3602	4
3603	2
3604	1
3606	1
3607	2
3608	3
3609	3
3610	3
3611	4
3612	3
3613	3
3614	6
3615	2
3616	2
3617	4
3618	5
3619	5
3620	4
3621	4
3622	3
3623	1
3624	3
3625	5
3626	4
3627	1
3628	6
3629	4
3630	2
3631	1
3632	5
3633	1
3634	4
3635	3
3636	4
3637	4
3638	1
3639	1
3640	2
3641	7
20026	1
3643	1
3644	1
3645	5
3646	5
20030	1
3647	3
3648	4
3649	1
3650	3
3651	5
3652	4
3654	2
3655	3
3656	6
3657	1
3658	3
3659	2
3660	3
3661	3
3662	6
3663	1
3664	2
3665	1
3666	5
3667	1
3668	1
3669	2
3670	3
3671	4
3672	5
3673	4
3674	5
3675	3
3676	1
20060	1
3677	5
3678	4
3679	8
3680	5
3681	2
3682	2
3683	3
3684	3
3685	1
3686	1
3688	3
3689	3
3690	4
20075	1
3691	5
3692	1
3694	2
3695	2
3696	4
3697	5
3698	7
3699	1
3700	1
3701	4
3702	4
3703	2
3705	6
3706	1
3707	1
3708	1
3709	6
3710	3
3711	2
3712	1
3713	3
3714	1
3715	1
3716	4
3717	7
3718	3
3719	2
3720	4
3721	1
3722	2
3723	2
3724	1
3725	5
3726	3
3727	1
3729	3
3730	6
3731	3
3732	4
3733	4
3734	3
3735	3
3736	6
3737	3
3738	3
3739	6
3740	2
3741	4
3742	4
3743	2
3744	4
3745	3
3746	1
3747	1
3748	6
3749	2
3750	3
3751	5
3752	3
3753	2
3754	2
3755	2
3756	3
3757	2
3758	2
3759	1
3760	3
3761	2
20145	1
3762	8
3763	8
20147	1
3764	1
3765	2
3766	3
20150	1
3767	5
3768	6
3769	3
3770	2
3771	6
3772	3
3773	3
3774	2
3775	3
3776	6
3777	4
3778	3
3779	2
3780	2
3781	3
3782	5
3784	4
3785	5
3787	4
3788	6
3789	1
3790	4
3792	1
3793	3
3794	1
3795	7
3796	1
3797	1
3798	3
3799	2
3800	1
3801	2
3802	6
3803	5
20187	1
3804	4
3805	3
3806	4
3807	3
3808	3
3809	3
3810	1
3811	1
3812	1
3813	4
3814	2
3815	5
3816	4
3817	4
3818	3
3819	2
3820	2
3821	2
3823	3
3824	5
3825	2
3826	3
3827	2
3828	1
3829	4
3830	3
3831	1
3832	1
3833	4
3834	1
3835	5
20219	1
3836	3
3837	3
3838	5
3839	4
3840	3
3841	9
3842	1
3843	2
3844	5
3845	3
3846	3
3847	3
3848	5
3849	1
3850	2
3851	3
3852	1
3853	4
3854	6
3855	2
3856	4
3857	4
3858	2
3859	2
3860	7
3861	5
3862	2
3863	5
3864	1
3865	5
3866	4
3867	2
3868	2
3869	3
3870	5
3871	3
3872	7
3873	3
3874	2
3875	4
3876	2
3877	3
3878	6
3879	3
3880	2
3881	5
3882	2
3883	4
3884	2
3885	3
20270	1
3887	5
3888	2
3889	2
3890	7
3891	1
3892	5
3893	1
3894	4
3895	2
3896	1
3897	7
3898	4
3899	3
3900	1
3903	3
3904	5
3905	2
3906	2
3908	5
3909	7
3910	1
3911	4
3912	2
3913	5
3914	2
3915	3
3916	2
3917	4
3918	3
3919	1
3920	1
3921	3
3922	2
3923	4
3924	3
3925	1
3928	2
3929	2
3930	2
3931	1
3932	3
3933	2
3934	7
3935	3
3936	1
3938	2
3939	2
3940	2
3941	3
3942	3
3943	5
3944	5
3945	1
3946	5
3948	4
3950	3
3951	2
3952	2
3953	1
3954	4
3955	4
3956	2
3957	3
3958	1
3959	6
3960	3
3961	6
20345	1
3962	3
3964	1
3965	3
3966	3
3967	2
3968	2
3969	3
3970	1
3971	4
20355	1
3972	3
3973	2
3974	4
3975	4
3976	1
3977	3
3978	6
3979	5
3980	4
3981	3
3982	4
3983	2
3984	1
3985	4
3986	3
3987	1
3988	3
3989	1
3990	2
3991	1
3992	1
20376	1
3993	2
3994	2
3995	5
3996	3
3997	2
3998	1
3999	4
4000	3
4001	3
4002	4
4003	2
4004	4
4005	2
4006	7
4007	3
4008	2
4009	3
4010	2
4011	5
4012	2
4013	2
4014	2
4015	3
4017	5
4018	3
4019	2
4020	2
4021	6
4022	2
4023	4
4024	3
4025	1
4026	1
4027	3
4028	1
4029	6
4030	4
4031	3
4032	5
4033	2
4034	3
4035	4
4036	2
4037	2
4038	1
4039	4
4040	6
4041	3
4042	3
4043	4
4044	3
4045	2
4046	3
4047	2
4048	1
4049	5
4050	3
4051	6
4052	5
4053	3
4054	2
4055	6
4056	2
20440	1
4057	4
4058	3
4059	1
4060	7
4061	2
4062	5
4063	6
4064	4
4065	5
4066	2
4068	2
4069	2
4070	2
4071	4
4072	6
4073	2
4074	2
4075	5
4076	2
4077	2
4078	2
4079	4
4080	2
4081	2
4082	2
4083	4
4084	5
4085	7
4086	1
4087	4
20472	2
4088	1
4089	4
4090	2
4091	1
4092	1
4093	3
4094	4
4095	3
4096	1
4097	1
4098	2
4099	3
4101	6
4102	2
4103	4
4104	6
4105	4
4106	5
4107	2
4108	4
4109	3
4110	2
4111	2
4112	5
4113	2
4114	3
4115	2
4116	2
4117	4
4118	2
4119	2
4120	4
4121	1
4122	3
4123	1
4124	3
4125	6
4126	1
4129	2
4130	3
4132	2
4133	4
4134	4
4135	4
4136	3
4137	5
4138	2
4139	6
4140	3
4141	3
4142	3
4143	4
4144	1
4145	3
20530	1
4146	1
4147	2
4148	3
4149	3
4150	2
4151	2
4152	7
4153	4
4154	6
4155	3
4156	2
4157	4
4158	4
4159	2
4160	5
4161	2
4162	2
4163	2
4164	2
4166	5
4167	2
4168	2
4169	1
4170	2
4171	7
4172	2
4174	2
4175	1
4176	6
4177	5
4178	7
4179	2
4180	3
4181	2
4182	4
4183	4
4184	3
4185	4
4186	3
4187	1
4188	3
4189	2
4190	1
4191	2
4192	1
4193	6
4194	4
4195	2
20579	1
4196	3
20580	1
4197	1
4198	5
4199	2
4200	3
4201	3
4202	2
4203	2
4204	3
4205	2
4206	3
4207	1
4209	3
4210	5
4211	5
4212	2
4213	1
4214	4
4215	4
4216	6
4217	2
4218	5
4219	4
4220	1
4221	3
4222	1
4223	3
4224	2
4225	3
4228	1
4229	2
4230	2
4231	5
4232	2
4233	2
4235	4
4236	2
4237	5
4238	3
4239	3
4240	2
4241	2
4242	1
4243	2
4244	1
4245	2
4246	1
4247	4
4248	3
4249	4
4250	2
4251	1
4252	2
4253	2
4254	1
4255	2
4256	4
4257	3
4258	4
4259	6
4260	3
4261	3
4262	2
4263	3
4264	2
4265	2
4266	2
4267	4
4268	3
4269	1
4270	4
4271	3
4272	2
4273	3
4274	4
4275	3
4276	2
4277	3
4278	2
4279	6
4280	2
4281	3
4282	5
4283	5
4284	5
4285	1
20669	1
4286	5
4288	4
4289	1
4290	2
4292	2
4293	2
4294	1
4295	4
4296	3
4297	4
4298	3
4299	1
4302	1
4303	1
4304	2
4306	2
4307	2
4308	2
4309	3
4310	1
4311	2
4312	3
4313	3
4314	1
4315	1
4316	1
4317	3
4318	1
4319	5
4320	4
4321	3
4322	3
4323	2
4324	4
4325	6
4326	1
4327	3
4328	3
4329	2
4330	5
4331	4
4332	2
4333	2
4334	1
4335	4
4336	2
4337	2
4338	2
4339	10
4340	1
4341	3
4342	4
4343	4
4344	3
4345	1
4346	7
4347	2
4348	2
4349	2
4350	1
4351	2
4352	2
4353	1
4354	3
4356	3
4357	3
4358	3
4359	1
4360	2
4361	2
4362	2
4363	4
4364	3
4365	2
4366	2
4367	4
4368	7
4369	1
4370	1
4371	3
4372	2
4373	3
4374	3
4375	2
4376	4
4377	3
4378	3
4379	1
4380	4
4381	1
4382	4
4383	2
4384	2
4385	4
4386	2
20770	1
4387	6
4388	1
4389	4
4390	6
4391	3
4392	1
4393	2
4394	3
4395	2
4396	6
4397	6
4398	3
4399	1
4400	3
4401	4
4402	2
4403	4
4404	3
4405	1
4406	3
4407	2
4408	3
4409	3
4410	3
4411	1
4412	4
4413	5
4414	4
4416	2
4417	1
4418	1
4420	5
4421	1
4422	4
4423	1
4424	4
4425	2
4426	7
4427	3
4428	6
4429	2
4431	7
4432	2
4433	3
4434	1
4435	4
4436	4
4437	2
4438	3
4439	4
4440	5
4441	3
4442	2
4443	2
4444	1
4445	3
4446	5
4447	1
4448	2
4449	4
20833	1
4450	2
20835	1
4451	1
4452	3
4453	1
4454	2
4455	1
4456	3
4457	2
4458	2
4459	3
4460	2
4461	2
4462	2
4463	3
4464	1
4465	1
4466	6
4467	5
4468	3
4469	5
4470	3
4472	4
4473	2
4474	1
4475	2
4476	3
4477	4
4478	2
4479	6
20863	1
4480	2
4481	4
4482	2
4483	3
4484	4
20868	1
4485	1
4486	2
4487	4
4489	5
4490	1
4491	2
4492	3
4493	2
4494	4
4495	1
20879	1
4496	2
4497	3
4498	4
4499	4
4500	2
4501	1
4502	2
4503	3
4504	3
4505	3
4506	1
4507	6
4508	2
4509	3
4510	2
4512	3
4513	1
4514	1
4515	2
4516	2
4517	2
4518	3
4519	2
4520	4
4521	3
4522	1
4523	4
4524	2
4526	3
4527	5
4528	3
4529	2
4530	2
4531	2
20915	1
4533	3
4535	3
20919	1
4536	1
4537	1
4538	1
4541	3
4542	4
4543	1
4544	4
4545	3
4546	1
4547	4
4548	5
4549	3
4550	1
4551	2
4552	3
4553	3
4554	2
4555	3
4556	5
4557	1
4558	1
4559	4
4560	2
4561	2
4562	4
4563	2
4564	2
4565	2
4566	3
4567	4
4568	4
4569	4
4570	4
4571	2
4572	1
4573	3
4574	4
4575	1
4576	1
4577	2
4578	6
4579	1
4580	1
4581	2
4582	1
4583	1
4584	5
20969	1
4587	1
4588	1
4589	2
4590	4
4591	2
4592	1
4593	4
4594	3
4595	2
4596	1
4597	1
4598	2
4599	3
4600	2
4601	3
4602	2
4603	5
4604	2
4605	2
4606	3
4607	1
4608	3
4609	2
4610	4
4611	4
4612	2
4613	2
4614	4
4615	3
4616	1
4617	2
4618	4
21003	1
4619	4
4620	3
4621	2
4622	3
4623	6
4624	2
4626	3
4627	1
4628	4
4629	2
4630	2
4631	2
4632	2
21016	1
4633	1
4634	2
4635	2
4636	4
4637	1
4638	5
4639	5
4640	3
21024	1
4641	1
4642	1
4643	2
4644	6
4645	3
4646	3
4647	4
4648	2
4649	1
4650	4
4651	1
4652	5
4654	2
4655	2
4656	3
4657	5
4658	6
4659	3
4660	1
4661	2
4662	4
4663	5
4665	1
4666	1
4667	2
4668	3
4669	4
4670	3
4671	3
4672	4
4673	2
4674	2
4676	8
4677	3
4678	1
4679	3
4680	2
4681	2
4682	3
4683	4
4684	3
4686	6
4687	7
4688	3
4689	3
4690	1
4692	5
4693	1
4694	4
4695	4
4696	4
4697	2
4698	3
21083	1
4701	1
4702	2
4703	3
4704	3
4705	4
4706	2
4707	4
21091	1
4708	4
4709	1
4710	4
4711	3
4712	4
4713	2
4714	2
4715	7
4716	4
4717	2
4719	3
4720	3
4721	2
4722	6
4723	3
4724	4
4725	3
4726	2
4727	5
4728	1
4729	3
4730	4
4731	2
4732	4
4733	2
4734	2
4735	3
4736	2
4737	2
4738	3
4739	1
4740	1
4741	3
4743	4
4744	4
4745	3
4746	4
4747	5
4748	1
4749	4
4750	1
4751	3
4752	4
21136	1
4753	3
4754	2
4755	5
4756	3
4757	2
4758	6
4759	1
4760	2
4761	4
4762	2
4763	2
4764	4
4765	1
4766	1
4767	2
4768	2
4769	1
4770	1
4771	4
4772	2
4773	4
4774	4
4775	1
4776	5
4777	3
4778	2
4779	2
4780	2
4781	3
4782	1
4783	4
4784	1
4785	1
4786	3
4788	2
4789	1
4790	1
4791	2
4792	4
4793	4
4794	5
4795	3
4796	3
4797	4
4798	2
4799	6
4800	4
4801	4
4802	3
4803	2
4804	5
4805	6
4806	5
4807	2
4808	2
4809	5
21193	1
4810	1
4811	3
4812	3
4813	2
4815	3
4816	1
4817	3
21201	1
4818	2
4819	5
4820	2
4821	2
4822	4
4823	2
4824	2
4825	2
4826	1
4827	1
4828	1
4829	3
4830	5
4831	2
4832	2
4833	4
4834	4
4835	4
4836	3
4837	3
4838	3
4839	5
4840	6
4841	3
4842	4
4843	3
4844	3
4845	2
4846	4
4847	4
4848	1
4849	2
4850	3
4851	2
4852	2
4853	2
21237	1
4854	3
4855	4
21239	1
4856	1
4857	4
4858	1
4859	4
4860	1
4861	2
4862	3
4863	3
4864	2
4865	1
4866	2
4867	3
4868	4
4869	1
4870	5
4871	2
4872	2
4873	2
4874	4
4875	2
4876	4
4877	3
21263	1
4879	2
4880	5
4882	2
4883	3
4884	1
4885	2
4886	2
4887	4
4888	3
4889	3
4890	3
4891	5
4893	2
4894	4
4895	2
4896	2
4897	3
4898	3
4899	4
4900	1
4901	5
4902	2
4903	3
4904	1
4905	2
4906	2
4908	4
4909	2
4910	1
4911	3
4912	5
4913	1
4914	4
4915	2
4916	4
4917	2
4918	1
4919	4
4921	2
4922	8
4923	5
4924	1
4925	4
4926	1
4927	1
4928	4
4929	1
4930	1
4931	5
4932	3
4933	2
4934	2
4935	1
4936	2
4937	3
4938	6
4939	2
4940	5
4941	1
4942	1
4943	5
4944	4
4945	5
4946	3
4947	1
4948	5
4949	1
4950	2
4951	3
4952	5
4953	6
4954	1
4956	1
4957	5
4958	3
4959	1
4960	3
4962	2
4963	2
4964	2
4965	1
4966	3
4967	5
4968	3
4969	2
4970	1
21354	2
4971	3
4972	1
21356	1
4974	5
4975	1
4976	2
4977	4
4978	5
4979	1
4980	1
4981	3
4982	4
4983	2
4984	3
4985	2
4986	1
4987	3
4988	1
4990	2
4991	2
4992	2
4993	2
4994	4
4995	2
4996	3
4997	4
4998	4
5000	5
5001	6
5002	3
5003	1
5004	1
5005	7
5006	4
5009	4
5010	7
5011	3
5012	2
5013	1
5014	2
5015	2
5016	1
5017	3
5018	1
5019	2
5020	3
5021	2
5024	4
5025	3
5026	2
5027	1
5028	4
21413	1
5029	3
5030	2
5031	1
5032	3
5033	2
5034	2
5035	1
5036	2
5038	2
5039	2
5040	4
5041	1
5042	2
5043	2
5044	4
5045	4
5046	3
5048	2
5049	3
5050	1
5051	3
5052	4
5053	5
5054	2
5055	3
5056	2
21441	1
5057	3
5058	8
5059	1
5060	3
5061	3
5062	2
5063	2
5064	2
5065	2
5066	1
5067	4
5068	4
21452	1
5069	3
5070	1
5071	3
5072	3
5073	3
5074	4
5075	4
5077	2
5078	3
5080	1
5081	5
5082	3
5084	1
5085	2
5086	1
5087	2
5088	8
5089	4
5090	3
5091	1
5092	3
5093	5
5094	3
5095	1
5096	4
5098	5
5099	1
5100	5
5101	3
5102	2
5103	1
5104	1
5105	4
5106	1
5107	4
5108	3
5109	1
5110	2
5111	6
5112	2
5113	5
5115	5
5116	1
5118	2
5119	3
5120	2
5121	2
5122	4
5123	2
5124	2
5125	2
5126	2
5127	2
5128	6
5129	4
21514	1
5130	3
5131	1
5133	2
5134	2
5135	2
5136	3
5137	2
5138	2
5139	6
5140	6
5142	4
5143	3
5144	3
5145	3
5146	5
5147	4
5148	1
5149	5
5150	2
5151	5
5152	4
5153	4
5155	3
5157	2
5158	2
5159	4
5160	2
5161	2
5162	2
5163	3
5164	2
5165	1
5166	2
5167	1
5168	1
5169	4
5170	1
5171	7
5172	3
5173	4
5174	4
5175	2
5176	3
5177	1
5178	1
5179	1
5180	1
5181	1
5182	3
5183	4
5184	2
5185	1
5186	2
5187	3
21571	1
5188	2
5189	2
5190	4
5191	1
5192	2
5193	3
5194	1
5195	4
5196	2
5198	2
21582	1
5199	3
5200	3
5201	1
5202	3
5203	4
5204	1
5205	1
5206	3
5207	2
5208	3
5209	1
21593	1
5210	4
5211	2
5212	1
5213	1
5214	3
5216	4
5217	2
5218	1
5219	1
5220	2
5221	3
5222	4
5223	1
5224	1
5225	1
5226	1
5227	2
5228	2
5229	1
5230	2
5231	4
5233	2
5234	2
5235	4
5236	1
5237	3
5238	1
5239	4
5240	1
5241	1
5242	2
5243	1
5244	2
5245	3
5246	3
5247	3
5248	4
5249	3
5250	3
5251	3
5252	2
5253	5
5254	1
5255	5
5256	1
5257	2
5258	3
5259	2
5260	1
5261	2
5262	2
5263	1
5264	4
5265	4
5266	1
5267	1
5268	5
5269	1
5271	1
5272	1
5273	2
5274	3
5275	1
5276	3
5278	3
5279	1
5280	5
5281	4
5282	4
5283	2
5284	3
5285	1
5287	4
5288	3
5289	1
5290	3
5291	2
5292	3
5293	2
5294	3
5295	3
5297	1
5298	4
5299	2
5300	3
5301	6
5302	2
5303	1
5304	2
5305	4
5306	1
5307	2
5308	5
5309	3
5310	2
5311	2
5312	1
5313	2
5314	3
5315	1
5316	3
5317	1
5318	1
5320	5
21704	1
5321	1
5322	1
5325	2
5326	2
5328	2
5329	2
5330	3
5331	2
5332	1
5333	2
5334	1
5335	3
5336	3
5337	1
5338	2
5339	2
5340	1
5341	5
5342	4
5343	5
5344	2
5345	2
5347	1
5348	1
5349	2
5350	2
5351	5
5352	2
5353	1
5354	3
5355	1
5356	2
5357	2
5358	2
5359	2
5360	2
5362	3
5363	2
5364	3
5365	3
5368	3
5369	1
5370	2
5371	7
5372	2
5373	1
21757	1
5374	2
5375	4
5376	1
5377	1
5378	6
5379	2
5380	3
5381	1
5382	4
5383	5
5384	5
5386	2
5387	3
5388	5
5389	3
5390	4
5391	3
5392	3
5393	1
5394	3
5395	2
5396	3
5397	1
5398	1
5399	3
5400	4
5401	2
5402	2
5403	1
5404	3
5405	1
5406	1
5407	3
5408	2
5409	4
5410	5
5411	2
5412	2
5413	2
5414	3
5415	3
5416	4
5417	2
5418	3
5419	3
5420	2
5421	3
5422	3
5423	4
21807	1
5424	2
5425	5
5427	3
5428	1
5430	5
5431	1
5432	4
5434	3
5435	1
5436	3
5437	1
5438	2
5441	4
5443	2
5444	1
5445	3
5446	2
5447	4
5448	4
5449	3
5450	1
5451	3
5452	4
5453	1
5454	1
5455	2
5456	6
5457	2
5458	3
5459	1
5461	4
5462	5
5463	1
5464	2
5465	4
5466	2
5467	3
5468	4
5470	2
5471	4
5472	2
5473	2
5474	2
5475	1
5476	1
5477	3
5478	2
5479	3
5480	6
5481	2
5482	2
5483	4
5484	3
5485	1
5486	3
5487	2
5488	3
5489	3
5490	2
5491	5
5492	4
5493	1
5495	2
5496	1
5497	3
21881	1
5498	3
21882	1
5500	3
5501	1
5502	2
5503	4
5504	1
5505	3
5506	4
5507	3
5508	1
5509	2
5510	2
5511	3
5512	4
5513	1
5515	4
5516	1
5517	4
5519	4
5520	2
5521	4
5522	1
5523	2
5524	1
5526	2
5527	3
5528	1
5529	3
5530	4
5531	4
5532	2
5534	2
5535	2
5537	2
5538	3
5539	1
5541	3
5542	2
5543	4
5544	4
5545	2
5546	2
5547	2
5548	2
5550	1
5551	2
5552	2
21937	1
5554	1
5555	2
5556	3
5557	1
5558	2
5559	2
5560	2
5561	2
5562	1
5563	2
5564	3
5565	2
5566	6
5567	3
5569	3
5570	3
5571	1
5572	1
5573	2
5576	4
5577	5
5578	3
5579	2
5580	6
5581	2
5582	4
5583	1
5584	3
5586	3
5587	2
5588	2
5589	4
5590	3
5591	1
5592	3
5593	1
5594	1
5595	2
5596	3
5597	1
5599	3
5600	3
5601	5
5602	2
5603	2
5606	3
5607	2
5608	1
5609	2
5610	2
5611	2
5612	2
5613	2
5614	1
5615	1
5616	4
5617	3
5618	4
5619	2
5620	3
5621	1
5622	3
5624	3
5625	2
5626	5
5627	4
5628	1
5629	5
5630	1
5631	1
5632	1
5633	2
5634	3
5635	2
5636	3
5637	3
5638	2
5639	3
5640	2
5641	4
5642	2
5643	2
5644	4
5645	4
5646	1
5647	3
5648	2
5650	3
5651	2
5652	3
5653	4
5655	2
5656	3
5657	2
5658	1
5659	3
5660	5
5661	2
5662	2
22046	1
5663	5
5664	3
5665	1
5666	3
5667	2
5668	1
5669	5
5670	4
5671	1
5672	5
5673	2
5674	1
5675	3
5676	3
5677	4
5678	3
5679	1
5680	2
5681	1
5682	1
5683	2
5684	1
5685	2
5686	1
5687	6
5688	4
5689	6
5690	4
5691	1
5693	1
5694	3
5695	1
5696	1
5697	1
5698	3
5699	4
5700	1
5701	5
5702	1
5703	3
5704	3
5705	1
5706	2
5707	2
5708	1
5709	4
5710	1
5711	1
5712	4
5713	2
5715	1
5716	1
5717	1
5718	2
5719	4
5720	2
5721	2
5722	1
5723	2
5724	3
5725	2
5726	2
5727	2
5728	2
5730	1
5731	1
5732	1
5734	4
5735	3
5736	2
5737	1
5738	2
5740	2
5741	1
5742	3
5743	3
5744	1
5745	3
5747	2
5748	4
5749	3
5750	3
5751	3
5752	2
5753	2
5754	2
5757	2
5759	2
5760	2
5761	1
5762	4
5763	2
5764	1
5765	3
5766	1
5767	3
5768	2
5769	4
5770	1
5771	3
5772	3
5773	1
5774	1
5775	1
22159	1
5776	1
5777	3
5779	1
5781	3
5782	2
5783	5
5785	4
5786	2
5787	5
5788	2
5789	4
5790	1
5793	2
5794	2
5795	1
5796	4
5799	3
5800	1
5801	5
5802	1
5803	1
5804	2
5805	2
5806	4
5807	3
5808	1
5809	3
5810	4
5811	2
5812	1
5814	2
5815	4
5817	1
5818	3
5819	3
5820	1
5821	3
5822	3
5823	2
5824	1
5825	2
22209	1
5826	1
5827	3
5828	6
5829	2
5830	5
5831	2
5832	3
5833	1
5834	4
5835	4
5836	2
5837	2
5838	1
5839	2
5840	1
5841	2
5842	2
5843	1
5844	2
5845	2
5846	3
5847	1
5848	1
5849	4
5850	5
5851	1
5852	2
5853	1
5854	2
5855	2
5856	1
5857	5
5858	3
5859	1
5860	1
5861	1
5862	3
5863	1
5864	3
5865	4
5866	5
5867	4
5868	3
5869	5
5870	5
5871	1
5872	2
5873	4
5874	1
5875	2
5876	3
5877	4
5878	2
5879	2
5880	4
5881	3
5884	1
5885	2
5886	2
5887	6
5888	2
5889	5
5891	2
5892	3
5893	3
5894	3
5895	1
5896	7
5897	2
5898	2
5899	3
5901	1
5902	4
5903	3
5904	4
5905	1
5907	4
5909	1
5911	2
5912	1
5913	3
5914	1
5915	2
5916	3
5917	2
5918	2
22302	1
5921	3
5922	3
5923	1
5924	3
5925	1
5926	3
5928	4
5930	1
5931	2
5932	1
5933	2
5934	3
5937	1
5938	2
5940	1
5941	4
5943	3
5944	5
5945	2
5946	2
5947	1
5948	3
5949	5
5951	1
5952	7
5953	2
5954	4
5956	2
5957	1
5958	2
5959	1
5960	2
5961	2
5962	1
5963	3
5964	4
5965	5
5966	4
5967	2
5968	1
5969	1
5970	3
5971	2
5972	3
5973	2
5976	2
5978	4
5979	3
5980	2
5981	2
5982	2
5983	1
22367	1
5984	3
5986	2
5987	1
5988	3
5989	2
5990	1
5991	3
5992	2
5994	2
5995	4
5996	2
5997	3
22381	1
5998	1
5999	2
6000	2
6001	2
6002	1
6003	3
6004	3
6005	3
6006	1
6007	1
6008	1
6009	1
6010	2
6011	2
6013	1
6014	2
6015	2
6017	1
6018	2
6019	3
6020	4
6021	1
6022	4
6023	3
6024	2
6025	1
6026	7
6028	3
6029	3
6030	3
6031	1
6032	6
6033	1
6034	2
6035	4
6036	5
6037	3
6038	2
6039	4
6040	1
6041	1
6042	3
6043	1
6044	1
6045	1
6046	2
6047	3
6048	1
6049	3
6050	3
6051	1
6052	2
6053	1
6054	2
6055	4
6056	3
6057	3
6058	2
6059	2
6061	2
6062	1
6063	2
6064	1
6065	3
6066	2
6067	4
6068	3
6069	4
6070	1
6071	2
6072	5
6073	3
6074	2
6075	1
6077	3
6078	1
6079	2
6080	5
6082	3
6083	5
6084	2
6085	3
22470	1
6086	1
6087	2
6088	1
6089	4
6090	3
6091	2
6092	3
6094	4
6095	1
6096	5
22481	1
6097	1
6098	2
6099	2
6100	2
6101	1
6103	3
6104	2
6105	1
6106	3
6107	3
6108	3
6109	1
6110	3
6111	2
6112	2
6113	1
6114	2
6115	3
6116	2
6117	2
6118	1
6119	1
6120	4
6122	2
6123	4
6124	1
6125	2
6126	4
6127	1
6128	1
6129	3
6130	7
22514	1
6131	2
6132	4
6133	1
6134	2
6135	2
6136	3
6137	2
6138	2
6139	1
6140	2
6141	1
6142	4
6143	2
6144	2
6145	3
6146	4
6147	2
6148	1
6150	2
6152	2
6153	1
6155	4
6156	1
6157	2
6158	1
6159	1
6160	2
6161	4
6162	2
6163	2
6164	6
6165	1
6166	1
6167	2
6169	2
6170	2
6172	4
6173	1
6174	3
6176	2
6177	1
6178	3
6179	2
6180	4
6181	3
6182	3
6184	2
6185	2
6186	4
6187	4
6188	2
6190	2
6192	2
6193	1
6194	1
6195	2
6196	2
6201	1
6203	2
6204	2
6205	4
6206	1
6207	1
6208	1
6209	2
6210	2
6211	3
6212	3
6214	2
6215	1
6216	4
6217	3
6218	1
6219	3
6220	3
6221	1
6222	4
6223	2
6224	2
6225	2
6226	2
6228	1
6229	2
6230	2
6231	2
6232	1
6233	1
6234	3
6235	3
6236	4
6237	4
6238	1
6239	1
6240	8
6241	3
6242	1
6244	2
6245	2
6246	2
6247	1
6248	5
6250	1
6251	3
6252	2
6253	3
6255	2
6256	1
6257	2
6259	1
6260	4
6261	2
6262	5
6263	1
6264	2
6266	5
6268	4
6269	4
6270	1
6271	5
6272	1
6273	3
6274	3
6275	4
6276	1
6277	2
6279	1
22663	1
6281	4
6282	3
6283	3
6284	4
6285	1
6287	2
6288	2
6289	7
6290	4
6291	1
6292	1
6293	2
6294	2
6295	2
6296	2
6297	2
6298	2
6299	1
6300	1
6301	3
6302	1
6303	1
6304	1
22689	1
6305	5
6306	3
6307	6
6308	2
6309	3
6311	4
6312	4
6314	1
6316	1
6318	3
22702	1
6319	3
6320	5
6321	3
6322	2
22706	1
6323	2
6324	4
6325	2
6327	2
6328	5
6329	1
6331	2
6332	1
6334	3
6335	1
6336	1
6337	1
6338	4
6339	2
6340	3
6341	3
6343	2
6344	2
6345	4
6346	1
6347	1
6348	3
6349	3
6350	1
6351	1
6353	1
6354	2
6355	2
6356	4
6357	3
6358	1
6359	1
6361	1
6363	1
6364	1
6365	1
6366	2
6367	1
6369	1
6371	1
6372	2
6373	4
6374	1
6375	4
6376	3
6377	1
6378	2
6379	2
6380	2
6382	1
6383	1
6384	1
6385	3
6386	1
6387	2
6388	3
6389	1
6390	2
6391	2
6392	3
6393	2
6394	1
6395	2
6397	2
6399	3
6403	2
6404	1
6405	1
6408	5
6409	1
6411	3
6413	2
6414	2
6415	2
6416	2
6417	3
6419	2
6420	2
6421	1
6422	2
6423	1
6424	1
6425	1
6426	4
6428	3
6429	2
6430	1
6431	3
6432	3
6433	2
6434	3
6435	2
6436	2
6438	2
6439	2
6440	3
6441	3
6443	2
6444	2
6445	1
6446	1
6447	1
22831	1
6448	2
6450	1
6452	2
6453	3
6454	1
6455	2
6457	2
6458	3
6459	1
6460	1
6462	2
6463	3
6464	1
6465	4
6467	1
6468	2
6469	2
6470	1
6471	1
6472	1
6473	3
6474	4
6475	2
6476	1
6477	1
6478	2
6479	4
6480	2
6481	2
6483	4
6484	3
6485	1
6486	4
6487	2
6488	1
6489	2
6490	2
6491	1
6492	3
6493	2
6494	5
6495	3
6496	1
6497	2
6499	4
6500	2
6503	1
6504	3
6505	3
6507	7
6508	3
6509	1
6510	1
6512	1
6513	1
6514	1
6515	3
6516	3
6517	2
6519	2
6520	2
6521	2
6523	1
6524	2
6525	2
6527	1
6528	4
6529	1
6530	5
6531	4
6532	3
6533	4
6534	5
6536	2
6537	1
6538	2
6539	1
6540	1
6541	4
6542	2
6543	5
6544	2
6545	3
6546	2
22930	1
6547	4
22931	1
6548	2
6549	2
6551	3
6552	1
6553	2
6554	1
6555	4
6557	5
6558	1
6559	2
6560	2
6561	3
6562	3
6563	4
6564	4
22948	1
6565	5
6567	1
6568	2
6569	2
6570	3
6571	3
6572	3
6573	4
6574	1
6575	3
6576	1
6577	1
6578	1
6579	4
6581	1
6583	1
6585	3
6586	2
6587	3
6589	4
6590	5
6591	1
6592	2
6593	2
6594	3
6595	4
6596	1
6597	2
6598	1
6599	3
6600	4
6601	1
6603	3
6604	1
6605	2
6607	3
6608	4
6609	2
6610	1
6611	2
6612	2
6613	2
6614	2
6616	1
6617	4
6618	2
6620	3
6621	3
6622	1
6623	2
6625	6
6626	1
6627	1
6628	1
6629	2
6630	1
6631	2
6632	2
6633	3
6634	2
6636	4
6637	1
6638	1
6639	2
6640	4
6641	1
6642	3
6643	2
6644	2
6645	4
6646	1
23030	1
6647	1
6648	2
6650	2
6651	2
6652	5
6653	2
6654	2
6655	6
6656	1
6657	2
6658	1
6659	1
6660	2
6661	1
6662	1
6663	1
6664	1
6665	1
6666	1
6667	1
6668	1
6671	1
6672	1
6673	2
6674	2
6675	1
6676	5
6677	1
6678	4
6680	1
6681	1
6682	1
6684	1
6685	1
6686	5
6687	6
6688	2
6689	1
6690	3
6691	1
6692	1
6693	4
6694	2
6695	2
23080	1
6697	3
6698	2
6699	2
6701	1
6702	2
6703	3
6704	3
6705	2
6706	1
6707	3
6709	6
6710	3
6711	3
6712	5
6713	3
6714	1
6716	3
6717	3
6719	4
6720	1
6721	4
6722	2
6724	1
6725	2
6726	5
6727	3
6728	2
6729	1
6730	1
6731	2
6732	3
6734	1
6735	2
6737	2
6738	3
6740	5
6741	4
6742	2
6743	5
6744	1
6745	3
6746	1
6747	3
6748	2
6749	3
6750	2
6751	4
6752	2
6754	1
6755	2
6756	3
6757	1
6758	2
6759	3
6760	1
6761	1
6763	2
6764	1
6765	2
6766	1
6767	2
6768	3
6769	2
6770	1
6772	3
6773	4
6774	3
6775	3
6776	2
6777	1
6778	1
6779	5
6781	3
6782	1
6783	4
6785	1
6787	3
6788	1
6789	2
6790	4
6791	1
6792	1
6793	2
6794	3
6795	3
6797	5
6798	3
6799	1
6800	1
6801	1
6802	2
6805	2
6806	1
6807	2
6808	2
6809	1
6810	4
6811	3
6813	3
6815	1
6816	2
6817	3
6818	2
6820	2
6821	4
6822	3
6823	1
6824	1
6825	1
6828	2
6829	2
6830	1
6832	1
6834	3
6835	4
6836	1
6837	2
6838	4
6839	7
6840	1
6841	3
6842	3
6843	4
6844	2
6845	1
6849	1
6851	2
6852	7
6853	1
6854	1
6855	2
6856	4
6857	2
6858	1
6859	4
23243	1
6861	3
6862	2
6863	1
6864	1
6865	3
6866	1
6868	1
6871	1
6872	2
6873	2
6874	2
6875	3
6876	2
6877	2
6878	3
6879	1
6880	1
6881	1
6882	2
6883	2
6885	1
6886	1
6888	4
6890	2
6892	2
6893	3
6894	1
6895	3
23279	1
6896	1
6898	3
6899	1
6901	2
6902	2
6903	1
6904	1
6905	1
6906	1
6907	3
6908	2
6910	1
6911	4
6912	3
6913	1
6915	2
6916	4
6918	3
6919	1
6920	1
6922	2
6923	1
6924	1
6925	1
6926	3
6928	4
6930	4
6932	1
6934	1
6935	1
6936	3
6937	3
6938	2
6939	1
6941	4
6942	4
6944	2
6945	2
6946	2
6947	2
6948	1
6949	1
6950	1
6951	1
6952	5
6953	3
6955	1
6956	1
6957	2
6958	2
23342	1
6959	2
6960	4
6961	3
6962	2
6963	4
6964	1
6965	4
6968	4
6969	1
6970	3
6971	3
6972	1
6974	5
6975	4
6976	2
6977	1
6980	2
6982	2
6985	1
6986	2
6987	1
6988	1
6989	1
6990	4
6991	2
6993	4
6994	2
6995	2
6996	3
6997	1
6998	1
6999	1
7001	2
7002	3
7003	4
7004	1
7005	1
7006	4
23391	1
7008	7
7009	1
7010	2
7011	1
7012	2
7013	2
7015	1
7016	3
7017	2
7020	4
7022	3
7023	3
7024	2
7025	2
7026	7
7029	1
7030	2
7031	1
7032	2
7033	1
7034	2
7035	2
7036	2
7037	2
7038	3
7039	3
7040	2
7041	2
7042	3
7043	1
7044	1
7045	3
7046	1
7047	3
7049	1
7050	3
7051	1
7052	4
7053	3
7054	2
7055	1
7056	1
7058	2
7059	3
7060	4
7061	2
7062	4
7063	2
7065	3
7066	1
7067	2
7068	1
7069	4
7070	2
7071	3
7072	1
7073	2
7074	1
7075	3
7076	1
7077	4
7079	3
7080	1
7081	3
7082	3
23467	1
7083	1
7084	1
7085	1
7086	3
7087	3
7088	1
7089	1
7092	2
7093	3
7094	2
7095	4
7096	2
7097	1
7098	4
7099	1
7100	2
7103	1
7104	2
7106	3
7107	1
7108	1
7109	3
7110	4
23494	1
7111	2
7112	4
7113	2
7114	1
7115	3
7116	2
7120	2
7122	1
7123	2
7124	2
23509	1
7126	1
7127	3
7129	3
7130	1
7131	4
7132	2
7133	4
7134	5
7135	1
7136	1
7137	2
7138	1
7139	1
7140	1
7142	2
7144	2
7146	4
23530	1
7148	3
7149	2
7150	1
7151	2
7152	4
7154	6
7155	2
7156	3
7158	2
7159	1
7161	2
7162	3
7163	1
7164	1
7165	1
7168	4
7169	4
7170	3
7171	1
7172	1
7173	3
7174	2
7175	2
7176	1
7177	1
7178	1
7179	1
7180	4
7181	1
7182	2
7183	2
7184	1
7185	1
7186	1
7187	5
7188	3
7189	3
7190	4
7191	2
7192	2
7193	2
7195	1
7196	3
7197	2
7198	2
7199	3
7200	4
7202	1
7203	2
7204	1
7205	3
7206	2
7207	3
7208	3
7209	2
7211	1
7212	1
7213	2
7214	1
7215	2
7216	1
7217	2
7218	1
7219	1
7220	1
7221	4
7222	1
7223	1
7224	2
7225	1
7226	1
7227	1
7228	1
7229	1
7231	1
7232	1
7233	1
7235	1
7236	1
7237	1
7239	1
7240	2
7241	2
7242	1
7243	1
7244	2
7246	3
7247	2
7248	2
7249	2
7250	3
7254	2
7255	4
7258	3
7259	1
7260	1
7262	3
7264	1
7265	4
7266	1
7268	1
7269	3
7270	1
7271	1
7272	2
7274	2
7275	3
7276	1
7277	1
7278	1
7279	4
7280	2
7281	3
7282	3
7283	2
7284	2
7285	2
7286	1
7287	2
7288	1
7290	3
7292	5
7294	2
7295	1
7296	2
7297	2
7298	2
7299	2
7300	4
7301	4
7302	1
7304	2
7305	4
23689	1
7306	1
7307	1
7308	1
7309	1
7310	3
7311	1
7314	4
7315	1
7316	1
7317	1
7318	4
7319	3
7320	3
7321	4
7322	2
7323	2
7325	1
7326	2
7327	1
7328	2
7329	1
7330	2
7331	2
7332	3
7333	1
7336	1
23721	1
7337	2
7338	3
7340	2
7342	3
7343	2
7345	2
7346	1
7347	1
7348	3
7349	3
7350	2
7351	2
7355	3
7356	1
7357	2
7358	3
7359	3
7361	4
7362	3
7363	2
7365	1
7370	5
7371	2
7373	2
7374	1
7376	1
7378	1
7379	1
7381	2
7382	4
7384	2
7386	2
7387	1
7388	1
7389	1
7390	2
7392	2
7393	1
7394	1
7395	2
7397	2
7398	1
7399	2
7400	1
7401	1
23787	1
7404	3
7406	4
7408	3
7409	2
7410	2
7411	3
7412	1
7414	4
7415	4
7418	3
7420	1
7421	1
7422	3
7423	1
7425	3
7426	1
7427	1
7428	3
7430	2
7431	1
7432	1
7433	2
7434	5
7435	3
7436	2
7437	2
7440	2
7442	1
7443	1
7445	3
7446	1
7448	1
7449	1
23833	1
7450	1
7451	1
7452	3
7454	3
7455	2
7456	2
7457	2
7459	3
7461	2
7462	2
7463	2
7464	5
7465	2
7466	1
7467	2
7468	2
7469	3
7470	1
7471	1
23856	1
7473	4
23857	1
7474	1
7475	2
7476	3
7477	1
7480	3
7482	3
7484	4
7485	3
7486	1
7488	1
7489	1
7490	2
7491	5
7492	1
7493	4
7494	1
7495	2
7496	1
7497	1
7498	2
7499	1
7500	2
7501	1
7503	1
7504	1
7506	2
7508	1
7509	2
7510	2
7511	3
7512	3
7513	2
7515	1
7516	2
7518	1
7519	1
7520	2
7521	1
7522	1
7523	2
7525	3
7526	3
7527	2
7528	1
7529	3
7530	1
7531	1
7532	5
7533	1
7535	1
7536	1
7537	3
7538	3
7539	2
7540	1
7541	1
7542	2
7543	1
7544	4
7545	3
7546	2
7547	1
7548	4
7549	3
7550	1
7551	3
7552	5
7553	1
7554	1
7555	4
7556	2
7557	2
7559	1
7560	1
7561	2
7563	4
7564	1
7565	3
7566	2
7568	2
7569	1
7570	2
7571	1
7572	1
7573	2
7574	1
7575	1
7576	1
7577	1
7578	1
7579	1
7580	2
7581	7
7583	2
7584	3
7586	1
7587	1
7588	1
7589	1
7590	1
7591	2
7592	2
7593	1
7595	1
7596	2
7597	2
7599	1
7600	1
7601	1
7602	2
7603	1
7604	1
7605	1
7606	1
7607	4
7608	2
7609	3
7610	1
7612	1
7613	1
7614	1
7615	2
7616	1
7617	2
7618	1
7621	3
7622	1
7625	1
7627	3
7628	2
7629	2
7631	3
7632	2
7634	1
7635	2
7637	2
7638	2
7639	1
7640	3
7642	1
7644	1
7645	2
7646	2
7647	2
7649	3
7651	2
7652	4
7654	2
7655	2
7657	1
7658	1
7659	1
7660	2
7661	3
7662	1
7663	1
7664	3
7665	4
7666	2
7667	1
7668	1
7669	2
7670	1
7671	4
7672	1
7673	4
7674	4
7675	2
7676	3
7677	3
7678	2
7679	1
7680	2
7682	1
7684	3
7685	2
7686	3
7688	1
7690	2
7692	1
7693	4
7694	2
7695	1
7697	2
7698	4
7700	1
7701	2
7702	1
7703	4
7704	1
7705	4
7706	2
7707	1
7708	2
7710	1
7712	2
7713	2
7714	1
7715	3
7716	1
7717	1
7718	3
24102	1
7719	3
7720	2
7721	5
7722	2
7723	1
7724	1
7725	2
7726	2
7727	3
7728	2
7729	3
7730	4
7731	2
7733	3
7734	3
7736	2
7738	1
7739	3
7741	2
7742	1
7743	1
7745	2
7746	3
7748	1
7749	2
7750	1
7751	3
7752	1
7753	1
7754	1
7758	1
7760	1
7761	3
7763	1
7765	1
7766	1
7767	1
7769	2
7770	2
7771	1
7773	1
7775	4
7776	1
7777	3
7780	2
7781	1
7782	2
7783	3
7784	4
7785	2
7786	1
7787	1
7788	2
7789	4
7791	1
7794	4
7795	1
7796	1
7798	1
7799	1
7800	2
7801	1
7802	2
7803	1
7804	1
7806	1
7807	1
7808	1
7811	1
7812	1
7813	2
7814	2
7816	3
7818	1
7819	3
7820	3
7822	2
7823	1
7825	1
7826	1
7828	3
7829	2
7832	1
7833	2
7834	1
7836	1
7837	1
7838	3
7840	2
7842	1
7843	3
7844	2
7845	2
7846	2
7847	2
7849	1
7850	2
7851	4
7853	1
7854	2
7855	3
7856	4
24241	1
7857	1
7859	2
7860	3
7861	2
7862	1
7864	2
7865	2
7867	2
7868	1
7869	2
24253	1
7870	1
7873	2
7874	3
7875	2
7877	1
7878	1
7879	1
7881	2
7882	1
7883	2
7884	1
7885	1
7886	1
7887	2
7888	1
7889	3
7890	2
7891	3
7893	2
7894	2
7895	1
7896	1
7897	4
7900	1
7901	3
7902	1
7903	2
7905	1
7906	3
7907	2
7908	1
7909	2
7910	2
7911	2
7912	2
7913	1
7914	1
7915	2
7916	1
7917	2
7919	2
7920	1
7921	2
7922	3
7923	2
7924	3
7925	1
7926	2
7927	2
7928	4
7930	2
7931	5
7932	1
7933	1
7934	2
7937	5
7938	1
7940	3
7943	1
7945	1
7946	2
7947	1
7948	2
7949	1
7950	1
7951	3
7952	1
7953	3
7954	3
7955	2
7956	3
7957	1
7959	1
7960	1
7961	2
7962	2
7964	2
7965	1
7966	1
7967	2
7968	2
7969	1
7970	1
7971	1
7972	1
7974	2
7976	2
7978	2
7979	4
7980	3
7981	2
7982	1
7983	1
7984	3
7985	1
7986	3
7987	2
7988	1
7989	2
7990	2
7992	1
7993	2
7994	2
7995	1
7996	1
7997	1
7998	1
7999	1
8000	1
8002	1
8003	2
8004	2
8005	2
8006	2
8007	2
8008	2
8010	2
8011	2
8013	2
8016	1
8017	1
8018	1
8019	2
8020	1
8021	2
8023	2
8024	1
8025	1
8029	1
8030	1
8031	3
8032	3
8034	1
8035	1
8036	1
8037	1
8038	1
8039	1
8041	2
8044	1
8045	3
8046	2
8047	3
8050	1
8051	1
8052	3
8053	1
8055	2
8056	1
8057	1
8058	1
8061	1
8062	4
8063	1
8064	2
8065	1
8066	2
8067	1
8068	1
8069	3
8070	4
8072	1
8073	2
8075	1
8076	3
8077	2
8078	1
8079	4
8080	1
8081	2
8082	2
8084	2
8087	2
8088	2
8089	2
8090	1
8092	2
8093	1
8094	1
8095	1
8096	1
8097	2
8098	2
8101	3
24487	1
8103	2
8104	2
8108	1
8110	4
8112	1
8113	1
8114	1
8115	1
8117	3
8118	2
8119	1
8120	2
8121	2
8124	3
8125	2
8126	1
8127	1
8129	2
8130	2
8131	1
8132	2
8133	5
8136	3
8137	2
8140	1
8141	1
8142	1
8144	1
8145	1
8146	2
8147	1
8149	2
8151	2
8152	1
8153	1
8154	3
8155	1
8157	2
8158	1
8159	1
8160	1
8162	1
8163	1
8164	1
24549	1
8165	1
8167	2
8168	1
8169	4
8170	4
8172	1
8174	2
8175	1
24561	1
8178	3
8179	3
8180	2
8181	1
8183	3
8184	2
8185	2
8186	2
8189	1
8191	3
8192	2
8193	1
8194	1
8195	1
8197	1
8198	1
8200	3
8201	3
8202	1
8204	1
24589	1
8207	3
8208	4
8209	1
8210	2
8211	2
8212	4
8213	1
8214	2
8215	1
8217	1
8219	1
8220	4
8222	3
8226	4
8227	2
8228	1
8229	2
8230	1
8232	2
8233	3
8235	1
8236	2
8237	3
8238	2
8239	2
8240	2
8242	2
8243	2
8244	1
8246	1
8247	1
8248	3
8249	1
8250	3
8252	1
8253	2
8254	2
8255	3
8257	3
8258	4
8259	3
8260	1
8262	2
8263	1
8266	1
8267	4
8268	2
8269	2
8271	3
8272	3
8273	1
8274	1
8275	1
8276	2
8277	3
8279	2
8280	2
8281	1
8282	1
8283	2
8284	2
8286	1
8287	1
8288	1
8289	2
8290	1
8291	1
8293	1
8294	1
8295	1
8297	1
8299	2
8300	1
8301	2
8302	1
8303	1
8304	1
8308	4
8309	2
8312	1
8313	2
8317	2
8319	2
8320	3
8321	4
8324	2
8327	3
8328	1
8331	1
8332	2
8334	2
8335	3
8336	1
8337	2
8339	3
8340	2
8342	2
8343	1
8345	2
8346	2
8348	2
8349	1
8351	1
8352	1
8355	3
8357	1
8358	3
8359	3
8360	3
8361	2
8362	2
8363	2
8364	1
8365	1
8366	1
8367	1
8368	3
8369	1
8370	1
8371	3
8372	2
8373	2
8375	3
8376	3
8377	1
8378	2
8379	1
8380	1
8381	1
8382	1
8383	2
8384	2
8386	2
8387	4
8391	2
8392	3
8393	4
8396	3
8397	2
8398	1
8400	2
8401	2
8402	2
8403	2
8404	1
8405	1
8406	1
8407	2
8408	1
8409	1
8410	1
8411	1
8412	1
8413	2
8414	2
8416	1
8417	3
8419	1
8420	1
8422	1
8423	1
8424	2
8425	1
8426	4
8428	1
8429	2
8431	1
8432	2
8433	3
8434	3
8435	2
8436	3
8438	2
8440	2
8441	1
8443	1
8444	2
8445	2
8448	2
8451	2
8454	2
8455	2
8456	2
8457	1
8459	1
8460	2
8461	1
8464	2
8467	4
8468	1
8469	1
8470	2
8472	1
8474	3
8475	1
8476	2
8478	1
8479	1
8480	2
8481	1
8482	4
8484	2
8485	2
8487	1
8489	2
8490	2
8492	1
8493	3
8495	2
8496	1
8498	1
8499	1
8501	2
8503	1
8505	1
8506	2
8507	4
8509	1
8512	1
8514	1
8515	3
8516	1
8517	1
8518	1
8521	2
8522	1
8523	1
8526	1
8528	2
8530	2
8532	1
8533	1
8534	1
8535	3
8536	3
8537	2
8538	1
8539	1
8540	2
8541	2
8542	1
8544	1
8545	2
8547	1
8548	3
8549	3
8550	1
8551	3
8552	3
8553	1
8555	3
8556	1
8557	2
8558	1
8559	2
8560	1
8562	2
8563	1
8564	1
8565	1
8566	1
8567	2
8568	2
8569	1
8570	5
8572	1
8573	1
8574	1
8575	1
8577	1
8578	1
8579	1
8581	3
8582	3
8583	2
8584	1
8586	2
8588	1
8589	2
24975	1
8592	2
8594	2
8595	1
8596	1
8597	3
8598	2
24982	1
8599	3
8600	1
8601	3
8602	1
8603	2
8604	1
8605	2
8606	1
8607	1
8608	2
8609	2
8610	2
8611	1
8612	1
8613	2
8614	2
8616	2
8618	3
8620	3
8625	1
8627	1
8628	2
8631	2
8632	1
8633	3
8634	2
8635	2
8636	1
8639	2
8640	1
8641	4
8643	1
8644	6
8645	2
8648	1
8653	2
8654	2
8656	3
8657	1
8660	1
8661	2
8663	1
8664	3
8665	1
8666	2
8667	2
8669	1
8670	2
8672	1
8673	1
8674	1
8675	2
8676	1
8679	1
8680	1
8681	2
8682	2
8683	3
8684	1
8686	1
8688	1
8689	3
8690	3
8691	2
8693	3
8696	1
8697	1
8701	2
8703	3
8704	1
8705	2
8706	1
8707	2
8708	2
8710	1
8711	1
8712	1
8715	1
8717	3
8718	2
8723	2
8724	1
8725	2
8728	5
8729	2
8730	1
8731	4
8732	1
8733	1
8734	4
8735	2
8736	1
8738	1
8740	1
8741	2
8743	1
8744	6
8745	2
8746	2
8747	1
8748	1
8750	3
8751	3
8752	3
8753	1
8754	2
8755	2
8756	2
8757	1
8758	2
8760	1
8761	2
8762	1
8766	1
8767	2
8769	1
8771	1
8772	1
8773	3
8774	2
8775	1
8776	2
8778	2
8779	1
8780	2
8781	3
8782	2
8783	1
8785	1
8787	1
8788	1
8789	1
8790	1
8791	1
8793	1
8794	3
8795	2
8796	1
8797	3
8798	1
8799	1
8801	3
8802	2
8804	1
8805	1
8806	2
8808	1
8810	3
8811	2
8812	5
8814	1
8815	1
8816	2
8817	1
8818	2
8821	1
8822	3
8823	1
8826	4
8827	1
8828	2
8829	1
8830	1
8833	3
8835	1
8836	4
8838	3
8839	1
8840	2
8841	1
8844	1
8845	1
8846	4
8847	1
8848	2
8849	3
8850	2
8851	3
8852	1
8855	1
8857	1
8858	2
8859	3
8860	1
8861	2
8862	2
8863	4
8864	2
8866	1
8867	2
8868	2
8869	1
8871	2
8873	1
8874	2
8875	1
8876	3
8877	2
8878	2
8879	1
8880	3
8882	1
8883	1
8884	1
8885	2
8886	2
8888	1
8891	1
8892	1
8893	1
8894	2
8895	2
8900	1
8902	1
8905	1
8906	3
8908	3
8909	1
8911	1
8912	2
8916	2
8917	1
8918	2
8919	3
8920	2
8925	2
8927	1
8931	2
8932	2
8933	3
8935	3
8937	2
8938	2
8939	1
8942	3
8943	1
8946	1
8947	1
8950	2
8952	3
8954	1
8955	1
8956	2
8957	2
8959	2
8960	1
8961	2
8962	3
8963	1
8970	1
8971	1
8972	1
8975	3
8976	1
8977	2
8980	3
8981	2
8982	1
8983	1
8984	1
8985	1
8988	1
8990	3
8993	2
8994	1
8995	2
8996	1
8997	1
8998	2
8999	3
9000	1
9001	1
9002	6
9003	3
9005	1
9006	2
9008	2
9009	1
9010	2
9011	2
9012	2
9013	1
9014	1
9015	3
9016	1
9017	2
9019	1
9020	1
9021	3
9022	1
9023	5
9025	1
9026	2
9027	2
9028	1
9029	2
9032	2
9033	1
9034	1
9035	2
9036	1
9037	2
9039	2
9040	1
9041	1
9042	1
9043	1
9044	3
9045	1
9046	1
9047	1
9049	1
9051	4
9052	2
9053	1
9056	1
9057	1
9058	1
9060	2
9061	2
9063	1
9064	3
9065	2
9067	1
9068	1
9070	4
9072	2
9074	3
9075	2
9076	2
9077	2
9078	2
9080	2
9082	2
9083	1
9086	2
9089	1
9090	1
9093	1
9095	2
9097	4
9098	1
9100	2
9101	1
9104	2
9105	2
9109	2
9110	2
9111	2
9113	1
9114	2
9115	2
9116	2
9117	1
9119	2
9120	1
9126	1
9127	1
9128	4
9129	2
9132	2
9133	2
9134	2
9137	2
9138	1
9139	2
9140	1
9141	1
9142	2
9143	1
9144	4
9145	1
9146	3
9147	2
9148	1
9149	2
9151	2
9155	1
9156	2
9160	1
9162	1
9165	1
9168	1
9172	1
9173	2
9175	1
9178	2
9179	1
9180	1
9183	4
9185	1
9186	1
9188	1
9189	1
9191	2
9192	2
9193	2
9194	1
9197	1
9198	2
9201	1
9203	2
9204	1
9206	1
9208	1
9210	1
9212	1
9214	2
9215	2
9219	1
9221	2
9222	1
9224	2
9229	1
9230	1
9232	1
9233	5
9234	3
9235	1
9237	1
9239	2
9241	1
9244	1
9247	1
9250	1
9255	3
9257	3
9258	2
9259	1
9261	2
9262	1
9264	1
9265	1
9268	2
9269	1
9270	1
9272	2
9274	1
9275	2
9278	2
9281	1
9282	1
9284	2
9285	1
9286	1
9287	3
9288	1
9289	1
9292	1
9296	1
9298	2
9301	3
9303	2
9304	3
9305	1
9306	2
9307	2
9311	1
9313	1
9314	3
9315	1
9318	1
9319	2
9321	2
9322	3
9324	4
9326	1
9327	1
9328	1
9329	1
9330	2
9331	1
25717	1
9333	1
9334	2
9335	2
9336	1
9337	4
9338	1
9339	3
9340	2
9342	3
9343	2
9344	1
9347	1
9348	1
9350	2
9353	2
9354	1
9355	1
9356	1
9357	1
9359	1
9360	2
9362	1
9363	2
9364	2
9365	2
9368	2
9369	1
9370	1
9371	3
9372	2
9373	1
9374	2
9379	1
9380	2
9381	3
9385	1
9387	1
9389	2
9391	2
9394	2
9395	2
9397	1
9398	3
9401	2
9402	2
9403	1
9404	1
9405	3
9407	1
9408	1
9409	1
9411	1
9412	3
9413	2
9414	2
9416	1
9418	1
9420	2
9421	1
9422	3
9423	1
9424	1
9425	1
9428	1
9430	2
9431	1
9432	1
9435	1
9436	1
9437	2
9439	2
9445	1
9446	1
9451	1
9453	2
9454	1
9455	3
9456	1
9457	2
9458	1
9459	1
9460	1
9462	2
9463	2
9464	1
9465	1
9467	2
9468	1
9469	4
9470	2
9471	2
9472	2
9474	1
9475	3
9476	2
9477	1
9478	1
9479	1
9482	1
9483	2
9484	1
9485	2
9486	1
9488	1
9489	2
9490	2
9493	1
9495	3
9496	1
9501	2
9502	1
9503	3
9504	2
9505	1
9506	2
9508	1
9509	1
9510	1
9511	3
9512	2
9513	2
9517	1
9518	1
9520	1
9522	2
9523	1
9524	1
9525	2
9526	1
9527	2
9529	2
9530	2
9536	1
9537	1
9538	1
9540	1
9543	2
9545	1
9546	1
9547	1
9548	1
9549	1
9551	1
9552	1
9554	2
9555	2
9556	1
9560	1
9561	1
9562	1
9564	3
9565	3
9566	2
9567	2
9569	1
9571	1
9573	5
9574	1
9575	1
9576	1
9577	2
9578	1
9579	1
9580	2
9581	2
9584	1
9587	2
9588	2
9592	3
9593	1
9594	3
9596	1
9597	1
9598	1
9601	1
9603	3
9604	1
9605	3
9607	1
9608	2
9609	1
9610	2
9611	1
9613	2
9614	1
9616	1
9617	2
9619	1
9621	1
9622	1
9625	3
9626	2
9632	1
9635	2
9636	1
9637	1
9638	2
9642	2
9643	1
9644	1
9646	4
9647	1
9648	1
9650	1
9651	2
9654	1
9656	1
9658	2
9659	1
9660	2
9661	1
9662	1
9663	2
9667	1
9670	1
9673	2
9674	1
9675	3
9676	2
9677	2
9678	3
9679	1
9680	2
9682	2
9683	1
9684	2
9689	2
9691	1
9692	2
9693	1
9694	1
9696	1
9698	2
9699	1
9700	2
9701	2
9702	1
9704	1
9705	1
9706	2
9707	1
9708	3
9711	2
9713	2
9714	1
9715	1
9716	2
9718	1
9720	1
9721	2
9722	2
9725	1
9726	3
9727	1
9730	1
9731	1
9732	1
9733	1
9734	3
9735	2
9738	1
9741	1
9742	1
9743	1
9745	1
9746	2
9748	3
9750	2
9751	2
9753	1
9756	2
9760	1
9761	2
9762	2
9765	1
9770	1
9771	1
9772	1
9774	1
9775	1
9776	1
9778	1
9779	1
9781	1
9782	1
9784	2
9785	2
9786	2
9787	2
9789	1
9790	2
9791	1
9792	2
9797	2
9799	1
9800	2
9802	1
9805	1
9806	2
9807	3
9808	2
9809	1
9811	1
9812	2
9813	1
9815	1
9817	1
9821	1
9822	2
9823	1
9825	1
9828	1
9832	2
9835	1
9837	1
9840	2
9843	1
9844	2
9846	1
9847	1
9848	1
9851	1
9856	1
9857	1
9858	1
9860	1
9861	2
9862	2
9865	2
9870	1
9871	1
9873	1
9874	2
9875	1
9876	3
9877	2
9878	5
9880	1
9881	2
9882	1
9884	1
9886	1
9887	1
9888	1
9891	1
9894	2
9895	1
9899	1
9900	1
9901	1
9903	1
9904	1
9905	1
9910	2
9911	1
9912	2
9913	2
9914	2
9918	1
9919	1
9920	1
9924	1
9925	2
9926	1
9927	1
9928	1
9930	1
9933	3
9934	2
9935	1
9938	1
9939	1
9940	1
9942	2
9943	1
9948	1
9949	1
9952	1
9953	1
9954	2
9956	1
9958	1
9960	1
9961	3
9962	1
9963	2
9968	1
9973	1
9975	1
9976	2
9978	1
9979	1
9980	2
9983	1
9984	1
9985	3
9986	1
9988	3
9989	1
9990	1
9991	1
9992	1
9994	1
9999	2
10000	2
10001	2
10002	1
10003	1
10004	3
10005	1
10006	1
10007	1
10009	6
10010	2
10011	1
10013	2
10014	2
10015	2
10016	1
10017	1
10020	1
10023	1
10024	1
10026	3
10029	1
10031	1
10032	1
10033	2
10034	2
10035	2
10036	1
10037	2
10039	2
10040	2
10041	2
10042	2
10044	1
10047	2
10049	1
10050	3
10052	2
10053	2
10057	1
10059	1
10063	1
10064	1
10066	1
10071	1
10072	3
10074	1
10076	1
10079	2
10081	2
10082	2
10085	2
10087	1
10088	1
10091	1
10093	2
10097	2
10099	1
10102	2
10103	1
10104	1
10105	2
10109	1
10110	1
10112	1
10113	1
10114	2
10118	2
10121	1
10122	2
10125	1
10126	1
10127	1
10130	1
10131	1
10133	2
10136	2
10138	1
10139	1
10140	1
10141	1
10144	1
10145	1
10146	1
10148	1
10150	2
10151	3
10152	1
10154	1
10155	3
10159	1
10161	1
10163	1
10166	1
10167	1
10169	3
10170	2
10171	1
10172	2
10173	1
10177	2
10179	3
10184	1
10186	1
10188	2
10191	1
10192	1
10193	1
10194	2
10196	1
10199	1
10204	1
10206	3
10208	2
10209	1
10210	1
10211	1
10212	1
10214	1
10219	1
10220	1
10221	1
10222	2
10223	3
10227	2
10228	2
10232	1
10233	1
10237	1
10238	1
10239	1
10245	2
10251	1
10252	1
10253	2
10255	2
10256	4
10257	2
10258	2
10259	1
10262	1
10265	1
10266	1
10267	1
10269	1
10271	1
10273	1
10276	2
10278	3
10279	1
10280	1
10281	3
10282	1
10285	1
10287	1
10289	1
10290	3
10291	1
10293	1
10294	1
10295	1
10296	2
10298	1
10299	2
10300	1
10301	1
10303	3
10307	1
10308	1
10309	1
10312	1
10315	2
10316	1
10321	2
10326	1
10327	1
10328	2
10329	1
10330	2
10331	2
10334	1
10335	2
10336	1
10337	1
10339	2
10340	4
10341	1
10343	2
10345	1
10349	2
10352	1
10353	1
10355	1
10357	2
10359	1
10363	2
10368	2
10369	1
10370	1
10372	1
10373	2
10375	1
10376	2
10377	2
10378	1
10379	1
10381	1
10385	1
10387	1
10394	1
10396	3
10397	2
10398	2
10399	2
10402	1
10404	1
10405	1
10407	3
10409	2
10414	1
10415	3
10416	2
10417	1
10418	2
10420	1
10421	2
10423	2
10424	1
10425	1
10426	1
10428	1
10431	1
10436	2
10437	1
10438	1
10440	1
10441	2
10442	4
10443	1
10444	1
10445	2
10446	1
10447	1
10451	1
10452	1
10453	1
10455	1
10459	1
10460	2
10461	1
10464	2
10465	1
10469	1
10470	1
10471	1
10473	1
10475	1
10476	1
10477	1
10478	3
10481	1
10482	1
10483	1
10488	1
10489	2
10495	1
10497	2
10498	1
10499	3
10500	1
10501	1
10502	1
10503	1
10504	1
10505	2
10506	1
10508	1
10509	2
10511	1
10513	2
10514	1
10517	1
10521	2
10522	1
10524	1
10526	1
10528	1
10530	2
10531	2
10532	2
10537	1
10538	1
10542	2
10551	2
10552	1
10554	1
10557	1
10560	1
10561	1
10565	1
10567	1
10568	1
10570	2
10571	1
10572	2
10573	2
10575	2
10576	1
10577	1
10579	1
10580	1
10584	1
10589	1
10591	2
10593	1
10595	1
10596	1
10597	1
10599	2
10605	1
10606	2
10607	1
10609	1
10611	3
10612	2
10613	1
10614	1
10615	1
10616	1
10618	3
10621	1
10623	1
10626	2
10627	1
10628	1
10629	1
10630	1
10632	1
10633	1
10636	1
10640	1
10641	3
10642	3
10643	1
10644	1
10645	3
10646	2
10648	1
10649	2
10651	1
10653	1
10655	1
10656	3
10657	1
10658	1
10662	1
10670	1
10672	1
10674	1
10675	2
10678	2
10679	1
10681	1
10682	1
10683	3
10686	1
10688	1
10690	1
10693	1
10697	1
10698	1
10701	1
10702	1
10703	1
10706	1
10715	2
10716	2
10719	1
10722	1
10724	3
10725	1
10726	2
10732	2
10733	1
10736	1
10738	1
10742	1
10746	2
10752	1
10754	1
10755	1
10757	1
10758	2
10761	1
10762	1
10764	2
10765	2
10766	1
10767	1
10771	1
10772	2
10773	1
10777	1
10779	1
10780	1
10785	1
10786	1
10790	1
10791	1
10792	2
10793	1
10795	1
10798	1
10804	1
10809	1
10812	1
10815	2
10819	2
10822	1
10823	1
10826	1
10832	2
10833	1
10834	1
10836	1
10837	2
10839	1
10840	2
10845	1
10847	1
10850	3
10853	1
10854	2
10856	1
10857	1
10858	1
10859	1
10863	3
10869	2
10872	1
10875	1
10877	4
10878	1
10879	4
10880	1
10881	3
10882	1
10883	1
10887	1
10888	1
10889	1
10891	1
10893	2
10894	2
10895	2
10898	1
10899	1
10900	2
10904	1
10905	1
10907	3
10908	3
10910	1
10911	1
10914	1
10920	1
10921	1
10923	2
10929	1
10930	1
10931	3
10932	1
10934	1
10937	1
10939	1
10940	1
10941	1
10942	1
10945	3
10946	1
10951	1
10952	1
10953	1
10957	1
10958	1
10962	2
10964	2
10965	2
10968	2
10973	1
10977	1
10979	2
10981	1
10982	4
10983	1
10985	1
10986	1
10990	1
10994	1
10997	1
11001	1
11003	2
11005	1
11007	1
11009	1
11013	1
11015	2
11017	1
11022	4
11024	1
11026	1
11027	1
11029	1
11030	1
11033	1
11034	3
11038	1
11040	1
11041	1
11042	1
11047	2
11049	1
11050	2
11056	1
11057	1
11059	2
11064	1
11065	1
11069	1
11072	1
11074	1
11075	1
11076	1
11077	1
11081	1
11084	1
11085	1
11089	1
11090	2
11091	2
11094	1
11095	1
11098	1
11100	1
11102	1
11106	1
11109	1
11112	2
11113	1
11115	1
11117	2
11119	1
11120	1
11121	3
11122	1
11123	1
11125	2
11128	1
11130	1
11131	3
11132	1
11133	2
11139	2
11141	1
11145	2
11147	1
11148	1
11154	1
11161	1
11167	3
11168	3
11169	1
11170	1
11174	1
11175	1
11176	1
11177	1
11178	1
11179	3
11181	1
11185	1
11189	1
11190	2
11194	1
11196	1
11197	2
11201	1
11202	1
11203	1
11208	1
11210	1
11212	2
11213	1
11214	1
11219	1
11220	1
11221	1
11222	1
11223	2
11224	1
11225	2
11229	1
11232	1
11237	2
11239	1
11241	1
11242	1
11248	1
11252	1
11253	1
11255	1
11257	1
11260	1
11262	2
11263	1
11266	2
11267	3
11272	2
11273	1
11274	1
11278	1
11281	1
11286	2
11288	1
11289	2
11291	1
11292	2
11298	1
11302	1
11305	1
11306	1
11307	1
11308	2
11314	3
11318	1
11320	1
11325	1
11328	1
11329	2
11331	3
11332	2
11338	1
11344	1
11348	1
11349	1
11351	1
11355	1
11356	1
11357	2
11360	2
11363	1
11365	1
11367	1
11368	1
11369	3
11370	1
11371	1
11372	1
11373	1
11374	1
11379	1
11380	1
11381	1
11384	2
11387	1
11388	2
11389	1
11392	1
11397	1
11400	1
11402	1
11407	1
11410	1
11413	1
11414	1
11417	2
11418	1
11420	1
11421	2
11423	1
11428	1
11429	2
11432	2
11435	2
11436	1
11437	1
11440	1
11441	1
11443	1
11447	2
11448	1
11449	1
11451	1
11452	2
11459	1
11460	1
11467	1
11470	3
11472	1
11473	1
11474	1
11475	1
11481	1
11484	2
11488	1
11489	1
11500	1
11501	1
11504	1
11507	1
11508	1
11510	1
11515	1
11517	1
11522	1
11524	1
11525	1
11526	1
11527	1
11529	1
11533	1
11534	1
11536	1
11537	1
11541	1
11542	1
11545	3
11546	1
11548	2
11551	1
11552	1
11554	1
11559	1
11560	1
11561	2
11562	1
11565	1
11566	1
11567	1
11568	1
11570	1
11572	2
11579	1
11580	1
11588	1
11589	1
11591	1
11592	1
11596	1
11600	1
11602	1
11605	2
11613	2
11615	1
11618	1
11620	2
11621	1
11628	2
11629	1
11631	2
11632	3
11633	1
11634	1
11636	1
11639	1
11641	3
11646	1
11647	1
11650	1
11653	1
11656	2
11658	1
11659	1
11660	1
11661	1
11663	1
11664	1
11669	1
11670	2
11676	1
11678	1
11680	1
11684	1
11686	2
11687	1
11691	1
11694	1
11695	1
11697	1
11698	3
11699	1
11702	1
11706	1
11707	1
11710	1
11722	1
11725	1
11727	2
11728	1
11729	2
11732	1
11734	1
11735	1
11736	2
11741	1
11742	2
11743	3
11745	3
11746	1
11752	1
11753	1
11754	1
11756	1
11757	1
11758	1
11761	1
11762	1
11764	1
11767	1
11769	1
11775	1
11778	1
11781	1
11782	1
11783	1
11789	1
11790	1
11797	1
11801	1
11804	1
11810	2
11811	1
11813	1
11814	1
11816	1
11822	1
11823	1
11826	1
11827	1
11828	1
11830	1
11835	1
11837	1
11843	1
11844	2
11847	1
11853	1
11857	1
11858	1
11864	2
11866	1
11868	2
11869	2
11870	1
11871	1
11872	1
11874	1
11876	2
11877	1
11879	1
11880	1
11882	1
11883	2
11885	1
11887	2
11890	1
11893	1
11894	1
11895	1
11900	1
11902	1
11906	1
11908	1
11910	1
11919	2
11922	1
11923	1
11932	2
11942	1
11943	2
11945	1
11950	1
11951	1
11954	1
11955	1
11956	1
11957	1
11958	2
11959	1
11961	1
11964	1
11967	1
11972	1
11977	1
11981	1
11986	1
11991	1
11995	1
11996	1
11997	1
11998	1
12000	1
12001	4
12002	1
12004	1
12008	1
12009	1
12012	1
12014	1
12018	1
12019	2
12020	1
12023	1
12030	1
12033	1
12034	2
12039	1
12040	1
12041	1
12042	1
12044	1
12046	1
12049	1
12053	1
12055	1
12056	2
12057	1
12060	2
12061	1
12064	1
12069	1
12070	2
12074	2
12077	1
12078	1
12079	1
12082	1
12083	1
12085	1
12088	1
12090	2
12093	1
12094	1
12096	1
12101	1
12102	1
12105	1
12106	1
12109	1
12115	2
12117	1
12120	1
12123	1
12124	1
12125	1
12127	1
12128	1
12134	1
12135	1
12137	1
12138	1
12141	1
12143	1
12144	1
12149	1
12151	1
12153	1
12158	1
12164	1
12168	1
12173	1
12175	1
12176	1
12179	1
12189	1
12190	1
12191	1
12197	1
12200	1
12202	3
12205	1
12206	1
12208	1
12217	1
12220	2
12222	1
12227	1
12229	3
12231	1
12232	1
12233	1
12237	1
12238	3
12240	1
12242	2
12247	1
12248	1
12249	1
12250	1
12253	1
12254	1
12258	1
12260	1
12280	1
12286	2
12288	2
12297	1
12302	1
12303	2
12305	1
12308	1
12311	1
12313	2
12318	1
12321	2
12323	1
12335	1
12339	1
12342	2
12346	1
12349	2
12351	1
12357	1
12364	1
12365	1
12369	2
12371	1
12378	1
12384	1
12387	1
12388	1
12391	1
12394	2
12402	1
12408	1
12409	1
12416	1
12417	2
12421	1
12429	1
12433	1
12440	1
12442	1
12444	1
12445	1
12450	2
12457	1
12459	1
12460	2
12464	1
12465	1
12466	1
12476	1
12483	1
12496	1
12497	2
12511	1
12517	1
12518	2
12520	1
12524	1
12526	1
12527	1
12532	1
12533	1
12536	1
12538	1
12539	1
12540	2
12545	1
12546	1
12547	1
12554	1
12555	1
12557	1
12560	1
12563	1
12570	1
12585	1
12588	1
12592	1
12593	2
12595	2
12597	1
12598	1
12599	1
12600	2
12602	1
12604	1
12609	1
12612	1
12617	2
12618	1
12621	1
12623	1
12624	1
12627	1
12630	1
12632	1
12634	1
12635	1
12637	1
12638	2
12639	1
12641	1
12642	2
12643	1
12645	1
12649	1
12651	1
12660	1
12669	1
12672	1
12673	2
12676	1
12677	1
12679	1
12683	2
12687	1
12690	1
12692	1
12702	1
12706	1
12707	1
12712	1
12713	1
12714	1
12736	1
12737	1
12740	1
12743	1
12750	2
12756	1
12759	2
12761	1
12768	1
12771	2
12775	1
12777	1
12789	1
12794	1
12797	1
12798	1
12814	1
12816	1
12818	1
12822	1
12824	1
12827	1
12828	1
12840	1
12844	1
12845	1
12846	1
12851	2
12854	1
12863	1
12867	1
12869	1
12870	2
12871	1
12884	1
12885	2
12888	1
12890	1
12902	1
12904	2
12905	1
12908	1
12909	1
12915	1
12924	1
12926	1
12934	2
12943	1
12944	1
12945	2
12948	2
12955	1
12959	1
12960	2
12962	1
12963	1
12964	1
12966	1
12971	1
12974	1
12979	1
12988	3
12994	1
12996	1
13001	1
13011	1
13012	2
13016	1
13022	1
13024	1
13026	1
13034	2
13040	2
13048	1
13049	1
13051	1
13052	1
13058	1
13067	1
13072	1
13077	1
13087	1
13091	1
13102	1
13117	1
13122	1
13123	1
13124	1
13125	2
13127	1
13128	2
13130	1
13133	1
13144	2
13145	1
13149	1
13160	1
13166	1
13168	1
13172	2
13186	2
13189	1
13209	2
13211	1
13213	1
13218	1
13226	1
13228	1
13231	1
13237	1
13239	1
13241	1
13249	1
13255	2
13256	1
13262	1
13276	1
13278	1
13285	2
13286	1
13287	1
13293	1
13294	1
13295	2
13302	1
13304	1
13308	1
13310	1
13314	1
13319	1
13327	1
13329	1
13333	1
13336	1
13338	1
13349	1
13354	2
13356	1
13361	1
13362	1
13364	3
13366	2
13367	1
13371	1
13374	1
13381	1
13385	1
13391	1
13399	1
13404	1
13413	1
13414	2
13416	1
13420	1
13421	1
13427	1
13428	1
13430	1
13431	1
13433	1
13434	1
13440	1
13447	1
13450	1
13451	1
13455	2
13457	1
13458	2
13461	1
13462	1
13465	1
13467	1
13468	1
13481	1
13482	1
13484	1
13487	1
13490	1
13495	1
13499	1
13501	1
13504	1
13509	2
13516	1
13518	2
13521	1
13531	2
13533	1
13542	1
13545	1
13555	1
13562	1
13570	2
13574	1
13584	2
13585	1
13587	1
13613	1
13614	1
13624	2
13629	2
13632	2
13633	1
13643	1
13645	1
13658	1
13661	1
13662	1
13664	1
13667	1
13683	1
13685	1
13686	1
13691	1
13696	1
13698	2
13702	1
13704	1
13705	2
13709	1
13721	2
13729	1
13733	1
13734	1
13747	1
13753	1
13761	1
13763	1
13768	1
13771	1
13775	1
13784	1
13793	1
13800	1
13808	1
13812	1
13816	1
13833	1
13834	1
13860	1
13868	1
13869	1
13871	1
13873	1
13876	1
13878	1
13884	1
13890	1
13902	1
13905	1
13909	1
13912	1
13916	1
13919	1
13920	1
13929	2
13930	1
13937	1
13939	1
13940	1
13943	1
13946	1
13951	1
13955	1
13962	1
13966	1
13975	1
13978	2
13991	1
13992	1
13997	2
14010	1
14012	1
14024	1
14027	1
14028	1
14032	1
14034	1
14055	1
14067	1
14069	1
14070	1
14077	1
14092	1
14093	1
14098	1
14111	1
14116	1
14117	1
14118	1
14119	1
14124	1
14125	1
14127	1
14132	1
14139	1
14142	1
14143	1
14152	1
14160	1
14165	1
14166	1
14173	1
14179	1
14180	1
14181	1
14183	1
14184	2
14186	1
14190	1
14199	1
14207	1
14214	1
14231	1
14234	2
14240	1
14243	1
14257	1
14259	1
14262	1
14271	1
14275	1
14283	1
14285	2
14288	1
14293	1
14294	1
14303	1
14306	2
14307	2
14309	2
14313	1
14314	1
14318	1
14319	1
14326	1
14327	1
14331	1
14342	1
14345	1
14349	2
14353	1
14354	1
14368	2
14374	1
14377	1
14379	1
14383	1
14392	1
14395	1
14396	1
14399	1
14405	2
14408	1
14411	2
14423	1
14441	1
14444	1
14454	1
14467	1
14474	1
14476	1
14485	1
14497	1
14504	2
14517	1
14536	1
14538	1
14544	1
14545	1
14546	1
14547	1
14549	1
14551	1
14554	1
14567	1
14572	1
14576	1
14577	1
14586	1
14587	1
14592	1
14597	1
14598	1
14603	1
14607	1
14612	2
14614	1
14620	1
14624	1
14639	1
14641	1
14642	1
14651	1
14654	1
14658	1
14662	1
14663	1
14672	1
14674	1
14675	1
14688	1
14689	1
14690	1
14699	2
14701	1
14710	1
14717	1
14727	1
14734	2
14736	1
14740	1
14761	1
14762	1
14770	1
14772	1
14779	1
14792	1
14808	1
14827	2
14828	1
14838	1
14839	1
14841	1
14847	2
14849	1
14861	1
14866	2
14868	1
14874	1
14877	1
14880	1
14881	1
14888	1
14896	1
14897	1
14907	1
14908	1
14914	1
14922	1
14924	1
14925	1
14949	1
14952	1
14953	1
14954	1
14958	1
14971	1
14983	1
14984	1
14986	1
14989	1
15002	1
15015	2
15016	1
15019	1
15021	2
15024	1
15035	1
15037	2
15056	1
15059	1
15060	1
15069	1
15070	1
15078	1
15079	2
15081	1
15082	1
15086	1
15091	1
15096	1
15100	1
15108	1
15117	1
15119	1
15124	1
15127	1
15131	1
15135	1
15141	1
15143	1
15165	1
15168	2
15171	1
15173	1
15183	1
15187	1
15190	1
15192	1
15199	1
15203	1
15205	1
15208	1
15211	1
15218	3
15220	1
15228	1
15234	1
15238	1
15239	1
15242	1
15256	1
15263	1
15274	1
15282	1
15287	1
15289	1
15297	1
15299	1
15302	1
15306	1
15310	1
15317	1
15326	1
15336	1
15337	1
15340	1
15345	1
15347	1
15357	1
15374	1
15381	1
15387	1
15392	1
15393	1
15394	1
15395	1
15398	1
15405	1
15406	1
15411	1
15430	1
15434	1
15442	1
15446	1
15448	1
15450	1
15453	1
15475	1
15479	1
15481	1
15482	1
15483	1
15488	1
15491	2
15492	1
15496	1
15501	1
15505	1
15506	1
15509	1
15510	1
15517	1
15521	2
15524	1
15537	1
15558	1
15565	1
15569	1
15588	1
15589	1
15594	1
15603	1
15604	1
15606	1
15615	1
15620	1
15627	1
15655	1
15678	1
15680	1
15681	1
15689	1
15710	1
15712	2
15740	1
15742	1
15744	1
15745	2
15746	1
15751	1
15756	1
15757	1
15765	1
15777	1
15778	1
15779	1
15790	1
15803	1
15811	1
15822	2
15823	1
15824	1
15825	1
15828	1
15833	1
15848	1
15851	1
15855	1
15900	1
15903	1
15906	1
15911	1
15915	1
15916	1
15934	1
15936	1
15938	1
15939	1
15940	1
15942	1
15948	1
15961	1
15979	1
15980	2
16003	1
16008	1
16019	1
16026	1
16034	1
16037	1
16040	1
16047	1
16049	1
16053	1
16057	1
16063	1
16067	1
16072	1
16078	1
16079	1
16081	1
16088	1
16089	1
16093	1
16099	1
16106	1
16112	1
16115	1
16118	1
16120	1
16132	1
16149	1
16151	1
16152	1
16160	1
16163	2
16164	3
16165	1
16169	1
16175	1
16183	1
16200	1
16208	1
16213	2
16225	1
16250	1
16252	1
16254	1
16257	2
16263	1
16270	1
16282	1
16285	1
16291	1
16297	1
16301	1
16302	1
16308	1
16309	1
16310	1
16313	1
16322	1
16326	1
16328	1
16330	2
16336	1
16338	1
16342	2
16345	1
16346	1
16349	1
16361	1
16364	2
16365	1
16369	1
16370	2
16373	2
16376	1
