1	5
2	8
3	5
4	3
5	4
6	6
7	1
8	2
16392	1
9	5
10	2
11	1
12	1
13	2
14	4
15	10
16400	1
16	6
17	7
18	3
19	2
20	7
21	6
22	3
23	9
24	8
25	2
26	4
27	5
28	4
29	5
30	6
31	8
32	3
33	8
34	3
16418	1
35	6
37	5
38	4
39	5
16424	1
40	4
41	5
42	3
43	3
44	3
45	4
46	5
47	7
48	1
49	8
50	5
16434	1
51	6
52	4
53	3
54	5
55	7
56	7
57	4
58	2
59	7
60	2
61	7
62	1
63	3
64	8
65	4
66	3
67	3
68	3
69	2
70	1
71	1
16455	1
72	8
73	4
74	6
75	3
76	7
77	2
16461	1
78	7
79	3
80	2
81	3
82	6
83	7
84	1
85	3
86	2
87	5
16471	1
88	6
89	2
16473	1
90	2
91	7
16475	1
92	4
93	2
94	2
95	4
96	5
97	8
98	3
99	6
16483	1
100	3
16484	1
101	4
102	2
103	3
104	1
105	5
106	6
16490	1
107	12
108	6
109	5
110	1
111	3
112	4
113	3
114	4
16499	1
115	5
116	4
117	3
118	2
119	4
120	6
121	2
123	5
124	5
125	5
126	4
16510	1
127	2
128	6
16512	1
129	3
16513	1
130	6
131	3
132	5
16516	1
133	4
134	2
135	2
136	5
137	3
138	4
139	7
140	6
16524	1
141	2
142	4
143	4
144	4
145	5
146	3
16530	1
147	2
148	4
149	7
150	4
151	1
152	7
153	3
154	5
155	5
156	6
157	2
158	8
159	3
160	4
161	9
162	4
163	2
164	1
165	1
166	5
16550	1
167	4
16551	1
168	4
169	7
170	7
171	4
172	7
173	5
174	2
175	2
177	4
178	5
179	2
180	3
181	7
182	2
183	2
184	6
185	3
186	5
187	4
188	5
189	3
190	8
191	2
192	2
193	2
194	4
195	2
196	7
16581	1
197	2
198	5
199	5
201	5
202	5
203	4
204	8
205	8
206	6
207	4
208	4
209	5
210	5
211	4
212	4
213	2
214	4
215	6
216	4
217	5
218	3
220	5
221	2
222	1
223	4
224	5
225	1
226	7
227	3
228	1
229	1
230	7
231	7
232	4
233	2
234	7
235	7
236	6
237	4
238	3
16622	1
239	6
240	4
241	3
242	4
243	5
244	2
245	2
246	4
247	9
16631	1
248	5
249	7
250	5
251	8
252	5
253	6
254	4
255	4
256	5
257	2
258	3
259	5
260	6
261	4
262	5
263	7
264	4
265	2
266	6
267	7
268	2
16652	1
269	10
270	3
271	1
272	5
273	1
274	2
275	2
276	1
277	4
278	6
279	6
280	6
281	4
282	4
283	7
284	3
285	7
286	8
287	5
288	3
289	5
290	5
291	1
292	3
293	3
294	4
295	5
16679	1
296	8
297	5
298	5
299	2
300	7
16684	1
301	5
302	5
303	8
16687	1
304	5
305	5
306	2
307	9
308	2
309	2
310	4
311	5
16695	1
312	2
313	7
314	6
315	5
316	5
317	6
318	4
319	6
320	2
321	1
322	2
323	4
324	4
325	2
326	5
327	5
328	5
329	2
330	4
331	5
332	6
333	1
334	2
335	3
336	6
337	7
338	8
339	7
340	5
341	3
342	7
343	7
344	5
16728	1
345	7
346	4
347	1
348	7
349	7
350	5
351	6
352	3
353	2
354	1
355	2
356	6
357	5
358	5
359	2
360	6
361	3
362	4
363	4
364	5
365	8
366	5
367	3
368	7
369	7
370	5
371	2
372	3
373	4
374	2
375	3
376	6
377	4
378	2
379	3
380	5
381	3
382	2
383	4
384	3
385	2
386	3
387	5
388	3
16772	1
389	2
390	5
391	5
392	4
16776	1
393	6
394	3
395	8
396	4
16780	1
397	4
398	2
399	10
400	4
401	3
402	4
403	10
404	6
405	6
406	6
16790	2
407	3
408	3
409	4
410	5
411	4
412	5
413	4
414	2
415	5
416	5
417	4
418	3
419	6
420	1
421	6
422	5
423	8
424	8
425	6
426	2
427	6
428	6
429	5
430	8
431	10
432	10
433	6
434	4
435	2
436	3
437	3
438	4
439	11
16823	1
440	7
441	5
442	6
443	9
16827	1
444	7
16828	3
445	4
446	5
447	7
448	2
449	4
450	3
451	6
452	6
453	7
454	5
455	5
456	6
457	7
458	7
459	5
460	6
461	7
462	5
16847	2
463	2
464	3
465	2
467	5
468	5
469	2
470	2
471	8
472	4
473	6
474	6
475	3
476	9
477	6
16861	1
478	2
479	5
480	7
481	5
482	8
483	4
16867	1
484	5
485	2
486	3
487	6
488	9
489	5
490	4
491	8
492	4
493	6
494	5
495	5
496	6
497	3
498	2
499	5
500	3
501	6
502	7
503	1
504	3
505	2
506	7
507	9
508	1
509	6
510	5
511	6
512	3
513	2
514	6
515	3
516	6
517	1
16901	1
518	6
519	3
520	9
521	1
522	1
523	1
524	14
525	4
526	4
527	8
528	6
529	2
530	5
531	2
532	7
16916	1
533	3
16917	1
16918	1
534	3
535	6
536	4
537	6
538	8
539	5
540	8
541	2
542	6
543	3
544	5
545	5
546	6
547	4
548	2
549	2
550	2
551	6
552	5
553	2
554	5
555	7
556	3
557	2
558	7
559	9
560	3
561	6
562	2
563	7
564	4
565	4
16949	1
566	9
567	4
568	3
569	2
570	6
571	2
572	3
573	4
574	4
575	2
576	6
577	2
578	8
579	7
580	7
581	6
582	7
583	2
584	5
585	5
586	9
587	7
588	3
589	5
590	2
591	6
592	5
593	8
594	2
595	3
596	5
16980	1
597	5
16981	1
598	4
599	1
600	10
601	4
16986	1
602	2
603	3
16987	1
604	7
16988	1
605	5
606	7
607	4
609	6
610	1
611	7
612	3
613	3
614	4
615	1
16999	1
616	4
17000	1
617	4
618	7
619	2
620	2
17004	1
621	3
622	1
623	5
624	3
625	4
626	7
627	2
628	2
629	5
630	5
631	4
632	1
633	4
634	4
635	4
636	6
637	5
638	6
639	4
640	8
641	4
642	5
643	6
644	4
645	4
646	6
647	7
648	2
649	5
650	6
651	3
652	3
653	3
654	3
655	4
17039	1
656	6
657	4
658	6
659	7
660	2
661	5
662	4
663	2
664	5
665	6
666	4
667	1
668	4
17052	1
669	12
670	2
671	5
672	5
673	6
674	4
675	2
676	5
677	8
678	1
679	2
680	9
681	4
682	5
683	5
684	8
685	5
686	4
687	4
688	9
689	3
690	4
691	2
692	6
693	6
694	3
695	9
696	5
697	1
698	9
699	2
700	3
701	4
17085	1
702	6
703	5
704	5
705	4
17089	1
706	7
707	4
708	2
709	5
710	3
711	5
712	4
713	6
714	5
715	2
716	6
717	8
718	4
719	2
720	5
721	5
722	6
723	8
724	3
725	8
726	4
727	6
728	6
729	4
730	9
17114	1
731	3
732	3
733	2
734	7
735	1
736	4
737	13
738	7
739	5
740	4
741	6
742	4
743	5
744	4
745	5
746	2
747	2
748	3
749	9
750	10
751	4
752	8
753	8
754	4
755	6
756	5
757	1
758	9
759	4
760	4
761	4
762	4
763	6
764	5
765	6
766	4
767	3
768	5
769	4
770	4
771	8
772	4
773	6
774	3
775	1
776	3
17160	1
777	4
17161	1
778	6
779	1
780	5
781	4
782	8
783	3
784	3
785	2
786	4
787	3
17171	1
788	7
789	4
790	4
791	3
792	7
793	1
17177	1
794	2
795	5
796	6
797	3
798	3
799	3
800	4
801	5
802	3
803	6
804	4
805	2
806	6
807	6
808	6
809	4
810	4
17194	1
811	5
812	8
813	4
814	7
815	8
816	7
817	4
818	6
819	3
820	3
821	5
822	7
823	5
824	5
825	11
826	4
827	5
828	6
829	6
830	5
831	2
832	3
833	4
834	9
835	4
836	2
837	5
838	4
839	5
840	6
841	2
17225	1
842	2
843	3
844	4
845	3
846	4
847	5
848	9
849	3
850	8
851	7
852	6
853	7
854	6
855	9
856	2
857	5
858	3
859	4
860	4
861	4
862	5
863	6
864	5
865	6
866	3
867	5
868	5
869	5
870	2
871	6
872	4
873	4
874	2
875	3
876	4
877	4
878	5
17262	1
879	3
880	4
881	4
882	6
883	6
884	3
885	7
886	5
887	7
888	3
889	7
890	5
17274	1
891	2
892	5
893	1
894	6
895	2
896	8
897	1
898	5
899	6
900	2
901	3
902	6
903	2
904	2
905	3
906	3
907	5
908	5
909	3
910	8
911	4
912	4
913	2
914	3
915	3
916	3
917	9
918	9
919	5
920	3
921	1
922	4
923	3
925	4
926	7
927	3
928	5
929	6
930	3
931	2
932	4
933	3
934	3
935	4
936	4
937	4
938	8
939	3
940	7
941	1
942	7
17326	1
943	1
944	3
945	4
946	8
947	4
948	3
949	7
950	6
951	2
17336	1
952	1
953	4
954	3
955	6
956	4
957	4
958	2
959	2
960	1
961	5
962	8
17347	1
963	3
964	5
17348	1
965	2
966	8
967	7
968	9
969	8
17353	1
970	5
971	9
972	3
973	4
974	8
975	11
976	3
977	4
978	6
979	2
980	4
981	5
17365	1
982	7
983	5
984	3
985	8
986	6
987	3
988	4
989	5
990	9
991	2
992	4
17376	2
993	6
994	8
995	2
996	3
997	4
998	4
999	5
1000	4
1001	2
1002	2
17386	1
1003	9
1004	1
1005	5
1006	6
1007	4
1008	6
1009	5
1010	2
1011	2
1012	1
1013	6
1015	4
17399	1
1016	5
1017	4
1018	8
1019	4
17403	1
1020	6
1021	1
1022	6
1023	7
1024	1
1025	9
1026	5
1027	9
1028	7
1029	4
1030	5
1031	2
1032	4
1033	5
1034	5
1035	9
1036	7
1037	8
1038	4
1040	5
1041	5
1042	2
1043	1
1044	4
1045	10
1046	2
1047	6
1048	2
1049	2
1051	6
17435	1
1052	4
1053	1
1055	4
17440	1
1056	4
1057	5
1058	4
1059	6
1060	5
1061	6
1062	3
1063	3
17448	1
1064	4
1065	4
1066	3
1067	5
1068	5
1069	4
1070	5
1071	4
1072	9
17456	1
1073	10
1074	3
1075	6
1076	2
1077	9
1078	4
1079	5
1080	5
1081	6
1082	7
1083	6
1084	1
1085	5
1086	5
1087	5
1088	2
1089	3
1090	9
1091	5
1092	7
1093	2
1094	4
1095	4
1096	2
1097	4
1098	10
1099	5
1100	4
1101	3
1102	6
1103	7
1104	1
1105	7
1106	6
1107	6
1108	2
1109	3
1110	3
1111	6
1112	6
1113	5
1114	8
1115	6
1116	7
1117	7
1118	4
1119	1
1120	4
1121	6
1122	2
1123	3
1124	4
1125	4
1126	2
1127	6
1128	2
17512	1
1129	3
1130	7
1131	4
1132	3
1133	9
1134	5
1135	6
17519	1
1136	2
1137	6
1138	4
1139	4
1140	10
1141	4
1142	3
1143	3
1144	2
1145	5
1146	2
1147	4
17531	1
1148	2
1149	6
1150	3
1151	4
1152	1
1154	7
1155	3
1156	6
1157	6
1158	4
1159	3
1160	5
1161	4
1162	6
1163	4
1164	6
1165	3
1166	3
17550	2
1167	4
1168	7
1169	8
1170	6
1171	5
1172	3
1173	6
1174	4
1175	2
1176	2
1177	2
1178	3
17562	1
1179	4
1180	4
1181	4
1182	6
1183	2
1184	6
1185	5
1186	3
1187	3
1188	4
1189	4
17574	1
1190	4
1191	8
1192	2
17576	1
1193	5
1194	7
1195	6
1196	2
17580	1
1197	2
1198	5
17582	1
1199	4
1200	2
1201	5
1202	1
1203	6
1204	5
1205	3
1206	4
1207	6
1208	3
1209	3
1210	3
1211	4
1212	4
1213	3
1214	2
1215	5
1216	4
1217	2
1218	7
1219	3
1220	7
1221	5
1222	1
1223	5
1224	6
1225	1
1226	6
1227	6
1228	8
1229	5
1230	9
1231	7
17615	1
1232	4
1233	5
1234	6
1235	4
1236	4
1237	3
1238	6
1239	4
1240	1
1241	1
1242	3
1243	4
1244	5
1245	3
1246	1
1247	3
1248	4
1249	3
1250	2
17635	1
1251	4
1252	5
1253	8
1254	4
1255	5
1256	3
1257	8
1258	4
1259	7
1260	9
17644	1
1261	5
1262	2
1264	6
1265	3
1267	6
1268	8
1269	4
1270	5
1271	3
1272	3
1273	2
1274	8
1275	5
1276	5
1277	4
1278	10
1279	7
1280	7
1281	8
1282	5
1283	9
1284	3
1285	3
1286	3
17671	1
1287	5
1288	4
1289	4
1290	4
1292	4
1293	6
1294	3
1295	1
1296	3
1297	6
17681	1
1298	5
1299	2
1300	4
1301	4
1302	4
1303	8
17687	1
1304	4
17689	2
1305	2
1306	10
17690	1
1307	4
1308	3
17692	1
1309	5
17693	1
1310	8
17694	1
1311	5
17696	1
1312	6
1313	5
1314	3
1315	3
1316	4
1317	8
1318	6
1319	4
1320	8
1321	6
1322	6
1323	4
1324	3
17708	1
1325	1
1326	1
1327	8
1329	2
1330	5
1331	4
1332	3
1333	5
1334	4
1335	3
1336	2
1337	5
1338	8
1339	2
1340	8
1341	10
1342	4
17726	1
1343	3
1344	7
1345	4
1346	7
1347	1
1348	7
1349	5
1350	3
1351	4
1352	6
1353	7
1354	4
1355	3
1356	5
1357	4
1358	4
1359	7
17744	1
1360	3
1361	4
1362	4
1363	3
1364	4
1365	3
1366	2
1367	5
17751	1
1368	6
1369	7
1370	6
17754	1
17755	1
1371	2
1372	7
1373	5
1374	7
1375	3
1376	4
1377	4
1378	5
1379	4
1380	6
1381	3
1382	5
1383	3
1384	6
1385	6
17769	1
1386	6
1387	4
1388	3
1389	4
1390	4
1391	2
1392	7
1393	10
1394	2
1395	2
1396	4
17780	1
1397	7
1398	5
1399	4
1400	4
1401	5
17785	1
1402	5
1403	7
1404	3
1405	4
1406	3
1407	3
1408	10
1409	3
1410	6
1411	8
1412	8
1413	7
17797	1
1414	3
1415	6
1416	6
1417	4
1418	4
1419	6
1420	6
17804	1
1421	4
1422	6
1423	6
1424	9
1425	5
1426	3
1427	7
1428	3
1429	3
1430	3
17814	1
1431	2
1432	2
1433	4
1434	3
1435	8
1436	6
17820	1
1437	6
1438	4
1439	5
1440	2
1441	5
1442	2
1443	2
1444	3
1445	2
1446	1
1447	5
1448	7
1449	6
1450	6
1451	3
1452	2
1453	3
1454	6
1455	8
1456	5
1457	3
1458	6
1459	9
1460	3
1461	5
1462	3
1463	2
1464	2
1465	3
1466	2
1467	7
1468	6
1469	13
1470	4
1471	3
1472	6
1473	3
1474	6
1475	5
1476	2
1477	2
1478	6
1479	4
1480	6
1481	6
1482	6
1483	7
1484	5
1485	2
1486	3
1487	5
1488	6
1489	2
1490	9
1491	5
1492	6
1493	2
1494	2
1495	5
1496	6
1497	5
1498	2
1499	5
17883	1
1500	9
1501	3
1502	4
1503	5
1504	2
1505	4
1506	3
1507	7
1508	5
1509	5
1510	3
1511	4
1512	6
1513	5
1514	4
1515	4
1516	4
1517	4
1518	5
1519	1
1520	3
1521	6
1522	5
1523	8
1524	4
1525	4
1526	7
1527	8
1528	4
1529	5
1530	6
17914	1
1531	5
1532	4
1533	7
1534	5
1535	4
1536	3
1537	4
1538	10
1539	1
1540	6
1541	6
1542	6
1543	4
1544	8
1545	6
17929	1
1546	5
17931	1
1547	3
1548	3
1549	5
1550	4
1551	6
1552	4
1553	4
1554	3
1555	4
1556	8
1557	3
1558	3
1559	7
1560	4
1561	4
1562	4
1563	5
1564	6
1565	2
1566	7
1567	4
1568	2
1569	3
1570	4
1571	3
1572	2
1573	1
1574	5
1575	8
1576	7
1577	6
1578	9
1579	7
1580	7
1581	2
1582	3
1583	6
1585	3
1586	7
1587	2
1588	2
1589	5
1590	2
1591	7
1592	3
1593	6
1594	4
1595	6
1597	1
1598	2
1599	4
1600	4
1601	2
1602	4
1603	3
1604	1
1605	6
1606	6
1607	7
1608	7
1609	2
1610	3
1611	4
1612	4
1613	1
1614	6
1615	2
1616	7
1617	3
1618	4
1619	2
1620	8
1621	3
1622	2
1623	4
1624	5
1625	5
1626	4
1627	5
1628	6
1629	1
1630	5
1631	3
18015	1
1632	1
1633	2
1634	2
1635	2
1636	2
1637	4
1638	3
1639	4
18023	1
1640	4
1641	5
1642	9
1643	4
1645	3
1646	5
1647	7
1648	3
1649	8
1650	1
1651	2
1652	4
1653	3
1654	5
1655	4
1656	3
1657	1
1658	4
1659	4
1660	5
18044	1
1661	9
1662	7
1663	9
1664	7
1665	5
18049	1
1666	6
1667	8
1668	3
1669	8
1670	5
1671	11
1672	5
18056	1
1673	6
1674	4
1675	8
1676	6
1677	6
1678	2
1679	4
1680	3
1681	2
1682	3
1683	7
1684	4
1685	6
1686	6
1687	4
1688	3
1689	4
1690	6
1691	7
18075	1
1692	4
1693	4
1694	5
1695	8
1696	3
1697	4
18082	1
1698	5
18083	1
1699	1
1700	3
1701	3
1702	5
1703	4
1704	3
1705	4
1706	5
1707	3
1708	5
1709	5
1710	6
1711	5
1713	7
1714	3
1715	10
1716	5
1717	3
1718	4
1719	4
1720	3
1721	5
1722	6
1723	3
1724	4
1725	7
1726	2
1727	4
1728	6
1729	4
1730	9
1731	2
1732	6
1733	4
1734	9
1735	6
1736	6
1737	1
1738	3
1739	1
1740	3
1741	7
1742	3
18126	1
18127	1
1743	4
1744	3
1745	6
1746	3
1747	3
1748	10
1749	9
1750	6
1751	5
1752	3
1753	5
1754	7
1755	5
1756	6
1757	5
1758	6
1759	7
1760	4
1761	4
1762	6
1763	6
1764	7
1765	1
1766	5
1767	2
1768	5
1769	4
1770	3
1771	5
1772	2
1773	7
18158	1
1774	3
1775	1
1776	2
18160	1
1777	11
1778	5
1779	1
1780	5
1781	4
1782	3
1783	5
1784	6
1785	4
1786	6
1787	5
18171	1
1788	3
1789	5
1790	7
1791	4
1792	1
1793	4
1794	3
1795	5
1796	8
1797	2
1798	4
18182	1
1799	5
1800	7
1801	2
1802	7
1803	10
1804	4
18188	1
1805	8
1807	2
1808	3
1809	5
1810	1
1811	2
1812	5
1813	3
1814	4
18198	1
1815	4
1816	7
1817	2
1818	6
1819	4
1820	4
18204	1
1821	5
1822	6
1823	4
1824	1
1825	8
1826	6
1827	5
1828	8
1829	3
1830	3
1831	2
1832	1
1833	2
1834	5
1835	5
1836	5
1837	6
1838	5
1839	5
1840	4
1841	7
1842	3
1843	4
1844	3
1845	6
1846	4
1847	1
1848	6
1849	5
1850	6
1851	3
1852	3
1853	5
1854	3
1855	5
1856	5
1857	2
1858	3
1859	4
1860	2
1861	3
1862	8
1863	4
1864	6
1865	6
1866	2
1867	3
1868	2
1869	6
1870	6
1871	6
1872	3
1873	6
1874	6
1875	7
1876	6
1877	3
1878	6
1879	4
1880	4
1881	4
1882	3
1883	8
1884	8
1885	8
1886	5
18270	1
1887	7
1888	5
1889	8
1890	5
1891	9
1892	4
1893	3
1894	3
1895	2
1896	3
1897	5
1898	2
1899	4
1900	4
1901	5
1902	9
1903	2
1904	6
1905	3
1906	8
1907	6
1908	9
1909	3
1910	6
1911	2
18296	1
1912	1
1913	5
1915	2
1916	3
1917	5
1918	4
1919	6
1920	3
18304	1
1921	4
1922	4
1923	7
1924	5
1925	7
18309	1
1926	3
1927	7
1928	5
1929	6
1930	3
1931	3
1932	4
1933	7
1934	4
1935	5
1936	4
1937	6
1938	3
1939	2
1940	5
1941	6
1942	2
1943	2
1944	7
1945	6
1946	9
1947	9
1948	5
1949	5
1950	2
1951	6
1952	6
1953	4
1954	6
1955	3
1956	7
1957	2
1958	7
1959	2
18343	1
1960	5
1961	2
1962	5
1963	1
1964	5
1965	6
1966	1
1967	6
1968	5
1969	2
1970	4
1971	4
1972	4
1973	4
1974	2
1975	4
1976	4
1977	4
1978	3
1979	6
1980	4
1981	4
1982	6
1983	6
1984	3
1985	4
1986	4
1987	6
1988	5
18372	1
1989	11
1990	2
1991	4
1992	5
1993	5
1994	1
1995	4
1996	5
1997	8
1998	5
1999	4
2000	5
2001	3
2002	5
2003	5
2004	6
2005	11
2006	9
2007	5
2008	2
2009	7
2010	5
2011	5
2012	5
2013	3
2014	6
2015	7
2016	7
2017	3
2018	5
2019	4
2020	8
2021	2
2022	2
2023	8
2024	8
18408	1
2025	6
2026	5
2027	3
2028	2
2029	5
2030	3
2031	2
2032	4
2033	6
2034	4
2035	6
2036	5
2037	7
2038	5
2039	5
2040	4
2041	6
2042	6
2043	2
2044	3
2045	7
2046	7
2047	4
2048	2
2049	14
2050	5
2051	5
2052	7
2053	5
2054	2
2055	6
2056	2
2057	8
2058	7
2059	5
2060	2
2061	3
2062	2
2063	4
2064	5
2065	4
2066	3
2067	4
2068	1
2069	10
2071	3
2072	5
2073	2
2074	4
2075	7
2076	3
2077	2
2078	10
2079	9
2080	2
2081	5
2082	7
2083	8
2084	6
2085	1
2086	5
2087	6
2088	5
2089	2
2090	5
2091	2
2092	3
2093	8
2094	8
2095	2
2096	3
2097	12
2098	1
2099	2
2100	5
2101	3
18485	1
2102	3
2103	9
2104	4
2105	5
2106	4
2107	4
2108	2
2109	4
2110	7
2111	7
2112	3
2113	6
2114	4
2116	5
2117	2
2118	4
2119	2
2120	3
2121	8
2122	10
2123	8
18507	1
2124	3
2125	4
2126	2
2127	7
2128	7
2129	8
2130	3
2131	7
2132	3
2133	7
2134	6
2135	5
2136	2
2137	5
18521	1
2138	2
2139	3
2140	9
2141	4
2142	3
18526	1
2143	4
2144	3
2145	3
2146	5
2147	4
2148	3
2149	7
2150	8
2151	8
18535	1
2152	6
2153	5
2154	7
2155	6
2156	14
2157	7
18542	1
2158	4
2159	9
2160	3
2161	3
2162	5
2163	3
2164	5
2165	7
2166	5
2167	6
2168	5
2169	6
2170	5
2171	5
2172	3
2173	2
2174	4
2175	3
2176	4
2177	5
2178	6
2179	7
2180	6
2181	2
2182	4
2183	1
2184	3
2185	3
2186	3
2187	6
2188	3
2189	4
2190	4
2191	5
2192	2
2193	6
2194	4
2195	5
2196	3
2197	4
2198	4
2199	3
2200	3
2201	8
2202	2
2203	8
2204	2
2205	7
2206	8
2207	7
18591	1
2208	3
2209	9
2210	6
2211	3
2212	6
2213	3
2214	4
2215	3
2216	3
2217	2
2218	4
2219	7
18603	1
2220	3
2221	6
2222	2
2223	5
2224	7
2225	5
2226	4
2227	5
2228	4
2229	3
2230	5
2231	10
2232	2
2233	4
2234	3
2235	4
2236	6
2237	4
2238	2
2239	10
2240	5
2241	5
2242	5
2243	5
2245	10
2246	1
2247	3
2248	3
2249	2
2250	4
2251	3
2252	4
2253	5
2254	4
2255	7
18640	1
2256	4
2257	5
2258	4
2259	3
2260	5
2261	5
2262	1
2263	3
2264	7
2265	9
2266	2
2267	4
2268	6
2269	11
2270	5
18654	1
2271	5
2272	3
2273	4
2274	1
2275	4
2276	5
2277	2
2278	4
2279	5
2280	7
2281	1
2282	1
2283	7
2284	5
2285	3
2286	4
18670	1
2287	4
2288	1
2289	4
2290	6
2291	8
18675	1
2292	6
2293	8
2294	4
2295	4
2296	9
2297	7
2298	5
2299	5
2301	5
2302	3
2303	1
2304	3
2305	2
2306	2
2307	5
2308	6
2309	3
2310	4
2311	9
2312	5
2313	1
2314	4
18699	1
2315	6
2316	1
2317	3
2318	5
2319	3
2320	1
2321	4
2322	1
2323	1
2324	7
2325	3
2326	2
2327	4
2328	6
2329	9
2330	6
2331	5
2332	4
2333	1
2334	6
2335	4
2336	5
2337	8
2338	7
2339	8
2340	7
2341	1
2342	2
2343	3
18727	1
2344	2
2345	4
2346	4
2347	12
2348	5
2349	2
2350	4
2351	4
2352	3
2353	7
2354	8
2355	2
2356	4
2357	4
2358	3
2359	4
2360	1
2361	5
2362	4
2363	6
2364	1
2365	4
2366	4
18750	1
2367	9
2368	3
2369	2
2370	3
2371	4
2372	3
2373	5
2374	6
2375	7
2376	10
2377	5
2378	3
2379	7
2380	6
2381	4
2382	4
2383	7
2384	3
2385	2
2386	5
2387	4
2388	5
2389	3
2390	4
2391	3
2392	3
2393	7
2394	6
2395	7
2396	6
2397	3
2398	5
18782	1
2399	1
2400	5
2401	5
2402	1
2403	6
2404	5
2405	6
2406	2
2407	7
2408	2
2409	5
2410	9
2411	2
2412	1
2413	5
2414	5
18798	1
2415	5
2416	2
2417	4
2418	6
2419	8
2420	4
2421	3
2422	6
2423	7
2424	8
2425	4
2426	5
2427	5
2428	5
2429	6
2430	4
2431	6
2432	5
2433	5
2434	4
2435	1
2436	7
2437	5
2438	4
2439	5
2440	4
2441	5
2442	5
2443	6
2444	2
2445	9
2446	2
2447	6
2448	3
2449	5
2450	3
2451	7
2452	5
2453	10
2454	5
2455	3
2456	8
2457	9
2458	4
2459	7
2460	3
2461	5
2462	4
2463	3
2464	1
2465	2
2466	7
2467	2
2468	4
18853	1
2469	5
2470	5
2471	3
2472	3
2473	5
2474	5
2475	2
2476	6
2477	5
2478	4
2479	5
2480	4
2481	2
2482	4
2483	5
18867	1
2484	6
2485	8
2486	5
2487	6
2488	7
2489	2
2490	2
2491	2
2492	6
2493	10
2494	7
2495	7
2496	7
2497	3
2498	5
2499	3
2500	6
2501	3
2502	6
2503	4
2504	3
2505	6
2506	3
2507	4
2508	4
2509	3
2510	2
2511	3
2512	5
2513	3
2514	5
2515	5
2516	8
2517	6
2518	3
2519	2
2520	2
2521	1
2522	1
2523	8
2524	3
2525	6
2526	5
2528	7
2529	4
2530	5
2531	3
2532	3
2533	7
2534	2
2535	7
2536	5
2537	3
2538	5
2539	3
2540	6
2541	6
2542	3
2543	4
2544	2
2545	3
2546	4
2547	5
2548	1
2549	5
2550	4
2552	8
2553	4
2554	4
2555	1
2556	1
2557	9
2558	4
2559	2
2560	4
2561	4
2562	4
2563	7
2564	5
2565	2
2566	6
2567	6
2568	2
2569	3
2570	5
2571	5
2572	6
2573	4
2574	3
18958	1
2575	1
2576	4
2577	3
2578	3
2579	2
2580	4
2581	6
2582	2
2583	4
2584	4
2585	7
2586	6
2587	2
2588	2
2589	5
2590	7
2591	5
2592	6
2593	4
2594	7
2595	6
2596	3
2597	6
2598	2
2599	2
2600	3
2601	6
2602	3
18986	1
2603	3
2604	2
2605	4
2606	3
2607	5
2608	4
2609	3
18993	1
2610	5
2611	4
2612	1
2613	3
2614	8
2615	1
2616	2
2617	6
2618	8
2619	3
2620	4
2621	8
2622	7
2623	4
2624	10
2625	7
2626	4
2627	3
2628	5
2629	3
2630	1
2631	4
2632	5
2633	3
2634	10
19018	1
2635	5
2636	3
2637	2
2638	6
2639	4
2640	5
19024	1
2641	3
2642	3
2643	5
2644	3
2645	6
2646	2
2647	1
2648	5
2649	1
2650	4
2651	2
2652	3
2653	4
2654	4
2655	1
2656	5
2657	2
2658	3
2659	2
2661	3
2662	4
2663	6
2664	3
2665	2
2666	6
2667	3
2668	6
2669	4
2670	4
2671	3
2672	2
2673	6
2674	2
2675	6
2676	4
2677	8
2678	5
2679	3
2680	4
2681	4
2682	3
2683	2
2684	6
2685	1
2686	4
2687	4
2688	6
2689	3
2690	7
2691	1
2692	6
2693	3
2694	8
2695	5
2696	6
2697	7
2698	3
2699	3
2700	1
19084	1
2701	5
2702	6
2703	10
2704	3
2705	3
2706	7
2707	4
2708	2
2709	6
2710	3
2711	6
2712	3
2713	1
2714	4
2715	1
2716	3
2717	1
2718	4
2719	3
2720	7
2721	6
2722	1
2723	2
2724	2
2725	3
2726	5
2727	1
2728	2
2729	8
2730	7
2731	6
2732	4
2733	5
2734	8
2735	3
2736	6
2737	4
2738	3
2739	7
2740	2
2741	3
2742	2
2743	6
2744	5
2745	1
2746	3
2747	3
2748	6
2749	4
2750	3
2751	3
2752	4
2753	4
2754	6
19138	1
2755	5
2756	4
2757	4
2758	3
2759	5
2760	4
2761	2
2762	4
2763	5
2764	8
2765	3
2766	4
2767	4
2768	1
2769	7
2770	1
2771	4
2772	5
2773	2
2774	1
2775	9
2776	2
2777	4
2778	2
2779	7
2780	3
2781	2
2782	1
2783	8
2784	1
2785	5
2786	2
2787	5
2788	2
2789	2
2790	4
2791	6
2792	5
2793	3
2794	2
2795	5
2796	5
2797	4
2798	6
2799	5
2800	5
2801	5
2802	3
2803	5
2804	6
2805	5
2806	2
2807	3
2808	1
2809	3
2810	6
2811	2
2812	7
2813	6
2814	4
2815	5
19199	1
2816	2
2817	3
2818	3
2819	4
2820	6
2821	3
2822	7
2823	2
2824	9
2825	5
2826	3
2827	7
2828	3
2829	5
19214	1
2830	2
2831	6
2832	6
2833	5
2834	1
2835	2
2836	2
2837	5
2838	5
2839	4
2840	2
2841	6
2842	6
2843	2
2844	1
2845	1
2846	6
2847	4
2848	6
2849	4
2850	5
2851	4
2852	7
2853	7
2854	3
2855	4
2856	2
2858	1
2859	3
2860	5
2861	2
2862	4
2863	6
2864	5
2865	3
2866	2
2867	4
2868	4
2869	5
2870	7
2872	4
2873	3
2874	1
2875	2
2876	4
2877	2
2878	7
2879	2
2880	12
2881	5
19265	1
2882	5
2883	3
2884	7
2885	3
2886	3
2887	7
2888	1
2889	3
2890	4
2891	6
2892	3
2893	5
2894	4
2895	4
2896	8
2897	6
2898	2
2899	6
2900	4
2901	2
2902	3
2903	3
2904	4
2905	2
2906	9
2907	2
2908	1
2909	2
2910	6
2911	4
2912	3
2913	4
19297	1
2914	3
2915	4
2916	3
2917	7
2918	2
2919	2
2920	4
2921	5
2922	4
2923	7
2924	1
2925	2
2926	6
2928	7
2929	2
2930	5
19314	1
2931	5
2932	6
2933	4
2934	3
2935	4
2936	4
2937	4
2938	4
2939	2
2940	3
2941	5
2942	5
2943	3
2944	3
2945	3
2946	1
2947	7
2948	1
2949	4
2950	1
2951	2
2952	2
2953	5
2954	7
2955	6
2956	6
2957	6
2958	2
2959	6
2960	6
2961	1
2962	2
2963	3
2964	4
2965	2
2966	4
2967	5
2968	4
2969	5
2970	6
2971	6
2972	6
2973	4
2974	3
2975	3
2976	4
2977	6
2978	3
2979	1
2980	5
2981	5
2982	2
2983	7
2984	6
2985	3
2986	6
2987	6
2988	1
2989	1
2990	3
2991	2
2992	2
2993	3
2994	3
2995	4
2996	4
2997	1
2998	2
2999	1
3000	2
3001	2
3002	3
3003	3
3004	7
3005	4
3006	3
3007	6
3008	2
3009	6
3010	2
3011	5
3012	5
3013	3
3014	8
3015	6
3016	6
3017	5
3018	3
3019	8
3020	3
3021	5
3022	3
19406	1
3023	5
3024	3
3025	4
3026	6
3027	9
3028	6
3029	4
3030	7
3031	2
3032	5
3034	3
3035	6
3036	5
3037	2
3038	1
3039	3
3040	2
3041	1
3042	6
3043	7
3044	7
3045	1
3046	4
3047	2
3048	3
3049	3
3050	3
3051	1
3052	5
3053	5
3054	5
3055	9
3056	3
3057	2
3058	5
3059	4
3060	1
3062	3
3063	4
3064	3
3065	3
3066	5
3067	4
3068	1
3069	1
3070	3
3071	2
3072	7
3073	5
3074	3
3075	4
3076	4
3077	5
3078	1
3079	6
3080	7
3081	5
3082	2
3083	2
3084	2
3085	5
3086	2
3087	3
3088	4
3089	8
3090	3
3091	2
3092	4
19476	1
3093	4
19477	1
3094	9
3095	3
3096	2
3097	5
3098	2
3099	2
3100	2
3101	2
3102	3
3103	5
3104	7
3105	9
3106	3
3107	1
3108	7
3109	5
3110	2
3111	6
3112	5
3113	4
3114	4
3115	4
3116	1
3117	5
3118	5
3119	7
3120	3
3121	7
3122	6
3123	2
3124	3
3125	4
3126	5
3127	5
3128	2
3129	5
3130	3
3131	4
3132	6
3133	5
3134	3
3135	4
3136	6
3137	4
3138	5
3139	8
3140	2
3141	11
3142	7
3143	4
3144	5
3145	9
3146	8
3147	5
3148	4
3149	5
3150	6
3151	3
3152	6
3153	2
3154	1
3155	1
3156	3
3157	8
3158	6
3159	9
3160	4
3161	5
3162	3
3163	2
3164	4
3165	1
3166	4
3167	5
3168	2
3169	3
3170	6
19554	1
3171	2
3172	5
3173	4
3174	1
3175	2
3176	2
3177	1
3178	3
3179	1
3180	1
3181	4
3182	3
3183	5
3184	3
3185	3
3186	3
3187	3
3188	1
3189	4
3190	5
3191	5
3192	6
3193	4
3194	3
3195	3
3196	2
3197	3
3198	2
3199	5
3200	3
3201	4
3202	3
3203	5
3204	3
3205	2
3206	4
3207	5
3208	1
3209	2
3210	5
3211	2
3212	7
3213	9
3214	4
3215	5
3216	5
3217	1
3218	6
3219	2
3220	4
3221	5
3222	6
19606	1
3223	3
3224	1
3225	2
3226	1
3227	2
3228	5
3229	3
3230	5
19614	1
3231	2
3232	3
3233	4
3234	5
3235	4
3236	1
3237	4
3238	3
3239	3
19623	1
3240	2
3241	4
3242	2
3243	5
3244	5
3245	2
3246	6
3247	4
3248	3
3249	4
19633	1
3250	5
3251	5
3252	2
3253	2
3254	5
3255	2
3256	1
3257	3
3258	6
3259	3
3260	3
3261	3
3262	2
3263	6
3264	1
3265	6
3266	2
3267	3
3268	2
3269	5
3270	4
3271	3
3272	4
3273	2
3274	7
3275	2
3276	5
3277	2
3278	5
3279	4
3280	4
3281	4
3282	2
3283	5
3284	6
3285	2
3286	4
3287	1
3288	6
3291	3
3292	3
3293	1
3294	5
3295	7
3296	3
3297	3
3298	6
3299	1
3300	5
3301	6
3302	4
3303	2
3304	9
3305	4
3306	6
3307	5
3308	5
3309	3
3310	2
3311	7
3312	5
3313	2
3314	4
3315	3
3316	4
3317	3
3318	4
3319	4
3320	3
3321	4
3322	3
3323	3
3324	5
3325	2
3326	4
3327	6
3328	3
3329	8
3330	2
3331	5
3332	4
3333	9
3334	3
19718	1
3335	4
3336	2
3337	3
19721	1
3338	4
19722	1
3339	2
3340	2
3341	8
3342	6
3343	4
3344	5
3345	3
3346	2
3347	5
3348	5
3349	3
3350	3
3351	2
3352	2
3353	6
3354	4
3355	4
3356	5
3357	3
3358	3
3359	2
3360	5
3361	1
3362	3
3363	2
3364	5
3365	5
3366	4
19750	1
3367	4
3368	9
3369	1
3370	2
3371	4
3372	1
3373	2
3374	4
3375	5
3376	3
3377	1
3378	4
3379	5
3380	6
3381	7
3382	3
3383	4
3384	3
3385	2
3386	5
3387	9
3388	4
3390	1
3391	5
3392	5
3393	6
3394	5
3395	5
3396	5
3397	2
3399	4
3400	5
3401	2
3402	1
3403	4
3404	3
3405	2
3406	3
3407	4
3408	7
3410	4
19794	1
3411	5
3412	3
3413	3
3414	4
3415	3
3416	1
3417	4
3418	2
3419	2
3420	2
3421	2
3422	6
3423	6
3424	5
3425	4
3426	6
3427	2
3428	4
3429	7
3430	6
3431	7
3432	2
3433	3
3434	2
19818	1
3436	3
3437	5
3438	3
3439	11
3440	2
3441	2
3442	5
3443	4
19827	1
3444	1
3445	3
3446	4
3447	2
3448	4
3449	1
3450	6
3451	4
3452	4
3453	5
3454	5
3455	4
3456	2
3457	4
3458	2
3459	2
3460	5
3461	2
3462	4
3463	3
3464	3
3465	5
3466	8
19850	1
3467	8
3468	3
3469	4
3470	1
3471	1
3472	8
3473	2
3474	4
3475	5
3476	2
3477	1
3478	4
3479	4
3480	2
3481	1
3482	6
3483	3
3484	2
3485	4
3486	5
3487	2
3488	3
3489	4
3490	4
3491	3
3492	4
3493	4
3494	2
3495	3
3496	2
3497	3
3498	6
3499	5
3500	4
3501	3
3502	3
3503	2
3504	4
3505	2
3506	4
3507	3
3508	7
3509	5
3510	2
3512	3
3513	3
3514	2
3515	3
3516	4
3517	5
3518	3
3519	8
3520	4
3521	4
3522	3
3523	2
3524	8
3525	3
3526	2
3527	1
3528	2
3529	3
3530	2
3531	1
3532	6
3533	3
3534	5
3535	6
3536	3
3537	6
3538	4
3539	1
3540	5
3541	2
3543	4
3544	3
3545	2
19929	1
3546	6
3547	6
3548	3
3549	3
3550	9
3551	4
3552	1
3553	3
3554	2
3555	1
3556	3
3557	2
3558	2
3559	8
3560	4
3561	6
3562	6
3563	2
3564	4
3565	4
3566	3
3567	3
3568	4
3569	2
3570	5
19954	1
3571	1
3572	3
3573	5
3574	4
3575	5
19959	1
3576	4
3577	3
3578	4
3579	5
3580	4
3581	1
3582	2
3583	6
3584	3
19968	1
3585	3
3586	7
3587	1
3588	3
3589	5
3591	2
3593	2
3594	1
3595	3
3596	3
3597	5
3598	5
3599	5
19983	1
3600	6
3601	4
3602	3
3603	4
3604	3
3605	4
3606	2
3607	5
3608	7
19993	1
3609	5
3610	1
3611	5
3612	1
3613	2
3614	2
3615	2
3616	4
3617	3
3618	3
3619	3
3620	4
3621	4
3622	5
3624	3
3625	2
20009	1
3626	3
3627	3
3629	1
3630	2
3631	5
3632	4
3633	1
3634	1
3635	3
20020	1
3636	5
3637	1
3638	4
3639	4
3640	6
3641	1
3642	7
20026	1
3643	1
3644	7
3645	3
3646	7
3647	2
3648	1
3649	3
3650	4
3651	2
3652	5
3653	9
20037	1
3654	3
3655	1
3656	1
3657	2
3658	1
3659	2
3660	3
3661	6
3662	4
3663	3
3664	2
3665	3
3666	9
3667	4
3668	2
3669	4
3670	5
3671	4
3672	5
3673	7
3674	3
3675	6
3676	6
20060	1
3677	3
3678	3
3679	5
3680	2
3681	4
3682	2
3683	3
3684	1
3685	3
3686	3
3687	2
3688	1
3689	5
3690	2
3691	7
3692	6
3693	5
3694	5
3695	5
3696	1
3697	1
3698	2
3699	4
3700	5
3701	1
3702	2
3703	6
3704	6
3705	4
3706	4
3707	2
3708	3
3709	2
3710	2
3711	3
3712	4
3713	4
3714	2
3715	1
3716	4
3717	3
3718	2
3719	5
3720	2
3721	2
3722	4
3723	3
3724	5
3725	4
3726	2
3727	6
3728	3
3729	1
20114	1
3730	3
3731	2
3732	5
3733	1
3734	5
3735	2
3736	5
3737	3
3738	1
3739	2
3740	4
3741	1
3742	3
3743	1
3744	1
3745	1
3746	3
3747	1
3748	1
3749	6
3750	6
3751	6
3752	3
3753	1
3754	3
3755	2
3756	2
3757	7
3758	9
3759	3
3760	2
3761	9
3762	2
3763	1
3764	2
3765	2
3766	2
3767	4
3768	2
3769	3
3770	4
3771	4
3772	5
3773	2
3774	5
3775	3
3776	2
3777	4
3778	3
3779	3
3780	1
3781	3
3782	2
3783	4
20167	1
3784	3
3785	4
3786	3
3787	4
3788	4
3790	3
3791	2
3792	3
3793	5
3794	4
3795	3
3796	3
3797	2
3798	2
3799	2
3800	2
3801	5
3802	2
3803	3
3804	7
3805	2
3806	1
3807	3
3808	2
3809	3
3810	4
3811	1
3812	1
3813	1
3814	3
3815	1
3816	3
3817	2
3818	1
3819	6
3820	2
3821	2
3822	6
3823	2
3824	6
3825	1
3826	2
3827	5
3828	3
3829	4
3830	1
3831	2
3832	1
3833	4
3834	1
3835	4
20219	1
3836	5
3837	2
3838	5
3839	2
3841	2
3842	7
3843	2
3844	3
3845	5
3846	2
3847	5
3848	3
3849	2
3850	1
3851	6
3853	1
3854	4
3855	3
3856	3
3857	2
3858	2
3859	1
3860	2
3861	3
3862	2
3863	4
3864	7
3865	1
3866	2
3867	1
3869	2
3870	3
3871	3
3872	3
3873	2
3874	2
3875	4
3876	3
3877	1
3878	1
3879	3
3880	3
3881	3
3882	3
3883	3
3884	3
3885	2
3886	5
3887	1
3888	5
3889	3
3891	5
3892	4
3893	3
3894	6
3895	3
3896	6
3897	3
3898	2
3899	1
3900	4
3901	3
3902	6
3903	5
3904	5
20288	1
3905	5
3906	6
3907	4
3908	3
3909	7
3910	4
3911	7
3912	2
3913	1
3914	3
3915	4
3916	4
3917	1
3918	4
3919	3
3920	5
3921	3
3922	2
3923	4
3924	3
3925	4
3926	7
3927	2
3928	5
3929	3
3930	3
3931	6
3932	2
3933	5
3934	3
3936	4
3937	2
3938	4
3939	5
3940	2
3941	5
3943	1
3944	2
3945	6
20331	1
3947	1
3948	4
3949	4
3950	2
3951	2
3952	5
3953	9
3954	1
3955	7
3956	3
3957	3
3959	4
3960	3
3961	2
3962	4
20346	1
3963	4
3965	3
3966	3
3967	6
3968	4
3969	3
3970	3
3971	3
3972	3
3973	2
3974	5
3975	4
3976	2
3977	4
3978	2
3979	5
3980	3
3981	2
3982	2
3983	5
3984	2
3985	2
3986	4
3987	1
3988	1
3989	5
3990	5
3991	3
3992	5
3993	2
3994	1
3995	4
3996	1
3997	3
20381	1
3998	3
3999	3
4000	2
4002	4
4003	1
4004	3
4005	2
4006	6
4007	1
4008	5
4009	2
4010	4
4011	2
4012	4
4013	4
4015	3
20399	1
4016	1
4017	1
4018	2
4019	6
4020	1
4021	4
4022	3
4023	2
4024	4
4025	1
4026	5
4027	2
4028	2
20413	1
4029	5
4030	1
4031	2
4033	2
4034	7
4035	1
4036	3
4037	3
4038	6
4039	1
4040	2
4041	3
4042	1
4043	4
4044	3
4045	3
4047	2
4048	4
4049	3
4050	3
4051	1
4052	1
4053	3
4054	3
4055	4
4056	6
20440	1
4057	3
4058	3
4059	1
4060	1
4061	6
4062	2
4063	4
4064	3
4065	2
4066	2
4067	4
20452	1
4068	2
4069	5
4070	5
4071	3
4072	4
4073	5
4074	2
4075	4
4076	2
4078	3
4079	6
4080	3
4081	4
4082	2
4083	4
4084	2
4085	4
4086	4
4087	1
4088	2
4089	4
4090	3
4091	2
4092	4
4093	2
4094	2
4095	4
4096	4
4097	4
4098	1
4099	1
4100	2
4101	3
4102	4
4103	1
4104	2
4105	1
4106	3
4107	4
4108	2
4109	3
4110	3
4111	4
4112	3
4113	3
4114	4
4115	2
4116	2
4117	5
4118	4
4119	5
4120	2
4121	1
4122	1
4123	4
4124	1
4125	8
4126	4
4127	3
4128	8
4129	2
4130	2
4131	5
4132	4
4133	2
4134	2
4135	3
4137	4
4138	4
4139	6
4140	5
4141	6
4142	2
4143	1
20528	2
4144	1
4145	1
4146	3
20530	1
4147	6
20531	1
4149	3
4150	1
4151	1
4152	3
4153	3
4154	5
4155	6
20540	1
4156	1
4157	5
20541	1
4158	1
4159	2
4160	2
4161	3
4162	4
4163	3
4164	2
4165	2
4166	5
4167	1
4168	3
4170	1
4171	3
4172	3
4173	2
4174	1
4175	4
4176	3
4177	2
4178	1
4179	4
4181	1
4182	1
4183	4
4184	1
4185	4
20569	1
4186	1
4187	2
4188	3
4189	4
4190	2
4191	3
4192	4
4193	5
4194	2
4195	3
20579	1
4196	1
20580	1
4198	1
4199	4
4200	2
4201	4
4202	1
4203	1
4204	3
4205	2
4206	2
4207	3
4208	4
4209	2
4210	2
4212	4
4214	1
4215	4
4216	1
4217	6
4218	2
4219	2
4220	6
4221	6
4222	2
4223	2
4224	2
4225	1
4226	1
4227	3
4228	1
4229	1
4230	2
4231	2
4232	2
4233	2
20618	1
4234	1
4235	1
4236	1
4237	2
4238	4
4239	4
4240	1
4241	5
4242	3
4243	2
4244	2
4245	3
4246	4
4247	3
4248	1
4249	2
4251	2
4252	4
4253	4
4254	4
4255	6
4256	2
20641	1
4258	2
4259	4
4260	1
4261	2
4262	3
4263	2
4264	3
4265	3
4266	4
4267	4
4268	1
4269	6
4270	2
4271	1
4272	7
4273	2
4274	5
4275	3
4276	4
4277	2
4279	2
4280	4
4281	3
4282	3
4283	3
4284	2
4285	2
4286	1
4287	4
20672	1
4288	1
4289	4
4290	2
4291	2
4292	5
4293	1
4294	5
4295	2
4296	4
4297	4
4298	3
4299	2
4300	4
4301	3
4302	1
4303	4
4304	1
4305	1
4306	3
4307	1
4308	4
4309	3
20693	1
4310	1
4311	1
4312	4
4313	2
4314	2
4316	4
4317	1
4318	2
4319	5
4320	3
4321	8
4322	1
4323	2
4324	4
20708	1
4325	1
4326	1
4327	1
4328	4
4330	2
4331	2
4332	1
4333	2
4334	4
4335	6
4336	2
4337	2
4338	4
4339	2
4340	1
4341	3
4342	1
4343	3
4344	4
4345	2
4346	1
4347	3
4348	3
4349	2
4350	3
4351	2
4352	4
4354	5
4355	1
4356	4
4357	4
4358	2
4359	3
4360	1
4361	5
4362	2
4363	1
4364	3
4365	4
20749	1
4366	3
4367	1
4368	1
4369	3
4370	1
4371	1
4372	1
4373	5
4374	1
4375	2
4376	3
4378	5
4379	4
4380	6
4381	3
4382	3
4383	5
4384	3
4385	2
4386	3
20770	1
4387	1
4388	2
4389	4
4390	5
4391	4
4392	7
4393	1
4394	1
4395	3
4396	3
4397	7
4398	5
4399	2
4400	3
4401	2
4402	1
20786	1
4403	1
4404	2
4405	3
4406	3
4407	4
4408	6
4409	3
4410	1
4412	2
4413	2
4414	3
4415	2
4416	4
4417	4
4418	2
4420	2
4421	1
4423	3
4424	1
4425	3
4426	2
4427	2
4428	3
4429	3
4430	3
4431	5
4432	5
4433	5
4434	4
4435	2
4436	2
4437	2
4438	6
4439	1
4440	3
4441	1
4442	3
4443	5
4444	5
4445	2
4446	3
4447	6
4448	2
4449	3
4450	3
4451	1
4452	3
4453	1
4454	5
4455	1
4457	1
4458	1
4459	4
4460	4
4461	7
4462	5
4463	1
4464	2
4465	4
4466	5
4467	3
4468	1
4469	1
4470	2
4471	5
4472	3
4473	2
4474	4
4475	1
4476	2
4477	6
4478	1
4479	5
4480	1
4481	4
4482	5
4483	2
4484	3
4485	3
4486	2
4487	1
4488	2
4489	2
4490	3
4491	6
4492	4
4494	3
4495	1
4496	2
4497	6
4498	1
4500	5
4501	3
4502	3
4503	2
4504	4
4505	3
4506	2
4507	2
4509	4
4510	2
4511	4
4512	1
4514	4
4515	3
4516	1
4517	5
4518	1
4519	3
4520	7
4521	2
4522	2
4523	3
4524	2
4525	2
4526	3
4527	1
4528	1
4529	1
4530	2
4531	3
4532	6
4533	5
4534	2
4535	3
4536	6
4537	3
4538	4
4539	2
4540	4
4541	2
4542	1
4543	3
4544	4
4545	3
4546	2
4547	4
4548	3
4549	1
4550	3
4551	3
4552	4
4553	1
4554	3
4555	4
4556	3
4557	3
4558	2
4559	7
4560	4
4561	3
4563	4
4564	2
4566	2
4567	2
4568	3
4569	2
4570	1
4572	3
4573	1
4574	1
20959	1
4575	3
4576	3
4577	4
4578	2
4579	1
4580	3
4581	2
4582	2
4583	1
4584	3
4585	2
4586	6
20970	1
4588	3
4589	1
4590	6
4594	2
4595	1
4596	4
4597	4
4598	2
4599	4
4600	2
4601	2
4602	2
4603	1
4604	5
4605	4
4606	1
4607	1
4608	6
4609	1
4610	4
4611	3
4612	6
4613	4
4614	6
4615	5
4616	3
21000	1
4617	3
4618	5
4619	3
4620	3
4621	4
4622	1
4623	2
4624	2
4625	1
4626	3
4628	1
4630	4
4631	3
4632	5
4633	1
4634	1
4635	1
4636	2
4637	2
4638	7
4640	1
4641	1
4642	1
4643	1
4644	4
4645	5
4646	3
4647	1
4648	4
4650	2
4651	3
4652	3
4653	2
4654	4
4655	3
4656	2
4657	1
4658	1
4659	2
4661	2
4662	3
4663	2
4664	2
4665	3
4666	2
4667	2
4668	3
4669	1
4670	4
4671	3
4672	1
4673	2
4674	7
4675	2
4676	3
4677	3
4678	6
4679	4
4680	6
4681	2
4684	3
4685	3
4686	4
4687	1
4688	1
4689	1
4690	3
4691	2
4692	2
4693	9
4694	2
4695	1
4696	3
4697	2
4698	3
4699	6
4700	1
4701	3
4702	1
4703	2
4705	1
4706	3
4707	2
4708	1
4709	1
4710	2
4711	2
4712	1
4713	2
4714	4
4716	2
4717	2
4718	1
4719	3
4720	8
4721	3
4722	1
4723	1
4724	4
4725	2
4726	1
4727	3
4728	2
4729	3
4731	1
4732	1
4733	2
4734	3
4736	2
4737	5
4738	4
4739	3
4740	1
4741	3
4742	3
4743	4
4744	3
4745	1
4746	4
4747	2
4748	3
4749	3
4750	1
4751	2
4752	4
4753	1
4754	1
4756	3
4757	4
4758	1
4759	1
4760	2
4761	2
4763	3
4764	4
4765	2
4766	4
4767	3
4768	2
4769	3
4770	4
4771	1
4772	1
4773	4
4774	3
4775	1
4776	1
4777	5
4779	2
4780	2
4781	1
4782	4
4783	4
4785	2
4786	5
4787	3
4788	1
4789	4
4790	3
4791	2
4793	2
4794	2
4795	2
4796	3
4797	1
4798	2
4799	4
21183	1
4800	4
4801	3
4802	3
4803	3
4804	4
4805	2
4806	1
4807	2
4808	2
21193	1
4810	3
4811	7
4812	1
4813	1
4814	6
4816	3
4817	4
21201	1
4818	1
4819	3
4820	5
4821	1
4822	6
4823	3
4824	4
4825	2
4826	2
4827	5
4828	5
4830	2
4831	3
4832	3
4833	4
4834	4
4835	2
4836	6
4837	3
4838	2
4839	3
21224	1
4840	1
4841	3
4842	4
4843	1
4844	4
4845	2
4846	1
4847	3
4848	5
4849	3
4850	4
4851	4
4853	1
4854	2
4855	3
21239	1
4856	1
4857	3
4858	3
4859	2
4860	6
4861	1
4862	6
4863	2
4864	3
4865	3
4866	3
4868	6
21252	1
4869	1
4870	3
4871	2
4872	3
4873	3
4874	5
4875	3
4877	1
4878	2
4879	2
4880	4
4881	5
4882	4
4883	4
4884	2
4885	2
4886	3
4888	2
4889	3
4890	2
4891	2
4892	1
4894	3
4895	3
4896	3
4897	1
4898	5
4899	1
4901	4
4902	3
4903	4
4905	2
4906	1
4907	3
4908	2
4909	3
4911	3
4912	2
4913	1
4914	2
4915	2
4916	1
4917	3
4918	3
4919	2
4920	3
4921	3
4922	1
4923	2
4924	1
4925	2
4926	1
4927	3
4928	2
4930	1
4932	3
4933	1
4934	2
4935	3
4936	3
4937	2
4938	1
4939	3
4940	2
4941	2
4943	1
4944	4
4945	2
4946	2
4947	1
4948	1
4949	3
21334	1
4950	1
4951	3
4952	3
4953	3
4954	3
4955	1
4956	3
4957	2
4958	1
4959	3
4960	3
4961	2
4962	2
4963	3
4964	4
4965	3
4967	3
4969	1
4970	2
4972	2
4973	2
4974	1
4975	5
4976	2
4977	3
4978	1
4979	2
4980	2
4981	1
4982	1
4983	1
4984	3
4985	3
4986	4
4987	2
4988	3
4989	4
4990	2
4991	1
4992	3
4993	1
4994	4
4995	3
4996	1
4997	3
4998	3
4999	3
5000	2
5001	3
5002	1
5003	3
5004	4
5005	2
5006	3
5008	3
21392	1
5009	3
5010	1
5012	1
5013	2
5015	3
5016	2
5017	1
21402	1
5019	2
5020	2
5021	1
5022	1
5023	2
5024	3
5025	4
5026	2
5028	2
5029	2
5031	2
5032	4
5033	2
5034	2
5036	1
5037	3
5038	2
5039	1
5040	1
5042	2
5043	2
5044	4
21429	1
5045	2
5046	4
5047	1
5049	3
5050	1
5051	3
5052	4
5054	4
5055	1
5056	4
5057	2
5058	1
5059	3
5060	1
5061	3
5063	4
5064	3
5065	2
5066	7
5067	7
5068	2
21452	1
5069	3
5070	4
5071	1
5072	3
5073	3
5074	2
5075	2
5076	2
5077	2
5078	1
5079	1
5080	2
5081	3
5082	1
5083	3
5084	2
5085	3
5086	6
5087	1
5088	2
5089	3
5090	2
5091	1
5092	2
5093	4
5094	2
5095	4
5096	3
5097	3
5098	2
5099	4
5100	5
5101	4
5102	2
5103	3
5104	1
5105	1
5106	2
5107	1
5108	5
5109	5
5110	1
5113	2
5114	4
5115	5
21499	1
5116	1
5117	1
5118	2
5119	1
5120	1
5121	4
5122	1
5123	2
5124	1
5126	3
5127	3
5128	2
5129	4
5130	1
5131	2
5132	1
5133	2
5134	1
5136	2
5137	1
5138	3
5139	4
5140	2
5141	1
5142	1
5143	2
5144	1
5145	1
5146	2
5147	2
5148	2
5149	3
5150	1
5151	1
5152	2
5154	1
5157	5
5158	6
5159	1
5160	3
5161	1
5162	1
5163	1
5164	2
5165	3
5167	1
5168	2
5169	3
5171	3
5172	2
5173	1
5174	4
5175	2
5176	2
5177	3
5178	6
5180	3
5181	5
5182	4
5183	1
5184	3
5185	3
21569	1
5186	4
5189	2
5190	3
5192	1
5193	2
5194	1
5195	3
5196	2
5197	3
5198	4
5199	4
5201	1
5202	2
5203	3
5204	3
5208	2
5212	3
5213	3
21597	1
5214	1
5215	2
5216	2
5217	1
5218	6
5219	1
5220	4
5221	2
5222	2
5223	1
5224	3
5225	3
5226	4
5227	3
5228	3
5229	1
5232	2
5233	3
5234	1
5235	1
5236	3
5237	1
5238	2
5239	3
5240	1
5241	2
5242	1
5243	3
5244	1
5246	3
5247	2
5248	6
5251	2
5252	4
5253	5
5254	3
5255	2
5256	2
5258	4
5259	1
5260	2
5262	3
5265	3
5266	5
5267	1
5268	3
5269	1
5270	4
5271	3
5272	1
5274	3
5275	2
21660	1
5276	3
5277	3
5278	3
5279	4
5281	5
5283	3
5284	2
5285	2
5286	2
5287	2
5288	3
5289	3
5292	2
5293	1
5294	3
5295	2
5296	1
21684	1
5300	1
5301	3
5302	1
5303	1
5304	1
5305	2
5307	1
5308	2
5309	2
21694	1
5310	1
5311	3
5314	2
5315	1
5316	3
5317	2
5318	1
5319	1
5320	1
5321	2
5322	1
5323	4
5324	4
5325	1
5326	2
5327	2
5328	4
5329	2
5330	1
5331	3
5333	3
5334	2
5335	1
5336	1
5337	3
5338	1
5339	1
5340	3
5341	4
5342	3
5343	2
5344	1
5345	6
5346	2
5347	2
5348	2
5349	3
5350	4
5351	4
5352	3
5353	2
5354	5
5355	2
5356	2
5357	3
5358	1
5359	3
5360	3
5361	2
5362	1
5363	3
5365	4
5366	4
5367	6
5368	4
5369	1
5370	3
5372	1
5373	7
5374	3
5375	3
5376	2
21761	1
5378	2
5379	2
5380	5
5381	1
5382	7
5383	3
5386	3
5387	3
5388	2
5390	4
5391	1
5392	1
5393	1
5394	3
5395	1
5397	1
5398	3
5399	1
5400	2
5401	3
5402	2
5403	2
5404	2
5406	1
5407	3
5408	2
5409	1
5410	1
5411	2
5412	3
5413	1
5416	2
5417	2
5418	3
5421	3
5422	3
5423	1
5424	3
5425	1
5427	3
5428	2
5429	2
5431	2
5432	1
5433	2
5435	3
5436	2
5439	1
5440	4
5442	3
5443	5
5445	3
5446	3
5447	3
5448	3
5449	1
5450	1
5451	5
5452	2
5453	2
5454	3
5455	3
5456	1
5457	1
5458	1
5459	2
5460	4
5461	3
5462	2
5463	2
5464	1
5465	4
5466	1
5467	4
5468	3
5470	2
5471	4
5472	1
5473	2
5474	3
5475	2
5476	4
5477	1
5478	2
5479	1
5480	2
21864	1
5481	4
5483	1
5484	3
5486	4
5488	2
5489	1
5490	3
21875	1
5492	4
5493	2
5494	2
5495	2
5496	2
5497	3
5498	1
21882	1
5499	5
5500	2
5501	4
5502	2
5503	1
5504	2
5505	2
5506	1
5507	1
5508	3
5509	1
5510	4
5511	2
5512	1
5513	3
5514	1
5515	2
5516	3
5517	2
5518	2
5519	4
5520	3
5521	1
5522	2
5523	3
5524	3
5525	3
5526	2
5528	1
5529	1
5530	3
5532	3
5533	2
5534	2
5535	4
5536	2
5537	1
5538	1
5539	1
5541	1
5542	1
5543	1
5544	1
5545	2
5546	2
21930	1
5547	2
5548	3
5549	1
5550	3
5551	2
5552	4
5553	3
5554	1
5555	1
5556	3
5557	3
5558	2
5559	2
5560	1
5563	4
5564	1
5565	2
21949	1
5566	6
5567	2
5569	1
5570	4
5571	3
5572	1
5573	1
5574	2
5575	4
5576	2
5577	2
5578	2
5579	3
5580	1
5581	2
5582	3
5583	1
5584	2
5585	4
5586	1
5587	2
5588	4
5590	2
5592	3
5593	1
5594	1
5596	2
5597	3
5600	1
5601	5
5602	1
5603	5
5604	1
21988	1
5605	1
5606	1
5607	3
5609	1
5610	1
5611	1
5612	5
5613	2
5615	1
5617	5
5618	2
5619	3
5620	1
5623	2
22007	1
5624	2
5625	1
5626	1
5628	2
5629	2
5630	2
5631	2
5633	3
5634	1
5635	1
5636	3
5637	2
5638	1
5639	2
5640	3
5641	2
5642	1
5643	5
5644	1
5645	2
5646	2
5647	1
5648	1
5649	3
5650	1
5651	4
5652	4
5653	4
5654	3
5655	2
5656	3
5657	1
5658	2
5661	2
5663	1
5664	1
5665	3
5666	2
5667	4
5668	2
5669	2
5671	3
5672	3
5673	2
5674	4
5676	1
5677	2
5678	5
5679	2
5680	7
5681	1
5682	2
5683	1
5685	3
5687	2
5688	2
5689	4
5690	4
5691	4
5692	2
5693	2
5694	3
5696	2
5697	1
5702	1
5703	3
5704	2
5706	3
22091	1
5708	2
5709	1
5710	2
5711	2
5712	2
5713	6
5714	2
5715	2
5716	2
5717	3
5718	3
22102	1
5719	3
5720	2
5721	1
5722	3
5723	3
5726	1
5727	2
5728	3
5729	2
5730	3
5731	1
5732	3
5733	1
5734	1
5735	3
5736	3
22120	1
5737	2
5738	4
5741	2
5742	2
5743	3
5745	4
5746	2
5747	4
5748	1
5750	2
5751	2
5752	1
5753	1
5754	1
5755	3
5756	1
5757	2
5758	2
5759	2
5760	1
5761	3
5762	1
5763	1
5764	4
5766	3
5767	5
5768	3
5769	3
5771	2
5772	2
5773	1
5774	4
5776	3
5777	4
5778	1
5780	2
5781	1
5782	2
5783	1
5784	2
5786	1
5787	4
5788	1
5789	1
5790	2
5791	1
5792	5
5793	4
5794	1
5795	1
5796	3
5797	2
5798	2
5799	1
5800	3
5801	2
5802	1
5803	1
5806	2
5807	2
5808	1
5809	1
5810	2
5811	1
5812	1
5813	1
5816	1
5818	1
5819	1
5820	2
5822	3
5823	2
5824	1
5826	5
5829	2
5830	1
5831	2
5832	1
5833	1
5834	2
5835	2
5837	1
22221	1
5838	1
5839	1
5840	4
5841	3
5842	2
22227	1
5844	2
5847	1
5848	1
5849	1
5850	2
5851	2
5852	1
5853	1
5855	2
5856	1
5857	1
5861	2
5862	1
5864	2
5865	1
5866	2
5867	2
5869	1
5870	2
5871	2
5872	2
5874	2
5875	2
5876	1
5878	3
5879	2
22263	1
5880	1
5881	1
5882	1
5884	1
5885	3
5886	4
5888	3
5889	1
5890	4
5891	1
5892	3
5893	1
5894	2
5895	1
5896	1
5897	1
5898	3
5899	4
5900	2
5903	2
5906	1
5907	1
5908	2
5910	2
5913	1
5914	1
22298	1
5916	4
5917	1
5918	1
5919	2
5920	3
22304	1
5922	1
5923	1
5925	3
5926	4
5927	2
5928	3
5930	1
5931	4
5932	1
5936	2
5937	4
5939	1
5940	1
22324	1
5941	1
5942	2
5943	1
5944	2
5945	1
5947	4
5948	1
5950	1
22338	1
5954	1
5955	1
5957	1
5958	3
5959	1
5960	1
5961	1
5962	3
5963	1
5964	1
5965	1
5966	1
5967	3
5969	1
5970	2
5971	1
5972	3
5973	3
5974	1
5976	1
5977	3
5978	2
5979	1
5981	2
5982	1
5983	1
5985	2
5986	1
5987	3
5988	1
5989	3
5990	1
5991	1
5994	4
5995	1
5997	1
5998	2
6000	1
6001	3
6002	2
6003	2
6004	2
6005	2
6006	1
6007	1
6008	1
6009	3
6010	6
6012	2
22397	1
6013	1
6014	2
6015	2
6016	1
6017	1
6018	2
6019	2
6020	2
6021	4
6022	1
6023	2
6024	3
6025	1
6026	3
6027	3
6028	3
6029	1
6030	1
6032	2
6033	1
6035	1
6036	2
6037	2
6038	2
6040	3
6041	1
6042	2
6043	4
6044	2
6047	2
6048	1
6049	4
6050	2
6051	2
6052	2
6053	1
6054	4
6055	1
6056	4
6057	3
6058	2
6059	1
6060	2
6061	1
6062	1
6063	2
6064	1
6065	1
6066	2
6067	2
6068	3
6069	1
6070	1
6072	1
6075	1
6076	3
6077	2
6078	1
6079	3
6080	1
6081	3
6082	2
6083	2
6084	1
6085	3
6086	2
6087	1
6088	1
6089	1
6090	3
6091	3
6092	2
6093	3
6094	3
22478	1
6095	1
6096	2
6100	3
6102	4
6103	1
6104	2
6105	3
6106	1
6108	2
6109	3
6112	2
6114	3
6115	1
6116	3
6119	1
6120	1
6121	3
6122	2
6123	5
6124	1
6126	3
6127	2
6128	1
6130	3
6132	5
6134	3
6139	1
6140	3
6142	1
6143	3
6144	1
6145	2
6146	1
6149	1
6150	2
6151	4
6152	2
6153	3
6154	1
6155	2
6156	2
6157	1
6158	1
6159	3
6161	5
6162	1
6163	1
6164	1
22548	1
6166	4
6167	2
6168	3
6169	1
6170	1
6171	2
6173	3
6174	1
6175	2
6176	3
6177	2
6178	1
6182	1
6183	2
6185	4
6186	2
6187	1
6188	1
6189	3
6190	3
6191	1
6192	1
6193	2
6194	1
6195	2
6196	1
6197	3
6198	1
6199	3
6200	1
6201	2
6202	1
6204	1
6207	1
6208	1
6209	1
6211	3
6212	3
6213	1
6215	2
22600	1
6217	1
6218	3
22603	1
6219	2
6221	1
6222	2
6223	2
6224	1
6225	5
6226	1
6227	1
6229	3
6230	1
6231	6
6232	2
6234	1
6235	1
6236	1
6237	1
6238	1
6239	2
6240	1
6241	2
6242	1
6243	2
6244	2
6246	1
6247	2
6248	2
6249	1
6250	2
22634	1
6251	2
6253	1
6255	2
6258	1
22643	2
6260	2
6261	1
6263	2
6264	2
6265	3
6266	1
6267	2
6269	1
6270	1
6273	2
6274	2
6275	1
6277	1
6278	3
6279	1
6280	5
6281	3
6284	1
6285	3
6287	1
6288	3
6289	1
6290	1
6292	2
6293	1
6295	1
6296	2
6297	2
6298	2
6299	2
6301	1
6302	3
6303	2
22688	1
6305	2
6306	2
6307	1
6308	1
6310	1
6311	4
6317	3
6318	2
6321	2
6324	4
6325	1
6327	1
6328	3
6329	2
6330	2
6334	3
6335	3
6337	2
6338	1
6340	2
6341	1
6342	1
6343	1
6344	4
6346	1
6347	1
6348	2
6349	3
6351	2
6352	3
6353	1
6354	2
6355	1
6357	2
6359	2
6360	2
6361	1
6362	1
6366	1
6367	1
6368	2
6369	2
6371	3
6373	1
6374	1
6375	2
6376	1
6379	1
6380	2
6383	1
6384	4
6386	3
6388	2
6389	1
6390	2
6391	1
6393	1
6394	1
6396	1
6397	1
6398	1
6401	2
6402	1
6403	2
6404	4
6405	1
6406	1
6407	1
6409	2
6411	4
22795	1
6413	1
6414	1
6415	2
6416	1
6417	2
6418	2
6419	2
6421	2
6422	1
6425	3
6426	1
6427	1
6429	1
6430	1
6431	1
6432	1
6434	2
6436	1
6438	2
6442	1
6444	3
6445	2
6446	3
6448	2
6451	1
6452	2
6454	1
6456	3
6457	1
6460	1
6461	1
6462	1
6464	2
6465	1
6467	1
6470	1
6471	1
6474	2
6477	2
6478	2
6479	1
6480	3
6481	1
6483	1
6484	1
6485	2
6487	2
6488	2
6489	2
6490	3
6491	1
6494	1
6495	1
6496	2
6498	1
6499	1
6500	1
6502	4
6503	1
6504	1
6506	1
6507	2
6508	1
6509	1
6510	3
6511	1
6512	1
6513	1
6514	1
6515	1
6519	1
6521	1
6522	3
6523	1
6524	1
6525	1
6526	1
6527	1
6529	2
6530	1
6531	1
6533	1
6534	1
6535	2
6536	1
6537	1
6538	3
6539	2
6540	1
6541	2
6542	1
6543	2
6545	1
6546	2
22931	1
6547	1
6548	1
6549	3
6550	3
6551	1
6552	1
6556	2
6558	2
6559	3
6562	3
6563	2
6564	1
6565	1
6567	2
22952	1
6568	1
22953	1
6570	2
6572	1
6573	2
6574	1
6575	1
6576	1
22961	1
6581	1
6583	1
6584	3
6585	2
6586	1
6587	3
22972	1
6588	2
6589	1
6593	1
6595	3
6596	2
6597	2
6598	1
6600	1
6602	3
6603	2
6604	1
6607	1
6608	2
6609	1
6610	3
6611	3
6612	1
6614	1
6615	1
6616	2
6618	4
6619	2
6620	1
6621	1
6622	2
6623	2
6624	1
6625	1
6627	1
6628	2
6629	2
6631	3
6633	2
6634	2
6635	1
6637	5
6638	1
6639	1
6642	2
6645	4
6646	2
6648	2
6649	3
6650	2
6652	1
6653	3
6654	1
6656	2
6657	1
6658	1
6660	4
6662	2
6663	1
6664	1
6670	1
6672	1
6673	1
6674	1
6678	2
6679	1
6680	1
6682	1
6683	1
6685	1
6686	3
6687	1
6688	1
6689	1
6690	1
6691	2
6692	1
6693	1
6694	3
6695	2
6696	1
6697	1
6698	1
6699	1
6701	2
6702	1
6703	2
6707	1
6708	2
6710	2
6711	1
6713	1
6715	3
6717	1
6718	2
6719	2
6723	1
6724	2
6725	1
6726	1
23110	1
6728	1
6729	1
6730	1
6731	1
6732	4
6733	2
6734	1
6735	1
6736	3
6738	3
6739	2
6741	1
6742	1
6743	5
6744	2
6745	1
6748	2
6750	2
23134	1
6751	1
6752	1
6754	1
6755	3
6757	2
6758	2
6759	2
6761	1
6762	1
6763	2
6764	1
6766	1
6768	2
6769	1
6770	1
6771	4
23155	1
6772	1
6773	2
6774	2
6775	1
6777	4
6778	1
6779	2
6781	3
6785	4
6786	1
6787	2
6788	2
6790	1
6793	4
6794	3
6795	1
6796	1
6797	4
6798	2
6799	1
6802	1
6804	3
23188	1
6805	1
6808	2
6809	1
6810	1
6811	1
6812	1
6813	2
6814	1
6816	3
6817	3
6818	1
6819	1
6820	1
6821	1
6824	2
6825	1
6827	1
6829	2
6830	2
6832	1
6833	1
6834	3
6839	2
6840	1
6842	1
6845	1
6846	3
6848	2
23232	1
6849	1
6850	1
6853	1
6854	1
6855	1
6857	1
6859	1
6860	1
6862	1
6863	1
6864	1
6866	2
6868	4
6869	2
6870	2
6872	1
6873	3
6874	1
6879	2
6880	1
6882	2
6883	2
6885	1
6886	1
6890	1
6891	1
6893	3
6894	1
6895	3
23279	1
6896	3
23280	1
6897	2
6898	1
6899	1
6900	2
6901	1
6902	2
6904	1
6907	3
6909	2
6912	1
6914	1
6915	3
6916	1
6917	3
6918	1
6919	1
6921	3
6922	1
6924	1
6925	3
6927	1
6928	1
6930	3
6932	2
6933	2
6935	2
6937	1
6939	1
6940	3
6941	2
6942	1
23326	1
6944	1
23329	1
6947	1
6949	1
6955	2
6957	1
6959	1
6960	2
6961	1
6963	1
6964	1
6965	1
6966	1
6967	2
6968	1
6969	2
6970	3
6971	1
6974	1
6977	1
6979	1
6980	2
6981	1
6982	2
6985	2
6988	1
6989	2
6990	1
6991	1
6993	1
6994	2
6995	2
23379	1
6996	3
23380	1
6998	1
6999	1
7000	1
7001	1
7002	2
7003	2
7004	1
7005	1
7006	1
7008	5
7009	1
7010	2
7011	1
7013	1
7014	1
7015	2
7016	1
7018	1
7019	3
7021	1
7022	2
7023	1
7024	1
7025	2
7027	1
7028	1
7029	2
7030	1
7031	1
7032	1
7033	2
7034	2
7035	2
7036	2
23421	1
7037	2
7039	3
7040	1
7044	1
7046	2
7049	2
7050	3
7051	2
7053	1
7055	1
7057	1
7058	2
7060	1
7061	1
7062	2
7063	1
7067	1
7068	4
7069	1
7071	1
7072	1
7074	1
7075	1
7077	1
7078	1
7079	1
23463	1
7080	1
7082	1
23467	1
7086	1
7087	1
7088	1
7089	1
7092	2
7093	1
7094	3
7096	1
7097	2
7099	1
7100	2
23485	1
7101	1
7103	3
23488	2
7104	1
23489	1
7105	2
7106	2
7107	1
23494	1
7111	3
7112	2
7113	2
23498	1
7118	1
7119	2
7121	1
7125	1
7126	1
7129	1
7130	1
7131	2
7134	1
7135	1
7136	1
7138	1
7139	1
7140	2
7142	1
7144	1
7145	1
7147	2
7149	1
7150	2
7152	1
7153	2
7154	1
7156	2
7158	2
7159	1
7160	3
7161	2
7166	1
7167	1
7169	1
7170	1
7172	2
7173	2
7174	3
7177	1
7179	2
7181	1
7182	3
7184	1
7187	1
7188	4
23573	1
7190	1
7191	1
7192	1
7193	1
7194	1
7195	2
7196	1
7197	1
7198	2
7199	1
7200	2
7201	1
7202	1
7205	1
7206	3
7208	2
7211	1
7212	1
7214	1
7215	1
7216	2
7218	1
7219	1
7221	1
7225	1
7226	2
7228	2
7229	1
7232	2
7235	1
7236	1
7238	1
7241	1
7242	2
7244	1
7245	1
7248	2
7251	1
7256	2
7258	1
7261	1
7264	1
7267	1
7269	1
7270	1
7272	1
7274	1
7275	2
7278	1
7279	2
7280	1
7282	1
7283	2
7285	1
7287	1
7288	1
7290	2
7291	1
7294	1
7295	2
7296	1
7302	4
7305	1
7306	1
7307	1
7308	1
7309	3
7310	2
23698	1
7315	1
7317	2
7319	1
7321	3
7324	1
7326	2
7327	2
7328	1
7331	1
7332	3
7333	2
23718	1
7334	2
7335	2
23721	1
7338	1
7341	1
7343	3
7344	2
7345	1
7346	3
7347	2
7349	2
7350	2
7352	1
7353	2
7354	1
7355	1
7356	1
7357	1
7358	3
7360	1
7363	1
7364	2
7366	1
7369	1
7372	1
7375	1
7378	1
7379	1
7381	1
7382	1
7383	1
7385	3
7388	1
7389	1
7390	1
7393	1
7394	1
7395	1
7396	1
7398	1
7399	2
23784	1
7401	2
23787	1
7405	1
7406	1
23791	1
7409	1
7410	2
7411	1
7412	1
7414	1
7420	1
7422	2
7423	1
7424	1
7425	2
7426	3
7427	1
7429	3
7430	1
7431	1
7432	1
7433	2
7434	1
23819	1
7438	1
7439	1
7440	1
7441	1
7446	2
7448	2
23833	1
7450	2
7454	2
7455	1
7456	1
7457	1
7461	1
7462	1
7463	1
7464	1
7466	1
7467	1
7469	1
7470	5
7472	1
7473	1
7477	1
7479	4
7482	2
23868	1
7484	1
7485	3
7486	1
7488	2
7490	3
7493	2
7494	1
7495	1
7498	1
7499	1
7500	1
7501	1
7506	1
7507	1
7508	1
7509	1
7510	1
7511	1
7512	1
7513	1
7514	2
7517	1
7523	1
7525	2
7526	1
7527	1
7530	1
7531	3
7532	1
7533	2
7534	1
7535	1
7536	1
7537	2
7540	2
7541	1
7542	3
7543	1
7544	2
7545	1
7547	1
7549	1
7550	2
7551	1
7553	1
7554	1
7555	1
7556	2
7558	3
7559	1
7562	1
7563	1
7567	1
7569	1
7570	1
7571	1
7572	1
7573	3
7574	2
7581	2
7583	1
7584	1
7587	1
7589	2
7590	2
7592	1
7593	1
7594	2
7596	1
7597	1
7598	1
7599	1
7600	1
7602	1
7606	1
7609	1
7610	2
7611	1
7612	2
7613	1
7614	3
7615	1
7616	3
7618	2
7621	2
7622	1
7625	1
7626	1
7628	1
7629	1
7630	2
7633	1
7635	2
7636	1
24021	1
7637	1
7640	1
7641	1
7642	3
7644	1
7646	2
7648	1
7649	1
7651	1
7652	1
7653	1
7654	2
7659	1
7660	1
7661	3
7662	1
7663	2
7665	1
7666	1
7667	2
7668	1
7669	1
7670	1
7671	2
7672	4
7673	1
7674	1
7676	1
7677	1
7678	1
7679	1
7680	4
24066	1
7683	2
7687	1
7688	2
7689	1
7692	3
7693	1
7695	1
7696	2
7699	2
7700	1
7703	2
7704	1
7706	1
7707	1
7708	1
7714	1
7715	2
7716	1
7718	1
7722	3
24109	1
7726	1
7729	1
7730	1
7731	1
7736	1
7737	2
7739	1
7740	1
7742	1
24126	1
7743	1
7751	2
7753	1
7754	1
7755	2
7758	1
7760	2
7761	1
7762	1
7764	1
7765	1
7766	1
7769	2
7772	1
7775	1
7777	1
7779	2
7783	2
7788	1
7790	2
7791	1
7792	1
7793	1
7795	1
7796	1
7798	1
7799	1
7800	1
7801	1
7802	2
7803	2
7805	1
7807	3
7811	1
7813	1
7815	1
7817	2
7820	1
7821	1
7827	2
7828	1
7830	1
7831	1
7833	1
7839	1
7840	1
7841	1
7842	2
7844	1
7845	2
7848	1
7851	2
7853	2
7855	2
7857	4
24241	1
7861	2
7867	2
24253	1
7870	1
7873	1
7876	3
7878	1
7879	1
7881	1
7882	1
7885	1
7886	1
7887	1
7888	2
7891	1
7892	1
7895	1
7896	1
7898	1
7899	1
7902	1
7903	1
7909	1
7911	2
7914	1
7916	2
7919	3
7920	1
7921	1
7922	1
7923	1
7924	1
7925	1
7926	1
7927	1
7931	1
7932	1
7934	2
7937	1
7939	1
7940	1
7941	1
7943	2
7944	1
7945	2
7947	1
7953	1
7955	1
7956	1
7958	2
7960	1
7961	1
7963	1
7964	1
7969	2
7971	3
7975	1
7976	1
7978	1
7979	1
7980	1
7981	1
7982	1
7983	1
7986	1
7987	1
7990	1
7991	1
7995	2
7996	2
7998	1
8002	1
8004	2
8006	1
8013	1
8016	1
8018	2
8020	1
8022	3
8032	1
8034	1
8035	1
8036	1
8037	2
8040	1
24425	1
8043	1
8045	2
8046	1
24431	1
24433	1
8049	2
24434	1
8050	1
8054	1
8055	1
8057	1
8060	1
8061	1
8062	1
8064	1
8065	1
8066	2
8068	1
8070	2
8073	2
24457	1
8075	1
8079	2
8080	1
8081	1
8082	2
8083	1
8085	2
8087	1
8088	1
8092	2
8094	1
8096	1
8097	1
8099	1
8101	1
8102	1
24487	1
8105	1
8106	1
8109	2
8111	1
8113	1
24501	1
8120	1
8121	1
8123	1
8126	2
8129	2
8131	2
8135	1
8137	1
8139	1
8140	1
8142	1
8144	1
8148	2
8150	1
8152	2
8154	1
8160	3
8161	1
8162	2
8164	1
8165	1
8167	2
8168	1
8170	1
8172	1
8173	1
8177	1
8181	2
8182	1
8184	1
8185	1
8187	3
8188	2
8189	1
8191	1
8192	1
8193	1
8196	1
8197	2
8201	2
8202	2
24589	1
8209	1
8212	1
8213	1
8214	1
8215	2
8216	2
8217	1
8219	1
8221	1
8223	1
8225	2
8228	2
8234	1
8236	2
8237	3
8238	1
8247	1
8248	1
8251	1
8252	2
8253	1
8256	1
8262	1
8263	1
8266	1
8271	2
8272	1
8276	1
8278	1
8281	1
8283	1
8288	1
8290	1
8291	1
8292	1
8293	1
8296	1
8297	1
8305	1
8306	2
8308	1
8309	2
8310	1
8311	1
8312	2
8315	1
8318	3
8320	1
8321	1
8322	1
8329	1
8332	1
8334	2
8335	1
8339	1
8341	2
8342	1
8344	1
8351	1
8354	1
8362	1
8364	1
8365	1
8366	1
8367	1
8369	1
8371	1
8372	1
8374	2
8378	1
8380	1
8381	1
8382	1
8383	1
8385	1
8387	1
8388	2
8394	1
8400	2
8401	1
8406	1
8407	1
8409	1
8410	1
8413	1
8414	1
8415	1
8419	1
24806	1
8424	1
8428	1
8429	1
8433	1
8434	1
8436	2
8440	1
8443	1
8447	1
8449	1
8454	3
8457	1
8459	1
8462	1
8463	1
8465	2
8466	1
8467	1
8470	3
8480	1
8481	1
24866	1
8485	1
8489	1
8490	1
8491	2
8492	1
8494	1
8496	1
8497	1
8500	1
8502	1
8503	1
8507	2
8508	1
8509	1
8511	1
8512	1
8515	1
8516	1
8518	1
8521	1
8522	1
8523	1
8526	1
8527	1
8531	1
8534	1
8539	2
8543	1
8544	1
8545	1
8548	1
8550	2
8551	2
8554	2
8555	2
8563	1
8564	1
8570	2
8571	2
8573	2
8574	1
8579	1
8584	1
8586	1
8587	1
8588	1
8589	1
8590	1
24975	1
8595	1
24982	1
8599	1
8603	1
8607	1
8608	1
8611	2
8615	2
25002	1
8619	2
8620	1
8621	1
25006	1
8624	1
8626	1
8627	1
8628	1
8630	1
8632	1
8633	1
8634	3
8635	2
8641	1
8647	1
8649	1
8653	1
8656	1
8657	1
8659	1
8661	1
8669	1
8670	1
8671	1
8673	1
8674	2
8677	1
8679	2
8683	1
8684	1
8685	3
8687	1
8688	1
8689	1
8692	1
8696	2
8697	1
8700	1
8704	1
8705	1
8706	1
8707	2
8710	1
8712	1
8714	1
8716	1
8719	1
8720	1
8721	1
8722	1
8723	1
8724	2
8727	1
8729	1
8730	1
8731	1
8735	1
8741	2
8742	1
8747	1
8748	1
8749	1
8751	1
8753	1
8755	1
8756	1
8757	1
8761	1
8763	2
8765	1
8770	1
8775	1
8778	1
8780	1
8781	3
8782	2
8783	1
8785	1
8790	1
8793	1
8795	1
8796	2
25183	1
8807	1
8810	1
8811	1
8812	1
25197	1
8814	3
25199	1
8816	1
8818	1
8819	2
8821	2
8822	1
8825	1
8826	3
8828	1
8829	1
8830	1
8832	1
8835	1
8838	1
8840	1
8841	1
8849	1
8850	1
8853	1
8854	1
8857	1
8862	1
8867	1
8871	2
8875	1
25260	1
8880	1
8883	1
8886	1
8890	1
8898	3
8901	1
8902	1
8904	1
8907	1
8914	1
8915	2
8919	1
8920	1
8924	1
8925	1
8926	1
8928	2
8929	1
8937	1
8938	1
8939	1
8940	1
8942	1
8947	1
8953	2
8954	3
8955	3
8960	1
8968	1
8969	1
8970	2
8976	1
8978	1
8986	1
8990	1
8993	1
8997	2
8999	1
9000	1
9006	1
9007	1
9008	1
9009	1
9010	1
9012	2
9016	1
9020	1
9022	1
9023	2
9025	1
9026	1
9028	1
9029	2
9030	2
9031	1
9033	1
9036	2
9039	1
9045	1
9049	1
9052	1
9054	1
9056	1
9057	1
9058	1
9064	2
9067	1
9069	1
9073	2
9074	2
9080	1
9083	1
9084	2
9086	1
9091	3
9093	1
9094	3
9096	1
9099	1
9103	1
9108	1
9115	1
9117	1
9119	2
9120	1
9121	2
9122	1
9125	1
9131	1
9132	1
9134	1
9137	1
9138	1
9139	1
9144	1
9154	5
9157	1
9160	1
9172	1
9175	1
9180	1
9183	1
9184	1
9185	1
9187	1
9189	1
9193	3
9194	1
9198	1
9199	1
9201	1
9204	1
9206	1
9207	1
9212	1
9214	1
9215	1
9218	1
9225	1
9232	2
9243	1
9246	1
9248	1
9249	2
9253	1
9258	2
9264	1
9268	1
9271	1
9272	1
9275	1
9278	1
9280	1
9282	1
9287	1
9291	1
9299	1
9302	1
9304	1
9305	1
9306	1
9308	2
9310	1
9312	1
9325	1
9326	1
9330	1
9331	1
25717	1
9333	2
9335	1
9336	1
9337	1
9340	1
9344	1
9347	1
9349	1
9350	1
9353	1
9356	1
9360	1
9362	1
9364	1
9368	1
9370	1
9382	1
9384	1
9390	1
9393	5
9400	1
9405	1
9407	1
9410	1
9414	1
9417	1
9418	1
9420	2
9422	2
9423	1
9426	1
9430	1
9431	1
9434	1
9435	1
9437	1
9439	1
9441	2
9449	1
9451	1
9455	2
9459	1
9465	1
9468	2
9470	1
9471	1
9478	2
9479	1
9480	1
9481	1
9485	1
9486	1
9491	1
9492	1
9494	1
9495	2
9497	1
9498	1
9504	1
9505	1
9507	1
9509	1
9514	1
9517	1
9519	1
9524	1
9527	1
9534	1
9536	1
9543	1
9546	1
9553	1
9557	1
9561	1
9564	1
9565	1
9570	1
9573	1
9579	1
9582	1
9583	1
9585	2
9599	1
9600	1
9607	1
9608	1
9610	1
9612	1
9614	1
9616	2
9620	1
9622	2
9623	1
9627	1
9631	1
9642	1
9646	1
9649	1
9650	2
9655	1
9660	1
9663	1
9666	1
9668	1
9671	1
9678	1
9679	1
9681	2
9682	1
9685	2
9688	1
9694	1
9695	1
9696	1
9699	1
9702	1
9705	1
9708	1
9710	1
9711	1
9712	1
9717	2
9721	1
9722	1
9731	1
9734	1
9740	1
9744	1
9752	1
9755	1
9760	1
9766	1
9767	1
9768	1
9769	1
9770	2
9775	1
9779	1
9780	1
9784	1
9787	1
9791	1
9794	2
9808	1
9810	1
9811	1
9812	1
9813	1
9823	1
9824	2
9828	1
9831	3
9832	3
9835	1
9842	1
9843	1
9847	1
9851	1
9854	1
9856	1
9858	1
9862	1
9864	1
9875	1
9881	1
9882	1
9884	1
9887	1
9890	1
9893	2
9899	1
9901	1
9903	1
9918	1
9922	2
9923	1
9925	1
9946	1
9951	1
9952	1
9953	1
9954	1
9958	2
9963	1
9969	1
9970	2
9972	1
9973	1
9974	1
9978	1
9984	2
9987	1
9988	1
9989	1
10000	1
10001	1
10002	1
10005	1
10011	1
10040	1
10041	2
10043	1
10045	1
10046	2
10059	1
10063	2
10077	1
10083	1
10084	2
10085	1
10090	1
10092	2
10093	1
10095	1
10100	1
10101	1
10105	1
10108	1
10112	1
10114	1
10117	1
10118	1
10121	1
10122	1
10123	1
10125	1
10130	2
10133	1
10134	2
10135	1
10142	1
10143	1
10146	1
10147	1
10153	1
10157	1
10159	1
10161	1
10162	1
10164	1
10165	1
10172	1
10181	2
10182	1
10185	1
10186	1
10188	1
10198	1
10200	1
10202	1
10205	1
10225	1
10227	2
10233	1
10239	1
10241	1
10242	1
10245	1
10246	1
10249	1
10250	1
10257	2
10258	1
10265	1
10268	1
10269	1
10270	1
10278	1
10287	1
10289	1
10290	1
10295	1
10299	1
10302	2
10304	1
10306	1
10310	1
10313	1
10314	1
10316	2
10321	2
10324	1
10330	1
10334	1
10339	1
10340	1
10342	1
10344	1
10346	1
10349	1
10353	1
10357	1
10362	2
10368	1
10370	1
10376	1
10382	1
10384	2
10386	1
10390	2
10392	1
10394	1
10396	1
10397	1
10403	1
10404	1
10408	1
10422	2
10424	2
10427	2
10435	1
10439	1
10446	1
10448	1
10461	2
10466	1
10477	1
10479	1
10482	1
10483	1
10485	1
10488	2
10493	1
10497	1
10498	1
10507	2
10510	1
10514	1
10517	1
10523	1
10531	1
10532	2
10533	1
10534	1
10538	1
10543	1
10544	1
10546	1
10548	1
10553	1
10554	1
10559	1
10560	1
10568	1
10569	1
10573	2
10584	1
10588	1
10590	1
10591	1
10593	1
10599	1
10601	1
10603	1
10605	1
10612	1
10614	1
10617	1
10622	3
10623	1
10624	1
10627	1
10628	1
10629	1
10631	2
10632	1
10636	2
10637	1
10641	1
10642	1
10643	1
10647	1
10654	1
10662	1
10666	2
10667	1
10672	1
10674	1
10679	1
10683	1
10685	1
10691	1
10694	2
10695	1
10698	1
10700	1
10701	1
10703	1
10704	1
10713	1
10714	1
10718	1
10719	1
10720	1
10722	1
10734	1
10735	1
10736	1
10746	1
10752	1
10757	1
10758	2
10776	1
10782	1
10785	1
10789	2
10792	1
10793	1
10796	1
10802	3
10803	1
10810	1
10813	1
10815	1
10817	1
10825	1
10826	1
10828	1
10846	3
10849	1
10851	1
10852	1
10855	1
10857	1
10860	1
10862	1
10870	2
10874	1
10876	1
10878	1
10886	1
10888	1
10889	1
10891	1
10896	1
10899	1
10903	1
10904	1
10912	2
10913	1
10919	2
10924	2
10927	2
10935	1
10945	1
10957	1
10958	1
10960	1
10964	1
10969	1
10971	3
10981	1
10984	1
10985	1
10987	1
10991	1
10998	1
11001	1
11002	2
11003	1
11007	1
11008	1
11012	1
11015	1
11022	1
11036	1
11047	3
11050	2
11052	3
11056	1
11058	1
11065	1
11076	1
11086	1
11093	3
11095	1
11100	1
11101	1
11115	1
11125	1
11128	1
11129	1
11130	1
11131	1
11136	1
11140	1
11142	1
11143	1
11145	1
11149	1
11154	1
11156	1
11158	1
11164	2
11165	1
11168	1
11170	1
11174	1
11179	2
11191	1
11193	1
11198	1
11199	1
11202	1
11208	2
11213	1
11215	1
11218	1
11219	1
11222	1
11226	1
11229	1
11230	1
11236	1
11237	1
11238	2
11239	1
11245	2
11248	1
11252	2
11256	1
11257	1
11262	1
11263	1
11274	1
11279	2
11280	1
11282	1
11283	2
11296	1
11297	1
11307	1
11308	1
11318	1
11323	1
11327	1
11329	1
11332	1
11342	2
11344	1
11345	1
11349	1
11353	1
11356	1
11367	1
11375	2
11380	1
11382	1
11387	1
11391	1
11396	1
11399	1
11402	1
11408	1
11413	1
11421	1
11423	1
11428	1
11429	1
11441	1
11473	2
11476	2
11479	1
11482	1
11491	1
11493	1
11502	1
11509	1
11520	1
11535	1
11537	1
11541	1
11547	1
11552	2
11563	1
11565	1
11569	2
11571	1
11575	1
11579	1
11582	1
11584	1
11595	1
11602	2
11605	1
11615	1
11619	3
11629	1
11630	1
11632	1
11634	1
11654	1
11660	2
11672	1
11673	1
11674	1
11675	1
11680	1
11684	1
11686	2
11687	1
11689	2
11695	1
11701	2
11703	1
11705	1
11706	1
11732	1
11743	1
11744	1
11757	1
11759	1
11763	1
11767	1
11770	1
11775	1
11778	1
11779	1
11780	1
11788	1
11791	1
11792	1
11803	1
11810	1
11811	2
11817	1
11823	2
11825	1
11826	1
11829	1
11831	1
11832	1
11842	1
11848	3
11852	1
11853	1
11854	1
11858	1
11860	1
11866	1
11868	1
11872	2
11876	1
11877	1
11879	1
11887	1
11889	2
11895	1
11903	1
11906	1
11915	1
11920	2
11921	1
11923	1
11931	1
11932	2
11935	1
11938	1
11940	2
11946	1
11947	1
11948	1
11958	1
11966	1
11972	1
11988	1
11996	1
11997	1
11999	1
12001	1
12012	1
12017	1
12019	1
12020	1
12021	1
12025	1
12027	1
12039	1
12043	1
12053	1
12054	1
12057	1
12059	2
12066	1
12067	1
12072	1
12073	1
12081	1
12082	1
12090	1
12091	1
12100	1
12103	1
12106	1
12116	1
12117	1
12133	2
12143	1
12144	1
12160	1
12164	1
12165	1
12171	1
12173	1
12179	1
12181	1
12182	2
12183	1
12188	1
12189	1
12191	2
12193	1
12199	1
12200	1
12205	1
12222	1
12223	2
12228	1
12237	1
12238	1
12240	1
12244	1
12245	1
12258	1
12260	1
12271	1
12272	1
12276	1
12286	1
12287	1
12296	1
12298	1
12300	2
12302	1
12304	1
12307	1
12308	1
12319	2
12323	1
12330	1
12331	1
12339	1
12341	1
12343	1
12344	1
12349	1
12354	1
12361	1
12364	1
12366	1
12369	2
12370	3
12373	2
12385	2
12388	1
12393	1
12397	1
12402	1
12403	1
12406	1
12407	1
12409	1
12413	1
12418	1
12420	1
12425	1
12428	1
12431	2
12432	1
12435	1
12444	1
12459	1
12466	1
12475	1
12479	1
12491	2
12504	1
12505	1
12507	1
12513	1
12518	1
12520	2
12528	1
12533	1
12537	1
12549	1
12558	3
12560	1
12567	2
12570	1
12577	1
12579	1
12593	1
12610	2
12615	1
12621	1
12622	1
12624	1
12633	1
12635	1
12638	2
12639	1
12650	1
12651	1
12669	1
12671	1
12681	2
12685	1
12692	1
12702	1
12704	1
12706	1
12716	1
12720	1
12726	1
12728	1
12734	1
12738	1
12739	1
12744	1
12745	1
12747	1
12750	1
12763	1
12766	1
12771	1
12776	1
12777	2
12797	1
12798	2
12800	1
12802	1
12812	1
12815	1
12822	1
12838	1
12840	1
12847	1
12848	1
12849	1
12854	1
12863	1
12869	1
12870	1
12883	1
12887	1
12890	1
12895	1
12930	1
12934	1
12937	1
12938	1
12942	1
12958	1
12974	1
12979	1
12988	2
12990	1
12995	1
13034	1
13052	1
13057	1
13059	1
13067	1
13096	1
13103	2
13112	1
13116	1
13132	1
13139	1
13143	1
13145	1
13152	1
13159	1
13164	1
13166	2
13168	1
13181	1
13183	2
13185	1
13186	1
13192	1
13194	1
13204	1
13213	1
13224	1
13226	1
13232	1
13233	1
13243	1
13255	1
13264	1
13269	1
13280	1
13287	1
13303	2
13311	2
13333	1
13337	1
13338	1
13339	1
13341	1
13343	1
13349	1
13351	1
13360	1
13363	1
13364	1
13367	1
13371	1
13374	1
13387	1
13390	1
13398	1
13399	1
13420	2
13426	1
13438	1
13449	1
13453	1
13454	1
13456	1
13459	1
13462	1
13469	1
13485	1
13486	1
13489	1
13490	1
13492	1
13505	1
13521	1
13534	1
13536	1
13539	2
13559	1
13566	1
13580	1
13586	1
13598	1
13611	1
13619	1
13629	1
13634	2
13638	1
13645	1
13659	1
13662	1
13666	1
13678	1
13682	1
13691	1
13716	1
13720	1
13722	1
13734	1
13741	1
13745	1
13759	1
13768	1
13776	1
13787	1
13789	1
13791	2
13803	1
13808	1
13810	1
13812	1
13813	1
13816	1
13821	1
13830	1
13831	1
13857	1
13858	1
13867	1
13874	1
13879	1
13880	1
13881	1
13882	1
13896	1
13901	2
13904	1
13906	1
13937	1
13939	2
13946	1
13952	1
13954	1
13958	1
13959	1
13963	1
13965	1
13966	1
13969	1
13970	1
14001	1
14007	1
14012	1
14018	1
14019	1
14021	2
14026	1
14027	1
14030	2
14032	1
14036	1
14038	1
14051	1
14054	1
14060	2
14071	1
14075	1
14083	1
14086	1
14093	1
14112	1
14115	1
14116	1
14118	1
14121	1
14136	1
14137	1
14148	1
14149	1
14150	1
14152	1
14161	1
14162	1
14167	1
14174	1
14180	1
14181	1
14200	1
14206	1
14207	1
14209	2
14216	2
14218	1
14221	1
14223	1
14225	1
14227	1
14228	1
14239	1
14240	1
14246	1
14249	1
14255	1
14256	1
14257	1
14259	1
14265	1
14272	1
14283	1
14285	1
14290	1
14303	1
14323	1
14333	1
14351	1
14354	1
14360	1
14361	1
14363	1
14368	1
14374	1
14376	1
14395	1
14408	1
14412	1
14414	1
14416	1
14429	1
14437	1
14440	1
14441	1
14447	1
14448	1
14456	1
14462	1
14463	1
14464	1
14465	1
14493	1
14494	1
14496	1
14497	1
14516	2
14519	1
14530	1
14532	1
14544	2
14564	1
14567	1
14571	1
14574	1
14586	1
14589	1
14608	1
14614	1
14617	1
14629	1
14630	1
14635	1
14637	1
14642	1
14644	2
14651	1
14655	1
14662	1
14667	1
14671	1
14672	1
14673	1
14674	1
14676	2
14681	1
14694	1
14695	1
14698	1
14703	1
14710	1
14711	1
14712	1
14725	1
14740	1
14742	2
14744	2
14746	1
14747	1
14751	1
14758	1
14767	1
14776	1
14777	1
14783	1
14784	1
14786	1
14793	1
14806	1
14807	1
14808	2
14812	1
14814	1
14836	1
14841	1
14847	1
14849	1
14861	1
14865	1
14868	1
14872	1
14874	1
14875	1
14880	1
14881	1
14893	1
14898	1
14900	1
14906	1
14947	1
14959	1
14974	1
14982	1
14987	1
14989	1
14998	1
15005	1
15016	2
15017	1
15021	1
15036	1
15039	1
15044	1
15046	1
15058	1
15060	1
15069	1
15088	1
15091	1
15093	1
15113	1
15116	1
15117	1
15153	1
15154	1
15165	1
15185	1
15188	1
15206	1
15208	1
15211	1
15217	1
15221	1
15239	1
15247	1
15249	1
15250	1
15260	1
15279	1
15280	1
15293	2
15303	1
15310	1
15317	1
15318	1
15321	1
15328	1
15331	1
15337	1
15343	1
15344	1
15348	1
15350	1
15353	1
15377	1
15392	1
15394	1
15395	1
15398	1
15399	1
15400	1
15407	1
15431	1
15435	1
15440	1
15454	1
15466	1
15472	1
15474	1
15501	1
15509	1
15520	1
15527	2
15530	1
15537	1
15539	1
15546	1
15554	1
15557	1
15577	1
15598	1
15609	1
15612	1
15630	1
15632	2
15633	1
15639	1
15640	1
15676	1
15679	1
15685	1
15689	1
15733	1
15734	1
15736	1
15738	1
15739	1
15740	1
15742	2
15776	1
15815	1
15818	1
15822	2
15832	1
15841	1
15843	1
15844	2
15857	1
15863	1
15877	2
15902	1
15907	1
15910	1
15941	1
15943	1
15945	1
15948	1
15952	1
15953	1
15954	1
15961	1
15969	1
15974	1
16000	1
16011	1
16018	1
16022	1
16036	1
16055	1
16057	1
16071	1
16074	1
16076	1
16105	1
16106	1
16154	1
16184	1
16192	1
16196	1
16197	1
16206	1
16207	1
16208	1
16215	1
16216	1
16221	1
16251	1
16262	1
16279	1
16280	1
16287	1
16291	1
16292	1
16307	1
16336	1
16344	1
16374	1
16376	1
16381	1
