1	9
2	6
3	8
4	1
5	4
6	5
7	5
8	4
9	3
10	6
11	9
12	5
13	4
14	7
15	2
16	7
17	2
18	4
19	10
20	8
21	6
22	5
23	6
24	6
25	5
26	11
27	4
28	8
29	11
16413	1
30	4
31	7
32	4
16416	1
33	6
16418	2
34	4
35	6
36	7
37	9
38	3
39	13
40	2
41	4
42	1
43	3
44	2
45	4
46	5
47	6
16431	1
48	6
49	6
50	7
16434	1
51	7
52	8
53	4
54	8
55	4
16439	1
56	4
57	3
58	1
59	4
60	2
61	4
62	11
63	6
64	6
65	3
66	1
67	6
68	6
69	10
70	3
71	3
72	1
73	5
74	6
75	5
76	4
77	1
16461	1
78	6
79	6
80	3
81	4
82	7
83	4
84	2
85	6
86	5
87	8
88	5
89	7
90	5
91	6
92	2
93	5
94	3
95	5
96	6
16480	1
97	4
98	4
99	4
16483	1
100	5
101	2
102	4
16486	1
103	4
104	8
105	4
106	4
107	6
108	4
109	4
16493	1
110	5
111	5
112	9
113	6
114	6
115	4
116	1
117	7
118	4
119	8
16503	1
120	4
121	3
122	7
123	2
124	8
125	6
126	5
127	5
128	10
16512	1
129	4
130	6
131	3
132	4
133	6
134	8
16518	1
135	8
136	13
137	9
138	6
139	4
16523	1
140	5
16524	1
141	2
142	5
143	9
144	4
145	2
146	5
147	7
148	1
149	3
150	3
151	3
152	5
153	6
16538	1
154	5
155	2
156	2
157	4
158	5
159	1
160	5
161	2
162	4
163	3
164	7
165	2
166	5
16550	1
167	6
168	11
169	7
170	1
171	4
172	10
173	4
174	6
16558	1
175	4
16559	1
176	4
177	1
178	4
179	6
180	9
181	6
182	7
183	5
184	5
185	3
186	7
187	8
188	7
189	4
190	5
16574	1
191	4
192	4
193	2
194	5
195	7
196	8
197	4
198	3
199	7
200	5
201	9
202	5
203	3
204	3
205	3
206	2
207	6
208	3
209	9
210	4
211	4
212	5
213	6
214	8
16598	1
215	5
216	7
217	12
218	6
219	3
220	1
221	3
222	7
223	8
16607	1
224	6
225	9
226	4
227	9
228	4
229	6
16613	1
230	6
231	8
232	4
233	6
234	7
235	7
236	3
237	2
238	4
239	9
240	8
241	4
242	10
16626	1
243	10
244	4
245	10
246	7
247	9
248	3
250	8
251	9
252	4
16636	1
253	5
254	5
255	8
256	5
257	5
258	3
259	3
260	5
261	7
262	3
263	6
264	6
265	6
266	8
267	2
268	3
269	5
270	6
16654	1
271	2
16655	1
272	3
16657	1
273	3
274	6
275	5
276	8
277	8
278	9
279	6
280	8
281	11
282	5
283	4
284	5
285	5
286	8
287	7
288	9
289	7
290	7
291	3
292	8
293	6
294	4
295	4
296	4
297	4
298	6
299	7
300	3
16684	2
301	7
302	5
303	10
304	8
305	7
306	5
307	6
308	3
309	3
310	12
311	6
312	2
313	6
314	8
315	4
316	4
317	8
318	6
319	7
320	6
321	6
16705	1
322	9
323	6
324	2
325	5
326	5
327	3
328	5
329	9
330	4
331	6
332	8
333	7
334	10
335	10
336	4
337	5
338	8
339	8
340	8
341	3
342	5
343	3
344	5
345	7
346	6
347	5
348	6
349	9
350	9
351	7
352	6
353	6
354	3
355	9
356	7
357	6
358	12
359	8
360	5
361	7
362	9
16746	1
363	3
364	4
365	8
366	4
367	5
368	7
369	3
370	7
371	4
372	5
373	5
374	11
375	7
376	5
377	3
378	9
379	8
380	10
381	6
382	10
383	4
384	6
385	9
386	7
387	7
388	5
389	6
390	1
391	5
392	8
393	9
394	10
395	7
396	5
16780	1
397	5
398	10
399	5
400	8
401	4
402	4
16786	1
403	7
404	1
405	3
406	8
407	6
408	5
409	1
410	3
411	9
412	7
413	7
414	8
415	9
416	2
417	3
418	8
419	5
420	3
421	6
422	5
423	4
424	3
425	7
426	3
427	1
428	7
429	4
430	6
431	5
432	7
433	3
434	7
435	4
436	5
437	2
438	8
16822	1
439	5
16823	1
440	7
441	3
442	4
443	5
16827	1
16828	3
444	3
445	5
446	7
447	6
448	5
449	4
450	6
451	6
452	11
453	6
454	9
455	5
456	9
457	10
458	4
459	8
460	8
461	5
462	7
463	8
464	11
465	8
466	4
467	1
468	4
469	5
470	6
471	8
472	6
473	5
474	6
475	3
476	6
477	5
478	3
479	9
480	7
481	4
482	7
483	7
484	6
485	3
486	4
487	5
488	7
489	5
490	4
491	6
492	3
493	8
494	4
495	4
496	6
497	5
498	7
499	1
500	7
501	11
502	5
503	4
16887	1
504	6
505	3
506	3
507	8
508	4
509	2
16893	1
510	4
511	4
512	6
513	4
514	3
515	7
516	6
517	3
518	10
519	5
520	2
521	7
522	3
523	6
524	10
525	4
526	4
527	4
528	3
529	5
530	4
531	5
532	9
16916	1
533	5
16917	1
534	4
535	6
16919	1
536	9
537	9
538	3
539	7
540	7
541	7
542	3
543	3
544	4
545	10
546	6
547	7
548	5
549	6
550	6
551	1
552	2
553	5
554	5
555	9
556	5
557	6
558	5
559	2
560	6
561	7
562	4
16946	1
563	9
16947	1
564	5
565	6
16949	1
16950	1
566	9
567	9
568	7
569	6
570	8
571	7
572	3
573	6
574	4
575	8
576	7
577	2
578	6
579	14
580	6
581	2
582	5
583	5
584	1
585	2
586	9
587	8
588	7
589	7
590	2
591	7
592	5
593	4
594	8
595	5
596	4
16980	1
597	9
16982	1
598	5
599	3
600	5
601	6
602	8
603	4
604	7
16988	1
605	6
606	3
607	6
608	4
609	2
610	10
611	6
612	6
613	3
614	10
615	3
616	9
17000	1
617	6
618	8
619	9
620	3
621	11
622	7
623	6
624	6
625	9
626	4
627	4
628	2
629	3
630	8
631	4
632	5
633	6
634	8
17018	1
635	5
636	4
637	2
638	8
639	6
640	4
641	5
642	3
643	4
644	9
645	9
646	3
647	6
648	3
649	1
17033	1
650	4
651	5
652	10
653	3
654	5
655	6
17039	1
656	5
657	10
658	12
659	3
660	6
661	7
662	5
663	8
664	5
665	3
666	10
667	4
668	9
669	4
670	6
17054	1
671	5
672	3
673	5
674	8
675	6
676	3
677	5
678	6
679	11
680	5
682	4
683	5
684	6
685	3
686	9
687	8
688	1
689	3
690	4
691	5
692	8
693	6
694	5
695	4
696	4
697	5
698	3
699	9
700	6
701	6
17085	1
702	6
703	9
704	9
705	7
706	8
707	3
708	11
709	2
710	2
711	6
712	10
713	5
714	4
715	6
716	5
717	7
17101	2
718	8
719	5
720	8
721	9
722	7
723	7
724	6
725	3
726	7
727	5
728	6
729	7
730	6
17114	1
731	8
732	8
733	2
734	5
735	4
17120	1
736	7
737	10
738	4
739	3
740	5
741	4
742	6
743	4
744	4
745	9
746	2
747	2
748	3
749	8
750	5
751	7
752	5
753	4
754	5
755	7
756	7
757	4
758	4
759	3
760	9
761	3
762	4
17146	1
763	1
764	7
765	5
766	6
767	7
768	3
769	4
770	8
771	4
772	5
773	9
774	10
775	5
776	8
777	6
778	6
779	10
780	6
781	5
782	3
783	5
784	6
785	2
786	4
787	4
17171	1
788	7
789	5
790	7
791	9
17175	1
792	7
793	2
794	2
795	1
796	7
797	10
798	5
799	5
800	9
17184	1
801	8
802	6
803	6
804	9
805	12
806	7
807	6
808	6
809	7
810	10
17194	1
811	5
812	7
17196	1
813	8
814	6
815	4
816	2
817	4
818	8
819	3
821	6
822	4
823	9
824	11
825	3
826	9
827	7
828	2
829	4
830	9
831	5
832	2
833	9
834	4
835	2
836	5
17220	1
837	5
838	8
839	3
840	3
841	8
842	8
843	6
844	7
845	1
846	3
847	4
848	7
849	7
850	5
851	5
852	8
853	8
854	2
855	6
856	4
857	4
858	5
859	8
860	4
861	9
862	2
863	7
864	7
865	6
866	4
867	3
868	4
869	5
870	7
871	5
872	2
873	3
874	9
875	4
876	4
877	8
878	2
17262	1
879	4
880	6
881	8
882	5
883	5
884	3
885	4
886	7
887	6
888	9
889	8
890	4
17274	1
891	5
892	6
17276	1
893	4
894	11
895	6
896	5
897	8
898	2
899	2
900	6
901	6
902	7
903	6
904	8
905	6
906	1
907	8
908	4
909	8
910	6
911	6
912	5
913	7
914	6
915	7
916	4
917	6
918	6
919	4
920	7
921	1
922	5
923	9
924	5
925	3
926	5
927	5
928	5
929	9
930	7
931	3
932	2
933	6
934	5
935	6
936	7
937	9
938	5
939	7
940	4
941	3
942	7
17326	1
943	8
944	4
945	5
946	9
947	8
948	8
949	3
950	4
951	2
952	8
953	8
954	7
955	9
956	11
957	6
958	2
959	6
960	5
961	6
962	9
17347	1
963	9
17348	1
964	6
965	9
966	6
967	4
968	2
969	5
970	4
971	6
972	5
973	5
974	4
17358	1
975	3
976	2
977	4
978	3
979	4
980	8
981	8
17365	1
982	6
17366	1
983	5
984	3
985	3
986	5
987	7
988	11
989	3
990	4
991	6
992	3
993	5
994	9
995	8
996	7
997	7
998	7
999	4
1000	6
1001	6
1002	5
1003	3
1004	4
1005	3
1006	4
1007	5
1008	6
1009	9
1010	9
1011	7
1012	8
1013	1
1014	8
1015	7
17399	1
1016	4
1017	3
1018	3
1019	6
1020	5
17404	1
1021	4
1022	6
1023	3
1024	5
1025	5
1026	11
1027	5
1028	5
1029	6
1030	4
1031	6
1032	5
1033	7
1034	5
1035	7
1036	1
1037	6
1038	5
1039	7
1040	6
1041	6
1042	7
1043	2
1044	5
1045	6
1046	9
1047	4
1048	7
1049	9
1050	6
1051	5
1052	3
1053	7
1054	8
1055	8
1056	5
17440	2
1057	5
1058	4
1059	2
1060	10
1061	8
1062	5
1063	6
1064	5
1065	6
17449	1
1066	6
1067	2
1068	11
1069	9
1070	5
1071	6
1072	3
1073	2
1074	5
1075	8
1076	6
1077	8
1078	8
1079	6
1080	7
1081	5
1082	4
1083	7
1084	5
1085	7
1086	5
17471	1
1087	3
1088	2
1089	4
1090	4
1091	4
1092	4
17476	1
1093	6
1094	6
1095	7
1096	9
1097	6
1098	8
1099	4
1100	5
1101	5
1102	7
1103	11
1104	6
1105	6
1106	5
1107	3
1108	6
1109	4
1110	6
1111	7
1112	5
1113	4
1114	6
1115	4
1116	8
1117	6
1118	3
1119	8
1120	3
1121	9
17505	1
1122	4
1123	5
1124	1
1125	8
1126	9
1127	4
1128	3
1129	6
1130	8
1131	5
1132	7
1133	4
1134	5
1135	3
1136	7
1137	5
1138	5
1139	5
1140	9
17524	1
1141	4
1142	10
1143	6
1144	5
1145	4
1146	4
1147	8
1148	5
1149	6
1150	5
1151	3
1152	1
1153	5
1154	4
1155	3
1156	11
1157	4
1158	2
1159	7
1160	4
1161	8
1162	5
1163	1
1164	9
1165	7
1166	7
17550	2
1167	9
1168	8
1169	2
1170	8
1171	3
1172	3
1173	5
1174	10
1175	6
1176	6
1177	8
1178	5
1179	4
1180	7
1181	4
1182	1
1183	6
1184	8
1185	7
1186	5
1187	5
1188	9
1189	5
1190	5
1191	5
1192	3
1193	5
1194	10
1195	5
17580	2
1196	4
1197	7
1198	6
17582	1
1199	10
1200	6
1201	6
1202	2
1203	10
1204	10
1205	2
1206	5
1207	6
1208	5
1209	6
1210	8
1211	8
1212	6
1213	7
1214	5
1215	2
1216	8
1217	4
1218	2
1219	6
1220	5
1221	6
1222	4
1223	4
1224	4
1225	8
1226	6
1227	6
1228	4
1229	4
1230	9
1231	4
17615	1
1232	4
17616	1
1233	4
17617	1
1234	7
1235	10
1236	7
1237	8
1238	7
1239	5
1240	3
1241	7
1242	7
1243	7
1244	3
1245	11
1246	7
1247	8
1248	3
1249	3
1250	8
1251	4
1252	5
1253	7
17637	1
1254	4
1255	3
1256	7
1257	4
1258	7
1259	3
1260	7
1261	4
1262	10
1263	8
1264	8
1265	1
1266	8
1267	6
17651	1
1268	9
1269	5
1270	3
1271	2
1272	6
1273	7
1274	7
1275	5
1276	11
1277	4
17661	1
1278	11
1279	3
1280	5
1281	5
1282	9
1283	2
1284	7
1285	5
1286	5
17671	1
1287	7
1288	2
1289	5
17673	1
1290	5
1291	5
1292	5
1293	7
1294	4
1295	5
1296	8
1297	4
1298	5
1299	1
1300	6
1301	4
1302	8
1303	6
1304	7
17689	2
1305	7
1306	7
17690	1
1307	5
1308	4
17692	1
17693	1
1309	6
17694	1
1310	5
1311	4
17696	1
1312	4
1313	10
1314	6
1315	4
1316	6
1317	1
1318	5
17702	1
1319	6
1320	9
1321	4
1322	4
1323	2
17707	1
1324	5
1325	7
1326	9
1327	7
1328	5
1329	3
1330	11
1331	6
1332	9
1333	6
1334	4
1335	6
1336	5
1337	6
1338	7
1339	4
1340	4
1341	6
1342	6
1343	4
1344	9
1345	9
1346	6
1347	8
1348	5
1349	4
1350	6
1351	11
1352	8
1353	7
1354	5
1355	6
1356	9
1357	11
1358	7
1359	5
1360	6
1361	9
1362	3
1363	8
1364	10
1365	9
1366	8
1367	4
1368	3
1369	4
1370	6
1371	5
17755	1
1372	8
1373	7
1374	4
1375	7
1376	5
1377	8
1378	2
1379	11
1380	7
1381	5
1382	4
1383	8
1384	4
1385	1
1386	2
1387	7
17771	1
1388	4
1389	8
1390	6
1391	5
1392	8
1393	4
1394	5
1395	6
1396	3
1397	5
1398	7
1399	3
1400	5
1401	5
1402	5
1403	4
1404	3
1405	3
1406	3
1407	6
1408	4
1409	5
1410	7
1411	5
1412	5
1413	6
1414	5
1415	3
1416	10
1417	8
1418	6
1419	6
1420	4
1421	7
1422	12
1423	5
1424	2
1425	14
1426	9
1427	5
1428	8
1429	8
1430	3
17814	1
1431	5
1432	7
1433	6
1434	9
1435	3
1436	4
1437	7
1438	3
17822	1
1439	8
17823	1
1440	1
1441	4
1442	5
1443	5
1444	4
17828	1
1445	5
1446	7
1447	6
1448	4
1449	4
1450	7
1451	4
17836	2
1452	12
1453	8
1454	10
1455	7
1456	3
1457	2
1458	7
1459	8
1460	5
17844	1
1461	9
1462	6
1463	4
1464	11
1465	8
1466	9
1467	4
1468	9
1469	2
17853	1
1470	3
1471	6
1472	6
1473	7
1474	4
1475	3
1476	6
1477	4
1478	6
1479	8
1480	3
1481	3
1482	5
1483	6
17867	1
1484	12
1485	4
1486	6
1487	6
1488	2
1489	6
1490	3
1491	3
1492	7
1493	6
1494	4
1495	9
1496	6
1497	5
1498	4
1499	9
1500	9
1501	9
1502	9
1503	6
1504	8
1505	1
1506	9
1507	1
1508	6
1509	7
1510	13
1511	6
1512	5
1513	1
1514	4
1515	8
1516	4
1517	4
1518	3
1519	7
1520	4
1521	3
1522	4
1523	9
1524	8
1525	5
1526	4
1527	6
1528	4
1529	2
17914	1
1530	4
1531	5
1532	7
1533	5
1534	8
1535	7
1536	5
1537	5
1538	5
1539	8
1540	3
1541	7
1542	6
1543	4
1544	10
1545	3
17929	1
1546	6
1547	6
1548	6
1549	4
1550	5
1551	3
1552	8
1553	8
1554	10
1555	8
1556	3
1557	4
1558	11
1559	3
1560	8
1561	10
1562	8
1563	1
1564	5
1565	3
1566	4
1567	5
1568	4
1569	5
1570	5
1571	4
1572	7
1573	2
1574	8
1575	7
1576	5
1577	4
1578	10
1579	6
1580	5
1581	3
1582	7
1583	6
1584	6
1585	7
1586	6
1587	6
1588	4
1589	5
1590	3
1591	3
1592	3
1593	5
1594	4
1595	10
1596	5
1597	5
1598	9
1599	6
1600	6
1601	12
1602	10
1603	4
1604	3
1605	3
1606	8
1607	3
1608	2
17992	1
1609	4
1610	5
1611	5
1612	6
1613	3
1614	5
1615	6
1616	4
18000	1
1617	5
1618	7
1619	6
1620	5
1621	6
1622	7
1623	6
1624	6
1625	7
1626	4
1627	6
1628	9
1629	3
1630	3
1631	6
1632	6
1633	4
1634	8
1635	3
1636	8
1637	5
1638	10
1639	6
1640	10
1641	5
1642	8
1643	12
1644	6
1645	3
1646	5
1647	6
1648	4
1649	8
1650	6
1651	10
1652	4
1653	6
1654	12
1655	5
1656	2
1657	4
1658	6
1659	7
1660	3
1661	6
1662	4
1663	2
1664	7
1665	5
1666	7
1667	6
1668	1
1669	2
1670	6
1671	8
1672	8
1673	6
1674	7
1675	6
1676	7
1677	4
1678	8
1679	5
1680	4
1681	8
1682	3
1683	3
1684	4
1685	6
1686	4
1687	6
1688	4
1689	8
1690	9
18074	1
18075	2
1691	4
1692	3
1693	8
1694	3
1695	8
1696	2
1697	8
1698	8
1699	8
1700	4
1701	5
1702	3
18086	1
1703	3
1704	7
1705	4
1706	5
1707	7
1708	7
1709	6
1710	6
1711	4
1712	5
1713	2
1714	6
1715	8
1716	5
1717	5
1718	4
1719	4
1720	8
1721	7
1722	10
1723	5
1724	9
1725	4
1726	7
1727	5
1728	5
1729	4
1730	1
1731	6
1732	5
1733	5
1734	6
1735	6
1736	11
1737	6
1738	4
1739	11
1740	8
1741	5
1742	6
1743	6
1744	8
1745	5
1746	6
1747	6
1748	6
1749	4
1750	9
1751	4
1752	7
1753	5
1754	2
1755	7
1756	7
1757	5
1758	3
1759	2
1760	7
1761	6
1762	5
1763	2
1764	6
1765	7
1766	8
1767	4
1768	8
1769	6
1770	5
1771	4
1772	6
1773	3
1774	8
1775	9
18159	1
1776	4
18160	1
1777	5
1778	13
1779	7
1780	9
1781	7
1782	6
1783	4
1784	3
1785	1
1786	7
1787	9
1788	6
1789	2
1790	11
1791	3
1792	7
1794	6
1795	5
1796	6
1797	2
1798	10
1799	6
1800	4
1801	11
1802	8
1803	5
1804	4
18188	1
1805	9
1806	4
18190	1
1807	8
1808	7
1809	6
1810	7
1811	4
1812	4
18196	1
1813	5
1814	6
1815	5
1816	4
1817	5
1818	6
1819	10
1820	6
18204	1
1821	7
1822	8
1823	6
1824	6
1825	2
1826	9
1827	7
1828	1
1829	5
1830	4
1831	9
1832	2
1833	4
1834	7
1835	11
1836	2
1837	1
1838	5
1839	5
1840	7
1841	6
1842	5
1843	2
1844	5
1845	5
1846	7
1847	6
1848	3
1849	10
1850	8
1851	6
1852	3
1853	5
1854	5
1855	5
1856	4
1857	4
1858	4
1859	5
1860	5
1861	7
1862	8
1863	3
1864	1
1865	7
1866	2
1867	5
1868	4
1869	4
1870	4
1871	8
1872	6
1873	5
1874	7
1875	7
1876	9
1877	8
1878	4
1879	5
1880	3
1881	9
1882	8
1883	8
1884	4
1885	4
1886	6
18270	1
1887	6
1888	3
1889	3
1890	7
1891	8
1892	2
1893	5
1894	2
1895	5
1896	8
1897	2
1898	3
1899	3
1900	7
1901	3
1902	3
1903	6
1904	8
1905	3
1906	4
1907	2
1908	3
1909	4
1910	7
1911	4
1912	4
1913	5
1914	5
1915	5
1916	4
18300	1
1917	5
1918	7
1919	2
1920	3
1921	4
1922	6
1923	9
1924	4
1925	5
1926	9
1927	4
1928	5
1929	7
1930	6
18314	1
1931	5
1932	10
1933	3
1934	5
1935	5
1936	8
1937	4
1938	11
1939	3
1940	8
1941	5
1942	4
1943	7
1944	4
1945	8
1946	5
1947	6
1948	7
1949	2
1950	10
1951	3
1952	3
1953	6
1954	4
1955	1
1956	5
1957	6
1958	8
1959	5
18343	1
1960	9
1961	7
1962	2
1963	8
1964	8
1965	3
1966	4
1967	4
1968	7
1969	7
1970	7
1971	9
1972	6
1973	7
1974	4
1975	3
1976	9
1977	6
1978	5
1979	3
1980	5
1981	5
1982	4
1983	6
1984	12
1985	10
1986	6
1987	4
1988	4
1989	8
1990	3
1991	8
1992	7
1993	4
1994	7
1995	6
1996	6
1997	6
1998	9
1999	6
2000	4
2001	5
2002	3
2003	9
2004	12
2005	4
2006	7
2007	5
2008	4
2009	3
2010	7
2011	5
2012	6
2014	9
2015	4
18399	1
2016	5
2017	7
2018	7
2019	3
2020	6
2021	5
2022	5
2023	5
2024	4
2025	4
2026	6
2027	8
2028	5
2029	2
2030	12
2031	9
2032	8
2033	6
2034	7
2035	6
2037	4
2038	7
2039	10
2040	10
2041	5
2042	5
2043	4
2044	3
2045	6
2046	10
2047	5
2048	5
2049	9
2050	4
2051	6
2052	7
2053	3
2054	11
2055	4
2056	8
2057	4
2058	7
2059	3
2060	3
2061	2
2062	5
2063	6
2064	6
2065	6
2066	6
2067	3
2068	7
2069	3
2070	2
2071	3
2072	10
2073	10
2074	2
2075	7
2076	6
2077	4
2078	3
2079	4
2080	4
2081	5
2082	7
2083	9
2084	5
2085	6
2086	3
2087	10
2088	8
2089	8
2090	4
2091	7
2092	4
2093	4
2094	5
2095	7
2096	5
2097	6
2098	4
2099	4
2100	4
2101	3
18485	1
2102	5
2103	3
2104	2
2105	4
2106	7
2107	5
2108	6
2109	4
2110	5
2111	3
2112	3
2113	8
2114	7
2115	4
2116	4
2117	8
2118	3
2119	5
2120	8
2121	9
2122	7
2123	4
2124	6
2125	8
2127	10
2128	4
2129	4
2130	4
2131	1
2132	4
2133	6
2134	4
2135	4
2136	4
2137	3
2138	6
2139	4
2140	6
2141	3
2142	5
18526	1
2143	5
2144	5
2145	6
2146	3
2147	5
2148	8
2149	8
2150	2
2151	3
2152	3
2153	8
2154	6
2155	4
2156	6
2157	5
2158	4
2159	7
2160	4
2161	6
2162	5
2163	4
2164	7
2165	8
18549	1
2166	4
2167	5
2168	3
2169	4
2170	7
2171	6
2172	4
2173	4
2174	6
2175	7
2176	1
2177	2
2178	6
2179	5
2180	5
2181	1
2182	7
2183	5
2184	4
2185	4
2186	7
2187	3
2188	7
2189	4
2190	7
2191	3
2192	9
2193	5
2194	5
2195	3
2196	9
2197	8
2198	6
2199	6
2200	9
2201	4
2202	10
2203	4
2204	6
2205	5
2206	6
2207	9
2208	5
18592	1
2209	5
2210	5
2211	8
2212	5
2213	3
2214	6
2215	7
2216	2
2217	10
2218	1
2219	2
18603	1
2220	5
2221	6
2222	5
2223	3
2224	4
2225	3
2226	3
2227	6
2228	6
2229	6
2230	4
2231	3
2232	4
2233	5
2234	2
2235	6
2236	4
2237	5
2238	6
2239	4
2240	5
2241	8
2242	5
2243	8
2244	7
2246	9
2247	2
2248	2
2249	3
2250	6
2251	4
2252	10
2253	8
2254	2
2255	6
2256	4
2257	2
2258	6
2259	3
18643	1
2260	4
2261	3
2262	4
2263	6
2264	5
2265	4
2266	8
2267	7
2268	4
2269	4
2270	7
18654	1
2271	7
2272	7
2273	7
2274	4
2275	2
2276	5
2277	3
2278	5
18662	1
2279	5
2280	3
2281	4
2282	13
2283	3
2284	5
2285	1
2286	3
2287	2
2288	3
2289	2
2290	5
2291	6
2292	2
2293	6
2294	6
2295	3
2296	3
2297	4
2298	8
2299	9
2300	8
2301	8
2302	5
2303	6
2304	5
2305	5
2306	1
2307	3
2308	4
2309	3
2310	4
2311	1
2312	8
2313	5
2314	6
2315	2
18699	1
2316	3
2317	4
2318	6
2319	8
2320	3
2321	4
2322	6
2323	3
2324	7
2325	7
2326	3
2327	7
2328	5
2329	1
2330	5
2331	6
2332	7
2333	2
2334	7
2335	2
2336	4
2337	4
2338	6
2339	2
2340	5
2341	5
2342	4
2343	8
2344	7
2345	6
2346	5
2347	4
2348	5
2349	6
2350	9
2351	4
2352	4
2353	7
2354	4
2355	5
2356	4
2357	9
2359	8
2360	6
2361	5
2362	1
2363	5
2364	2
2365	4
18750	1
2366	5
2367	6
2368	8
2369	5
2370	4
2371	3
2372	3
2373	1
2374	4
2375	5
2376	8
2377	4
2378	8
2379	7
2380	6
2381	3
2382	4
2383	3
2384	6
2385	4
2386	4
2387	5
2388	5
2389	6
2390	3
2391	5
2392	10
2393	6
2394	5
2395	4
2396	9
2397	2
2398	4
2399	6
2400	6
2401	3
2402	2
2403	7
2404	8
2405	4
2406	5
2407	7
2408	6
18792	1
2409	2
2410	2
2411	9
2412	1
2413	3
2414	4
2415	4
2416	3
2417	1
2418	2
2419	4
2420	3
2421	3
2422	8
2423	3
2424	3
2425	2
2426	3
2427	5
2428	4
2429	3
2430	4
2431	6
2432	3
2433	8
2434	7
2435	6
2437	5
2438	7
2439	1
2440	2
2441	4
2442	7
2443	5
2444	5
2445	7
2446	7
2447	4
2448	3
2449	5
2450	4
2451	4
2452	7
2453	5
2454	6
2455	5
2456	8
2457	3
2458	2
2459	6
2460	4
2461	9
2462	6
2463	4
18848	1
2464	2
2465	7
2466	5
2467	1
2468	4
2469	5
2470	3
2471	5
2472	1
2473	3
2474	5
2475	3
2476	2
2477	7
2478	4
2479	2
2480	6
2481	3
2482	4
2483	4
2484	6
2485	5
2486	5
2487	8
2488	5
2489	8
2490	6
2491	7
18875	1
2492	6
2493	3
2494	4
2495	1
2496	12
2497	9
2498	5
2499	4
2500	3
2501	7
2502	2
2503	7
2504	7
2505	5
2506	2
2507	4
2508	10
2509	7
2510	7
2511	5
2512	5
2513	7
2514	3
2515	2
2517	7
2518	6
2519	7
2520	6
18904	1
2521	4
2522	2
2523	9
2524	4
2525	3
2526	4
2527	6
2528	2
2529	1
2530	4
2531	3
2532	10
2533	4
2534	6
2535	2
2536	8
2537	5
2538	5
2539	2
2540	4
2541	4
2542	4
2543	6
2544	7
2545	7
2546	5
2547	3
2548	8
2549	4
2550	5
2551	6
2552	4
2553	4
2554	7
2555	4
2556	2
2557	2
2558	7
2559	3
2560	6
2561	5
2562	1
2563	12
2564	5
2565	4
2566	3
2567	7
2568	4
2569	3
2570	3
2571	1
2572	5
2573	4
2574	8
2575	8
2576	4
2577	5
2578	3
2579	5
2580	4
2581	5
2582	2
2583	5
2584	6
2585	6
2586	5
2587	3
2588	3
2589	4
2590	5
2591	3
2592	5
2593	6
2594	5
2595	3
2596	5
2597	3
2598	6
2599	4
2600	3
2601	4
2602	6
2603	5
2604	5
2605	6
2606	4
2608	5
2609	3
18993	1
2610	5
2611	5
2612	6
2613	5
2614	7
2615	2
2616	6
2617	3
2618	5
2619	6
2620	8
19004	1
2621	2
2622	5
2623	4
2624	8
2625	5
2627	6
2628	5
2629	6
2630	5
2631	5
2632	13
2633	7
2634	4
19018	1
2635	5
2636	4
2637	4
2638	5
2639	5
2640	3
2641	7
2642	5
2643	4
2644	6
2645	5
2646	10
2647	6
2648	5
2649	5
2650	6
2651	5
2652	7
2653	4
2654	6
2655	4
2656	5
2657	4
2658	6
2659	3
2660	3
2661	1
2662	11
2663	7
2664	7
2665	4
2666	5
2667	1
2668	4
19053	1
2669	6
2670	7
2671	5
2672	5
2673	1
2674	6
2675	8
2676	5
2677	6
2678	5
2679	2
2680	6
2681	3
19066	1
2682	7
2683	8
2684	5
2685	3
2686	2
2687	2
2688	4
2689	4
2690	5
19074	1
2691	8
2692	8
2693	4
2694	3
2695	4
2696	7
2697	5
2698	5
2699	1
2700	6
19084	1
2701	5
2702	5
2703	2
2704	3
2705	2
2706	4
2707	6
2708	8
2709	3
2710	4
2711	5
2712	1
2713	1
2714	1
2715	3
2716	5
2717	3
2718	7
2719	2
2720	6
2721	5
2722	3
2723	4
2724	6
2725	3
2726	9
2727	3
2728	5
2729	4
2730	4
2731	8
2732	4
2733	3
2734	6
2735	3
2736	7
2737	9
2738	7
2739	8
2740	5
2741	6
2742	5
2743	5
2744	10
2745	2
2746	3
2747	7
2748	3
2749	5
2750	6
2751	5
2752	1
2753	5
2754	5
2755	5
2756	5
2757	7
2758	6
2759	3
2760	7
2761	2
2762	5
2763	6
2764	4
19148	1
2765	6
2766	5
2767	3
2768	9
2769	3
2770	2
2771	3
2772	5
2773	4
2774	5
2775	8
2776	6
2777	4
2778	6
2779	2
2780	5
2781	3
2782	8
2783	1
2784	5
2785	5
2786	8
2788	3
2789	3
2790	3
2791	4
2792	6
2793	5
2794	7
2795	3
2796	3
2797	4
2798	4
2799	3
2800	2
2801	2
2802	7
2803	4
2804	3
2805	3
2806	2
2807	3
2808	2
2809	1
2810	2
2811	5
2812	3
2813	7
2814	3
2815	4
2816	6
2817	7
2818	7
2819	4
2820	5
2821	4
2822	4
2823	3
2824	5
2825	3
2826	10
2827	4
19211	1
2828	2
2829	3
2830	3
2831	4
2832	4
2833	4
2834	7
2835	7
2836	1
2837	6
2838	2
2839	5
2840	7
2841	8
2842	4
2843	4
2844	2
2845	6
2846	2
2847	7
2848	3
2849	6
2850	3
2851	3
2852	1
2853	3
2854	2
2855	4
2856	1
2857	4
2858	6
2859	3
2860	10
2861	8
2862	7
2863	4
2864	3
2865	2
2866	2
2867	2
19251	1
2868	2
2869	3
2870	2
2871	9
2872	6
2873	5
2874	4
2875	1
2876	4
2877	6
2878	6
2879	2
2880	4
2881	3
19265	1
2882	5
2883	5
2884	5
2885	4
2886	1
2887	6
2888	5
2889	6
2890	9
2891	7
2892	9
2893	4
2894	3
2895	6
2896	4
2897	6
2898	6
2899	4
2900	6
2901	2
2902	4
2903	1
2904	3
2905	2
2906	7
2907	2
2908	1
2909	2
2910	6
2911	3
2912	6
2913	3
19297	1
2914	2
2915	2
2916	4
2918	5
2919	3
2920	5
2921	2
2922	4
2923	5
2924	5
19308	1
2925	4
2926	3
2927	3
2928	6
2929	7
2930	7
2931	1
2932	3
2933	3
2934	2
19318	1
2935	4
2936	3
2937	1
2938	3
2939	4
2940	2
2941	6
2942	8
2943	4
2944	5
2945	4
2946	6
2947	1
2948	3
2949	4
2950	1
2951	2
2952	3
2953	1
2954	3
2955	8
2956	2
2957	5
2958	1
2959	4
2960	4
2961	3
2962	5
2963	2
2964	7
2965	4
2966	5
2967	5
2968	3
2969	2
2970	8
2971	1
2972	4
2973	6
2974	5
2975	3
2976	5
2977	6
2978	6
2979	5
2980	2
2982	4
2984	2
2985	4
2986	3
2987	2
2988	3
2989	3
2990	5
2991	4
2992	3
2993	4
2994	3
2995	6
2996	2
2997	1
2998	1
2999	6
3000	3
3002	3
3003	5
3004	4
3005	8
3006	5
3007	5
3008	6
3009	2
3010	5
3011	3
3012	5
3013	1
3014	3
3015	5
3016	3
3017	4
3018	4
3019	3
3020	3
3021	5
3022	3
19407	1
3023	5
3024	3
3025	1
3026	4
3027	3
3028	5
3029	4
19413	1
3030	4
3031	4
3032	4
3033	3
3034	1
3036	4
3037	4
3038	4
3039	3
3040	3
3041	2
3042	2
3043	2
3044	1
3045	2
3046	1
3047	5
3048	5
3050	3
3051	3
3052	5
3053	4
3054	2
3055	6
3056	4
3057	4
3058	3
3059	5
3060	4
3061	4
19445	1
3062	5
3063	4
3064	7
3065	5
3066	5
3067	4
3068	4
3069	4
3070	2
3071	5
3072	2
3074	1
3075	5
3076	4
3077	2
3078	3
3079	4
3080	1
3081	4
3082	6
3083	7
3084	5
3085	3
19469	1
3086	3
3087	3
3088	3
3089	3
19474	1
3090	3
3091	5
3092	3
3093	4
3094	4
3095	5
3096	4
3097	9
3098	2
3099	4
3100	5
3102	6
19486	1
3103	5
3105	4
3106	4
3107	7
3108	4
3109	1
3110	3
3111	4
3112	4
3113	4
3114	1
3115	7
3116	3
3117	5
3118	1
3119	2
3120	2
3121	3
3122	1
3123	5
3124	2
3125	3
3126	5
3127	6
3128	4
3129	4
3130	2
3131	1
3132	2
3133	2
3134	3
3135	5
3136	2
3137	2
3138	5
3139	3
3140	5
3141	4
3142	5
3143	3
3144	2
3145	1
3146	5
3147	6
3148	2
3149	4
3150	5
3151	3
3152	4
3153	3
3154	3
3155	1
3156	2
3157	6
3158	3
3159	3
3160	3
3161	6
3162	6
3163	6
3164	4
3165	4
3166	2
3167	3
3168	3
3169	3
19554	1
3171	7
3172	4
3173	3
3174	4
3175	3
3176	4
3177	1
3178	6
3179	1
3180	2
3181	5
3182	3
3183	3
3184	5
3185	2
3186	3
3187	2
3188	1
3189	5
3190	4
3191	3
3192	2
3193	2
3194	1
3195	2
3196	3
3197	1
3198	6
3199	4
3200	5
3201	5
3202	3
3204	6
3205	7
3206	8
3207	6
3208	4
3209	2
3210	5
3211	5
3212	2
3213	6
3214	4
3215	4
3216	5
3218	3
3219	7
3220	6
3221	2
19605	1
3222	6
3223	4
3224	4
3225	9
3226	1
3227	6
3228	5
3229	1
3230	1
3231	1
3232	4
3233	4
3234	3
3235	2
3236	2
3237	4
3238	6
3239	2
3240	2
3241	5
3242	3
3243	6
3244	1
3245	2
3246	3
3247	2
3248	4
3249	3
3250	7
3251	1
3252	3
3253	3
3254	2
3255	4
3256	2
3258	3
3259	3
3260	5
3261	3
3262	5
3263	2
3264	6
3265	2
3266	8
3267	2
3268	2
3269	5
3270	3
3271	1
3272	2
3273	4
3274	3
3275	2
3276	1
3277	3
3278	1
3279	6
3280	4
3281	1
3282	2
3283	3
3284	6
3285	3
3286	4
3287	2
3288	2
3290	3
3292	1
3293	3
3294	3
3295	4
3296	6
3297	6
3298	2
3299	4
3300	3
3301	4
3302	1
3303	3
3304	4
3305	6
3306	3
3307	4
3308	2
3309	5
3310	6
3311	2
3312	2
3313	4
3314	5
3315	6
3316	4
3317	4
3318	2
3319	6
3320	6
3321	6
3322	2
3323	2
3324	3
3325	2
3326	7
3327	2
3328	6
3329	4
3330	3
3331	2
3332	2
3334	4
3335	1
3336	2
3337	4
3338	4
3339	2
3340	1
3341	4
3342	6
3343	4
3344	2
3345	2
3346	2
3347	7
3348	2
3349	1
3350	3
3351	7
3352	4
3353	4
3354	5
3355	7
3356	2
3357	3
19741	1
3358	3
3359	4
3360	5
3361	3
3362	4
3363	3
3364	3
3365	4
3366	6
3367	7
3368	3
3369	4
3370	6
3371	7
3372	5
3373	4
3374	5
19758	1
3375	4
3376	6
3377	1
3378	4
3379	5
3380	4
3381	5
3382	2
3383	6
3384	6
3385	4
3386	7
3387	8
3388	6
3389	5
3390	6
3392	4
3393	5
3394	3
3395	3
3396	2
3397	4
3398	5
3399	4
3400	4
3401	4
3402	2
3403	1
3404	5
3405	3
3406	2
3407	3
3408	2
3409	6
3410	2
3411	3
3412	1
3413	1
3414	2
3415	3
3416	2
3417	2
3418	9
3419	5
3420	1
3421	4
3422	1
3423	4
3424	2
3425	3
19809	1
3426	3
3427	2
3428	1
3429	5
3430	2
3431	2
3433	4
3434	5
3435	4
3436	1
3437	2
3438	5
3439	5
3440	4
3441	4
3442	4
19826	1
3443	4
3444	5
3445	5
3446	1
3447	4
3448	1
3449	3
3450	5
3451	4
3452	5
3453	2
3454	1
3455	1
3456	3
3458	1
3459	3
3460	1
3461	3
3462	2
3463	4
3464	4
3465	5
3466	3
19850	1
3467	7
3468	1
3469	5
3470	6
3471	4
3472	3
3473	5
3474	3
3475	4
3476	2
3477	2
3478	3
19862	1
3479	4
3480	3
3481	2
3482	4
3483	1
19867	1
3484	1
3485	3
3486	3
3487	3
3488	2
3489	2
3490	4
3491	2
3492	1
3493	1
3494	3
3495	2
3496	1
3497	4
3498	4
3499	5
3500	2
3501	3
3502	1
3503	3
3504	2
3505	4
3506	5
3507	2
3509	3
3510	5
3511	4
3512	5
3513	5
3514	3
3515	3
3516	2
3517	3
3518	2
3519	1
3520	4
3521	2
3522	1
3523	3
3524	7
3525	3
3526	3
3527	2
3528	1
3529	5
3530	6
3531	3
3532	2
3533	4
3534	5
3535	2
3536	7
3537	1
3538	4
3539	4
3540	2
3541	4
3542	3
3543	1
3544	4
3545	4
3546	3
3547	2
3548	4
19933	1
3550	2
3551	2
3552	1
3553	4
3554	5
3555	1
3556	2
3557	4
3559	3
3560	2
3561	5
3562	1
19946	1
3563	2
19948	1
3564	1
3565	2
3566	3
3567	3
3568	4
3570	3
3571	4
3572	2
3573	6
3574	4
3575	4
3576	3
3577	3
3578	3
3579	4
3580	2
3581	5
3582	2
3583	2
3584	3
3585	2
3586	3
3587	4
3588	3
3589	2
3590	5
3591	2
3592	4
3593	3
3594	1
3595	1
3596	2
3597	2
3598	2
3599	1
3600	4
3601	1
3602	1
3603	2
3605	6
3606	1
3607	3
3608	3
19992	1
3609	8
3610	2
3611	3
3612	5
3613	2
3614	3
3615	3
3616	6
3617	2
3618	3
3619	1
3620	5
3621	6
3622	1
3623	5
3624	2
3625	4
3626	3
3627	2
3628	3
3629	4
3630	3
3631	2
3632	3
3633	5
3634	3
3635	1
3636	2
3637	1
3638	2
3639	5
3640	2
3641	2
20026	1
3642	2
3643	3
3644	4
3645	7
3646	2
3647	3
3648	5
3649	3
3650	5
3651	2
3652	2
3654	3
3655	3
3656	5
3657	5
3658	2
3659	2
3660	2
3661	3
3662	3
3663	1
3664	3
3665	1
3666	3
3667	1
3668	5
3669	7
3670	1
3671	1
3672	3
3673	6
3674	1
3675	3
3676	1
20060	1
3677	4
3678	2
3679	2
3680	6
3681	1
3682	3
3683	2
3684	6
3685	1
3686	3
3687	5
3688	1
3689	2
20073	1
3690	4
3691	1
3692	1
3693	3
3694	1
3695	1
3696	1
3697	1
3699	2
3700	4
3701	6
3702	3
3703	2
3704	4
3705	2
3706	4
3707	2
3708	2
3709	3
3710	2
3711	5
3712	6
3713	4
3714	3
3715	3
3716	5
3717	3
3718	1
3719	2
3720	3
3721	5
3722	2
3723	3
3724	4
3725	7
3727	1
3728	1
3729	2
3730	2
3731	3
3732	4
3733	2
3734	3
20119	1
3735	2
3736	5
3737	2
3738	1
3739	4
3740	1
3741	1
3742	5
3743	3
3744	1
3745	2
3746	5
3747	7
3748	7
3749	3
3750	1
3751	3
3752	7
3753	3
3754	2
3755	6
3756	5
3757	4
3758	1
3759	3
3760	4
3761	3
3762	3
3763	2
20147	1
3764	3
3765	3
3766	8
3767	3
3768	2
20152	1
3769	2
3770	4
3771	4
3772	3
3774	6
3775	4
3776	2
3777	3
3778	1
3779	4
3780	2
3781	1
20165	1
3782	3
3783	2
3784	1
3785	2
3787	6
3788	3
3789	5
3790	1
3791	3
3792	3
3793	4
20178	1
3794	1
3795	1
3796	1
3797	4
3798	1
3799	3
3800	4
3801	1
3802	3
3803	5
3804	1
3805	2
3806	6
3807	2
3808	4
3809	1
3810	1
3812	3
3813	3
3814	3
3815	1
3816	3
3818	4
3819	2
3820	3
3822	5
3823	4
3824	5
3825	3
3826	1
3827	3
3830	1
3831	3
3832	1
3833	5
3834	1
3835	1
3836	3
3837	2
3838	5
3839	2
3840	1
3841	3
3842	2
3844	3
3845	4
3846	2
3847	2
3848	4
3849	3
3850	3
3852	5
3853	5
3855	1
3858	3
3859	4
3860	1
3861	2
3863	5
3864	3
3865	3
3866	1
3867	4
3868	2
3869	3
3870	1
3871	5
3872	2
3873	2
3874	1
3875	2
3876	4
3877	3
3878	1
3879	2
3880	1
3881	5
3882	4
3883	8
3884	2
3885	2
3886	2
3887	5
3888	4
3889	1
3890	6
3891	5
3892	6
3894	3
3895	2
3896	3
3897	5
3898	4
3899	2
3900	3
3903	4
3904	5
3905	2
3906	4
3907	3
3908	3
3909	5
3910	3
3911	2
20295	1
3912	2
3913	3
3914	6
3915	1
3916	1
3917	2
3918	2
3919	4
3920	3
3921	2
3922	4
3923	3
3924	3
3925	6
3926	4
3927	5
3928	4
3929	3
3930	1
3931	4
3932	3
3933	3
3934	2
3935	5
3936	4
3937	6
3938	2
3939	5
3940	2
3941	3
3942	4
3943	2
3944	2
3945	2
3946	3
3947	2
3948	2
3949	3
3950	5
3951	5
3952	1
3953	3
3954	4
3955	1
3956	2
3957	8
3958	3
3959	2
3960	5
3961	3
3962	2
3963	2
3964	4
3965	2
3966	4
3967	5
3968	1
3969	3
3970	2
3971	2
3972	4
3973	2
3974	4
3975	3
3976	4
3977	1
3979	3
3980	2
3981	4
3982	8
3983	3
3984	5
3985	3
3986	1
3987	1
3988	6
3989	2
3990	2
3991	5
3992	3
3993	3
3994	1
3995	2
3996	2
20381	1
3998	6
3999	1
4000	5
4002	2
4004	2
4005	2
4006	2
4007	2
4009	4
4010	2
4011	1
4014	5
4015	3
4016	2
4017	2
4018	2
4019	2
4020	3
4021	4
4022	3
4023	2
4024	3
4025	1
4026	2
20410	1
4027	4
4028	4
4029	1
4030	4
4031	3
20415	1
4032	1
4033	9
4034	1
4035	2
4036	2
4037	3
4038	3
4039	3
4041	2
4042	1
4043	3
4045	3
4046	2
4047	2
4048	2
4049	1
4050	2
4051	1
4052	2
4053	3
4054	2
4055	3
4056	1
20440	1
4058	3
4059	3
4060	2
4061	4
4062	2
4063	2
4064	1
4065	5
4066	3
4067	2
20452	1
4068	4
4069	4
4071	2
4072	1
4073	2
4074	5
4075	3
4077	2
4078	2
4079	2
4080	2
4081	2
4082	1
4083	1
4084	2
4085	1
4086	5
4087	1
4088	2
4089	5
20473	1
4090	1
4091	3
4092	4
4093	4
4094	4
4095	1
4096	2
4097	1
4098	2
4099	2
4100	4
4101	2
4102	3
4103	3
20487	1
4104	1
4105	3
4106	1
4107	1
4108	3
4109	3
4110	5
4111	4
4113	4
4116	2
4117	2
4118	2
4119	1
4120	6
4121	2
4122	2
4123	1
4124	3
4125	3
4126	2
4127	1
4128	2
4129	4
4130	3
4131	3
4132	2
4133	1
4134	3
4135	6
4136	1
4137	2
4138	4
4139	3
4140	2
4144	2
20528	2
4145	2
4146	4
20530	1
4147	6
20531	1
4148	3
4149	3
4150	3
4151	1
4152	3
4153	3
4154	4
4155	2
4156	3
4157	4
4158	4
4159	1
4160	2
4161	3
4163	4
4164	2
4165	3
4166	3
4167	4
4168	2
4169	6
4170	4
4171	3
4172	1
4173	2
4174	1
4175	2
4176	2
4177	1
4179	2
4180	3
4181	1
4182	1
4183	5
4184	1
4186	3
4187	3
4188	4
4189	4
4190	4
20574	1
4193	2
4194	2
20579	1
4195	1
4196	3
20580	1
4197	1
4198	3
4200	5
4201	1
4203	1
4204	1
4205	3
4206	1
4207	3
4208	3
4209	5
4210	5
4211	2
4212	2
4213	1
4214	4
4215	3
4216	4
4217	2
4218	4
4219	1
4221	2
4222	3
4223	1
4224	3
4225	2
4226	2
4227	2
4228	2
4229	1
4230	1
4233	1
20618	1
4236	1
4237	2
4238	1
4239	1
4241	1
4242	5
4243	2
4244	3
4245	2
4246	4
4248	2
4249	2
4250	2
4251	4
4253	1
4254	3
4255	1
4256	2
4257	4
20641	1
4258	5
4259	3
4260	5
4261	3
4262	5
4263	3
4265	2
4266	1
4267	4
4268	1
4269	3
20656	1
4272	2
4273	2
4274	1
4275	2
4276	4
4277	3
4278	2
4279	3
4280	2
4281	1
4282	3
20666	1
4283	3
4287	3
4288	3
4289	4
4290	4
4291	3
4292	5
4293	3
4294	3
4295	3
4296	1
4297	3
4298	3
4299	2
4300	3
4302	2
4303	5
4304	1
4305	1
4306	1
4307	3
4308	2
4309	2
4311	4
4312	4
4313	1
4314	2
4315	1
4316	1
4317	4
4318	3
4319	4
4320	2
4321	3
4322	2
4323	2
4324	2
4325	3
4326	1
4327	4
4328	5
4329	2
4330	6
4331	2
4332	5
4333	3
4334	2
4336	1
4337	2
4338	3
4339	3
4340	4
4341	1
4343	1
4344	6
4345	1
4346	2
4347	1
4349	3
4351	3
4352	5
20737	1
4353	1
4354	2
4355	2
4356	2
4357	2
4359	2
4360	2
20744	1
4361	2
4364	4
4365	1
4366	1
4367	1
4368	2
4369	2
4370	3
4372	1
4374	2
4375	4
4376	2
4377	2
4378	1
4379	1
4380	3
4381	4
4382	2
4384	2
4385	3
4386	7
20770	1
4387	6
4388	4
4390	1
4393	3
4394	2
4395	4
4396	1
4397	1
4398	3
4399	3
4401	1
4402	2
20786	1
4404	1
4407	2
4408	5
4410	7
4411	2
4412	1
4413	1
4414	1
4415	5
4416	2
4417	2
4418	1
4419	3
4420	3
4421	1
4422	2
4423	3
4424	3
4427	1
4428	2
4429	2
4430	2
4431	2
4432	1
4433	1
4434	2
4435	4
4437	4
4438	3
4439	1
4440	3
4441	3
4442	5
4443	4
4444	4
4445	2
4446	2
4447	1
4448	2
4449	2
4450	2
4451	3
4452	2
4453	1
4454	1
4455	3
4456	3
4458	3
4460	1
4461	6
20845	1
4462	5
4463	2
4464	2
4465	2
4466	2
4468	2
4469	2
4470	4
4471	2
4472	1
4473	1
4474	1
4475	1
4476	2
4477	3
4479	2
4480	4
4481	2
4482	4
4484	2
4486	6
4487	2
4489	2
4490	1
4491	4
4492	1
4493	1
4495	3
4496	1
4497	3
4498	2
4499	3
4500	6
4501	1
4502	2
4503	4
4505	2
4506	3
4509	5
4510	1
4512	3
4513	1
4514	2
4517	3
4518	2
4519	1
4520	3
4522	3
4523	5
4524	1
4525	3
4526	5
20910	1
4528	2
4530	3
4532	1
4533	4
4534	1
4535	1
4536	1
4537	3
4538	1
4539	3
4540	3
4541	3
4542	3
4543	3
4546	2
4547	1
4549	4
4550	2
4552	6
4553	1
4554	3
4555	1
4556	3
4558	1
4559	2
4560	1
4561	4
4562	2
4563	2
20947	1
4564	4
4565	1
4566	1
4567	1
4568	1
4569	3
4570	3
4571	2
4572	2
4573	3
4574	3
4575	2
4576	4
4577	2
4578	3
4579	3
4580	3
4581	4
4582	1
4583	7
4585	1
4586	1
4587	2
4588	1
4590	1
4591	3
4592	2
4593	1
4594	3
4595	2
4597	2
4600	3
4601	3
4602	1
4604	1
4605	1
4606	1
4607	2
4608	1
4609	3
4610	1
4611	1
4612	1
4613	2
4615	3
4617	2
4618	3
4620	3
4621	2
4622	1
4623	1
4624	1
4626	3
4627	4
4628	1
4629	1
4630	4
4631	1
4632	5
4633	4
4634	3
4635	1
4638	2
4639	3
4640	2
4641	2
4642	2
4643	2
4644	2
4645	2
4646	2
4647	2
4648	1
4649	1
4650	1
4651	2
4652	1
4653	3
4654	2
4655	2
4656	3
4657	1
4658	1
4659	2
4660	1
4661	2
4662	3
4665	1
4666	3
4667	1
4668	1
4669	3
4670	2
4671	2
4672	4
4673	1
4676	4
4677	1
4678	3
4679	1
4683	2
4684	2
4685	1
4686	5
4687	1
4688	1
4689	1
4690	2
4691	3
4693	2
4696	1
4697	2
4699	2
4700	3
4701	2
4703	3
4704	1
4705	2
4706	3
4707	4
4708	2
21092	1
4709	1
4710	3
4711	2
4712	1
4713	3
21097	1
4714	4
4715	1
4717	2
4718	3
4719	2
4720	3
4721	2
4722	1
4724	3
4725	4
4726	1
4727	5
4728	3
4730	1
4731	1
4732	1
4733	1
4734	1
4735	2
4736	2
4738	2
4739	5
4740	1
21126	1
4743	1
4744	1
4746	2
4747	2
4748	2
4749	2
4750	2
4751	2
4752	4
4753	2
4754	2
4755	2
4758	3
4759	1
4760	2
4761	2
4762	1
4763	1
4764	1
4765	3
4766	3
4767	2
4768	4
4769	1
4770	1
4772	3
4773	1
4775	1
4776	2
4777	1
4779	2
4780	6
4781	2
4783	2
4785	2
4786	1
4787	5
4788	3
4789	1
4790	2
4791	3
4792	1
4793	1
4794	1
4795	3
4796	3
4798	4
4799	1
21183	1
4800	2
4801	1
4802	4
4803	1
4804	1
4805	2
4806	2
4807	1
4808	1
21193	1
4809	1
4810	5
4811	3
4812	2
4813	3
4814	4
4815	2
4816	2
4817	2
21201	1
4819	1
4820	2
4822	3
4823	1
4824	3
4826	1
4827	1
4828	5
4830	3
4831	2
4832	3
4835	4
4836	1
4837	3
4839	3
4840	1
4841	3
4842	3
4843	1
4844	5
4845	1
4847	2
4848	4
4849	2
4851	4
4853	2
4854	3
21239	1
4855	1
4858	1
4859	4
4860	5
4861	2
4862	4
4863	1
4864	2
4865	1
4866	2
4867	2
4868	1
4869	3
4870	2
4871	1
4872	1
4873	3
4875	4
4876	1
4877	1
4878	2
4880	3
4881	1
4882	3
4883	2
4884	3
4885	1
4886	5
4889	2
4891	3
4892	3
4893	4
4894	2
4895	1
4896	2
4897	3
4898	2
4900	1
4902	3
4903	1
4904	1
4905	7
4906	4
4908	1
4909	1
4910	3
4911	1
4912	1
4913	1
4914	1
4915	1
4916	1
4919	2
4922	3
4924	3
4925	2
4926	1
4927	3
4928	2
4929	1
4930	5
4931	1
4932	3
4933	2
4934	2
4935	1
4936	3
4937	1
4938	4
4939	1
4940	4
4941	1
4942	2
4944	3
4946	1
4948	2
4949	2
4950	1
4952	1
4954	2
4955	3
4956	2
4957	3
21341	1
4958	1
4959	2
4960	3
4962	2
4963	1
4964	2
21349	1
4966	2
4967	2
4968	3
4969	3
4970	2
4972	5
4974	3
4975	1
4976	2
4977	1
4978	3
4979	2
4980	1
4981	2
4982	1
4983	1
4984	1
4985	1
4986	1
4987	2
4988	1
4989	3
21373	1
4990	2
4991	3
4995	1
4998	3
4999	2
5000	1
5001	3
5002	2
5003	2
5004	2
5005	4
5007	2
5008	1
5009	3
5010	1
5011	1
5012	3
5015	3
5016	2
5017	1
5018	2
5019	1
5020	1
5021	1
5022	2
5025	3
5026	1
5027	3
5028	1
5029	2
5031	3
5033	2
5034	1
5036	2
5037	2
5038	1
5040	1
5041	2
5042	1
5044	1
5045	2
5046	1
5047	2
5051	3
5052	1
5053	2
5054	3
5055	2
5056	1
5057	1
5058	3
5059	1
5060	1
5061	3
5062	2
5065	1
5067	4
5068	3
21452	1
5069	2
5070	2
5071	2
5073	4
21457	1
5074	1
5075	4
5076	1
5077	2
5078	1
5079	1
5080	3
5081	2
5082	2
5083	4
5085	2
5086	4
5087	2
5088	3
5091	3
5092	3
5093	2
5094	1
5096	4
5097	2
21481	1
5098	3
5099	1
5100	1
5102	1
5103	2
5104	1
5106	2
5107	1
5109	2
5110	3
5111	2
5112	2
5113	2
5114	2
5115	2
5116	1
5117	3
5118	2
5119	1
5120	3
5121	1
5122	2
5123	4
5125	3
5126	1
21510	1
5127	1
5128	1
21512	1
5129	1
5131	1
5132	2
5133	1
5134	1
5135	2
5136	2
5137	4
5138	1
5139	1
5140	1
5141	1
5142	1
5144	1
5146	2
5147	1
5149	3
5150	1
5152	3
5153	2
5154	2
5155	1
5156	2
5157	2
5160	2
5161	1
5162	2
5164	1
5165	3
5166	2
5167	1
5168	1
5172	2
5173	3
5174	1
5176	2
5177	3
5178	2
5179	3
5180	4
5181	3
5182	4
5184	2
5185	1
21569	1
5186	2
5188	4
5189	1
5190	4
5191	5
5192	1
5193	1
5194	2
5195	1
5196	2
5198	2
5199	2
5200	1
5201	1
5202	1
5203	1
5205	3
5206	1
5207	2
5208	1
5209	1
5211	1
5212	1
5214	5
5215	1
5216	2
5219	1
5220	4
5222	1
5223	2
5224	1
5225	2
5228	2
5229	3
5232	4
21616	1
5233	1
5234	3
5235	1
5236	1
5237	4
5239	1
5241	4
5243	3
5244	3
5245	1
5246	2
5248	1
5250	1
5251	1
5253	2
5255	1
5256	1
5258	1
5259	1
5260	2
5262	3
5264	2
5265	3
5266	2
5267	1
5268	3
5269	1
5270	2
5271	3
5272	1
5273	4
5274	3
5275	2
5276	3
5277	2
5278	1
5279	3
5281	3
5283	2
5284	3
21668	1
5285	1
5286	2
21671	1
5287	4
5288	2
5289	3
5291	3
5292	1
5293	2
5294	2
5296	1
5297	1
5298	3
5299	3
5300	1
5301	2
5302	3
5303	2
5304	1
5305	2
5306	1
5307	1
5308	1
21694	1
5310	1
5311	4
5312	1
5314	2
5315	2
5317	2
5318	2
5319	3
5320	2
5321	1
5322	2
5323	1
5324	3
5326	2
5327	1
21711	1
5328	3
5330	3
5331	2
5332	1
5333	1
5336	1
5337	1
5340	1
5341	3
5342	2
5344	2
5345	1
5346	1
5347	1
5348	1
5349	2
5350	3
5351	2
5353	2
5354	1
5355	1
5357	2
5359	1
5360	1
5363	2
5364	1
5365	2
5366	2
21750	1
5367	1
21752	1
5369	2
5371	1
5372	1
5373	1
5374	1
5375	1
5376	1
5377	1
5380	1
5382	1
5383	2
5384	1
5385	3
5386	2
5387	5
5388	1
5389	2
5390	5
5392	2
5393	2
5394	2
5396	2
5397	3
5398	1
5399	3
5400	1
21785	1
5401	2
5402	1
5404	3
5405	1
5406	1
5408	2
5409	2
5410	2
5411	2
5412	3
5413	3
5414	1
5415	3
5416	2
5418	1
5419	2
5421	1
5422	1
5423	1
5424	1
5426	1
5427	1
5428	1
5430	2
5431	3
5432	2
5433	4
5434	1
5435	1
5436	1
5438	2
5439	3
5440	2
5441	1
5442	5
5443	3
5444	3
5446	1
5448	1
5449	2
5450	1
5452	1
5453	2
5455	1
5456	1
5457	2
5460	1
5461	3
21845	1
5463	3
5464	2
5465	4
5466	2
5467	1
5468	2
5469	1
5470	2
5471	2
5472	2
5477	1
5478	2
5479	1
5480	1
5483	2
5484	3
5485	1
5488	3
5489	1
5490	1
5491	1
5494	1
5495	5
5496	3
5497	1
21882	1
5498	2
5499	3
5500	2
5501	3
5502	2
5504	1
5506	1
5509	3
5510	2
5511	2
5512	1
5515	1
5516	2
5517	2
5518	1
5519	1
5521	2
5523	1
5524	4
5525	1
5526	2
5527	2
5529	2
5530	1
5531	1
5533	1
5535	2
5536	1
5537	1
5539	3
5540	1
5541	2
5543	1
5544	1
5545	3
5548	3
5551	1
5553	2
5554	1
5555	1
5558	3
5559	1
5560	2
5563	2
5564	1
5566	1
5567	1
5568	1
5569	1
5572	1
5574	2
5575	1
5576	1
5577	1
5578	4
5579	2
5580	1
5581	3
5582	1
5584	2
5585	1
5586	1
5587	1
5589	1
5590	2
5591	1
5592	1
5594	2
5596	1
5597	2
5598	1
5599	1
5601	3
5602	1
5603	1
21988	1
5606	1
5607	1
5610	1
5611	3
5612	1
5613	1
5615	1
5617	1
5618	1
5619	2
5620	1
5621	2
5622	1
5624	1
5625	3
5626	2
5627	2
5628	2
5629	1
5632	1
5633	2
5634	2
5635	3
5636	2
5637	1
22022	1
5638	1
5640	1
5642	3
22027	1
5643	1
5644	2
22028	1
5646	1
5647	2
5649	1
5650	4
5651	2
5652	2
5654	2
5655	2
5658	1
5659	3
5660	2
5661	1
5662	3
5665	1
5666	2
5667	1
5668	1
5669	2
5670	2
5671	3
5672	1
5675	2
5676	1
5677	1
5681	3
5682	1
5684	3
5685	2
5686	2
5687	2
5688	1
5689	1
5690	1
5691	1
5693	3
5694	3
5699	2
5700	1
22085	1
5702	1
5703	1
5704	2
5705	1
22089	1
5706	2
5707	2
5710	1
5712	1
5715	2
5716	2
22100	1
5717	1
5719	1
5720	1
5722	5
5723	1
5724	2
5725	3
5726	2
5727	1
5729	2
5730	2
5733	2
5734	1
5735	1
5736	1
5738	2
5739	1
5741	3
5743	2
5744	2
5745	1
5746	1
5748	1
5749	2
5751	2
5752	1
5755	2
5756	1
5758	3
5759	3
5760	1
5761	2
5762	2
5763	1
5764	1
5765	2
5766	2
5767	2
5769	1
5770	3
5773	2
5774	2
5775	2
5777	1
5779	3
5780	2
5781	1
5782	2
5783	1
5784	2
5788	1
5790	3
5791	3
5792	1
5795	1
5797	3
5798	1
5799	1
5800	1
5801	1
5802	4
5806	2
5807	2
5808	2
5809	1
5811	2
5812	2
5814	2
5816	3
22200	1
5817	1
5818	1
22205	1
5826	3
5829	1
5830	2
5831	1
5833	1
5834	1
5837	3
5838	1
5840	3
5841	1
5842	2
5847	1
5848	2
5851	1
5852	4
5853	3
5854	1
5858	2
5861	2
5862	3
5864	2
5865	1
5866	2
5868	1
5869	2
5871	1
5873	2
5875	1
5877	1
5878	1
5880	1
5882	1
5883	1
5886	1
5887	1
5889	2
5890	1
5891	2
5895	1
5896	1
5897	1
5898	1
5900	2
5902	1
5903	1
5904	1
5905	3
5906	3
5907	3
5909	1
5910	1
5911	2
5914	2
5915	1
5916	4
5919	2
5923	1
5924	1
5925	2
5926	1
5927	2
5928	1
5932	2
5933	3
5935	1
5936	2
5937	1
5938	2
5939	1
5941	1
5943	1
5944	3
5945	2
5946	2
5948	1
5949	3
5950	1
5951	1
5953	1
5954	1
5956	1
5959	1
5960	2
5962	2
5963	4
5964	1
5965	1
5967	1
5968	2
5969	2
5970	3
5971	1
5973	3
5976	1
5977	1
5978	1
5979	3
5980	1
5982	1
5985	4
5986	2
5987	1
5989	2
5992	2
5993	1
5994	4
5995	1
5997	5
5999	2
6000	1
6001	2
22387	1
6004	2
22388	1
6007	1
6009	1
6010	2
6012	4
6013	1
6016	2
6018	1
6022	1
6023	3
6026	1
6027	1
6031	1
6032	2
6033	1
6034	2
6035	2
6036	3
6037	1
6038	1
6040	1
6043	4
6044	2
6045	3
6046	2
6047	1
6050	2
6052	1
6053	1
6054	1
22438	1
6058	2
6061	3
22445	1
6062	1
6065	1
6066	1
6067	1
6068	1
6071	1
6073	1
6077	1
22463	1
6080	1
6082	1
6083	3
6086	2
6087	3
6089	1
6090	1
6092	1
6093	2
6094	1
6095	1
6096	1
6097	3
6099	2
6101	1
6102	1
6103	1
6104	1
6105	1
6108	1
6110	1
6111	2
6112	1
6114	1
6115	1
6116	1
6118	1
6120	2
6122	1
6123	1
6124	2
6125	2
6126	3
6127	1
6128	1
6130	1
6131	1
6132	2
6133	1
6134	1
6135	2
6137	1
6139	1
6140	2
6141	1
6143	1
6144	4
6145	1
6146	1
6147	2
6149	1
6151	1
6153	1
6154	1
6155	2
6156	2
6158	1
6160	1
6161	2
6162	1
6166	1
6167	1
6168	2
6169	1
6170	2
6171	2
6174	2
6177	3
22561	1
6178	2
6182	2
6183	1
6186	1
6190	2
6191	1
6192	1
6195	2
6197	1
6198	1
6199	1
6201	1
6202	1
6203	1
6204	2
6205	1
6208	2
6209	1
6211	2
6213	1
6214	1
6215	2
22600	1
6217	1
6218	1
22603	1
6219	3
6220	1
6221	2
6222	1
6223	1
6225	1
22612	1
6228	1
6229	2
6231	1
6232	3
6233	2
6234	1
6235	1
6236	1
6238	1
6239	1
6240	2
6241	1
6244	1
6245	1
6246	1
6247	1
6250	1
6251	3
6252	1
6253	1
6256	2
6257	2
6259	1
6263	1
6264	3
6267	2
6268	2
6269	3
6270	1
6273	3
6276	2
6277	2
6278	2
6279	1
6280	1
6281	2
6282	2
6283	1
6287	1
6288	3
6289	1
6290	1
6291	2
22678	1
6296	1
6297	1
6300	1
6301	2
6302	1
6303	1
6304	2
6306	1
6307	2
6308	2
6309	1
6310	1
22695	1
6311	2
6312	1
6314	1
6316	1
6317	2
6318	1
6320	1
6321	1
6322	1
6326	2
6330	1
6333	1
6334	1
6335	3
6336	2
6337	3
6339	1
6341	1
6344	2
6345	1
6347	2
6348	2
6351	1
6352	1
6354	2
6355	1
6357	1
6359	1
6360	2
6364	2
6366	1
6367	1
6368	1
6371	2
6372	2
6373	1
6375	1
6377	2
6380	1
6384	1
6385	2
6386	4
6387	1
6388	2
6389	1
6390	1
6391	1
6393	3
6394	1
6395	1
6396	1
6398	3
6399	1
6400	1
6402	2
6403	1
6406	2
6407	2
6408	2
6411	1
6414	1
6415	1
6417	1
6418	1
6420	1
6421	1
6423	1
6426	1
6429	1
6430	2
6431	1
22816	1
6433	1
6434	1
6437	1
6439	1
6440	2
6445	2
6446	1
22832	1
6449	1
6450	1
6451	1
6452	1
6453	2
6454	1
6456	1
6458	3
6460	3
6461	1
6464	1
6465	1
6467	2
6468	2
6472	2
6473	2
6474	1
6477	2
6478	1
6480	1
6484	4
6487	2
6488	1
6493	2
6497	1
22884	1
6501	2
6505	3
6507	3
6509	3
6512	1
6513	1
6514	2
6515	1
6517	1
6518	1
6519	2
22904	1
6520	1
6521	1
6522	1
6523	2
6524	1
6527	1
6528	3
6530	1
6535	1
6536	1
6539	2
6540	1
6541	1
6542	3
6544	1
6547	2
22931	1
6550	1
6551	1
6553	1
6554	2
6555	2
6556	1
6557	2
6558	2
6559	1
6562	2
6566	1
6571	1
6575	1
6576	1
6577	1
22961	1
6578	1
6579	1
6581	2
6582	2
6586	1
6588	1
6589	1
6590	1
6593	1
6595	2
6597	1
6602	1
6603	1
6604	1
6606	2
6607	1
6611	1
6612	1
6613	3
6616	1
6617	1
6618	2
6619	1
6620	1
6622	2
6624	1
6625	1
6627	3
6628	1
6631	3
6632	1
6635	1
6637	1
6638	1
6639	2
6641	1
6643	1
6644	2
6645	2
6646	1
6647	1
6648	2
6649	1
6652	2
6655	1
6656	1
6657	2
6659	1
6661	1
6663	2
6665	2
6667	3
6670	1
6671	2
6672	2
6673	1
6675	1
6676	2
6681	1
6682	1
6684	1
6685	1
6686	1
6691	1
6695	3
6696	1
6697	1
6701	1
6702	1
6707	1
6708	2
6710	1
6712	1
6713	1
6715	1
6718	1
6720	1
6723	1
6730	1
6735	1
6738	1
6739	1
6740	1
6742	1
6745	1
6746	1
23131	1
6747	1
6749	2
6750	1
6753	1
6761	1
6762	1
6763	1
6764	1
23148	1
6766	1
6770	1
6771	1
6772	2
6773	1
6776	1
6782	1
6783	1
6785	1
6786	1
6788	1
23175	1
6793	1
6794	2
6795	1
6797	1
6799	1
6800	4
6802	2
6804	2
6805	1
6806	2
23192	1
6809	1
6811	2
6812	1
6813	1
6814	1
6816	4
6822	1
6824	1
6826	1
6828	2
6830	2
6832	1
6835	1
6837	1
6839	2
6841	1
6842	1
6844	1
6850	2
6851	1
6854	1
6856	1
6857	2
6859	1
6861	2
6862	1
6863	1
6868	1
6869	1
6872	1
6874	1
6875	1
6876	2
23261	1
6878	1
6879	1
6883	1
6886	1
6887	1
6888	2
6891	1
6892	1
23279	1
6895	1
6897	3
6899	2
6907	1
6909	1
6910	2
6911	1
6916	1
6917	1
6920	1
6922	1
6923	2
6925	1
6927	1
6928	1
6932	1
6936	1
6938	2
6939	1
6941	1
6942	1
23329	1
6946	1
6948	1
6949	2
6953	1
6958	1
6959	2
6960	2
6961	1
6964	1
6969	1
23357	1
6978	1
6984	2
6985	2
6990	1
23376	1
6993	1
6996	2
6997	1
7000	1
7002	1
7003	1
7004	2
7008	1
7012	2
7013	1
7014	1
7016	1
7022	1
7025	1
7027	2
7029	1
7032	1
7033	1
7037	1
7041	1
7042	1
7044	1
7045	1
7046	2
7047	1
7050	2
7052	1
7055	1
7056	1
7058	1
7061	1
7062	1
7063	2
7065	1
7066	1
23451	1
7071	1
7073	3
23464	1
7081	1
7082	1
23467	1
7086	2
7088	1
7089	3
7091	1
7093	1
7100	1
23485	1
7101	1
7103	1
23488	2
7104	2
7105	2
7106	1
7107	2
7109	1
23493	1
23494	1
7113	2
7114	1
7115	1
7117	2
7118	1
7119	1
7121	2
7122	1
7126	3
7128	2
7129	1
7131	1
7132	1
7133	1
7134	1
7135	2
7136	1
7138	2
23523	1
7140	1
7141	1
7143	2
7144	1
7150	1
7151	1
7152	1
7156	1
7160	1
23544	1
7161	1
7162	1
7163	1
7168	2
7169	1
7171	1
7172	1
7174	1
7180	1
7184	1
7185	1
7187	1
7190	1
7191	1
7195	2
7196	1
23583	1
7201	1
7203	2
7204	1
23589	1
7208	1
7210	1
7212	1
7214	2
7221	2
7222	1
7224	1
7225	1
7227	2
7228	2
7231	1
7234	1
7237	1
7246	1
7247	1
23636	1
7256	1
7257	1
7260	1
7262	1
7263	1
7264	2
7265	1
7269	1
7271	1
7273	1
7274	1
7284	1
7287	1
23671	1
7290	2
7294	1
7300	1
7302	3
7305	1
7308	1
7311	1
7312	2
7313	1
7316	1
7319	2
7320	2
23705	1
7322	1
7323	1
7326	2
7327	2
7328	1
7330	1
7333	1
7334	1
7335	2
23721	1
7338	1
7339	1
7340	2
7345	1
7348	1
7354	1
7358	1
7361	1
23746	1
7363	1
7366	1
7372	1
7373	1
7375	1
7376	1
7378	1
7383	1
7384	1
7390	3
7394	2
7395	1
7397	5
7398	1
7399	1
7400	1
7401	1
7402	1
23787	1
7403	1
7404	1
7405	1
23791	1
7408	1
7410	3
7411	1
7412	1
7417	2
7421	1
7422	1
7424	1
7426	2
7431	1
7433	1
7434	1
7435	1
7437	1
7440	1
7446	1
7447	2
7448	1
23833	1
7450	2
7453	1
7455	1
7461	1
7467	2
23853	1
7469	1
7470	2
7471	1
7472	1
7477	2
7481	3
7482	1
7484	2
7486	1
7488	2
7490	2
7492	1
7501	1
7502	1
7504	1
7505	1
7507	2
7509	1
7511	1
7512	1
7515	1
7516	1
7519	1
7521	2
7522	1
7523	1
7525	1
7526	2
7527	1
7528	1
7529	1
7531	1
7534	2
7538	1
7539	1
7543	1
7544	1
7551	1
7552	1
7553	1
7555	2
7558	1
7559	2
7560	1
7561	1
7562	3
7563	1
7565	1
7568	2
7569	1
7571	1
7575	2
7579	1
7581	1
7583	1
7586	1
7593	1
7594	1
7595	1
7596	2
7597	4
7601	1
7607	1
7608	1
7609	1
23995	1
7613	1
7614	1
7616	1
7617	1
7618	1
7624	2
7626	1
7629	1
7630	1
7634	1
7635	1
7637	1
7639	1
24024	1
7645	1
7647	1
7648	3
7655	1
7656	2
7658	1
7664	2
7668	1
7669	1
7670	1
7672	1
7676	1
24060	1
7677	1
24063	1
7679	1
7680	1
7681	1
7687	1
7689	1
7699	1
7702	1
7705	2
7706	1
7708	1
7710	1
7712	1
7715	1
7718	2
7725	2
7727	1
7730	2
7732	1
7734	1
7735	1
7736	1
7738	1
7739	1
7740	2
7742	2
7745	1
7750	1
7756	1
7769	1
24155	1
7772	1
7773	1
7781	2
7784	1
7786	1
7788	1
7789	1
7793	1
7794	1
7795	1
7797	1
7803	1
7804	1
7808	1
7810	1
7813	2
7818	1
7821	2
7823	2
7824	1
7828	1
7830	1
7831	2
7839	1
7841	1
7842	2
7848	1
7850	1
7855	2
7856	1
24241	1
7859	1
7863	1
24253	1
7876	3
7877	1
7878	1
7879	3
7881	1
7886	1
7893	1
7896	1
7905	1
7906	1
7910	1
7912	1
7914	1
7916	1
7917	2
7921	1
7925	1
7927	1
7928	1
7929	2
7932	2
7933	1
7934	2
7935	1
7942	1
24332	1
7952	1
7955	1
7959	1
7961	1
7964	1
7967	1
7969	1
7971	1
7974	1
7976	1
7977	1
7978	1
7979	2
7981	1
7985	2
7986	1
7987	1
7989	1
7992	1
7994	1
8003	1
8006	1
8007	1
8010	1
8012	1
8014	1
8017	2
8020	1
8021	1
8023	1
8024	1
8025	1
8026	1
8028	1
8029	2
8030	1
8035	2
8036	2
8037	1
8039	1
24425	1
8041	1
8042	1
24431	1
8047	1
24433	1
8049	1
24434	1
8054	1
8059	1
8060	1
8065	1
8066	1
8067	1
8070	1
8072	2
8073	2
8074	1
8076	1
8079	1
8080	1
8084	2
8085	1
8087	2
8096	1
8098	1
8100	1
8101	2
8102	2
24487	1
8108	1
8110	2
8111	1
8115	1
8120	2
8121	1
8125	1
8127	1
8128	1
8129	1
8132	3
8133	1
8136	1
8140	1
8149	1
8150	1
8161	1
8165	1
8169	2
8170	1
8171	1
8177	1
8180	1
8182	1
8183	1
8187	2
8188	3
8189	1
8191	2
8194	2
8197	2
8199	1
24584	1
8204	1
24589	1
8206	1
8207	1
8208	2
8209	1
8210	1
24594	1
8213	1
8214	1
8217	1
8218	1
8222	1
8223	1
8226	1
8232	2
8236	2
8244	1
8246	1
8248	1
8249	1
8251	1
8255	1
8263	1
8264	1
8265	1
8270	1
8277	1
8278	1
24667	1
8284	1
8286	2
8288	2
8290	1
8292	1
8294	1
8295	2
8298	1
8299	1
8300	1
8304	1
8305	2
24691	1
8307	1
8314	1
8315	2
8326	1
8327	1
8331	1
8332	1
8333	2
8336	1
8340	2
8341	1
8343	1
8346	2
8353	1
8355	2
8357	1
8358	2
8364	1
8365	1
8367	1
8369	1
8370	2
8371	2
8372	2
8375	1
8376	1
8377	1
8384	2
8387	1
24772	1
8394	1
8395	1
8396	2
8397	1
8399	1
8407	1
8408	1
8409	1
8416	1
8419	1
8421	1
8424	1
8425	1
8426	1
8436	1
8438	3
8440	2
8443	1
8444	1
8447	2
8448	1
8463	1
8464	1
8468	1
8472	1
8473	1
8474	1
8475	1
8476	1
8478	1
24863	1
8481	1
8483	1
8484	2
8487	1
8489	1
8497	1
8509	1
8511	2
8517	1
8521	1
8522	1
8525	1
8539	1
8541	1
8546	1
8548	1
8549	1
8550	1
8556	2
8558	1
8559	1
8562	1
8569	2
8571	4
8573	1
8578	2
8579	1
8589	1
24975	1
8591	1
8593	1
8595	2
8597	1
24982	1
8603	1
8604	1
8611	1
8619	1
8625	2
8631	1
8633	1
8638	1
8640	1
8643	1
8645	1
8649	2
8650	2
8651	1
8654	1
8657	1
8660	1
8664	1
8667	1
8671	1
8674	2
8681	1
8684	1
8686	1
8687	1
8688	1
8693	1
8696	1
8697	1
8699	1
8701	1
8703	1
8705	3
8711	1
8712	1
8715	1
8721	1
8725	1
8727	1
25118	1
8737	1
8748	1
8750	1
8754	1
8755	1
8757	1
8765	1
8767	2
8768	1
8772	2
8776	1
8777	1
8780	2
8781	1
8782	1
8785	2
8788	1
8795	1
8797	1
8800	1
8802	1
8813	1
8816	1
8817	2
8820	1
8821	1
8823	1
8828	1
8832	1
8836	1
8842	2
8846	1
8850	1
8855	2
8857	1
8863	1
8865	1
8871	1
8872	1
25260	1
8878	1
8883	2
8884	1
8886	1
8889	1
8895	1
8896	2
8905	1
8907	1
25298	1
8921	1
8929	1
8930	2
8936	3
8937	1
8939	1
8940	1
8943	1
8944	3
8950	2
8951	2
8952	1
8955	1
8959	1
8963	1
8965	2
8966	2
8973	1
8979	1
8982	1
8988	1
25372	1
8997	1
8999	1
9000	2
25385	1
9004	1
9006	2
9009	1
9010	1
9012	1
9013	1
9014	1
9015	1
9017	1
9020	1
9024	2
9025	1
9027	1
9029	1
9030	1
9032	1
9042	1
9048	2
9049	1
9050	1
9055	1
9060	1
9063	1
9065	1
9068	1
9073	1
9074	1
9077	1
9079	1
9085	2
9086	2
9089	1
9090	1
9091	1
9094	2
9098	2
9121	1
9124	1
9130	1
9135	1
9136	1
9138	1
9141	1
9143	1
9144	1
9146	1
9147	1
9150	1
9151	1
9153	1
9156	1
9157	2
9161	1
9162	2
25553	1
9172	1
9175	1
9180	1
9181	1
9183	1
9186	1
9188	1
9193	1
9199	1
9209	1
9214	1
25599	1
9217	2
9218	1
9223	1
9234	1
9243	2
9246	1
9254	1
9255	1
9257	1
9258	1
9266	1
9270	2
9272	1
9277	1
9279	1
9281	1
9282	1
9283	1
9285	1
9290	1
9293	1
9294	1
9296	1
9298	1
9300	3
25686	1
9305	1
9310	1
9317	2
9321	1
9322	1
9325	1
9326	1
25717	1
9334	1
9337	1
9340	1
9341	1
9343	2
9344	1
9347	1
9353	1
9354	1
9358	1
9359	1
9368	1
9371	1
9372	2
9375	2
25760	1
9377	1
9381	1
9390	1
9391	2
9393	1
9395	1
9396	1
9403	1
9407	1
9411	1
9415	1
9417	1
9422	1
9428	1
9431	1
9434	1
9444	1
9446	1
9451	1
9452	1
9454	2
9455	1
9456	1
9459	1
9463	1
9468	1
9469	2
9471	1
9475	1
9480	1
9481	1
9484	1
9485	2
9486	1
9493	1
9505	1
9509	1
9512	1
9514	1
9520	1
9524	1
9533	1
9534	1
9535	1
9540	1
9547	1
9549	1
9551	1
9553	1
9557	1
9560	1
9566	1
9574	1
9579	1
9581	1
9582	1
9583	1
9586	1
9587	1
9588	1
9593	2
9598	1
9607	1
9610	1
9643	1
9650	1
9654	2
9655	1
9659	2
9663	1
9670	1
9680	2
9688	1
9689	2
9698	1
9708	1
9709	1
9713	1
9716	1
9719	1
9722	1
9724	1
9725	1
9733	1
9734	1
9735	1
9736	2
9738	1
9741	2
9742	1
9752	1
9756	1
9757	1
9761	1
9768	1
9769	1
9770	2
9778	1
9783	1
9784	1
9785	1
9788	1
9791	1
9796	1
9799	1
9800	1
9803	1
9807	1
9810	1
9811	2
9832	1
9841	1
9846	1
9847	1
9857	1
9858	1
9860	2
9861	1
9863	1
9872	1
9882	1
9884	1
9886	2
9887	1
9888	1
9889	1
9893	1
9913	1
9916	1
9926	1
9927	1
9928	1
9929	1
9941	1
9950	1
9955	1
9957	2
9963	1
9965	1
9969	3
9973	1
9978	1
9984	1
9985	1
9988	1
9989	1
9991	1
10004	1
10005	1
10010	1
10013	1
10015	1
10020	1
10024	1
10043	1
10045	1
10053	1
10060	1
10061	1
10062	1
10063	1
10073	1
10083	1
10084	1
10086	1
10088	1
10090	1
10092	1
10093	1
10096	1
10102	1
10105	1
10107	1
10109	1
10111	1
10115	2
10116	1
10117	1
10119	1
10120	2
10126	1
10127	1
10128	1
10130	1
10135	1
10136	1
10145	1
10153	1
10158	1
10161	1
10172	1
10174	1
10187	1
10202	1
10203	1
10205	1
10207	1
10214	1
10225	1
10228	1
10231	1
10232	1
10241	2
10251	1
10252	1
10257	1
10261	1
10265	1
10266	1
10267	1
10272	1
10277	1
10289	1
10290	1
10299	1
10301	1
10305	1
10311	2
10312	1
10314	1
10316	1
10318	1
10320	1
10321	1
10323	1
10326	2
10328	1
10337	1
10338	1
10339	1
10340	1
10341	1
10343	2
10345	1
10349	1
10351	1
10353	1
10357	1
10359	1
10362	1
10364	1
10365	1
10368	1
10369	1
10370	1
10377	1
10379	1
10388	1
10391	1
10392	1
10396	1
10404	1
10416	1
10417	1
10424	1
10426	1
10427	1
10429	1
10433	1
10439	1
10446	1
10458	1
10472	1
10475	1
10476	1
10477	1
10480	1
10484	1
10485	1
10486	1
10489	2
10491	1
10494	1
10503	1
10507	1
10512	1
10514	1
10516	1
10519	1
10521	2
10525	1
10526	1
10533	1
10534	1
10546	1
10554	1
10555	1
10557	1
10566	1
10570	1
10572	1
10579	1
10581	2
10583	1
10587	1
10593	1
10603	1
10607	1
10612	1
10618	2
10623	2
10628	2
10637	1
10641	1
10648	1
10656	1
10657	1
10661	2
10662	1
10663	1
10666	1
10668	1
10679	2
10681	2
10694	1
10702	1
10703	1
10709	1
10713	1
10716	1
10718	1
10719	2
10720	1
10722	1
10736	1
10753	1
10758	1
10760	1
10766	1
10780	1
10784	1
10789	2
10791	1
10802	1
10803	2
10809	1
10812	1
10813	1
10817	2
10818	1
10829	1
10834	1
10836	1
10840	1
10843	1
10851	1
10852	1
10862	1
10867	1
10873	1
10886	2
10892	1
10898	2
10899	1
10903	1
10904	1
10911	1
10912	1
10913	1
10915	1
10919	1
10922	1
10926	1
10927	1
10938	1
10939	1
10945	1
10956	1
10960	2
10964	2
10966	1
10969	1
10970	2
10971	1
10979	1
10989	2
10992	1
10994	1
11000	1
11002	1
11005	1
11007	1
11009	1
11010	1
11012	1
11017	1
11020	1
11021	1
11023	1
11027	1
11030	1
11035	1
11036	2
11040	1
11047	3
11050	2
11052	3
11055	1
11056	1
11058	1
11062	1
11069	1
11071	1
11073	1
11075	1
11081	1
11083	1
11088	1
11096	1
11104	1
11110	1
11124	1
11125	2
11127	1
11131	1
11142	1
11144	1
11145	1
11147	1
11154	1
11156	1
11159	1
11161	1
11164	1
11166	1
11169	1
11171	1
11176	1
11179	1
11180	2
11185	1
11187	1
11192	1
11194	1
11195	1
11197	1
11200	1
11205	1
11219	2
11225	1
11227	1
11233	1
11235	1
11237	1
11239	1
11252	1
11255	1
11259	1
11261	2
11264	1
11268	1
11275	1
11280	2
11290	1
11291	1
11293	1
11308	1
11311	1
11312	1
11319	1
11326	1
11328	1
11340	1
11344	1
11349	1
11350	1
11355	1
11365	1
11368	1
11375	2
11382	1
11385	1
11392	1
11395	1
11396	1
11401	1
11416	1
11419	1
11430	1
11431	1
11436	1
11439	1
11440	1
11444	1
11447	1
11448	1
11449	1
11450	1
11465	1
11472	1
11476	1
11482	2
11486	1
11488	1
11493	1
11496	1
11500	1
11503	2
11507	1
11508	1
11516	1
11517	1
11536	1
11539	1
11548	1
11556	1
11557	1
11558	1
11560	1
11562	1
11564	1
11570	1
11582	1
11601	1
11602	1
11606	2
11610	1
11613	1
11615	2
11618	1
11622	1
11624	1
11626	1
11634	1
11649	1
11651	1
11660	1
11663	1
11676	1
11679	3
11688	1
11693	1
11701	1
11703	1
11704	1
11705	1
11706	1
11708	1
11711	1
11724	1
11725	1
11739	1
11740	1
11744	2
11745	1
11746	1
11751	1
11753	1
11754	1
11757	1
11762	1
11767	1
11783	1
11784	1
11796	1
11798	1
11800	1
11810	1
11811	1
11817	1
11819	1
11822	1
11826	1
11832	1
11834	2
11835	1
11842	1
11844	1
11846	1
11848	1
11851	1
11856	2
11860	1
11866	1
11870	1
11871	2
11873	1
11876	1
11883	1
11891	1
11892	1
11902	1
11904	1
11907	1
11912	1
11927	1
11931	1
11939	1
11944	1
11947	1
11948	1
11950	1
11951	1
11956	1
11963	1
11972	1
11976	1
11980	2
11981	1
11982	1
11988	1
11991	1
12007	1
12008	1
12016	1
12020	1
12022	3
12024	1
12029	1
12072	1
12074	1
12078	1
12079	1
12081	2
12088	1
12089	1
12090	1
12119	1
12128	1
12139	1
12147	1
12159	1
12174	1
12175	1
12176	1
12177	1
12183	2
12192	1
12197	1
12199	1
12210	1
12213	2
12228	1
12235	1
12236	1
12240	1
12245	1
12249	1
12250	1
12251	1
12260	1
12264	1
12265	1
12275	1
12276	1
12287	1
12296	1
12298	2
12302	1
12307	1
12308	1
12312	1
12317	1
12323	1
12326	2
12329	1
12334	1
12335	1
12339	1
12359	1
12361	1
12363	1
12368	1
12370	1
12375	3
12376	1
12385	1
12401	1
12411	1
12414	1
12415	1
12421	1
12423	1
12427	1
12428	1
12432	1
12449	1
12459	1
12460	2
12473	1
12483	1
12488	1
12491	1
12507	1
12508	2
12520	1
12554	2
12557	1
12569	1
12571	2
12585	1
12602	1
12612	1
12615	1
12621	1
12625	1
12634	1
12639	1
12643	1
12646	1
12652	1
12653	1
12654	1
12656	1
12658	1
12669	2
12671	1
12678	1
12680	1
12702	1
12704	2
12721	1
12727	1
12738	1
12741	1
12744	1
12753	1
12754	1
12756	1
12763	1
12782	1
12789	1
12794	1
12797	1
12801	1
12806	1
12819	1
12821	1
12824	2
12831	1
12833	1
12835	1
12843	2
12852	2
12854	1
12863	1
12867	1
12868	1
12870	1
12872	2
12883	1
12887	1
12889	1
12891	1
12896	1
12897	1
12911	2
12930	1
12934	1
12944	1
12952	1
12966	1
12968	1
12979	2
12981	1
12984	2
12990	1
12992	1
12996	1
13000	1
13002	1
13005	1
13006	1
13035	1
13037	1
13039	1
13052	1
13057	2
13074	1
13097	1
13104	1
13110	1
13116	1
13121	1
13124	1
13128	1
13130	1
13153	1
13155	1
13156	2
13172	2
13186	1
13189	1
13193	1
13218	1
13228	1
13236	1
13252	1
13262	1
13278	1
13289	1
13292	2
13300	1
13344	2
13357	1
13366	1
13367	1
13371	1
13389	1
13394	1
13399	1
13402	1
13406	1
13414	1
13427	1
13428	1
13429	1
13430	1
13438	1
13445	1
13453	1
13457	1
13469	1
13484	1
13491	2
13492	1
13520	1
13521	1
13546	2
13548	1
13552	1
13572	1
13582	1
13587	1
13601	1
13625	1
13666	1
13671	1
13674	1
13682	1
13687	1
13709	1
13715	1
13717	1
13731	1
13734	1
13742	1
13758	1
13762	1
13778	1
13785	1
13791	1
13800	1
13808	1
13816	1
13819	2
13824	1
13843	1
13844	1
13854	1
13862	1
13865	1
13866	1
13869	1
13873	2
13882	1
13888	1
13898	1
13908	1
13910	1
13912	1
13928	1
13933	1
13937	1
13939	2
13946	1
13965	1
13966	1
13973	1
13989	1
13993	1
13997	1
14018	2
14027	1
14030	2
14032	1
14033	1
14035	1
14044	1
14047	1
14054	1
14062	1
14076	1
14081	1
14086	1
14112	1
14116	1
14117	1
14128	1
14131	1
14133	1
14141	1
14148	1
14152	1
14153	1
14155	1
14156	1
14162	1
14170	1
14174	1
14180	1
14181	1
14186	1
14191	1
14200	1
14201	1
14212	2
14214	1
14219	1
14231	1
14236	1
14250	1
14251	1
14252	1
14285	3
14295	1
14296	1
14306	1
14307	1
14316	1
14319	1
14321	1
14327	1
14329	1
14333	1
14343	1
14348	1
14358	1
14363	1
14365	1
14368	1
14378	1
14397	1
14405	1
14409	1
14413	1
14420	1
14424	1
14429	2
14434	1
14435	2
14440	1
14458	1
14459	1
14473	1
14477	1
14483	1
14490	1
14494	1
14500	1
14503	1
14506	1
14511	1
14515	1
14516	1
14518	1
14522	1
14523	1
14527	1
14528	1
14536	1
14544	1
14560	1
14566	1
14567	1
14578	2
14584	1
14586	1
14589	1
14590	1
14614	1
14616	1
14622	1
14623	1
14641	1
14645	1
14656	1
14673	1
14676	1
14679	1
14681	2
14702	1
14709	1
14710	1
14719	1
14723	1
14726	1
14740	1
14742	1
14754	1
14763	1
14767	2
14768	1
14776	1
14777	1
14815	1
14818	1
14831	1
14841	2
14842	1
14843	1
14860	1
14861	2
14874	1
14875	1
14881	1
14889	1
14892	1
14902	1
14907	1
14926	1
14933	1
14946	1
14954	2
14961	1
14974	1
15006	1
15012	1
15018	1
15021	1
15029	1
15032	1
15052	1
15055	1
15060	1
15069	2
15072	1
15090	1
15093	1
15095	1
15113	1
15116	1
15118	1
15127	1
15152	1
15160	1
15162	1
15180	1
15185	1
15189	1
15193	2
15201	1
15204	1
15211	1
15239	1
15240	1
15256	1
15265	1
15293	2
15298	1
15304	1
15314	1
15319	1
15321	1
15334	1
15337	1
15338	1
15343	1
15344	1
15349	2
15350	2
15354	1
15355	1
15368	1
15392	1
15394	1
15405	1
15407	1
15409	1
15439	1
15456	1
15465	1
15488	1
15490	1
15495	1
15499	1
15504	1
15509	1
15520	2
15523	1
15532	1
15536	1
15537	1
15542	1
15546	1
15554	2
15555	1
15588	1
15610	1
15612	1
15618	1
15641	1
15642	1
15643	1
15659	1
15671	1
15693	1
15709	1
15749	1
15751	1
15768	1
15769	1
15786	1
15787	1
15788	1
15801	1
15804	1
15805	1
15812	1
15817	1
15822	1
15856	1
15857	1
15861	1
15865	1
15870	1
15873	1
15877	1
15894	1
15901	2
15920	1
15932	1
15959	1
15976	1
15989	1
15995	1
16003	1
16018	1
16027	1
16038	1
16041	1
16052	1
16053	1
16057	1
16064	1
16081	1
16105	1
16119	1
16137	1
16156	1
16172	1
16173	1
16208	1
16211	1
16212	1
16216	1
16226	1
16227	1
16236	1
16239	1
16252	1
16280	1
16287	1
16291	1
16293	1
16296	1
16309	1
16316	1
16336	2
16354	1
16357	1
16364	1
16373	1
16374	1
16375	2
16376	1
