1	5
2	2
3	1
4	4
5	3
6	6
7	4
8	1
9	4
16393	1
10	1
11	1
12	3
13	2
14	5
15	3
16	4
17	4
19	2
20	6
21	3
22	2
23	6
24	4
25	6
26	5
27	4
28	7
29	3
30	5
31	5
16415	1
32	4
33	3
34	1
35	2
36	5
37	4
38	6
39	4
40	1
41	5
42	5
43	2
44	5
45	9
46	1
47	4
48	1
49	1
50	2
51	4
52	7
16436	1
53	3
54	5
55	3
16439	1
56	1
57	5
16442	1
58	1
59	2
60	6
61	6
62	5
63	4
64	3
65	2
66	2
16450	1
67	3
68	4
69	1
16453	1
70	3
71	2
73	1
16457	1
74	2
75	1
76	5
77	5
16461	1
78	4
79	1
80	3
16464	1
81	2
82	4
83	2
84	3
85	4
86	6
87	5
88	3
89	1
90	3
91	4
92	3
93	3
94	2
95	1
96	4
97	2
98	5
99	3
100	6
16484	1
101	8
16485	1
102	1
103	8
104	6
105	3
106	2
107	2
16491	1
108	3
16493	1
109	1
110	6
111	5
112	6
113	2
114	2
115	3
116	4
117	2
118	3
119	5
120	6
121	2
122	3
123	1
125	5
126	1
127	3
128	3
129	2
130	3
131	2
132	4
133	3
134	6
135	6
136	1
137	2
138	4
139	1
140	5
141	2
142	1
143	4
16527	1
144	6
145	6
147	5
148	6
149	6
16533	1
150	2
151	1
152	3
16536	1
16537	1
153	2
154	4
155	1
156	2
157	2
158	1
16542	1
159	5
160	3
161	4
162	4
163	5
16547	1
164	1
165	2
166	4
16550	1
167	3
168	2
169	2
170	6
171	1
172	2
173	2
174	4
175	1
176	2
177	5
178	4
179	1
180	8
181	1
182	1
183	2
184	6
185	7
186	6
187	4
188	2
189	2
190	3
191	4
192	3
193	5
194	5
195	4
196	2
197	1
198	5
200	3
201	3
202	3
204	5
205	1
206	1
207	5
208	3
209	1
211	2
212	5
213	4
16597	1
214	6
16598	1
215	4
216	1
217	5
218	6
219	2
220	5
221	4
222	2
223	3
224	3
225	3
226	3
227	4
228	3
229	5
230	2
16614	1
231	3
232	5
233	2
234	4
235	3
236	5
237	5
238	6
240	4
241	5
242	3
243	4
244	2
245	2
246	3
247	3
248	1
249	5
250	6
251	6
252	5
253	3
16637	1
254	9
255	3
256	6
258	3
259	10
260	3
261	7
262	2
263	4
264	3
265	1
266	3
267	3
268	4
269	4
270	2
271	4
272	2
273	4
274	4
275	1
276	3
277	4
278	2
16662	1
279	4
16663	1
280	4
281	5
282	3
283	4
284	4
285	4
286	2
287	2
289	2
290	4
292	6
293	3
294	4
295	3
296	3
297	3
298	4
299	4
300	2
302	4
16686	1
303	2
304	2
305	4
306	3
307	3
308	2
309	4
310	2
311	3
312	4
313	3
16697	1
16698	1
314	2
315	3
316	4
317	2
318	1
319	3
320	1
321	2
322	3
323	5
324	3
325	3
326	3
327	4
328	2
329	4
330	3
332	1
333	3
334	1
335	1
336	5
337	3
16721	1
338	2
339	2
340	1
16724	1
341	6
342	5
343	3
344	2
345	2
346	3
347	3
16731	1
348	3
349	5
350	4
351	5
352	5
353	9
354	1
355	6
356	3
357	4
358	4
359	2
360	6
361	2
362	1
363	3
364	1
365	3
366	1
367	2
368	3
369	7
370	2
371	6
372	2
373	3
374	2
375	5
376	6
16760	1
377	9
378	5
379	4
380	3
381	6
16765	1
382	5
383	5
384	3
385	2
386	2
16770	1
387	2
388	4
389	2
390	5
391	2
392	7
393	1
394	3
16778	1
395	3
396	5
397	3
16781	1
398	1
399	3
400	3
401	3
402	2
403	3
404	3
405	2
406	2
407	4
408	1
409	7
410	6
411	2
412	4
413	1
414	4
415	2
416	5
417	3
418	4
420	5
421	3
422	8
423	3
424	2
16808	1
425	6
16809	1
426	4
427	4
428	3
429	7
430	7
431	5
432	4
433	7
434	5
435	7
436	2
437	4
438	4
439	5
440	2
441	5
442	1
443	5
444	3
445	2
446	7
447	3
448	2
449	3
450	6
16834	1
451	3
16835	1
452	3
453	6
16838	1
454	1
455	3
456	4
457	3
458	4
459	5
460	5
461	1
16845	1
462	3
463	8
464	5
466	4
467	5
468	4
469	2
470	5
471	3
16855	1
472	1
473	7
474	3
475	5
476	1
477	6
478	3
479	2
480	7
481	4
482	2
483	4
484	4
486	3
487	3
488	6
489	2
16873	1
490	5
491	4
492	5
493	3
494	4
16879	1
495	4
496	2
497	3
498	3
499	8
500	2
501	6
502	5
503	5
504	2
505	7
16889	1
506	3
507	4
508	1
509	3
510	5
511	5
512	1
16896	1
513	4
514	6
16898	1
515	5
516	4
517	7
16902	1
518	1
16903	2
519	2
520	3
521	2
522	4
523	2
524	1
525	3
526	3
527	2
528	2
529	3
530	3
531	1
532	2
16916	1
533	7
534	2
535	3
536	2
537	2
16921	1
538	3
539	4
540	5
541	3
542	4
543	6
544	5
545	3
546	2
547	3
548	1
549	2
550	6
551	2
553	3
554	2
555	3
16939	1
556	3
557	2
558	5
559	5
560	5
561	4
562	8
563	2
564	5
565	1
566	2
567	3
568	4
16953	1
569	3
570	3
16954	1
571	5
572	4
573	1
16957	1
574	3
575	2
576	6
577	2
578	1
16963	1
579	3
580	8
581	3
582	3
583	5
584	2
585	4
586	3
587	3
588	4
589	4
590	3
591	2
592	4
593	3
594	5
595	5
596	3
597	5
598	2
599	2
600	1
601	6
602	4
16986	1
603	5
604	4
605	5
16989	2
606	4
607	2
608	7
609	3
610	6
611	2
612	4
613	2
16997	1
615	3
616	3
617	5
618	3
619	2
620	3
621	3
622	2
623	6
624	2
625	6
626	2
627	5
628	3
629	4
630	4
631	2
17015	1
632	5
633	1
634	6
635	3
636	3
17020	1
637	2
638	5
639	4
640	4
641	9
642	5
644	9
645	3
646	2
647	3
648	3
649	2
650	6
651	2
652	1
653	4
654	4
655	5
17039	1
656	3
657	2
658	6
659	1
17043	1
660	2
661	2
662	3
663	2
664	4
665	4
666	2
667	6
668	2
669	2
670	4
671	10
17055	1
672	7
673	2
674	4
676	3
677	2
678	1
679	4
680	2
681	6
682	5
683	4
684	3
685	1
686	5
687	10
688	3
689	8
690	5
691	1
692	3
693	6
694	1
695	4
696	2
697	4
17081	1
698	5
17082	1
699	2
701	5
702	2
703	3
17087	1
704	2
705	3
17090	1
706	3
707	3
17092	1
708	4
709	5
710	2
711	1
712	4
713	2
714	8
715	8
716	3
717	2
718	4
17103	1
719	2
720	3
721	3
722	6
723	3
724	8
726	4
727	3
728	1
729	3
17113	1
17114	1
731	4
732	1
733	6
734	2
735	1
736	3
737	4
738	3
17122	1
739	3
740	3
741	7
742	6
743	9
744	1
17128	1
745	5
746	5
747	5
748	8
749	3
750	3
751	1
752	1
753	5
754	3
755	2
756	1
757	1
758	6
759	1
760	9
761	2
762	2
763	3
764	2
766	5
767	2
768	4
770	6
771	3
772	3
773	6
774	1
775	3
776	1
777	2
778	6
779	3
780	5
781	4
782	4
783	3
784	4
785	2
786	6
787	3
788	7
789	4
790	4
791	2
792	4
793	4
794	5
795	1
796	5
797	3
798	3
799	2
800	2
801	5
802	1
803	1
804	2
805	2
806	3
807	5
808	9
809	1
810	5
811	1
812	2
813	3
814	2
815	5
816	4
817	3
818	3
819	6
820	3
821	5
822	4
823	2
824	3
825	3
826	6
827	1
828	1
829	5
830	5
831	2
832	2
833	4
834	2
835	3
836	5
837	2
839	4
840	6
841	2
842	1
843	6
844	3
845	4
846	3
847	4
848	4
849	4
850	1
851	2
852	1
853	3
854	4
17238	1
855	2
856	5
17240	1
857	1
858	1
860	1
861	6
862	4
863	3
864	3
865	4
866	1
867	2
868	4
869	1
870	3
871	7
872	3
873	4
874	3
17258	1
875	5
876	5
877	6
878	6
879	3
880	3
881	2
882	5
883	5
884	5
885	3
886	4
887	3
888	2
889	8
890	1
17274	1
891	2
892	2
17276	1
893	6
894	2
895	2
896	4
17280	1
897	3
898	3
899	4
17284	1
900	4
901	2
17285	1
902	2
903	4
17287	1
904	4
905	3
906	2
17291	1
908	2
909	3
910	4
911	4
912	5
913	3
914	3
915	2
916	3
917	8
918	1
919	1
920	2
921	2
922	4
923	2
924	3
925	2
926	2
927	1
928	1
929	4
930	7
931	3
932	1
933	9
934	2
935	2
936	3
937	3
938	3
939	6
940	3
941	3
942	3
17326	1
943	4
944	3
945	3
946	1
947	2
948	5
949	1
950	4
17334	1
951	1
952	2
953	4
954	3
17338	1
955	5
956	7
957	4
958	4
959	4
960	3
961	6
962	1
17347	1
963	4
964	1
17348	1
965	2
966	2
967	5
17351	1
968	2
969	2
970	1
971	2
972	2
17356	1
973	3
974	2
975	1
976	5
977	3
978	2
979	5
17364	1
980	3
981	4
982	3
983	3
984	5
17369	1
986	6
987	4
988	6
989	5
990	5
991	2
992	4
17376	1
993	2
994	2
17378	1
995	2
996	2
997	5
998	2
999	2
1000	6
1001	3
1002	1
1003	2
1004	2
1005	2
1006	6
1007	7
1008	1
17392	1
1009	5
1010	4
1011	3
1012	6
1013	3
1014	7
1015	2
1016	5
1017	2
1018	1
1019	1
1020	5
1021	2
1022	4
1023	2
1024	4
1025	4
1026	9
1027	5
1028	3
1029	2
1030	2
1031	2
1032	8
17416	1
1033	1
1034	6
1035	3
1036	3
1037	2
1038	8
1039	4
1040	1
1041	7
1042	6
1043	3
1044	6
1045	5
17429	1
1046	1
1047	2
1048	3
1049	4
1050	5
1051	4
1052	3
1053	3
1054	1
1055	4
1056	2
17440	1
1057	1
1058	1
1059	2
1060	3
1061	2
1062	1
1063	6
1064	4
1065	3
1066	8
1067	6
17451	1
1068	1
1069	4
1070	2
1071	2
1073	4
1074	2
1075	3
17460	1
1076	2
1077	3
1078	4
1079	1
1080	4
1081	2
1082	3
1083	2
1084	2
1085	7
1086	4
1087	1
1088	5
1089	9
1090	2
1091	6
17476	1
1092	2
1093	5
1094	2
1095	6
1096	3
1097	6
1098	3
1099	5
1100	5
1101	5
1102	6
1103	1
1104	2
1105	2
1106	4
1107	1
1108	5
1109	6
1110	3
1111	4
1112	5
1113	3
1114	5
1115	1
17499	1
1116	5
1117	2
1118	3
1119	2
17503	1
1120	4
1121	3
1122	3
1123	4
1124	4
1125	2
1126	3
1127	5
1128	6
1129	2
1130	3
1131	4
1132	7
1133	4
1134	6
1135	7
1136	1
1137	2
17521	1
1138	3
1139	6
17523	1
1140	10
1141	6
1142	5
1143	7
1144	3
17528	1
1145	3
1146	4
1147	2
1148	2
1149	2
1150	3
1151	4
1152	1
1153	3
1154	3
1155	4
1156	3
1157	2
1158	6
1159	2
1160	4
1161	3
1162	4
1163	4
1164	2
1165	3
1166	5
17550	1
1167	6
1168	2
1170	3
1171	4
1172	5
1173	5
1174	3
1175	4
1176	4
1177	1
1178	3
1179	4
1180	4
17564	1
1181	3
1182	1
1183	3
1184	1
1185	6
1187	4
17572	1
1188	6
1189	4
1190	2
1191	4
1192	4
1193	4
1194	2
17579	1
1195	4
1196	3
1197	5
1198	2
1199	2
1200	2
1201	3
1202	3
1203	3
1204	2
1205	3
1206	2
1207	5
1209	1
1210	4
1211	3
17595	1
1212	5
1213	2
1214	4
1215	4
1216	4
1217	4
1218	6
1219	8
1220	4
1221	6
1222	4
1223	4
17607	1
1224	3
17608	1
1225	6
1226	5
1227	1
17612	1
1228	3
1229	2
1230	3
17614	1
1231	4
1232	8
1233	4
1234	6
1236	5
1237	3
1238	5
1239	5
1240	2
1241	6
1242	5
1243	5
1245	2
1247	1
1248	6
1249	3
1250	3
1251	6
1252	4
1253	2
1254	6
1255	1
1256	2
17640	1
1257	1
1258	3
1259	6
17643	1
1260	4
1261	7
1262	1
1263	3
1264	3
1265	4
1266	1
1267	3
1269	3
1270	1
17655	1
1271	1
1272	3
1273	1
17657	1
1274	4
1275	3
1276	3
1277	6
1278	2
1279	2
17663	1
1280	1
1281	4
17665	1
1282	5
1283	3
1284	3
1285	4
1286	4
1287	1
1288	4
1289	6
1290	8
1291	4
1292	4
1293	2
1294	3
1295	2
1296	2
1297	1
1298	2
1299	4
1300	3
1302	3
1303	4
1304	5
1305	4
17689	1
1307	4
1308	1
1309	5
1311	3
1312	3
1313	1
1314	5
1315	4
17699	1
1316	4
1317	3
1318	4
1319	1
1320	2
1321	3
1322	3
1323	1
1324	7
1325	2
1326	4
1327	4
1328	6
1329	5
1330	7
1331	2
1332	3
1333	3
1334	4
1335	7
1336	7
1337	1
1338	4
17723	1
1339	3
1340	2
1341	3
1342	4
1343	1
1344	3
1345	4
1346	4
1347	5
1348	3
1349	3
1350	2
1351	2
1352	2
1353	6
1354	2
1355	4
1356	2
1357	5
1358	2
1359	3
1360	4
1361	3
1362	4
1363	3
1364	7
1365	4
1366	4
1367	1
1368	5
17753	1
1369	1
1370	5
1371	4
17755	1
1372	2
1373	9
1374	2
1375	2
1376	3
1377	4
1378	2
1379	4
1381	3
1382	2
1383	4
17768	1
1384	4
1385	5
1386	1
17770	1
1387	2
1388	8
1389	7
1390	5
1391	4
1392	2
1393	2
17777	1
1394	2
17779	1
1395	1
1396	5
1397	7
1398	1
1399	6
1400	4
1401	5
1402	5
1403	5
1404	4
1405	7
1406	3
1407	5
1408	1
1409	3
1410	2
1411	1
1412	1
1413	4
1414	1
1415	5
1416	5
1417	1
1418	4
1420	1
1421	1
1422	6
1423	6
17807	1
1424	6
1425	1
1426	5
1427	4
1428	3
1429	4
1430	4
17814	1
1431	2
1432	4
1433	7
1434	7
17818	1
1435	1
1436	4
1437	6
1438	2
1439	4
1440	5
17824	1
1441	3
1442	3
1443	4
1444	4
1445	5
1446	4
1447	2
1448	2
17832	1
1449	6
1450	3
1451	1
1452	5
1453	4
1454	4
1455	3
1456	7
1457	5
1458	5
1459	2
17843	1
1460	3
1461	5
1462	4
17846	1
1463	1
1464	3
1465	6
1466	3
1467	4
1468	3
17852	1
1469	4
1470	3
1471	4
1472	5
1473	2
1474	2
1475	1
17859	1
1476	3
1477	2
1478	3
1479	4
1480	4
1481	2
1482	4
1483	4
1484	4
1485	2
1486	5
1487	3
1488	3
1489	1
1490	6
1491	1
1492	6
1493	3
1494	3
1495	5
1496	2
1497	3
17881	2
1498	2
1499	3
1500	1
1502	2
1503	3
1504	1
1505	3
1506	6
1507	1
1508	1
1509	3
1510	1
1511	5
17895	1
1512	3
1513	3
1514	5
1515	2
1517	4
1518	7
1519	4
1520	6
1521	4
17905	1
1522	3
17906	1
1523	2
1524	1
1525	3
1526	4
1527	4
1528	2
1529	1
1530	4
1531	5
1532	4
1533	7
1534	2
1535	5
1536	4
1537	5
1538	9
1539	5
1540	1
1541	6
1542	4
1543	3
1544	3
1546	2
1547	1
1548	1
17932	1
1549	4
1551	6
1552	1
1553	3
17938	1
1554	4
1555	2
1556	4
17940	1
1557	3
1558	3
1559	2
1560	2
1561	5
1562	2
1564	2
1565	4
1566	2
1567	3
1568	4
1569	3
17953	1
1570	1
1571	3
1572	3
1573	3
1574	4
1575	6
1576	5
1577	3
17961	1
1578	1
17962	1
1579	1
1580	5
1581	3
1582	3
1583	2
1584	2
1585	1
1586	5
1587	3
1588	4
1589	6
1590	2
1591	3
1592	4
17976	1
17978	2
1594	2
1595	2
1596	4
17980	1
1597	3
1598	3
1599	6
1600	1
1601	2
1602	3
1603	5
1604	3
1605	8
1606	3
1607	5
1608	7
1609	3
1610	1
1611	4
1612	4
1613	1
1614	4
1615	2
1616	6
1617	5
1618	3
1619	2
1620	3
1621	1
1622	1
1623	5
1624	8
1625	5
1626	7
1627	5
1628	3
1629	2
1630	1
1631	1
1632	4
1633	1
18018	1
1634	3
1635	7
1636	3
1637	3
1638	1
18023	1
1639	1
1640	5
18024	1
1641	3
1642	1
1643	4
1644	4
1645	1
18029	1
1646	2
18030	1
1647	2
1648	1
1649	1
1650	3
1651	2
1652	8
1653	2
18037	1
1654	4
18038	1
1655	3
1656	6
1657	2
1658	1
1659	5
1660	4
18044	1
1661	3
1662	1
1663	3
1664	2
1665	4
1666	4
1667	5
1668	1
1669	2
1670	9
1671	1
1672	2
1673	2
1674	2
1675	3
1676	6
1677	1
1678	4
1679	2
1680	2
1681	1
1682	4
1683	5
1684	2
1685	3
1686	2
1687	3
1689	4
1691	3
1692	7
18076	1
1694	3
1695	2
1696	3
1697	1
1698	4
1699	6
1700	1
1701	5
1703	1
1704	4
1705	1
1706	2
1707	4
1708	4
1709	1
1710	2
1711	5
1712	4
1713	3
1714	1
1715	2
1716	6
1717	9
1718	5
1720	2
1721	1
1722	4
1723	1
1724	6
1725	3
1726	2
1727	5
1728	1
1729	5
1730	3
1731	1
1732	5
1733	5
1734	3
1735	3
18119	1
1736	5
1737	3
1738	3
1739	2
1740	2
1741	3
1742	5
1744	2
1745	1
18129	1
1746	4
1747	1
1748	3
1749	2
1750	1
1752	6
1753	3
1754	4
1755	3
1756	2
1757	3
1758	2
1759	2
1760	1
1761	3
1762	3
18146	1
1763	4
1764	3
1765	6
1766	1
1767	5
18151	1
1768	1
1769	4
1770	2
1771	5
1772	4
1773	3
1774	3
18158	1
1775	4
1776	7
18160	1
1777	3
1778	4
1779	5
1780	4
1781	5
1782	5
1783	3
1784	4
1785	6
1786	3
18170	1
1787	3
1788	8
1789	2
1790	3
18174	1
1791	5
1792	3
1793	3
1794	2
1795	4
1796	5
1797	7
18181	1
1798	7
18182	1
1799	3
1800	4
1801	7
1802	2
18186	1
1803	8
18187	1
1804	3
18188	1
1805	7
18189	1
1806	1
1807	2
18191	1
1808	1
1809	6
1810	3
1811	4
1812	7
1813	6
1814	4
1815	4
1816	5
1817	3
1818	1
1819	3
18203	1
1820	6
1821	7
1823	6
1824	3
1825	8
1826	3
1827	5
1828	2
1829	4
1830	2
1831	6
18216	2
1832	3
1833	9
1834	2
1835	2
1836	3
1837	4
1838	5
1839	3
1840	1
1841	7
1842	5
1843	3
1845	2
1846	2
1847	3
1848	5
1849	4
1850	3
1851	1
1852	5
1853	3
1854	3
1855	2
1856	2
1857	4
1858	3
1859	3
1860	3
1861	3
1862	5
1863	3
1864	1
1865	3
18250	1
1866	1
1867	4
1868	6
1869	3
1870	3
1871	4
1873	3
1875	3
18259	1
1876	2
1877	7
1878	1
1879	2
1880	5
1881	2
1883	2
1884	3
1885	8
1886	3
1887	4
1888	2
1889	1
1890	1
1891	4
1892	1
1893	1
1894	3
1895	2
1896	5
1897	1
1898	6
1899	1
1900	3
1901	1
1902	4
1903	3
1904	2
1905	3
1906	5
1907	3
1908	6
1909	3
18293	1
1910	2
1911	2
1912	4
1913	5
1914	3
1915	4
1917	4
1918	5
1919	2
1921	5
1922	4
1923	1
1924	2
1925	5
1926	2
18310	1
1927	3
1928	1
1929	6
1930	7
1931	2
1932	3
1933	5
1934	3
1935	1
1936	5
1937	5
18322	1
1938	3
1939	2
1940	2
1941	3
18326	1
1942	2
1943	4
1944	2
1945	9
1946	2
1947	2
1948	2
1949	3
1950	3
1951	3
1952	1
1953	7
1954	4
1955	3
18339	1
1956	3
1957	5
1958	1
1959	4
18343	1
1960	1
18344	1
1961	7
1962	3
1963	2
1964	3
1965	3
1966	5
1967	5
1968	5
18352	1
1969	5
1970	2
1971	5
1972	4
1973	4
1975	3
1976	6
1977	2
1978	3
18362	1
1979	2
1980	2
1981	7
1982	2
1983	2
1984	2
18368	1
1985	1
1986	1
1987	3
1988	2
1989	5
18374	1
1990	5
1991	1
1992	3
18376	1
1994	5
1995	4
1996	4
1997	5
1998	2
1999	4
18384	2
2000	2
2001	2
2002	1
2003	4
2004	2
2005	4
2006	4
2007	1
2008	7
2009	3
2010	1
2011	4
2012	3
2013	3
2014	1
18399	1
2015	1
2016	2
18400	1
2017	1
18401	1
2018	1
2019	2
2020	4
2021	5
2022	3
2023	4
2024	4
2025	4
18410	1
2026	3
18411	1
2027	2
2028	4
2029	1
2030	2
2031	3
2033	3
2034	4
2035	1
2036	6
2037	3
2038	2
2039	4
18423	1
2040	1
2041	6
2042	5
2043	3
2044	1
2045	3
2046	4
2047	1
2048	4
2050	3
2052	5
2053	3
2054	6
2055	3
2056	1
18440	1
2057	4
2058	1
2059	6
18443	2
2060	2
2061	5
2062	4
2063	2
2064	5
2065	8
2066	4
2067	2
2068	2
2069	1
2070	1
2071	4
2072	4
2073	4
2074	3
2075	3
2076	6
2077	7
2078	4
18462	1
2079	3
2080	2
2081	4
2082	6
18466	1
2083	4
2084	3
2085	4
2086	2
2087	2
2088	3
2089	5
2090	1
2091	7
2092	4
2093	3
2094	6
2095	5
2096	2
2097	1
2099	3
2100	4
2101	3
2102	3
2103	4
2104	2
2105	3
2106	3
2107	2
2108	3
2109	9
2110	3
2111	1
2112	5
2113	2
2114	6
2115	5
2116	4
2117	8
2118	1
2119	4
2120	2
2121	5
2122	3
18506	1
2123	4
2124	5
2125	2
2126	1
2127	3
2128	4
2129	4
2130	1
2131	5
2132	4
2133	6
2134	5
18518	1
2135	1
2136	3
2137	7
2138	3
2139	5
2140	1
2141	3
2142	2
18526	1
2143	4
2144	3
2145	4
2146	1
2147	4
2148	5
2149	2
2150	8
2151	4
2152	2
2153	2
2154	2
2155	3
2156	2
2157	2
2158	2
2159	3
2161	7
2162	7
2163	5
2164	4
2165	4
18549	1
2166	6
2167	3
2168	1
2169	3
2170	2
2171	6
2172	1
2173	2
2174	5
2175	4
2176	1
2177	4
2178	5
2179	1
2180	1
2181	5
2182	2
2183	3
2184	3
2185	2
2187	4
2188	4
2189	7
2190	2
2191	4
2192	3
2193	4
2194	3
18578	1
2195	3
2196	1
2197	3
2198	3
2199	2
2200	4
2201	2
18585	1
2202	3
2203	3
2204	6
2205	2
2206	3
2207	4
2208	2
2209	7
2210	6
2211	1
2212	3
18596	1
2213	3
2214	3
2215	3
18600	1
2216	1
2217	3
2218	2
2219	1
2220	4
2221	2
2222	4
2223	2
2224	2
2225	4
2226	3
2227	5
2228	3
2229	5
2230	6
2231	1
2232	1
2233	5
2234	4
2235	3
2236	3
2237	3
2238	7
2239	10
2240	3
18625	1
2241	3
2242	3
2243	2
2244	2
2245	5
18629	1
2246	3
2248	4
2249	4
2250	1
2251	3
2252	1
18636	1
2253	4
2254	2
2255	2
2256	4
2257	1
2258	5
2259	3
2260	5
2261	4
2262	2
2263	4
18647	1
2264	4
2265	2
2266	2
2267	1
2268	5
2269	4
2270	3
2271	2
2272	5
2273	2
2274	3
2277	4
2278	2
2279	4
2280	2
2281	3
2282	2
2283	2
2284	1
2285	3
18669	1
2286	1
2288	5
2289	4
18673	1
2290	2
2291	4
2292	4
2293	3
2294	3
2295	6
2296	1
2297	4
2298	2
2299	4
18684	1
2300	2
2301	5
2302	3
2303	2
2304	1
2305	2
2306	3
2307	2
2308	2
18692	1
2309	5
2310	3
2311	2
18696	1
2312	1
2313	1
2314	5
2315	3
2316	2
2317	3
2318	1
2319	6
2320	5
2321	3
18705	1
2322	5
2323	2
2324	3
2325	5
2326	4
2327	4
2328	3
2329	2
2331	4
2332	2
2333	2
2334	1
2335	3
2336	1
2337	7
18721	1
2338	2
2339	3
2340	2
2341	3
2342	2
2343	4
18727	1
2344	1
2345	4
2346	5
2347	3
2348	1
2349	7
2350	1
2351	1
2352	3
2353	1
2354	4
18738	1
2355	2
2356	6
2357	5
2358	5
2359	5
18743	1
2360	4
2361	4
2362	3
2363	6
2364	3
2365	2
2366	1
2367	4
2368	2
18752	1
18753	1
2369	5
2370	4
2371	3
2372	1
2373	2
2374	2
2375	5
2376	1
2377	1
2378	3
2379	3
18763	1
2380	5
2381	5
18766	1
2382	4
2383	4
2384	5
2385	7
2386	4
2387	3
18772	1
2388	4
2389	7
2390	3
2391	5
2392	2
2393	4
2394	2
2395	2
2396	3
2397	2
2398	2
2399	3
2400	4
2401	5
2402	3
2403	4
2404	4
2405	5
2406	4
2407	3
2408	3
2409	3
2410	2
2411	1
2412	3
2413	5
2414	2
2415	5
2416	5
2417	1
2418	5
2419	2
2420	3
2422	5
2423	7
2424	3
2425	4
2426	6
2427	6
2428	1
2429	4
2430	3
2431	5
2432	1
2433	4
2434	2
2435	6
2436	3
2437	5
18821	1
2438	2
2439	2
2440	2
18825	1
2441	2
2442	4
2443	1
2444	5
2445	4
18829	1
2446	3
2447	2
2448	2
2449	2
2450	5
2451	3
2452	5
2453	3
2454	4
2455	5
2456	3
2457	5
2458	5
2459	5
2460	6
2461	9
2462	2
2463	2
18847	1
2464	2
2465	5
2466	3
2467	3
18852	1
2468	2
2469	6
2470	6
2471	4
2472	4
2473	5
2474	2
2475	6
2476	2
2478	5
2479	6
2480	5
2481	4
2483	2
2484	4
2485	3
2486	1
2487	4
2488	6
2489	4
2490	5
2491	5
2492	2
2493	5
2494	4
2495	5
2496	2
2497	4
2498	5
2499	6
2500	3
2501	6
2502	6
2503	3
2504	5
2505	2
18889	1
2506	2
2507	6
2508	2
2510	1
2512	5
2513	8
2514	5
2516	2
2517	3
2518	1
2519	5
2520	4
2521	2
2522	4
2523	1
18908	1
2524	2
2525	2
2526	3
2527	2
2528	1
2529	4
18914	1
2530	6
2531	4
2532	5
2533	7
2534	6
2535	5
2536	2
2537	5
2538	1
2539	7
2540	3
2541	4
2542	4
2543	4
2544	3
2545	5
2546	5
2547	3
2548	1
2550	4
2551	1
2552	1
2553	3
2554	2
2555	4
2556	6
2557	1
2558	4
2559	4
2560	3
2561	4
2562	3
2563	1
2564	6
2565	3
2566	1
2567	5
2568	3
2569	6
2570	2
2571	6
2572	4
2573	3
2574	3
2575	2
2576	6
2577	1
18961	1
2578	1
2579	4
2580	4
2581	6
2582	3
2583	4
2585	4
2586	4
2587	1
2588	4
2589	4
2590	2
2591	7
2592	2
2593	3
2594	1
2595	4
2596	2
18981	1
2597	5
2598	1
2599	5
2600	4
2601	3
2602	3
2603	8
2604	5
2605	3
2606	4
2607	4
2608	6
2609	6
18993	1
2610	8
2611	1
2612	3
2613	4
2614	4
2615	4
2616	3
2617	3
2618	4
2620	3
2621	3
2622	3
2623	7
2624	1
2625	5
2626	4
2627	2
2628	3
19012	1
2629	4
2630	4
2631	5
2632	1
2633	4
19018	1
2634	1
2635	7
2636	3
2637	3
2638	4
2639	1
2640	5
2641	5
2642	2
2643	5
2644	2
2645	3
2646	3
2647	2
2648	1
2649	3
2650	3
2651	1
2652	2
2653	6
2654	3
2655	3
2656	4
2657	2
2658	3
2659	2
2660	4
2661	1
2662	5
2663	5
2664	6
2665	6
2666	6
2667	4
2668	3
2669	3
2670	4
2671	8
2672	6
2673	3
2674	5
2675	1
2676	1
2677	2
2678	6
2679	3
2680	2
2681	4
2682	2
19066	1
2683	3
2684	5
2685	2
2686	4
2687	4
2688	4
2689	5
2690	3
2691	6
2692	5
2693	4
2694	3
2695	2
2696	3
2697	4
2698	3
19082	1
2699	1
2700	3
19084	1
2701	3
2702	4
2703	4
2704	5
2705	1
2706	2
2707	9
2708	2
19092	1
19093	1
2709	6
2710	7
2712	4
2713	1
2714	1
2715	3
2716	4
2717	1
2718	6
2719	1
2720	2
2721	2
19105	1
2722	2
2723	1
19107	1
2724	3
19109	2
2725	7
2726	5
2727	4
2728	3
2729	3
2730	5
2731	4
2732	1
2733	4
2734	2
2735	4
2736	5
2737	2
2738	2
2739	3
2740	1
2741	2
2742	3
2743	4
2744	5
2745	3
2746	4
2747	2
2748	4
2749	3
2750	4
2751	5
2752	4
2753	4
2754	4
2755	2
2756	3
2757	4
2758	7
2759	5
2760	2
2761	2
2762	5
2763	2
2764	1
2765	4
2766	3
2767	3
2768	2
2769	7
2770	3
2771	4
2772	4
2773	4
2774	5
2775	4
2776	7
2777	3
2778	1
2779	7
2780	2
19165	1
2782	3
2784	5
2785	2
2786	3
2787	2
2788	2
2789	4
2790	3
2791	8
2792	4
2794	4
2795	4
2796	7
19180	1
2797	1
2798	2
2799	5
2800	2
2801	5
2802	6
2803	4
2804	2
2805	1
2806	1
2807	4
2808	2
2809	2
2810	1
2811	2
2812	4
2813	3
2814	5
2815	2
2816	8
2817	1
2818	5
2819	5
2820	5
19204	1
2821	3
2822	6
2823	2
19208	1
2824	3
2825	3
2826	3
2827	5
2828	2
2829	4
2830	3
2831	1
2832	3
2833	4
2834	3
19218	1
2835	3
2836	2
2837	2
2838	6
2839	6
19223	1
2840	5
2841	2
2842	5
2843	4
19227	1
2844	3
2845	1
2846	4
2847	3
2848	4
2849	5
2850	2
2851	6
2852	3
19237	1
2854	5
2855	3
2857	4
2858	2
2859	2
19243	1
2860	4
2861	4
2862	5
2863	5
2864	4
2865	3
2866	5
2867	6
2868	1
2869	5
2870	4
2871	3
19255	1
2872	5
2873	4
19258	2
2874	1
2875	4
2876	5
2877	4
2878	2
2879	3
2880	2
2881	6
2882	5
2883	1
2884	4
2885	5
2886	3
2887	2
2888	4
2889	5
2890	4
2891	3
2892	7
2893	4
19277	1
2894	1
2895	1
2896	3
2897	5
2898	2
2899	4
2900	4
2901	2
2902	4
2903	5
2904	4
2905	2
2906	2
2907	2
2908	2
2909	3
2910	2
2911	4
2912	6
2913	4
2914	6
2915	3
2916	2
2917	2
2918	3
2919	4
2920	4
2921	2
2922	2
2923	2
2924	2
19308	1
2925	2
2926	7
2927	3
2928	2
2929	4
19313	1
2930	3
2931	1
2933	4
2934	1
2935	1
2936	3
2937	3
2938	7
2939	4
2940	2
2941	3
2942	2
2943	4
2944	2
2945	5
2946	5
2947	6
19331	1
2948	6
2949	1
2950	4
19335	1
2952	7
2953	1
2954	3
2955	6
2956	1
2957	5
2958	3
2959	1
2960	6
19344	1
2961	2
2962	2
2963	1
2964	3
2965	1
19349	1
2966	3
2967	2
2968	5
2969	2
2970	2
2971	4
2972	3
2973	3
2974	7
2975	4
19359	1
2976	2
19360	2
2977	8
2978	4
2979	3
2980	2
2981	2
2982	2
2983	5
2984	3
2985	5
2986	1
2987	3
2988	2
2989	5
2990	4
2991	2
2992	1
2993	1
2994	2
2995	3
2996	6
2997	2
2998	1
2999	2
3000	3
3001	3
3003	6
3004	4
3005	2
3006	4
3007	3
3008	1
3009	6
3010	5
3011	1
3012	5
3013	2
3014	1
3015	2
3016	1
3017	1
3018	3
3019	2
3020	4
3021	4
3022	6
3023	4
3024	3
3025	6
3026	3
3028	5
3029	3
3030	1
3031	1
3032	6
3033	4
3034	3
3035	1
19419	2
3036	10
3037	5
3038	5
3039	1
3040	4
3041	5
3042	3
19426	1
3043	6
3044	2
3045	6
3046	2
3047	2
3048	6
3049	5
3050	3
3051	1
3052	3
3053	2
19437	1
3054	4
3055	3
3056	1
3057	2
19442	1
3058	4
3059	6
3060	4
3061	2
3062	4
3063	2
3064	4
3065	3
3066	8
3067	3
3068	2
3069	2
3070	7
3071	3
3072	3
3073	4
3074	5
3075	4
3076	4
3077	2
19461	1
3078	3
3079	4
3080	2
3081	4
3083	5
3084	6
3085	7
3086	3
3087	5
3089	1
3090	3
3091	4
3092	2
3093	2
3094	1
3095	2
3096	2
3097	3
19481	1
3098	4
3099	4
3100	2
3101	1
3102	4
3103	1
3104	1
3105	2
19490	1
3107	1
3108	4
3109	2
3110	1
3111	2
3112	3
19496	1
3113	7
3114	3
3115	3
3116	3
3117	8
3118	4
3119	2
3120	4
3121	2
3122	2
3123	4
3124	6
3125	2
19509	1
3126	2
3127	6
3128	5
3129	7
3130	1
3131	3
3132	2
3133	3
3134	4
3135	3
3136	4
3137	6
3138	3
3139	6
3140	7
3141	2
3142	4
3143	4
3144	2
3145	4
3146	3
3147	5
3148	3
3149	4
3150	5
3151	3
3152	5
3153	1
3154	2
3155	2
3156	8
3157	4
3158	2
3159	6
3160	8
3161	1
3162	2
3163	5
3164	2
3165	4
3166	2
3167	1
3168	3
3169	5
3170	4
19554	1
3171	2
3172	2
3173	5
3174	5
3175	5
3176	4
3177	1
19561	1
3178	7
3179	1
3180	4
3181	3
3182	1
3183	6
3184	2
3185	2
3186	5
3187	6
3188	3
3190	1
3191	4
3192	2
3193	2
3194	2
3195	3
3197	4
3198	3
3199	6
3200	2
3201	7
3202	3
3203	3
3204	3
19588	1
3205	6
3206	5
3207	2
3208	3
3209	3
3210	3
3211	4
3212	4
3213	5
3214	1
3215	1
3216	4
3217	5
3218	3
3219	4
3220	6
3221	3
3222	4
3223	5
3224	2
3225	3
3226	3
3227	5
3228	5
3229	4
3230	2
3231	5
3232	1
3233	5
3234	3
3235	4
3236	3
3237	1
3238	1
3239	3
3240	4
3242	2
3243	6
3244	1
3245	3
3246	5
3247	3
3248	3
19632	1
3249	2
3250	4
3251	3
3252	1
3253	7
3254	5
3255	5
3256	2
3257	2
3258	2
3259	1
3260	3
3261	5
3262	2
3263	3
3264	3
3265	2
3266	5
3267	3
19651	1
3268	4
3269	7
3270	5
3271	5
3272	3
3273	4
3274	3
3275	4
3276	6
3277	6
3278	1
3279	1
3280	3
19665	1
3281	1
3282	4
3283	3
3284	8
3285	1
3286	6
3287	2
3288	2
3289	2
3290	6
3291	4
3292	4
3293	1
3294	2
3295	4
3296	4
3297	2
3298	4
3299	2
3300	3
3301	2
3302	5
3303	3
19687	1
3304	6
3305	1
3306	7
3307	3
3308	4
3309	6
3312	4
3313	3
3314	7
3315	3
3316	4
3317	4
3318	2
3319	2
3320	4
3321	2
3323	2
3324	4
3325	3
3326	2
3327	5
19711	1
3328	2
3329	5
3330	2
3331	2
3332	1
3333	3
3334	4
3335	2
3336	3
3337	3
3338	2
3339	1
3340	3
3341	6
3342	4
3343	5
3344	4
3345	2
3346	1
3347	3
3348	6
3349	2
3350	3
3351	4
3352	6
3353	3
3354	1
3355	5
3356	1
3357	2
3358	3
3359	1
3360	2
3361	5
3362	3
3363	3
3364	3
3365	8
3366	4
3367	5
3368	5
3369	6
3370	2
3371	9
3372	3
3373	6
19758	1
3374	3
3376	4
3377	2
3378	1
3379	4
3380	7
3381	5
3382	4
3383	2
3384	6
3385	5
3386	2
3387	3
3388	2
3389	10
3390	1
3391	4
3392	8
3393	3
3394	2
3395	2
3396	4
3397	2
3399	2
3400	3
3402	5
3403	2
3404	2
3405	2
3406	6
3407	3
3408	2
3409	1
3410	4
3411	2
3412	1
3413	2
3414	5
3415	3
19800	1
3416	2
3417	2
3418	4
3419	2
3420	5
3421	2
3422	7
19806	1
3424	6
3425	4
3426	3
3427	2
3428	3
3429	3
3430	3
3431	4
3432	1
3433	3
3434	5
3435	5
3436	6
3437	3
3438	4
3439	3
3440	4
3441	3
3442	3
3443	1
19827	1
3444	2
3446	3
3447	4
3448	3
3449	2
3450	2
3451	4
3452	1
3453	1
3454	1
3455	4
3456	5
3457	2
19841	1
3458	1
3459	5
3460	3
3461	4
3462	2
3463	3
3464	2
3465	3
3466	4
19851	2
3467	1
3468	3
3469	7
3470	5
3471	6
3472	5
3473	3
3474	1
3475	2
3476	4
3477	3
3479	2
3480	3
3481	4
3483	1
3484	2
3485	3
3486	4
3487	7
3488	1
3489	8
3490	1
3491	1
3492	1
19876	1
3493	1
3494	2
3495	6
3496	5
3497	4
3498	2
3499	4
3500	2
3501	3
3502	3
3503	6
3504	5
3505	4
3506	1
3507	2
3508	4
3509	6
3510	5
3511	3
3512	3
3513	2
3514	2
3515	3
3516	3
3517	1
3518	3
3519	5
3520	6
3521	3
3522	3
3523	6
3524	5
3525	7
3526	5
3527	4
3528	2
3529	1
3530	3
3532	4
3533	4
3534	3
3535	4
3536	1
3537	2
3538	4
3539	5
3540	9
3541	6
3542	2
3543	2
3544	4
3545	4
3546	3
3547	2
3548	4
3549	8
3550	2
3551	2
3552	1
3553	4
3554	2
3555	3
3556	2
3557	2
3558	6
3559	3
3560	4
3561	3
3562	1
3563	2
3564	7
3565	5
3566	2
3567	4
3568	1
3569	5
3570	2
19954	1
3571	5
3572	7
3573	6
3574	2
3575	4
3576	4
3577	3
3579	2
3580	6
3581	1
19966	1
3582	3
3583	2
3584	3
3585	4
3586	3
3587	5
3588	4
3589	4
3590	4
3591	4
3592	2
3593	1
3594	5
3595	5
3596	1
3597	4
3598	6
3599	2
3600	1
3601	3
3602	2
3603	4
3604	6
3605	5
3606	3
3607	3
3608	2
3609	3
3610	2
3611	4
3612	3
3613	5
3614	2
3615	3
3616	4
3617	2
20001	1
3618	3
3619	4
3620	2
3621	5
3622	5
20006	1
3623	3
3624	3
3625	4
3626	2
3628	5
3629	1
3630	1
3631	3
3632	4
3633	4
3634	2
3635	5
3636	3
3637	1
3638	2
3639	4
3640	4
3641	4
3642	4
20026	1
3643	3
3644	5
3645	2
3646	2
3647	2
3648	2
3649	4
3650	7
3651	9
3652	3
3653	7
3654	5
3655	1
3656	4
3657	1
3658	6
3659	3
3660	3
3662	2
20046	1
3663	1
3664	1
3665	5
3666	2
3667	6
3668	2
20052	1
3669	3
3670	4
3671	2
3672	4
3673	1
3674	2
3675	1
3676	2
20060	2
3677	5
3678	2
3679	3
20063	1
3680	2
3681	3
3682	1
3683	4
3684	5
3686	4
3687	2
3688	1
3689	5
3690	1
3691	4
3692	1
3693	3
3694	2
3695	3
3696	7
3697	3
3698	4
3699	3
3700	4
3701	3
3702	5
3703	6
3704	5
3705	6
3706	3
3707	3
3708	2
3709	8
3711	3
3712	2
3713	4
3714	2
3715	1
3716	1
3717	2
3718	4
3719	5
3720	4
3721	2
3723	2
3724	2
3725	2
3726	1
3727	1
3728	5
3729	6
3730	1
3732	5
3733	3
3734	1
3735	2
3736	5
3737	3
3738	1
3739	1
3740	3
3741	2
3742	1
3743	3
3744	2
3745	4
3746	5
3747	3
3748	9
3749	3
3750	2
3751	2
3752	3
3753	2
3754	4
3755	4
3756	4
3757	1
3758	5
3759	3
3760	3
3761	3
3762	2
3763	5
3764	4
3765	1
3766	4
3767	3
3768	6
3769	2
3770	2
3771	1
20155	1
3772	5
3773	2
3774	7
3775	3
3776	3
3777	8
3778	3
3779	1
3780	2
3781	5
3782	4
3783	3
3784	1
3785	5
3787	3
3788	1
3789	1
3790	5
3791	2
3792	2
3793	2
3794	4
3795	3
3796	3
3797	3
3798	1
3799	1
3800	4
3801	3
3802	2
3803	3
3804	4
3805	2
3806	4
3808	2
3809	2
3810	3
3811	5
3812	7
3813	3
3814	4
3815	3
3816	4
3817	4
3818	5
3819	3
3820	3
3821	2
3822	2
3823	3
3824	4
3825	3
3826	4
3827	3
3828	6
3829	3
3830	2
3831	5
3832	4
20216	1
3833	6
3834	4
3836	2
3837	6
3838	4
3839	1
3840	1
3841	1
3842	3
3843	4
3844	2
3845	2
3846	4
20230	1
3847	1
3848	6
3849	2
3850	4
3851	1
3852	3
3853	3
3854	4
3855	1
3856	7
3857	4
3858	4
3859	2
3860	4
3861	3
3862	3
3863	3
3864	3
3865	1
3866	2
3867	3
3868	2
3869	3
3870	2
3871	4
3872	3
3873	1
3874	3
3875	4
3876	9
3877	2
3878	4
3880	1
3881	5
3882	7
3883	3
3884	4
3885	4
3886	1
3887	3
3888	2
3889	4
3890	2
3891	1
3892	2
3893	2
3894	2
3895	4
3896	4
3897	5
3898	3
3899	3
3900	2
3901	3
3902	3
3903	4
3904	1
3905	2
3906	5
3907	3
3908	3
3909	2
3910	3
3911	2
3912	3
3913	3
3914	9
3915	3
3917	2
3918	5
3919	1
3920	2
3921	6
3922	6
3923	2
3924	2
3925	4
3926	2
3927	3
3928	1
3929	7
3930	5
3931	3
3932	3
3933	3
3934	5
3935	3
3936	1
3937	2
3938	4
3939	1
3940	2
3941	3
3942	1
3943	6
3944	2
3945	3
3946	4
3947	3
3948	5
3949	3
3950	4
3951	3
3952	5
3953	5
3954	4
3955	6
3956	3
3957	3
3958	1
3959	1
3960	3
3961	1
3962	2
3963	3
3964	4
3965	3
3966	1
3967	1
3968	2
3969	3
3971	3
3972	3
3973	5
3974	5
3975	3
3976	4
3977	4
3978	6
3979	2
3980	1
3981	3
3982	2
3983	6
3984	3
3986	3
3987	5
3988	2
3989	3
3990	3
3991	3
3993	4
3994	3
3995	3
3996	1
3997	6
3998	6
3999	1
4000	2
4001	6
4002	4
4003	3
4004	3
4005	2
4006	3
4007	2
4008	7
4009	4
4010	5
4011	4
4012	2
4013	3
4014	4
4015	6
4017	4
4018	3
4019	2
4021	2
4023	4
4025	3
4026	5
4027	4
4028	3
4029	3
4030	5
4031	5
4032	5
4033	2
4034	4
4035	5
4036	4
4037	5
4038	3
4039	1
4040	7
4042	5
4043	2
4044	2
4045	3
4046	1
4047	3
4048	2
4049	5
4050	3
4051	6
4052	5
4053	5
4054	4
4055	5
4056	2
20440	1
4057	3
4058	2
4059	4
4060	7
4061	3
4063	2
4064	3
4065	4
4066	2
4067	2
4068	2
4069	8
4070	2
4071	1
4072	2
4073	3
4074	3
4075	5
4076	1
4077	2
4078	3
4079	1
4080	3
4081	3
4082	2
4083	3
4084	5
4085	4
4086	3
4087	3
4088	5
4089	4
20473	1
4090	6
4091	3
4092	3
4093	3
4094	3
4095	3
4096	5
4097	3
4098	4
4099	6
4100	1
4101	2
4102	4
4103	4
4104	5
4105	3
4106	2
4107	2
4108	4
4109	2
4110	4
4111	4
4112	2
4113	3
4114	2
4115	10
4116	3
4117	4
4118	3
4119	1
4120	2
4121	2
4122	1
4123	4
4124	4
4125	4
4126	1
20510	1
4127	2
4128	3
4129	2
4130	2
4131	3
4132	3
4133	5
4134	4
4135	4
4136	2
4137	2
4138	4
4139	1
4140	4
4141	2
4142	3
4143	4
4144	8
4145	6
4146	3
20530	1
4147	6
4148	2
4149	1
4150	2
4151	4
4152	5
4153	2
4154	2
4155	1
4156	1
4157	3
4158	5
4159	2
4160	3
4161	5
4162	2
4163	3
4164	4
4165	1
4166	1
4167	4
4168	2
4169	1
4170	4
4171	4
4172	1
4173	4
4174	3
4175	4
4176	3
4177	1
4178	3
4180	5
4181	1
4182	4
4183	6
4184	3
4185	3
4186	3
4187	3
4188	4
4189	4
4190	3
4191	6
4192	2
4193	4
4194	9
4195	3
20579	1
4196	4
20580	1
4197	2
4198	6
4199	3
4200	1
4201	1
4202	1
4203	2
4204	3
4205	5
4206	4
4207	5
4208	3
4209	5
4210	3
4211	6
4212	6
4213	4
4214	3
4215	6
4216	2
4217	1
4218	2
4219	5
4220	2
4221	2
4222	1
4223	3
4224	4
4225	1
4227	5
4228	4
4229	3
4230	7
4231	4
4232	4
4234	7
4235	2
4236	5
20620	1
4237	5
4238	2
4239	2
4240	2
4241	1
4242	4
4243	1
4244	5
4245	5
4246	2
4247	2
4248	2
4249	3
4251	3
4252	3
4253	2
4254	6
4255	6
4256	7
4258	1
4259	5
4260	2
4261	2
4262	2
4263	3
4264	2
4265	3
4266	3
4267	1
4268	5
4269	5
4270	3
4271	4
4272	3
4273	5
4274	2
4275	4
4276	4
4277	2
4278	5
4279	5
4280	2
4281	3
4282	6
4283	2
4284	4
4285	3
4286	3
4287	4
4288	1
4289	5
4290	4
4291	5
4292	4
4293	4
4294	2
4295	2
4296	1
4297	3
4299	2
4300	6
4302	4
4303	5
4304	2
4305	1
4306	4
20691	2
4307	2
4308	2
4309	4
4310	2
4311	5
4312	2
4313	6
4314	3
4315	2
4316	3
4317	5
4318	2
4319	2
4320	5
4321	5
4322	2
4323	1
4324	5
4325	2
4326	6
4327	1
4328	3
4330	3
4331	1
4332	4
20716	1
4333	4
4334	4
4335	4
4336	3
4337	3
4338	2
4339	3
4340	6
4341	2
4342	2
4343	6
4344	2
4345	3
4346	4
4347	2
4348	3
4349	3
4350	4
4351	2
4352	5
4354	1
4355	3
4356	4
4357	5
4358	3
4359	3
4360	5
4361	2
4362	2
4363	1
20747	1
4364	4
4365	2
4366	3
4367	5
4368	3
4369	5
4370	3
4372	4
4373	6
4374	4
4375	5
4376	6
4377	3
4378	5
4379	5
4380	1
4381	2
4382	2
4383	3
4384	3
4385	2
4386	2
20770	1
4388	2
4389	1
4390	4
4391	2
4392	5
4393	5
4394	3
4395	2
4396	3
4397	1
4398	3
4399	6
4400	1
4401	2
4402	3
4403	2
4404	1
4405	5
4406	5
4407	4
4408	1
4409	2
4410	4
4411	3
4412	2
4413	3
4414	6
4416	1
4418	4
4419	1
4420	6
4421	3
4422	5
4423	1
4424	1
4425	3
4426	3
4427	8
4428	3
4429	1
4430	5
4431	2
4432	5
4433	2
4434	3
4435	2
4436	4
4437	1
4438	2
4439	3
4440	1
4441	2
4442	4
4443	1
4444	2
20829	1
4445	1
4446	4
4447	5
4448	2
4449	3
4450	5
4451	3
4452	2
4453	5
4454	3
4455	2
4456	3
4457	3
4458	1
4459	4
4460	3
4461	1
4462	1
4463	3
4465	2
4466	1
4467	1
4468	4
4469	1
4470	1
4471	1
4472	3
4473	3
4474	2
4475	5
4476	4
4477	1
4478	4
4479	4
4480	5
4481	2
4482	2
4483	5
4484	4
4485	2
4486	4
4488	2
4489	3
4490	6
4491	3
4492	4
4493	2
4494	5
4495	4
4496	2
4497	5
4498	5
4499	3
4500	1
4501	1
4502	2
4503	4
4504	6
4505	4
4506	4
4508	6
4509	2
4510	3
4511	3
4512	3
4513	2
4514	4
4515	4
4516	3
4517	2
4518	1
4519	2
4520	1
4521	3
4522	3
4523	4
4524	6
4525	3
4526	9
4527	2
4528	4
4529	5
4530	2
4531	3
4533	5
4534	4
4535	2
4536	5
4537	1
4538	3
4539	7
4540	2
4541	4
4542	1
4543	3
4544	4
4545	2
4546	3
4547	2
4548	6
4549	2
4550	4
4551	1
4552	6
4553	2
4554	3
4555	1
4556	2
4557	2
4558	1
4559	4
20943	1
4561	4
4564	8
4565	3
4566	2
4567	3
4568	3
4569	3
4570	3
4571	3
4572	1
4573	3
4574	4
4575	4
4576	3
4578	3
4579	4
4580	6
4581	1
4582	4
4584	2
4585	1
4586	6
4587	7
4588	1
4589	2
4590	5
4591	2
4592	1
4593	1
4594	3
4595	3
4596	5
4597	1
4598	4
4599	2
4600	1
4601	4
4602	4
4603	2
4604	4
4605	7
4606	4
4607	1
4609	4
4610	3
4612	5
4613	5
4614	5
4615	2
4616	1
4617	1
4618	2
4619	6
4620	3
4621	2
4623	5
4624	2
4625	3
4626	4
4627	3
4628	3
4629	4
4630	1
4631	5
4632	4
4633	1
4634	2
4635	5
4636	2
4637	4
4638	1
4639	1
4640	4
4641	6
4642	1
4643	6
4644	4
4645	1
4646	4
4647	4
4648	8
4649	1
4650	3
4651	5
21035	1
4652	3
4653	1
4654	1
4655	2
4656	7
4657	3
4658	2
4659	4
4660	2
4661	1
4662	6
4663	3
4664	4
4665	3
4666	2
4667	6
4668	5
4670	3
4671	2
4672	6
4673	4
4674	4
4676	4
4677	4
4678	4
4679	2
4680	3
4681	3
4682	1
4683	4
4684	3
4685	2
4687	1
4688	5
21072	1
4689	7
4690	1
4691	1
4692	3
4693	2
4694	2
4696	2
4697	2
4698	4
4699	4
4701	3
4702	4
4704	6
4705	1
4706	2
4707	2
4708	2
4709	6
4710	2
4711	1
4712	5
4713	2
4714	5
4715	4
4717	4
4718	3
4719	5
4720	2
4721	1
4722	1
4723	2
4724	5
4725	3
4726	8
4727	3
4728	4
4729	5
4730	4
4731	4
4732	2
4733	3
4734	1
4735	2
4736	3
4737	5
4738	5
4739	1
4740	2
4741	6
4742	1
4743	2
4745	1
4746	3
4747	5
4748	4
4750	3
4751	1
4752	2
4753	1
4754	3
4755	1
4756	3
4757	1
4758	3
4759	8
21143	1
4760	3
4761	8
4762	2
4763	3
4764	4
4765	3
4766	2
4767	4
4768	2
4769	5
4770	2
4771	3
21155	1
4772	1
4773	4
4774	1
4775	5
4776	2
4777	2
4778	4
4779	2
4780	2
4781	4
4782	2
4783	4
4784	3
4785	5
4786	4
4788	4
4789	4
4790	4
4791	2
4792	3
4794	3
4796	1
4797	3
4798	2
4799	4
4800	2
4801	4
4802	4
4803	2
4804	1
4805	2
4806	4
4807	6
4808	4
4809	1
21193	1
4810	2
4811	4
4812	3
4813	3
4814	3
4815	1
4816	4
4817	2
21201	1
4818	2
4819	2
4820	3
4821	3
4822	4
4823	1
4824	1
4825	1
4827	4
4828	2
4829	4
4830	4
4831	4
4832	2
4833	4
4834	3
4835	3
4836	4
4837	4
4838	6
4839	6
4840	2
4841	1
4842	2
4843	5
4844	2
4845	4
4846	5
4847	1
4848	2
4849	2
4851	2
4852	1
4853	6
4854	5
4855	3
21239	1
4856	1
4857	2
4859	4
4860	4
4861	4
4862	4
4863	1
4864	1
4865	3
4866	3
4867	1
4868	2
4869	4
4870	2
4871	1
4872	2
4874	2
4875	4
4876	3
21260	1
4877	4
4878	3
4879	3
4880	2
4881	4
4882	4
4883	3
4884	3
4885	8
4886	2
4887	2
4888	1
4891	2
4892	4
4893	3
4894	3
4895	4
4896	2
4897	3
4898	2
4899	7
4901	2
4902	2
21286	1
4904	2
4905	7
4906	1
4907	2
4908	3
4909	1
4910	3
4911	2
4912	4
4913	2
4914	3
4915	3
4916	1
4917	4
4918	3
4919	4
4920	2
4921	7
4922	3
4923	3
4924	3
4925	1
4926	1
4927	2
4928	2
4929	4
4930	3
4931	3
4932	3
4933	2
4934	2
21318	1
4935	3
4936	5
4937	5
4938	3
4939	4
4940	1
4941	4
4942	6
4943	2
4944	2
4945	5
4946	5
4947	4
4948	2
4949	2
4950	3
4951	3
4952	4
4953	4
4954	5
4955	4
4956	3
4958	4
4959	2
4960	1
4961	4
4963	5
4964	4
4965	2
4966	2
4967	4
4968	4
4969	2
4970	4
4971	3
4972	3
4973	3
4974	5
4975	2
4976	4
4977	1
4978	2
4979	1
4980	1
4981	4
4982	6
4983	4
4984	2
4985	3
4986	3
4987	3
4988	2
4989	3
4990	5
4992	2
4993	3
4994	4
4995	4
4996	3
4997	3
4998	7
4999	3
5000	4
5001	2
5002	1
5003	4
5004	1
5005	3
5006	3
5007	3
5008	1
5009	2
5010	3
5011	5
5012	3
5013	6
5014	1
5015	2
5016	2
5017	6
5018	3
5019	2
5020	5
5021	2
5022	2
5023	4
5024	6
5025	2
5026	3
5027	4
5028	3
5029	2
5030	4
5031	4
5032	3
5033	4
5034	3
5035	4
5036	1
5037	4
5038	3
5039	1
5040	3
5041	4
5042	1
5043	3
5044	1
5045	2
5046	1
5047	5
5048	3
5049	5
5050	1
5051	3
5052	2
5053	2
5055	3
5056	2
5057	4
5058	2
5059	3
5060	5
5061	2
5062	3
5063	3
5064	5
5065	3
5066	1
5067	1
5068	2
21452	1
5069	4
5070	3
5071	1
5072	3
5073	1
5074	2
5075	2
5076	4
5077	5
5078	2
5079	2
5080	3
5081	4
5082	2
5083	4
5084	4
5085	3
5086	6
5087	2
21471	1
5088	1
5089	2
5090	1
5091	3
5092	1
5093	2
5094	1
5095	1
5096	6
5097	3
5098	3
5099	3
5100	4
5101	1
5103	3
5104	4
5105	6
5106	4
5107	3
5108	6
5109	3
5110	5
5111	3
5112	3
5113	4
5114	4
5115	4
5116	3
5117	1
5118	1
5119	3
21503	1
5120	2
5121	4
5122	3
5123	3
5124	2
5125	2
5126	5
5127	4
5128	3
5129	5
5130	3
5131	1
5132	4
5133	5
5134	3
5135	2
5136	5
5137	5
5138	2
5139	3
5140	1
5141	4
5142	2
5143	2
5144	1
5145	6
5146	2
5147	2
5148	3
5149	2
5150	2
5151	7
5152	8
5153	5
5154	4
5155	2
5156	3
5157	4
5158	3
5159	3
5160	3
5161	4
5162	1
5163	1
5164	5
5165	5
5166	1
5167	3
5168	3
5169	3
5170	2
5171	3
5172	1
5173	2
5174	1
5175	3
5176	4
5179	3
5180	2
5181	3
5182	6
5183	4
5184	1
5185	2
5186	2
21570	1
5187	2
5188	1
5189	2
5190	2
5192	3
5193	1
5194	2
5195	4
5196	1
5197	3
5198	8
5201	2
5202	3
5204	2
5205	3
5206	2
5207	2
5208	3
5209	1
5210	3
5211	5
5212	3
5213	2
5214	5
5215	2
5216	2
5217	2
5218	6
5219	1
5220	1
5221	3
5224	2
5225	3
5226	3
5227	3
5228	2
5229	3
5230	2
5231	2
5232	2
5233	2
5234	3
5235	2
5236	1
5237	3
5238	2
5239	2
5240	2
5242	2
5243	2
5244	2
5245	4
5246	3
5247	2
5248	2
5251	5
5252	5
5253	6
5254	5
5255	1
5256	6
5257	2
5259	5
5260	2
5261	4
5262	3
5263	2
5264	2
5265	3
5266	4
5267	3
5268	3
5269	3
5270	3
5271	5
5272	1
5273	1
5274	2
5275	4
5276	2
5277	4
5278	5
5279	2
5280	4
5281	2
5282	1
5283	4
5284	3
5285	1
5286	4
5287	6
5288	3
5289	5
5290	1
5291	1
5292	4
5293	3
5294	7
5296	3
5297	1
5298	5
5299	2
5300	6
5301	3
5302	1
5303	4
5304	3
5305	5
5306	1
5307	4
5308	3
5309	2
5310	2
5311	4
5312	4
5313	2
5314	3
5315	1
5316	4
5317	3
5318	1
5319	1
5320	4
5321	2
5322	5
5323	4
5324	4
5325	2
5326	1
5327	2
5328	6
5330	2
5331	6
5332	2
5333	1
5334	2
5336	1
5337	2
5338	3
5339	3
5340	2
5341	3
5343	2
5344	2
5345	3
5346	4
5347	3
5348	2
5349	2
5350	1
5351	2
5352	3
5353	3
5354	2
5355	1
5356	2
5357	1
5358	2
5359	1
5360	3
5361	4
5362	2
5363	4
5364	3
5365	1
5366	4
5367	3
5368	3
5369	3
5370	3
5371	2
5373	3
5374	3
5375	1
5376	4
5377	2
5378	1
5379	1
5380	2
5381	6
5382	4
5383	3
5384	2
5385	3
5386	1
5387	2
5388	2
5389	4
5390	3
5391	1
5392	3
5394	1
5395	3
5396	3
5397	1
5398	1
5399	3
5401	2
5402	3
5403	1
5404	5
5405	5
5406	3
5407	2
5408	4
5410	3
5411	1
5412	2
5413	4
5414	3
5415	1
5416	3
5417	1
5418	1
5419	2
5420	1
5421	1
5422	1
5424	4
5425	3
5426	5
5427	5
5428	3
5429	6
5430	2
5431	1
5432	2
5433	3
5435	4
5436	2
5437	6
5438	3
5439	2
5440	2
5441	3
5442	2
5443	3
5444	2
5445	4
5446	2
5447	3
5448	6
5449	5
5450	1
5451	3
5452	2
5453	4
5454	2
5455	1
5456	5
5458	1
5459	4
5460	2
5461	3
5462	2
5463	6
5464	1
5465	2
5466	5
5467	3
5468	1
5469	3
21854	1
5470	1
5471	3
5472	3
5473	3
5475	1
5476	2
5477	4
5478	6
5480	2
5481	2
5482	1
5483	1
5484	7
5486	3
5487	6
5488	3
5490	3
5491	5
5492	1
5493	5
5494	2
5496	3
5498	2
21882	1
5499	2
5500	2
5501	2
5502	3
5503	2
5504	2
5505	3
5506	2
5507	4
5508	2
5509	2
5510	4
21895	1
5511	2
5512	3
5513	5
5514	4
5515	1
5517	2
5518	1
5519	1
5520	1
5521	5
5522	4
5523	2
5524	2
5525	1
5526	3
5528	2
5529	3
5530	3
5531	1
5532	3
5534	1
5535	2
5536	1
5537	3
5538	2
5539	2
5540	1
5541	2
5542	1
5543	6
5544	3
5545	2
5546	2
21930	1
5547	3
5548	3
5549	2
5550	3
5551	2
5552	2
5553	3
5554	4
5555	3
5557	6
5558	4
5559	1
5560	2
5561	4
5563	4
5564	1
5565	4
5566	4
5567	4
5568	3
5569	3
5570	5
5571	3
5572	3
5573	2
5574	6
5575	4
5576	3
5577	6
5578	3
5579	4
5580	1
5581	4
5582	9
5583	3
5584	2
5585	3
5586	4
5587	5
5588	3
5589	2
5590	2
5591	1
5592	2
5593	5
5594	7
5596	2
5597	4
5598	3
21982	1
5599	3
5600	4
5601	3
5602	1
5604	3
5605	1
5606	3
5607	2
5608	2
5609	5
5610	4
5611	1
5612	3
5613	6
5614	2
5615	5
5616	6
5617	3
5618	3
5619	1
5620	4
5621	5
5622	2
5623	2
5625	1
5626	3
5627	2
5628	2
5629	1
5630	3
5631	4
5633	7
5634	4
5635	1
5636	2
5637	2
5638	3
5639	1
5640	3
5641	2
5642	1
5643	2
5644	2
5645	1
5646	6
5647	3
5648	4
5649	3
5650	2
5652	3
5653	1
5654	4
5655	3
5656	2
5657	5
5658	1
5659	2
5660	4
5661	1
5663	2
5664	3
5665	4
5666	3
5668	1
5669	3
5670	5
5671	3
5672	3
5673	4
5674	4
5675	1
5676	1
5677	4
5678	1
5680	3
5681	1
5682	1
5683	2
5684	3
5685	5
5686	1
5687	1
5688	1
5689	3
5690	4
5691	2
5692	4
5693	1
5694	2
5695	3
5696	3
5697	3
22081	1
5698	7
5699	2
5700	3
5701	5
5702	1
5703	4
5704	2
5706	2
5707	2
5709	1
5710	3
5711	4
5712	3
5713	1
5714	1
5715	4
5716	3
5717	2
5719	3
5720	3
5721	2
5722	2
5723	1
5724	3
5725	6
5726	2
5727	3
5728	4
5729	2
5730	3
5731	3
5732	8
5733	2
5734	3
5735	2
5736	5
5737	2
5738	4
5739	2
5740	2
5741	1
5742	2
5743	2
5744	1
5745	2
5746	3
5747	3
5748	4
5750	2
5751	3
5752	2
5754	4
5755	5
5756	3
5757	3
5758	1
5759	3
5760	3
5761	3
5762	3
5763	3
5764	8
5765	1
5766	2
5767	1
5768	1
5769	1
5770	1
5771	1
5772	3
5773	1
5774	1
5775	4
5776	1
5777	1
5778	1
5779	2
5780	3
5781	1
5782	1
5783	1
5784	1
5785	3
5786	1
5787	1
5788	2
5790	3
5791	3
5792	4
5793	1
5794	2
5795	2
5796	1
5797	3
5798	3
5799	3
5801	4
5802	3
5803	1
5804	1
5805	1
5806	4
5807	2
5808	2
5809	3
5810	4
5811	3
5812	1
5813	1
5814	1
5815	4
5816	4
5817	2
5818	1
5819	5
5820	2
5821	6
5823	3
5824	3
5825	2
5826	3
5827	6
5828	3
5829	4
5830	1
5831	4
5832	1
5833	4
5835	4
5837	2
5838	3
5839	1
5840	2
5841	1
5842	2
5843	2
5844	1
5845	2
5847	3
5848	1
5849	3
5850	2
5851	5
5852	2
5853	5
5854	1
5855	5
5856	1
5857	1
5858	5
5859	4
5860	2
5861	2
5862	4
5864	1
5865	2
5866	4
5867	3
5868	3
5869	2
5870	4
5871	5
5872	2
5873	2
5874	5
5875	3
5876	4
5877	3
5878	4
5879	2
5880	3
5881	4
5882	5
5883	4
5884	1
5885	5
5886	5
5887	2
5888	2
5889	3
5890	2
5891	5
5892	5
5893	1
5894	3
5895	2
5896	3
5897	2
5899	3
5900	3
5901	2
5902	2
5903	1
5904	2
5905	4
5906	3
5907	1
5908	3
22292	1
5909	4
5910	2
5911	2
5912	2
5913	5
5914	4
5915	3
5916	3
5917	3
5918	2
5920	2
5921	3
5922	2
5923	3
5924	2
5925	3
5928	5
5929	1
5931	3
5932	2
5933	2
5934	1
5935	1
5936	2
5937	2
5938	2
5939	2
5940	1
5942	4
5943	1
5944	3
5946	1
5947	1
5948	1
5950	1
5951	2
5952	5
5953	3
5954	1
5955	4
5956	2
5957	6
5958	5
5959	4
5960	2
5962	1
5963	2
5964	3
5966	1
5967	2
5968	1
5969	1
5970	2
5971	2
5974	2
5975	2
5976	2
5977	4
5978	1
5979	5
5980	3
5981	3
5982	1
5983	2
5984	2
5985	2
5986	3
5987	2
5988	3
5989	3
5990	2
5991	2
5992	1
5993	2
5994	1
5995	1
5996	2
5997	3
5998	3
5999	2
6000	3
6001	2
6002	3
6003	2
6005	3
6006	1
6007	3
6008	2
6009	4
6010	5
6011	5
6012	5
6013	4
6014	4
6015	1
6016	6
6017	3
6018	2
6020	4
6021	1
6022	2
6023	2
6024	2
6025	2
6026	1
6027	1
6028	4
6029	2
6030	3
6031	1
6032	1
6034	6
6035	2
6036	2
6037	5
6038	3
6039	5
6040	2
6042	1
6043	5
6044	1
6045	3
6048	2
6050	1
6052	3
6053	1
6054	1
6055	3
6056	3
6057	1
6058	2
6059	3
6060	2
6061	1
6062	4
6063	4
6064	4
6065	2
6067	2
6068	4
6069	3
6070	2
6071	1
6073	5
6074	2
6075	6
6076	3
6077	1
6079	2
6080	1
6081	4
6082	3
6084	2
6085	1
6086	1
6087	4
6089	3
6090	4
6091	1
6092	1
6093	1
6094	1
6095	5
6097	4
6098	2
6099	3
6101	2
6102	3
6103	3
6104	3
6105	2
6106	1
6107	3
6108	3
6109	3
6110	1
6111	2
6112	1
6113	3
6114	1
6115	5
6116	7
6117	2
6118	1
6119	3
6120	3
6121	1
6122	6
6123	2
6124	2
6125	5
6126	1
6127	7
6128	2
22513	1
6130	3
22514	1
6132	1
6133	4
6134	1
6136	4
6138	2
6139	4
6141	1
6142	3
6143	4
6144	2
6145	1
6146	1
6148	3
6149	5
6150	3
6151	2
6152	2
6154	2
6155	3
6156	1
6157	2
6158	2
6159	3
6160	1
6161	3
6162	3
6163	3
6164	1
6165	3
6166	2
6168	4
6169	2
6170	3
6171	1
6172	3
6174	1
6175	4
6176	2
6177	1
6178	6
6179	1
6180	4
6181	1
6182	1
6183	3
6185	4
6186	2
6187	2
6189	4
6190	2
6191	3
6192	1
6193	1
6194	1
6195	4
6196	4
6197	1
6198	3
6199	3
6200	6
22584	1
6201	1
6203	1
6204	1
6205	2
6206	3
6207	4
6208	4
6209	4
6210	1
22595	1
6211	1
6212	2
6213	1
6214	4
6215	3
6216	1
6217	2
6218	2
6219	2
6220	1
6221	3
6222	7
6223	3
6224	5
6225	4
6226	1
6228	2
6229	1
6230	3
6231	3
6232	4
6233	3
6234	4
6235	1
6236	3
6237	1
6238	1
6239	1
6240	1
6241	2
6242	1
6243	5
6245	2
6246	2
6247	2
6248	3
6249	3
6250	1
6251	3
6252	1
6253	2
6254	4
6255	4
6256	2
6257	2
6258	4
6259	1
6260	5
6261	2
6262	2
6263	1
6264	2
6265	1
6267	2
6268	4
6269	2
6270	1
6271	3
6272	2
6273	1
6274	2
6275	1
6276	5
6277	5
6278	3
6280	5
6282	1
6283	3
6285	8
6286	2
6287	4
6288	4
6289	3
6290	5
6291	3
6292	2
6293	4
6294	4
6295	1
6297	1
6298	6
6300	1
6301	5
6302	2
6303	3
6304	2
6305	1
6306	1
6307	2
6308	1
6309	3
6310	4
6311	2
6312	3
6316	1
6317	1
6318	2
6319	5
6320	1
6321	3
6322	1
6323	1
6324	1
6325	4
6327	3
6328	3
6330	1
6332	1
6333	2
6334	2
6335	1
6336	3
6337	1
6338	4
6340	3
6341	2
6342	1
6343	1
6344	3
6345	2
6346	3
6347	3
6348	2
6349	2
6350	4
6351	1
6352	3
6353	3
6354	2
6355	3
6356	4
6357	1
6358	3
6359	1
6360	2
6361	1
6362	3
6363	1
6364	7
6365	4
6366	2
6367	2
6368	1
6369	3
6370	4
6371	3
6374	2
6375	1
6376	1
6377	2
6378	1
6379	2
6380	2
6381	1
6382	1
6383	1
6384	3
6385	1
6386	1
6387	1
6388	3
6389	6
6390	2
6391	1
6392	1
6393	2
6394	3
6395	2
6396	2
6397	3
6398	1
6399	2
22783	1
6400	2
6401	4
6402	2
6403	2
6405	3
6407	3
6408	3
6409	4
6410	2
6411	1
6413	1
6414	2
6415	3
6416	5
6417	6
6418	2
6419	2
6420	2
6421	2
6422	2
6423	1
6424	1
6425	3
6426	2
6427	5
6428	1
6429	1
6430	6
6431	2
6433	2
6434	2
6435	1
6436	3
6437	2
6438	1
6439	1
6440	1
6441	1
6442	1
6443	1
6444	4
22831	1
6447	1
6448	1
6451	2
6452	2
6453	1
6454	2
6455	4
6456	1
6458	2
6460	3
6461	1
6462	4
6463	1
6464	2
6465	1
6466	3
6467	4
6468	3
6469	2
6470	3
6471	2
6472	2
6473	2
6474	2
6475	5
6476	2
6477	1
6478	1
6481	5
6482	5
6483	2
6484	1
6485	1
6486	2
6487	1
6488	1
6490	4
6491	4
6492	2
6493	3
6494	1
6496	1
6497	3
6498	2
6499	3
6500	1
6501	1
6502	2
6503	1
6504	3
6505	2
6506	2
6507	4
6508	4
6509	2
6510	3
6511	2
6512	1
6513	3
6514	2
6515	2
6516	1
6517	3
6518	1
6519	1
6520	5
6521	1
6522	2
6523	4
6524	3
6525	2
6526	2
6527	6
6528	4
6529	2
6530	1
6531	1
6532	3
6533	6
6534	2
6535	2
6536	2
6537	4
6538	1
6539	3
6540	2
6541	3
6542	3
6543	3
6544	1
6545	1
6546	4
6547	2
22931	1
6548	1
6549	4
6550	1
6551	1
6552	1
6553	1
6554	2
6556	1
6557	1
6559	3
6560	2
6561	2
6562	2
6563	2
6564	2
6565	4
6566	4
6567	1
6568	5
6569	4
6570	2
6571	5
6573	1
6575	1
6576	1
6578	3
6579	1
6580	2
6581	2
6584	3
6585	2
6586	3
22971	1
6587	3
6588	2
6590	3
6591	2
6592	5
6593	1
6594	2
6595	4
6596	3
6598	3
6599	4
6600	2
6601	1
6602	2
6603	1
6605	4
6606	5
6608	2
6609	2
6610	2
6611	5
6612	2
6613	1
6614	3
6616	2
6617	1
6618	4
6619	2
6620	1
6621	1
6623	2
6624	2
6625	2
6626	6
6628	1
6629	2
6630	3
6631	3
6634	2
6635	1
23019	1
6636	1
6638	2
6640	3
6641	1
6642	2
6643	4
6644	2
6645	2
6646	2
6647	2
6649	3
6650	1
6651	1
6652	3
6654	2
6655	4
6656	3
6657	1
6659	4
6660	1
6661	2
6663	3
6664	3
6665	2
6666	2
6667	1
6668	6
6669	1
6671	1
6672	4
6673	2
6675	1
6676	6
6677	1
6678	2
6679	1
6680	4
6681	2
6682	1
6683	3
6684	5
6685	2
6686	3
6687	3
6688	1
6689	1
6690	1
6691	1
6692	2
6693	3
6694	2
6695	3
6696	1
6697	1
6698	5
6699	1
6700	3
6702	3
6704	2
6705	1
6706	2
6707	3
6708	2
6709	2
6710	1
6711	1
6712	2
6713	1
6714	4
6715	1
6716	2
6717	5
6718	3
6719	1
6721	5
6722	1
6723	1
6724	6
6725	3
6726	1
6728	8
6732	3
6733	4
6734	1
6735	1
6736	3
6737	1
6738	4
6739	3
6740	1
6741	3
6742	2
23126	1
6744	1
6745	1
6746	2
6747	6
6748	2
6749	1
6751	1
6752	3
6753	2
6754	1
6755	2
6756	4
6757	2
6758	2
6759	2
6760	2
6761	2
6763	3
6764	1
6765	2
6766	1
6767	3
6768	1
6769	2
6771	1
6772	1
6773	4
6774	2
6775	1
6776	3
6777	1
6778	1
6779	1
6780	2
6781	2
6782	4
6783	1
6784	1
6785	1
6786	1
6787	2
6789	2
6791	1
6792	1
6793	1
6794	2
6795	3
6796	1
6797	2
6798	2
6799	2
6800	2
6801	1
6802	2
6804	1
6805	1
6807	2
6808	3
6809	2
6810	3
6812	2
6813	4
6814	1
6816	1
6817	1
6819	3
6820	2
6821	5
6822	2
6824	1
6827	3
6828	4
6829	3
6830	2
6832	3
6833	2
6834	1
6835	6
6836	1
6838	1
6839	1
6840	5
6842	1
6843	2
6844	4
6845	1
6846	3
6848	2
23233	1
6849	1
6850	2
6852	5
6853	2
6854	1
6855	1
6856	3
6857	2
6858	2
6859	3
6861	1
6862	3
6863	3
6864	3
6865	2
6868	2
6869	4
6870	3
6871	3
6872	1
6874	1
6875	1
6876	1
6878	1
6879	1
6880	2
6881	1
6883	4
6885	2
6886	1
6888	1
6889	3
6890	4
6891	1
6892	4
6893	3
23279	1
6895	1
6896	2
6897	5
6898	3
6899	2
6900	2
6901	3
6902	2
6904	2
6905	2
6906	1
6907	3
6908	3
6910	2
6913	5
6914	2
6915	4
6916	1
6917	2
6918	1
6919	2
6920	1
6921	2
6922	3
6923	4
6924	2
6925	2
6926	2
6927	3
6928	2
6929	5
6930	3
6931	1
6932	3
6933	4
6935	2
6936	3
6937	2
6938	6
6939	2
6940	1
23324	1
6941	1
6942	4
6943	1
6944	1
6945	1
23329	1
6946	1
6947	1
6948	1
6949	3
6950	2
6951	1
6952	2
6953	2
6954	3
6955	2
6956	3
6957	1
6958	3
6960	1
6961	1
6962	3
6963	1
6964	1
6965	3
6966	2
6967	1
6968	6
6971	4
6972	1
6973	2
6974	1
6975	3
23360	1
6977	3
6978	3
6979	3
6981	2
6982	1
6983	1
6984	3
6985	2
6986	3
6988	3
6990	4
6991	1
6992	1
6993	2
6994	1
6995	1
6996	1
6997	2
6998	1
6999	1
7000	3
7001	1
7003	1
7005	2
7006	3
7007	2
7008	1
7009	3
7010	1
7011	3
7012	2
7013	1
7014	1
7015	2
7016	3
7017	2
7019	2
7020	1
7021	2
7022	1
7023	2
7024	2
7026	5
7027	1
7028	1
7029	2
7030	2
7031	1
7032	3
7033	3
7034	1
7035	2
7037	1
7038	1
7039	2
7040	3
7041	1
7042	1
7043	2
7044	1
7046	1
7047	3
7049	1
7050	1
7051	1
7052	2
7054	2
7055	2
7056	2
7057	1
7058	2
7060	2
7061	2
7062	1
7063	1
7064	1
7065	2
7067	1
7068	1
7069	1
7070	4
7071	4
7072	1
7073	3
7074	1
7075	1
7076	1
7078	2
7079	2
7080	1
7083	1
23467	1
7084	1
7085	2
7086	1
7087	2
7088	2
7090	3
7091	1
7092	1
7095	1
7096	1
7097	2
7099	2
7100	2
7101	2
7102	2
7103	3
7104	3
7105	4
7106	2
7107	3
7108	3
7110	2
23494	1
7113	4
7115	3
7117	1
7120	4
7122	2
7123	2
7124	2
7125	2
7126	1
7127	2
7128	1
7129	2
7130	4
7132	1
7133	1
7135	3
7136	2
23520	1
7137	1
7138	3
7140	3
7142	1
7143	1
7144	2
7145	1
7146	1
7147	3
7148	2
7149	1
7150	6
7152	2
7153	1
7154	3
7155	1
7157	3
7160	1
7162	1
7163	3
7164	1
7165	1
7168	1
7169	3
7170	1
7171	2
7172	3
7173	3
7174	2
7176	2
7179	1
7180	1
7181	4
7182	2
7183	2
7184	2
23568	1
7186	2
7187	1
7189	2
7190	1
7191	3
7192	2
7193	1
7194	2
7196	2
7197	2
7198	3
7199	1
7200	2
7201	2
7203	1
7204	1
7205	1
7206	1
7207	2
7208	1
23592	1
7209	1
7210	2
7211	2
7212	2
7213	1
7214	3
7215	2
7217	5
7218	2
7219	3
7220	1
7221	1
7222	2
7224	3
7225	2
7226	2
7227	4
7228	3
7229	2
7230	2
7232	1
7233	1
7236	1
7237	3
7239	1
7240	3
7241	3
7242	4
7243	1
7244	3
7245	3
7246	2
7247	2
7248	2
7249	1
7250	2
7251	2
7252	2
7254	2
7255	1
7256	1
7258	2
7259	2
7261	2
7262	3
7263	2
7264	2
7265	1
7266	3
7269	1
7271	3
7272	1
7273	1
7274	1
23658	1
7275	3
7276	1
7277	2
7278	1
7281	1
7282	2
7283	1
7284	1
7285	1
7286	3
7287	2
7288	1
7289	1
7290	1
7291	1
7292	5
7293	1
7295	2
7296	2
7297	1
7298	2
7299	3
7301	2
7303	1
7304	2
7305	2
7307	3
7308	4
7310	3
7311	2
7312	2
7314	2
7315	1
7316	2
7317	2
7318	1
7319	1
7320	3
7322	2
7323	2
7324	1
7325	5
7326	2
7327	1
7328	1
7330	2
7331	3
7332	1
7333	1
7334	1
7335	1
7336	2
23721	1
7337	1
7340	3
7341	4
7342	5
7343	2
7344	2
7345	1
7346	1
7347	1
7348	3
7349	4
7350	2
7352	1
7354	1
7355	3
7356	2
7358	2
7360	1
7361	2
7363	1
7365	2
7366	2
7368	3
7369	2
7370	2
7371	2
7373	3
7374	4
7375	2
7377	3
7378	2
7379	1
7380	5
7381	1
7383	1
7384	1
7385	3
7386	2
7387	3
7389	1
7391	2
7393	1
7394	2
7395	1
7396	1
7397	3
7399	2
7401	1
7402	1
7403	4
23787	1
7405	1
7406	2
7409	2
7410	1
7411	1
7412	1
7413	2
7414	4
7416	2
7417	1
7418	4
7419	1
7420	1
7421	2
7423	1
7424	1
7425	2
7426	2
7427	2
7428	3
7429	2
7430	1
7431	2
7432	1
7433	1
7434	1
7435	1
7436	1
7437	2
7438	1
7440	3
7441	3
7449	5
23833	1
7450	1
7451	2
7452	1
7453	1
7454	1
7456	1
7457	2
7460	2
7461	1
7462	2
7463	1
7464	1
7467	3
7468	2
7469	1
7470	3
7471	3
7472	1
23857	1
7477	3
7478	1
7479	1
7480	1
7482	2
7483	1
7484	2
7485	2
7486	3
7487	1
7488	1
7490	1
7491	2
7492	2
7493	2
7494	1
7495	1
7497	3
7498	1
7500	3
7501	4
7503	4
7504	2
7506	2
7507	2
7509	2
7510	1
7511	2
7513	2
7514	1
7515	2
7517	1
7522	2
7523	3
7525	1
7526	5
7527	1
7528	1
7530	2
7531	1
7532	1
7533	2
7534	1
7535	3
7536	2
7540	2
7541	1
7542	1
7543	1
7545	3
7547	4
7549	3
7550	1
7551	2
7553	2
7554	1
7555	2
7556	1
7557	2
7559	1
7560	1
7561	1
7562	1
7563	1
7565	1
7566	1
7567	1
7568	1
7569	2
7570	1
7571	1
7572	5
7573	1
7574	1
7575	1
7576	2
7579	3
7580	2
7581	3
7582	5
7583	1
7584	2
7585	2
7586	3
7587	2
7588	2
7589	1
7590	1
7592	3
7593	5
7594	3
7595	1
7596	2
7597	1
7598	4
7599	2
7600	2
7601	1
7602	2
7603	2
7605	2
7606	3
7611	1
7612	1
7613	1
7614	2
7615	2
7617	2
7618	1
7619	1
7621	2
7622	1
7625	2
7626	1
7627	2
7628	4
7629	1
7630	3
7632	2
7634	3
7637	2
7639	1
7640	1
7641	2
7642	1
7643	4
7644	1
7645	1
7647	1
7648	1
7650	3
7651	1
7652	2
7654	1
7656	2
7657	2
7658	1
7662	2
7663	1
7666	2
7667	2
7668	1
7669	4
7670	2
7671	2
7673	2
7674	2
7675	2
7676	1
7677	2
7679	4
7680	2
7682	2
7683	2
7686	1
7687	1
7688	4
7689	1
7690	3
7691	3
7692	2
7693	1
7694	1
7695	3
24079	1
7696	1
7697	1
7698	3
7699	1
7700	1
7701	5
7702	1
7704	1
7705	3
7706	4
7707	2
7709	1
7710	2
7711	1
7712	2
7713	3
7714	2
7715	1
7717	1
7718	1
7719	1
7720	4
7721	1
7723	1
7724	2
7726	2
7727	2
7729	1
7731	1
7732	1
7733	1
7734	2
7735	1
7737	1
7738	1
7739	1
7741	3
7742	2
7745	2
7746	1
7747	2
7748	2
7749	3
7750	1
7751	1
7752	2
7753	1
7754	2
7755	2
7756	2
7757	3
7758	2
7761	3
7762	2
7763	1
7764	3
7766	5
7767	4
7768	1
7769	1
7770	1
7771	3
7773	1
7774	2
7776	3
7777	1
7778	2
7780	3
7781	3
7782	2
7783	1
7784	1
7785	3
7786	2
7787	3
7788	2
7789	2
7791	2
7794	1
7795	1
7799	1
7800	1
7801	4
7803	4
7804	1
7806	1
7807	1
7811	1
7812	1
7814	1
7815	2
7816	2
7818	1
7819	1
7820	2
7821	1
7822	1
7823	2
7825	2
24209	1
7826	2
7827	1
7828	2
7830	2
7832	3
7834	1
7835	2
7837	3
7840	3
7841	1
7842	3
7843	2
7844	4
7845	1
7847	2
7848	1
7849	1
7850	2
7851	1
7852	1
7854	1
7855	2
7856	2
24241	1
7859	2
7860	4
7861	1
7862	1
7865	2
7866	1
7867	2
24252	1
7868	1
24253	1
7871	3
7874	4
7875	1
7876	2
7877	1
7878	2
7879	1
7880	2
7881	1
7882	1
7883	2
7885	1
7886	1
7888	1
7890	2
7892	1
7893	1
7894	1
7895	3
7896	1
7897	1
7899	1
7900	3
7902	4
7903	4
7905	1
7906	2
7908	2
7909	5
7910	5
7912	1
7913	1
7914	1
7916	2
7917	5
7918	1
7919	2
7920	3
7921	3
7924	3
7925	1
7927	1
7929	2
7930	1
7931	2
7932	4
7933	1
7934	1
7936	2
7937	1
7938	3
7940	2
7942	1
7943	2
7944	1
7945	1
7946	1
7947	1
7949	1
7950	1
7951	1
7953	1
7954	3
7955	1
7956	1
7957	3
7960	2
7961	4
7962	1
7963	2
7965	1
7966	1
7968	1
7970	1
7971	2
7972	2
7973	1
7974	1
7975	1
7976	1
7977	2
7978	2
7980	3
7981	2
7982	1
7984	1
7986	2
7987	1
7988	1
7989	1
7991	1
7994	3
7996	1
7997	3
7998	1
7999	2
8002	2
8004	1
8005	2
8010	1
8011	1
8012	1
8014	2
8016	1
8017	3
8018	2
8020	1
8021	2
8022	1
8023	1
8024	4
8026	1
8028	1
8029	2
8030	1
8031	2
8033	1
8034	2
8035	1
8037	1
8038	1
8039	1
8040	1
8042	2
8043	2
8044	4
8045	1
8046	3
24432	1
8048	2
8050	2
8051	3
8053	1
8054	3
8055	1
8056	1
8057	2
8060	1
8062	4
8063	1
8064	2
8066	3
8067	2
8068	4
8069	1
8070	1
8073	1
8074	1
8076	5
8079	3
8080	3
8081	2
8082	1
8084	2
8086	3
8087	1
8088	3
8090	2
8092	2
8094	2
8095	1
8097	1
8098	1
8099	2
8100	3
8101	1
8102	1
24487	1
8103	2
8105	2
8106	1
8107	2
8108	2
8109	1
8110	3
8113	2
8114	2
8115	3
8116	2
8117	2
8119	1
8120	1
8121	1
8124	1
8125	1
8126	1
8127	1
8129	1
8131	1
8132	1
8134	1
8138	3
8139	3
8143	1
8144	2
8145	1
8147	2
8148	2
8151	2
8152	2
8153	1
8154	1
8157	1
8158	2
8159	2
8160	1
8161	1
8163	2
8165	2
8166	2
8169	2
8170	2
8171	4
8173	1
8174	2
8175	1
8176	1
8177	2
8181	1
8182	1
8184	1
8185	1
8186	2
8187	2
8188	1
8193	2
8194	1
8195	1
8199	2
8200	2
8202	1
8203	4
8204	1
24589	1
8206	3
8207	1
8209	1
8210	1
8211	2
8213	1
8214	1
8216	1
8217	1
8221	1
8222	1
8225	2
8227	1
8228	1
8230	1
8231	1
8232	2
8234	2
8235	1
8237	2
8238	1
8239	2
8240	1
8241	1
8243	1
8246	1
8248	2
8249	3
8250	2
8251	1
8252	1
8253	1
8254	1
8255	1
8256	2
8257	2
8260	1
8263	1
8265	1
8266	2
8268	2
8271	2
8273	3
8274	1
8276	1
8277	3
8278	1
8279	2
8281	3
8282	1
8283	1
8284	2
8285	1
8286	3
8287	1
8292	1
8295	1
8296	1
8297	2
8299	1
8300	1
8301	1
8304	1
8308	1
8311	1
8316	2
8317	1
8318	1
8319	1
8320	2
8321	1
8322	3
8323	1
8325	2
8326	1
8327	2
8328	1
8329	1
8330	1
8331	1
8332	1
8333	1
8334	2
8335	1
8337	1
8338	1
8339	2
8341	1
8342	1
8343	1
8346	1
8347	2
8351	2
8352	1
8355	2
8356	3
8357	3
8358	1
8360	3
8362	1
8367	2
8369	1
8370	1
8372	1
8373	2
8374	1
8375	1
8376	2
8384	1
8385	1
8387	1
8388	2
8390	1
8392	3
8398	4
8399	1
8400	1
8403	2
8404	1
8405	2
8406	1
8407	2
8410	2
8411	3
8414	1
8416	2
8418	4
8420	2
8421	2
8423	2
8425	2
8428	1
8431	2
8433	2
8437	1
8438	2
8439	1
8440	1
8442	1
8445	1
8446	1
8447	2
8448	1
8449	2
8450	2
8451	2
8454	2
8456	2
8457	2
8458	1
8459	1
8460	3
8461	1
24846	1
8462	1
8463	1
8467	1
8468	2
8471	1
8473	1
8474	1
8475	1
8477	1
8478	3
8479	5
8480	2
8483	1
8485	1
8486	2
8488	1
8489	2
8490	1
8492	2
8493	1
8494	3
8495	2
8496	3
8498	1
8499	1
8500	2
8502	1
8503	1
8504	1
8506	1
8507	1
8508	1
8510	1
8511	1
8512	1
8513	1
8515	2
8517	3
24901	1
8518	2
8519	2
8520	1
8521	1
8523	1
8524	1
8525	1
8526	3
8528	1
8529	1
8530	1
8531	3
8532	1
8533	4
8536	1
8538	1
8540	1
8541	1
8544	2
8546	1
8547	1
8548	3
8549	1
8550	2
8552	2
8555	1
8556	3
8558	1
8561	2
8562	1
8565	1
8566	2
8567	1
8570	2
8572	3
8574	2
8575	3
8579	1
8581	1
8588	1
8589	2
24975	1
8592	2
8593	1
8594	1
8595	1
24982	1
8600	1
8601	1
8602	2
8603	2
8604	2
8605	1
8609	2
8611	1
8614	1
8617	2
8619	3
8623	2
8626	1
8629	1
8631	1
8632	1
8633	1
8634	2
8635	1
8636	1
8638	3
8641	1
8642	2
8645	1
8646	1
8647	3
8650	2
8652	1
8653	2
8654	2
8656	3
8657	1
8659	1
25043	1
8661	1
8663	1
8664	1
8667	1
8668	2
8669	3
8672	2
8673	1
8674	1
8675	1
8677	1
8678	1
8679	1
8681	2
8682	1
8683	1
8684	2
8686	2
8687	1
8688	2
8689	3
8690	1
8691	2
8692	1
8693	1
8697	1
8698	1
8699	2
8700	4
8703	1
8704	1
8705	2
8707	4
8709	2
8711	1
8715	1
8716	1
8717	1
8718	1
8719	2
8720	1
8722	1
8723	2
8727	1
8729	1
8733	1
8734	1
8736	2
8737	1
8745	1
8746	3
8747	2
8749	2
8750	1
8751	1
8752	1
8753	1
8754	1
8755	1
8756	2
8758	1
8759	2
8760	2
8761	2
8764	2
8765	2
8767	4
8768	2
8771	1
8772	1
8773	1
8774	1
8775	2
8776	2
8777	1
8779	1
8780	2
8781	1
8782	2
25167	1
8786	2
8790	2
8795	2
8796	1
8798	1
8799	1
8803	1
8804	1
8805	2
8808	1
8809	1
8810	1
8811	1
8812	1
8813	1
8814	1
8815	1
8817	1
8818	3
8819	1
8830	3
8831	1
8832	1
8833	1
8834	1
8836	1
8838	1
8839	1
8840	1
8841	2
8842	1
8843	1
8846	2
8848	4
8849	1
8850	1
8852	1
8854	1
8856	1
8857	1
8858	3
8859	1
8860	1
8861	1
8864	1
8865	1
8866	1
8867	2
8868	1
8869	1
8871	1
8872	3
8874	2
8876	1
8877	1
8879	1
8880	1
8881	2
8884	2
8886	1
8887	1
8890	2
8895	1
8896	1
8897	1
8898	1
8899	2
8900	1
8901	4
8903	2
8904	1
8907	2
8910	1
8912	2
8914	1
8915	1
8918	1
8920	1
8921	2
8925	1
8926	2
8928	1
8930	2
8933	1
8934	1
8936	1
8939	1
8941	1
8942	2
8943	1
8944	1
8945	1
8948	1
8949	1
8950	1
8951	2
8957	1
8958	2
8963	2
8966	1
8967	1
8970	1
8971	1
8975	1
8977	1
8978	1
8980	2
8983	2
8985	3
8987	1
8988	2
8989	2
8990	1
8991	1
8992	1
8993	1
8996	1
8998	1
8999	2
9000	1
9001	4
9002	2
9003	3
9006	1
9008	3
9011	1
9013	2
9014	1
9015	1
9016	1
9017	4
9020	1
9021	1
9022	4
9023	1
9027	1
9029	1
9036	1
9039	3
9041	1
9042	1
9043	1
9045	3
9047	1
9048	1
9050	1
9051	1
9052	1
9054	1
9059	2
9061	3
9062	1
9065	1
9066	1
9068	1
9069	1
9071	1
9072	3
9073	1
9074	1
9075	1
9076	1
9077	1
9080	2
9081	1
9083	2
9084	1
9085	1
9087	1
9088	1
9090	1
9092	2
9094	1
9095	1
9096	1
9101	1
9102	1
9103	1
9104	2
9106	3
9107	2
9108	1
9109	1
9111	1
9116	2
9118	1
9119	3
9120	1
9123	1
9127	2
9129	1
9130	1
9132	1
9133	2
9137	1
9138	1
9142	1
9147	3
9148	1
9149	1
9152	1
9154	1
9158	2
9160	1
9164	1
9166	1
9167	3
9170	4
9171	1
9175	1
9182	3
9183	1
9184	4
9185	1
9187	1
9188	1
9189	1
9190	1
9193	2
9194	1
9196	1
9197	2
9199	3
9203	2
9204	2
9205	1
9208	1
9210	3
9211	1
9212	1
9213	1
9214	3
9218	1
9220	2
9224	2
9225	1
9227	2
9229	1
9230	1
9231	1
9233	2
9234	1
9237	1
9244	1
9245	1
9246	3
9247	1
9248	1
9250	2
9251	1
9252	1
9257	3
9261	1
9267	1
9268	2
9269	1
9270	1
9271	1
9274	2
9276	1
9277	1
9278	1
9281	1
9283	2
9284	3
9285	1
9287	1
9288	1
9290	1
9294	2
9295	2
9297	1
9299	1
9302	1
9303	1
9304	2
9305	2
9310	2
9312	2
9316	2
9318	1
9319	1
9322	1
9323	1
9324	1
9328	1
9330	2
9332	3
25717	1
9334	2
9335	1
9336	2
9337	2
9338	1
9339	1
9340	1
9341	1
9342	1
9344	1
9345	1
9347	1
9348	1
9351	1
9353	1
9358	1
9362	2
9364	1
9365	1
9368	1
9370	2
9373	1
9375	1
9376	3
9377	1
9378	1
9379	1
9380	1
9381	1
9382	2
9385	1
9390	2
9392	2
9394	2
9395	1
9398	1
9399	2
9400	1
9402	1
9404	1
9405	1
9406	1
9409	1
9412	1
9413	1
9414	3
9415	1
9418	1
9419	2
9421	1
9422	2
9426	1
9428	1
9429	2
9431	2
9432	1
9433	1
9435	1
9440	1
9441	1
9444	1
9445	2
9446	1
9447	1
9450	2
9454	1
9455	2
9456	1
9458	1
9460	2
9461	1
9462	1
9463	1
9464	1
9469	1
9470	1
9472	1
9474	2
9477	1
9483	1
9487	1
9488	1
9490	2
9494	2
9495	1
9496	1
9497	1
9498	2
9499	1
9502	2
9503	4
9514	1
9515	1
9517	3
9521	2
9524	1
9525	1
9527	2
9535	1
9536	1
9537	1
9539	2
9540	1
9542	1
9543	1
9544	1
9549	1
9550	2
9551	2
9556	2
9557	1
9561	2
9562	2
9563	1
9565	1
9566	1
9567	2
9569	1
9570	1
9575	1
9576	1
9577	2
9578	1
9579	1
9580	1
9581	1
9585	1
9586	1
9587	1
9590	1
9591	1
9596	1
9598	1
9599	1
9600	1
9601	2
9602	3
9603	1
9604	3
9607	1
9608	1
9609	1
9611	1
9614	1
9617	1
9618	2
9620	3
9621	1
9624	1
9625	1
9627	1
9629	1
9643	2
9645	2
9648	2
9649	1
9651	1
9658	1
9659	1
9661	1
9664	2
9666	1
9677	1
9682	1
9690	2
9696	1
9699	1
9701	1
9703	3
9707	1
9717	1
9720	2
9721	2
9722	1
9724	2
9725	2
9727	1
9728	1
9731	1
9732	1
9733	2
9734	3
9738	1
9739	1
9741	1
9743	1
9747	1
9748	2
9749	1
9750	1
9751	1
9752	1
9754	2
9758	1
9763	1
9765	1
9767	1
9768	1
9770	2
9774	2
9778	1
9779	1
9789	1
9792	1
9795	1
9797	1
9800	1
9803	1
9804	1
9806	1
9807	1
9808	2
9810	1
9811	1
9812	1
9813	1
9818	2
9821	1
9823	1
9824	3
9826	1
9827	1
9830	1
9835	1
9838	4
9840	1
9845	1
9846	1
9847	2
9849	2
9850	2
9852	1
9856	1
9858	1
9862	2
9863	1
9866	1
9869	1
9875	1
9877	2
9878	1
9887	1
9890	2
9892	1
9893	1
9896	1
9899	1
9904	2
9905	1
9906	1
9910	2
9916	1
9919	1
9920	1
9922	1
9923	1
9924	2
9928	2
9929	1
9933	1
9935	1
9939	1
9940	1
9943	1
9945	1
9952	1
9954	1
9955	1
9956	1
9957	2
9959	3
9960	2
9964	1
9965	1
9966	1
9967	1
9968	2
9970	1
9972	1
9973	1
9974	1
9975	1
9976	1
9977	2
9978	1
9979	1
9980	1
9982	1
9984	2
9985	1
9986	1
9987	1
9989	1
9991	1
9992	2
9997	1
9998	1
9999	1
10001	1
10003	3
10004	2
10007	1
10009	1
10011	1
10013	1
10017	2
10018	1
10020	1
10021	1
10022	1
10023	3
10024	1
10026	2
10028	1
10032	1
10037	1
10038	1
10039	1
10041	1
10045	1
10048	1
10050	1
10054	1
10055	1
10056	1
10058	1
10062	3
10063	1
10067	1
10069	1
10071	2
10074	1
10080	1
10087	1
10089	1
10091	1
10092	1
10094	2
10096	2
10097	2
10098	1
10103	1
10106	1
10113	1
10114	1
10121	2
10123	1
10127	1
10137	1
10140	2
10144	2
10147	1
10155	2
10160	1
10163	3
10164	1
10166	1
10167	2
10168	1
10176	1
10179	1
10185	1
10186	1
10189	1
10190	1
10192	1
10194	1
10195	1
10196	1
10199	1
10202	1
10204	1
10207	2
10208	2
10209	1
10210	1
10211	1
10213	1
10214	2
10215	1
10218	1
10220	1
10224	2
10227	2
10229	1
10236	4
10237	1
10242	1
10243	1
10246	2
10247	1
10249	1
10250	2
10252	1
10253	1
10256	1
10257	1
10259	2
10261	1
10265	1
10269	1
10271	3
10274	1
10275	1
10278	3
10281	1
10282	2
10283	1
10284	1
10290	1
10292	1
10293	1
10294	1
10295	2
10298	1
10299	1
10300	2
10303	1
10304	1
10307	1
10309	1
10311	1
10312	1
10319	2
10325	1
10327	1
10333	2
10334	1
10336	1
10339	1
10340	1
10347	1
10348	2
10349	1
10350	1
10351	1
10354	1
10358	1
10359	1
10360	2
10365	2
10368	2
10370	1
10372	3
10379	2
10381	1
10389	1
10393	1
10394	2
10406	2
10409	1
10412	1
10413	1
10415	1
10416	1
10417	2
10422	1
10424	2
10425	1
10428	1
10429	1
10431	1
10434	1
10435	2
10436	1
10442	1
10443	1
10446	1
10453	1
10454	1
10458	2
10460	2
10463	1
10465	1
10469	2
10476	1
10478	1
10480	1
10481	1
10486	2
10487	1
10489	1
10492	1
10494	1
10497	1
10499	1
10500	1
10502	1
10505	1
10506	1
10511	2
10515	2
10517	2
10518	2
10519	2
10522	1
10526	1
10529	1
10531	1
10533	1
10537	1
10539	1
10541	1
10549	2
10552	1
10554	1
10557	2
10561	1
10566	1
10571	2
10574	1
10576	1
10588	1
10591	1
10598	1
10599	1
10601	1
10607	1
10608	1
10611	1
10613	1
10619	1
10620	1
10623	1
10626	1
10629	1
10637	1
10640	2
10642	1
10643	1
10650	1
10651	1
10652	1
10653	1
10655	1
10656	1
10658	1
10659	2
10668	1
10673	1
10676	1
10680	1
10688	2
10693	1
10700	1
10701	1
10703	1
10712	1
10713	1
10715	1
10719	1
10721	1
10725	2
10728	1
10733	1
10735	3
10738	1
10740	1
10746	1
10750	1
10758	1
10761	1
10765	3
10766	1
10773	1
10775	1
10776	1
10778	1
10781	1
10784	1
10785	1
10792	1
10794	1
10801	1
10803	1
10804	1
10812	1
10813	1
10814	1
10817	1
10822	1
10829	1
10831	1
10833	3
10836	1
10840	1
10842	1
10844	1
10845	1
10852	1
10856	1
10857	1
10864	1
10867	1
10871	1
10872	1
10873	1
10874	1
10879	2
10880	1
10883	1
10887	1
10891	1
10894	2
10895	1
10899	1
10900	1
10902	1
10905	1
10906	1
10908	1
10909	1
10911	1
10912	1
10913	1
10914	1
10917	1
10919	2
10924	3
10926	1
10927	1
10928	1
10933	1
10936	1
10939	1
10940	1
10941	1
10948	1
10956	1
10958	1
10960	1
10962	1
10964	1
10973	1
10975	1
10976	1
10978	2
10979	1
10981	1
10983	1
10990	1
10994	1
11001	1
11002	2
11006	2
11008	2
11009	2
11011	1
11012	1
11016	1
11023	1
11024	2
11026	1
11029	1
11030	1
11031	2
11033	1
11034	1
11039	1
11042	1
11047	1
11048	1
11049	1
11053	1
11061	1
11066	2
11073	1
11075	2
11076	1
11077	2
11079	1
11089	1
11091	1
11093	1
11095	1
11097	1
11098	1
11099	1
11105	1
11108	2
11110	1
11114	1
11116	1
11119	1
11122	1
11125	1
11127	1
11129	1
11137	1
11143	1
11145	2
11151	1
11152	1
11160	1
11161	1
11162	1
11164	1
11177	1
11181	1
11186	1
11194	1
11201	1
11203	3
11206	1
11211	1
11214	1
11219	1
11221	1
11225	1
11227	1
11231	1
11233	2
11238	3
11240	1
11244	1
11247	1
11248	1
11249	1
11250	2
11251	1
11252	1
11254	1
11256	1
11264	1
11265	1
11266	1
11269	1
11277	1
11278	2
11282	1
11285	1
11286	1
11296	1
11299	2
11300	1
11303	1
11304	1
11305	1
11306	1
11308	1
11313	1
11315	2
11320	1
11328	1
11330	1
11334	1
11339	1
11346	1
11349	1
11352	1
11357	2
11358	1
11359	1
11362	1
11363	1
11366	1
11370	1
11376	1
11377	1
11382	1
11383	1
11386	1
11394	1
11395	3
11396	2
11403	1
11406	1
11413	1
11416	1
11428	2
11429	1
11431	1
11436	1
11437	1
11444	2
11445	1
11449	1
11454	1
11463	1
11468	1
11470	1
11475	1
11477	1
11479	1
11483	1
11486	1
11496	1
11498	1
11504	1
11511	1
11512	1
11513	1
11519	2
11528	1
11529	1
11544	2
11547	1
11550	1
11557	1
11575	1
11581	1
11582	2
11592	1
11593	1
11598	1
11601	1
11605	1
11608	1
11610	1
11613	1
11618	2
11621	1
11628	1
11630	1
11640	1
11646	1
11648	1
11649	1
11654	1
11655	1
11657	1
11658	1
11660	1
11661	1
11664	2
11670	1
11674	1
11675	2
11680	1
11692	2
11698	1
11701	1
11703	1
11726	2
11730	1
11736	1
11740	1
11745	1
11746	1
11752	1
11757	2
11758	1
11763	1
11764	1
11771	1
11772	1
11777	1
11781	1
11787	1
11792	1
11800	1
11802	1
11804	2
11807	1
11808	1
11813	1
11814	1
11817	1
11819	1
11820	1
11823	1
11824	1
11827	1
11829	1
11831	1
11841	1
11844	1
11853	1
11858	1
11860	1
11862	1
11864	1
11865	1
11885	1
11887	1
11888	1
11900	1
11902	3
11904	2
11907	1
11910	1
11911	1
11913	3
11917	1
11920	1
11925	1
11934	1
11944	1
11946	1
11947	1
11949	1
11950	2
11952	1
11954	1
11958	1
11967	1
11969	1
11970	1
11972	1
11977	1
11979	1
11983	1
11985	2
11988	1
11990	2
11992	1
11993	1
11997	1
12001	1
12005	1
12014	1
12016	1
12020	1
12026	1
12036	1
12037	1
12046	1
12057	1
12058	2
12059	1
12062	1
12068	1
12069	1
12070	1
12072	1
12077	1
12082	1
12084	1
12086	1
12087	2
12102	1
12106	1
12107	1
12113	1
12131	1
12132	1
12138	1
12140	2
12141	1
12145	1
12148	1
12154	1
12155	1
12157	1
12159	1
12161	2
12162	1
12164	1
12167	1
12171	1
12176	1
12185	1
12187	2
12193	1
12207	1
12213	1
12219	1
12224	1
12227	1
12229	1
12236	1
12237	1
12240	1
12246	1
12248	1
12251	1
12252	1
12253	1
12259	1
12261	1
12263	1
12265	1
12268	1
12276	1
12277	1
12281	1
12290	1
12295	1
12306	1
12307	1
12308	1
12309	1
12323	1
12325	1
12331	1
12336	1
12339	2
12346	2
12350	1
12354	1
12356	1
12358	1
12361	2
12362	1
12367	2
12368	1
12370	1
12371	1
12372	1
12374	2
12375	2
12377	1
12380	1
12381	2
12386	1
12391	1
12402	1
12407	1
12410	1
12422	1
12423	1
12425	2
12435	1
12436	1
12446	1
12449	1
12458	1
12459	1
12460	1
12462	2
12464	2
12473	1
12479	1
12495	1
12506	1
12507	1
12514	1
12518	1
12525	3
12526	1
12533	1
12536	1
12539	1
12540	1
12542	2
12550	2
12551	1
12556	1
12558	2
12561	1
12573	1
12575	1
12581	1
12583	1
12584	1
12591	1
12592	2
12593	1
12602	1
12606	1
12617	1
12631	1
12632	1
12633	1
12634	1
12649	1
12652	1
12653	1
12657	1
12658	2
12659	1
12664	1
12665	1
12673	1
12674	1
12677	1
12678	1
12680	1
12682	1
12694	1
12695	1
12702	1
12706	1
12715	1
12717	2
12721	1
12724	1
12725	1
12727	1
12730	1
12739	1
12740	1
12743	1
12752	1
12753	1
12765	1
12768	1
12773	1
12778	1
12781	1
12785	1
12788	1
12791	1
12794	2
12798	1
12804	1
12807	1
12810	1
12814	1
12817	1
12821	1
12822	2
12825	1
12826	1
12828	1
12831	1
12834	1
12835	1
12846	1
12854	1
12856	1
12860	1
12868	1
12870	2
12871	1
12875	1
12877	1
12878	1
12899	1
12905	2
12917	1
12935	1
12949	1
12950	1
12952	1
12953	1
12959	1
12960	1
12962	1
12968	1
12970	1
12976	2
12981	1
12982	1
12989	1
12995	1
13001	1
13003	2
13008	2
13042	1
13043	1
13050	1
13052	1
13054	1
13055	1
13064	1
13068	1
13076	1
13082	1
13083	1
13085	1
13093	1
13113	1
13119	1
13120	1
13127	1
13130	1
13131	1
13138	1
13139	1
13158	1
13173	1
13190	1
13193	1
13203	1
13211	1
13228	1
13229	1
13231	2
13250	1
13254	2
13255	2
13262	2
13267	2
13271	1
13275	1
13279	1
13285	1
13288	1
13290	1
13295	1
13299	1
13306	1
13313	1
13320	1
13325	1
13333	1
13338	2
13346	1
13347	1
13349	1
13351	1
13354	1
13357	2
13358	1
13367	1
13370	1
13380	3
13396	1
13399	1
13402	1
13417	2
13423	1
13431	1
13435	1
13438	1
13446	1
13450	1
13464	1
13465	1
13473	2
13476	1
13478	1
13479	1
13482	1
13494	1
13496	1
13504	1
13507	1
13508	1
13511	1
13518	1
13523	1
13525	1
13541	1
13554	1
13555	1
13556	1
13557	1
13564	1
13596	1
13600	1
13607	1
13610	1
13611	1
13615	1
13619	1
13624	1
13639	1
13644	2
13645	1
13661	1
13663	1
13664	1
13669	1
13675	1
13682	1
13686	1
13699	2
13717	2
13720	1
13728	1
13729	1
13733	1
13734	1
13736	1
13739	1
13740	2
13741	1
13748	2
13749	1
13750	2
13755	1
13771	1
13776	1
13777	2
13779	1
13789	1
13798	1
13799	1
13802	1
13803	2
13823	1
13832	1
13835	1
13836	1
13850	1
13873	1
13882	1
13894	1
13906	1
13909	1
13918	1
13924	1
13935	1
13937	1
13940	1
13942	1
13948	1
13954	1
13959	1
13970	1
13997	1
14001	1
14007	1
14015	1
14027	2
14030	1
14032	1
14037	2
14038	1
14040	1
14041	1
14045	1
14049	1
14051	1
14062	1
14084	3
14101	1
14102	1
14103	1
14104	1
14115	1
14116	1
14121	1
14129	1
14131	1
14138	1
14143	1
14152	1
14159	1
14162	1
14167	1
14169	1
14181	1
14188	1
14198	1
14200	1
14214	1
14216	1
14226	1
14262	1
14264	1
14272	1
14274	2
14283	1
14285	1
14289	1
14291	1
14297	1
14304	1
14310	1
14313	1
14315	1
14325	1
14327	1
14337	1
14344	1
14356	2
14357	1
14363	1
14379	1
14381	1
14388	1
14389	1
14398	1
14401	1
14402	1
14406	1
14413	1
14422	2
14425	1
14432	1
14434	1
14436	1
14438	1
14445	1
14446	1
14449	1
14452	1
14453	1
14464	1
14466	1
14468	1
14494	1
14500	1
14505	1
14512	1
14533	1
14540	1
14541	1
14544	2
14558	1
14559	1
14561	2
14571	1
14582	1
14585	1
14586	1
14590	1
14595	2
14606	1
14611	1
14613	1
14621	1
14633	1
14646	1
14648	1
14652	1
14653	1
14657	1
14661	1
14672	1
14682	1
14683	1
14689	1
14697	1
14715	1
14725	1
14727	1
14731	1
14746	1
14750	1
14754	1
14758	1
14782	1
14801	1
14803	1
14808	1
14835	1
14839	1
14841	1
14854	1
14861	1
14863	1
14865	1
14871	1
14874	1
14893	1
14899	1
14909	2
14911	1
14916	1
14936	1
14939	2
14948	1
14950	1
14954	1
14956	1
14962	1
14970	1
14976	2
14977	1
14984	2
14985	1
14987	1
15008	1
15021	2
15029	1
15033	1
15037	1
15045	2
15047	1
15048	1
15060	1
15064	1
15066	1
15069	2
15070	1
15073	1
15075	1
15088	1
15093	1
15097	1
15099	1
15103	1
15115	1
15118	1
15119	1
15143	1
15147	1
15156	1
15161	1
15163	1
15167	1
15171	2
15187	1
15188	1
15193	1
15201	1
15207	1
15210	1
15231	1
15239	1
15241	1
15273	1
15282	1
15285	1
15290	1
15298	1
15341	1
15347	1
15353	1
15364	1
15370	1
15379	1
15385	1
15389	1
15392	1
15394	1
15396	1
15397	1
15413	1
15416	1
15424	1
15445	1
15447	1
15455	1
15470	1
15474	1
15480	1
15485	1
15503	1
15505	1
15508	1
15515	1
15517	1
15521	1
15528	1
15529	1
15531	1
15571	1
15602	1
15610	1
15638	1
15639	1
15641	1
15649	1
15652	1
15653	1
15669	1
15675	1
15677	1
15692	1
15697	1
15705	1
15707	2
15725	1
15731	1
15752	1
15753	1
15755	1
15756	1
15771	1
15774	1
15779	1
15803	2
15809	1
15816	1
15818	1
15819	1
15822	1
15826	1
15827	1
15839	1
15848	1
15862	1
15878	1
15889	1
15897	1
15904	1
15935	1
15947	1
15953	1
15954	1
15962	1
15979	1
15981	1
15994	1
16013	1
16039	1
16043	1
16044	1
16057	1
16071	1
16076	1
16079	2
16080	1
16098	1
16101	1
16108	1
16116	1
16118	1
16124	2
16133	1
16135	1
16145	1
16154	1
16158	1
16162	1
16168	1
16177	1
16179	1
16187	1
16188	1
16192	1
16197	1
16201	1
16202	1
16210	1
16215	1
16218	1
16221	1
16224	1
16242	1
16244	1
16254	1
16256	1
16265	1
16291	1
16297	1
16303	1
16304	1
16305	1
16310	1
16324	1
16335	1
16336	1
16365	1
16367	1
16373	2
16376	1
16377	1
