1	7
2	9
3	5
4	3
5	3
6	4
7	1
8	4
9	3
16393	1
10	1
11	3
12	2
13	3
14	5
15	9
16	6
17	5
18	5
19	11
20	5
21	4
22	5
23	7
16407	1
24	3
25	13
26	5
27	11
28	5
29	6
30	4
31	13
16415	1
16416	1
32	3
33	3
34	9
35	9
36	5
37	9
38	8
39	4
40	10
41	8
42	7
43	3
44	4
45	4
46	2
47	4
48	10
16433	1
49	8
50	3
51	5
52	6
53	3
54	5
55	5
56	9
16440	1
57	5
58	3
59	5
60	3
61	7
62	5
63	3
64	5
65	5
66	5
67	8
16451	1
68	5
69	5
70	7
71	1
72	8
73	5
74	5
75	3
76	5
77	5
16461	1
78	7
79	5
16463	1
80	4
16464	1
81	5
82	9
83	3
84	8
85	4
86	4
87	5
88	6
89	5
90	2
91	4
92	1
93	3
94	5
95	4
96	2
16480	1
97	6
98	1
99	3
100	6
101	6
102	8
103	2
104	6
105	3
106	5
107	4
108	5
16492	1
109	9
110	6
111	5
112	3
113	4
114	7
115	4
116	7
117	7
118	6
119	8
120	5
121	7
122	4
123	5
124	7
125	8
126	6
127	3
128	4
129	4
130	5
131	4
132	2
133	5
134	5
135	5
136	2
137	6
16522	1
138	9
139	9
140	3
141	5
142	3
143	4
144	3
145	4
16529	1
146	5
16530	1
147	8
148	11
149	5
150	7
151	7
152	4
153	8
154	3
155	4
156	5
157	4
158	2
159	9
160	7
161	8
16545	1
162	8
163	4
164	1
165	5
166	6
16550	1
167	2
168	5
169	3
170	4
171	3
172	5
173	5
174	7
175	6
176	7
177	7
178	12
179	7
180	3
181	8
182	2
183	5
184	5
185	2
186	8
16570	1
187	5
188	3
189	9
190	6
191	10
192	8
193	3
194	5
195	4
196	5
197	1
16581	1
198	9
199	6
200	5
201	2
202	8
203	5
204	5
205	3
206	6
207	10
208	2
209	7
210	8
211	8
212	9
16596	1
213	6
214	7
215	1
216	7
217	6
218	9
219	8
220	7
221	9
222	3
223	12
224	4
225	7
226	4
227	9
228	4
229	8
230	3
231	5
232	9
233	7
234	5
235	8
236	3
237	8
238	4
16622	2
239	5
240	5
241	5
242	8
243	1
244	5
245	5
246	5
247	6
248	7
249	6
250	4
251	4
252	8
253	7
254	6
255	6
256	7
257	3
258	6
259	3
260	7
16644	1
261	11
262	5
16646	1
263	7
264	8
265	5
266	3
267	7
268	7
269	11
270	7
271	1
272	8
273	4
274	11
275	8
276	8
277	4
278	6
279	5
280	9
281	1
282	4
283	4
284	3
285	9
286	8
287	5
288	6
290	7
291	3
292	2
293	9
294	4
295	8
296	4
297	5
298	2
299	3
300	4
301	7
302	10
303	5
304	5
305	4
306	9
307	8
308	6
309	6
310	7
311	11
16695	1
312	7
313	6
314	8
315	9
316	6
317	7
318	9
319	5
320	8
321	7
322	7
323	4
324	1
325	7
326	6
327	12
328	9
329	7
330	5
331	8
332	7
333	3
16717	1
334	7
335	7
336	4
337	8
338	7
339	6
340	9
341	7
342	4
16726	1
343	5
344	11
345	8
346	2
347	8
348	4
16733	1
349	5
350	6
351	4
352	7
353	8
354	8
355	12
356	9
357	8
358	4
359	11
360	8
361	5
362	3
16746	1
363	3
364	4
16748	1
365	8
366	6
367	10
368	9
16752	1
369	7
370	7
371	7
372	6
373	3
374	6
375	3
376	8
377	6
378	7
379	5
16763	1
380	4
381	2
382	9
383	3
384	5
385	4
386	6
387	6
388	5
389	5
16773	1
390	9
391	4
392	6
393	5
394	6
395	9
396	7
397	4
398	5
400	7
16784	1
401	4
402	4
403	8
404	3
405	4
406	7
407	9
408	3
409	6
410	3
411	8
412	5
413	6
414	4
16798	1
415	9
416	4
417	7
418	9
419	2
420	6
421	7
422	5
423	10
424	6
16809	1
425	8
426	4
427	6
428	8
16812	1
429	5
430	4
431	6
432	7
433	7
434	6
435	3
436	5
437	5
438	4
16822	1
439	7
440	5
441	7
442	4
16826	1
443	4
444	4
445	5
446	7
16830	1
447	7
448	7
449	2
450	3
451	2
452	2
453	7
454	4
16838	1
455	5
456	4
457	6
458	7
459	5
460	6
16844	1
461	7
462	7
463	4
464	8
465	5
466	8
467	7
468	4
469	5
470	5
471	3
472	6
473	8
474	2
475	4
476	7
477	8
478	4
479	2
480	3
481	12
482	2
483	5
484	4
485	5
486	13
16870	1
487	4
488	9
489	7
490	5
491	6
492	2
493	8
494	10
495	6
496	5
497	16
498	7
499	10
500	3
501	10
502	5
503	5
504	4
505	3
506	11
507	4
508	7
509	9
510	5
511	7
512	6
513	4
514	3
515	9
16899	1
516	5
517	6
518	6
519	7
16903	1
520	5
521	3
522	2
523	6
524	8
525	7
526	8
527	3
528	7
529	4
530	5
531	5
532	3
533	8
534	4
535	9
536	4
537	3
538	5
539	7
540	5
541	2
16925	1
542	4
543	6
544	4
545	9
546	2
547	9
548	8
549	3
550	6
551	2
552	5
553	3
554	5
555	4
16939	1
556	8
557	9
558	7
559	6
560	4
561	3
562	6
563	5
564	6
565	1
566	8
567	6
568	8
569	4
570	5
571	5
572	9
573	2
574	7
575	4
576	7
577	2
578	5
579	9
580	6
16964	1
581	7
582	4
16966	1
583	6
584	2
585	5
16969	1
586	10
587	3
588	10
16972	1
589	7
590	5
591	4
592	2
593	5
594	3
595	4
596	7
597	7
598	5
599	3
600	3
601	4
602	7
604	4
605	2
606	7
607	9
608	11
609	8
610	5
611	5
16995	1
612	4
613	3
614	6
615	6
616	9
17000	1
617	6
618	14
619	3
620	7
621	4
622	7
623	3
624	3
625	9
626	5
627	6
628	7
629	4
630	7
631	3
632	9
633	8
634	6
635	7
636	7
637	7
638	5
639	4
640	8
641	8
642	4
643	3
17027	1
644	6
645	5
646	4
647	4
648	7
649	7
650	4
651	5
652	5
653	8
17037	1
654	5
655	1
17039	1
656	10
657	7
658	5
659	6
660	2
661	1
662	4
663	4
664	3
665	4
666	2
667	7
668	2
669	2
670	5
671	7
672	9
673	5
674	8
675	4
676	6
677	2
678	5
17063	1
679	4
680	4
681	8
683	6
684	5
685	4
686	1
687	7
688	8
689	6
690	6
691	5
692	5
693	10
694	6
695	5
696	5
697	8
698	5
699	5
700	10
701	12
702	8
703	4
704	6
705	5
706	2
707	6
708	4
709	8
710	7
711	6
712	5
713	9
714	3
715	3
716	8
717	6
718	5
719	5
17103	1
720	6
721	5
722	6
723	7
17108	1
724	5
725	1
726	8
727	1
728	3
729	9
730	5
17114	1
731	3
732	4
733	6
734	6
735	7
736	4
737	7
738	4
17122	1
739	3
740	6
741	11
742	8
743	7
744	2
745	6
746	6
747	7
748	8
17132	1
749	6
17133	1
750	4
751	5
752	4
753	5
754	4
755	7
756	3
757	5
758	8
759	8
760	6
761	5
762	4
763	6
764	5
765	7
766	6
767	5
768	4
769	5
770	4
771	9
772	4
773	4
774	1
775	4
776	4
777	4
778	3
779	7
780	2
781	6
782	3
783	8
784	4
785	6
786	4
787	3
788	5
789	6
790	4
791	6
792	9
793	5
794	5
795	3
796	7
797	5
17181	1
798	6
799	5
800	10
801	8
802	5
803	3
804	4
805	3
806	4
807	4
808	2
809	5
810	6
811	11
812	6
813	3
814	10
815	5
816	5
817	2
818	4
819	4
820	2
821	8
822	5
823	11
824	8
825	8
826	5
827	8
828	5
829	10
830	7
831	4
832	5
833	5
834	6
835	5
836	3
837	5
838	5
839	5
840	4
841	5
842	8
843	5
844	7
845	7
846	3
847	4
848	6
17232	1
849	5
17233	1
850	9
851	6
17235	1
852	10
853	8
17237	1
854	3
855	6
856	6
857	7
858	2
859	3
860	7
861	6
862	7
863	10
864	6
865	3
866	5
17250	1
867	5
868	7
869	7
870	4
871	6
872	8
873	4
874	2
875	1
876	5
877	2
878	7
879	9
880	3
881	9
882	9
883	11
884	2
17268	1
885	6
886	5
887	6
888	6
889	5
890	7
17274	1
891	9
892	4
893	3
894	4
895	6
896	6
17280	1
897	5
898	3
899	4
900	11
901	3
902	5
903	7
904	4
905	7
906	9
907	5
908	13
909	5
910	6
911	9
912	2
913	4
914	7
915	7
916	5
917	6
918	7
919	2
920	2
921	9
922	4
923	7
924	3
925	5
926	7
927	7
928	6
929	4
930	6
17315	1
931	5
932	9
933	11
934	2
935	8
936	7
937	9
938	7
939	7
940	4
941	10
942	7
17326	1
943	6
944	4
17328	1
945	7
946	6
947	7
948	4
949	5
950	5
951	2
952	3
953	5
954	6
955	5
956	3
957	7
958	8
959	7
960	8
961	6
962	2
963	8
17347	1
964	5
17348	1
965	2
17349	1
966	4
967	10
968	5
969	6
970	5
971	7
17355	1
972	4
973	8
974	2
975	6
976	5
977	4
978	4
979	6
980	7
981	6
982	2
983	1
984	4
985	6
986	6
987	9
988	3
989	10
990	8
991	5
992	6
993	5
994	5
995	4
996	7
997	6
17381	1
998	3
999	5
17383	1
1000	6
1001	4
17385	1
1002	4
17386	1
1003	6
1004	6
1005	5
1006	5
1007	7
1008	2
1009	4
1010	5
1011	11
1012	6
1013	8
1014	10
1015	7
1016	7
1017	5
17401	1
1018	7
1019	10
1020	10
1021	5
1022	5
1023	4
1024	10
1025	7
1026	8
1027	4
1028	5
1029	2
1030	6
1031	8
1032	7
1033	4
1034	6
1035	4
1036	7
1037	6
1038	7
1039	11
1040	8
1041	7
1042	4
1043	4
1044	8
1045	4
1046	8
1047	3
1048	8
1049	9
1050	5
1051	6
1052	4
1053	7
1054	5
1055	3
1056	6
1057	6
1058	5
1059	3
1060	6
1061	6
1062	8
1063	3
1064	3
1065	3
1066	6
1067	6
1068	6
1069	6
1070	2
1071	1
1072	7
1073	2
1074	4
1075	6
1076	3
1077	7
1078	5
1079	4
1080	9
17464	1
1081	5
1082	8
1083	2
1084	4
1085	6
1086	5
1087	9
1088	3
1089	4
1090	8
1091	5
1092	7
1093	4
1094	3
1095	5
1096	5
17480	1
1097	2
1098	4
1099	7
1100	5
1101	5
1102	5
1103	4
1104	3
1105	8
1106	14
1107	5
1108	10
1109	6
1110	8
1111	6
1112	6
1113	6
1114	7
1115	9
17499	1
1116	2
1117	1
1118	6
1119	8
1120	1
1121	4
1122	4
1123	4
1124	6
17508	1
1125	4
1126	8
1127	7
1128	9
1129	7
1130	5
1131	6
1132	7
1133	9
17517	1
1134	7
1135	7
1136	7
1137	7
1138	4
1139	6
1140	7
1141	3
1142	2
1143	9
1144	9
1145	8
1146	4
17530	1
1147	7
1148	2
1149	9
1150	6
17534	1
1151	3
1152	7
17536	1
1153	4
1154	3
1155	7
1156	5
1157	10
1158	4
1159	8
1160	4
1161	7
1162	4
1163	3
1164	6
1165	2
1166	10
17550	2
1167	5
1168	8
1169	9
1170	7
1171	9
1172	3
1173	7
1174	2
1175	8
17560	1
1176	1
1177	3
1178	5
1179	3
1180	4
1181	6
17565	1
1182	7
1183	7
1184	13
1185	5
17569	1
1186	8
1187	8
1188	8
1189	5
1190	7
1191	8
1192	3
1193	6
1194	7
1195	10
1196	6
1197	7
1198	7
1199	5
1200	9
1201	8
1202	4
1203	7
1204	5
1205	9
1206	3
1207	7
1208	10
1209	7
1210	9
17594	1
1211	3
1212	7
1213	9
1214	4
1215	3
1216	4
1217	7
1218	5
1219	6
1220	2
1221	7
1222	6
1223	1
1224	5
1225	3
1226	6
1227	6
17611	1
1228	10
17612	1
1229	12
1230	4
1231	6
1232	10
1233	10
1234	6
1235	7
1236	8
1237	3
17621	1
1238	8
1239	11
1240	7
1241	3
1243	5
1244	4
1245	4
1246	9
1247	4
1248	3
1249	4
1250	7
1251	6
1252	5
1253	3
1254	7
1255	7
1256	6
1257	3
17641	1
1258	5
1259	4
1260	6
1261	4
1262	7
17646	1
1263	6
1264	4
17648	1
1265	5
1266	7
1267	4
1268	7
1269	7
1270	10
1271	6
1272	5
1273	4
1274	5
1275	4
1276	4
1277	7
1278	6
1279	4
1280	6
1281	5
1282	9
1283	6
17667	1
1284	3
1285	3
1286	3
1287	6
1288	2
1289	8
17673	1
1290	8
1291	1
1292	5
1293	6
1294	6
1295	9
1296	5
1297	5
1298	5
1299	3
1300	6
1301	4
1302	2
1303	8
1304	4
1305	5
1306	3
1307	4
1308	8
1309	7
1310	8
1311	5
1312	5
1313	4
1314	5
1315	4
1316	7
17700	1
1317	4
1318	3
1319	3
1320	4
1321	4
1322	11
17706	1
1323	7
1324	6
1325	6
1326	6
1327	7
1328	10
1329	6
1330	3
1331	7
1332	8
1333	10
17717	1
1334	3
1335	7
1336	8
1337	2
1338	3
1339	7
1340	5
1341	4
1342	8
1343	6
17727	1
1344	6
1345	6
1346	3
1347	6
1348	3
1349	4
1350	5
1351	8
1352	6
1353	4
17737	1
1354	7
1355	4
1356	3
1357	4
1358	6
17742	1
1359	8
1360	5
1361	1
1362	6
1363	6
1364	4
1365	3
1366	5
1367	3
1368	10
1369	5
1370	7
1371	8
17755	1
1372	7
1373	8
1374	4
1375	7
1376	7
1377	8
17762	2
1378	5
1379	4
1380	2
1381	4
1382	8
17766	1
1383	3
1384	4
1385	4
17770	1
1386	2
1387	5
1388	6
1389	7
1390	7
1391	6
1392	2
1393	5
1394	3
1395	8
1396	6
1397	7
1398	5
1399	7
1400	4
1401	6
1402	5
1403	7
1404	4
1405	6
1406	5
1407	8
1408	6
1409	4
1410	8
1411	3
17795	1
17796	1
1412	7
1413	4
17797	1
1414	3
1415	6
1416	3
1417	3
1418	5
1419	12
1420	7
1421	5
1422	3
1423	4
17807	1
1424	8
1425	4
17809	1
1426	4
1427	8
1428	13
1429	8
1430	7
17814	1
1431	6
1432	7
1433	5
1434	6
1435	6
1436	1
1437	8
1438	4
1439	9
17823	1
1440	4
1441	6
1442	6
1443	4
1444	10
1445	3
1446	5
1447	2
1448	11
1449	6
1450	6
1451	3
1452	4
1453	9
1454	9
1455	4
1456	5
1457	5
1458	7
1459	5
1460	6
1461	6
1462	5
1463	4
1464	6
1465	2
1466	4
1467	4
1468	4
1469	1
1470	1
1471	10
1472	3
1473	4
1474	5
1475	2
1476	6
1477	6
1478	4
1479	7
1480	6
1481	10
1482	4
1483	6
1484	7
1485	1
1486	5
1487	6
1488	11
1489	4
1490	9
1491	5
17875	1
1492	6
1493	7
1494	8
1495	5
1496	6
1497	4
1498	4
1499	4
1500	8
1501	4
1502	6
1503	4
1504	5
1505	8
1506	4
1507	7
1508	8
1509	4
1510	3
1511	5
17895	1
1512	8
1513	4
1514	5
1515	6
1516	3
1517	2
1518	10
1519	7
1520	7
1521	5
1522	6
1523	4
17907	1
1524	7
1525	2
1526	6
1527	5
17911	1
1528	9
1529	6
1530	5
1531	5
1532	11
1533	7
1534	6
1535	5
1536	9
1537	10
1538	4
1539	4
1540	6
1541	4
1542	5
1543	7
1544	3
1545	6
17929	1
1546	6
1547	8
1548	8
1549	8
1550	8
1551	6
1552	9
1553	3
1554	6
1555	7
1556	4
1557	8
1558	4
1559	6
1560	8
1561	7
1562	7
1563	6
1564	4
1565	9
1566	3
1567	9
1568	4
1569	7
1570	5
1571	6
1572	6
1573	11
1574	6
1575	7
1576	6
1577	3
1578	2
1579	5
1580	9
1581	1
1582	4
1583	5
1584	4
1585	3
1586	9
1587	5
17971	1
1588	6
1589	4
1590	9
1591	6
17975	1
1592	6
1593	7
1594	8
1595	7
1596	8
1597	3
1598	5
1599	3
1600	3
1601	2
1602	5
1603	9
1604	4
1605	10
1606	2
1607	3
1608	9
1609	9
1610	4
1611	8
1612	5
1613	3
1614	4
1615	8
1616	7
1617	1
1618	7
1619	8
1620	7
1621	6
1622	8
1623	8
1624	5
1625	7
1626	9
1627	7
1628	5
1629	3
1630	4
1631	5
1632	4
1633	5
1634	8
1635	7
1636	9
1637	9
1638	7
1639	4
1640	1
1641	5
1642	6
1643	5
1644	9
1645	7
1646	11
1647	4
1648	10
1649	4
1650	5
1651	5
1652	9
1653	5
1654	3
1655	8
1656	7
1657	3
1658	7
1659	4
1660	7
1661	4
1662	5
1663	6
1664	7
1665	4
1666	7
1667	5
1668	5
1669	4
1670	5
1671	4
1672	7
1673	6
1674	7
1675	4
1676	6
1677	12
1678	6
1679	4
1680	3
1681	3
1682	5
1683	4
1684	6
1685	7
1686	8
1687	4
1688	3
1689	8
1690	10
1691	5
1692	4
18076	1
1693	7
1694	7
1695	3
1696	4
1697	2
1698	3
1699	4
1700	4
1701	6
1702	7
18086	1
1703	6
1704	6
1705	6
1706	7
1707	6
1708	6
1709	5
1710	4
1711	7
1712	6
1713	9
1714	4
1715	2
1716	8
1717	5
1718	8
1719	4
1720	4
1721	5
1722	5
1723	6
1724	10
1725	9
1726	10
1727	6
1728	4
1729	6
1730	6
18114	1
1731	4
1732	12
1733	9
1734	7
1735	8
1736	12
1737	5
1738	5
1739	4
1740	3
1741	6
1742	8
1743	5
1744	5
1745	4
1746	9
1747	10
1748	8
1749	2
1750	6
1751	7
1752	4
1753	8
1754	6
1755	6
1756	9
1757	3
1758	7
1759	4
18143	1
1760	2
1761	7
1762	1
1763	9
1764	6
1765	8
1766	4
1767	8
1768	5
1769	5
1770	5
1771	3
1772	2
1773	5
1774	9
1775	6
1776	6
18160	1
1777	4
1778	4
1779	5
1780	3
1781	3
18165	1
1782	4
1783	2
1784	4
1785	6
1786	2
1787	4
1788	6
1789	5
1790	5
1791	4
18175	1
1792	6
1793	9
1794	7
1795	6
1796	3
1797	6
1798	3
1799	5
1800	5
1801	4
1802	6
1803	7
1804	4
18188	1
1805	7
1806	4
1807	4
1808	5
1809	9
1810	7
1811	3
1812	7
1813	3
1814	3
1815	5
1816	4
1817	7
1818	9
1819	5
1820	7
1821	4
1822	7
1823	5
1824	6
1825	4
1826	4
1827	5
1828	8
1829	4
1830	4
1831	5
1832	5
1833	3
1834	8
1835	5
1836	6
1837	4
1838	7
1839	10
1840	5
1841	4
1842	4
1843	7
1844	3
1845	8
1846	7
1847	1
1848	2
1849	5
1850	11
1851	9
1852	9
1853	2
1854	3
1855	5
1856	8
1857	4
1858	6
1859	6
1860	4
1861	8
1862	5
1863	3
1864	6
1865	8
1866	3
1867	5
1868	7
1869	4
1870	6
1871	4
1872	2
1873	8
18257	1
1874	5
1875	3
1876	9
1877	6
1878	5
1879	5
1880	4
1881	10
1882	6
1883	10
1884	8
1885	3
1886	2
1887	8
1888	5
1889	2
1890	8
1891	6
1892	7
1893	4
1894	6
1895	2
1896	6
1897	8
1898	3
1899	3
1900	3
1901	6
1902	10
1903	5
1904	8
1905	10
1906	5
18290	1
1907	6
1908	8
1909	7
1910	10
1911	5
18295	1
1912	5
1913	3
1914	6
1915	6
1916	7
1917	10
1918	1
1919	6
1920	5
1921	2
1922	4
1923	3
1924	11
1925	6
1926	4
1927	7
1928	3
1929	3
1930	4
1931	9
1932	11
1933	8
1934	6
1935	5
1936	6
1937	4
1938	8
1939	6
1940	2
1941	10
1942	4
1943	8
1944	7
1945	5
1946	5
1947	7
1948	5
1949	5
1950	5
1951	3
1952	7
1953	6
1954	2
1955	4
1956	6
1957	6
1958	7
1959	4
18343	1
1960	5
1961	6
1962	6
1963	6
1964	6
1965	4
1966	9
1967	3
18351	1
1968	5
1969	4
1970	4
1971	3
1972	5
1973	7
1974	6
1975	4
1976	7
1977	4
1978	1
1979	6
1980	7
1981	4
1982	1
1983	1
1984	3
1985	4
1986	7
1987	6
1988	2
1989	11
1990	2
1991	6
1992	7
18376	1
1993	13
1995	7
1996	4
1997	7
1998	7
1999	4
2000	8
2001	3
2002	7
18386	1
2003	6
2004	5
2005	7
2006	3
2007	4
2008	5
2009	6
2010	7
2011	3
2012	1
2013	7
2014	4
2015	5
18400	1
2016	9
2017	7
2018	7
2019	6
2020	6
18404	1
2021	3
2022	4
2023	6
2024	5
2025	7
2026	7
2027	4
2028	1
2029	7
2030	1
2031	6
2032	7
2033	6
2034	5
18418	1
2035	3
2036	4
18420	1
2037	6
2038	3
2039	4
2040	6
2041	10
2042	7
2043	3
2044	6
2045	5
2046	5
2047	2
2048	3
2049	5
2050	4
2051	4
2052	6
2053	12
2054	6
2055	6
2056	5
2057	6
2058	4
2059	10
2060	12
2061	8
2062	4
2063	3
2064	8
2065	4
2066	5
2067	5
2068	3
2069	2
2070	3
2071	2
2072	7
2073	2
2074	7
2075	6
2076	5
2077	4
2078	10
2079	7
2080	6
2081	6
2082	5
2083	3
2084	4
18468	2
2085	3
2086	8
2087	6
2088	4
2089	4
2090	5
2091	6
2092	5
2093	6
2094	7
2095	9
2096	4
2097	5
2098	6
2099	6
2100	1
2101	7
18485	1
2102	6
2103	9
2104	6
2105	7
2106	3
2107	6
2108	3
2109	5
2110	8
2111	7
2112	1
2113	7
2114	9
2115	9
2116	6
2117	7
2118	4
2119	4
2120	5
2121	6
2122	2
2123	5
2124	8
2125	4
2126	5
2127	3
2128	3
18512	1
2129	4
2130	4
2131	8
18515	1
2132	3
2133	6
2134	5
2135	7
2136	6
2137	7
2138	3
2139	1
2140	1
2141	5
2142	3
18526	1
2143	5
2144	5
2145	5
2146	1
2147	2
2148	7
2149	6
2150	2
2151	6
2152	5
2153	5
2154	6
2155	2
2156	3
2157	5
2158	5
2159	4
2160	2
2161	9
2162	3
2163	5
2164	4
2165	6
2166	4
2167	7
18551	1
2168	6
2169	9
2170	5
2171	8
2172	7
2173	6
2174	4
2175	4
2176	12
2177	2
2178	8
2179	5
2180	4
2181	8
2182	5
2183	4
2184	4
2185	5
2186	5
2187	10
2188	6
2189	2
2190	4
2191	5
2192	7
2193	5
2194	6
2195	7
2196	6
2197	8
2199	9
2200	15
2201	10
2202	3
2203	7
2204	2
2205	4
2206	10
2207	5
2208	4
2209	4
2210	7
2211	7
2212	6
2213	3
2214	4
2215	8
2216	6
2217	3
2218	4
2219	6
2220	4
2221	5
2222	7
2223	10
2224	6
2225	5
2226	6
2227	7
2228	3
2229	2
2230	4
2231	2
2232	5
2233	5
2234	6
2235	9
2236	3
2237	4
2238	4
2239	5
2240	8
2241	5
2242	4
2243	8
2244	8
2245	7
2246	6
2247	5
2248	6
2249	7
2250	6
2251	5
2252	4
2253	2
2254	8
2255	5
2256	4
2257	3
2258	3
2259	1
2260	7
2261	3
2262	6
2263	5
2264	4
2265	5
2266	6
2267	3
2268	6
2269	9
2270	7
18654	1
2271	3
2272	9
2273	7
2274	4
2275	4
2276	2
2277	4
2278	7
2279	6
2280	11
2281	2
2282	5
2283	6
2284	8
2285	5
2286	6
2287	4
2288	4
18672	1
2289	6
2290	3
2291	4
2292	6
2293	3
2294	3
2295	11
2296	3
2297	6
2298	4
2299	9
2300	2
2301	5
2302	10
2303	7
2304	7
18688	1
2305	10
2306	5
2307	7
2308	3
2309	5
2310	3
2311	6
2312	2
2313	5
18697	1
2314	2
2315	3
2316	6
2317	6
2318	6
2319	8
2320	8
2321	3
2322	7
2323	3
2324	6
2325	3
2326	3
2327	3
2328	5
2329	4
2330	4
2331	4
2332	7
2333	4
2334	4
2335	3
2336	3
2337	4
2338	5
2339	8
2340	9
2341	2
2342	7
2343	3
2344	3
2345	7
2346	5
2347	7
2348	4
2349	8
2350	6
2351	6
2352	3
2353	2
2354	5
2355	3
2356	4
2357	13
2358	3
2359	3
2360	3
2361	4
2362	8
2363	3
2364	5
2365	3
2366	7
2367	8
2368	4
2369	2
2370	7
2371	5
2372	4
2373	9
2374	5
2375	8
2376	2
2377	2
2378	5
2379	6
2380	7
2381	7
2382	7
2383	4
2384	9
2385	6
2386	2
2387	6
2388	5
2389	5
2390	5
2391	1
2392	4
2393	6
2394	6
2395	4
2396	4
2397	2
2398	8
2399	2
2400	1
2401	4
18785	1
2402	4
2403	6
2404	7
2405	2
2406	3
2407	4
2408	6
18792	1
2409	3
2410	9
2411	3
2412	9
2413	7
2414	10
2415	4
2416	5
2417	7
2418	2
2419	4
2420	5
2421	4
18805	1
2422	7
2423	3
2424	7
2425	4
2426	8
2427	5
2428	7
2429	7
2430	4
2431	1
2432	4
2433	2
2434	4
2435	5
2436	3
2437	3
2438	6
2439	7
2440	8
2441	1
2442	3
2443	7
2444	7
2445	5
2446	5
2447	3
2448	13
2449	9
2450	2
2451	3
2452	7
2453	6
2454	4
2455	6
2456	5
2457	7
2458	9
2459	3
2460	5
2461	4
2462	2
2463	1
2464	11
2465	8
2466	4
2467	8
2468	10
2469	5
2470	5
2471	4
2472	6
2473	9
2474	3
2475	4
18860	1
2476	5
2477	7
2478	2
2479	8
2480	1
2481	4
2482	2
2483	5
2484	5
2485	2
2486	4
2487	4
2488	6
2489	5
2490	4
2491	7
2492	4
2493	2
2494	6
2495	9
2496	3
2497	6
2498	6
2499	3
2500	5
2501	6
2502	7
2503	3
2504	7
2505	12
2506	5
2507	5
2508	3
2509	4
2510	7
2511	7
2512	3
2513	6
2514	9
2515	6
2516	4
2517	5
18901	1
2518	10
2519	7
2520	5
18904	1
2521	2
2522	8
2523	1
2524	2
2525	2
2526	1
2527	3
2528	8
2529	8
2530	1
2531	6
2532	5
2533	8
2534	8
2535	9
2536	9
2537	5
2538	5
2539	1
2540	6
18924	1
2541	1
2542	3
2543	8
2544	11
2545	6
2546	8
2547	4
2548	3
2549	6
2550	8
2551	2
2552	13
2553	4
2554	3
2555	4
2556	2
2557	4
2558	3
2559	5
2560	7
2561	9
2562	7
2563	7
2564	6
2565	5
2566	6
2567	5
2568	5
2569	5
2570	5
2571	9
2572	5
2573	7
2574	2
2575	7
2576	2
2577	10
2578	3
2579	3
2580	3
2581	5
2582	2
18966	1
2583	6
2584	4
2585	2
2586	1
18970	1
2587	5
2588	10
2589	8
2590	5
2591	4
2592	5
2593	4
2594	3
2595	7
2596	3
2597	3
2598	3
2599	7
2600	6
2601	1
2602	3
2603	3
2604	5
2605	2
2606	5
2607	5
2608	5
2609	6
18993	1
2610	2
2611	2
2612	5
2613	2
2614	3
2615	5
2616	3
2617	4
2618	3
2619	5
2620	4
2621	3
2622	7
2623	5
2624	1
2625	4
2626	6
2627	7
2628	7
19013	1
2629	7
2630	8
2631	6
2632	3
2633	4
19018	1
2634	3
2635	4
2636	5
2637	3
2638	1
2639	7
2640	5
2641	3
2642	5
2643	8
2644	4
2645	4
2646	7
2647	6
2648	9
2649	1
2650	5
2651	6
2652	4
2653	3
2654	8
2655	5
2656	2
2657	6
2658	7
2659	4
2660	4
2661	3
2662	5
2663	6
2664	5
2665	9
2666	5
2667	4
2668	3
2669	4
19053	1
2670	7
2671	2
19055	1
2672	9
2673	2
2674	2
2675	2
2676	6
2677	8
19061	1
2678	2
2679	5
2680	4
2681	4
2682	3
2683	8
2684	6
19068	1
2685	3
2686	5
2687	5
2688	10
19073	1
2689	2
2690	3
2691	6
2692	8
2693	5
2694	5
2695	3
2696	8
2697	3
2698	3
2699	9
2700	5
19084	1
2701	6
2702	4
2703	9
2704	3
2705	5
2706	1
2707	6
2708	5
2709	6
2710	2
19094	1
2711	5
19095	1
2712	7
2713	1
2714	3
2715	3
2716	6
2717	4
2718	2
2719	4
2720	2
2721	5
2722	4
2723	2
2724	3
19108	1
2725	5
2726	5
2727	3
2728	5
2729	5
2730	3
2731	6
2732	3
19116	1
2733	3
2734	6
2735	6
19119	1
2736	3
2737	6
2738	8
19122	1
2739	4
2740	7
2741	5
2742	6
2743	7
2744	5
2745	4
2746	6
2747	1
2748	1
2749	8
2750	4
2751	7
2752	5
2753	2
2754	4
2755	1
19139	1
2756	3
2757	5
2758	5
2759	7
2760	4
2761	7
2762	4
2763	7
2764	4
2765	7
2766	5
2767	4
2769	9
2770	3
2771	6
2772	4
2773	5
2774	6
2775	6
2776	3
2777	5
2778	7
2779	7
2780	3
2781	2
2782	1
2783	2
2784	3
2785	8
2786	2
2787	4
2788	5
2789	8
2790	6
2791	6
2792	6
2793	3
2794	6
2795	6
2796	7
2797	5
2798	6
2799	1
2800	2
2801	2
2802	5
2803	5
2804	3
2805	2
2806	2
2807	3
2808	4
2809	4
2810	4
19194	1
2811	3
2812	4
2813	4
2814	5
2815	4
2816	5
2817	6
2818	5
2819	2
2821	3
2822	3
2823	7
2824	1
2825	5
2826	5
2827	7
2828	3
2829	5
2830	3
2831	4
2832	2
2833	6
2834	4
2835	7
2836	5
2837	6
2838	3
2839	2
2840	6
2841	4
2842	5
2843	6
2844	3
2845	9
2846	6
2847	2
2848	5
2849	7
2850	3
2851	4
2852	3
2853	7
2854	7
2855	3
2856	7
2857	3
2858	2
19242	1
2859	5
2860	6
2861	2
2862	3
2863	3
2864	5
2865	6
2866	5
2867	7
2868	4
2869	4
2870	3
2871	3
2872	9
2873	7
2874	6
2875	3
2876	3
2877	3
2878	3
2879	4
2880	6
2881	1
2882	8
2883	1
2884	2
2885	4
2886	5
2887	4
2888	2
2889	3
2890	1
2891	5
2892	5
2893	10
2894	2
2895	5
2896	4
2897	1
19281	1
2898	4
2899	1
2900	2
2901	2
2902	3
2903	8
2904	1
2905	3
2906	7
2907	2
2908	5
2909	2
2910	5
2911	5
2912	6
2913	7
2914	5
2915	7
2916	4
2917	5
2918	5
2919	3
2920	5
2921	6
2922	5
2923	5
2924	8
2925	2
2926	4
2927	2
2928	8
19313	1
2930	3
2931	3
2932	4
2933	6
2934	6
2935	6
2936	3
2938	3
2939	3
2940	8
2941	4
2942	3
2943	5
2944	10
19328	1
2945	2
2946	2
2947	6
2948	8
2949	2
2950	5
2951	4
2952	2
2953	3
2954	6
2955	7
2956	5
2957	5
2958	3
2959	2
2960	5
2961	9
2962	6
2963	2
2964	1
2965	4
2966	8
2967	4
2968	8
2969	3
2970	6
2971	3
2972	1
2973	3
2974	3
2975	3
2976	8
2977	2
2978	6
2979	5
2980	3
19365	1
2981	1
2982	3
2983	4
2984	7
2985	2
2986	4
2987	6
2988	5
2989	4
2990	6
2991	4
2992	4
2993	5
2994	3
2995	6
2996	2
2997	7
2998	4
2999	5
3000	9
3001	2
3002	6
3003	5
3004	2
3005	3
3006	5
3007	3
3008	4
3009	3
3010	3
3011	2
3012	5
3013	3
3014	4
3015	2
3016	5
3017	5
3018	1
3019	7
3020	2
3021	5
3022	5
3023	5
3024	8
3025	6
3026	2
3027	4
3028	2
3029	7
3030	5
3031	4
3032	6
3033	3
3034	1
3035	1
3036	3
3037	4
3038	4
3039	5
3040	5
3041	3
3042	5
3044	7
3045	2
3046	3
3047	6
3048	5
3049	3
3050	1
3051	8
3052	3
3053	6
19437	1
3054	5
3055	6
3056	1
3057	4
3058	6
3059	9
3060	6
3061	4
3062	6
3063	5
3064	4
3065	7
3066	2
3067	2
3068	5
3069	4
3070	5
3071	5
3072	3
3073	3
3074	2
3075	6
3076	4
3077	7
3078	4
3079	2
3080	5
3081	2
3082	7
3083	2
3084	6
3085	3
3086	4
3087	3
3088	4
3089	7
3090	3
3091	4
3092	3
3093	3
3094	2
19478	1
3095	2
3096	5
3097	1
3098	6
3099	8
3100	6
3101	6
3102	8
3103	8
3104	4
3105	5
3106	7
3107	2
3108	5
3109	3
3110	6
3111	2
3112	4
3113	5
3114	3
3115	7
3116	3
3117	8
3118	6
3119	2
3120	2
3121	8
3123	4
3124	5
3125	4
3126	4
3127	4
3128	5
3129	6
3130	5
19514	1
3131	8
3132	5
3133	4
3134	6
3135	3
3136	5
3137	5
3138	4
3139	3
3140	3
3141	4
3142	5
3143	6
3144	5
3145	7
3146	2
3147	3
3148	5
3149	3
3150	3
3151	3
3152	6
3153	2
3154	4
3155	2
3156	4
3157	4
3158	3
3159	6
3160	3
3161	1
19545	1
3162	8
3163	5
3164	2
3165	4
3166	5
3167	5
3168	6
3169	5
3170	2
19554	1
3171	9
3172	2
3173	2
3174	4
3175	6
3176	5
3177	6
3178	2
3179	3
3180	3
3181	4
3182	6
3183	1
3184	5
3185	5
3186	5
3187	5
3189	5
19573	1
3190	4
3191	2
3192	4
3193	5
3194	6
3195	2
3196	3
3197	3
3198	2
3199	1
3200	3
3201	2
3202	9
3203	4
3205	7
19589	1
3206	5
3207	4
3208	5
3209	4
3210	7
3211	3
3212	6
3213	2
3214	4
3215	1
3216	4
3217	6
3218	4
3219	4
3220	6
3221	6
3222	1
3223	3
3224	6
3225	5
3226	4
3227	4
3228	3
3229	5
3230	4
3231	9
3232	3
3233	4
3234	6
3235	7
3236	5
3237	5
3238	9
19623	1
3240	10
3241	8
3242	5
3243	6
3244	2
3245	2
3246	6
3247	2
3248	5
3249	2
3250	4
3251	6
3252	8
3253	4
3254	3
3255	3
3256	4
3257	3
3258	1
3259	3
3260	2
3261	4
3262	4
3263	4
3264	5
3265	5
3266	4
3267	3
3268	2
3269	6
3270	7
3271	1
3272	1
3273	5
3274	5
3275	7
3276	5
3277	6
3278	5
3279	2
3280	5
3281	6
3282	2
3283	4
3284	5
3285	6
3286	4
3287	4
3288	3
3289	4
3290	2
3291	5
3292	5
3294	5
3295	7
3296	5
3297	3
3298	2
3299	8
3300	2
3301	1
3302	2
3303	8
3304	4
3305	2
3306	5
3307	6
3308	3
3309	4
3310	6
3311	4
3312	9
3313	2
3314	1
19698	1
3315	4
3316	5
3317	4
3318	1
3319	1
3320	4
3321	2
3322	4
3323	6
3324	7
3325	6
3326	1
3327	7
19711	1
3328	2
3329	2
3330	3
3331	4
3332	3
3333	4
3334	5
3335	1
3336	6
3337	1
3338	2
3339	4
3341	5
3342	3
19726	1
3343	3
3344	4
3345	4
3346	2
3347	3
3348	3
3349	3
3350	7
3351	2
3352	9
3353	2
3354	1
3355	5
3356	3
3357	3
3358	5
3359	3
3360	2
3362	4
3363	3
3364	5
3365	2
3366	3
3367	5
3368	5
3369	5
3370	3
3371	3
3372	3
3373	5
3374	2
3376	2
3377	3
3378	7
3379	2
3380	4
3381	3
3382	4
3383	3
3384	3
3385	5
3386	7
3387	6
3388	6
3389	5
3390	5
3391	1
3392	4
3393	2
3394	3
3395	5
3396	6
3397	4
3398	1
3399	1
3400	3
3401	2
3402	1
3403	3
3404	3
3405	5
3406	3
3407	6
3408	3
3409	1
3410	2
3411	5
3412	5
3413	4
19797	1
3414	3
3415	2
3416	4
3417	5
3418	5
3419	4
3420	4
3421	6
3422	4
3423	1
3424	4
3425	1
3426	5
3427	3
3428	6
3429	3
3430	4
3431	7
19816	1
3433	4
3434	2
3435	3
3436	2
3437	2
3438	3
3439	6
3440	2
3441	4
3442	2
3443	3
3444	1
3445	4
3446	5
19831	1
3447	4
3448	7
3449	2
3450	3
3451	3
3452	4
3453	5
3454	2
3455	2
3456	3
3457	4
3458	5
3459	5
3460	3
3461	2
3462	7
3463	8
3464	2
3465	3
3466	4
3467	4
3468	2
3469	4
3470	2
3471	4
3472	1
3473	5
3474	4
3475	2
3477	7
3478	5
3479	2
3480	3
3481	8
3482	2
3483	4
3484	3
3485	2
3486	1
3487	2
3488	6
3489	2
3490	4
3491	1
3492	1
3493	6
3494	2
3495	2
19879	1
3496	3
3497	3
3498	1
3499	4
3500	5
3501	1
3502	2
3503	3
3504	1
3505	5
3506	5
3507	5
3508	1
3509	2
3510	2
3511	4
3512	2
3513	4
3514	2
3515	1
3516	3
3517	2
3518	2
3519	6
3520	3
3521	6
3522	3
3523	4
3524	3
3525	1
3526	4
3527	3
3528	4
3529	2
3530	1
3531	3
3532	6
3533	1
3534	4
3536	1
3537	6
3538	3
3539	3
3540	3
3541	5
3542	4
3543	2
3544	3
3545	3
3546	1
3547	3
3549	2
3550	2
3551	4
3552	2
3553	4
3554	2
3555	1
3556	8
3557	5
3558	2
3559	5
3560	2
3561	3
3562	5
3563	4
3564	1
3565	5
3566	2
3567	3
3568	5
3569	1
3570	5
3571	3
3572	4
3573	5
3574	5
3576	3
3578	1
3579	3
3580	3
3581	3
3582	2
3583	2
3584	3
3585	3
3586	4
3587	4
3588	2
3589	4
3590	3
3591	2
3592	1
3593	2
3594	1
3595	6
3596	5
3597	4
3598	3
3599	3
3600	4
3601	6
3602	3
3603	2
3604	5
19988	1
3605	5
3606	6
3607	1
3608	4
3609	1
3610	2
3611	2
3612	1
3613	1
3614	3
3615	2
19999	1
3616	3
3617	6
3618	2
20002	1
3619	4
3620	1
3621	3
3622	5
3623	5
3624	4
3625	5
3626	4
3627	7
3628	6
3629	4
3630	2
3631	4
3632	3
3633	5
3634	2
3635	2
3636	3
3637	2
3638	5
3639	5
3640	1
3641	4
3642	4
20026	1
3644	3
3645	5
3646	4
3647	3
3648	3
3649	1
3650	3
3652	2
20037	1
3653	1
3654	2
3655	3
3656	3
3657	3
3658	3
3659	3
3660	3
3661	1
3662	4
3663	1
3664	4
3665	6
3666	1
20051	1
3667	3
3668	6
3669	4
3670	4
3671	2
3672	1
3673	3
3674	5
3675	3
3676	3
20060	1
3677	2
3678	2
3679	4
3680	2
3681	5
3682	3
3683	4
3684	4
3685	5
3686	2
3688	5
3689	2
3690	3
3691	7
3693	1
3694	2
3695	3
3696	2
3697	1
3698	2
3699	1
3700	1
3701	4
3702	2
20086	1
3703	1
3704	3
3705	6
3706	8
3707	4
3708	3
3709	5
3710	2
3711	3
3712	1
3713	7
3714	3
3715	1
3716	3
3717	6
3718	4
3719	5
3720	2
3721	4
3722	3
3723	1
3725	2
3726	1
3727	1
3728	2
3729	2
3730	7
3731	4
3732	2
3733	3
3734	1
3735	5
3736	4
3737	3
3738	4
3739	3
3740	1
3742	2
3743	4
3744	3
3745	10
3746	4
3747	3
3748	3
3749	6
3750	6
3751	4
3752	4
3753	2
3754	1
3756	3
3757	1
3758	2
3760	4
3761	1
3762	5
3763	2
3764	4
3765	4
3766	1
3767	4
3768	1
3769	4
3770	5
3771	4
3772	4
3773	1
3774	5
3775	5
3777	5
3778	3
3779	3
3780	3
3781	3
3782	2
3783	2
3784	4
3785	2
3786	3
3787	2
3788	1
3789	3
20174	1
3791	3
3792	2
3793	4
3794	1
3795	1
3797	4
3798	2
3799	1
3800	3
3801	4
3802	3
3803	2
3804	6
3806	3
3807	1
3808	4
3809	5
3810	1
3811	1
3812	2
20196	1
3813	1
3814	5
3815	4
3816	3
3817	1
3818	1
3819	3
3820	1
3821	2
3822	1
3823	1
3824	2
3825	2
3826	2
3827	3
3828	2
3829	4
3830	5
3831	1
3832	2
3833	2
3835	4
3836	6
3837	3
3838	4
3839	2
3840	3
3841	3
3843	4
3845	2
3846	5
3847	3
3848	3
3849	7
3850	2
3851	7
3852	4
3854	3
3855	3
3856	2
3857	3
3858	3
3859	4
3860	4
3861	2
3862	3
3863	3
3864	1
3866	5
3867	3
3868	4
3869	1
3870	2
3871	2
3872	6
3873	3
3875	3
3876	1
3877	3
3878	1
3879	4
3880	3
3881	2
3882	3
3883	1
3884	4
3885	4
3886	3
3887	4
3888	3
3889	7
3890	3
3891	2
3892	2
3893	2
3894	2
3895	1
3896	4
3897	5
3898	2
3899	1
3900	4
3901	3
3902	1
3903	4
3904	1
3905	1
3906	3
3907	4
3908	3
3909	1
3910	7
3911	1
3912	1
3913	3
3914	2
3915	3
3916	1
3917	1
3918	2
3919	4
3920	2
3921	3
3922	4
3923	3
3924	2
3926	3
3927	2
3928	6
3929	6
3930	2
3931	4
3932	5
3933	1
3934	4
3935	6
3936	5
3937	3
3938	2
3939	3
3940	3
3941	2
3942	1
20326	1
3943	4
3944	2
3945	4
3946	3
3947	3
3948	3
3949	5
3951	2
3952	6
3953	4
3954	4
3955	3
3956	3
3957	3
3958	2
3959	4
3960	1
3961	2
3962	2
3963	2
3964	1
3965	4
3966	2
20350	1
3967	1
3968	2
3969	1
3970	4
3971	2
3972	5
3973	1
3974	5
3975	2
20359	1
3977	3
3978	5
3979	1
3980	2
20364	1
3982	2
3983	3
3984	1
3985	2
3986	3
3987	5
20371	1
20372	1
3988	3
3989	5
3990	1
3991	3
3992	4
3993	4
3994	4
3995	1
3996	3
3997	5
3998	4
3999	2
4000	6
4001	3
4002	1
4003	3
4004	1
4005	1
4006	2
4007	1
4008	6
4009	5
4010	1
4011	1
4014	4
4015	2
20399	1
4016	6
4017	2
4018	3
4020	5
4021	2
4022	3
4023	2
4024	2
4025	2
4026	2
4027	5
4028	3
4029	1
20414	1
4030	1
4031	1
4032	5
4033	3
4034	3
4035	7
4036	6
4037	3
4039	5
4040	3
4041	2
4042	4
4043	5
4045	5
4046	2
20431	1
4048	4
4050	1
4051	2
4053	1
4054	2
4055	2
20440	1
4057	3
4058	4
4059	6
4060	3
4061	2
4064	4
4065	2
4066	1
4067	4
4068	2
4069	2
4070	8
4071	4
4072	2
4073	2
4074	5
20458	1
4075	2
4076	2
4077	2
4078	4
4079	2
4080	2
4081	1
4082	3
4083	1
4084	3
4085	3
4087	3
4089	3
4090	3
4091	1
4092	5
4093	3
4094	5
4095	1
4096	2
4097	3
4098	3
4099	2
4100	4
4101	2
4102	2
4104	1
4105	3
4106	2
4107	4
4108	1
4109	3
4110	3
4113	3
4114	3
4115	1
4117	4
4118	2
4119	1
4120	2
4121	4
4122	2
4123	2
4124	4
4125	2
4126	2
4127	3
4128	1
4129	1
4130	5
4131	5
4132	2
4133	4
4134	1
4135	1
4136	1
4137	3
4138	3
4139	2
4140	2
4141	2
4142	6
4143	2
4144	3
4145	4
20530	1
4147	3
4149	3
4150	2
4152	3
4153	1
4155	2
4156	4
4157	2
4158	4
4159	3
4160	7
4161	3
4162	5
4164	4
4165	2
4166	1
4167	4
4168	1
4169	2
4171	2
4172	1
4173	2
4174	3
4175	3
4176	3
4177	2
4178	3
4179	3
4180	2
4181	5
4182	1
4183	3
4184	3
4185	3
4186	3
4187	3
4188	2
20572	1
4190	3
4191	3
4192	1
4193	3
4194	3
4195	3
20579	1
4196	2
20580	1
4197	2
4198	3
4199	1
4200	1
4202	2
4203	1
4204	3
4205	1
4206	6
4207	3
4208	3
4209	5
4210	2
4211	4
4212	2
4213	1
4214	3
4215	1
4216	2
4218	3
4219	2
4220	2
4221	4
20605	1
4222	3
4223	4
4224	2
4225	1
4226	1
4227	2
4228	2
4230	5
4231	3
4232	3
4233	4
4234	2
4235	2
4236	2
4237	6
4238	2
4239	4
4240	1
4241	2
4242	1
4243	2
4245	2
4246	3
4247	3
4248	2
4249	1
4250	3
20635	1
4251	3
4252	5
4253	2
4254	1
4256	3
4257	3
4258	2
4260	3
4262	10
4264	4
4265	3
4266	4
4267	1
4268	3
4269	1
4270	4
4271	2
4272	3
4273	2
4275	3
4276	1
4277	4
4278	2
4279	4
4280	2
4281	2
4282	1
4283	1
4284	6
4285	2
4287	3
4288	1
4289	1
4290	2
4291	3
4292	1
4293	3
4294	2
4295	2
4296	1
4297	4
4299	2
4300	1
4301	2
4302	3
4303	3
4304	3
4305	1
4306	1
4307	1
4308	1
4309	2
4311	2
4312	1
4313	2
4314	1
4315	1
4316	2
4318	3
4319	2
4320	5
4321	1
4322	4
20706	1
4325	2
4326	1
4327	1
4328	3
4329	2
4330	2
4331	2
4332	2
4333	1
4334	1
4335	3
4336	4
4337	3
4338	3
4339	2
4340	2
4343	2
4344	4
20729	1
4346	2
4347	3
4348	3
4350	2
20734	1
4351	2
4352	3
4353	2
4354	3
4355	1
4356	1
4357	1
4358	1
4359	1
4360	1
4361	1
4362	1
4363	7
4364	1
4365	3
4366	2
4367	2
4368	3
4369	1
4370	1
4372	3
4373	2
4374	1
4375	3
4376	1
4377	4
4378	3
4379	1
4380	1
4381	4
4382	2
4383	4
20767	1
4384	4
4385	1
4386	5
20770	1
4387	4
4388	1
4389	1
4390	2
4393	1
4394	2
4395	1
4396	4
4397	2
4398	3
4399	1
4400	1
4401	3
4402	6
4403	3
4404	2
4406	3
4407	2
4410	2
4411	3
4412	1
4413	1
4414	4
4415	3
4416	2
4418	3
4419	3
4420	3
4421	2
4423	1
4424	2
4425	2
4426	1
4427	1
4429	2
4430	3
4431	1
4432	3
4433	1
4434	4
4435	5
4436	4
4437	2
4438	4
4439	3
4440	1
4441	1
4442	1
4444	2
4445	3
4446	4
4447	4
4448	1
4451	4
4452	4
4454	1
4455	2
20839	1
4456	1
4458	3
4459	2
4460	1
4461	3
4462	4
4463	1
4464	1
4466	1
4468	1
4469	2
4470	1
4471	1
4472	1
4473	1
4474	4
4475	1
4477	2
4478	2
20863	1
4479	3
4480	1
4481	2
4482	3
20866	1
4483	1
4487	1
4488	2
4489	3
4490	1
4491	2
4492	2
4494	3
4495	1
20880	2
4496	1
4497	2
4498	2
4499	4
4500	1
4502	1
4503	4
4506	3
4507	1
4508	1
4509	1
4510	2
4512	3
4513	1
4514	3
4515	3
4516	3
4517	3
4519	4
4520	5
4521	1
4522	2
4523	1
4524	5
4525	1
4526	5
4530	5
4531	2
4533	2
4534	1
4535	1
4536	1
4537	2
4539	2
4540	2
4541	1
4543	1
4544	3
4545	1
4547	1
4548	3
4549	3
4550	2
4551	2
4552	2
4553	1
4554	3
4555	3
4556	1
4557	4
4558	1
4559	3
4560	1
4561	3
4562	2
4563	4
4564	4
4565	4
4567	1
4568	2
4569	2
4570	2
4571	3
4572	1
4573	3
4574	4
4575	2
4576	2
4577	4
4579	3
4580	2
4581	3
4582	1
4583	3
4586	2
4587	2
4588	1
4589	1
4590	4
4591	2
4592	3
4593	3
4594	2
4595	1
4596	1
4597	2
4598	3
4599	2
4600	1
4601	3
4602	4
4603	5
4605	1
4606	2
4607	3
4608	2
4609	3
4610	1
4611	3
4612	2
4613	2
4614	1
4615	5
4616	1
4618	2
4621	1
4622	1
4624	1
4625	1
4626	1
4627	2
4628	3
4630	1
4632	1
4633	2
4636	2
4638	2
4639	1
4641	3
4642	3
4644	3
4645	2
4646	3
4648	7
4649	5
4650	4
4651	2
4652	2
4655	1
4656	1
4657	2
4659	1
4660	1
4661	2
4662	3
4663	1
4664	3
4665	2
4667	2
4668	3
4669	2
4671	1
4673	1
4674	1
4675	1
4677	6
4678	1
4679	1
4680	5
4681	3
4683	4
4684	1
4685	1
4686	4
4687	3
4688	1
4689	2
4690	1
4691	3
4692	1
4693	3
4694	1
4696	4
4697	3
4698	1
4699	1
4700	2
4701	2
4703	1
4704	2
4705	2
4706	2
4707	1
4708	2
4709	5
4710	1
4711	2
4712	4
4713	7
4714	2
4715	3
4716	3
4719	1
4721	1
4722	5
4723	1
4724	1
4725	5
4726	2
4728	1
4729	3
4730	1
4731	2
4732	3
4733	4
4735	4
4736	3
4737	3
4739	2
4740	1
4742	1
4743	3
4744	3
4745	4
4746	2
4747	2
4748	1
4749	2
4750	1
4751	1
4752	1
4753	2
4754	3
4755	2
4756	1
4757	1
4759	1
4760	4
4761	1
4762	3
21146	1
4763	3
4764	1
4765	1
4767	3
4768	2
4769	3
4770	2
4772	2
4773	3
4775	2
4777	3
4778	2
4779	1
4780	1
4781	1
4782	2
4783	2
4785	3
4786	3
4788	2
4790	2
4792	2
4793	2
4794	3
4795	3
4796	1
4797	5
4798	2
4799	2
4800	2
4801	2
4802	1
4803	1
4804	1
4805	2
4806	4
4807	1
4808	3
4809	2
21193	1
4811	2
4812	3
4813	1
4814	1
4816	2
21201	1
4817	1
4818	1
4819	1
4821	1
4822	3
4823	2
4826	2
4827	2
4828	3
4829	4
4830	1
4831	4
4832	1
4834	3
4836	1
4837	1
4838	1
4839	4
4840	1
4841	1
4843	1
4844	2
4845	3
4846	4
4847	2
4848	5
4849	1
4850	1
4851	3
4853	1
4854	2
21239	1
4855	1
4856	1
4857	4
4858	2
4860	2
4861	1
4862	2
4863	2
4864	2
4866	1
4867	1
4868	2
4869	2
4870	1
4871	3
4872	1
4874	2
4875	1
4876	2
4877	3
21262	1
4878	1
4880	1
4882	4
4883	1
4884	2
4885	1
4886	3
4888	1
4889	4
4892	1
4895	2
4896	2
4899	2
4900	2
21284	1
4901	4
4902	3
4903	2
4905	3
4906	1
4907	1
4908	2
4909	1
4910	3
4912	2
4913	3
4914	1
4915	1
4916	3
4917	1
4918	3
4919	1
4920	2
4921	1
4922	1
4923	1
4924	1
4926	2
4927	3
4928	1
4930	1
4931	1
4932	1
4935	4
4940	3
21324	1
4941	1
4942	2
4945	2
4946	2
4947	3
4948	2
4950	2
4951	3
4952	2
4953	1
4954	1
4955	1
4956	2
4957	3
4959	1
21344	1
4962	2
4964	2
4965	2
4968	1
4970	2
4971	4
4972	1
4974	3
4975	1
4976	1
4977	2
4978	3
4979	1
4980	3
4981	1
4983	2
4984	2
4985	1
4986	3
4987	2
4988	1
4989	3
4992	1
4993	4
4995	2
4996	4
4997	2
4998	4
4999	2
5000	1
5001	2
5003	2
5004	3
5005	3
5006	1
5007	2
5010	3
5011	2
5012	1
5013	1
5014	5
5016	1
5018	2
5019	3
5020	2
5021	1
5022	1
5023	1
5024	1
5025	1
5026	4
5028	2
5029	1
5030	1
5031	1
5032	1
5034	2
5035	1
5036	1
5037	3
5038	2
5039	1
5040	1
5041	2
5042	2
5044	1
5045	2
5046	1
5047	5
5051	2
5052	1
5053	1
5055	2
5056	1
5058	4
5059	1
5061	4
21446	1
5062	4
5063	1
5064	1
5068	1
21452	1
5069	2
5070	2
5071	2
5072	1
5075	1
5076	1
5078	2
5079	2
5080	1
5081	1
5083	1
5084	2
5085	4
5086	2
5087	2
5088	4
5092	2
5093	3
5094	1
5097	1
5098	3
5100	3
5102	2
5104	1
5106	2
5107	3
5109	1
5110	1
5112	4
5113	3
5114	1
5117	5
5118	1
5119	1
5120	1
5122	2
5123	1
5124	1
5126	2
5127	3
5128	4
21512	1
5130	2
21514	1
5131	1
5132	1
5133	1
5134	2
5135	1
5138	2
5139	1
5140	1
5141	2
5143	2
5144	2
5146	1
5147	2
5150	1
5151	1
5152	3
5153	2
5155	2
5157	1
5158	3
5160	2
5161	1
21546	1
5163	1
5164	1
5165	2
5168	2
5169	1
5171	1
5172	1
5174	1
5175	1
5176	2
5177	2
5178	2
5179	2
5180	1
5181	1
5182	3
5183	2
5184	2
5185	1
5186	3
5187	2
5188	2
5190	1
5191	1
5192	2
5194	2
5195	5
5196	2
5197	2
5198	1
5200	1
5201	1
5204	2
21588	1
5205	2
5206	4
21590	1
5208	1
5211	2
5212	2
5213	1
5214	2
5219	3
5220	1
5221	1
5222	2
5223	6
5224	1
5225	1
5227	5
5228	2
5231	1
5233	2
5235	1
5236	3
5237	2
5238	1
21624	1
5241	1
5242	1
5243	4
5244	3
5245	1
5246	2
5247	2
5249	2
5251	1
5253	1
5254	2
5255	1
5256	4
5257	2
5258	2
5259	1
5261	1
5262	1
5264	1
5265	1
5266	1
5268	1
5271	1
5272	1
21658	1
5275	1
5278	1
5279	1
5280	1
5281	3
5283	2
5284	1
5285	2
5286	1
5289	1
5290	1
5291	1
5293	1
5294	2
5300	3
5301	2
5302	1
5304	1
5305	1
5306	1
5307	2
5308	2
5309	2
5310	1
5311	1
21697	1
5315	1
5316	3
5318	2
5319	3
5320	1
5321	1
5322	1
5323	2
5325	1
5326	3
5327	1
5329	4
5330	4
5333	3
5334	1
5335	1
5336	1
5337	1
5338	2
5340	1
5341	4
5343	2
5344	1
5345	1
5346	2
5347	3
5348	4
5349	2
5351	1
5352	1
5353	1
5354	1
5356	1
5357	1
5358	3
5360	1
5361	1
5364	2
5365	2
5366	1
5370	4
5371	1
5375	2
5376	1
5377	1
5378	1
5383	2
5386	1
5387	2
5388	1
5390	1
5391	1
5392	1
5393	2
21778	1
5395	2
5396	3
5397	4
5398	1
5399	1
5400	2
5401	3
5402	2
5403	1
5405	1
5406	1
5407	1
5408	1
5409	1
5411	1
5412	2
5413	1
5416	1
5418	2
5419	1
5420	1
5422	2
5423	1
5425	2
5427	1
5428	1
5430	1
5432	1
5436	1
5438	1
5439	2
5441	1
5443	3
5444	2
5445	1
5446	3
5448	1
5449	3
5450	2
5455	2
5456	2
5458	1
5460	3
5462	3
5463	2
5464	1
5465	1
5466	2
5467	1
21852	1
5470	1
5472	1
5473	1
5474	1
5475	1
5477	1
5478	1
5479	1
5480	2
5482	2
5483	1
5484	1
5485	2
5486	1
5487	1
5490	1
5491	2
5492	2
5493	3
5494	1
5495	2
5497	2
21882	1
5500	1
5501	1
5502	1
5504	2
5505	1
5506	1
5507	1
5508	1
5511	1
5513	2
5515	1
5517	1
5518	1
5519	2
5522	3
5526	1
5527	3
5528	3
5535	1
5536	1
21920	1
5539	3
5541	3
5542	1
5544	3
5545	1
5546	3
5547	2
5548	1
5549	1
5550	1
5552	4
5553	1
5554	2
5555	3
5556	4
5557	1
5558	2
5560	1
5562	1
21946	1
5564	2
5565	2
5566	1
5567	1
5569	3
5570	2
5573	3
5575	1
5576	1
5577	3
5578	2
5579	1
5580	2
5581	1
5582	1
5583	2
5585	2
5588	2
5589	1
5590	1
5592	1
5593	1
5595	1
5596	1
5599	2
5601	1
5602	1
5603	1
5604	1
5605	1
5606	2
5609	1
5613	1
5616	1
5618	1
5619	1
5620	2
5621	1
5622	1
5624	2
5625	3
5626	1
5627	1
5629	2
5630	4
5632	1
5633	1
5634	1
5638	2
5640	1
5643	2
5646	1
5649	3
5650	4
5652	2
5653	1
5658	2
5659	2
5660	1
5661	1
5662	2
5663	3
5665	1
5667	2
5668	2
5669	1
5670	1
5676	2
5677	1
5678	2
5679	1
5680	2
5681	3
5684	1
5685	1
5686	2
5687	1
5688	1
5690	1
5693	2
5696	1
5697	1
5700	2
5701	2
5702	1
5705	1
5706	3
22090	1
5707	1
5710	1
5711	1
5712	1
5713	2
5714	1
5715	1
5716	1
5720	1
5723	2
5724	1
5725	1
5726	1
5727	1
5728	3
5730	1
5731	2
5736	1
5737	1
5739	1
5740	1
5742	1
5744	1
5745	1
5747	1
5748	3
5750	1
5751	1
5752	2
5753	1
5755	1
5759	1
5762	2
5763	2
5765	1
5766	1
5768	1
5769	1
5771	3
5774	2
5777	4
5780	1
22164	1
5782	2
5783	1
5784	1
5785	2
5786	3
5788	1
5789	1
5792	4
5795	1
5797	1
5799	1
5802	1
5804	1
5806	1
5807	1
5809	1
5811	1
5814	1
5816	1
5818	3
5821	2
5822	1
5823	1
5824	1
5825	1
5826	2
5827	2
5828	1
5829	2
5831	1
5832	3
5836	1
5838	1
5840	1
5841	1
5842	1
5843	2
5844	3
5845	1
5846	2
5847	1
5848	1
5849	2
5852	1
5854	1
5855	2
5857	1
5859	3
5860	1
5861	1
5864	4
5865	2
5867	2
5868	1
5869	1
5870	2
5873	3
5874	1
5878	1
5879	1
5881	2
5882	1
5884	2
5885	1
5887	1
5888	1
5889	1
5893	1
5896	1
5897	2
5898	1
5900	1
5904	1
5907	2
5911	1
5912	2
5914	2
5915	2
22299	1
5916	1
5919	2
5921	1
5922	1
5923	1
5925	1
5926	2
5929	1
5931	1
5933	2
5934	2
5936	2
5937	2
5938	1
5939	1
5942	2
5945	2
5946	1
5950	1
5951	1
5952	1
5954	1
5956	1
5957	1
5959	1
22344	1
5962	1
5963	1
5965	1
5966	2
5967	1
22354	1
5971	2
5972	3
5974	1
5975	1
5976	2
5978	1
5980	3
5986	3
5988	1
5992	1
5993	2
5994	2
6001	1
6002	2
6005	1
6007	1
6008	1
6009	1
6010	2
6012	1
6016	1
6017	3
6021	1
6022	2
6024	2
6026	1
6028	1
6029	1
6032	1
6041	1
6042	2
6043	1
6044	1
6046	1
6048	1
6051	2
6053	1
6054	2
6055	1
6057	4
6058	1
6061	2
6063	1
6064	1
6065	4
6066	1
6067	3
6068	3
6069	2
6071	1
6072	1
6074	2
6075	1
6076	1
6077	2
6078	1
6079	1
6082	2
6084	2
6085	1
6088	2
6090	2
6094	2
6095	2
6096	1
6098	1
6099	1
6101	1
6103	1
6105	1
6106	1
6109	1
6111	1
6113	2
6114	1
6115	2
6116	1
6119	1
6120	1
6121	1
6122	1
6123	1
6124	3
6125	1
6127	1
6128	1
6129	1
6131	1
6133	1
6134	1
6135	2
6138	2
6141	1
6142	1
6143	2
6144	1
6146	1
6147	1
6148	3
6149	1
6153	2
6157	2
6162	1
6163	1
6164	2
6165	2
6167	1
6170	2
6171	2
6173	1
6174	1
6175	2
6176	1
6179	1
6180	1
6181	1
6184	1
6193	2
6195	2
6196	1
6199	1
6201	2
6205	1
6209	2
6211	2
6215	1
6216	1
6219	2
6220	2
6221	1
6222	3
6223	1
6224	1
6225	1
6227	1
6230	2
6231	1
6232	1
6233	1
6234	1
6236	2
6237	1
6238	1
6239	3
6241	1
6242	1
6243	1
6247	1
6249	1
6251	1
6252	1
6253	4
6261	1
6265	1
6266	4
6269	1
6270	3
6271	1
6273	3
6274	1
6275	1
6276	2
6278	1
6280	1
6281	3
6283	1
6287	1
6288	1
6290	1
6291	1
6292	1
6295	1
6296	1
6297	1
6299	2
6300	2
6302	2
6303	2
6304	1
6309	1
6314	2
6315	1
6316	1
6322	1
6323	3
6324	2
6328	2
6329	1
6330	2
6332	1
6334	1
6335	1
6337	1
6340	1
6342	1
6344	2
6345	1
6348	2
6354	1
6356	1
6357	2
6358	1
22743	1
6359	1
6360	1
6362	2
6365	1
6367	1
6371	1
6373	2
6374	1
6376	3
6380	2
6381	1
6382	2
6384	1
6386	2
6389	1
22773	1
6390	1
6392	1
6393	1
6394	2
6398	2
6400	2
6404	1
6407	1
6408	2
6411	1
6412	1
6416	2
6417	1
6419	2
6422	1
6424	1
6425	1
6426	1
6428	1
6430	1
6434	1
6435	2
6436	1
6437	2
6441	1
6446	2
6452	2
6453	1
6457	1
6460	1
6462	2
6463	2
6465	1
6466	1
6470	1
6471	1
6475	1
6477	1
6484	1
6485	1
6486	1
6490	1
6492	1
6494	1
6495	1
6499	1
6501	2
6502	1
22887	1
6503	1
6504	1
6506	1
6507	1
6508	2
6509	1
6512	2
6517	1
6518	1
6520	1
6521	2
6522	1
6525	2
6526	1
6527	2
6528	1
6531	1
6532	2
6534	2
6537	1
6540	1
6542	1
6543	2
6547	2
22931	1
6548	1
6549	1
6553	1
6555	1
6556	2
6559	1
6561	1
6562	2
6566	1
6567	1
6569	1
6570	1
6571	2
6572	1
6573	1
6574	1
6576	2
6578	1
6580	1
6582	1
6583	1
6584	1
6588	1
6590	2
6593	1
6594	1
6597	1
6600	1
6601	1
6602	1
6604	1
6605	1
6606	1
6609	1
6610	1
6615	1
6616	1
6618	1
6619	1
6621	1
6623	1
6625	1
6627	1
6629	2
6630	2
6632	3
6635	2
6639	2
6641	2
6642	1
6643	3
6645	1
6646	3
6647	1
6648	1
6649	1
6653	1
6654	1
6655	1
6657	1
6658	1
6659	1
6661	3
6663	1
6665	2
6671	1
6673	1
6674	2
6675	2
6678	1
6679	1
6680	2
6682	1
6686	2
6691	2
6694	1
6695	2
6697	1
6698	2
6699	1
6700	1
6702	1
6705	2
6706	1
6707	2
6710	1
6713	1
6714	1
6715	1
6719	1
6720	3
6725	1
6726	2
6727	1
6731	1
6732	1
6734	1
6741	1
6743	1
6744	1
6747	2
6748	2
6749	1
6750	2
6751	1
6752	1
6753	1
6754	2
23139	1
6757	1
6760	2
6764	1
6765	2
6766	1
6771	1
6773	1
6775	2
6777	1
6778	1
6780	2
6783	1
6785	1
6786	1
6787	2
6789	1
6791	1
6795	1
6800	1
6801	1
6802	1
6805	1
6808	1
6810	1
6813	2
6815	2
6822	1
6825	1
6827	1
6828	2
6830	1
6834	1
6835	2
6836	1
6841	1
23226	1
6842	1
6843	4
6844	1
6846	1
23232	1
6849	1
6850	1
6851	1
6853	2
6856	1
23244	1
6863	1
6864	1
6867	2
6868	1
6871	2
6872	3
6873	1
6877	1
6879	1
6881	1
6882	1
6883	2
6887	1
6889	1
6890	2
23279	1
6898	1
6900	2
6901	1
6902	2
6903	2
6904	1
6908	2
6909	1
6912	1
6913	1
6915	1
6917	2
6924	1
23310	1
6927	1
6930	1
6931	1
6937	2
6939	1
6947	2
6948	1
6950	1
6952	1
6954	2
6955	1
6957	1
6959	1
6960	1
6962	1
6964	2
6968	1
6969	1
6970	1
6974	1
6975	1
6978	1
6983	1
6985	1
6986	1
6987	2
6990	1
6994	2
6996	1
7001	3
7002	2
7004	2
7005	1
7008	1
7010	1
7012	2
7013	2
7014	2
7018	2
7019	1
7020	1
7032	1
7034	1
7035	1
7042	1
7047	1
7051	1
7052	1
7055	1
7058	1
7061	2
7067	1
7068	1
7069	1
7070	1
7072	2
7078	1
7079	2
23467	1
7084	1
7086	1
7087	1
7090	1
7092	1
7093	2
7094	1
7096	3
7102	1
7104	2
7105	1
7106	3
7110	2
23494	1
7112	1
7114	1
7116	1
7118	1
7125	1
7130	2
7131	1
7132	1
7134	2
7135	1
23519	1
7140	3
7148	1
7149	1
7150	1
7152	1
7153	1
7154	1
7155	1
7160	1
7163	2
7169	1
7170	1
7171	2
7173	2
7174	1
7176	1
7180	1
7182	1
7185	1
7186	2
7188	1
7189	1
7191	3
7195	1
7196	1
23581	1
7197	1
7198	1
7200	1
7202	1
7203	1
7205	1
7210	2
7211	2
7212	1
7213	1
7226	1
7229	1
7230	1
7231	1
7233	1
7235	1
7236	1
7238	1
7244	1
7247	2
7249	1
7252	1
7254	1
7259	1
7262	1
7267	1
7273	1
7289	2
7290	1
7294	1
7295	1
7297	1
7299	1
7300	1
7308	2
7310	1
7311	2
7315	1
7318	2
7320	1
7324	1
7325	1
7327	1
7328	1
7331	2
7335	2
7336	2
23721	1
7340	1
7345	1
7348	3
7349	2
7352	1
7353	2
7354	1
7355	1
7357	1
7358	1
7361	1
7373	1
7374	1
7378	2
7380	1
7382	2
7383	1
7385	1
7387	1
7389	1
7390	1
7397	1
7398	1
23787	1
7403	1
7405	2
7406	1
7409	1
7413	1
7414	1
7417	1
7421	2
7422	2
23808	1
7425	2
7426	1
7427	1
7432	1
7433	1
7434	1
7440	1
7441	1
7444	2
23833	1
7451	1
7453	1
7457	1
7458	1
7462	2
7465	1
7470	2
7478	1
7481	1
7482	1
7484	1
7485	2
7487	1
7490	1
7493	1
7494	1
7496	1
7504	2
7507	1
7508	2
7516	1
7517	1
7518	1
7519	1
7520	1
7526	1
7527	1
7529	1
7532	1
7533	1
7539	2
7540	1
7545	1
7546	1
7552	1
7556	1
7557	1
7559	2
7560	1
7561	2
7564	2
7566	2
7568	1
7570	2
7577	1
7580	1
7581	1
7584	1
7586	1
7587	1
7589	1
7592	1
7593	1
23979	1
7596	1
7597	3
7598	1
7599	1
7600	1
7601	1
7605	1
7606	1
7608	1
7610	1
7611	1
7618	1
7620	2
7621	1
7622	1
7631	1
7632	1
7633	1
7635	1
7636	1
7640	1
7644	1
7645	1
7649	1
7651	1
7652	2
7653	1
7654	1
7656	1
7658	2
7662	1
7664	2
7667	1
7669	2
7671	3
7674	1
7678	1
7679	1
7680	1
7683	1
7684	1
7686	1
7692	2
7693	2
7694	1
7696	1
7697	1
7698	1
7711	1
7712	1
7714	1
7716	1
7718	1
7720	3
7721	1
7731	1
7733	2
7736	1
7745	1
7757	1
7758	1
7759	1
7762	1
7765	1
7768	1
7772	1
7774	1
7782	2
7784	1
7785	2
7787	1
7788	1
7789	1
7792	1
7800	1
7801	1
7802	1
7803	1
7804	1
7811	1
7813	1
7815	1
7816	1
7819	2
7821	1
7822	1
7824	1
7825	1
7826	3
7827	1
7829	1
7830	1
7833	1
7835	2
7838	1
7842	1
7848	1
7854	1
7855	1
24241	1
7859	1
7860	1
7863	1
7866	1
7868	1
7869	1
24253	1
7872	1
7873	1
7874	2
7879	1
7882	1
7884	1
7885	1
7887	1
7890	1
7892	1
7897	1
7903	1
7905	2
7910	2
7913	2
24297	1
7915	1
7923	2
7925	1
7927	3
7935	1
7937	2
7938	1
7941	1
7942	1
7943	2
7944	2
7947	1
7948	1
7951	1
7955	1
7966	1
7975	1
7978	1
7981	2
7983	1
7986	1
7987	1
7990	1
7993	1
7996	1
8000	1
8004	2
8006	1
8008	1
8009	2
8012	1
8015	1
8016	1
8018	1
8019	1
8026	1
8035	2
8038	1
8041	1
8044	1
8048	1
8051	1
8055	1
8057	1
8062	1
8067	1
8069	1
8075	1
8076	1
8077	1
8078	1
8079	2
8081	1
8083	1
8086	2
8087	1
8091	1
8092	2
8094	1
8095	1
8098	1
8102	1
24487	1
8103	2
8104	1
8105	2
8108	2
8109	1
8110	1
8112	1
8113	1
8119	1
8120	1
8124	1
24509	1
8132	1
8134	2
8135	2
8143	1
8146	1
8154	1
8156	1
8158	2
8161	1
8166	1
8167	1
8179	1
8188	1
8189	1
8193	1
8194	1
8195	2
8200	1
8201	1
8203	1
8204	1
24589	1
8210	1
8212	1
8214	1
8216	2
8221	1
8222	2
8225	1
8231	1
8233	1
8234	1
8236	2
8237	3
8242	1
8244	1
8250	1
8258	1
8259	1
8265	1
8268	1
8282	1
8292	1
8293	1
8304	2
8313	1
8316	1
8321	2
8323	1
8332	1
8334	1
8336	1
8337	1
8339	1
8340	2
8341	1
8344	1
8345	1
8347	1
8349	1
8351	1
8356	2
8357	1
8360	1
8365	1
8370	1
8371	1
8375	1
8376	1
8380	1
8386	2
8387	1
8391	1
8396	2
8397	1
8402	1
8418	1
8420	1
8424	2
8430	1
8440	1
8443	1
8444	1
8445	1
8446	1
8449	1
8451	1
8453	1
8455	2
8456	2
8460	1
8467	1
8477	1
8478	1
8482	1
8483	1
8491	1
8497	1
8498	1
8507	1
8510	1
8511	1
8513	1
8518	1
8519	1
8521	1
8523	1
8528	2
8529	2
8537	2
8538	1
8540	1
8542	1
8544	1
8557	1
8567	1
8568	1
8570	1
8574	1
8583	1
8587	1
8590	1
8591	1
24975	1
8597	1
24982	1
8602	1
8604	1
8609	1
8610	2
8616	1
8625	1
8628	3
8633	1
8641	1
8646	1
8647	1
8654	1
8660	1
8663	1
8668	1
8673	1
8674	1
8676	1
8679	1
8684	1
8686	1
8694	1
8696	1
8705	1
8707	1
8709	1
8718	1
8723	2
8725	1
8726	2
8729	1
8735	1
8736	1
8741	1
8743	2
8747	1
8748	1
8765	1
8772	1
8775	1
8777	1
8780	2
8781	1
8782	2
8785	1
8786	2
25174	1
8797	1
8799	1
8801	1
8803	1
8809	1
8810	1
8813	1
8818	1
8820	1
8824	1
8825	1
8826	1
8827	1
8841	1
8842	1
8844	2
8848	1
8849	1
8856	1
8858	1
8860	1
8861	1
8862	1
8864	1
8866	2
8868	1
8872	1
8875	1
8876	1
8883	1
8884	1
8885	1
8887	1
8891	1
8893	1
8895	1
8899	1
8903	1
8908	1
8913	1
8917	1
8919	1
8924	1
8925	1
8936	1
8937	1
8938	1
8945	2
8950	1
8956	2
8960	1
8961	1
8965	2
8966	1
8968	2
8972	2
8979	2
8982	1
8987	1
8991	1
8993	1
8994	1
8995	1
9004	1
9007	2
9008	1
9010	1
9011	1
9013	1
9015	1
9017	1
9022	1
9027	1
9028	1
9033	1
9037	1
9040	1
9042	1
9047	2
9048	2
9049	1
9053	1
9060	1
9065	2
9066	1
9069	1
9070	1
9075	1
9081	1
9085	1
9087	1
9088	1
9100	1
9102	1
9103	1
9104	1
9105	1
9109	1
9111	1
9113	1
9117	1
9119	1
9122	1
9124	1
9125	2
9139	1
9145	1
9146	1
9147	1
9151	1
9158	1
9159	1
9164	2
9168	1
9176	1
9177	1
9181	1
9187	1
9191	1
9193	1
9197	1
9202	1
9205	1
9210	1
9211	1
9218	1
9221	1
9225	1
9229	2
9230	1
9232	1
9233	1
9234	2
9236	1
9246	1
9249	2
9251	1
9253	1
9262	1
9264	1
9265	1
9272	1
9279	1
9281	1
9284	1
9295	2
9299	1
9301	1
9302	1
9305	1
9316	1
9321	2
9322	2
9324	1
9325	1
9326	1
9327	1
25717	1
9333	1
9341	2
9346	1
9347	1
9348	1
9356	1
9360	1
9369	1
9370	1
9372	1
9375	1
9380	1
9388	1
9395	1
9402	1
9403	1
9412	1
9415	1
9416	1
9422	1
9427	1
9429	2
9431	1
9438	1
9442	1
9444	1
9447	1
9449	1
9457	1
9461	1
9462	1
9465	1
9475	1
9480	1
9481	1
9487	2
9490	2
9496	1
9498	1
9499	1
9502	1
9513	1
9516	1
9517	1
9520	2
9521	2
9525	3
9538	1
9539	1
9543	1
9549	1
9555	1
9560	1
9563	1
9564	1
9565	1
9566	1
9569	1
9573	1
9577	1
9589	1
9590	1
9593	1
9598	1
9603	1
9611	1
9614	1
9618	2
9622	1
9624	1
9625	1
9626	1
9640	1
9654	1
9657	1
9660	1
9667	1
9678	1
9682	1
9686	1
9690	1
9692	2
9694	1
9698	1
9700	1
9701	1
9702	1
9706	1
9709	1
9710	1
9715	1
9720	1
9721	1
9734	1
9736	2
9739	1
9742	1
9743	2
9746	1
9751	1
9752	1
9759	1
9765	1
9766	1
9769	1
9770	2
9771	1
9776	1
9777	2
9787	1
9793	2
9795	1
9797	1
9798	1
9804	1
9812	1
9813	1
9821	1
9825	1
9833	1
9839	1
9847	1
9850	1
9857	1
9858	1
9867	1
9871	1
9874	1
9876	1
9880	1
9882	1
9884	2
9886	1
9895	1
9899	1
9901	1
9902	1
9909	1
9913	1
9919	2
9922	1
9923	1
9930	1
9938	1
9949	1
9954	1
9957	1
9959	1
9962	1
9973	1
9975	1
9978	1
9979	1
9983	1
9984	1
9986	2
9987	3
9989	2
10001	1
10005	1
10008	2
10013	1
10015	1
10019	1
10020	1
10021	1
10026	3
10028	1
10029	2
10034	1
10036	1
10046	1
10050	1
10059	1
10067	1
10071	1
10073	1
10077	1
10084	1
10085	1
10086	1
10087	1
10088	1
10095	1
10104	1
10110	1
10116	1
10117	1
10118	1
10140	1
10141	1
10147	1
10151	1
10153	1
10159	1
10168	2
10171	1
10173	1
10176	1
10177	1
10178	1
10179	1
10180	1
10187	1
10199	1
10202	1
10203	2
10208	1
10213	1
10215	1
10226	2
10232	1
10235	1
10238	1
10241	1
10243	1
10254	1
10255	1
10257	2
10260	1
10262	1
10265	1
10266	1
10270	1
10272	1
10274	1
10280	1
10284	1
10299	1
10300	1
10302	1
10305	1
10309	1
10310	1
10312	1
10316	1
10317	1
10333	1
10336	1
10337	2
10339	1
10340	1
10343	1
10347	1
10348	1
10349	1
10350	1
10352	1
10355	1
10362	1
10364	1
10368	1
10370	2
10371	2
10375	1
10378	1
10379	1
10381	1
10383	1
10394	1
10409	1
10420	1
10421	2
10424	1
10427	1
10428	1
10431	1
10439	1
10442	1
10452	2
10454	1
10457	1
10461	1
10463	2
10464	1
10472	1
10478	1
10483	1
10485	1
10487	1
10488	1
10490	1
10493	1
10500	1
10513	1
10520	1
10521	1
10526	1
10527	1
10530	1
10532	1
10537	1
10540	2
10541	1
10544	1
10547	1
10554	1
10556	1
10559	1
10561	1
10562	1
10564	1
10570	1
10575	1
10576	1
10577	2
10593	1
10598	1
10599	1
10603	1
10605	1
10611	1
10612	1
10616	1
10622	2
10623	2
10631	2
10634	1
10638	1
10643	1
10647	1
10651	1
10653	1
10656	1
10661	1
10670	2
10678	1
10681	1
10682	1
10689	1
10692	1
10697	1
10704	1
10710	1
10714	1
10718	1
10719	1
10722	1
10727	1
10734	1
10738	1
10751	2
10754	1
10759	2
10776	1
10780	1
10802	1
10807	1
10809	1
10810	2
10812	1
10824	1
10829	1
10839	1
10840	1
10844	3
10850	1
10851	1
10852	1
10853	1
10854	1
10861	1
10862	1
10864	1
10867	1
10868	1
10870	2
10871	1
10873	2
10874	1
10877	1
10882	1
10890	1
10891	1
10894	1
10895	1
10901	1
10903	1
10904	1
10917	1
10919	1
10930	1
10932	1
10934	1
10942	1
10944	1
10955	1
10962	2
10964	1
10969	1
10972	1
10976	1
10977	1
10981	1
10983	1
10985	1
10997	2
11001	1
11012	1
11024	1
11026	1
11027	2
11031	1
11032	1
11039	1
11041	1
11046	1
11048	1
11053	1
11055	1
11056	1
11060	1
11062	1
11065	1
11068	1
11072	1
11075	1
11076	1
11082	1
11084	1
11089	2
11102	1
11110	1
11115	2
11116	1
11119	1
11137	1
11139	1
11162	1
11164	1
11171	1
11174	1
11177	2
11178	1
11183	1
11184	1
11187	1
11189	1
11207	2
11208	1
11214	2
11215	1
11216	1
11217	1
11218	1
11219	1
11222	1
11229	1
11231	3
11232	1
11238	1
11243	1
11252	1
11254	1
11255	1
11259	2
11266	1
11270	1
11273	1
11274	1
11282	1
11283	1
11298	1
11308	1
11310	1
11312	1
11315	1
11320	1
11326	1
11327	2
11328	1
11331	2
11335	1
11341	1
11343	1
11348	1
11351	1
11356	1
11362	1
11366	1
11370	1
11374	1
11379	1
11381	1
11382	1
11384	1
11390	2
11400	1
11402	1
11403	1
11404	1
11407	1
11408	1
11413	1
11415	1
11419	1
11423	1
11424	1
11439	1
11442	1
11443	1
11451	1
11452	1
11453	1
11458	1
11469	1
11473	1
11474	1
11478	1
11482	1
11489	1
11491	1
11493	1
11496	2
11497	4
11499	1
11502	1
11505	1
11514	1
11516	1
11517	1
11523	1
11526	1
11529	1
11530	1
11531	2
11538	1
11543	1
11558	1
11559	1
11562	1
11563	1
11564	1
11565	1
11571	1
11573	1
11575	1
11592	1
11594	1
11607	1
11617	1
11621	1
11638	1
11641	2
11648	1
11660	1
11662	1
11681	1
11697	1
11699	1
11708	1
11720	1
11721	1
11722	1
11726	1
11729	1
11735	1
11744	2
11749	1
11750	1
11753	1
11764	1
11773	1
11775	2
11779	1
11785	1
11793	1
11800	1
11804	1
11805	1
11814	1
11815	1
11818	1
11821	1
11825	1
11827	1
11828	2
11832	1
11843	1
11846	1
11857	1
11861	1
11864	1
11869	1
11873	1
11874	1
11878	1
11882	1
11906	1
11910	1
11912	1
11914	1
11915	1
11918	1
11919	1
11934	2
11935	1
11939	2
11946	1
11947	1
11948	1
11951	1
11958	1
11962	2
11970	1
11972	1
11977	1
11980	1
11997	1
12000	1
12011	1
12020	1
12023	1
12036	1
12045	1
12047	1
12050	1
12059	1
12062	1
12065	1
12067	1
12077	1
12087	1
12097	1
12098	1
12101	2
12105	1
12107	1
12116	1
12120	1
12122	1
12123	1
12133	2
12143	1
12149	1
12154	1
12156	1
12159	1
12174	1
12179	1
12190	1
12200	1
12203	1
12205	1
12208	1
12213	1
12219	1
12224	1
12233	1
12234	1
12240	1
12244	1
12245	1
12251	1
12255	1
12270	1
12276	1
12280	1
12281	1
12289	1
12290	1
12300	1
12301	2
12302	1
12308	1
12317	1
12319	1
12323	1
12325	2
12326	1
12338	1
12339	1
12348	1
12350	1
12353	1
12355	1
12359	1
12364	1
12377	1
12380	1
12381	1
12383	2
12397	1
12399	1
12418	1
12426	2
12427	2
12438	1
12442	1
12444	1
12448	1
12457	1
12459	1
12479	1
12488	1
12492	1
12495	1
12504	1
12507	1
12508	2
12516	1
12523	1
12524	1
12532	2
12540	1
12547	1
12549	1
12550	1
12554	1
12556	1
12557	1
12567	1
12571	1
12577	1
12585	1
12587	1
12600	1
12608	1
12615	1
12621	1
12622	1
12637	1
12655	1
12661	1
12663	2
12672	1
12679	1
12680	1
12681	1
12684	1
12685	1
12689	2
12695	1
12703	2
12709	1
12711	1
12715	1
12717	1
12718	1
12719	1
12724	1
12729	1
12730	1
12739	1
12747	1
12748	1
12751	1
12757	1
12764	1
12775	1
12782	1
12783	1
12788	1
12794	1
12797	1
12803	1
12807	1
12820	1
12847	1
12850	1
12854	1
12856	1
12859	1
12860	1
12862	1
12863	1
12868	1
12870	1
12875	1
12883	1
12889	1
12894	1
12895	1
12896	1
12897	1
12907	1
12911	1
12914	1
12919	1
12921	1
12922	1
12924	1
12930	1
12942	1
12943	1
12945	1
12946	1
12948	1
12949	1
12951	1
12953	1
12965	1
12981	1
12982	1
13004	1
13009	2
13016	1
13019	2
13023	1
13025	1
13034	1
13035	1
13038	1
13039	1
13052	1
13056	1
13063	1
13070	1
13076	1
13079	1
13083	1
13090	1
13096	1
13102	1
13107	1
13108	1
13115	1
13117	1
13136	1
13141	1
13147	1
13152	1
13156	1
13158	1
13161	1
13162	1
13164	1
13169	1
13174	1
13175	1
13180	1
13184	1
13197	1
13204	1
13205	1
13206	1
13207	1
13208	1
13213	2
13217	1
13248	2
13250	1
13253	1
13254	1
13257	1
13259	1
13270	1
13271	1
13275	2
13277	1
13279	1
13286	2
13287	1
13291	2
13294	1
13297	1
13302	1
13303	1
13306	1
13313	1
13314	1
13320	1
13325	1
13326	1
13329	1
13343	1
13349	1
13352	1
13362	1
13367	1
13371	1
13374	1
13390	1
13394	2
13399	2
13407	1
13410	1
13412	1
13427	1
13428	1
13429	1
13435	1
13437	1
13439	1
13470	1
13475	1
13484	2
13485	1
13487	1
13528	1
13537	1
13540	1
13543	1
13544	1
13549	1
13550	1
13562	1
13565	1
13580	1
13586	1
13589	1
13598	1
13619	2
13634	1
13660	1
13677	1
13683	1
13686	1
13705	1
13707	1
13712	1
13719	1
13724	2
13729	1
13741	1
13744	1
13746	1
13748	1
13753	1
13759	1
13765	1
13768	1
13793	1
13797	1
13805	1
13820	1
13825	1
13827	1
13832	1
13836	1
13837	1
13838	1
13844	1
13845	1
13860	1
13862	1
13873	1
13875	1
13884	1
13889	1
13899	1
13901	1
13903	2
13908	1
13918	1
13931	2
13932	1
13934	2
13947	1
13950	1
13960	1
13963	2
13968	1
13969	3
13972	1
13988	1
13996	1
14001	1
14006	1
14011	1
14012	1
14014	1
14015	1
14016	2
14027	1
14032	1
14033	1
14037	1
14043	1
14044	1
14045	1
14051	1
14054	1
14056	1
14058	1
14059	1
14063	1
14065	2
14068	1
14072	1
14077	1
14080	1
14083	1
14112	1
14114	1
14115	1
14118	1
14121	1
14136	1
14140	1
14144	1
14152	2
14155	2
14156	1
14161	1
14181	1
14187	1
14196	1
14207	1
14208	2
14214	1
14220	1
14241	1
14251	1
14255	1
14256	1
14264	1
14272	1
14274	1
14285	1
14289	1
14293	2
14295	1
14297	1
14301	1
14305	1
14312	1
14325	1
14332	1
14333	1
14346	1
14348	1
14353	1
14358	1
14368	1
14371	2
14379	1
14382	1
14401	1
14403	2
14404	1
14405	1
14414	1
14418	1
14421	1
14426	1
14433	1
14438	1
14448	1
14449	1
14454	2
14463	1
14464	1
14474	1
14485	1
14487	1
14488	1
14494	1
14502	1
14519	1
14537	1
14538	1
14543	1
14544	1
14546	1
14553	1
14583	1
14586	1
14595	2
14597	1
14602	1
14613	1
14614	1
14616	1
14627	1
14640	1
14641	1
14645	1
14659	1
14667	1
14670	1
14676	1
14701	1
14716	1
14718	1
14754	1
14762	1
14780	1
14783	1
14786	1
14788	1
14792	1
14803	1
14809	1
14813	2
14817	1
14827	1
14839	1
14841	1
14849	1
14857	1
14861	2
14869	1
14874	1
14878	1
14883	2
14895	1
14906	1
14909	1
14947	2
14958	1
14962	1
14976	2
14982	1
14986	1
14990	1
15012	1
15017	1
15021	2
15022	1
15034	1
15035	1
15039	1
15040	1
15042	1
15058	1
15063	1
15069	1
15097	1
15101	1
15119	1
15137	1
15152	1
15156	1
15160	1
15165	1
15170	1
15173	1
15183	2
15187	2
15193	1
15197	1
15206	1
15218	1
15226	1
15238	1
15239	1
15243	1
15253	2
15256	1
15261	1
15264	1
15273	1
15275	1
15291	1
15294	1
15295	1
15296	1
15301	1
15319	1
15338	1
15344	1
15348	1
15353	1
15356	1
15360	1
15361	1
15365	1
15368	2
15386	1
15388	1
15392	1
15393	1
15394	1
15395	1
15408	2
15410	1
15420	1
15437	1
15440	1
15454	1
15458	1
15491	2
15520	1
15525	1
15541	1
15542	1
15549	1
15559	1
15571	1
15573	1
15575	1
15580	1
15582	1
15585	1
15600	1
15622	1
15637	1
15642	1
15668	1
15673	1
15693	1
15701	1
15712	1
15715	1
15731	1
15737	1
15740	1
15741	1
15750	1
15755	1
15760	1
15773	1
15776	1
15778	1
15783	1
15809	1
15814	1
15818	1
15821	1
15822	1
15826	1
15827	1
15864	1
15903	1
15914	1
15929	1
15943	1
15970	1
15983	1
15990	1
16002	1
16019	1
16034	1
16037	1
16056	1
16057	1
16064	1
16083	1
16088	1
16098	1
16103	1
16125	1
16130	1
16150	1
16154	1
16161	1
16162	1
16166	1
16177	1
16182	1
16192	1
16220	1
16224	1
16233	1
16234	1
16241	1
16244	1
16270	1
16291	1
16304	1
16311	1
16336	1
16338	1
16346	1
16352	1
16355	1
16364	1
16376	1
