1	328
2	156
3	155
4	151
5	129
6	126
7	115
8	93
9	96
10	94
11	103
12	95
13	98
14	93
15	99
16	79
17	79
18	78
19	80
20	66
21	68
22	73
23	67
24	60
25	55
26	74
27	78
28	62
29	60
30	75
31	59
32	55
33	47
34	61
35	62
36	62
37	67
38	53
39	60
40	47
41	63
42	51
43	59
44	50
45	54
46	48
47	48
48	54
49	48
50	55
51	55
52	49
53	57
54	49
55	40
56	41
57	53
58	47
59	50
60	41
61	49
62	41
63	47
64	41
65	56
66	49
67	52
68	43
69	47
70	50
71	51
72	50
73	42
74	47
75	39
76	45
77	44
78	55
79	56
80	40
81	39
82	35
83	38
84	34
85	33
86	43
87	47
88	39
89	50
90	36
91	39
92	33
93	36
94	41
95	39
96	38
97	23
98	29
99	31
100	48
101	22
102	28
103	28
104	49
105	33
106	44
107	36
108	32
109	27
110	37
111	39
112	33
113	34
114	34
115	31
116	30
117	30
118	39
119	30
120	39
121	25
122	39
123	23
124	30
125	26
126	29
127	34
128	20
129	35
130	31
131	36
132	38
133	32
134	27
135	33
4231	1
136	28
137	36
138	35
139	22
140	35
141	29
142	26
143	23
144	30
145	37
146	28
147	39
148	29
149	26
150	30
151	26
152	29
153	36
154	30
155	38
156	30
157	27
158	35
159	14
160	26
161	28
162	24
163	35
164	21
165	34
166	18
167	19
168	27
169	28
170	30
171	31
172	34
173	24
174	28
175	28
176	38
177	26
178	27
179	30
180	32
181	16
182	19
183	24
184	23
185	27
186	27
187	30
188	32
189	29
190	26
191	19
192	24
193	23
194	32
195	28
196	28
197	24
198	20
199	23
200	19
201	37
202	18
203	28
204	17
205	27
206	20
207	24
208	21
209	38
210	22
211	26
212	29
213	22
214	25
215	31
216	21
217	22
218	31
219	13
220	20
221	19
222	20
223	21
224	19
225	14
226	18
227	26
228	23
229	29
230	21
231	17
232	15
233	15
234	24
235	19
236	26
237	23
238	22
239	22
240	18
241	27
242	20
243	21
244	26
245	22
246	18
247	17
248	20
249	25
250	17
251	22
252	14
253	31
254	20
255	19
256	24
257	21
258	22
259	24
260	19
261	16
262	25
263	20
264	20
265	23
266	21
267	23
268	24
269	22
270	31
271	24
272	15
273	17
274	24
275	15
276	14
277	18
278	27
279	17
280	22
281	16
282	19
283	22
284	26
285	24
286	13
287	16
288	24
289	20
290	28
291	16
292	17
293	18
294	22
295	14
296	18
297	21
298	13
299	17
300	23
301	23
302	24
303	23
304	22
305	19
306	19
307	20
308	14
309	18
310	9
311	12
312	18
313	19
314	13
315	16
316	14
317	19
318	14
319	19
320	13
321	22
322	20
323	17
324	21
325	16
326	19
327	12
328	18
329	14
330	15
331	19
332	15
333	14
334	20
335	19
336	16
337	20
338	20
339	12
340	19
341	16
342	15
343	15
344	14
345	19
346	23
347	20
348	17
349	13
350	10
351	14
352	13
353	22
354	9
355	14
356	17
357	11
358	20
359	14
360	18
361	18
362	9
363	10
364	19
365	20
366	16
367	14
368	9
369	17
370	13
371	19
372	20
373	17
374	17
375	9
376	14
377	17
378	21
379	22
380	12
381	12
382	11
383	19
384	19
385	18
386	14
387	10
388	16
389	18
390	16
391	12
392	18
393	21
394	13
395	11
396	17
397	17
398	16
399	15
400	18
401	12
402	14
403	17
404	16
405	12
406	15
407	10
408	17
409	13
410	18
411	8
412	14
413	17
414	18
415	10
416	18
417	10
418	17
419	14
420	10
421	11
422	12
423	11
424	15
425	18
426	12
427	14
428	11
429	16
430	18
431	14
432	14
433	19
434	14
435	9
436	16
437	18
438	18
439	15
440	8
441	13
442	10
443	12
444	15
445	15
446	14
447	18
448	17
449	17
450	16
451	8
452	8
453	10
454	15
455	20
456	19
457	13
458	16
459	12
460	12
461	23
462	10
463	12
464	14
465	13
466	13
467	12
468	9
469	17
470	12
471	9
472	11
473	17
474	12
475	9
476	9
477	16
478	18
479	11
480	11
481	10
482	16
483	11
484	17
485	8
486	12
487	11
488	18
489	14
490	10
491	12
492	11
493	8
494	13
495	16
496	13
497	18
498	16
499	10
500	16
501	14
502	12
503	17
504	7
505	21
506	11
507	10
508	6
509	12
510	15
511	18
512	7
513	10
514	17
515	11
516	12
517	17
518	13
519	11
520	7
521	23
522	17
523	11
524	11
525	13
526	10
527	17
528	16
529	13
530	15
531	12
532	15
533	8
534	7
535	16
536	9
537	15
538	18
539	20
540	13
541	10
542	14
543	9
544	17
545	21
546	13
547	12
548	10
549	8
550	9
551	3
552	11
553	16
554	12
555	10
556	13
557	18
558	12
559	12
560	9
561	13
562	16
563	12
564	11
565	11
566	10
567	14
568	9
569	3
570	18
571	12
572	10
573	13
574	12
575	11
576	10
577	9
578	9
579	11
580	8
581	7
582	6
583	10
584	17
585	6
586	9
587	15
588	12
589	14
590	18
591	6
592	13
593	13
594	10
595	15
596	7
597	13
598	15
599	12
600	20
601	11
602	11
603	16
604	9
605	6
606	5
607	13
608	12
609	11
610	12
611	7
612	7
613	15
614	12
615	11
616	12
617	8
618	3
619	11
620	17
621	8
622	10
623	8
624	10
625	7
626	8
627	8
628	7
629	8
630	7
631	10
632	12
633	12
634	9
635	10
636	10
637	11
638	5
639	11
640	8
641	7
642	9
643	4
644	15
645	8
646	9
647	15
648	12
649	8
650	8
651	10
652	12
653	9
654	7
655	9
656	15
657	7
658	13
659	8
660	10
661	8
662	11
663	12
664	10
665	18
666	11
667	5
668	4
669	8
670	7
671	14
672	7
673	7
674	8
675	7
676	10
677	7
678	15
679	11
680	7
681	12
682	11
683	9
684	7
685	11
686	14
687	11
688	6
689	5
690	8
691	11
692	14
693	7
694	13
695	12
696	9
697	5
698	7
699	11
700	18
701	5
702	5
703	6
704	3
705	3
706	4
707	6
708	12
709	5
710	10
711	8
712	9
713	6
714	12
715	6
716	8
717	10
718	8
719	7
720	8
721	10
722	9
723	13
724	4
725	9
726	11
727	10
728	4
729	4
730	11
731	6
732	12
733	8
734	9
735	8
736	5
737	10
738	6
739	5
740	3
741	6
742	6
743	11
744	6
745	7
746	11
747	10
748	8
749	5
750	5
751	9
752	4
753	7
754	8
755	8
756	8
757	13
758	6
759	9
760	12
761	9
762	10
763	6
764	10
765	11
766	8
767	5
768	7
769	6
770	6
771	5
772	8
773	8
774	9
775	8
776	9
777	8
778	7
779	7
780	3
781	17
782	6
783	4
784	10
785	7
786	5
787	7
788	10
789	7
790	3
791	5
792	7
793	5
794	12
795	4
796	8
797	6
798	5
799	4
800	11
801	7
802	5
803	3
804	11
805	5
806	7
807	12
808	6
809	11
810	10
811	10
812	9
813	4
814	6
815	8
816	6
817	7
818	7
819	12
820	5
821	10
822	4
823	7
824	9
825	10
826	4
827	6
828	8
829	6
830	9
831	7
832	3
833	5
834	10
835	9
836	8
837	9
838	8
839	7
840	6
841	7
842	4
843	10
844	7
845	2
846	3
847	7
848	6
849	8
850	10
851	2
852	8
853	11
854	12
855	9
856	8
857	9
858	7
859	3
860	9
861	7
862	8
863	4
864	7
865	4
866	6
867	8
868	6
869	9
870	11
871	8
872	7
873	4
874	6
875	2
876	7
877	7
878	9
879	7
880	6
881	5
882	5
883	8
884	5
885	12
886	5
887	8
888	7
889	4
890	4
891	7
892	7
893	6
894	5
895	5
896	7
897	7
898	4
899	10
900	6
901	8
902	6
903	5
904	6
905	6
906	3
907	2
908	5
909	3
910	13
911	7
912	9
913	6
914	4
915	3
916	5
917	7
918	3
919	4
920	7
921	3
922	4
923	3
924	7
925	6
926	11
927	4
928	4
929	2
930	4
931	3
932	10
933	5
934	3
935	12
936	4
937	11
938	5
939	3
940	5
941	8
942	6
943	6
944	3
945	3
946	3
947	6
948	9
949	2
950	7
951	4
952	5
953	10
954	2
955	6
956	5
957	6
958	8
959	5
960	8
961	8
962	8
963	10
964	9
965	6
966	4
967	7
968	4
969	7
970	5
971	6
972	6
973	6
974	7
975	3
976	4
977	6
978	4
979	9
980	8
981	8
982	5
983	7
984	3
985	5
986	8
987	7
988	5
989	4
990	5
991	7
992	6
993	9
994	2
995	3
996	6
997	5
998	6
999	3
1000	4
1001	4
1002	5
1003	4
1004	5
1005	6
1006	6
1007	7
1008	3
1009	2
1010	5
1011	4
1012	1
1013	4
1014	2
1015	4
1016	5
1017	2
1018	6
1019	4
1020	4
1021	8
1022	4
1023	6
1024	6
1025	6
1026	7
1027	9
1028	5
1029	7
1030	4
1031	2
1032	3
1033	5
1034	4
1035	7
1036	3
1037	3
1038	3
1039	4
1040	3
1041	4
1042	8
1043	2
1044	3
1045	5
1046	3
1047	3
1048	1
1049	7
1050	7
1051	9
1052	5
1053	8
1054	3
1055	3
1056	7
1057	3
1058	3
1059	4
1060	5
1061	3
1062	6
1063	5
1064	5
1065	4
1066	2
1067	2
1068	3
1069	6
1070	3
1071	2
1072	3
1073	4
1074	8
1075	3
1076	5
1077	6
1078	3
1079	6
1080	5
1081	3
1082	4
1083	4
1084	5
1085	4
1086	2
1087	4
1088	5
1089	4
1090	4
1091	4
1092	3
1093	5
1094	4
1095	4
1096	2
1097	3
1098	7
1099	6
1100	4
1102	6
1103	5
1104	3
1105	5
1106	4
1107	7
1108	3
1109	4
1110	7
1111	6
1112	5
1113	11
1114	7
1115	4
1116	6
1117	5
1118	6
1119	6
1120	2
1121	2
1122	2
1123	5
1124	4
1125	5
1126	9
1127	9
1128	5
1129	7
1130	2
1131	1
1132	4
1133	5
1134	3
1135	3
1136	6
1137	1
1138	3
1139	3
1140	6
1141	4
1142	5
1143	3
1144	5
1145	3
1146	5
1147	5
1148	8
1149	2
1150	1
1151	6
1152	5
1153	6
1154	6
1155	7
1156	5
1157	9
1158	1
1159	3
1160	4
1161	10
1162	5
1163	6
1164	6
1165	3
1166	3
1167	3
1169	1
1170	3
1171	2
1172	2
1173	2
1174	6
1175	3
1176	4
1177	10
1178	9
1179	3
1180	5
1181	4
1182	6
1183	4
1184	4
1185	3
1186	2
1187	5
1188	2
1190	1
1191	5
1192	2
1193	1
1194	4
1195	3
1196	6
1197	8
1198	2
1199	5
1200	5
1201	5
1202	1
1203	3
1204	3
1205	2
1206	3
1207	5
1208	1
1209	6
1210	7
1211	5
1212	4
1213	4
1214	7
1215	1
1216	3
1217	2
1218	5
1219	3
1220	1
1221	6
1222	4
1223	3
1224	1
1225	3
1226	6
1227	3
1228	3
1229	3
1230	3
1231	3
1232	3
1233	3
1234	2
1235	3
1236	4
1237	3
1238	3
1239	3
1241	2
1242	7
1243	2
1244	5
1245	3
1246	3
1247	1
1248	6
1249	2
1250	5
1251	4
1252	3
1253	5
1254	6
1255	1
1256	3
1257	3
1258	5
1259	3
1260	4
1261	4
1262	3
1263	3
1264	3
1265	2
1266	4
1267	7
1268	2
1270	3
1271	6
1272	2
1274	1
1275	2
1276	4
1277	2
1278	4
1279	3
1280	1
1281	4
1282	1
1283	8
1284	1
1285	7
1286	3
1287	2
1288	2
1289	1
1290	2
1291	4
1292	2
1293	3
1294	1
1295	5
1296	6
1297	4
1298	2
1299	2
1300	1
1302	4
1303	3
1304	2
1305	5
1306	1
1307	2
1308	3
1309	7
1310	4
1312	1
1313	1
1314	5
1315	3
1316	2
1317	3
1318	2
1319	2
1320	1
1321	4
1322	2
1323	1
1324	2
1325	2
1326	4
1328	1
1329	2
1330	7
1331	2
1332	5
1333	1
1334	1
1335	3
1336	1
1337	5
1338	3
1339	3
1340	5
1341	1
1342	6
1343	4
1344	1
1345	3
1346	5
1347	3
1348	1
1349	1
1350	3
1351	2
1352	2
1353	2
1354	2
1355	2
1356	2
1358	1
1359	4
1360	7
1361	5
1362	2
1363	3
1364	1
1365	4
1366	4
1367	2
1368	5
1369	2
1371	3
1372	2
1373	3
1374	3
1375	5
1376	6
1377	3
1378	3
1379	2
1381	1
1382	1
1383	2
1384	3
1385	2
1386	4
1387	4
1388	1
1389	3
1390	3
1391	4
1392	4
1393	3
1394	4
1395	3
1396	2
1397	1
1398	1
1399	3
1400	1
1401	3
1402	2
1404	2
1405	4
1406	2
1408	2
1410	2
1411	2
1412	1
1413	1
1414	1
1415	1
1416	1
1417	1
1418	6
1419	3
1421	1
1422	1
1423	2
1424	3
1425	2
1426	2
1427	3
1428	4
1429	3
1430	1
1431	5
1432	1
1433	1
1434	3
1435	3
1436	3
1437	2
1439	2
1440	1
1441	3
1442	2
1443	1
1444	1
1446	2
1447	1
1448	2
1449	2
1450	5
1451	1
1452	1
1453	4
1454	1
1455	2
1457	3
1458	1
1463	1
1464	2
1465	3
1466	4
1467	2
1472	1
1473	2
1474	4
1475	2
1476	2
1477	1
1479	5
1481	1
1482	2
1483	2
1484	3
1485	1
1486	4
1487	3
1488	2
1489	2
1490	4
1491	1
1492	2
1493	2
1494	1
1495	4
1497	2
1498	1
1499	2
1500	1
1502	2
1503	1
1504	1
1505	2
1506	3
1507	7
1508	1
1509	3
1510	2
1511	4
1512	3
1513	4
1514	2
1515	8
1516	1
1517	1
1519	2
1522	1
1523	2
1524	1
1526	4
1527	3
1528	1
1529	2
1530	1
1531	2
1532	3
1533	2
1534	2
1536	2
1537	1
1538	2
1539	1
1540	1
1541	2
1542	2
1543	1
1548	2
1549	3
1550	2
1552	6
1554	3
1555	2
1557	1
1558	4
1559	2
1560	2
1561	1
1562	3
1563	1
1564	2
1565	6
1567	3
1568	1
1569	4
1570	1
1571	1
1572	2
1574	1
1575	1
1576	3
1577	1
1578	5
1579	1
1580	3
1581	3
1582	4
1583	1
1584	1
1585	2
1586	3
1587	3
1588	1
1589	2
1590	1
1591	1
1592	1
1593	2
1594	2
1595	2
1596	1
1597	2
1598	3
1599	2
1600	1
1602	1
1603	1
1604	2
1605	2
1606	2
1607	1
1608	2
1609	3
1610	2
1611	3
1612	2
1614	2
1616	1
1617	1
1619	2
1620	1
1621	1
1623	4
1624	3
1626	3
1627	2
1628	2
1629	1
1630	2
1631	2
1632	1
1633	3
1636	1
1639	2
1641	1
1643	3
1644	3
1645	5
1647	2
1648	3
1649	3
1650	4
1651	1
1652	1
1655	3
1657	3
1659	3
1660	1
1661	2
1662	3
1663	1
1664	2
1665	3
1666	3
1669	1
1670	3
1671	2
1672	1
1673	1
1674	2
1675	2
1676	3
1677	1
1678	4
1680	2
1681	2
1682	2
1683	1
1685	1
1686	6
1688	1
1689	2
1690	4
1694	2
1695	3
1696	2
1697	2
1698	1
1699	3
1701	2
1702	4
1703	3
1704	2
1705	1
1707	2
1709	2
1710	1
1712	2
1714	1
1715	1
1719	1
1720	1
1721	1
1722	1
1725	1
1727	1
1729	4
1731	1
1733	2
1734	1
1736	2
1737	1
1739	1
1740	1
1741	2
1742	1
1743	2
1744	3
1745	4
1746	2
1747	3
1748	1
1749	2
1750	1
1751	3
1752	1
1754	1
1755	1
1756	2
1758	2
1759	1
1761	3
1762	4
1763	1
1765	1
1767	1
1768	2
1770	3
1771	2
1773	2
1776	1
1777	2
1778	1
1779	1
1781	2
1784	1
1787	2
1788	2
1791	1
1792	3
1794	1
1795	2
1796	1
1797	2
1798	1
1800	1
1801	1
1803	1
1805	2
1806	2
1808	2
1809	1
1810	1
1811	2
1812	1
1813	2
1814	1
1815	3
1816	1
1821	1
1823	1
1824	1
1825	1
1828	1
1830	2
1832	1
1834	2
1838	1
1840	1
1841	3
1843	1
1845	2
1847	1
1849	1
1850	1
1852	2
1857	1
1861	1
1862	3
1863	1
1864	1
1866	1
1870	2
1872	1
1873	1
1874	1
1875	1
1876	1
1877	2
1881	3
1882	1
1883	1
1884	1
1885	4
1886	2
1888	1
1890	1
1892	1
1893	2
1895	1
1897	2
1900	1
1901	3
1902	1
1903	1
1904	2
1905	2
1908	2
1909	2
1910	1
1911	1
1914	2
1916	2
1917	1
1920	2
1922	1
1923	1
1927	1
1931	1
1932	1
1936	1
1937	1
1938	2
1943	2
1946	1
1947	2
1948	1
1952	1
1955	2
1956	1
1957	1
1960	1
1962	1
1964	1
1970	2
1971	1
1972	2
1976	3
1977	1
1979	1
1987	2
1991	2
1992	1
1994	1
1995	1
1997	1
1998	1
2001	2
2005	1
2006	2
2008	2
2010	3
2011	1
2014	2
2015	1
2017	1
2018	1
2019	1
2020	1
2021	1
2027	1
2028	1
2031	1
2032	1
2033	1
2035	1
2042	1
2049	1
2050	1
2051	1
2053	3
2054	1
2058	1
2059	1
2062	2
2063	1
2066	1
2074	2
2076	1
2081	2
2082	2
2085	1
2086	1
2089	1
2092	1
2094	2
2096	2
2098	1
2104	2
2105	3
2106	1
2107	1
2110	2
2112	2
2113	2
2114	1
2116	1
2118	2
2121	2
2124	1
2126	1
2130	1
2135	1
2136	1
2138	1
2148	1
2149	1
2157	1
2160	1
2163	2
2170	1
2174	2
2177	1
2179	2
2184	1
2188	1
2189	1
2191	1
2193	1
2194	1
2198	1
2199	1
2200	1
2202	1
2203	1
2204	1
2205	1
2208	1
2210	1
2211	1
2213	1
2215	1
2220	1
2223	1
2226	1
2229	2
2230	1
2239	2
2247	1
2248	2
2251	1
2253	1
2260	1
2264	1
2265	1
2273	1
2275	1
2279	1
2282	1
2284	1
2295	1
2303	1
2311	1
2314	1
2328	1
2330	1
2334	1
2340	1
2342	1
2344	1
2345	1
2347	1
2348	1
2352	1
2353	1
2369	1
2374	1
2377	2
2380	1
2381	1
2383	1
2405	1
2409	1
2411	1
2418	1
2419	1
2423	1
2436	1
2441	2
2447	1
2449	1
2451	1
2468	1
2472	1
2477	1
2481	1
2489	1
2491	1
2496	1
2497	1
2505	1
2511	1
2523	1
2554	1
2560	1
2564	1
2573	1
2574	1
2576	1
2580	1
2584	1
2587	3
2592	1
2603	1
2618	1
2639	1
2643	1
2649	1
2652	1
2670	1
2672	1
2674	1
2689	1
2690	1
2691	1
2703	1
2704	1
2726	1
2729	1
2745	1
2755	1
2772	1
2783	1
2785	1
2819	1
2828	1
2846	1
2880	1
2892	1
2911	1
2920	1
2939	1
2942	1
2944	1
2946	1
2989	1
2998	1
3030	1
3124	1
3152	1
3259	1
3361	1
3363	1
3467	1
3643	1
3663	1
3731	1
3764	1
3777	1
3810	1
