1	109
2	51
3	47
4	31
5	19
6	21
7	22
16391	2
8	23
9	23
16394	2
10	10
11	12
12	15
13	9
14	16
15	11
16	18
17	10
16402	1
18	8
19	14
20	17
21	15
16405	1
22	8
23	9
24	10
25	9
26	16
27	14
28	6
29	13
30	12
31	7
16415	1
32	8
33	8
34	8
35	11
36	9
37	10
38	8
39	8
40	4
41	11
42	9
43	9
44	8
45	6
46	4
47	1
48	8
49	6
50	12
51	10
52	9
53	6
54	4
55	3
56	2
57	5
58	8
59	9
60	6
61	3
16446	1
62	8
64	1
65	6
66	6
67	6
68	7
69	5
16453	1
70	14
16454	1
71	5
72	4
16456	1
73	4
74	7
16459	3
75	3
16460	1
76	6
77	4
78	3
16462	2
79	1
80	2
81	11
82	5
16466	1
16467	1
83	6
84	7
85	10
16470	1
86	3
87	3
88	2
89	7
90	8
91	6
92	6
93	3
94	5
95	6
96	2
97	4
98	3
16482	2
99	3
100	3
16484	1
101	4
102	2
103	2
104	7
105	8
106	6
16490	1
107	3
108	5
109	3
16493	1
110	4
111	7
16496	1
112	9
113	1
16498	1
114	2
115	8
117	7
118	2
119	4
120	5
121	3
16506	1
122	5
123	6
124	7
125	10
16510	1
126	2
127	3
128	5
16512	1
129	4
16514	1
130	3
131	4
132	6
133	4
134	5
135	7
136	2
16521	2
137	2
138	3
139	6
140	2
16525	1
141	4
142	2
143	3
16528	1
144	3
16529	1
145	2
146	1
147	4
16532	2
148	1
149	5
150	5
16535	1
151	1
152	5
16536	1
154	4
155	5
157	3
16541	1
158	8
159	3
160	5
16545	1
161	5
162	4
163	6
164	6
165	4
166	4
167	3
168	3
169	8
16554	1
170	3
171	2
172	3
173	2
175	6
176	4
177	2
178	1
16563	1
180	6
181	5
182	1
183	2
184	4
185	3
186	6
187	1
188	3
16572	1
189	4
190	1
191	1
192	3
193	3
194	7
195	2
196	3
197	2
198	6
199	6
200	3
201	2
202	5
203	2
204	1
205	3
206	1
207	1
208	3
209	1
210	3
211	2
212	1
213	3
214	3
16598	1
215	2
16599	1
216	5
16600	1
217	3
218	5
219	2
220	6
221	6
222	2
223	2
224	5
225	7
226	1
227	5
228	3
229	8
230	2
231	3
233	5
234	4
235	2
236	4
237	5
238	3
239	4
16623	1
240	3
241	3
242	5
243	5
244	4
245	5
246	1
247	1
248	1
249	5
16634	1
250	1
251	2
16636	1
253	2
254	4
255	4
256	3
257	4
258	2
259	3
16643	1
260	3
261	2
262	5
263	5
16647	1
264	2
265	2
266	2
16650	1
267	2
268	2
16653	1
270	4
16654	1
271	2
16655	1
272	3
273	2
274	1
275	1
276	2
277	6
16661	1
278	3
279	3
280	2
281	5
16665	1
282	1
283	3
284	6
285	2
16670	1
286	2
287	4
288	4
16672	1
289	3
290	3
291	1
292	1
293	3
16677	1
294	3
16678	1
295	6
296	3
297	4
16682	1
298	1
299	5
300	3
301	7
16686	1
302	1
303	2
16687	1
304	4
305	1
306	3
307	4
16691	1
308	4
309	6
310	3
311	3
312	2
313	1
314	5
315	3
317	4
16702	1
318	2
16703	1
319	2
16704	1
321	4
322	4
323	2
16707	1
324	1
325	2
326	2
327	2
328	4
329	2
330	2
16715	1
331	2
332	2
333	3
334	1
335	5
336	7
337	4
338	4
339	7
340	1
341	1
16725	1
342	4
16727	1
343	2
344	4
16729	1
345	1
346	3
347	1
348	2
349	2
351	2
352	6
353	5
354	2
355	1
16740	1
357	2
16741	1
16742	1
358	5
359	1
360	1
16746	1
362	1
363	1
364	1
16749	1
365	3
366	3
16751	1
367	4
16752	1
368	1
369	1
370	2
371	1
372	1
373	4
16757	1
374	2
375	2
16760	2
376	3
377	5
378	2
379	2
380	3
16765	1
381	1
382	1
16767	1
383	5
384	5
385	3
386	1
387	1
388	3
16773	2
389	2
390	2
391	2
392	4
393	2
394	4
395	5
397	2
398	2
399	1
400	3
401	2
402	2
16786	1
403	3
405	2
406	2
407	2
408	3
16792	1
409	2
410	4
16794	1
411	3
412	1
413	2
414	5
415	2
416	3
16800	1
417	4
418	3
419	2
420	2
421	3
422	6
16806	1
16807	1
424	1
425	2
426	1
427	2
428	2
16813	1
429	1
430	4
16814	1
431	1
432	4
433	2
434	4
16819	1
435	2
436	4
437	1
438	4
439	1
440	6
16824	1
441	1
442	7
443	2
16828	2
444	5
445	3
447	4
448	1
450	4
451	2
454	1
455	1
16840	1
456	7
457	3
458	5
459	5
460	3
461	2
16845	1
462	5
463	1
464	1
465	3
466	1
467	1
468	2
469	2
471	4
16855	2
472	2
16857	1
473	3
474	5
475	2
16860	1
476	4
477	1
478	5
479	4
480	3
481	2
482	2
484	5
485	4
486	1
16870	1
487	4
489	2
490	1
491	2
492	2
493	3
16877	1
16878	1
494	2
495	3
497	3
498	1
499	4
500	1
501	2
502	1
503	3
505	1
506	1
16891	1
507	2
508	2
509	1
510	1
511	2
512	5
513	2
514	2
515	2
516	4
517	2
518	1
16903	2
519	2
520	2
521	3
522	6
523	2
524	1
525	1
526	2
528	2
529	1
530	1
531	1
532	2
533	2
16917	1
535	2
16920	1
538	2
539	2
540	1
541	3
542	1
543	1
16927	1
544	2
545	1
546	2
547	3
548	1
549	1
550	2
551	2
552	2
553	1
16938	1
554	3
556	3
557	2
558	1
559	2
560	1
16946	2
562	2
563	3
564	2
565	2
16949	1
566	3
567	2
568	4
569	1
570	2
571	1
572	3
573	2
16957	1
574	5
576	1
577	3
578	2
16962	1
579	1
580	2
581	1
582	3
583	2
585	1
586	2
587	1
588	3
16972	1
590	2
591	1
592	4
593	2
594	5
595	1
596	2
597	1
598	1
599	1
600	2
602	4
16987	1
603	1
16988	1
604	5
605	4
606	2
607	2
608	2
609	3
16993	1
610	1
16994	1
611	6
612	1
613	1
615	2
616	3
618	2
619	2
620	1
621	3
622	2
623	1
624	3
17008	1
625	3
17009	1
627	5
628	1
629	1
630	2
631	2
634	2
635	1
636	1
637	1
638	2
17023	1
639	1
641	3
642	4
643	3
644	5
645	3
646	5
647	2
648	2
649	7
650	3
652	2
17037	1
653	2
654	2
655	3
656	1
657	1
658	1
17044	1
661	1
662	3
663	2
664	2
665	3
666	2
667	2
670	3
671	4
672	1
673	2
674	2
675	1
676	6
677	2
678	1
17063	1
680	2
681	3
682	3
683	2
684	3
17068	1
685	1
686	2
687	1
688	4
689	1
690	1
691	3
694	1
695	3
696	4
697	2
698	2
699	1
700	2
701	1
702	4
17087	1
703	1
705	4
706	1
707	2
708	4
709	1
710	2
712	3
713	1
714	4
716	2
717	1
718	6
719	1
17104	1
721	2
722	2
724	1
725	3
726	1
727	1
728	1
729	2
730	1
732	2
733	2
734	3
735	1
736	3
737	5
738	2
739	4
740	3
741	2
742	3
743	4
744	1
745	1
746	1
747	1
748	4
749	1
750	3
751	1
752	1
753	6
754	2
755	2
17140	1
757	3
17142	1
759	1
760	2
761	1
762	1
17146	1
763	2
764	2
765	4
766	2
767	5
768	2
769	1
770	2
772	3
773	1
774	3
775	2
778	3
779	1
780	3
781	3
782	1
783	4
784	2
785	1
786	2
787	1
789	1
790	6
791	3
792	2
793	4
794	2
795	3
796	1
17180	1
797	1
799	3
17184	1
800	4
17185	1
802	1
803	1
804	1
805	1
806	3
807	2
808	3
809	1
810	6
811	1
812	2
813	2
815	2
816	3
817	1
819	2
820	3
821	2
822	1
823	1
824	3
825	1
826	1
827	3
829	3
830	2
831	2
832	1
833	9
834	1
835	1
836	2
839	5
840	2
841	1
842	3
843	6
17227	1
844	2
845	2
846	5
847	2
848	2
849	2
850	1
851	1
852	1
853	2
17238	1
854	3
855	3
856	2
858	3
859	1
860	1
861	2
862	4
863	1
864	1
865	3
866	2
868	1
869	4
870	3
872	2
873	3
874	3
875	2
877	3
879	6
880	2
881	1
882	4
884	4
885	4
887	3
888	3
890	2
892	1
893	3
894	2
895	1
896	5
897	3
898	1
899	1
900	3
901	7
902	1
903	2
904	1
905	1
906	3
908	2
909	5
911	1
913	1
914	1
915	1
916	1
917	2
918	2
919	4
921	1
922	2
17306	1
924	3
925	4
926	2
927	3
928	2
930	2
931	2
933	1
934	1
935	3
936	3
937	2
938	1
939	4
940	2
941	2
17326	1
943	4
944	1
945	2
946	3
947	1
948	1
949	1
950	2
951	2
952	4
17336	1
953	2
954	3
956	3
957	2
958	3
959	2
960	1
961	1
962	4
963	3
964	2
965	3
17350	1
967	1
969	1
970	3
971	2
972	3
973	1
974	5
975	1
976	1
977	3
978	2
17363	1
979	2
980	2
981	1
982	1
983	4
984	5
985	2
986	2
987	2
988	1
989	2
990	2
991	3
992	4
993	1
994	2
996	2
997	3
998	2
999	3
1000	2
1001	1
1002	3
1004	1
1005	3
1006	1
1007	2
17391	1
1008	2
17393	1
1011	3
1012	2
17397	1
1014	2
1015	3
1016	3
1017	2
1020	3
1021	3
1022	1
1023	3
17408	1
1025	1
1026	4
1027	2
1029	2
1030	3
1031	2
1032	2
1033	2
1034	3
1035	4
1036	2
1037	3
17421	1
1039	4
1040	1
1041	2
1042	2
1043	3
1044	2
1046	4
1047	2
1048	1
1049	2
1050	3
1051	2
1052	1
1053	2
1054	2
1055	2
1057	1
17442	1
1058	1
1059	3
1060	1
1061	1
1063	1
1064	1
1067	1
1068	1
1069	2
1071	1
1072	2
17457	1
1074	3
1075	3
1076	2
1077	1
1078	2
1080	2
1081	2
1082	3
1083	3
17467	1
17468	1
1084	1
17469	1
1085	3
1087	2
1088	2
1089	1
1090	1
1093	2
1094	2
1095	4
1096	2
1097	2
1098	2
1099	1
1100	2
1101	2
17486	1
1102	3
1103	2
1104	2
1105	1
1106	1
1107	3
1108	5
17493	1
1109	3
1110	2
1111	1
1112	1
17496	1
1114	2
17499	1
1115	2
1116	1
1117	1
1118	4
1120	3
1121	1
1122	3
1123	3
1124	1
1125	1
1126	1
1128	3
1129	1
1130	1
1131	2
1133	2
1134	1
1135	3
1136	5
1137	4
1138	2
1139	1
1140	4
1141	6
1142	2
17527	1
1145	4
1146	3
1147	1
1148	1
1149	4
1150	1
1151	1
1152	5
1153	1
17538	1
1154	2
1155	2
1156	3
1157	2
1158	4
1159	1
1160	5
1161	4
1162	2
1163	3
1164	3
1165	4
1166	2
1167	2
1168	2
1169	7
1170	3
1171	2
1172	2
1173	1
1175	2
1177	1
1178	3
1179	1
1180	2
1181	3
17567	1
1183	1
1186	2
1187	1
1189	7
1190	1
1191	7
1192	3
1193	2
1194	1
1195	5
1196	1
1197	1
1198	1
17584	1
1200	2
1201	1
1202	4
1203	3
1204	2
1205	1
1206	1
1207	4
1209	1
1210	1
1211	1
1212	5
17596	1
1213	4
1214	1
17599	1
1215	1
1216	3
1217	3
1218	1
1221	3
1222	5
1223	4
1224	1
1225	2
1226	2
1227	3
1228	2
1229	2
1230	1
1231	3
1232	3
1235	1
1236	5
1237	1
1238	2
17623	1
1239	2
1240	3
1242	2
1243	5
1244	5
1245	2
1246	5
1247	1
1249	1
1250	1
1251	2
1253	4
1254	3
1255	1
1256	1
1257	4
17643	1
1259	1
1260	3
1262	2
1263	2
1266	2
1267	2
1268	1
1269	2
1270	2
1271	1
1272	2
1274	1
1275	3
1276	2
1277	4
1280	3
1282	4
1283	1
1284	1
1285	1
1286	3
1287	1
1291	3
1292	3
1294	2
1295	2
1297	2
1298	4
1299	1
1300	2
1303	1
1304	2
17688	1
1306	2
1307	2
1308	5
1309	3
1310	4
1311	2
1312	2
1313	1
1314	1
1315	6
1316	1
1318	3
1319	1
1320	2
1322	2
1325	2
1326	1
1327	3
1328	2
1329	4
1331	1
1332	1
1333	1
1334	2
17719	1
1335	2
1337	2
1338	2
1340	1
1341	2
1342	1
1343	1
1345	1
1346	2
1347	3
1350	1
1352	1
1353	3
1354	3
1355	4
1356	5
1357	3
1358	4
1359	1
1360	3
1362	1
1363	2
1364	4
1365	4
17750	1
1366	1
1367	1
1368	7
1370	2
1371	3
1372	1
1374	2
1375	1
1376	1
1377	5
1378	1
1380	2
1381	1
1382	2
1383	2
1384	1
1385	2
1386	4
1387	3
1388	1
1389	2
1390	1
1391	1
1394	2
1396	2
1397	1
1398	7
1399	2
1400	2
1401	2
1402	1
1403	1
1404	2
1405	2
1406	3
1407	2
1408	2
1409	2
1410	2
1411	3
1412	1
1414	2
1415	5
1417	1
1418	3
1419	3
1420	3
1421	2
1422	3
1423	1
1425	2
1427	3
1428	2
1429	4
1430	3
1431	2
1433	2
1434	3
1435	3
1436	4
1437	1
1438	4
1439	1
1440	1
1441	3
1442	4
1443	1
17828	1
1444	3
1445	3
1446	2
1447	2
1448	2
1449	3
1450	2
1451	1
1453	2
1454	2
1455	1
1456	3
1457	1
1458	2
1459	1
1460	4
1461	1
1462	2
1463	2
1464	2
1465	3
1466	1
1467	1
1468	2
1469	1
1470	1
1471	2
1472	2
1473	4
1474	1
1475	1
1476	4
1477	4
1478	1
1480	1
1481	1
1482	4
1483	1
1484	2
1485	4
1486	1
1487	3
1488	1
1489	1
1490	2
1491	5
1492	3
1494	3
1495	3
1497	2
1498	2
1499	4
1501	1
1502	3
1504	2
1505	2
1506	3
1507	1
1508	2
17892	1
1509	4
1510	1
1511	2
1512	4
1513	1
1514	5
1517	1
1519	5
17904	1
1520	3
1521	3
1522	1
1523	3
1524	4
1525	1
1526	3
1527	3
1528	3
1529	3
1530	3
1531	3
1532	1
1533	1
1534	1
1535	4
1536	3
1537	2
1538	3
1539	1
1540	1
1541	1
1542	1
1543	1
1544	1
1545	1
1546	1
1547	1
1548	2
1550	3
1551	1
1552	1
1553	2
1554	6
1555	2
1556	1
1557	4
1558	1
1559	4
1560	3
1561	1
1562	3
1563	5
1564	1
1565	2
17950	1
1566	4
1568	2
1569	1
1570	2
1573	3
1575	2
1576	2
1577	2
1578	2
1579	2
1581	2
1582	4
1583	2
1584	3
1585	1
1586	2
1587	1
1588	1
1589	1
1590	1
1591	2
1592	1
1593	7
1594	4
1595	2
1597	1
1598	3
1599	5
1600	2
1602	1
1603	1
1604	2
1605	1
1606	1
1607	2
1608	1
1610	1
1611	1
1612	1
1613	1
1614	3
1616	1
1617	5
1618	1
1619	2
1620	1
1621	2
1622	3
1623	1
1624	2
1625	4
1626	4
1627	1
1628	5
1629	2
1630	3
1631	2
1632	2
1634	2
1635	1
1636	1
1637	3
1638	1
1639	4
1640	4
1642	3
1643	2
1646	1
1647	3
1648	1
1649	1
1650	3
1651	1
1652	2
1653	3
1654	5
1656	3
1657	2
1658	2
1659	1
1661	1
1663	2
1664	3
1665	1
1666	2
1667	2
1668	1
1669	3
1670	1
1672	3
1674	2
1675	1
1676	2
1677	3
1678	5
1681	3
1682	2
1683	2
1684	3
1685	3
1686	1
1687	2
1688	1
1689	3
1690	1
1691	4
1692	1
18076	1
1693	4
1694	1
1695	1
1697	1
1698	5
1699	1
1700	2
1701	2
1702	3
1703	2
1705	1
1707	1
18092	1
1708	2
1709	1
1710	3
1711	2
1712	1
1713	1
1714	2
1715	4
1716	4
1717	1
1718	2
1719	2
1720	3
1721	3
1723	2
1725	4
1726	1
1727	1
1728	1
1729	2
1733	3
1736	3
1738	2
1739	1
1740	1
1742	2
1743	1
1744	3
1745	5
1746	2
1747	4
1748	1
1749	4
1751	1
1752	1
1753	3
1755	3
1758	4
1760	1
1761	2
1763	4
1766	4
1767	2
1768	2
1769	2
1770	3
1772	2
1773	2
1776	1
1777	3
1778	3
1779	3
1780	2
1781	1
1782	1
1783	2
1784	3
1786	1
1787	1
1788	1
1789	3
1790	2
1791	1
1792	4
1793	1
1794	2
1795	1
1797	2
1798	1
1799	1
1800	1
1801	1
1802	4
1803	4
1804	2
1805	1
1806	1
1808	1
1809	2
1810	2
1811	2
1812	1
1813	1
1816	4
1817	1
1818	3
1819	1
1820	1
1821	3
1822	3
1823	3
1824	2
1825	3
1826	2
1827	3
1828	2
1829	2
1830	1
1831	1
1832	1
1833	1
1835	2
1836	1
1838	2
1839	3
1841	2
1842	1
1843	2
1844	3
1845	2
1847	2
1848	1
1849	1
1850	4
1851	3
1852	1
1853	1
1854	2
1855	1
1856	1
1857	1
1858	2
1859	2
1860	4
1861	3
1862	2
1863	4
1864	4
1865	2
1866	1
1867	2
1868	3
1869	4
1870	2
1871	2
1872	1
1873	2
1874	1
1876	2
1877	2
1878	1
1879	1
1880	1
1881	1
1883	1
1884	2
1885	3
1887	1
1889	2
1892	1
1893	1
1894	1
1895	1
1897	1
1898	1
1900	3
1903	2
1904	4
1905	2
1906	3
1907	2
1908	1
1909	2
1911	3
1912	4
1913	1
1914	2
1915	1
1916	1
1917	1
1920	4
1921	5
1923	3
1924	2
1925	1
1926	4
1927	1
1928	2
1929	1
1930	1
1931	2
1932	1
1933	3
1934	2
1935	2
1936	3
1938	1
1939	2
1940	3
1941	1
1942	1
1943	1
1944	1
1945	4
1946	1
1947	1
1948	3
18332	1
1949	3
1950	1
1951	1
1952	5
1953	1
1954	2
1955	1
1956	1
1957	2
1958	1
1959	1
1961	1
1962	3
1964	1
1966	1
1967	2
1969	1
1970	2
1973	3
1974	2
1975	4
1976	3
1977	2
1978	3
1979	2
1980	1
1981	3
1982	6
1983	2
1984	2
1985	2
1987	3
1988	1
1990	3
1991	1
1992	2
1993	2
1994	3
1995	3
1996	1
1997	1
1998	2
1999	2
2001	2
18387	1
2003	2
2004	1
2005	2
2006	1
2007	1
2008	2
2009	2
2010	2
2012	1
18397	1
2015	2
2016	3
2017	1
2018	2
2020	1
2022	1
2024	2
2025	3
2026	1
2028	3
2029	5
2030	4
2031	3
2033	2
2036	1
2037	2
2040	1
2041	3
2042	2
2043	1
2044	2
2045	1
2046	1
2047	3
2048	2
2049	3
2050	2
2051	1
2052	3
2053	3
2055	1
2056	3
2057	2
2058	2
2059	4
2060	2
2061	2
2062	1
2064	1
2065	3
2066	1
2067	1
2068	1
2069	1
2070	6
2072	1
2073	3
2074	3
2075	2
2076	2
2077	2
2078	3
2080	2
2081	2
2082	4
2083	1
2084	2
2086	2
2087	1
2088	3
2089	2
2091	2
2092	2
2093	3
2094	3
2095	1
2096	1
2097	1
2099	3
2100	4
2101	1
2102	1
2103	2
2104	5
2105	2
2106	3
2107	3
2108	1
2109	2
2110	2
2111	1
2113	3
2114	2
2115	1
2116	1
2117	3
2118	5
2120	2
2121	2
2122	2
2123	3
2125	1
2127	1
2128	6
2129	3
2131	1
2132	4
2134	2
2135	1
2136	1
2137	2
2138	4
2140	3
2141	2
2142	1
2143	1
2144	2
2145	2
2146	1
2147	1
2149	2
2150	1
2151	1
2152	1
2153	1
2154	3
2155	2
2156	2
2157	2
2158	1
2159	2
2160	3
2161	1
2163	2
2165	2
2167	3
2168	2
2169	1
2171	2
2172	2
2173	2
2174	3
2175	5
2176	2
2177	1
2178	1
2179	1
2180	3
2181	2
2182	2
2183	1
2184	3
2186	2
2187	2
2188	1
2189	1
2191	3
2192	2
2193	7
2194	3
2195	2
2196	3
2197	3
2198	1
2199	1
2200	3
2201	3
2202	1
2203	1
2204	1
2205	5
2206	2
2208	1
2211	1
2213	3
2214	4
2215	1
2216	4
2217	1
2218	2
2219	3
2220	1
2221	1
2222	1
2223	2
2225	4
2226	2
2228	1
2229	2
2230	2
2231	2
2232	2
2234	1
2235	2
2237	1
2238	1
2240	1
2241	3
2242	1
2243	2
2244	5
2245	1
2246	2
2249	2
2250	2
2251	2
2252	3
2253	1
2254	3
2257	2
2258	3
2259	2
2261	2
2262	4
2263	1
2264	4
2265	1
2266	2
2267	2
2268	3
2269	1
2270	2
2271	2
2272	2
2273	1
2274	3
2276	3
2277	3
2278	5
2279	1
2280	1
2281	1
2282	1
2283	2
2284	4
2285	1
2286	2
2287	3
2288	3
2289	4
2290	1
2291	1
2292	5
2293	4
2294	2
2296	3
2297	1
2298	5
2300	2
2301	2
2302	3
2303	2
2304	3
2306	5
2307	6
2308	2
2309	4
2311	1
2312	3
2313	1
2314	2
2315	1
2316	3
2318	1
2319	2
2320	1
2321	1
2323	2
2324	4
2325	3
2326	1
2327	1
2329	1
2331	2
2332	2
2333	2
2335	4
2337	3
2338	4
2339	2
2340	2
2341	5
2342	1
2343	2
2344	1
2345	1
2346	2
2347	2
2348	1
2349	1
2350	4
2351	1
2352	2
2353	1
2354	2
2356	1
2357	1
2358	1
2359	1
2361	1
2362	1
2364	2
2365	1
2366	2
2370	1
2371	1
2372	1
2373	1
2374	2
2375	3
2376	3
2377	1
2378	3
2380	3
2381	1
2382	3
2383	1
2384	1
2385	3
2388	3
2389	2
2392	3
2393	2
2394	2
2395	3
2396	2
2397	2
2398	2
2399	3
2400	2
2401	1
2402	2
2403	1
2404	1
2406	3
2407	2
2408	4
2411	1
2412	3
2413	2
2414	3
2416	2
2419	1
2420	1
2422	1
2423	2
2424	2
2425	1
2426	2
2427	2
2428	2
2429	1
2431	1
2432	3
2434	3
2435	1
2437	1
2438	2
2439	1
2440	1
2441	2
2443	1
2444	2
2445	2
2446	6
2449	1
2450	2
2451	2
2452	3
2454	1
2455	1
2456	2
2458	2
2459	3
2460	4
2461	3
2462	2
2464	1
2465	1
2466	1
2467	3
2468	4
2469	2
2470	1
2472	1
2474	2
2475	3
2476	4
2477	2
2478	4
2480	2
2482	1
2483	1
2484	1
2485	1
2486	2
2488	2
2489	2
2490	4
2492	3
2493	3
2494	1
2495	2
2496	3
2497	1
2498	1
2499	1
2500	1
2501	1
2502	1
2503	2
2504	6
2505	1
2506	1
2508	2
2509	1
2511	2
2513	3
2514	1
2515	2
2517	2
2518	1
2519	2
2520	4
2521	2
2522	3
2523	3
2524	2
2525	3
2526	4
2527	3
2529	5
2531	1
2532	1
2534	1
2535	3
2536	1
2537	6
2538	2
2540	2
2541	2
2542	2
2543	2
2544	6
2546	1
2547	3
2548	1
2549	2
2550	1
2551	2
2552	2
2553	3
2554	1
2555	3
2556	2
2557	2
2558	3
2559	3
2560	2
2562	2
2563	2
2565	1
2566	2
2567	4
2568	1
2570	1
2571	1
2572	1
2573	3
2574	1
2575	3
2576	1
2577	1
2578	1
2581	1
2582	2
2583	4
2585	1
2586	1
2587	1
2588	4
2589	3
2591	2
2592	2
2593	3
2594	5
2595	1
2596	2
2597	1
2598	5
2599	2
2600	3
2601	1
2602	1
2603	2
2604	2
2605	4
2606	3
2607	1
2608	2
2609	1
2611	2
2612	2
2615	3
2616	4
2617	2
2618	3
2620	2
2621	3
2623	2
2624	2
2626	3
2627	2
2628	1
2629	3
2630	1
2632	4
2633	1
2635	2
2636	2
2637	2
2638	2
2639	2
2641	5
2642	4
2643	1
2644	4
2647	1
2648	4
2649	2
2650	2
2651	1
2652	2
2653	1
2654	2
2656	1
2658	4
2659	1
2660	2
2662	3
2663	2
2664	2
2665	3
2666	2
2667	1
2668	1
2670	1
2671	1
2673	4
2674	5
2676	4
2677	4
2679	1
2680	2
2681	3
2682	1
2683	6
2684	1
2685	4
2687	3
2688	1
2689	3
2693	4
2694	1
2697	2
2699	3
2700	2
2701	2
2703	3
2704	2
2705	2
2707	1
2709	4
2711	1
2712	1
2713	1
2714	2
2715	1
2717	1
2718	2
2719	2
2720	2
2722	3
2723	1
2725	3
2726	1
2729	1
2730	1
2731	2
2733	3
2734	2
2735	2
2736	3
2737	1
2739	1
2741	1
2742	2
2743	2
2744	1
2745	1
2746	1
2748	2
2749	1
2750	4
2751	1
2752	6
2753	3
2754	1
2755	1
2756	2
2757	3
2758	4
2759	1
2760	1
2763	2
2764	1
2765	2
2767	1
2770	1
2772	2
2774	2
2775	1
2776	2
2777	2
2781	3
2782	1
2783	1
2784	1
2785	3
2786	1
2788	2
2789	1
2790	3
2791	1
2794	2
2795	2
2796	3
2797	4
2798	1
2799	1
2800	2
2801	2
2802	2
2803	2
2805	5
2806	3
2810	4
2811	3
2812	1
2813	3
2815	1
2816	1
2818	1
2820	1
2822	1
2823	2
2824	2
2825	1
2826	1
2827	3
2828	2
2829	1
2830	2
2831	3
2835	5
2836	2
2837	1
2838	2
2839	2
2840	2
2841	3
2842	1
2843	2
2844	2
2845	2
2846	1
2847	1
2848	4
2849	4
2850	3
2851	2
2852	3
2854	1
2855	1
2857	3
2859	7
2860	2
2862	1
2863	5
2864	5
2865	1
2866	1
2867	2
2868	3
2869	1
2870	2
2871	4
2872	1
2873	3
2874	2
2875	2
2877	4
2878	1
2879	2
2882	5
2883	1
2884	3
2885	1
2886	2
2887	2
2888	3
2889	1
2890	2
2892	2
2893	1
2895	3
2896	3
2897	2
2898	1
2899	2
2901	1
2902	2
2903	1
2904	2
2905	2
2906	1
2908	2
2909	3
2911	1
2914	3
2915	4
2916	2
2917	1
2919	2
2921	1
2922	1
2923	1
2924	1
2925	1
2926	3
2927	2
2928	1
2929	1
2932	1
2933	2
2934	1
2935	1
2936	2
2938	1
2939	2
2940	1
2941	2
2942	2
2944	1
2945	1
2947	1
2948	2
2949	3
2950	2
2951	1
2952	1
2953	3
2954	2
2955	3
2956	1
2958	1
2960	2
2961	3
2962	2
2963	3
2964	1
2965	2
2966	1
2968	4
2969	2
2971	4
2972	3
2973	1
2974	3
2975	1
2976	1
2977	2
2978	1
2979	3
2981	2
2982	4
2983	2
2984	3
2985	2
2987	2
2988	5
2989	1
2990	2
2991	1
2992	2
2993	1
2994	4
2995	1
2996	2
3000	4
3001	1
3002	2
3005	2
3006	2
3007	1
3009	2
3010	1
3011	1
3012	1
3013	2
3014	2
3015	3
3016	2
3017	4
3018	1
3019	2
3020	4
3021	1
3023	1
3024	2
3025	1
3026	2
3028	2
3029	2
3030	1
3031	1
3032	1
3033	1
3034	4
3035	3
3036	4
3037	2
3040	2
3041	1
3042	1
3043	4
3044	3
3045	1
3046	2
3047	1
3048	3
3049	1
3050	3
3051	2
3052	2
3053	2
3054	3
3055	1
3056	2
3058	2
3060	4
3061	2
3062	1
3063	1
3064	3
3065	3
3066	4
3067	4
3068	2
3069	2
3070	1
3071	1
3073	1
3074	2
3075	1
3076	3
3077	2
3078	2
3079	2
3080	1
3082	1
3083	1
3084	3
3085	1
3086	1
3087	4
3088	3
3089	1
3090	2
3091	1
3093	1
3094	2
3095	4
3096	2
3097	1
3101	1
3102	1
3103	1
3104	1
3105	1
3106	3
3107	1
3108	1
3109	4
3110	1
3112	3
3113	3
3115	1
3116	4
3117	1
3118	4
3119	1
3120	2
3121	1
3122	2
3123	1
3124	2
3125	1
3126	1
3128	1
3130	3
3131	2
3132	1
3133	1
3134	2
3136	2
3138	3
3140	2
3141	1
3142	2
3143	2
3144	2
3145	1
3146	1
3147	2
3148	5
3149	2
3150	1
3151	2
3152	1
3153	1
3155	2
3156	2
3157	1
3158	2
3159	2
3160	3
3161	2
3162	2
3163	5
3165	4
3166	4
3167	3
3168	4
3169	3
3170	1
3172	1
3174	2
3175	1
3176	2
3177	1
3179	1
3180	3
3181	1
3182	2
3184	3
3186	1
3187	3
3188	3
3189	2
3191	1
3192	2
3193	5
3194	1
3195	3
3196	2
3197	2
3198	3
3200	1
3201	1
3202	2
3203	1
3204	1
3205	1
3206	3
3208	1
3209	1
3210	3
3211	1
3212	2
3213	1
3214	3
3215	2
3216	1
3217	3
3218	1
3219	1
3220	6
3221	1
3222	2
3223	3
3224	3
3225	4
3226	1
3227	2
3228	4
3229	2
3230	2
3231	2
3232	1
3233	4
3235	1
3237	2
3238	3
3239	1
3240	2
3241	2
3242	4
3244	1
3245	1
3247	2
3248	2
3249	1
3250	2
3251	2
3253	2
3254	1
3255	3
3256	2
3257	3
3258	2
3259	3
3260	4
3261	3
3262	2
3263	3
3264	1
3266	4
3267	1
3268	3
3271	1
3272	1
3274	3
3275	5
3276	1
3277	1
3278	2
3279	2
3280	2
3281	1
3282	3
3283	4
3284	5
3285	2
3286	2
3287	3
3288	2
3290	4
3292	2
3293	2
3294	3
3296	3
3297	7
3298	3
3301	4
3304	2
3305	3
3306	3
3307	3
3308	2
3309	2
3311	2
3312	3
3313	1
3315	1
3316	3
3317	3
3318	1
3319	6
3320	1
3321	4
3322	3
3324	1
3325	2
3326	1
3327	1
3328	3
3329	3
3330	1
3331	1
3332	2
3333	2
3334	2
3335	2
3336	2
3337	1
3338	6
3339	1
3341	1
3342	2
3343	1
3345	1
3346	2
3347	2
3349	2
3350	1
3351	4
3352	3
3353	1
3354	3
3355	1
3356	1
3357	1
3358	2
3359	3
3360	1
3361	2
3362	1
3363	3
3364	3
3365	5
3367	1
3368	3
3370	1
3371	4
3372	1
3373	1
3375	1
3376	2
3377	1
3379	3
3380	2
3383	1
3385	2
3386	1
3387	2
3388	1
3390	3
3393	1
3395	2
3398	1
3399	2
3401	5
3402	5
3403	1
3404	3
3405	1
3406	6
3407	2
3408	2
3410	1
3411	3
3412	4
3413	2
3414	2
3415	4
3416	1
3417	2
3418	3
3419	2
3420	2
3421	4
3422	1
3424	2
3426	1
3427	1
3428	1
3429	1
3431	3
3432	1
3433	1
3434	2
3435	4
3436	3
3437	2
3438	1
3439	2
3441	2
3442	1
3443	2
3444	2
3445	3
3446	2
3448	4
3449	3
3450	3
3451	1
3452	1
3453	1
3454	3
3455	2
3456	1
3457	3
3458	1
3459	1
3462	3
3463	2
3464	3
3465	2
3466	2
3468	1
3469	1
3470	4
3471	3
3472	2
3473	2
3474	3
3476	3
3477	1
3478	1
3479	1
3480	2
3481	3
3482	2
3483	1
3484	1
3485	1
3486	1
3487	3
3488	3
3490	1
3491	6
3492	2
3493	1
3495	3
3496	3
3498	5
3500	1
3501	2
3502	4
3503	7
3504	2
3506	1
3507	4
3508	1
3509	4
3511	1
3512	1
3513	2
3514	1
3515	2
3516	1
3518	2
3520	2
3521	5
3522	1
3523	6
3524	3
3527	1
3528	1
3529	3
3530	1
3531	4
3533	2
3534	2
3535	2
3538	2
3539	1
3540	5
3542	1
3543	1
3544	3
3545	1
3546	3
3547	1
3548	2
3549	1
3551	2
3552	3
3553	3
3554	3
3555	3
3556	1
3558	4
3560	3
3561	4
3562	1
3563	1
3564	1
3565	1
3566	1
3567	2
3568	1
3569	1
3570	2
3571	3
3572	3
3573	1
3574	2
3575	2
3576	2
3577	1
3578	3
3579	2
3580	3
3582	2
3583	1
3584	2
3585	1
3587	4
3588	4
3590	2
3591	2
3592	2
3594	2
3596	3
3598	2
3599	3
3600	2
3601	1
3602	3
3603	2
3604	5
3605	2
3606	3
3608	3
3609	1
3610	5
3611	1
3612	3
3613	2
3616	1
3617	1
3618	4
3619	1
3620	1
3621	4
3622	1
3623	2
3624	3
3625	1
3626	1
3627	6
3628	3
3630	4
3631	1
3632	1
3633	2
3634	3
3635	3
3636	2
3637	2
3638	3
3639	1
3640	3
3642	4
3644	3
3646	7
3647	3
3648	2
3649	2
3650	3
3651	3
3652	2
3653	3
3655	1
3657	3
3658	1
3659	1
3660	3
3661	5
3662	2
3663	2
3664	1
3665	1
3666	1
3667	1
3668	3
3669	3
3670	1
3671	5
3672	2
3673	1
3674	3
3675	1
3676	1
3678	2
3680	3
3681	5
3685	1
3686	1
3687	2
3689	1
3690	2
3691	1
3692	4
3695	1
3696	2
3697	4
3698	2
3699	2
3700	2
3701	1
3702	1
3703	1
3704	1
3705	1
3706	3
3709	2
3711	2
3712	4
3713	3
3714	2
3715	2
3716	1
3717	3
3718	1
3719	1
3720	3
3721	1
3722	1
3723	4
3724	2
3725	1
3726	4
3727	1
3728	2
3730	4
3731	3
3732	2
3733	2
3734	4
3736	3
3737	2
3739	3
3740	3
3741	4
3742	2
3743	2
3744	3
3745	3
3746	1
3748	3
3750	3
3751	1
3752	3
3754	1
3755	5
3756	1
3757	3
3758	1
3759	3
3760	2
3761	4
3762	1
3764	1
3765	1
3766	3
3767	1
3768	2
3769	1
3770	2
3771	2
3772	2
3773	2
3774	3
3775	5
3776	2
3778	1
3779	2
3780	1
3782	1
3783	1
3785	2
3787	1
3788	3
3789	1
3790	3
3791	1
3792	1
3793	2
3794	1
3795	4
3797	1
3798	1
3799	1
3800	1
3801	1
3802	3
3803	2
3805	1
3806	2
3808	3
3809	2
3811	4
3812	1
3813	2
3814	2
3817	2
3818	4
3819	1
3822	2
3823	1
3825	5
3826	2
3827	1
3828	6
3829	1
3830	3
3831	1
3833	4
3834	2
3835	1
3836	4
3837	1
3839	1
3840	2
3841	3
3845	1
3846	2
3847	2
3848	3
3850	1
3851	1
3852	4
3853	1
3854	4
3855	1
3856	1
3857	1
3858	1
3859	1
3861	2
3862	6
3866	2
3867	1
3868	1
3869	1
3871	1
3873	1
3875	1
3879	3
3880	2
3881	3
3883	4
3885	1
3886	2
3887	2
3888	2
3891	2
3892	4
3893	1
3894	2
3895	4
3896	3
3897	1
3898	1
3899	2
3900	3
3901	2
3903	3
3904	1
3905	2
3906	1
3908	1
3909	3
3910	3
3911	2
3912	3
3913	2
3914	1
3916	1
3920	6
3921	1
3922	1
3923	2
3924	2
3925	3
3926	1
3927	1
3928	2
3929	2
3930	2
3932	3
3933	2
3934	3
3936	2
3937	1
3938	2
3939	5
3940	2
3941	1
3943	4
3945	5
3946	4
3947	2
3948	2
3951	1
3952	2
3953	3
3954	2
3955	4
3956	3
3957	3
3958	1
3959	1
3960	1
3961	3
3962	1
3963	1
3964	2
3965	1
3966	3
3967	4
3968	1
3969	2
3970	3
3972	1
3973	1
3974	1
3975	1
3977	3
3979	1
3981	3
3983	1
3984	1
3985	3
3986	1
3988	4
3989	1
3990	1
3991	3
3992	3
3994	1
3995	1
3996	4
3997	1
3999	1
4000	1
4001	3
4002	2
4003	6
4004	3
4006	4
4007	2
4008	4
4009	1
4010	1
4013	1
4015	1
4016	1
4017	1
4018	2
4020	1
4021	1
4022	1
4023	1
4024	4
4025	4
4026	1
4027	2
4028	3
4030	1
4031	2
4032	2
4033	2
4034	2
4035	4
4036	2
4037	1
4038	3
4040	4
4042	1
4043	1
4044	5
4045	6
4046	1
4047	1
4050	2
4053	4
4054	3
4055	6
4058	1
4059	2
4060	2
4061	2
4063	2
4064	3
4065	4
4066	2
4067	1
4068	2
4069	2
4071	2
4075	2
4076	5
4077	2
4078	1
4079	1
4081	2
4082	1
4083	5
4084	1
4085	3
4086	4
4090	1
4091	1
4092	1
4093	1
4095	1
4096	1
4097	3
4098	2
4100	4
4101	3
4103	2
4104	1
4105	2
4106	1
4107	1
4108	2
4109	1
4110	1
4111	2
4112	2
4115	3
4116	4
4117	1
4118	4
4119	1
4120	5
4122	1
4123	2
4124	6
4126	1
4127	1
4128	2
4130	2
4131	2
4132	1
4133	1
4134	2
4135	2
4136	1
4137	3
4138	1
4139	1
4140	2
4141	1
4142	1
4143	2
4145	2
4147	4
4148	1
4149	3
4150	1
4152	2
4154	5
4155	2
4156	2
4157	4
4158	4
4159	2
4160	1
4161	2
4162	3
4163	2
4164	3
4165	2
4167	1
4168	2
4169	3
4171	8
4172	2
4173	4
4174	1
4175	2
4177	1
4178	1
4179	1
4180	2
4181	1
4183	1
4184	2
4185	3
4186	1
4187	3
4188	3
4189	2
4190	1
4192	1
4193	2
4194	4
4196	3
4197	2
4198	2
4199	1
4200	3
4201	2
4202	1
4203	1
4204	5
4205	2
4206	3
4209	4
4210	2
4211	1
4212	1
4214	3
4215	3
4216	3
4217	2
4218	1
4219	3
4220	3
4221	2
4222	2
4223	2
4225	2
4226	1
4227	2
4228	1
4229	5
4230	4
4231	1
4234	1
4236	3
4237	1
4238	2
4239	2
4240	1
4241	2
4242	2
4243	3
4244	3
4245	1
4246	1
4247	1
4250	2
4251	1
4252	1
4255	1
4257	1
4259	1
4260	1
4261	1
4263	1
4264	2
4265	4
4266	2
4268	2
4269	1
4270	2
4271	4
4273	2
4275	3
4276	2
4277	1
4278	1
4279	2
4280	2
4281	1
4283	1
4284	4
4285	1
4286	2
4287	1
4288	3
4289	2
4291	2
4292	1
4293	2
4294	2
4295	2
4296	1
4297	1
4299	2
4300	2
4301	1
4302	2
4303	2
4304	2
4305	1
4306	2
4307	2
4308	1
4310	1
4311	1
4312	2
4313	1
4314	2
4315	1
4316	2
4317	2
4318	1
4319	1
4320	2
4322	1
4323	2
4324	2
4325	1
4326	2
4327	1
4329	1
4330	2
4331	1
4335	2
4336	2
4337	3
4340	2
4341	1
4342	2
4343	4
4344	1
4345	1
4346	3
4347	1
4348	1
4349	1
4350	2
4351	2
4352	2
4353	2
4354	4
4355	2
4356	1
4357	2
4358	1
4359	1
4360	2
4361	1
4362	1
4363	1
4365	3
4366	2
4368	2
4369	3
4370	1
4373	3
4374	2
4375	2
4376	2
4377	3
4379	1
4380	1
4381	3
4383	1
4387	4
4390	1
4391	2
4392	5
4393	3
4395	1
4397	2
4398	1
4401	2
4402	1
4403	2
4404	2
4405	1
4406	2
4407	3
4408	1
4409	1
4410	2
4411	1
4412	5
4413	3
4414	2
4419	2
4420	1
4421	3
4424	2
4426	1
4427	1
4428	1
4430	3
4431	2
4432	1
4433	1
4434	2
4435	1
4436	2
4437	1
4438	2
4439	2
4440	2
4441	3
4443	1
4445	1
4446	2
4447	2
4448	3
4449	2
4451	1
4453	4
4454	4
4455	1
4456	3
4457	2
4458	1
4459	1
4460	2
4461	2
4462	1
4463	4
4464	1
4467	1
4468	2
4469	1
4470	2
4471	1
4472	1
4473	1
4474	1
4476	2
4477	2
4478	1
4479	1
4480	2
4483	1
4484	2
4485	3
4486	1
4487	1
4488	1
4489	1
4490	1
4491	1
4492	3
4493	2
4494	1
4495	2
4496	2
4497	4
4498	4
4499	4
4500	2
4501	1
4502	3
4503	2
4504	2
4505	1
4506	1
4507	2
4508	2
4509	4
4510	2
4511	1
4512	1
4514	1
4515	2
4516	1
4517	2
4518	3
4519	2
4520	2
4522	1
4523	1
4524	2
4525	1
4526	1
4527	1
4528	1
4529	1
4530	1
4532	3
4533	2
4534	3
4535	1
4537	2
4538	2
4539	3
4540	2
4541	4
4542	2
4543	3
4544	3
4545	4
4546	1
4547	1
4548	3
4549	1
4551	3
4552	3
4553	1
4555	4
4556	1
4557	2
4558	1
4559	1
4561	2
4562	1
4563	2
4564	1
4565	1
4566	2
4568	1
4570	3
4571	2
4572	1
4573	6
4574	3
4575	4
4576	2
4577	3
4579	3
4580	4
4582	2
4583	4
4584	1
4586	1
4587	1
4589	2
4590	1
4591	1
4593	2
4594	2
4596	2
4597	2
4598	3
4600	2
4601	1
4602	1
4603	2
4604	1
4605	1
4606	3
4608	2
4611	3
4612	1
4613	2
4614	1
4615	3
4616	2
4617	1
4618	3
4619	1
4621	4
4623	2
4624	2
4625	2
4626	2
4627	1
4628	1
4631	4
4632	2
4634	2
4635	2
4636	2
4639	4
4640	4
4642	3
4643	2
4644	1
4647	4
4649	2
4650	1
4651	1
4652	2
4653	1
4656	2
4657	2
4658	3
4659	2
4661	3
4662	3
4663	4
4664	2
4665	2
4666	2
4667	1
4668	2
4669	3
4670	1
4671	2
4672	1
4673	1
4676	3
4677	2
4678	3
4679	2
4680	2
4681	2
4682	3
4683	2
4684	2
4685	1
4686	2
4688	1
4689	3
4690	2
4691	3
4692	2
4693	1
4694	1
4695	1
4696	2
4697	1
4699	4
4700	1
4701	2
4702	3
4703	1
4704	5
4705	2
4707	2
4708	2
4709	3
4710	2
4711	1
4712	4
4715	3
4716	2
4718	1
4719	1
4720	3
4721	2
4723	2
4724	1
4725	2
4726	1
4728	1
4729	3
4730	3
4731	1
4732	3
4733	1
4734	2
4735	1
4736	1
4739	1
4741	1
4742	1
4743	1
4744	1
4745	3
4747	3
4748	2
4749	1
4750	2
4751	2
4752	2
4753	2
4754	2
4757	1
4758	2
4760	1
4761	1
4762	2
4764	4
4766	2
4768	2
4771	2
4773	2
4774	2
4775	1
4776	2
4778	4
4779	1
4781	1
4783	5
4785	1
4786	1
4787	1
4788	1
4789	2
4790	1
4791	2
4792	3
4794	1
4795	2
4796	2
4797	1
4798	3
4799	3
4800	1
4801	1
4802	2
4803	1
4804	2
4805	2
4806	5
4807	1
4808	5
4809	1
4811	1
4812	2
4814	1
4815	1
4817	3
4819	1
4820	2
4821	2
4822	3
4823	3
4824	2
4825	1
4826	2
4828	3
4829	2
4830	1
4832	2
4833	1
4834	2
4836	1
4837	1
4838	2
4839	1
4840	1
4842	2
4843	2
4844	2
4845	4
4847	2
4849	1
4851	3
4853	5
4854	4
4855	2
4857	1
4858	1
4860	2
4861	1
4862	2
4864	1
4865	1
4868	2
4869	4
4870	1
4871	4
4873	3
4874	4
4875	4
4876	2
4877	3
4880	3
4881	2
4882	1
4883	3
4884	2
4885	2
4886	3
4887	3
4888	5
4889	3
4890	3
4891	1
4892	1
4897	3
4898	1
4899	3
4900	5
4901	3
4902	2
4904	3
4906	3
4907	2
4908	2
4909	2
4910	1
4912	4
4913	3
4914	1
4915	2
4916	1
4917	5
4919	3
4920	1
4922	1
4923	1
4924	1
4925	3
4926	1
4927	1
4928	2
4929	2
4930	2
4931	2
4934	2
4935	1
4936	1
4937	3
4938	7
4939	1
4940	5
4941	1
4943	2
4944	1
4945	1
4946	1
4947	1
4949	1
4950	2
4952	2
4954	4
4955	3
4956	6
4957	2
4958	2
4959	2
4960	1
4961	1
4962	4
4963	3
4964	1
4965	2
4966	2
4967	2
4968	2
4969	1
4970	3
4971	2
4972	3
4974	1
4975	2
4976	1
4977	1
4979	3
4980	3
4981	1
4982	2
4983	1
4984	3
4987	1
4988	4
4989	1
4991	1
4993	1
4994	1
4995	1
4997	1
4998	1
4999	2
5000	1
5002	6
5004	1
5005	4
5006	2
5008	1
5010	3
5012	2
5013	2
5017	1
5018	3
5019	1
5020	3
5021	2
5022	3
5023	2
5027	1
5028	1
5030	1
5031	2
5033	2
5034	2
5035	2
5036	2
5038	2
5039	2
5040	1
5041	1
5042	3
5043	2
5044	2
5046	2
5047	3
5048	1
5049	1
5052	1
5053	1
5054	5
5055	1
5056	4
5057	5
5058	2
5059	3
5060	1
5061	5
5063	1
5064	1
5065	6
5066	2
5067	3
5068	1
5069	1
5071	2
5074	2
5075	1
5079	2
5081	1
5083	1
5084	1
5085	5
5086	1
5087	3
5089	1
5090	2
5091	2
5093	3
5095	1
5096	6
5097	1
5098	1
5099	1
5100	1
5101	1
5103	1
5104	1
5105	2
5107	2
5109	5
5110	3
5111	2
5112	1
5113	3
5116	3
5117	1
5118	5
5121	1
5122	3
5124	3
5125	1
5127	2
5128	2
5129	1
5130	2
5131	1
5132	3
5135	1
5136	1
5137	1
5138	2
5139	1
5140	1
5141	2
5142	1
5144	2
5145	2
5146	3
5147	4
5150	1
5151	2
5152	2
5153	3
5154	4
5155	4
5156	5
5157	6
5158	1
5159	3
5160	1
5162	3
5163	1
5164	1
5166	3
5167	4
5168	2
5169	1
5171	2
5172	2
5173	3
5175	1
5176	5
5177	1
5178	2
5179	2
5180	1
5181	4
5183	1
5185	2
5186	4
5188	1
5189	1
5190	2
5195	1
5196	1
5197	3
5198	2
5199	1
5200	2
5201	4
5203	1
5204	3
5205	1
5206	3
5208	5
5209	4
5210	2
5211	1
5212	2
5213	1
5214	3
5215	1
5216	3
5217	1
5218	5
5219	1
5220	3
5221	4
5222	1
5223	1
5224	1
5225	2
5226	1
5227	2
5228	4
5229	4
5230	2
5231	3
5232	2
5234	3
5235	2
5236	4
5237	1
5238	1
5239	4
5241	3
5242	2
5243	2
5244	3
5245	2
5246	1
5247	2
5250	6
5251	1
5252	1
5253	2
5255	2
5256	4
5257	3
5258	1
5259	4
5260	1
5261	2
5262	1
5263	2
5265	2
5266	2
5267	1
5268	1
5269	1
5270	1
5271	1
5272	1
5275	4
5276	2
5277	1
5278	3
5282	1
5284	4
5285	5
5286	3
5287	2
5288	3
5289	2
5290	4
5291	1
5293	1
5294	1
5295	2
5296	1
5297	1
5298	6
5299	2
5300	2
5301	1
5303	1
5304	1
5305	4
5306	4
5310	1
5311	2
5312	1
5313	1
5314	1
5315	1
5316	1
5317	1
5318	1
5319	1
5322	1
5323	2
5324	1
5327	1
5328	2
5330	1
5333	1
5337	3
5338	2
5339	1
5340	2
5341	2
5342	1
5343	3
5344	4
5345	1
5347	1
5348	3
5349	2
5350	2
5351	3
5352	1
5354	2
5355	6
5356	3
5357	4
5358	1
5359	1
5360	2
5362	3
5365	1
5367	1
5368	2
5369	4
5370	2
5371	2
5372	3
5373	1
5374	3
5375	1
5376	2
5378	4
5379	3
5380	2
5382	3
5383	2
5384	1
5388	1
5389	1
5391	3
5392	2
5393	1
5394	1
5395	2
5396	1
5397	2
5398	2
5399	1
5400	3
5401	1
5402	1
5403	1
5404	1
5405	2
5406	2
5407	1
5408	3
5409	2
5410	1
5412	4
5413	1
5415	1
5416	2
5417	3
5418	1
5419	3
5420	2
5421	1
5422	1
5423	2
5424	2
5426	3
5427	2
5428	3
5429	3
5430	1
5431	1
5433	3
5434	3
5435	2
5436	1
5437	2
5438	3
5439	1
5440	1
5441	1
5442	4
5445	1
5446	5
5447	1
5448	4
5449	1
5450	4
5451	1
5452	2
5453	2
5454	2
5455	1
5456	1
5457	4
5458	1
5459	3
5461	1
5464	3
5466	2
5467	1
5469	3
5470	2
5472	3
5473	1
5476	1
5477	6
5478	2
5481	3
5482	1
5483	2
5486	3
5487	2
5489	2
5493	1
5494	4
5495	2
5497	1
5498	1
5499	2
5500	1
5501	1
5502	2
5503	1
5504	1
5505	1
5506	2
5507	2
5508	1
5509	1
5510	3
5511	1
5512	1
5513	2
5514	1
5515	2
5516	2
5517	3
5518	3
5519	2
5521	3
5522	1
5523	2
5524	1
5525	2
5527	3
5529	1
5530	1
5532	1
5533	1
5534	1
5535	2
5536	2
5537	1
5538	1
5540	1
5541	2
5543	2
5545	1
5546	4
5548	2
5550	1
5551	3
5552	1
5553	2
5554	1
5555	1
5556	3
5557	1
5558	1
5559	1
5560	2
5561	2
5562	1
5563	3
5564	2
5566	1
5568	1
5570	3
5571	1
5572	1
5578	1
5579	3
5580	2
5581	1
5582	2
5583	2
5584	2
5586	2
5588	3
5589	2
5590	3
5591	1
5592	5
5593	4
5594	1
5595	4
5598	2
5599	2
5600	2
5601	1
5602	3
5604	1
5605	2
5609	2
5610	1
5611	1
5612	1
5614	2
5615	1
5616	2
5617	1
5618	2
5619	3
5620	1
5621	2
5622	2
5624	6
5627	1
5628	1
5629	3
5630	1
5631	1
5632	2
5634	1
5636	2
5637	3
5638	1
5639	1
5640	2
5641	4
5642	4
5644	4
5645	2
5646	2
5647	3
5648	4
5650	1
5651	2
5653	3
5655	1
5657	3
5658	2
5659	2
5660	1
5661	2
5662	2
5664	1
5665	1
5668	4
5669	1
5670	2
5671	1
5672	2
5673	1
5676	2
5677	2
5678	1
5680	4
5681	1
5683	1
5684	1
5685	1
5686	4
5687	3
5689	2
5690	1
5691	1
5692	3
5693	1
5694	3
5695	4
5696	1
5697	1
5698	1
5699	1
5700	2
5701	2
5702	3
5703	5
5704	3
5705	2
5706	3
5707	1
5708	1
5709	2
5710	1
5711	2
5714	1
5716	1
5717	1
5719	3
5720	2
5722	1
5723	4
5724	2
5725	2
5726	2
5727	2
5728	2
5729	2
5730	2
5731	3
5732	3
5733	4
5734	3
5735	1
5736	2
5737	1
5738	2
5739	1
5740	5
5742	2
5743	1
5744	3
5746	2
5747	2
5749	2
5750	2
5751	1
5752	3
5753	1
5755	3
5756	2
5757	3
5759	1
5761	3
5762	3
5763	1
5764	2
5766	2
5767	3
5768	1
5770	1
5771	1
5772	2
5773	4
5774	2
5775	3
5777	2
5778	2
5779	4
5780	1
5784	1
5785	2
5786	5
5788	1
5789	2
5790	2
5791	1
5793	2
5795	2
5796	1
5797	1
5798	2
5800	1
5801	1
5802	3
5804	2
5805	1
5806	1
5807	1
5808	2
5810	1
5811	1
5812	2
5813	1
5815	2
5817	1
5818	1
5820	1
5821	2
5823	2
5824	2
5825	2
5826	1
5827	3
5828	4
5829	2
5830	1
5832	3
5833	3
5834	2
5835	5
5836	2
5837	1
5839	1
5840	3
5842	2
5843	2
5844	2
5845	4
5846	3
5847	3
5848	4
5850	3
5851	5
5852	1
5853	3
5855	1
5856	2
5857	5
5858	4
5859	1
5860	1
5863	3
5864	3
5865	1
5866	1
5867	1
5868	3
5869	1
5870	3
5871	1
5873	1
5874	1
5876	1
5877	2
5878	4
5881	1
5882	2
5883	1
5884	3
5885	2
5890	2
5891	4
5892	3
5893	5
5894	2
5896	2
5897	2
5898	4
5899	1
5900	1
5901	1
5902	2
5904	2
5905	2
5906	3
5907	2
5908	1
5909	4
5910	1
5911	1
5912	2
5913	2
5914	2
5915	1
5917	4
5919	1
5921	1
5922	2
5923	1
5924	3
5925	2
5926	2
5927	4
5928	2
5929	2
5930	2
5931	2
5932	3
5933	2
5934	1
5936	2
5937	3
5939	3
5940	2
5942	3
5943	2
5945	1
5947	2
5948	3
5949	3
5951	2
5952	2
5953	1
5954	2
5955	1
5956	1
5958	2
5959	1
5960	1
5961	1
5963	1
5964	1
5965	2
5967	7
5968	2
5969	1
5970	1
5971	1
5972	1
5973	1
5975	2
5976	2
5977	1
5978	1
5980	2
5981	7
5982	1
5983	2
5984	4
5985	3
5986	2
5987	1
5989	3
5990	1
5991	1
5993	1
5994	2
5995	3
5997	3
6000	2
6001	1
6002	2
6004	1
6005	2
6006	3
6007	1
6008	1
6009	1
6010	1
6012	2
6013	2
6014	1
6016	1
6017	2
6018	1
6019	2
6020	2
6022	2
6023	1
6024	1
6025	1
6027	1
6029	2
6030	2
6031	1
6033	2
6034	3
6036	2
6037	2
6038	1
6039	1
6040	3
6043	4
6046	2
6047	3
6048	3
6049	1
6050	1
6051	1
6052	2
6053	2
6054	1
6056	2
6057	2
6058	4
6059	2
6061	1
6062	2
6063	1
6064	2
6065	1
6067	2
6068	4
6069	1
6071	1
6072	2
6073	4
6074	3
6075	1
6076	1
6077	2
6078	2
6079	1
6080	2
6081	1
6082	1
6083	1
6084	1
6085	1
6086	3
6089	1
6090	1
6091	1
6093	1
6094	1
6095	2
6096	2
6097	2
6099	2
6101	2
6102	4
6105	2
6107	3
6108	1
6109	3
6110	2
6111	1
6112	1
6114	1
6116	2
6117	2
6118	3
6119	2
6122	3
6123	1
6125	2
6126	2
6127	1
6128	2
6130	1
6131	7
6132	2
6133	1
6134	1
6135	1
6137	3
6138	1
6139	1
6140	1
6141	1
6142	2
6143	2
6144	4
6146	1
6147	1
6148	1
6149	3
6150	2
6152	3
6153	3
6154	3
6155	1
6156	1
6157	1
6158	2
6159	2
6161	5
6162	1
6163	1
6164	1
6165	2
6166	4
6167	1
6168	1
6169	4
6170	1
6171	1
6172	1
6173	3
6174	1
6175	3
6176	2
6177	1
6180	2
6183	2
6185	2
6186	1
6187	1
6189	2
6190	1
6191	2
6192	1
6193	2
6194	3
6195	2
6196	3
6197	1
6198	1
6199	4
6200	1
6202	2
6203	3
6204	1
6205	4
6207	1
6208	2
6209	1
6210	3
6211	1
6212	2
6213	2
6214	4
6216	1
6217	1
6218	1
6219	3
6220	3
6221	2
6222	1
6224	2
6225	4
6226	1
6228	1
6229	2
6230	4
6233	1
6234	4
6235	1
6236	1
6237	1
6239	2
6240	1
6241	2
6243	1
6244	2
6246	1
6247	3
6248	1
6250	4
6251	1
6252	4
6253	4
6254	1
6255	1
6256	2
6259	2
6260	2
6263	1
6264	1
6265	1
6266	3
6267	1
6268	2
6270	1
6271	1
6273	5
6274	1
6275	4
6276	1
6278	2
6280	1
6281	1
6282	2
6283	1
6284	1
6285	2
6286	2
6287	1
6289	2
6290	1
6291	4
6292	2
6293	4
6294	2
6295	1
6297	1
6298	1
6299	1
6300	1
6301	1
6303	1
6304	1
6305	2
6306	2
6307	1
6308	2
6309	1
6311	1
6312	5
6313	1
6314	2
6315	2
6317	1
6318	2
6319	2
6320	1
6321	1
6322	2
6323	1
6324	1
6325	4
6326	2
6327	2
6328	2
6329	1
6332	1
6334	1
6335	2
6336	1
6337	2
6342	4
6343	1
6344	1
6345	2
6346	2
6348	1
6350	3
6351	1
6352	1
6353	1
6355	3
6356	2
6357	3
6358	3
6360	2
6362	4
6364	3
6365	3
6367	1
6368	1
6369	1
6370	1
6371	3
6372	1
6373	2
6375	2
6376	3
6377	1
6378	1
6379	2
6380	1
6381	1
6382	1
6383	2
6385	3
6386	1
6387	2
6388	4
6390	2
6391	1
6393	2
6394	2
6395	1
6396	1
6397	2
6398	2
6399	3
6400	1
6401	1
6403	1
6404	2
6405	1
6407	1
6408	2
6411	1
6412	3
6413	3
6414	4
6415	1
6416	2
6419	1
6420	1
6421	1
6422	2
6423	2
6425	2
6426	1
6427	1
6428	1
6429	2
6430	2
6431	2
6432	1
6433	2
6434	2
6435	3
6437	3
6439	2
6440	2
6441	2
6442	2
6443	3
6444	4
6445	4
6446	3
6447	3
6449	1
6450	3
6451	1
6453	1
6454	1
6455	2
6456	2
6457	1
6458	1
6459	3
6461	2
6463	2
6465	3
6466	1
6467	2
6474	1
6475	3
6476	1
6477	1
6478	1
6479	1
6480	1
6482	1
6484	1
6485	2
6488	1
6489	2
6492	1
6493	4
6494	1
6495	1
6496	5
6497	5
6498	1
6499	1
6500	1
6501	1
6502	1
6503	1
6504	1
6505	2
6506	1
6507	2
6509	7
6510	1
6511	2
6512	3
6513	3
6514	3
6515	2
6516	1
6517	1
6518	1
6520	1
6521	1
6522	2
6523	1
6524	2
6525	2
6526	1
6527	2
6528	1
6529	1
6531	1
6533	1
6534	1
6535	2
6536	2
6537	1
6538	2
6539	1
6541	1
6545	2
6546	2
6547	1
6548	3
6549	2
6550	3
6551	3
6552	2
6553	3
6554	3
6555	1
6556	3
6557	1
6558	2
6559	1
6560	2
6561	1
6562	2
6563	1
6564	4
6565	1
6566	2
6567	2
6568	1
6569	1
6570	1
6571	1
6574	1
6575	1
6576	2
6577	4
6578	2
6579	1
6580	3
6581	1
6582	2
6583	2
6584	2
6585	1
6586	1
6587	2
6589	2
6590	1
6591	1
6592	4
6593	1
6594	2
6595	2
6596	2
6597	1
6599	3
6600	1
6603	2
6604	3
6605	1
6607	2
6608	3
6610	1
6611	3
6612	2
6613	1
6616	1
6617	2
6618	1
6620	1
6622	3
6623	1
6624	1
6625	1
6627	2
6628	2
6629	1
6631	1
6632	1
6633	3
6634	2
6635	3
6638	2
6640	2
6641	2
6643	2
6644	1
6646	3
6647	3
6649	5
6651	2
6652	3
6654	3
6655	1
6656	1
6657	2
6659	4
6660	1
6662	3
6663	1
6664	1
6665	3
6666	2
6667	1
6668	1
6669	1
6671	2
6672	2
6673	2
6674	3
6676	1
6677	1
6678	1
6679	2
6680	2
6682	1
6684	1
6685	4
6686	3
6688	2
6689	1
6690	1
6691	1
6692	3
6693	3
6694	1
6696	1
6697	1
6698	2
6702	5
6703	1
6704	1
6706	1
6707	1
6709	1
6710	1
6711	2
6712	3
6713	5
6714	1
6715	1
6716	2
6718	2
6719	1
6720	1
6721	1
6723	3
6724	1
6726	2
6729	2
6732	1
6734	1
6735	1
6736	1
6737	2
6739	2
6740	1
6742	2
6743	2
6744	1
6745	1
6746	2
6747	1
6749	2
6750	2
6752	1
6753	1
6754	1
6756	1
6757	4
6759	4
6761	2
6763	1
6764	1
6765	3
6766	1
6767	2
6768	1
6769	3
6770	1
6772	3
6773	1
6774	1
6775	2
6776	2
6777	1
6778	3
6779	1
6780	2
6782	2
6783	1
6784	3
6785	1
6786	2
6788	1
6790	3
6791	3
6792	2
6793	1
6794	3
6795	1
6799	1
6800	2
6801	3
6802	1
6803	1
6804	1
6805	3
6806	3
6809	2
6810	2
6812	2
6813	1
6814	3
6815	1
6817	1
6819	1
6820	1
6822	2
6824	1
6825	1
6827	2
6828	1
6830	3
6831	2
6832	2
6833	2
6837	3
6838	2
6839	2
6840	2
6841	1
6844	1
6845	1
6846	1
6847	2
6848	1
6849	1
6850	1
6851	3
6853	4
6854	2
6855	1
6856	3
6857	1
6858	2
6859	2
6860	3
6861	2
6862	3
6863	2
6864	2
6865	1
6866	2
6868	1
6871	3
6873	2
6874	1
6875	2
6876	1
6877	2
6878	2
6879	1
6881	3
6882	2
6883	2
6884	2
6885	1
6886	1
6887	2
6890	2
6891	1
6892	2
6893	2
6894	3
6895	4
6896	3
6897	1
6898	2
6899	1
6900	1
6901	1
6902	1
6903	1
6904	3
6905	1
6906	2
6907	1
6908	1
6910	3
6913	5
6914	1
6915	1
6916	3
6917	1
6918	3
6919	4
6920	3
6921	3
6924	4
6925	4
6926	1
6928	1
6929	3
6930	1
6931	2
6932	2
6934	1
6936	2
6937	1
6938	1
6939	2
6940	1
6941	2
6943	1
6944	1
6945	3
6946	4
6947	1
6948	1
6949	4
6950	1
6952	1
6953	1
6954	4
6955	1
6956	1
6957	2
6959	4
6960	2
6964	3
6966	1
6967	2
6968	2
6969	1
6972	3
6973	2
6974	1
6975	5
6976	2
6977	2
6978	1
6979	4
6980	1
6981	1
6982	2
6983	2
6984	1
6985	1
6988	1
6989	1
6991	4
6992	2
6993	2
6994	2
6995	1
6996	2
6997	1
6999	2
7000	3
7001	1
7002	2
7003	2
7004	1
7006	1
7007	1
7008	2
7009	1
7010	5
7011	1
7012	1
7013	2
7014	1
7015	2
7016	1
7018	2
7019	1
7020	2
7021	1
7023	1
7024	3
7025	1
7026	4
7027	1
7029	1
7030	3
7031	3
7032	1
7035	1
7037	1
7038	2
7041	1
7043	2
7044	3
7045	4
7046	1
7048	1
7049	1
7052	5
7053	1
7054	3
7055	2
7058	1
7060	1
7062	3
7063	1
7064	3
7065	3
7066	3
7068	3
7069	1
7071	2
7073	2
7076	3
7077	2
7078	2
7079	3
7080	1
7082	1
7083	1
7084	2
7089	2
7090	3
7091	3
7093	4
7094	1
7095	1
7096	1
7097	1
7098	2
7099	2
7100	1
7101	2
7103	1
7106	3
7107	1
7108	4
7109	1
7110	1
7111	1
7112	1
7113	1
7116	1
7117	1
7118	1
7120	2
7121	1
7122	1
7123	1
7124	2
7125	2
7127	1
7128	1
7129	1
7130	4
7131	2
7132	1
7135	1
7136	1
7137	1
7138	1
7139	2
7140	1
7141	1
7142	1
7143	3
7144	3
7145	3
7146	1
7147	5
7150	1
7151	2
7152	4
7153	3
7155	1
7156	3
7157	3
7158	2
7159	1
7160	1
7161	1
7162	5
7163	2
7164	4
7165	1
7167	1
7169	1
7171	1
7172	4
7173	3
7174	1
7175	2
7176	1
7177	1
7179	1
7180	2
7181	3
7182	1
7183	3
7186	2
7187	1
7188	3
7190	1
7194	1
7195	2
7197	1
7198	2
7199	3
7200	3
7202	1
7204	2
7207	3
7208	4
7209	3
7210	1
7212	1
7213	2
7214	2
7217	1
7219	1
7220	1
7221	1
7222	3
7223	1
7224	2
7225	2
7226	1
7227	1
7228	1
7229	1
7231	1
7232	2
7233	2
7234	3
7235	1
7237	1
7238	2
7239	3
7242	2
7243	2
7244	2
7245	1
7246	4
7248	1
7250	2
7251	1
7253	1
7254	2
7255	2
7256	1
7257	1
7258	2
7260	1
7261	3
7263	2
7264	2
7265	1
7266	2
7267	2
7268	3
7269	1
7270	3
7273	1
7274	2
7277	2
7278	1
7279	1
7280	3
7282	1
7283	1
7284	3
7285	1
7286	2
7287	1
7289	2
7290	4
7291	2
7292	1
7293	1
7294	1
7295	1
7296	2
7297	1
7298	1
7299	2
7300	1
7301	4
7303	4
7304	1
7305	2
7306	1
7307	1
7308	1
7309	1
7310	3
7312	1
7315	3
7316	1
7318	4
7319	1
7320	1
7321	1
7322	2
7323	1
7324	4
7326	3
7327	1
7329	3
7330	3
7331	1
7332	1
7333	2
7334	2
7335	2
7336	1
7337	3
7338	3
7340	3
7341	2
7342	1
7343	3
7345	1
7346	3
7347	2
7348	1
7349	1
7350	2
7351	1
7352	1
7353	3
7354	4
7356	2
7357	2
7358	4
7359	1
7360	2
7361	1
7362	2
7363	3
7364	1
7365	1
7366	1
7367	1
7369	2
7370	2
7371	3
7373	1
7374	3
7375	6
7376	4
7377	3
7378	2
7379	4
7381	2
7382	1
7384	1
7385	1
7386	2
7388	1
7389	1
7392	1
7393	1
7395	1
7396	1
7398	1
7399	1
7401	1
7402	2
7404	1
7405	1
7406	5
7408	1
7410	2
7411	2
7412	1
7413	3
7414	4
7415	1
7416	2
7417	2
7418	1
7419	2
7420	1
7421	3
7423	1
7426	1
7428	2
7429	1
7430	2
7431	1
7432	3
7433	2
7434	1
7435	4
7436	2
7437	2
7438	1
7439	1
7440	3
7442	2
7443	2
7444	2
7445	2
7447	2
7449	3
7450	1
7451	1
7452	2
7453	4
7454	2
7455	1
7456	3
7457	2
7458	1
7459	2
7460	2
7461	5
7462	4
7463	3
7465	2
7466	1
7467	1
7468	2
7469	2
7471	1
7472	3
7475	1
7476	2
7477	3
7478	2
7479	3
7480	1
7481	1
7483	4
7484	4
7485	1
7486	2
7489	2
7490	2
7493	5
7494	1
7495	1
7496	2
7498	1
7499	1
7501	1
7502	1
7503	2
7505	1
7506	4
7507	3
7508	2
7509	1
7510	3
7511	1
7512	1
7513	3
7514	3
7515	3
7517	2
7518	3
7519	1
7520	1
7522	1
7523	2
7524	4
7525	2
7527	2
7530	3
7532	1
7534	2
7535	2
7537	2
7538	2
7539	3
7540	2
7542	2
7543	1
7544	2
7545	2
7546	1
7548	2
7550	1
7551	5
7552	3
7553	2
7554	2
7555	1
7556	2
7557	1
7558	2
7560	2
7561	2
7563	1
7564	4
7565	2
7566	3
7567	2
7569	2
7570	2
7571	5
7572	2
7574	6
7576	2
7578	1
7581	1
7582	2
7583	1
7585	1
7587	2
7588	2
7590	4
7592	2
7593	1
7594	3
7596	1
7597	1
7598	1
7599	1
7600	3
7603	1
7604	3
7605	1
7606	4
7607	4
7608	2
7609	2
7611	3
7612	3
7613	3
7616	2
7618	1
7619	1
7620	1
7623	1
7624	4
7625	4
7627	3
7628	1
7630	1
7631	1
7632	1
7633	2
7634	1
7635	1
7637	2
7639	2
7640	1
7641	1
7642	2
7645	1
7647	1
7649	3
7650	1
7652	1
7653	2
7655	1
7658	1
7659	2
7663	2
7664	4
7665	2
7667	1
7670	1
7672	2
7674	3
7675	3
7676	2
7677	1
7679	1
7680	1
7681	2
7683	4
7684	3
7686	2
7687	2
7688	1
7689	3
7690	3
7691	1
7692	2
7693	1
7694	3
7695	4
7696	1
7697	1
7698	2
7699	2
7700	1
7701	4
7705	4
7707	1
7708	1
7710	1
7711	2
7712	2
7714	1
7715	4
7716	1
7718	2
7719	1
7720	2
7721	1
7722	2
7723	2
7724	2
7725	2
7726	2
7727	2
7728	4
7729	1
7732	2
7733	1
7734	3
7735	1
7736	1
7739	2
7740	1
7741	1
7742	2
7743	3
7745	2
7746	1
7747	2
7748	1
7749	2
7750	2
7751	1
7752	1
7754	3
7755	2
7756	2
7757	2
7758	1
7760	2
7761	1
7764	5
7765	1
7766	3
7767	1
7768	1
7769	1
7771	2
7772	2
7773	1
7776	3
7777	3
7779	2
7780	1
7781	1
7783	1
7784	4
7786	3
7790	5
7792	2
7793	3
7795	2
7796	1
7797	2
7798	1
7799	2
7800	2
7801	2
7802	1
7803	1
7804	1
7805	2
7806	1
7807	3
7808	1
7813	2
7814	1
7816	3
7818	1
7819	2
7820	1
7821	1
7822	1
7823	1
7824	2
7825	2
7826	1
7828	1
7829	3
7830	1
7831	1
7833	1
7835	1
7836	1
7837	2
7838	1
7840	1
7841	1
7842	2
7843	2
7844	1
7845	4
7846	1
7847	2
7848	2
7849	1
7850	1
7851	1
7852	5
7854	4
7856	2
7857	3
7858	5
7859	1
7861	1
7862	1
7863	1
7864	1
7865	1
7866	3
7867	2
7869	1
7870	1
7873	2
7874	2
7875	1
7876	3
7877	2
7878	2
7879	1
7883	2
7884	1
7885	3
7886	2
7887	1
7889	1
7890	4
7891	4
7892	2
7893	1
7894	1
7895	1
7897	3
7898	1
7900	1
7901	2
7902	2
7903	1
7904	1
7905	3
7906	1
7907	1
7908	1
7909	1
7910	1
7911	1
7912	4
7913	2
7916	3
7917	1
7918	1
7920	2
7921	2
7922	1
7923	2
7924	3
7926	1
7928	3
7930	1
7931	1
7932	1
7933	1
7934	1
7935	1
7936	4
7937	1
7939	5
7940	5
7941	3
7943	1
7944	1
7945	2
7946	2
7947	1
7949	2
7950	2
7951	2
7952	2
7954	1
7956	3
7957	1
7958	1
7959	2
7960	1
7961	2
7962	1
7963	1
7964	1
7965	1
7966	2
7968	3
7969	1
7970	4
7971	3
7972	1
7973	1
7975	1
7976	2
7978	1
7979	3
7980	2
7982	4
7983	1
7984	1
7985	1
7986	1
7987	2
7988	2
7989	3
7990	3
7991	1
7992	2
7994	1
7995	2
7996	2
7997	2
7998	1
7999	1
8000	1
8001	3
8002	1
8005	2
8006	1
8007	2
8009	1
8010	1
8011	3
8012	1
8013	2
8014	2
8015	3
8016	2
8017	4
8019	1
8020	1
8022	4
8024	2
8026	1
8027	1
8029	2
8030	2
8031	3
8032	2
8033	2
8036	1
8037	2
8040	2
8041	1
8042	2
8043	4
8044	1
8045	2
8046	1
8047	1
8048	1
8050	1
8051	3
8056	1
8057	3
8058	2
8059	1
8060	3
8061	2
8062	2
8064	4
8065	1
8067	2
8069	1
8070	2
8071	1
8072	2
8073	3
8074	1
8077	2
8080	2
8081	1
8082	1
8083	2
8084	1
8085	2
8086	2
8087	1
8089	1
8094	1
8095	2
8096	1
8097	3
8099	2
8100	2
8102	2
8103	1
8104	2
8106	2
8107	3
8108	2
8109	2
8110	2
8111	3
8112	2
8114	1
8116	2
8117	1
8118	1
8119	1
8120	3
8122	2
8123	1
8124	1
8125	2
8126	1
8127	2
8129	2
8130	1
8131	2
8133	3
8134	3
8135	1
8136	2
8137	2
8139	1
8140	2
8141	3
8142	4
8143	2
8145	2
8146	1
8147	2
8148	1
8149	1
8150	2
8151	1
8153	1
8155	2
8156	1
8157	3
8158	1
8160	3
8161	3
8163	2
8166	2
8167	2
8169	2
8170	1
8171	2
8172	2
8173	1
8174	1
8175	1
8176	1
8177	4
8178	2
8180	1
8181	1
8183	2
8184	1
8185	1
8186	2
8187	1
8188	1
8189	1
8190	2
8191	1
8192	2
8195	3
8196	2
8197	3
8198	3
8199	3
8201	2
8202	2
8203	1
8204	1
8206	2
8207	1
8208	1
8209	2
8210	3
8211	2
8212	2
8213	3
8214	1
8215	1
8216	1
8218	3
8219	2
8222	1
8223	2
8225	2
8226	2
8227	1
8228	4
8229	1
8230	1
8232	1
8233	2
8234	1
8237	1
8238	1
8239	2
8240	2
8242	1
8245	1
8247	1
8248	3
8249	2
8250	2
8251	2
8252	1
8253	2
8254	3
8255	1
8256	2
8257	1
8259	5
8261	1
8263	1
8264	1
8266	1
8267	3
8268	3
8269	1
8270	2
8271	2
8272	4
8274	1
8276	2
8277	3
8279	1
8280	2
8282	1
8283	2
8284	1
8285	1
8286	2
8288	1
8290	1
8291	2
8295	1
8296	2
8297	2
8299	1
8300	1
8301	4
8303	2
8304	1
8307	1
8309	1
8311	1
8312	1
8314	2
8315	5
8316	1
8317	1
8318	2
8319	2
8320	1
8321	2
8322	1
8323	2
8325	1
8326	2
8327	1
8328	2
8329	1
8330	3
8331	2
8332	2
8333	1
8334	2
8335	1
8337	2
8338	1
8340	4
8341	3
8342	2
8343	3
8344	2
8345	2
8346	5
8347	2
8349	1
8350	2
8351	2
8352	1
8353	2
8354	1
8357	1
8358	5
8359	2
8360	3
8361	1
8363	1
8366	1
8367	1
8368	2
8369	1
8370	2
8371	3
8375	2
8376	2
8377	1
8378	1
8381	1
8384	1
8386	4
8387	1
8389	1
8390	2
8391	1
8392	1
8393	1
8394	2
8395	2
8396	1
8397	2
8399	3
8401	2
8403	2
8405	1
8408	1
8409	2
8410	2
8411	1
8412	2
8413	2
8414	1
8417	3
8421	1
8423	1
8425	5
8427	3
8428	1
8429	1
8432	1
8433	1
8435	1
8436	1
8437	2
8439	3
8440	3
8441	4
8443	1
8444	1
8445	1
8446	1
8448	1
8449	2
8450	3
8452	4
8453	1
8455	4
8456	1
8457	2
8459	3
8461	1
8462	1
8463	3
8464	1
8465	1
8466	2
8467	4
8468	1
8470	2
8472	1
8473	2
8475	1
8476	1
8477	3
8479	4
8480	4
8481	2
8482	2
8484	1
8486	2
8489	2
8490	5
8495	1
8496	2
8497	1
8498	1
8499	1
8500	1
8501	1
8502	2
8503	1
8504	1
8505	3
8506	2
8507	4
8508	1
8510	1
8512	1
8514	2
8515	3
8517	3
8518	3
8519	2
8523	2
8524	2
8525	1
8526	4
8527	1
8528	3
8532	1
8536	1
8538	1
8539	1
8540	1
8541	1
8542	2
8543	1
8544	1
8545	2
8546	1
8547	2
8548	1
8549	3
8551	2
8552	1
8554	1
8555	1
8556	1
8557	1
8558	1
8559	1
8560	1
8561	2
8562	3
8563	1
8564	1
8566	1
8567	3
8568	2
8569	2
8572	1
8573	2
8575	3
8576	4
8577	2
8578	2
8579	1
8581	1
8582	2
8583	1
8584	2
8585	2
8586	2
8587	1
8588	1
8590	1
8595	3
8596	3
8598	2
8599	1
8600	1
8601	3
8604	2
8605	2
8607	1
8609	1
8610	1
8611	1
8612	2
8614	1
8615	1
8616	2
8617	2
8619	1
8621	2
8622	3
8625	5
8626	1
8628	1
8630	1
8631	2
8632	2
8633	2
8634	4
8635	2
8637	1
8638	3
8640	1
8641	2
8642	1
8644	2
8645	1
8648	3
8649	3
8650	1
8651	1
8652	1
8653	1
8654	1
8656	2
8657	3
8658	2
8659	1
8661	1
8662	3
8663	3
8666	2
8668	1
8669	1
8670	1
8672	2
8673	1
8674	3
8675	1
8676	1
8677	5
8679	2
8680	1
8682	1
8683	1
8684	2
8685	1
8687	1
8688	2
8689	2
8690	3
8692	2
8693	1
8694	3
8695	1
8698	3
8699	2
8703	1
8705	1
8706	1
8707	2
8709	2
8710	2
8711	1
8713	1
8714	1
8715	2
8716	2
8720	1
8721	2
8723	1
8726	1
8731	1
8732	4
8733	2
8734	2
8735	1
8736	1
8737	1
8738	2
8739	2
8740	1
8741	2
8742	1
8745	1
8746	2
8747	1
8748	1
8749	3
8750	5
8751	2
8752	3
8753	2
8754	1
8759	4
8760	3
8761	2
8762	1
8763	1
8764	1
8765	1
8766	1
8767	3
8768	4
8769	5
8775	2
8776	2
8777	3
8779	4
8781	1
8782	2
8783	3
8784	1
8785	2
8786	2
8787	1
8788	1
8789	2
8790	1
8792	1
8793	1
8795	1
8797	2
8798	1
8800	1
8801	1
8802	4
8804	1
8805	1
8806	2
8808	1
8809	1
8810	1
8812	2
8813	2
8814	4
8815	3
8816	1
8817	2
8819	4
8820	2
8821	1
8822	2
8823	1
8824	2
8825	2
8826	1
8827	2
8828	2
8830	3
8831	2
8832	1
8833	2
8836	1
8837	1
8838	1
8840	1
8843	1
8844	1
8846	2
8848	3
8849	2
8850	3
8852	2
8853	2
8854	1
8855	4
8856	2
8857	2
8858	1
8861	1
8862	1
8863	3
8864	1
8866	2
8867	1
8868	4
8870	1
8872	1
8874	2
8875	1
8876	1
8878	1
8879	1
8880	2
8881	2
8882	1
8885	1
8886	2
8889	1
8890	1
8893	1
8894	1
8895	2
8896	1
8898	3
8900	2
8901	3
8903	1
8904	1
8905	5
8906	1
8907	2
8908	3
8909	1
8910	3
8911	3
8912	1
8913	1
8915	2
8916	1
8917	3
8918	1
8919	1
8920	1
8921	2
8923	1
8924	1
8927	2
8928	1
8929	1
8930	1
8931	1
8934	1
8935	2
8936	1
8937	2
8938	1
8939	2
8940	1
8942	1
8943	1
8944	1
8946	4
8947	1
8949	1
8951	2
8954	4
8955	3
8956	1
8959	4
8960	2
8961	2
8963	1
8964	3
8965	2
8967	4
8969	1
8970	1
8971	1
8972	2
8973	2
8974	1
8976	1
8977	1
8978	2
8981	1
8982	3
8983	1
8984	1
8985	2
8986	3
8989	4
8990	2
8991	1
8992	1
8993	3
8994	1
8995	1
8996	1
8999	1
9000	2
9001	3
9002	1
9003	1
9005	2
9006	1
9007	2
9008	1
9009	2
9010	1
9012	1
9013	1
9016	1
9017	2
9020	3
9021	2
9022	1
9023	1
9024	1
9025	1
9026	1
9028	2
9029	2
9034	2
9035	1
9038	7
9039	3
9040	1
9041	2
9042	1
9043	1
9046	1
9047	1
9048	2
9049	3
9050	1
9051	1
9052	2
9053	2
9054	1
9056	1
9057	4
9058	2
9060	1
9062	2
9063	1
9066	1
9067	1
9069	2
9070	2
9072	2
9075	1
9077	2
9078	3
9079	1
9080	1
9081	1
9083	2
9084	1
9086	5
9087	2
9089	3
9091	1
9092	2
9094	3
9095	1
9096	3
9097	1
9098	1
9099	2
9101	3
9102	1
9103	1
9104	2
9105	2
9106	1
9107	1
9108	3
9109	3
9110	2
9111	1
9112	2
9113	1
9115	1
9117	3
9118	2
9119	3
9120	2
9121	1
9122	4
9123	1
9124	2
9126	2
9127	1
9129	1
9130	2
9133	1
9134	1
9135	1
9138	1
9139	3
9140	1
9141	1
9142	1
9144	1
9145	2
9146	2
9147	2
9148	2
9150	2
9152	1
9153	2
9154	3
9155	3
9156	4
9157	1
9158	2
9160	1
9161	1
9163	5
9166	3
9168	2
9170	1
9171	2
9172	3
9174	2
9175	1
9176	1
9177	1
9179	1
9181	2
9182	1
9183	1
9185	1
9186	2
9187	2
9188	1
9189	1
9190	2
9191	5
9192	1
9193	1
9194	5
9195	1
9197	3
9198	1
9199	4
9202	1
9203	1
9205	1
9208	1
9210	3
9211	3
9214	2
9215	1
9216	3
9220	3
9221	1
9222	1
9224	1
9225	1
9226	3
9229	1
9230	1
9236	1
9239	2
9240	3
9241	1
9243	1
9246	2
9247	1
9248	1
9251	2
9252	2
9254	2
9256	3
9258	2
9259	1
9260	2
9262	2
9263	1
9264	2
9265	4
9266	3
9267	2
9269	2
9270	3
9271	2
9273	2
9274	2
9275	2
9276	1
9277	1
9278	1
9279	2
9281	1
9282	2
9283	3
9284	1
9285	2
9288	1
9290	3
9292	1
9293	4
9295	1
9296	1
9297	1
9298	1
9300	2
9301	1
9303	1
9304	3
9305	2
9306	2
9308	2
9309	1
9310	1
9312	2
9313	4
9317	3
9318	2
9320	2
9321	3
9323	3
9325	2
9326	2
9327	1
9328	2
9329	2
9330	3
9331	5
9335	2
9336	1
9339	2
9341	2
9343	2
9344	2
9345	2
9346	1
9347	2
9350	3
9352	1
9354	1
9355	1
9356	1
9357	1
9360	3
9361	1
9362	1
9365	3
9366	1
9367	1
9369	2
9370	1
9371	1
9372	3
9373	1
9374	1
9375	1
9377	3
9378	1
9379	3
9380	2
9381	1
9382	1
9383	2
9384	1
9386	3
9387	1
9388	1
9389	3
9390	1
9392	1
9394	1
9395	3
9397	3
9398	1
9399	4
9403	1
9404	1
9405	1
9406	2
9408	1
9409	2
9410	1
9413	3
9414	1
9415	2
9416	1
9417	3
9419	2
9420	1
9421	1
9422	2
9425	2
9426	2
9427	1
9428	2
9429	1
9430	2
9431	1
9433	1
9434	2
9436	1
9437	2
9441	1
9443	2
9446	1
9447	2
9449	1
9451	1
9452	4
9453	1
9455	1
9456	3
9457	1
9458	2
9460	1
9461	2
9462	1
9463	1
9468	1
9469	1
9471	1
9472	2
9474	1
9477	1
9479	2
9480	1
9481	1
9484	1
9485	1
9487	3
9488	1
9489	2
9490	1
9491	2
9492	2
9493	1
9494	2
9495	3
9496	1
9497	1
9498	1
9499	1
9501	2
9502	3
9504	1
9505	2
9506	2
9507	1
9508	2
9510	2
9512	1
9513	1
9514	2
9516	2
9517	2
9520	1
9521	2
9522	1
9523	2
9524	1
9525	1
9526	2
9527	1
9528	1
9529	2
9530	2
9532	2
9533	3
9534	1
9535	2
9537	1
9539	3
9540	1
9541	2
9542	1
9543	1
9546	3
9547	4
9548	1
9550	4
9552	2
9553	1
9557	4
9560	3
9561	2
9562	1
9563	1
9564	3
9565	3
9566	3
9570	3
9572	4
9574	2
9575	2
9576	1
9577	1
9578	3
9579	3
9580	3
9581	1
9582	1
9584	1
9585	1
9586	1
9587	1
9589	3
9591	1
9593	2
9594	1
9595	1
9597	3
9598	1
9600	2
9601	1
9602	2
9603	2
9604	1
9605	1
9606	1
9608	1
9609	2
9610	1
9612	1
9615	1
9617	2
9619	1
9620	1
9621	1
9622	1
9623	3
9624	1
9625	1
9626	1
9627	2
9629	2
9631	1
9633	1
9635	2
9636	2
9637	2
9641	1
9642	1
9647	1
9648	2
9650	4
9651	2
9653	1
9655	1
9657	1
9658	3
9659	2
9660	1
9663	2
9664	3
9665	2
9666	3
9667	5
9668	3
9670	1
9671	2
9672	1
9673	2
9675	1
9676	2
9677	1
9678	2
9679	2
9680	1
9681	3
9684	1
9685	2
9686	2
9687	3
9688	1
9689	1
9691	1
9692	2
9693	2
9697	2
9698	5
9699	1
9700	1
9704	1
9705	2
9707	1
9708	2
9710	1
9713	1
9715	2
9716	1
9718	2
9719	3
9720	2
9724	1
9725	2
9726	1
9727	1
9728	1
9729	1
9731	2
9736	1
9737	1
9738	1
9739	1
9745	2
9746	1
9747	2
9748	2
9750	1
9751	1
9752	1
9753	1
9754	3
9755	1
9756	1
9758	1
9759	3
9760	1
9762	2
9763	3
9764	2
9765	1
9767	2
9768	1
9770	2
9772	2
9773	3
9774	2
9775	3
9776	2
9780	2
9782	1
9783	1
9785	1
9787	2
9788	2
9789	2
9791	2
9792	2
9793	2
9795	1
9796	2
9798	2
9799	2
9800	2
9802	1
9804	4
9805	1
9806	1
9807	1
9809	2
9810	2
9813	2
9814	1
9817	1
9818	1
9819	3
9820	1
9822	3
9823	2
9824	1
9825	1
9826	1
9828	1
9829	3
9830	2
9831	1
9832	2
9833	2
9834	1
9835	2
9836	1
9837	1
9838	1
9839	2
9840	2
9841	1
9842	1
9843	1
9844	2
9845	1
9846	1
9847	2
9848	2
9850	2
9851	3
9852	1
9857	1
9858	1
9859	1
9860	1
9863	2
9864	1
9865	2
9866	1
9867	2
9868	1
9869	2
9870	2
9871	1
9872	6
9874	1
9875	1
9876	4
9877	2
9881	2
9882	3
9884	1
9885	2
9886	2
9890	2
9892	1
9893	2
9896	3
9899	4
9900	1
9901	2
9902	1
9903	2
9904	2
9905	2
9907	4
9910	1
9911	2
9912	1
9913	1
9914	1
9917	1
9918	2
9919	2
9922	1
9924	1
9925	2
9926	2
9927	1
9929	1
9930	1
9931	1
9932	1
9933	1
9934	1
9937	1
9938	3
9939	2
9940	4
9941	1
9943	2
9944	1
9945	1
9946	2
9947	1
9948	1
9949	1
9951	1
9952	3
9953	3
9954	2
9955	1
9956	1
9959	1
9960	1
9961	1
9963	1
9964	1
9965	2
9967	1
9968	2
9969	2
9970	3
9971	2
9972	2
9975	1
9976	1
9977	1
9979	1
9980	2
9982	3
9983	1
9984	3
9985	1
9987	2
9990	2
9991	1
9992	1
9993	1
9994	3
9995	1
9996	3
9997	3
9998	1
9999	2
10001	2
10002	2
10003	1
10006	2
10007	2
10008	1
10009	1
10010	2
10012	1
10013	1
10014	1
10015	4
10016	2
10017	1
10019	2
10020	4
10022	2
10023	1
10026	2
10027	1
10028	1
10029	1
10030	2
10031	1
10032	1
10033	2
10034	2
10035	2
10037	1
10038	3
10040	1
10042	1
10043	1
10045	1
10047	1
10048	1
10051	2
10052	1
10053	2
10054	3
10055	1
10057	5
10058	2
10059	3
10061	1
10062	1
10063	2
10064	2
10065	2
10066	2
10067	3
10069	2
10071	2
10072	1
10073	3
10074	3
10077	3
10078	2
10079	1
10081	1
10083	1
10084	2
10085	3
10086	1
10087	1
10088	1
10090	2
10091	2
10092	4
10093	1
10095	1
10096	2
10097	1
10098	2
10099	1
10100	2
10101	1
10106	1
10107	1
10108	2
10112	1
10113	1
10114	3
10115	2
10116	1
10118	1
10119	1
10120	2
10121	1
10122	1
10123	2
10126	1
10127	4
10129	1
10130	1
10134	4
10135	1
10136	2
10137	1
10138	1
10139	3
10140	1
10141	1
10142	1
10145	1
10148	1
10150	1
10151	1
10152	2
10153	1
10154	4
10155	1
10156	1
10157	2
10159	1
10161	2
10162	1
10163	4
10165	2
10166	1
10169	1
10172	1
10173	1
10174	2
10175	2
10176	1
10178	1
10180	1
10183	1
10184	2
10185	1
10186	2
10189	2
10191	1
10195	1
10196	3
10197	1
10198	1
10200	2
10201	1
10202	2
10203	2
10204	2
10205	1
10207	2
10208	2
10209	2
10213	1
10216	2
10217	1
10220	1
10221	1
10222	3
10223	1
10225	1
10226	2
10227	1
10228	1
10230	2
10231	1
10234	2
10235	1
10236	1
10237	1
10240	3
10241	1
10242	1
10243	1
10245	1
10246	1
10247	1
10248	4
10250	1
10253	1
10256	1
10257	1
10259	1
10260	1
10261	1
10262	2
10264	2
10265	1
10266	2
10267	1
10270	3
10273	1
10274	1
10275	3
10277	4
10278	3
10283	2
10284	1
10285	1
10286	1
10287	1
10288	1
10291	1
10292	2
10296	1
10297	2
10298	2
10301	2
10302	2
10303	1
10305	1
10306	2
10307	2
10308	1
10309	2
10310	1
10312	1
10315	3
10316	3
10317	1
10321	1
10322	1
10324	1
10325	1
10326	2
10328	1
10330	1
10331	2
10332	2
10333	1
10334	1
10335	3
10336	1
10337	2
10340	1
10342	3
10344	1
10346	1
10347	1
10349	1
10350	2
10351	3
10352	1
10354	1
10356	3
10357	1
10359	3
10361	2
10363	4
10365	1
10366	2
10367	1
10369	1
10371	1
10372	3
10373	1
10374	1
10375	1
10377	3
10378	2
10379	1
10382	1
10384	2
10386	2
10387	2
10388	1
10389	1
10390	1
10392	2
10393	1
10394	3
10395	1
10396	4
10397	2
10400	1
10401	4
10402	1
10403	3
10404	2
10405	1
10406	1
10407	2
10408	2
10409	1
10411	1
10412	1
10414	1
10415	2
10416	1
10420	1
10421	2
10423	3
10424	4
10427	1
10429	2
10430	1
10431	2
10433	1
10434	2
10438	3
10441	2
10442	2
10443	2
10444	2
10446	1
10447	1
10449	1
10450	4
10451	1
10453	3
10455	1
10456	2
10457	2
10458	3
10459	1
10461	1
10462	1
10463	3
10464	1
10465	1
10466	1
10467	1
10468	4
10471	1
10473	2
10475	4
10477	1
10480	2
10481	1
10484	1
10485	2
10487	3
10489	2
10490	2
10491	2
10492	3
10493	1
10494	1
10495	1
10498	2
10500	3
10501	1
10502	1
10503	1
10504	1
10505	1
10506	1
10507	2
10509	1
10510	1
10516	4
10517	1
10520	3
10521	3
10522	3
10523	1
10525	1
10529	2
10531	1
10532	1
10533	1
10534	1
10535	1
10536	1
10537	1
10539	1
10541	1
10542	2
10543	2
10544	1
10545	3
10546	3
10549	2
10550	2
10551	1
10552	1
10553	4
10556	2
10560	1
10561	1
10562	3
10564	1
10565	3
10568	1
10569	1
10570	1
10571	2
10572	1
10573	3
10574	1
10575	1
10576	4
10577	1
10578	2
10579	1
10580	1
10582	2
10583	1
10584	1
10585	1
10586	2
10588	2
10589	1
10591	3
10592	2
10594	2
10596	1
10599	1
10600	1
10601	1
10602	1
10606	1
10607	1
10608	1
10609	1
10610	3
10612	1
10613	2
10614	2
10616	1
10619	1
10620	1
10621	1
10622	3
10623	2
10625	1
10626	1
10628	1
10629	1
10634	3
10637	2
10640	2
10642	1
10645	1
10647	3
10648	3
10649	1
10650	3
10651	2
10653	3
10654	2
10655	1
10656	1
10657	3
10659	1
10660	2
10661	3
10662	1
10663	1
10664	2
10666	3
10667	3
10668	3
10669	1
10670	2
10671	2
10673	3
10675	2
10678	1
10680	1
10681	1
10682	1
10684	2
10685	1
10686	2
10689	1
10690	3
10692	1
10694	1
10695	4
10696	1
10697	4
10698	2
10699	3
10702	4
10703	1
10704	1
10705	1
10706	2
10707	2
10712	1
10714	2
10715	1
10717	2
10718	1
10719	2
10721	1
10722	3
10724	2
10726	2
10728	1
10729	2
10732	1
10733	1
10736	2
10738	2
10739	1
10740	2
10743	1
10745	1
10746	1
10747	1
10750	5
10751	1
10752	1
10753	1
10754	2
10755	3
10756	1
10757	3
10758	3
10760	2
10761	1
10762	3
10763	2
10764	2
10765	2
10766	2
10767	1
10769	2
10770	1
10773	2
10774	1
10775	1
10776	1
10777	1
10781	1
10783	1
10786	2
10787	1
10788	1
10791	3
10792	1
10793	1
10794	1
10795	2
10796	2
10797	2
10799	1
10801	1
10802	1
10804	1
10805	2
10806	1
10807	1
10808	2
10811	2
10813	1
10815	3
10818	3
10819	1
10820	2
10821	3
10822	3
10823	2
10824	2
10825	1
10826	1
10828	2
10829	3
10830	1
10831	2
10833	1
10835	1
10837	3
10838	2
10839	3
10841	1
10842	4
10843	1
10844	1
10847	1
10848	1
10850	1
10851	1
10852	1
10855	1
10856	2
10857	2
10858	1
10860	2
10861	1
10863	1
10864	2
10865	3
10866	1
10867	1
10870	2
10871	1
10872	1
10874	1
10875	2
10876	1
10877	1
10878	2
10879	2
10880	2
10882	2
10883	3
10884	3
10887	2
10889	2
10890	1
10893	1
10895	3
10899	1
10903	2
10904	2
10905	1
10906	1
10907	1
10908	2
10909	2
10910	2
10912	2
10913	2
10915	1
10917	1
10918	1
10919	1
10920	1
10921	1
10922	6
10923	1
10924	1
10925	1
10927	2
10930	1
10931	3
10932	1
10934	1
10935	1
10936	1
10937	2
10938	1
10939	2
10940	1
10941	2
10942	2
10943	1
10944	1
10945	1
10946	2
10947	1
10948	3
10952	1
10953	2
10954	1
10955	2
10959	1
10960	1
10961	1
10962	1
10963	1
10964	1
10965	1
10966	1
10967	2
10968	1
10971	1
10973	4
10974	1
10975	1
10976	1
10977	2
10979	1
10980	3
10981	1
10982	1
10984	1
10985	2
10990	3
10991	1
10992	1
10993	1
10998	2
10999	1
11000	5
11003	1
11005	1
11006	3
11007	1
11008	2
11010	3
11011	1
11012	2
11013	3
11016	1
11017	2
11018	2
11019	1
11020	2
11021	2
11022	1
11024	1
11025	2
11026	1
11027	1
11028	2
11029	1
11031	1
11033	3
11034	1
11035	1
11037	1
11038	2
11039	2
11040	1
11041	3
11042	1
11044	1
11045	2
11046	3
11047	2
11048	1
11049	3
11051	2
11052	2
11053	1
11055	1
11056	1
11063	1
11066	1
11067	1
11068	1
11069	1
11072	1
11073	1
11074	2
11075	2
11076	2
11077	1
11078	1
11081	1
11082	1
11083	1
11084	2
11085	1
11086	3
11087	1
11089	1
11092	3
11094	2
11097	1
11098	3
11100	1
11102	1
11103	1
11105	2
11106	1
11108	1
11110	1
11111	2
11112	2
11113	2
11114	1
11115	3
11116	4
11117	1
11118	1
11120	1
11121	3
11124	1
11125	3
11128	1
11130	2
11131	2
11132	1
11133	1
11134	1
11136	2
11138	1
11139	3
11140	2
11141	1
11142	2
11144	1
11145	1
11147	1
11149	2
11151	2
11152	1
11155	1
11157	3
11158	2
11160	2
11162	2
11164	1
11165	3
11166	1
11167	1
11168	1
11169	1
11171	1
11172	2
11175	2
11176	1
11177	1
11179	1
11180	2
11181	1
11182	1
11183	2
11184	1
11188	1
11189	1
11190	1
11194	2
11195	1
11198	1
11199	1
11200	3
11201	2
11202	2
11205	1
11206	4
11207	1
11208	2
11209	1
11210	5
11211	3
11212	2
11215	3
11217	2
11218	2
11219	2
11220	3
11221	1
11225	1
11226	1
11227	1
11228	1
11229	1
11230	3
11233	1
11237	2
11239	2
11242	3
11243	1
11244	1
11245	1
11246	1
11247	1
11250	1
11251	2
11252	2
11255	1
11256	2
11257	2
11261	1
11262	1
11263	2
11264	1
11266	3
11268	1
11269	3
11271	1
11272	1
11274	1
11275	1
11281	2
11282	1
11283	1
11284	1
11286	1
11287	1
11288	1
11290	1
11291	3
11293	2
11296	1
11297	1
11298	1
11300	1
11302	1
11304	1
11306	1
11307	2
11308	1
11310	1
11312	2
11313	3
11315	1
11319	2
11320	2
11321	1
11322	1
11325	2
11326	2
11327	2
11328	1
11329	2
11330	2
11332	2
11335	1
11339	3
11340	1
11341	2
11342	1
11343	2
11344	3
11345	1
11346	1
11349	2
11352	1
11353	1
11354	4
11355	1
11357	2
11358	1
11359	1
11361	2
11363	1
11364	1
11365	1
11367	3
11368	2
11369	1
11370	1
11373	1
11374	3
11375	1
11376	4
11377	1
11378	2
11380	2
11381	2
11382	2
11383	2
11385	2
11386	4
11387	1
11388	2
11389	1
11390	4
11391	1
11395	2
11397	1
11398	1
11401	1
11403	4
11404	1
11406	1
11410	1
11411	5
11412	2
11414	1
11417	1
11421	1
11423	1
11427	1
11428	2
11430	2
11431	2
11433	1
11434	1
11435	2
11436	1
11437	2
11438	2
11439	1
11443	2
11444	1
11445	1
11446	1
11447	1
11448	1
11449	1
11450	1
11451	1
11452	1
11453	1
11454	2
11456	2
11457	1
11460	3
11461	4
11462	2
11464	2
11465	4
11466	2
11467	1
11468	1
11470	1
11471	2
11472	1
11473	2
11474	2
11477	1
11478	1
11480	4
11482	1
11486	1
11489	2
11491	2
11492	2
11493	1
11495	1
11496	3
11497	2
11498	1
11501	1
11502	2
11504	2
11509	2
11512	1
11514	2
11515	1
11516	1
11521	2
11525	2
11526	3
11527	1
11528	1
11529	1
11530	2
11531	1
11534	1
11535	1
11537	4
11539	5
11540	2
11541	2
11542	1
11543	1
11544	1
11545	1
11547	1
11548	2
11549	1
11550	1
11553	2
11554	2
11555	3
11558	2
11561	1
11563	1
11564	1
11565	3
11567	1
11570	3
11571	2
11573	1
11574	2
11575	4
11576	1
11577	1
11578	2
11579	3
11580	3
11581	4
11582	3
11584	1
11585	1
11586	4
11587	1
11589	1
11591	2
11594	1
11596	1
11597	1
11599	2
11602	2
11603	2
11605	2
11606	1
11607	1
11609	2
11610	3
11611	2
11615	3
11617	2
11618	1
11622	1
11624	1
11626	3
11627	1
11628	1
11629	3
11635	2
11636	1
11641	2
11642	1
11643	1
11645	3
11646	1
11647	1
11650	1
11653	1
11658	2
11661	1
11662	2
11664	1
11665	2
11666	1
11668	1
11669	4
11670	2
11671	3
11674	1
11675	5
11678	2
11679	1
11680	3
11681	1
11682	1
11684	1
11685	2
11686	2
11688	2
11689	2
11690	1
11691	1
11693	1
11694	2
11696	3
11698	1
11710	1
11712	2
11714	2
11715	1
11716	2
11717	1
11718	1
11719	5
11721	1
11722	2
11725	1
11726	1
11727	1
11728	1
11729	1
11730	1
11732	1
11735	2
11736	1
11738	2
11739	1
11740	2
11743	1
11749	1
11753	1
11755	1
11756	2
11760	2
11761	2
11762	1
11763	3
11764	1
11765	1
11766	1
11769	2
11770	1
11771	1
11772	1
11773	1
11776	1
11777	2
11778	1
11780	1
11781	1
11783	1
11784	1
11785	2
11786	1
11788	1
11791	1
11792	2
11795	1
11797	2
11805	1
11806	2
11807	1
11808	2
11809	1
11810	1
11811	1
11812	2
11813	2
11814	1
11815	1
11816	2
11817	1
11818	1
11819	2
11821	1
11822	2
11823	2
11824	2
11825	1
11826	1
11827	1
11829	1
11831	1
11832	1
11834	1
11837	2
11838	2
11839	2
11841	1
11842	1
11845	1
11846	2
11847	2
11849	1
11850	3
11851	1
11852	1
11853	1
11854	1
11856	1
11857	1
11858	1
11861	1
11863	1
11868	1
11869	2
11870	2
11871	1
11872	1
11873	1
11874	1
11877	1
11878	2
11879	2
11880	3
11882	1
11884	1
11885	1
11887	1
11891	3
11893	3
11894	2
11897	1
11898	1
11899	2
11906	2
11911	2
11913	1
11914	3
11916	1
11917	1
11918	2
11919	3
11921	1
11924	1
11925	1
11926	2
11927	1
11929	1
11930	1
11931	1
11933	1
11934	1
11935	3
11936	1
11939	2
11940	1
11941	2
11942	1
11944	2
11946	1
11949	1
11950	3
11951	1
11953	2
11954	1
11955	1
11956	1
11957	3
11960	1
11962	1
11964	1
11965	1
11966	2
11969	2
11970	1
11972	3
11973	2
11974	4
11978	1
11979	2
11980	1
11981	1
11982	2
11983	1
11984	1
11985	2
11986	1
11989	1
11990	2
11992	2
11994	2
11995	1
11996	2
11997	3
11998	1
11999	1
12001	3
12002	1
12003	1
12004	1
12005	4
12006	2
12010	2
12012	1
12013	1
12014	3
12016	2
12018	1
12019	1
12020	1
12021	1
12024	1
12025	1
12028	2
12029	1
12032	2
12033	1
12034	1
12037	2
12039	1
12040	3
12049	1
12051	1
12052	1
12054	1
12055	5
12058	1
12059	1
12060	2
12061	1
12063	1
12064	1
12065	3
12066	2
12067	1
12068	1
12069	1
12070	2
12071	1
12074	1
12078	4
12079	1
12082	1
12084	1
12086	2
12087	1
12088	1
12089	3
12090	1
12091	1
12092	1
12093	2
12094	1
12095	1
12096	1
12097	1
12098	1
12099	1
12100	1
12103	1
12104	1
12105	1
12106	3
12107	4
12108	1
12109	1
12114	1
12117	1
12118	2
12119	1
12120	1
12123	2
12124	1
12125	2
12127	3
12128	1
12129	1
12130	4
12132	2
12133	1
12136	1
12137	1
12138	1
12143	1
12144	2
12145	4
12146	2
12147	1
12149	2
12150	2
12151	1
12152	1
12153	2
12154	1
12156	1
12157	2
12159	2
12162	3
12163	1
12170	1
12172	1
12174	1
12177	1
12181	1
12182	1
12183	1
12184	1
12185	1
12188	1
12190	2
12193	1
12194	1
12195	1
12199	2
12204	3
12205	1
12206	1
12207	1
12208	2
12211	1
12212	1
12213	3
12214	3
12216	1
12218	1
12219	1
12221	1
12223	3
12224	1
12226	2
12227	3
12228	1
12230	1
12231	2
12233	1
12235	1
12237	1
12240	1
12241	2
12243	1
12244	1
12245	1
12248	1
12249	1
12250	2
12252	1
12253	2
12254	5
12257	1
12259	1
12261	1
12262	1
12264	2
12265	7
12266	1
12267	1
12268	2
12274	2
12275	1
12276	1
12277	1
12278	1
12279	2
12280	1
12281	3
12282	1
12283	2
12284	1
12286	2
12288	1
12289	1
12290	1
12291	1
12294	1
12296	1
12297	2
12300	3
12302	2
12304	1
12305	2
12307	1
12308	1
12311	2
12312	1
12315	1
12316	2
12317	1
12318	1
12319	4
12320	1
12323	1
12325	2
12326	1
12327	1
12328	1
12329	1
12331	1
12332	2
12335	2
12336	1
12337	4
12339	1
12340	2
12342	1
12343	3
12344	1
12345	2
12346	1
12347	3
12353	1
12354	1
12355	3
12356	3
12357	2
12359	1
12360	1
12365	1
12366	1
12367	1
12368	1
12369	2
12370	1
12371	2
12373	1
12374	1
12376	3
12377	1
12383	1
12384	1
12385	2
12387	1
12388	1
12389	1
12392	2
12394	1
12396	1
12397	2
12398	1
12399	1
12401	2
12402	1
12403	1
12404	1
12405	1
12406	1
12407	1
12408	1
12411	1
12413	1
12417	1
12419	1
12425	2
12426	2
12427	3
12428	1
12430	4
12431	2
12433	3
12435	3
12436	2
12437	2
12438	2
12440	1
12441	1
12442	1
12443	2
12444	2
12447	2
12448	1
12449	1
12451	1
12452	2
12453	1
12454	1
12456	2
12457	1
12462	1
12465	1
12466	2
12468	1
12473	1
12474	1
12477	1
12480	2
12484	1
12491	1
12492	1
12493	1
12495	1
12496	4
12499	2
12500	1
12501	2
12505	2
12506	1
12508	1
12509	1
12511	2
12512	1
12515	1
12516	2
12518	2
12519	1
12521	2
12523	2
12524	1
12525	1
12526	2
12528	5
12529	1
12530	2
12531	1
12532	2
12533	1
12535	2
12536	2
12539	1
12540	1
12543	1
12545	2
12548	1
12549	1
12553	5
12556	1
12557	1
12558	1
12559	3
12564	1
12565	1
12566	1
12567	1
12571	5
12572	1
12573	1
12574	2
12575	1
12579	1
12580	1
12582	1
12585	2
12586	4
12589	2
12591	2
12594	1
12595	3
12596	1
12597	1
12598	2
12601	2
12602	2
12603	2
12606	2
12607	1
12610	1
12611	2
12613	2
12618	1
12619	3
12620	1
12622	2
12624	2
12625	2
12626	1
12627	2
12629	1
12631	1
12632	1
12633	1
12635	1
12636	1
12639	2
12641	1
12642	1
12644	1
12645	1
12646	1
12649	2
12651	1
12655	3
12657	1
12659	2
12663	1
12668	1
12669	1
12671	1
12674	1
12675	1
12676	1
12678	1
12679	3
12681	3
12682	1
12684	1
12686	2
12687	2
12688	3
12689	1
12691	1
12692	1
12693	1
12696	2
12698	1
12699	2
12701	1
12703	2
12704	2
12705	1
12706	1
12708	2
12711	1
12712	1
12715	1
12716	1
12719	2
12720	1
12721	1
12723	1
12724	3
12726	1
12727	1
12728	1
12730	1
12732	1
12734	1
12737	2
12738	1
12739	1
12742	1
12743	3
12744	1
12746	1
12747	3
12749	3
12751	1
12752	2
12753	2
12754	1
12757	1
12759	1
12761	3
12762	2
12763	1
12765	1
12766	2
12773	2
12780	2
12781	2
12783	1
12784	2
12785	1
12787	1
12790	1
12791	1
12792	3
12794	1
12800	1
12801	1
12802	1
12804	1
12805	1
12807	2
12812	1
12813	1
12815	1
12818	1
12819	1
12820	1
12821	1
12824	1
12825	1
12827	1
12828	2
12831	3
12832	2
12834	1
12835	3
12836	1
12837	1
12839	1
12843	2
12844	2
12845	1
12846	1
12847	1
12850	1
12851	1
12853	1
12857	1
12858	1
12859	1
12860	2
12865	3
12866	1
12868	1
12869	1
12870	1
12871	2
12872	1
12873	3
12875	1
12877	1
12878	2
12879	2
12880	1
12881	1
12882	2
12883	2
12884	1
12885	1
12886	2
12887	2
12888	1
12889	1
12890	1
12897	1
12898	1
12900	1
12902	1
12903	2
12904	1
12905	1
12906	1
12908	2
12909	1
12910	1
12911	1
12915	1
12916	1
12922	1
12927	2
12930	1
12933	1
12934	1
12938	1
12939	1
12940	1
12941	1
12943	1
12944	1
12945	1
12946	1
12948	1
12951	1
12952	2
12954	1
12956	1
12959	2
12962	1
12963	1
12965	1
12967	1
12970	1
12971	1
12973	1
12974	1
12977	2
12981	1
12986	1
12987	2
12988	2
12989	1
12992	1
12994	4
12995	1
12996	2
12997	2
12998	1
13003	2
13004	2
13006	1
13009	2
13012	1
13015	1
13017	1
13019	2
13020	1
13022	3
13023	1
13024	1
13027	2
13028	1
13033	1
13034	1
13036	1
13038	2
13039	1
13040	1
13042	1
13044	1
13046	2
13049	1
13051	1
13056	2
13060	3
13061	1
13062	1
13063	1
13064	1
13065	1
13068	1
13069	1
13070	1
13072	1
13073	2
13078	1
13079	2
13080	1
13081	2
13084	1
13085	1
13088	1
13089	2
13091	2
13093	2
13094	2
13096	1
13097	1
13098	1
13099	1
13100	2
13103	1
13104	2
13105	1
13107	1
13108	3
13111	1
13112	2
13113	1
13114	1
13115	1
13119	1
13120	1
13121	1
13122	1
13123	2
13124	1
13129	1
13132	1
13133	1
13137	1
13138	1
13139	1
13141	1
13143	2
13145	1
13147	1
13148	1
13149	1
13151	1
13152	2
13154	1
13158	2
13160	3
13161	3
13162	4
13164	3
13165	1
13169	1
13170	1
13171	2
13174	1
13177	1
13181	2
13184	1
13186	1
13187	1
13188	1
13190	1
13194	1
13195	1
13196	2
13197	2
13201	1
13203	2
13208	1
13209	2
13210	2
13211	1
13213	2
13215	1
13216	1
13217	1
13219	1
13220	1
13221	3
13223	1
13225	3
13226	3
13227	1
13230	3
13231	3
13232	1
13236	1
13237	1
13240	1
13241	1
13242	1
13243	2
13245	1
13246	1
13248	1
13249	1
13253	3
13256	3
13257	1
13262	2
13263	1
13264	1
13269	2
13270	1
13271	2
13275	1
13277	1
13280	3
13285	1
13286	1
13287	1
13288	2
13289	1
13298	1
13299	1
13300	1
13301	1
13304	1
13305	1
13307	1
13308	1
13310	1
13312	2
13314	1
13315	2
13316	2
13317	1
13318	1
13320	1
13321	1
13322	2
13325	2
13329	1
13330	2
13335	1
13336	1
13337	1
13347	3
13348	2
13349	1
13350	2
13353	1
13354	2
13356	1
13357	1
13359	1
13362	1
13363	1
13367	1
13368	1
13370	1
13371	1
13372	1
13373	2
13374	2
13376	1
13378	1
13380	1
13381	1
13384	2
13385	1
13386	1
13388	1
13389	1
13390	2
13394	1
13395	1
13396	2
13399	1
13401	2
13402	2
13403	2
13405	1
13406	1
13408	1
13410	2
13411	2
13416	2
13417	1
13419	1
13420	2
13421	1
13422	1
13425	1
13427	2
13432	2
13434	1
13437	1
13440	2
13441	1
13444	2
13449	1
13452	1
13453	1
13454	1
13456	1
13457	1
13458	2
13460	1
13462	1
13464	1
13465	1
13466	2
13469	2
13471	1
13473	1
13474	2
13478	1
13480	3
13481	2
13482	1
13484	1
13486	2
13487	3
13488	1
13489	2
13493	1
13494	1
13496	1
13500	2
13501	3
13503	1
13504	1
13505	1
13508	1
13509	1
13512	1
13514	3
13515	1
13516	1
13517	1
13518	3
13520	2
13522	2
13524	2
13526	1
13527	2
13530	1
13534	1
13535	1
13537	1
13541	1
13542	2
13543	1
13544	1
13546	1
13548	1
13549	1
13552	1
13560	1
13569	1
13570	1
13572	1
13574	2
13575	1
13576	1
13580	3
13581	3
13587	2
13588	1
13590	1
13593	2
13594	2
13597	2
13598	1
13600	1
13603	2
13608	2
13610	1
13611	1
13612	1
13613	3
13614	1
13616	1
13619	1
13622	1
13626	1
13629	1
13631	2
13632	1
13635	1
13636	1
13639	2
13640	2
13646	1
13647	1
13649	1
13653	1
13654	2
13656	1
13657	2
13660	1
13661	3
13664	1
13665	1
13666	1
13667	2
13668	1
13674	2
13677	3
13678	1
13679	2
13681	2
13684	1
13686	1
13687	1
13688	2
13690	2
13694	3
13697	2
13698	1
13700	1
13702	1
13703	1
13704	1
13705	1
13710	1
13711	1
13712	1
13715	2
13716	1
13718	1
13719	1
13720	1
13721	2
13723	1
13724	1
13726	2
13729	2
13731	2
13732	2
13734	1
13736	1
13738	1
13741	1
13744	1
13745	1
13747	1
13748	1
13751	1
13753	3
13754	1
13756	1
13758	1
13759	1
13761	1
13764	1
13765	1
13769	2
13770	1
13771	1
13774	1
13775	1
13779	1
13785	1
13787	2
13789	2
13791	1
13792	1
13794	1
13796	1
13799	1
13801	1
13802	1
13803	1
13804	1
13805	2
13807	3
13808	1
13809	1
13811	1
13812	1
13814	4
13815	1
13819	1
13820	2
13821	2
13822	2
13823	1
13827	3
13832	1
13835	2
13836	1
13839	1
13840	1
13841	1
13842	1
13848	1
13849	1
13850	1
13851	2
13852	1
13856	1
13860	1
13865	2
13866	1
13867	1
13868	3
13871	1
13872	1
13873	2
13874	1
13876	1
13877	1
13879	1
13880	2
13881	1
13883	2
13887	1
13888	1
13889	1
13890	1
13892	1
13893	1
13895	1
13898	3
13899	1
13901	1
13902	1
13904	1
13908	1
13910	1
13911	1
13912	1
13914	2
13915	1
13916	1
13917	1
13918	1
13919	2
13920	1
13921	1
13924	1
13925	1
13929	1
13930	1
13931	1
13932	4
13935	1
13936	1
13939	1
13940	2
13952	1
13955	2
13956	2
13957	2
13958	1
13959	1
13960	1
13961	1
13962	1
13963	1
13967	1
13968	1
13970	2
13971	1
13976	1
13978	2
13981	1
13982	1
13983	3
13985	2
13989	1
13991	2
13992	2
13994	1
13995	1
14001	1
14003	1
14004	2
14006	2
14007	3
14010	1
14011	2
14012	1
14013	2
14014	1
14015	1
14016	1
14018	1
14019	1
14020	1
14023	2
14024	1
14028	1
14031	2
14033	1
14039	4
14040	1
14043	1
14044	1
14045	2
14050	2
14051	1
14052	1
14059	1
14060	3
14061	1
14062	2
14065	1
14066	1
14069	1
14072	1
14076	1
14077	1
14078	1
14080	1
14081	1
14082	2
14083	4
14084	1
14087	1
14089	1
14090	1
14091	2
14093	1
14095	1
14098	1
14100	1
14102	1
14106	1
14107	3
14111	1
14114	1
14115	1
14120	1
14122	2
14125	1
14128	1
14129	1
14133	1
14134	1
14138	3
14141	1
14142	1
14143	1
14147	1
14149	1
14151	2
14152	1
14154	2
14160	1
14164	1
14165	1
14168	1
14169	4
14170	1
14172	1
14176	2
14178	4
14179	1
14181	1
14182	1
14184	2
14185	2
14186	1
14193	1
14194	1
14198	2
14199	2
14201	1
14202	1
14203	1
14204	1
14205	1
14207	1
14209	1
14210	1
14211	1
14212	1
14214	1
14216	2
14217	1
14218	1
14221	1
14222	2
14227	2
14229	1
14230	1
14232	1
14234	2
14238	1
14239	1
14240	1
14241	2
14243	1
14244	1
14245	1
14247	1
14251	1
14255	1
14257	2
14260	2
14261	2
14262	1
14265	2
14267	1
14269	2
14272	1
14276	2
14277	1
14278	1
14282	1
14283	1
14284	1
14286	2
14287	2
14289	1
14295	1
14296	1
14302	2
14308	1
14310	1
14312	1
14318	1
14319	1
14321	1
14322	1
14328	1
14331	1
14332	1
14337	1
14338	1
14339	1
14340	2
14341	2
14344	1
14347	1
14348	1
14350	2
14352	1
14353	1
14354	1
14358	1
14362	1
14363	1
14364	1
14366	1
14368	1
14370	1
14371	2
14372	1
14373	1
14376	1
14378	3
14379	1
14380	1
14383	1
14384	1
14386	1
14387	1
14388	1
14391	2
14393	2
14394	1
14395	2
14399	2
14400	2
14401	1
14403	2
14409	1
14412	1
14414	1
14417	2
14418	1
14419	1
14420	1
14422	1
14426	1
14427	1
14429	1
14432	1
14437	2
14441	2
14443	1
14445	1
14446	1
14449	4
14452	3
14453	1
14454	1
14455	2
14457	2
14458	4
14461	3
14463	1
14466	1
14468	2
14471	3
14472	1
14475	1
14478	2
14480	1
14481	1
14482	3
14483	1
14484	2
14489	3
14491	1
14492	1
14494	2
14496	1
14498	1
14504	2
14509	1
14514	1
14515	1
14516	2
14517	2
14522	1
14523	1
14524	1
14530	1
14532	1
14537	1
14538	2
14539	1
14546	2
14549	1
14551	2
14556	1
14558	1
14560	1
14562	1
14563	1
14565	2
14566	1
14567	1
14571	3
14577	1
14580	2
14581	2
14585	1
14587	1
14590	1
14592	1
14593	1
14594	3
14595	1
14597	2
14598	1
14600	1
14601	1
14602	3
14603	1
14604	1
14608	1
14609	3
14611	1
14612	2
14613	1
14614	1
14615	2
14616	1
14617	1
14621	1
14623	1
14627	1
14628	1
14633	1
14634	1
14637	1
14642	1
14645	2
14647	2
14650	2
14653	2
14655	1
14656	2
14658	2
14659	1
14661	1
14667	2
14669	1
14670	1
14672	1
14674	1
14675	1
14679	1
14680	1
14682	2
14691	1
14697	1
14702	1
14705	2
14706	1
14707	2
14712	2
14715	2
14717	2
14718	1
14721	2
14722	1
14724	1
14726	1
14728	1
14729	1
14732	1
14733	2
14741	1
14743	1
14745	1
14749	2
14750	1
14758	1
14761	1
14762	2
14770	1
14773	3
14775	1
14777	1
14778	3
14782	1
14783	1
14788	1
14792	1
14793	1
14794	2
14795	1
14796	1
14797	1
14799	2
14800	1
14801	1
14804	1
14805	2
14808	1
14812	1
14813	1
14819	1
14821	1
14836	1
14841	1
14843	2
14847	1
14848	1
14852	1
14853	2
14854	2
14858	1
14860	1
14861	1
14863	1
14866	1
14872	1
14874	2
14875	1
14878	1
14882	1
14883	1
14884	1
14887	2
14889	1
14890	1
14891	1
14894	2
14897	1
14899	2
14901	1
14904	1
14906	1
14908	1
14909	1
14912	1
14914	1
14917	1
14921	1
14923	1
14924	2
14931	1
14932	1
14936	1
14937	2
14938	1
14939	1
14940	1
14942	1
14945	1
14946	1
14951	1
14952	2
14953	1
14955	1
14958	1
14960	1
14961	1
14962	1
14966	1
14967	1
14968	1
14970	1
14972	1
14973	1
14976	1
14978	1
14980	1
14984	1
14985	1
14986	1
14989	2
14996	1
14999	1
15001	1
15002	1
15003	1
15006	1
15008	2
15009	1
15012	2
15013	1
15014	1
15018	3
15019	1
15022	1
15024	2
15025	1
15026	1
15031	1
15032	1
15034	1
15037	1
15042	1
15043	1
15044	1
15049	2
15056	1
15057	1
15059	1
15061	3
15066	2
15069	1
15073	1
15077	1
15081	1
15084	2
15086	2
15088	1
15092	1
15093	1
15094	4
15097	3
15105	1
15106	1
15113	2
15115	1
15120	1
15121	2
15122	1
15125	1
15126	1
15129	1
15130	2
15132	1
15133	2
15136	1
15137	1
15138	1
15139	2
15141	1
15143	2
15145	1
15148	1
15150	1
15155	2
15156	1
15157	1
15160	1
15161	1
15162	1
15168	1
15170	1
15177	1
15179	1
15181	1
15186	1
15187	1
15188	1
15191	1
15192	1
15194	1
15195	1
15196	1
15198	1
15199	1
15202	1
15207	1
15211	2
15212	1
15214	1
15216	1
15218	1
15219	1
15221	1
15224	1
15227	1
15233	3
15234	1
15236	2
15237	2
15244	1
15245	1
15246	1
15249	1
15251	2
15252	1
15254	1
15255	1
15257	1
15259	2
15260	1
15264	1
15265	1
15266	1
15267	1
15268	2
15269	1
15271	1
15272	1
15275	1
15276	1
15280	1
15282	2
15283	3
15284	1
15285	1
15289	1
15290	1
15293	1
15294	1
15295	1
15298	1
15299	1
15300	1
15304	1
15310	1
15311	2
15312	1
15316	1
15320	1
15325	1
15326	1
15329	1
15331	1
15333	1
15334	1
15337	1
15340	1
15341	1
15346	1
15353	1
15359	1
15360	3
15361	1
15365	1
15366	1
15368	1
15369	1
15370	1
15373	3
15374	1
15376	1
15379	1
15382	1
15384	1
15385	1
15386	1
15389	1
15396	2
15399	1
15400	1
15401	1
15404	1
15406	2
15410	1
15411	1
15412	2
15413	1
15417	1
15420	1
15423	2
15427	1
15430	1
15431	1
15432	1
15437	2
15439	1
15445	3
15447	1
15448	1
15449	1
15452	2
15453	1
15456	1
15465	1
15469	1
15470	1
15471	1
15479	1
15484	2
15488	1
15495	2
15498	1
15505	1
15506	1
15507	1
15509	2
15516	1
15520	1
15521	1
15522	1
15526	1
15528	2
15533	1
15534	1
15535	1
15536	1
15537	1
15542	2
15543	2
15544	1
15545	1
15547	1
15550	1
15553	1
15554	1
15559	2
15561	1
15562	1
15564	2
15572	1
15574	1
15577	2
15578	1
15580	1
15584	1
15585	1
15589	1
15591	1
15597	2
15598	1
15600	1
15603	1
15608	1
15611	1
15614	2
15621	1
15626	1
15630	1
15634	1
15635	2
15640	2
15641	1
15644	1
15649	1
15651	1
15659	1
15661	2
15664	2
15665	1
15667	1
15671	1
15672	1
15678	2
15683	1
15685	1
15689	1
15691	2
15692	1
15694	2
15702	2
15706	1
15709	1
15718	2
15719	1
15723	1
15726	1
15727	1
15729	1
15732	2
15734	1
15735	1
15736	1
15737	1
15741	1
15750	1
15752	1
15756	1
15759	1
15760	1
15762	1
15764	1
15765	1
15779	1
15780	2
15782	1
15788	1
15790	1
15792	2
15794	1
15797	2
15800	1
15804	1
15806	1
15807	1
15810	1
15811	2
15812	1
15818	1
15820	1
15823	1
15826	1
15834	1
15835	1
15836	1
15839	1
15847	2
15848	1
15849	1
15853	3
15857	1
15861	1
15864	1
15866	1
15867	1
15876	1
15879	1
15884	1
15888	1
15889	1
15891	1
15899	2
15901	1
15903	1
15905	1
15907	1
15913	1
15918	1
15922	1
15929	1
15933	1
15936	1
15937	1
15938	1
15941	1
15944	2
15948	1
15952	1
15953	1
15954	1
15960	2
15973	1
15974	1
15979	1
15980	1
15992	1
15993	1
15994	1
15999	1
16004	1
16005	1
16009	1
16010	1
16011	1
16014	1
16015	1
16020	1
16023	1
16031	1
16033	1
16034	1
16038	1
16042	1
16049	1
16050	1
16052	1
16057	1
16061	2
16065	1
16066	1
16068	1
16069	1
16070	2
16071	1
16075	1
16079	1
16081	1
16084	1
16086	2
16099	1
16101	3
16102	1
16105	1
16106	1
16109	3
16117	1
16121	1
16126	1
16127	1
16134	1
16138	1
16139	1
16144	1
16147	1
16149	1
16156	1
16162	1
16165	1
16166	2
16169	1
16171	1
16174	1
16175	1
16176	1
16178	1
16179	1
16183	1
16191	2
16194	1
16195	1
16204	1
16214	1
16217	1
16221	2
16222	1
16223	2
16233	1
16237	1
16241	1
16245	2
16251	1
16255	1
16265	2
16269	1
16271	1
16272	1
16277	1
16285	1
16287	1
16289	1
16291	2
16292	1
16293	1
16296	2
16297	1
16298	2
16312	1
16313	1
16314	1
16318	1
16321	1
16324	1
16330	1
16333	1
16335	1
16356	1
16357	1
16359	1
16367	1
16368	1
16369	1
16370	1
16372	1
