1	427
2	229
3	169
4	142
5	119
6	112
7	90
8	91
9	83
10	67
11	76
12	60
13	56
14	75
15	49
16	44
17	50
18	52
19	60
20	49
21	52
22	54
23	36
24	39
25	37
26	42
27	42
28	28
29	48
30	34
31	36
32	37
33	41
34	23
35	34
36	30
37	42
38	32
39	43
40	18
41	38
42	36
43	29
44	39
45	31
46	26
47	29
48	31
49	38
50	31
51	32
52	30
53	32
54	26
55	33
56	34
57	23
58	33
59	27
60	20
61	36
62	20
63	32
64	26
65	26
66	27
67	25
68	31
69	27
70	23
71	27
72	21
73	25
74	27
75	18
76	37
77	24
78	25
79	26
80	26
81	14
82	20
83	31
84	25
85	27
86	22
87	30
88	21
89	11
90	17
91	18
92	26
93	24
94	21
95	21
96	18
97	21
98	16
99	22
100	28
101	25
102	27
103	23
104	13
105	20
106	19
107	20
108	19
109	19
110	26
111	16
112	22
113	16
114	17
115	22
116	21
117	14
118	13
119	14
120	18
121	21
122	12
123	20
124	21
125	15
126	22
127	22
128	12
129	11
130	23
131	13
132	20
133	15
134	19
135	26
136	21
137	19
138	16
139	15
140	21
141	20
142	12
143	19
144	16
145	18
146	12
147	13
148	16
149	15
150	11
151	20
152	18
153	16
154	16
155	16
156	15
157	22
158	10
159	13
160	20
161	9
162	18
163	17
164	19
165	15
166	16
167	12
168	16
169	9
170	9
171	18
172	17
173	15
174	13
175	23
176	11
177	24
178	16
179	16
180	16
181	10
182	17
183	12
184	8
185	21
186	14
187	19
188	8
189	15
190	8
191	11
192	19
193	14
194	19
195	13
196	14
197	22
198	15
199	13
200	16
201	16
202	16
203	14
204	14
205	19
206	17
207	16
208	21
209	21
210	13
211	15
212	15
213	14
214	9
215	9
216	11
217	14
218	13
219	14
220	11
221	20
222	13
223	14
224	14
225	14
226	12
227	16
228	14
229	18
230	17
231	11
232	14
233	14
234	21
235	16
236	14
237	8
238	20
239	19
240	14
241	17
242	9
243	20
244	17
245	13
246	14
247	12
248	12
249	16
250	15
251	9
252	9
253	10
254	18
255	7
256	13
257	8
258	13
259	14
260	12
261	11
262	15
263	9
264	12
265	19
266	13
267	12
268	18
269	10
270	13
271	14
272	9
273	11
274	18
275	8
276	11
277	14
278	14
279	8
280	14
281	16
282	11
283	10
284	12
285	9
286	13
287	15
288	9
289	10
290	17
291	16
292	8
293	10
294	12
295	21
296	15
297	11
298	12
299	14
300	6
301	20
302	13
303	15
304	8
305	13
306	13
307	9
308	14
309	9
310	15
311	10
312	14
313	12
314	12
315	20
316	13
317	16
318	12
319	14
320	8
321	16
322	11
323	10
324	9
325	7
326	9
327	13
328	10
329	11
330	12
331	14
332	6
333	8
334	13
335	8
336	15
337	14
338	17
339	8
340	12
341	11
342	10
343	9
344	13
345	12
346	19
347	10
348	12
349	13
350	10
351	11
352	16
353	11
354	21
355	7
356	14
357	8
358	13
359	7
360	22
361	10
362	15
363	13
364	8
365	7
366	10
367	22
368	9
369	9
370	12
371	8
372	9
373	14
374	14
375	10
376	8
377	14
378	8
379	9
380	17
381	8
382	10
383	6
384	13
385	16
386	11
387	11
388	16
389	13
390	15
391	6
392	10
393	8
394	8
395	8
396	7
397	8
398	8
399	7
400	9
401	8
402	8
403	10
404	8
405	16
406	9
407	8
408	12
409	9
410	7
411	12
412	10
413	7
414	10
415	14
416	16
417	4
418	10
419	8
420	13
421	14
422	6
423	6
424	6
425	14
426	11
427	7
428	10
429	10
430	10
431	10
432	9
433	13
434	9
435	6
436	8
437	8
438	8
439	14
440	13
441	8
442	16
443	5
444	4
445	13
446	11
447	7
448	11
449	9
450	12
451	7
452	8
453	8
454	10
455	15
456	13
457	10
458	12
459	12
460	9
461	12
462	11
463	13
464	8
465	14
466	16
467	10
468	10
469	14
470	11
471	8
472	9
473	10
474	7
475	10
476	11
477	10
478	8
479	10
480	13
481	13
482	10
483	10
484	10
485	14
486	12
487	9
488	9
489	7
490	17
491	11
492	9
493	11
494	9
495	13
496	9
497	11
498	15
499	8
500	8
501	4
502	7
503	13
504	11
505	8
506	9
507	11
508	8
509	15
510	13
511	3
512	1
513	9
514	8
515	8
516	11
517	11
518	9
519	6
520	18
521	11
522	11
523	14
524	7
525	9
526	3
527	10
528	14
529	9
530	12
531	6
532	10
533	5
534	12
535	7
536	10
537	15
538	5
539	7
540	4
541	8
542	7
543	14
544	9
545	12
546	9
547	7
548	10
549	7
550	8
551	15
552	9
553	7
554	8
555	13
556	5
557	9
558	11
559	10
560	4
561	6
562	11
563	13
564	9
565	7
566	5
567	6
568	10
569	9
570	10
571	4
572	9
573	8
574	9
575	12
576	14
577	10
578	7
579	7
580	11
581	10
582	5
583	7
584	7
585	4
586	6
587	8
588	13
589	8
590	9
591	7
592	9
593	9
594	6
595	6
596	10
597	6
598	6
599	10
600	5
601	7
602	4
603	10
604	9
605	4
606	8
607	6
608	7
609	5
610	8
611	9
612	8
613	9
614	5
615	6
616	6
617	11
618	11
619	7
620	5
621	12
622	18
623	7
624	8
625	9
626	7
627	6
628	8
629	10
630	9
631	7
632	3
633	4
634	7
635	10
636	7
637	13
638	6
639	7
640	7
641	12
642	6
643	9
644	12
645	9
646	7
647	9
648	4
649	4
650	10
651	6
652	9
653	7
654	6
655	10
656	8
657	6
658	5
659	9
660	9
661	6
662	6
663	6
664	8
665	8
666	13
667	6
668	7
669	6
670	6
671	7
672	5
673	2
674	4
675	10
676	3
677	5
678	11
679	8
680	5
681	9
682	7
683	6
684	3
685	6
686	6
687	7
688	6
689	4
690	11
691	6
692	3
693	5
694	6
695	7
696	6
697	7
698	6
699	10
700	7
701	7
702	4
703	9
704	5
705	6
706	6
707	6
708	9
709	8
710	4
711	10
712	13
713	5
714	6
715	9
716	11
717	5
718	5
719	11
720	7
721	10
722	9
723	4
724	7
725	4
726	9
727	4
728	8
729	7
730	6
731	9
732	6
733	6
734	7
735	12
736	5
737	8
738	8
739	8
740	5
741	10
742	8
743	13
744	7
745	6
746	6
747	11
748	7
749	5
750	5
751	3
752	11
753	10
754	2
755	7
756	7
757	7
758	5
759	5
760	3
761	9
762	6
763	2
764	9
765	13
766	7
767	9
768	3
769	9
770	7
771	11
772	6
773	11
774	5
775	8
776	6
777	11
778	5
779	9
780	6
781	8
782	10
783	5
784	6
785	2
786	2
787	9
788	6
789	5
790	7
791	4
792	10
793	12
794	8
795	4
796	7
797	10
798	6
799	12
800	3
801	7
802	4
803	5
804	5
805	4
806	12
807	11
808	10
809	8
810	11
811	3
812	6
813	5
814	9
815	6
816	6
817	6
818	11
819	13
820	3
821	5
822	8
823	9
824	8
825	7
826	9
827	5
828	6
829	6
830	2
831	5
832	6
833	8
834	7
835	3
836	6
837	6
838	5
839	12
840	5
841	8
842	11
843	6
844	5
845	7
846	5
847	10
848	3
849	9
850	9
851	4
852	3
853	6
854	8
855	8
856	9
857	12
858	5
859	8
860	10
861	3
862	4
863	4
864	3
865	8
866	3
867	2
868	4
869	10
870	8
871	2
872	10
873	4
874	5
875	4
876	7
877	7
878	10
879	6
880	4
881	6
882	11
883	2
884	9
885	8
886	5
887	4
888	6
889	11
890	6
891	2
892	8
893	4
894	4
895	3
896	2
897	5
898	3
899	5
900	8
901	5
902	10
903	2
904	9
905	10
906	9
907	6
908	8
909	5
910	7
911	4
912	3
913	11
914	4
915	11
916	2
917	3
918	4
919	4
920	6
921	9
922	4
923	11
924	9
925	5
926	6
927	9
928	4
929	6
930	4
931	7
932	7
933	5
934	6
935	6
936	3
937	5
938	4
939	3
940	5
941	4
942	5
943	7
944	6
945	9
946	4
947	2
948	4
949	12
950	9
951	9
952	6
953	4
954	6
955	6
956	4
957	11
958	6
959	2
960	3
961	6
962	9
963	7
964	9
965	8
966	5
967	5
968	3
969	4
970	5
971	8
972	3
973	4
974	7
975	3
977	5
978	4
979	5
980	3
981	7
982	4
983	3
984	4
985	8
986	6
987	3
988	3
989	5
990	6
991	9
992	5
993	6
994	6
995	5
996	3
997	4
998	7
999	6
1000	6
1001	7
1002	7
1003	2
1004	7
1005	7
1006	4
1007	4
1008	4
1009	4
1010	8
1011	6
1012	9
1013	7
1014	3
1015	6
1016	4
1017	4
1018	5
1019	5
1020	4
1021	7
1022	5
1023	1
1024	3
1025	7
1026	6
1027	9
1028	2
1029	2
1030	7
1031	5
1032	3
1033	1
1034	5
1035	1
1036	3
1037	9
1038	5
1039	8
1040	2
1041	7
1042	7
1043	6
1044	6
1045	5
1046	2
1047	8
1048	6
1049	3
1050	3
1051	4
1052	1
1053	3
1054	12
1056	10
1057	2
1058	4
1059	5
1060	3
1061	7
1062	7
1063	7
1064	5
1065	7
1066	14
1067	2
1068	7
1069	4
1070	1
1071	2
1072	3
1073	6
1074	6
1075	6
1076	5
1077	2
1078	4
1079	5
1080	8
1081	6
1082	2
1083	4
1084	5
1085	2
1086	2
1087	2
1088	6
1089	5
1090	8
1091	4
1092	2
1093	1
9286	1
1094	5
1095	3
1096	8
1097	2
1098	3
1099	5
1100	5
1101	5
1102	7
1103	5
1104	5
1105	5
1106	1
1107	3
1108	6
1109	5
1110	7
1111	6
1112	2
1113	4
1114	2
1115	8
1116	3
1117	1
1118	8
1119	3
1120	8
1121	7
1122	3
1123	2
1124	8
1125	5
1126	10
1127	10
1128	1
1129	12
1130	2
1131	4
1132	3
1133	8
1134	6
1135	3
1136	5
1137	2
1138	2
1139	11
1140	2
1141	2
1142	7
1143	2
1144	7
1145	6
1146	5
1147	2
1148	3
1149	6
1150	5
1151	7
1152	3
1153	2
1154	8
1155	10
1156	4
1157	7
1158	3
1159	8
1160	4
1161	6
1162	4
1163	3
1164	4
1165	6
1166	4
1167	6
1168	3
1169	8
1170	4
1171	2
1172	4
1173	4
1174	7
1175	8
1176	8
1177	3
1178	3
1179	4
9372	1
1180	4
1181	7
1182	5
1183	7
1184	11
1185	2
1186	4
1187	6
1188	4
1189	4
1190	1
1191	3
1192	7
1193	5
1194	3
1195	4
1196	7
1197	1
1198	4
1199	8
1200	3
1201	3
1202	8
1203	2
1204	7
1205	4
1206	5
1207	7
1208	1
1209	3
1210	3
1211	10
1212	4
1215	3
1216	1
1217	1
1218	6
1219	6
1220	4
1221	7
1222	4
1223	4
1224	1
1225	2
1226	5
1227	11
1228	3
1229	3
1230	5
1231	7
1232	4
1233	4
1234	3
1235	8
1236	3
1237	9
1238	2
1239	6
1240	3
1241	6
1242	5
1243	9
1244	3
1245	3
1246	3
1247	2
1248	3
1249	2
1251	9
1252	7
1253	4
1254	5
1255	5
1256	9
1257	4
1258	5
1259	2
1261	8
1262	3
1263	5
1264	8
1265	5
1266	5
1267	7
1268	1
1269	6
1270	3
1271	3
1272	7
1273	3
1274	1
1275	5
1276	8
1277	5
1278	3
1279	3
1280	5
1281	2
1282	10
1283	1
1284	5
1285	4
1286	1
1287	3
1288	3
1289	3
1290	6
1291	6
1292	2
1293	6
1294	4
1295	4
1296	1
1297	7
1298	4
1299	4
1300	5
1301	3
1302	3
1303	6
1304	3
1305	4
1306	1
1308	4
1309	6
1310	2
1311	7
1312	3
1313	2
1314	3
1315	7
1316	8
1317	5
1318	4
1319	6
1320	3
1321	5
1322	7
1323	4
1324	3
1325	8
1326	3
1327	1
1328	2
1329	5
1330	4
1331	2
1332	7
1333	9
1334	7
1335	2
1336	7
1337	4
1338	3
1339	6
1340	3
1341	6
1342	4
1343	3
1344	2
1345	2
1346	7
1347	4
1348	7
1349	6
1350	3
1351	4
1352	5
1353	7
1354	6
1355	2
1356	4
1357	2
1358	3
1359	6
1360	3
1361	5
1362	3
1363	4
1364	10
1365	8
1366	4
1367	5
1368	9
1369	4
1370	4
1371	6
1372	5
1373	4
1375	3
1376	4
1377	6
1378	4
1379	3
1380	4
1381	1
1382	2
1383	8
1384	5
1385	5
1386	2
1387	7
1388	6
1389	2
1390	1
1391	4
1392	4
1393	2
1394	5
1395	4
1396	4
1397	11
1398	5
1399	5
1400	3
1401	3
1402	3
1403	3
1404	2
1405	3
1406	2
1407	4
1408	6
1409	5
1410	2
1411	7
1412	5
1413	4
1414	6
1415	3
1416	7
1417	5
1418	1
1419	5
1420	3
1421	3
1422	3
1423	2
1424	7
1425	3
1426	3
1427	7
1428	2
1429	4
1430	4
1431	1
1432	3
1433	5
1434	2
1435	2
1436	6
1437	3
1438	6
1439	1
1440	3
1441	1
1442	8
1443	1
1444	1
1445	6
1446	2
1447	6
1448	2
1449	5
1450	1
1451	3
1452	8
1453	3
1454	3
1455	2
1456	3
1457	2
1458	5
1459	3
1460	7
1461	2
1462	1
1463	4
1464	3
1465	3
1466	4
1467	6
1468	5
1469	8
1470	2
1471	5
1472	3
1473	3
1474	6
1475	6
1476	6
1477	4
1478	3
1479	4
1480	4
1481	1
1482	6
1483	5
1484	4
1485	6
1486	2
1487	5
1488	3
1489	4
1490	3
1491	3
1492	5
1493	7
1494	3
1495	3
1496	5
1497	5
1498	6
1499	2
1500	7
1501	1
1502	5
1503	5
1504	3
1505	5
1506	1
1507	6
1508	2
1509	2
1510	4
1511	4
1512	5
1513	2
1514	4
1515	1
1516	3
1517	2
1518	9
1519	5
1520	1
1521	4
1522	2
1523	3
1525	3
1526	2
1527	5
1528	6
1529	4
1530	4
1531	4
1532	5
1533	4
1534	1
1535	4
1536	3
1537	5
1538	3
1539	5
1540	2
1541	2
1542	2
1543	3
1544	1
1545	5
1547	2
1548	3
1549	3
1550	7
1551	4
1552	6
1553	2
1554	2
9746	1
1555	6
1556	6
1557	6
1558	3
1559	2
1560	7
1561	4
1563	7
1564	3
1565	4
1566	2
1567	4
1568	8
1569	5
1570	4
1571	7
1572	1
1573	6
1574	8
1575	5
1576	1
1578	1
1579	3
1580	3
1581	6
1582	3
1583	4
1584	4
1585	2
1586	1
1587	4
1588	2
1589	7
1590	6
1591	3
1592	6
1593	2
1594	2
1595	3
1596	3
1597	6
1598	3
1599	4
1600	5
1601	2
1602	2
1603	2
1604	7
1605	5
1606	1
1607	1
1608	4
1609	3
1610	2
1611	3
1612	3
1614	3
1615	1
1616	3
1617	5
1618	1
1619	4
1620	3
1621	5
1622	2
1623	5
1624	5
1625	8
1626	5
1627	2
1628	5
1629	6
1630	5
1631	4
1633	5
1634	5
1635	4
1636	1
1637	4
1638	2
1639	4
1640	4
1641	3
1642	3
1643	4
1644	6
1645	5
1646	5
1647	3
1649	5
1650	3
1651	5
1652	4
1653	6
1654	1
1655	2
1656	3
1657	4
1658	1
1659	4
1660	2
1661	2
1662	4
1663	5
1664	2
1665	6
1666	4
1667	3
1668	2
1669	1
1670	5
1671	5
1672	6
1673	2
1674	2
1675	2
1676	4
1677	1
1678	2
1679	1
1680	2
1681	2
1682	3
1683	1
1684	3
1685	5
1686	1
1687	3
1688	3
1689	3
1690	5
1691	3
1692	4
1694	4
1695	4
1697	8
1698	5
1699	4
1700	6
1701	4
1702	3
1703	2
1704	6
1705	3
1706	3
1707	2
1708	4
1709	4
1710	2
1711	4
1712	5
1713	2
1714	5
1716	2
1717	6
1718	1
1719	1
1720	2
1721	5
1722	4
1723	4
1724	4
1725	6
1726	2
1727	3
1728	3
1729	3
1730	4
1731	2
1732	3
1733	3
1735	1
1736	3
1737	4
1739	2
1740	2
1741	1
1742	2
1743	1
1744	2
1745	6
1746	3
1747	4
1748	4
1749	2
1750	6
1751	2
1752	5
1753	2
1754	4
1755	4
1756	2
1757	3
1758	5
1759	3
1760	8
1761	2
1762	4
1763	4
1764	2
1765	2
1766	4
1767	1
1768	3
1769	5
1770	4
1771	2
1774	3
1775	4
1776	4
1777	4
1778	1
1779	2
1780	6
1781	4
1783	4
1785	5
1786	4
1787	4
1788	5
1789	3
1790	5
1791	3
1792	5
1793	2
1795	5
1796	4
1797	8
1798	2
1799	3
1800	3
1802	2
1803	8
1804	3
1805	3
1806	3
1807	3
1808	2
1809	1
1810	4
1811	2
1812	3
1813	6
1814	3
1815	5
1816	3
1817	3
1818	4
1819	6
1820	1
1821	5
1822	5
1823	2
1824	2
1825	4
1826	3
1827	1
1828	1
1829	3
1830	2
1831	4
1832	1
1833	2
1834	2
1835	3
1836	2
1837	2
1838	1
1839	1
1840	2
1841	2
1842	1
1843	3
1844	6
1845	4
1846	2
1847	4
1848	4
1849	3
1850	2
1851	3
1852	3
1853	4
1854	4
1855	5
1856	1
1857	3
1858	1
1859	2
1860	3
1861	7
1862	1
1863	2
1864	3
1865	3
1866	7
1867	6
1868	1
1869	5
1870	4
1871	3
1872	2
1873	4
1874	1
1875	5
1876	2
1877	1
1878	1
1879	2
1880	1
1881	1
1882	1
1883	3
1884	4
1885	3
1886	2
1887	4
1888	5
1889	1
1890	5
1891	3
1892	2
1893	3
1894	1
1895	1
1896	2
1897	3
1898	1
1899	3
1900	4
1901	1
1902	7
1903	3
1904	3
1905	3
1906	2
1907	1
1908	6
1909	4
1910	4
1911	5
1912	3
1913	1
1915	4
1916	6
1917	5
1919	4
1920	1
1921	5
1922	3
1923	4
1924	2
1925	4
1926	4
1927	2
1928	3
1929	4
1930	3
1932	8
1933	3
1934	3
1935	3
1936	3
1937	2
1938	4
1939	5
1940	5
1942	2
1943	2
1945	5
1946	3
1947	2
1948	1
1949	2
1950	1
1951	6
1952	1
1953	3
1954	4
1955	2
1957	3
1958	2
1959	6
1960	2
1961	1
1962	6
1963	1
1964	5
1966	2
1968	1
1969	5
1970	3
1971	2
1972	4
1973	5
1974	3
1975	1
1976	6
1977	1
1978	2
1979	1
1980	2
1981	4
1982	3
1983	3
1984	4
1986	3
1987	1
1988	3
1989	2
1990	4
1991	4
1993	2
1994	2
1995	3
1996	2
1997	1
1998	1
1999	2
2000	5
2001	1
2002	2
2004	2
2005	3
2006	3
2007	5
2008	4
2010	3
2011	3
2012	2
2013	2
2014	3
2015	4
2016	1
2017	1
2018	1
2019	2
2020	2
2021	5
2022	1
2023	4
2024	1
2025	2
2026	1
2027	2
2028	2
2029	7
2030	1
2031	3
2032	4
2033	5
2034	2
2035	4
2038	1
2039	2
2040	2
2041	4
2042	4
2043	2
2044	5
2045	4
2046	1
2047	1
2048	2
2049	2
2050	1
2051	3
2052	5
2053	2
2054	4
2055	1
2056	3
2057	2
2058	3
2059	2
2060	5
2061	2
2062	5
2063	3
2064	1
2065	3
2066	6
2067	2
2068	3
2069	2
2070	2
2071	5
2072	2
2073	3
2075	2
2076	1
2077	1
2078	5
2079	2
2080	3
2081	2
2082	1
2083	2
2084	5
2085	2
2086	2
2087	4
2088	2
2089	1
2090	2
2091	2
2092	1
2093	3
2094	4
2095	3
2097	2
2098	3
2099	2
2100	1
2101	2
2102	2
2103	3
2104	4
2105	2
2106	1
2107	3
2108	3
2109	2
2110	2
2111	2
2112	1
2113	4
2114	1
2115	1
2116	1
2117	1
2118	1
2119	2
2120	3
2121	2
2122	1
2123	1
2124	2
2125	6
2126	4
2127	2
2128	3
2129	1
2130	2
2131	1
2132	3
2133	3
2134	2
2135	1
2136	1
2138	3
2139	2
2140	4
2141	4
2142	3
2144	2
2145	4
2146	3
2147	2
2148	1
2149	3
2150	4
2151	1
2152	2
2153	5
2154	2
2155	2
2156	1
2158	1
2159	3
2160	2
2161	1
2162	2
2163	4
2164	3
2165	1
2166	3
2167	1
2168	5
2169	1
2170	5
2171	1
2172	2
2173	3
2174	2
2175	1
2176	3
2177	2
2178	1
2179	4
2180	3
2181	2
2182	2
2183	2
2184	2
2185	5
2186	2
2187	2
2189	4
2190	5
2191	1
2192	2
2193	1
2194	6
2195	2
2196	3
2197	6
2198	2
2199	1
2201	1
2202	2
2203	2
2204	3
2205	5
2207	2
2208	1
2209	3
2210	5
2211	5
2212	2
2213	3
2214	2
2219	2
2220	1
2221	2
2222	4
2223	1
2224	2
2225	2
2226	2
2227	5
2228	1
2229	1
2230	5
2231	2
2232	3
2233	2
2234	3
2236	3
2237	2
2238	5
2239	2
2240	9
2241	4
2242	2
2243	1
2245	3
2246	2
2247	3
2248	1
2249	2
2250	3
2251	3
2252	3
2253	2
2254	1
2255	3
2256	1
2257	2
2258	3
2259	3
2260	1
2261	1
2262	3
2264	5
2265	1
2266	5
2267	1
2268	2
2269	1
2270	1
2271	1
2272	4
2273	2
2274	3
2275	1
2276	1
2277	1
2278	2
2279	1
2280	5
2281	3
2282	4
2284	3
2285	1
2286	1
2287	1
2288	2
2289	2
2290	3
2291	2
2292	3
2293	3
2294	3
2295	5
2297	3
2298	1
2299	4
2300	2
2301	4
2303	1
2304	6
2305	2
2306	1
2307	4
2308	4
2309	4
2310	4
2312	1
2315	2
2316	1
2317	2
2318	5
2319	2
2320	2
2322	1
2323	3
2324	1
2325	1
2326	3
2327	7
2328	3
2329	2
2334	3
2335	4
2336	1
2337	3
2338	1
2340	5
2341	4
2343	1
2345	1
2346	1
2347	2
2348	1
2349	2
2350	3
2351	4
2352	1
2353	3
2354	3
2355	1
2356	4
2357	2
2358	7
2360	3
2361	3
2362	3
2363	3
2364	2
2365	3
2366	2
2368	2
2370	1
2372	1
2373	1
2374	1
2375	3
2376	1
2377	2
2378	2
2379	3
2381	5
2382	1
2384	4
2386	1
2388	1
2390	3
2391	3
2392	1
2393	2
2394	3
2395	2
2396	6
2399	2
2400	2
2403	3
2404	5
2406	2
2407	2
2408	2
2409	2
2410	4
2411	1
2412	2
2414	4
2415	2
2416	1
2417	1
2418	3
2419	2
2420	1
2421	3
2422	2
2423	1
2424	2
2425	1
2426	2
2427	1
2428	2
2429	1
2431	2
2432	2
2433	1
2434	2
2435	5
2436	4
2437	1
2438	1
2439	2
2440	4
2441	2
2442	1
2443	2
2444	2
2445	1
2446	2
2447	2
2448	4
2449	1
2450	1
2451	2
2452	3
2453	2
2454	2
2455	5
2456	1
2458	1
2459	3
2460	1
2461	2
2462	3
2463	1
2464	2
2467	1
2468	1
2469	2
2471	2
2472	2
2475	3
2476	4
2477	3
2478	2
2479	1
2480	2
2481	2
2482	5
2483	2
2485	4
2486	1
2487	1
2488	3
2489	1
2490	1
2491	1
2492	2
2493	4
2494	2
2495	2
2496	2
2497	3
2498	2
2499	1
2500	1
2501	1
2502	2
2503	4
2504	1
2505	3
2506	2
2507	3
2508	1
2509	4
2510	3
2511	1
2513	2
2514	1
2515	1
2516	2
2517	1
2518	1
2520	1
2521	4
2522	2
2523	2
2525	1
2527	1
2530	4
2532	2
2534	4
2536	1
2537	2
2538	2
2539	3
2540	1
2541	3
2542	3
2543	1
2546	4
2547	1
2548	4
2550	1
2551	2
2552	1
2553	1
2554	6
2555	2
2557	2
2558	4
2559	2
2560	3
2561	1
2562	2
2564	2
2565	1
2566	3
2567	3
2568	3
2569	4
2570	1
2572	3
2573	3
2574	2
2575	1
2576	1
2577	1
2578	2
2580	2
2581	1
2582	1
2583	3
2584	4
2585	3
2586	2
2587	2
2588	1
2589	1
2590	6
2592	1
2593	1
2595	2
2596	3
2597	6
2598	3
2599	2
2600	1
2601	4
2602	4
2603	2
2604	4
2605	1
2606	2
2607	1
2608	2
2609	1
2610	1
2611	1
2613	3
2614	2
2615	1
2616	1
2618	2
2619	3
2621	1
2622	2
2623	3
2624	1
2625	4
2626	1
2627	2
2628	3
2630	2
2631	1
2632	3
2633	1
2634	2
2635	1
2636	1
2637	1
2638	3
2639	2
2642	2
2643	2
2644	2
2645	2
2646	1
2647	1
2649	3
2651	1
2652	1
2653	3
2655	1
2656	2
2657	1
2658	3
2660	1
2662	1
2664	3
2665	3
2666	2
2667	1
2672	2
2673	1
2674	1
2675	2
2676	3
2677	1
2678	2
2679	1
2681	1
2682	3
2683	3
2684	2
2685	4
2686	1
2687	2
2688	7
2689	2
2691	2
2692	3
2693	2
2694	2
2695	1
2696	2
2697	3
2698	4
2699	1
2700	5
2701	4
2703	1
2704	2
2705	5
2706	1
2707	4
2709	4
2710	1
2712	1
2713	1
2714	1
2716	2
2717	5
2718	2
2721	2
2723	1
2724	3
2729	2
2730	2
2731	2
2732	1
2733	2
2734	2
2735	2
2736	1
2737	2
2738	1
2739	1
2740	2
2741	1
2742	2
2743	2
2744	1
2745	2
2746	1
2748	1
2749	2
2750	2
2751	2
2752	4
2753	2
2754	1
2755	1
2756	1
2757	2
2758	3
2760	2
2761	1
2762	2
2763	2
2764	1
2765	3
2766	1
2770	2
2771	2
2772	2
2773	2
2774	2
2775	3
2776	1
2777	1
2779	2
2780	1
2781	1
2784	2
2785	2
2786	1
2787	2
2788	2
2789	2
2790	1
2791	2
2792	1
2794	2
2795	2
2796	5
2797	1
2798	2
2799	1
2800	4
2802	1
2803	1
2804	1
2805	3
2806	1
2807	4
2808	1
2809	1
2811	2
2816	1
2817	1
2818	1
2820	1
2821	1
2823	2
2824	3
2826	3
2827	1
2828	2
2829	1
2832	1
2833	1
2834	1
2837	3
2838	1
2840	1
2841	1
2842	1
2843	2
2844	1
2845	5
2846	2
2848	1
2850	2
2853	1
2855	4
2857	1
2858	2
2859	3
2862	1
2863	2
2865	2
2867	1
2870	3
2871	1
2872	1
2873	2
2874	1
2875	2
2879	3
2881	4
2882	1
2883	1
2884	3
2885	2
2887	5
2888	1
2889	1
2892	2
2894	2
2895	2
2897	3
2898	1
2899	1
2900	2
2901	2
2902	1
2903	2
2904	3
2905	2
2906	2
2908	3
2909	2
2910	1
2911	1
2912	1
2913	3
2914	2
2917	2
2918	2
2919	3
2920	1
2922	1
2923	3
2924	2
2925	2
2927	1
2928	2
2929	1
2930	2
2932	1
2936	1
2939	1
2940	1
2941	2
2942	2
2943	1
2945	2
2946	2
2947	2
2952	1
2953	1
2954	1
2955	2
2958	1
2960	1
2961	2
2962	3
2963	2
2964	2
2965	2
2966	1
2969	2
2970	1
2971	2
2972	1
2973	2
2974	1
2975	2
2976	3
2977	3
2978	1
2979	2
2981	1
2982	1
2984	2
2986	3
2987	1
2988	1
2990	2
2991	3
2993	2
2994	4
2995	3
2996	1
2997	1
2999	1
3000	2
3001	2
3003	1
3004	1
3005	1
3007	1
3009	1
3010	1
3011	1
3013	1
3014	6
3015	1
3017	2
3019	1
3020	2
3021	1
3023	1
3025	2
3026	1
3029	1
3030	2
3031	2
3033	4
3034	2
3036	1
3037	1
3039	2
3041	1
3042	1
3043	4
3044	1
3045	1
3047	1
3049	1
3050	2
3051	3
3052	2
3054	1
3055	1
3057	1
3058	4
3059	2
3060	1
3061	2
3063	1
3064	3
3066	2
3067	2
3069	1
3071	1
3072	1
3073	2
3074	2
3075	3
3076	1
3077	1
3078	2
3081	3
3082	1
3083	1
3084	1
3086	1
3087	2
3088	1
3091	1
3097	3
3098	1
3099	1
3100	3
3101	2
3103	1
3104	1
3105	1
3107	1
3108	2
3109	1
3110	1
3111	2
3112	2
3113	3
3115	2
3116	3
3117	1
3118	4
3121	2
3123	2
3124	2
3125	1
3128	1
3131	2
3132	1
3133	1
3135	3
3136	2
3137	1
3138	2
3139	2
3142	2
3143	1
3144	1
3145	1
3147	1
3148	1
3149	1
3150	1
3151	4
3152	1
3153	1
3158	2
3162	1
3163	1
3164	1
3166	1
3167	1
3168	2
3169	1
3171	2
3175	1
3176	2
3177	2
3178	1
3179	1
3180	2
3181	2
3183	3
3184	1
3185	1
3191	1
3193	1
3196	2
3200	2
3202	2
3203	2
3204	2
3205	1
3206	3
3209	3
3211	1
3212	1
3214	3
3218	3
3219	3
3221	2
3223	2
3224	1
3225	1
3226	1
3228	1
3229	1
3231	3
3233	1
3234	2
3238	1
3240	1
3243	1
3244	1
3245	1
3248	3
3250	1
3258	1
3259	3
3260	2
3262	1
3263	1
3264	1
3265	1
3267	1
3271	1
3274	1
3276	2
3278	2
3279	2
3280	2
3281	1
3282	3
3284	2
3285	1
3287	1
3289	1
3290	1
3293	1
3294	3
3296	2
3297	1
3298	1
3299	3
3301	2
3304	2
3305	1
3306	1
3312	1
3313	1
3314	1
3315	1
3321	1
3322	3
3323	1
3324	1
3327	1
3330	1
3331	2
3333	2
3334	2
3335	1
3337	1
3339	2
3341	2
3344	2
3347	1
3348	2
3349	1
3350	2
3351	1
3352	3
3353	2
3354	1
3357	1
3360	1
3361	3
3362	1
3364	2
3367	1
3369	1
3370	1
3371	1
3372	2
3373	1
3376	1
3377	1
3379	1
3382	2
3383	1
3385	1
3387	1
3388	1
3389	1
3392	1
3394	1
3395	3
3396	1
3397	4
3398	1
3399	1
3400	1
3402	1
3408	1
3411	1
3412	1
3413	2
3416	1
3418	2
3419	1
3420	2
3421	4
3422	1
3424	1
3425	2
3428	1
3431	1
3433	2
3434	1
3436	4
3437	1
3439	1
3441	1
3444	2
3445	1
3446	2
3447	2
3448	1
3449	1
3450	1
3451	1
3452	1
3458	2
3461	1
3463	1
3464	1
3465	2
3466	2
3467	2
3468	1
3469	1
3471	2
3472	3
3473	3
3474	3
3475	1
3476	2
3480	1
3481	2
3482	2
3483	1
3485	1
3486	1
3490	1
3493	1
3495	2
3497	2
3498	1
3499	1
3500	1
3501	2
3506	1
3513	3
3521	2
3522	1
3524	1
3525	2
3527	2
3529	1
3531	1
3532	3
3533	2
3534	3
3535	1
3536	1
3538	2
3540	1
3542	2
3545	2
3546	1
3548	1
3549	3
3550	1
3554	2
3555	1
3556	1
3557	1
3562	4
3564	3
3566	1
3567	3
3568	2
3570	1
3571	1
3572	1
3573	2
3575	2
3577	2
3578	1
3579	1
3583	2
3586	2
3587	1
3588	1
3591	1
3595	3
3596	1
3600	2
3601	2
3602	1
3604	1
3605	1
3607	1
3608	1
3609	1
3612	3
3614	1
3616	1
3620	2
3621	1
3623	3
3624	1
3625	1
3626	2
3628	1
3629	1
3631	1
3633	1
3634	1
3635	1
3638	2
3640	1
3644	2
3647	1
3648	1
3650	1
3651	1
3652	1
3656	1
3658	1
3662	1
3665	4
3666	1
3669	2
3678	1
3679	2
3682	2
3685	1
3687	1
3689	4
3690	1
3695	1
3697	1
3698	1
3700	1
3701	1
3702	2
3703	1
3704	1
3707	2
3708	1
3709	2
3711	2
3713	1
3714	1
3717	1
3718	1
3719	1
3721	1
3724	1
3725	1
3726	2
3727	1
3728	1
3731	1
3732	1
3733	1
3736	1
3743	1
3745	1
3752	2
3754	2
3755	1
3756	2
3762	1
3764	1
3765	1
3766	2
3768	1
3769	1
3770	1
3773	2
3774	1
3777	1
3778	1
3779	1
3780	1
3783	2
3788	1
3790	1
3791	1
3793	1
3794	1
3795	1
3796	1
3797	1
3799	1
3803	1
3808	2
3811	1
3812	2
3813	2
3815	2
3816	1
3817	1
3818	1
3819	1
3820	1
3821	1
3829	2
3830	1
3832	1
3833	1
3841	1
3842	3
3845	1
3847	1
3848	1
3850	1
3852	3
3853	1
3854	1
3856	1
3857	1
3861	1
3865	1
3866	2
3867	1
3869	2
3870	2
3871	1
3872	1
3873	1
3877	1
3878	1
3881	2
3882	1
3884	1
3888	1
3891	1
3894	1
3895	1
3897	2
3901	1
3904	2
3907	2
3909	1
3910	1
3915	2
3920	1
3923	1
3927	2
3928	1
3930	1
3934	1
3939	2
3947	1
3951	3
3952	1
3954	2
3955	3
3956	1
3957	1
3959	2
3960	1
3964	2
3967	1
3969	1
3972	1
3973	1
3976	1
3979	1
3980	1
3983	2
3984	2
3989	1
3991	1
3993	1
3999	1
4000	1
4001	1
4002	1
4004	1
4007	1
4008	1
4009	1
4011	3
4012	1
4014	1
4015	1
4016	1
4017	1
4022	1
4028	1
4030	1
4035	2
4043	1
4044	1
4045	1
4049	1
4051	1
4055	1
4056	1
4060	2
4061	2
4064	1
4069	1
4070	1
4084	1
4085	1
4087	1
4089	2
4094	1
4095	1
4098	1
4100	1
4101	1
4106	1
4110	1
4111	2
4112	1
4114	1
4121	1
4123	1
4125	1
4126	2
4128	1
4133	1
4134	2
4135	1
4140	1
4146	1
4149	4
4152	1
4155	1
4166	1
4168	1
4169	1
4171	1
4172	1
4175	1
4180	1
4182	1
4186	1
4193	1
4194	1
4197	2
4202	1
4203	2
4205	1
4214	1
4216	1
4217	1
4218	1
4219	1
4223	1
4224	2
4226	1
4230	2
4232	1
4235	1
4236	1
4239	1
4241	2
4247	1
4250	2
4251	1
4252	1
4253	1
4256	2
4260	1
4261	1
4265	1
4266	1
4268	2
4270	1
4276	1
4280	1
4288	1
4293	1
4294	1
4296	1
4298	1
4299	3
4301	1
4303	1
4306	1
4307	1
4324	2
4329	1
4330	2
4331	1
4332	1
4334	1
4339	2
4342	1
4351	1
4355	1
4359	1
4360	1
4364	1
4368	1
4372	1
4375	1
4377	1
4378	2
4380	1
4388	1
4390	1
4396	1
4399	1
4400	1
4401	1
4404	1
4405	1
4406	1
4413	1
4418	1
4421	1
4426	1
4427	2
4437	1
4441	1
4444	1
4446	1
4449	1
4450	1
4453	1
4457	1
4463	1
4466	1
4467	1
4472	1
4476	1
4489	1
4496	1
4503	1
4510	1
4513	1
4515	2
4516	1
4522	1
4523	1
4524	1
4528	1
4531	1
4534	1
4535	1
4540	1
4544	1
4546	1
4550	1
4559	1
4563	1
4564	1
4568	1
4571	1
4575	1
4577	1
4579	1
4590	1
4594	1
4598	2
4599	1
4606	1
4607	1
4609	1
4624	1
4630	2
4632	1
4644	1
4646	1
4648	2
4649	1
4653	2
4656	1
4658	1
4663	1
4672	1
4676	1
4679	1
4687	1
4693	1
4702	1
4708	2
4728	1
4733	1
4736	3
4738	1
4740	1
4749	1
4757	1
4758	1
4759	2
4794	1
4799	1
4807	1
4814	1
4815	1
4817	1
4819	1
4822	1
4846	1
4868	1
4869	1
4877	1
4883	1
4886	1
4888	1
4895	1
4899	1
4906	1
4910	1
4926	1
4928	1
4931	1
4938	1
4948	1
4962	1
4975	1
4976	2
4989	1
4992	1
4995	1
5000	1
5015	1
5031	1
5034	1
5038	1
5041	1
5047	1
5051	1
5054	1
5065	1
5066	1
5067	1
5069	1
5070	1
5078	1
5082	1
5083	1
5085	2
5087	1
5095	1
5097	1
5111	1
5118	1
5125	1
5129	1
5133	2
5139	1
5140	1
5152	1
5156	1
5171	1
5187	1
5192	1
5194	1
5203	1
5204	1
5211	1
5229	1
5241	1
5242	1
5243	1
5246	1
5278	1
5282	1
5286	1
5306	1
5316	1
5322	1
5326	1
5333	1
5334	1
5355	1
5359	1
5369	1
5370	1
5404	1
5429	1
5433	1
5447	1
5480	1
5482	1
5496	1
5512	1
5535	1
5539	1
5540	1
5555	1
5556	1
5557	1
5564	1
5565	1
5577	1
5589	1
5591	1
5648	1
5657	1
5663	1
5666	1
5678	1
5683	1
5687	1
5755	1
5805	1
5857	1
5876	1
5899	1
5941	1
5981	1
5988	1
5989	1
6007	1
6017	1
6027	1
6032	1
6058	1
6064	1
6123	1
6138	1
6144	1
6175	1
6241	1
6257	1
6400	1
6473	1
6474	1
6543	1
6560	1
6622	1
6700	1
6749	1
6848	1
6854	1
6884	1
6937	1
7065	1
7147	2
7170	1
7175	1
7178	1
7459	1
7543	1
7867	1
8068	1
