1	362
2	215
3	143
4	102
5	99
6	81
7	78
8	83
9	52
10	77
4106	1
11	63
12	69
13	67
14	69
15	62
16	69
17	71
18	46
19	54
20	60
21	43
22	53
23	37
24	45
25	53
26	45
4122	1
27	53
28	51
29	36
30	53
31	35
32	40
33	47
34	36
4130	1
35	24
36	34
37	39
38	32
39	39
40	38
41	38
42	36
43	39
44	35
45	37
46	24
47	37
48	36
49	37
50	45
51	32
52	52
53	36
54	28
55	32
56	34
57	37
58	35
59	30
60	32
61	32
62	28
63	19
64	41
65	20
66	38
67	27
68	42
69	32
70	36
71	20
72	33
73	25
4169	1
74	33
75	39
76	29
77	30
78	29
79	32
80	26
81	30
82	26
83	29
84	29
85	40
86	27
87	26
88	31
89	46
90	23
4186	1
91	31
92	25
93	22
94	30
95	29
96	27
97	27
98	25
99	32
100	32
101	26
102	24
4198	1
103	26
104	26
105	30
106	22
107	26
108	17
109	24
110	24
111	28
112	25
113	24
114	37
115	24
4211	1
116	24
117	28
118	28
119	21
120	30
121	27
122	35
123	25
124	26
125	23
126	21
127	24
128	19
129	34
130	23
131	20
132	29
133	25
134	23
135	32
136	23
4232	1
137	28
138	24
139	31
140	17
141	34
142	17
143	13
144	16
145	16
146	21
147	23
148	27
149	28
150	21
151	14
152	26
4248	1
153	26
154	24
155	18
156	19
157	29
158	29
159	15
160	19
161	19
162	29
163	18
164	12
165	27
166	18
167	17
168	31
169	22
170	21
171	16
172	18
4268	1
173	20
4269	1
174	21
175	15
176	19
177	24
178	27
179	27
180	26
181	15
182	15
183	23
184	27
185	21
186	14
187	20
188	19
189	22
190	24
191	26
192	16
193	18
194	23
195	16
196	22
197	21
198	15
199	24
200	12
201	20
202	19
4299	1
203	19
204	15
205	17
206	26
207	22
208	18
209	18
210	21
211	20
212	21
213	26
214	24
215	29
216	18
217	26
218	16
219	11
220	16
221	18
222	12
223	24
224	20
225	29
226	18
227	21
228	26
229	13
230	22
231	32
232	27
233	22
234	22
235	31
236	18
237	15
238	12
239	15
240	24
241	17
242	21
243	17
244	19
245	23
246	16
247	19
248	17
249	17
250	21
251	12
252	23
253	18
254	22
255	17
256	20
257	20
258	21
259	11
260	20
261	17
262	16
263	21
264	17
265	16
266	22
267	15
268	16
269	15
270	18
271	11
272	23
273	12
274	14
275	27
276	13
277	14
278	28
279	15
280	17
281	20
282	20
283	20
284	17
285	15
286	20
287	19
288	16
289	11
290	20
291	17
292	12
293	13
294	18
295	17
296	14
297	13
298	16
299	15
300	9
301	9
302	21
303	16
304	16
305	14
306	14
307	13
308	18
8501	1
309	18
310	18
311	20
312	16
313	25
314	22
315	12
316	23
317	21
318	18
319	20
320	18
321	11
322	16
323	15
324	17
325	19
326	17
327	17
328	15
329	20
330	17
331	22
332	15
333	17
334	12
335	15
336	10
337	17
338	12
339	16
340	10
341	9
342	19
343	30
344	17
345	13
346	18
347	13
348	15
349	11
350	15
351	10
352	14
353	14
354	18
355	12
356	11
357	14
358	20
359	14
360	14
361	13
362	9
363	17
364	15
365	15
366	10
367	17
368	14
369	2
370	17
371	19
372	13
373	18
374	21
375	10
376	20
377	20
378	15
379	7
380	14
381	21
382	16
383	13
384	7
385	14
386	12
387	12
388	12
389	16
390	7
391	18
392	20
393	13
394	18
395	19
396	12
397	28
398	11
399	25
400	15
401	13
402	15
403	13
404	15
405	12
406	17
407	18
408	11
409	15
410	17
411	14
412	15
413	12
414	19
415	14
416	10
417	13
418	15
419	12
420	11
421	8
422	14
423	11
424	12
425	13
426	17
427	18
428	21
429	13
430	17
431	25
432	21
433	18
434	11
435	11
436	15
437	18
438	10
439	12
440	19
441	7
442	20
443	18
444	12
445	11
446	16
447	18
448	16
449	14
450	13
451	12
452	14
453	16
454	18
455	13
456	17
457	12
458	13
459	6
460	14
461	17
462	17
463	11
4559	1
464	17
465	15
466	12
467	12
468	16
469	17
470	13
471	9
472	12
473	17
474	14
475	10
476	20
477	15
478	13
479	19
480	13
481	14
482	15
483	17
484	20
485	13
486	8
487	13
488	14
489	18
490	16
491	12
492	11
493	8
494	10
495	12
496	18
497	15
498	18
499	16
500	15
501	20
502	20
503	16
504	11
505	16
4601	1
506	9
507	11
508	17
4604	1
509	20
510	11
511	12
512	13
513	15
514	12
515	13
516	10
517	17
518	17
519	12
520	9
521	15
522	12
523	12
524	18
525	17
526	17
527	14
528	15
529	11
530	18
531	13
532	9
533	8
534	9
535	13
536	13
537	13
538	8
539	13
540	11
541	13
542	11
543	8
544	12
545	14
546	12
547	13
548	16
549	13
550	14
551	16
552	9
553	16
554	15
555	13
556	7
557	10
558	10
559	12
560	16
561	8
562	9
563	13
564	13
565	9
566	12
567	11
568	14
569	6
570	11
571	12
572	19
573	7
574	10
575	14
576	11
577	12
578	11
579	8
580	13
581	11
582	10
583	8
584	11
585	11
586	15
587	8
588	13
589	8
590	7
591	12
592	22
593	12
594	5
595	12
596	13
597	8
598	14
599	14
600	15
601	9
602	11
603	16
604	13
605	4
606	10
607	14
608	8
609	10
610	12
611	13
612	8
613	12
614	10
615	9
616	4
617	12
618	14
619	11
620	10
4717	1
621	10
622	15
623	15
624	14
625	13
626	16
627	16
628	4
629	11
630	12
631	11
632	8
633	10
634	12
635	8
636	13
637	6
638	18
639	13
640	7
641	14
642	15
643	14
644	10
645	14
646	15
647	14
648	8
649	10
650	8
651	8
652	16
653	8
654	9
655	8
656	6
657	12
658	8
659	12
660	10
661	10
662	16
663	14
664	11
665	13
666	11
667	12
668	8
669	12
670	9
671	10
672	8
673	17
674	10
675	7
676	13
677	19
678	9
679	10
680	9
681	9
682	9
683	9
684	7
685	13
686	10
687	8
688	8
689	5
690	6
691	13
692	15
693	9
694	6
695	11
696	5
697	8
698	11
699	10
700	12
701	13
702	11
703	11
704	8
705	7
706	15
707	14
708	9
709	13
710	13
711	12
712	8
713	10
714	10
715	8
716	7
717	8
718	7
719	11
720	5
721	8
722	12
723	8
724	11
725	7
726	9
727	15
728	16
729	17
730	7
731	10
732	9
733	7
734	7
735	16
4832	1
736	5
737	12
738	7
739	16
740	5
741	9
742	14
743	12
744	10
745	7
746	9
747	9
748	12
749	6
4845	1
750	10
751	11
752	6
753	14
754	11
755	9
756	13
757	8
758	9
759	8
760	13
761	9
762	15
763	10
764	8
765	13
766	12
767	7
768	10
769	6
770	6
771	9
772	5
773	6
774	11
775	10
776	12
777	10
778	5
779	5
780	11
781	10
782	3
783	6
784	11
785	6
786	14
787	9
788	6
789	1
790	12
791	7
792	12
793	10
794	4
795	8
796	8
797	4
798	7
799	4
800	4
801	5
802	10
803	9
804	15
805	9
806	7
807	12
808	3
809	11
810	8
811	9
812	15
813	9
814	15
815	10
816	6
817	4
818	11
819	13
820	11
821	8
822	11
823	8
824	7
825	10
826	20
827	10
828	11
829	8
830	11
831	10
832	6
833	8
834	9
835	5
836	10
837	12
838	9
839	5
840	12
841	12
4937	1
842	11
843	13
844	15
845	5
846	7
847	6
848	6
849	12
850	13
851	14
852	11
853	12
854	16
855	3
856	8
857	7
858	8
859	10
860	8
861	8
862	6
863	16
864	2
865	4
866	4
867	13
868	10
869	4
870	6
871	7
872	4
873	7
874	7
875	10
876	10
877	9
878	7
879	9
880	9
881	12
882	7
883	11
884	12
885	7
886	9
887	9
888	7
889	10
890	8
891	10
892	6
893	3
894	6
895	10
896	5
897	6
898	9
899	8
900	6
901	9
902	6
903	13
904	7
905	12
906	6
907	7
908	11
909	12
910	11
911	9
912	13
913	11
914	6
915	6
916	9
917	10
918	13
919	6
920	8
921	11
922	5
923	7
924	9
925	5
926	9
927	6
928	10
929	4
930	9
931	7
932	10
933	11
934	10
935	7
936	8
937	7
938	5
939	3
940	13
941	9
942	7
943	6
944	5
945	9
946	13
947	8
948	5
949	6
950	6
951	10
952	5
953	6
954	9
955	8
956	7
957	5
958	4
959	8
960	6
961	9
962	10
963	6
964	1
965	7
966	10
967	4
968	11
969	7
970	8
971	9
972	11
5068	1
973	3
974	5
975	7
976	9
977	5
978	6
979	8
980	6
981	9
982	8
983	2
984	6
985	4
986	10
987	5
988	7
989	3
990	5
991	3
992	7
993	4
994	8
995	9
996	6
997	9
998	8
999	7
1000	6
1001	4
1002	9
1003	6
1004	7
1005	5
1006	12
1007	8
1008	5
1009	9
1010	10
1011	2
1012	8
1013	4
1014	5
1015	10
1016	7
1017	7
1018	9
1019	7
1020	9
1021	8
1022	3
1023	4
1024	5
1025	5
1026	5
1027	13
1028	8
1029	13
1030	9
1031	10
1032	6
1033	6
1034	7
1035	11
1036	4
1037	6
1038	6
1039	4
1040	10
1041	5
1042	11
1043	2
1044	9
1045	6
1046	8
1047	6
1048	4
1049	5
1050	12
1051	3
1052	8
1053	10
1054	9
1055	11
1056	8
1057	7
1058	7
1059	5
1060	5
1061	4
1062	5
1063	6
1064	4
1065	9
1066	7
1067	5
1068	4
1069	4
1070	8
1071	2
1072	9
1073	7
1074	6
1075	10
1076	5
1077	5
1078	8
1079	4
1080	4
1081	4
1082	7
1083	5
1084	5
1085	5
1086	5
1087	9
1088	5
1089	8
1090	4
1091	5
1092	8
1093	12
1094	9
1095	7
1096	9
1097	5
1098	4
1099	12
1100	12
1101	5
1102	3
1103	7
1104	7
1105	6
1106	10
1107	4
1108	7
1109	6
1110	8
1111	3
1112	13
1113	7
1114	7
1115	4
1116	6
1117	3
1118	7
1119	8
1120	6
1121	4
1122	7
1123	5
1124	15
1125	8
1126	2
1127	10
1128	8
1129	5
1130	5
1131	7
1132	7
1133	4
1134	5
1135	2
1136	7
1137	6
1138	3
1139	7
1140	5
1141	7
1142	6
1143	7
1144	4
1145	4
1146	8
1147	8
1148	6
1149	10
1150	6
1151	6
1152	10
1153	6
1154	7
1155	6
1156	3
1157	11
1158	6
1159	8
1160	4
1161	6
1162	5
1163	5
1164	10
1165	11
1166	6
1167	5
1168	5
1169	8
1170	8
1171	10
1172	5
1173	7
1174	5
1175	6
1176	7
1177	6
1178	11
1179	6
1180	4
1181	6
1182	3
1183	5
1184	7
1185	3
1186	7
1187	6
1188	2
1189	6
1190	5
1191	2
1192	8
1193	4
1194	7
1195	5
1196	13
1197	10
1198	3
1199	10
1200	6
1201	12
1202	10
1203	4
1204	7
1205	5
1206	2
1207	4
1208	3
1209	5
1210	4
1211	5
1212	4
1213	6
1214	5
1215	5
1216	5
1217	9
1218	7
1219	4
1220	6
1221	7
1222	4
1223	4
1224	8
1225	5
1226	5
1227	9
1228	3
1229	3
1230	3
1231	7
1232	7
1233	13
1234	7
1235	4
1236	5
1237	5
1238	3
1239	7
1240	2
1241	2
1242	8
1243	8
1244	6
1246	9
1247	1
1248	5
1249	5
1250	3
1251	2
1252	12
1253	4
1254	4
1255	7
1256	3
1257	4
1258	4
1259	4
1260	5
1261	9
1262	7
1263	4
1264	4
1265	8
1266	4
1267	4
1268	5
1269	4
1270	6
1271	6
1272	6
1273	6
1274	6
1275	3
1276	9
1277	2
1278	3
1279	3
1280	3
1281	3
1282	5
1283	3
1284	3
1285	6
1286	3
1287	2
1288	8
1289	6
1290	4
1291	3
1292	6
1293	7
1294	5
1295	6
1296	6
1297	6
1298	11
1299	6
1300	3
1301	6
1302	3
1303	3
1304	5
1305	4
1306	6
1307	3
1308	13
1309	5
1310	5
1311	4
1312	2
1313	4
1314	4
1315	4
1316	4
1317	5
1318	6
1319	5
1320	6
1321	2
1322	5
1323	4
1324	7
1325	4
1326	3
1327	5
1328	5
1329	2
1330	2
1331	1
1332	3
1333	7
1334	5
1335	7
1336	6
1337	3
1338	2
1339	4
1340	8
1341	4
1342	4
1343	6
1344	2
1345	2
1346	3
1347	5
1348	6
1349	5
1350	3
1351	5
1352	2
1353	1
1354	7
1355	3
1356	1
1357	6
1358	7
1359	7
1360	4
1361	3
1362	5
1363	1
1364	6
1365	4
1366	1
1367	3
1368	9
1369	6
1370	2
1371	1
1372	4
1374	4
1375	4
1376	4
1377	4
1378	4
1379	3
1380	5
1381	6
1382	4
1383	3
1384	9
1385	6
1386	1
1387	4
1388	6
1389	4
1390	6
1391	2
1392	4
1393	4
1394	5
1395	4
1396	2
1397	3
1398	8
1399	2
1400	3
1401	2
1402	5
1403	6
1404	6
1405	2
1406	4
1407	4
1408	1
1409	7
1410	4
1411	6
1412	7
1413	4
1414	7
1415	2
1416	6
1417	3
1418	5
1420	2
1421	2
1422	9
1423	4
1424	3
1425	4
1426	4
1427	3
1428	4
1429	4
1430	4
1431	2
1432	6
1433	2
1434	4
1435	5
1436	1
1437	4
1438	4
1439	6
1440	5
1441	2
1442	2
1443	3
1444	7
1445	3
1446	4
1447	8
1448	2
1449	5
1450	1
1451	3
1452	3
1453	6
1454	4
1455	4
1456	4
1457	3
1458	4
1459	3
1460	1
1461	5
1462	3
1463	4
1464	2
1465	4
1466	6
1467	8
1468	6
1469	7
1470	2
1471	4
1472	6
1473	3
1474	3
1475	2
1476	4
1477	6
1478	6
1479	3
1480	3
1481	4
1482	7
1483	2
1484	3
1485	4
1486	6
1487	4
1488	4
1489	6
1490	5
1491	1
1492	13
1493	3
1494	2
1495	4
1496	2
1497	1
1498	2
1499	5
1500	8
1501	4
1502	4
1504	5
1505	4
1506	4
1507	5
1508	6
1509	2
1510	2
1511	3
1512	5
1513	3
1514	11
1515	5
1516	1
1517	5
1518	3
1519	4
1520	1
1521	2
1522	4
1523	1
1524	4
1525	2
1526	5
1527	5
1528	1
1529	5
1530	5
1531	2
1532	1
1533	8
1534	6
1535	3
1536	6
1537	2
1538	3
1539	4
1540	2
1541	4
1542	5
1543	2
1544	3
1545	6
1546	6
1547	3
1548	7
1549	4
1550	3
1551	6
1552	3
1553	5
1554	2
1555	4
1556	3
1557	4
1559	6
1560	5
1561	1
1562	2
1563	1
1564	4
1565	5
1566	7
1567	4
1568	1
5664	1
1569	4
1570	2
1571	4
1572	1
1573	4
1574	5
1575	5
1576	1
1577	3
1578	2
1579	2
1580	1
1581	4
1582	2
1583	5
1584	3
1585	3
1586	4
1587	5
1588	1
1589	7
1590	4
1591	1
1592	4
1593	1
1594	4
1595	4
1596	1
1597	2
1598	2
1599	1
1600	3
1601	2
1602	10
1603	2
1604	4
1605	2
1606	1
1607	1
1608	3
1609	3
1610	4
1611	4
1612	4
1613	4
1614	3
1615	3
1616	2
1617	2
1618	3
1619	5
1620	2
1621	5
1622	1
1623	1
1624	3
1625	1
1626	3
1627	2
1628	5
1629	5
1630	2
1631	3
1632	1
1633	4
1634	1
1635	1
1636	3
1637	5
1638	5
1639	4
1640	7
1641	1
5738	1
1642	3
1643	7
1644	2
1645	1
1646	6
1647	4
1648	3
1649	5
1650	5
1651	4
1652	3
1653	1
1655	2
1656	7
1658	5
1659	6
1660	1
1661	3
1662	3
1663	2
1665	2
1666	3
1668	2
1669	3
1670	2
1671	5
1672	1
1673	5
1674	3
1677	2
1678	2
1679	5
1680	3
1681	3
1682	2
1684	7
1685	3
1687	3
1688	4
1689	4
1690	5
1691	2
1692	2
1693	1
1694	5
1695	2
1696	3
1697	4
1698	2
1699	3
1700	4
1701	3
1702	3
1703	4
1704	3
1705	2
1706	4
1707	1
1708	1
1709	2
1710	3
1711	3
1712	4
1713	2
1715	2
1716	1
1717	4
1718	2
1719	4
1720	3
1721	2
1722	5
1723	2
1724	1
1725	2
1726	3
1727	2
1728	3
1729	2
1730	2
1731	2
1732	3
1733	2
1734	2
1735	2
1736	1
1737	6
1738	6
1739	1
1740	3
1742	4
1743	2
1744	1
1746	1
1747	1
1748	3
1749	1
1750	1
1751	1
1752	1
1753	3
1754	4
1755	2
1756	4
1757	2
1758	1
1759	4
1760	4
1761	2
1762	1
1763	3
1764	2
1765	2
1766	5
1767	5
1768	9
1769	4
1770	3
1771	5
1772	5
1773	2
1775	2
1776	3
1777	2
1778	1
1779	5
1780	2
1781	2
1782	5
1784	2
1785	4
1786	4
1787	1
1788	1
1789	6
1790	2
1791	1
1792	2
1793	2
1794	3
1795	3
1796	2
1797	4
1798	3
1799	5
1800	1
1801	4
1802	1
1803	2
1804	2
1805	4
1807	1
1808	3
1809	1
1811	2
1812	1
1813	3
1814	2
1815	4
1816	6
1817	1
1818	2
1819	4
1820	4
1821	4
1822	4
1823	3
1824	1
1825	3
1826	3
1828	1
1830	2
1831	4
1832	4
1833	1
1834	2
1836	2
1837	4
1838	3
1840	3
1841	2
1842	2
1843	4
1844	1
1845	1
1846	2
1848	2
1849	2
1850	1
1851	1
1852	2
1853	4
1854	2
1855	2
1856	2
1857	2
1859	5
1860	1
1861	1
1862	1
1863	1
1864	1
1865	3
1866	2
1867	4
1868	4
1869	3
1870	1
1871	3
1872	3
1873	2
1874	1
1875	1
1876	2
1877	1
1878	4
1879	4
1880	2
1881	4
1882	5
1883	2
1884	3
1885	4
1886	1
1887	2
1888	1
1890	2
1891	2
1892	1
1893	2
1894	3
1895	2
1896	2
1897	5
1898	2
1899	2
1900	2
1901	4
1902	7
1903	6
1904	1
1905	6
1906	1
1907	5
1908	2
1909	1
1910	2
1911	2
1912	3
1913	2
1914	4
1915	2
1916	4
1917	3
1918	2
1919	2
1921	2
1922	1
1923	3
1924	1
1925	2
1926	1
1927	1
1930	1
1931	2
1932	1
1934	1
1935	1
1936	1
1937	2
1938	2
1939	3
1940	6
1941	1
1942	5
1944	1
1945	3
1946	3
1947	5
1948	2
1949	1
1950	2
1952	2
1953	3
1954	5
1955	4
1956	2
1958	2
1959	1
1960	1
1961	1
1963	2
1964	1
1965	1
1966	2
1968	4
1969	2
1971	1
1972	3
1973	3
1975	1
1976	2
1978	2
1979	2
1980	1
1981	1
1982	5
1983	3
1984	1
1985	1
1986	3
1988	1
1989	3
1990	3
1991	3
1992	4
1994	3
1995	3
1996	1
1998	4
1999	2
2000	1
2001	2
2002	2
2003	3
2004	4
2005	2
2006	1
2007	3
2008	1
2009	3
2010	2
2011	2
2012	3
2013	2
2014	7
2015	2
2016	2
2017	3
2018	3
2020	2
2021	3
2023	2
2024	4
2025	1
2029	1
2030	2
2031	1
2032	2
2035	3
2036	1
2037	1
2038	2
2040	2
2043	2
2044	2
2045	1
2046	3
2047	1
2048	4
2049	3
2050	3
2051	3
2052	1
2054	1
2055	1
2056	2
2057	1
2058	2
2059	1
2061	1
2062	1
2063	2
2065	2
2066	1
2067	2
2068	1
2069	4
2070	2
2071	2
2072	1
2073	2
2074	3
2075	5
2078	1
2080	1
2083	2
2085	1
2087	2
2089	1
2090	1
2091	1
2093	3
2096	1
2097	1
2099	5
2100	2
2101	3
2102	1
2103	3
2104	1
2105	1
2107	3
2108	2
2109	2
2110	2
2112	1
2113	1
2114	1
2115	1
2116	2
2120	3
2121	5
2122	1
2123	3
2125	1
2126	1
2127	3
2130	3
2133	1
2135	1
2136	1
2137	1
2139	6
2140	1
2142	1
2143	1
2144	1
2145	5
2146	1
2148	3
2149	3
2150	1
2151	3
2152	1
2153	1
2156	1
2160	2
2163	2
2165	3
2166	4
2167	3
2168	1
2170	1
2174	2
2175	3
2176	5
2177	1
2179	1
2180	1
2181	2
2182	3
2183	3
2184	2
2186	1
2187	1
2188	4
2189	3
2190	2
2191	1
2192	3
2193	2
2195	2
2196	1
2197	2
2198	2
2199	2
2200	2
2201	2
2203	1
2204	1
2205	1
2207	1
2208	2
2209	1
2211	2
2212	1
2213	2
2215	1
2217	2
2218	3
2219	1
2220	1
2222	4
2223	2
2224	1
2226	1
2227	2
2228	3
2229	2
2231	1
2232	1
2233	2
2234	3
2235	1
2236	1
2238	3
2239	2
2241	3
2242	1
2243	3
2244	2
2245	1
2247	1
2249	1
2250	1
2251	2
2253	1
6352	1
2257	1
2259	1
2262	3
2264	1
2265	1
2267	1
2268	2
2269	1
2270	2
2271	1
2272	1
2275	3
2278	3
2281	1
2282	1
2283	1
2284	1
2286	1
2287	1
2289	1
2290	3
2292	1
2293	1
2296	2
2297	2
2298	2
2299	1
2300	3
2301	1
2304	1
2305	1
2306	1
2307	3
2308	1
2309	3
2310	1
2312	1
2313	1
2314	1
2315	1
2316	1
2317	2
2320	2
2321	2
2322	1
2327	2
2328	1
2335	1
2336	1
2338	1
2339	2
2340	2
2341	1
2343	2
2345	1
2347	4
2349	1
2350	1
2351	1
2353	2
2354	1
2356	1
2357	1
2358	1
2359	1
2360	1
2361	1
2362	1
2363	3
2365	1
2366	1
2367	3
2368	1
2370	2
2371	1
2372	2
2373	1
2375	1
2376	2
2378	1
2380	1
2383	1
2384	2
2386	1
2387	1
2388	1
2390	1
2392	1
2393	1
2394	2
2395	2
2396	2
2397	2
2398	1
2400	1
2401	2
2402	1
2404	2
2405	1
2407	1
2408	1
2409	2
2411	1
2412	1
2413	1
2415	1
2418	1
2419	1
2420	1
2421	1
2422	1
2427	1
2428	2
2429	1
2432	1
2433	1
2434	3
2436	2
2437	1
2439	1
2441	1
2445	2
2446	1
2447	1
2448	1
2454	2
2457	1
2458	2
2461	1
2462	1
2464	2
2465	1
2466	1
2468	1
2469	1
2470	1
2471	2
2473	1
2475	1
2479	1
2481	1
2486	1
2487	2
2488	1
2490	1
2495	3
2497	2
2500	2
2502	1
2504	2
2505	2
2506	1
2508	1
2509	1
2510	1
2511	1
2512	1
2513	1
2515	1
2520	1
2522	3
2523	3
2526	1
2527	1
2529	1
2530	1
2531	1
2532	1
2533	1
2534	2
2535	1
2538	1
2547	1
2549	4
2550	1
2551	1
2552	1
2555	1
2556	1
2557	2
2562	2
2563	1
2564	1
2565	2
2566	2
2570	1
2573	1
2575	2
2579	1
2580	2
2582	2
2586	1
2587	3
2589	1
2595	4
2597	1
2598	1
2599	1
2600	2
2601	2
2604	2
2605	1
2606	1
2608	1
2609	2
2610	1
2611	3
2612	1
2617	1
2620	1
2621	1
2622	1
2623	1
2626	1
2630	1
2632	1
2635	1
2636	2
2637	1
2644	1
2645	1
2646	1
2647	2
2649	3
2650	2
2652	1
2656	1
2659	1
2662	2
2663	2
2664	1
2670	1
2673	1
2674	1
2676	4
2677	2
2679	2
2680	2
2690	1
2692	1
2693	1
2696	2
2697	1
2700	4
2703	1
2709	2
2710	1
2712	1
2714	1
2717	1
2720	1
2723	1
2725	1
2733	1
2734	1
2736	1
2743	1
2744	1
2747	1
2749	1
2750	1
2751	1
2753	1
2759	1
2762	1
2764	3
2767	1
2769	1
2770	1
2771	1
2781	1
2784	1
2786	1
2787	1
2789	2
2791	2
2796	1
2798	1
2801	1
2802	1
2806	1
2807	1
2808	1
2809	1
2810	1
2819	1
2824	1
2825	1
2830	1
2834	1
2835	1
2837	2
2840	1
2842	3
2843	1
2844	1
2850	2
2851	1
2854	2
2856	2
2864	1
2867	1
2875	1
2877	1
2879	2
2881	1
2882	1
2886	1
2889	1
2890	1
2897	1
2900	1
2901	1
2908	1
2913	1
2916	1
2919	1
2920	1
2922	2
2923	1
2924	1
2925	1
2929	1
2933	2
2934	2
2935	1
2940	1
2942	1
2951	1
2955	1
2961	1
2965	2
2968	1
2970	1
2973	1
2977	1
2980	1
2986	1
2987	1
2992	1
2993	1
2995	1
2999	1
3002	1
3003	1
3004	2
3006	1
3009	1
3010	1
3014	1
3016	1
3017	1
3018	1
3022	1
3023	1
3027	1
3032	1
3033	1
3037	2
3041	1
3046	1
3058	1
3069	1
3071	2
3076	1
3077	1
3084	2
3087	1
3091	1
3093	1
3095	1
3096	1
3098	1
3104	1
3108	2
3115	1
3120	1
3132	1
3141	1
3145	1
3147	1
3148	1
3150	1
3154	1
3159	1
3163	1
3165	1
3168	1
3169	1
3180	1
3182	1
3183	1
3185	1
3186	1
3194	2
3200	1
3201	1
3203	1
3208	1
3210	1
3211	1
3215	1
3236	1
3237	1
3241	1
3247	1
3250	1
3270	1
3273	1
3274	1
3275	1
3276	1
3283	1
3287	1
3288	1
3291	1
3303	2
3314	1
3318	2
3324	1
3329	1
3347	1
3350	1
3360	2
3366	1
3367	1
3374	1
3379	1
3381	1
3391	1
3397	1
3407	1
3412	1
3414	1
3418	1
3420	1
3422	1
3428	1
3447	1
3477	1
3481	1
3482	1
3514	1
3515	1
3516	1
3518	3
3521	1
3527	1
3538	1
3545	1
3546	1
3555	1
3569	1
3582	1
3592	1
3599	1
3608	1
3613	1
3617	1
3619	1
3628	1
3632	1
3634	1
3645	1
3671	1
3686	1
3691	1
3702	1
3705	1
3706	1
3717	1
3729	1
3747	1
3757	1
3768	1
3783	1
3788	1
3810	1
3824	1
3841	1
3847	1
3855	1
3860	1
3884	1
3913	1
3916	1
3922	1
3939	1
3952	1
3991	1
4014	1
4028	1
4052	1
4057	1
4064	1
4085	1
