1	1705
2	748
3	494
4	313
5	260
6	237
7	146
519	1
8	155
9	122
10	92
11	106
12	90
13	85
14	77
15	65
16	61
17	62
1041	1
18	65
19	61
20	57
21	49
22	47
23	58
24	49
25	42
26	48
27	39
28	35
29	41
30	31
31	34
32	31
33	25
34	33
35	25
36	25
37	19
38	27
39	27
40	25
41	21
42	24
43	19
44	15
45	20
46	15
47	21
48	22
49	16
561	1
50	19
51	14
563	1
52	20
53	17
54	19
55	28
56	19
57	12
569	1
58	17
59	21
60	12
61	15
62	14
574	1
63	11
64	12
576	1
65	17
66	10
67	14
68	16
69	15
70	23
71	10
72	12
73	15
74	10
75	9
587	1
76	10
77	16
78	11
79	11
80	12
81	13
82	18
83	12
84	5
85	11
86	4
87	11
88	10
89	5
90	9
91	10
92	9
93	14
94	15
95	10
96	4
97	9
98	7
99	7
611	1
100	9
101	8
102	10
103	8
104	10
105	10
106	5
107	2
108	5
109	6
110	8
111	8
112	8
113	7
114	12
115	9
627	1
116	4
117	5
118	5
119	8
120	8
121	4
122	2
123	3
124	5
125	6
126	7
127	6
128	3
129	2
130	4
131	3
132	5
133	5
134	4
135	3
136	4
137	1
138	1
139	5
140	5
652	1
141	6
143	1
144	3
145	2
146	5
147	8
659	1
148	2
149	4
150	3
151	2
152	3
153	6
154	3
155	3
156	6
157	3
159	1
160	2
161	4
162	3
163	1
164	4
165	5
677	1
166	3
167	2
168	3
169	4
170	5
171	4
172	4
173	3
174	4
175	1
176	4
177	3
178	1
179	4
181	3
182	2
183	1
184	3
185	2
186	2
187	3
188	2
189	2
190	5
192	4
193	4
194	4
195	2
196	5
197	3
198	2
199	1
200	5
201	2
203	2
204	3
205	1
207	2
208	1
209	3
210	4
211	2
212	2
213	3
214	2
215	3
216	1
217	1
218	4
219	2
220	1
222	4
223	3
225	1
226	1
227	2
228	2
229	1
230	1
231	1
232	3
234	2
235	2
236	1
237	3
238	1
240	2
241	2
242	3
243	1
244	1
245	2
246	1
249	1
250	1
251	1
252	3
253	1
254	1
255	2
767	1
256	2
260	2
261	1
262	1
263	1
264	1
265	2
266	2
267	1
268	1
269	3
271	1
273	4
274	5
275	2
276	2
278	2
280	2
282	1
284	2
285	1
286	3
290	1
292	1
294	1
296	3
297	1
298	1
299	1
300	1
301	1
303	1
304	2
306	2
307	1
309	1
313	2
317	1
318	4
319	3
320	1
322	1
325	1
326	1
327	1
328	1
330	1
332	3
333	1
338	1
341	2
343	1
344	1
346	1
347	1
350	1
351	2
353	1
361	1
363	1
365	1
368	1
372	1
376	1
381	3
382	1
383	1
389	1
392	1
394	1
395	4
396	1
399	2
403	1
408	1
410	1
418	2
428	1
429	1
433	1
438	1
441	1
445	1
450	1
451	1
453	1
458	1
459	1
462	1
464	1
468	1
474	1
480	1
491	1
493	1
1006	1
498	1
