1	344
2	169
3	127
4	100
5	67
6	80
7	63
8	66
9	53
10	63
11	60
12	51
13	51
14	50
15	42
16	35
17	38
18	42
19	42
20	37
21	33
22	34
23	34
24	30
25	34
26	32
27	22
28	36
29	23
30	27
31	22
32	43
33	26
34	27
35	26
36	22
37	25
38	36
39	30
40	30
41	26
42	28
43	25
44	37
45	25
46	24
47	35
48	28
49	23
50	20
51	24
52	16
53	26
54	27
55	24
56	20
57	23
58	21
59	22
60	21
61	14
62	17
63	18
64	19
65	21
66	27
67	22
68	19
69	14
70	16
71	25
72	27
73	17
74	19
75	18
76	20
77	15
78	18
79	20
80	24
81	23
82	17
83	22
84	20
85	12
86	14
87	12
88	18
89	19
90	19
91	18
92	17
93	18
94	19
95	24
96	16
97	19
98	11
99	21
100	27
101	16
102	18
103	13
104	17
105	17
106	22
107	18
108	17
109	26
110	21
111	21
112	18
113	11
114	22
115	21
116	12
117	15
118	21
119	17
120	15
121	20
122	14
123	17
124	16
125	11
126	21
127	13
128	20
129	19
130	12
131	15
132	15
133	12
134	17
135	14
136	16
137	12
138	20
139	14
140	15
141	14
142	15
143	10
144	16
145	22
146	20
147	16
148	15
149	24
150	14
151	18
152	13
153	18
154	18
155	12
156	19
157	12
158	11
159	19
160	16
161	15
162	9
163	21
164	16
165	18
166	11
167	18
168	9
169	18
170	15
171	13
172	9
173	14
174	18
175	18
176	20
177	17
178	17
179	14
180	19
181	12
182	10
183	14
184	5
185	17
186	20
187	12
188	16
189	17
190	10
191	12
192	10
193	20
194	21
195	11
196	16
197	18
198	12
199	12
200	12
201	21
202	15
203	13
204	8
205	12
206	17
207	11
208	10
209	9
210	14
211	13
212	17
213	10
214	12
215	13
216	11
217	15
218	19
219	17
220	10
221	13
222	16
223	14
224	21
225	12
226	17
227	12
228	12
229	10
230	11
231	8
232	13
233	18
234	16
235	20
236	12
237	16
238	15
239	14
240	12
241	14
242	14
243	13
244	14
245	13
246	13
247	12
248	15
249	17
250	11
251	10
252	15
253	16
254	8
255	8
256	11
257	16
258	14
259	15
260	10
261	19
262	10
263	18
264	9
265	19
266	24
267	14
268	8
269	17
270	9
271	13
272	14
273	11
274	12
275	18
276	10
277	11
278	12
279	16
280	12
281	17
282	13
283	14
284	9
285	15
286	9
287	13
288	5
289	16
290	14
291	20
292	9
293	11
294	11
295	18
296	11
297	12
298	7
299	7
300	11
301	15
302	17
303	18
304	14
305	13
306	16
307	16
308	8
309	19
310	8
311	9
312	16
313	8
314	16
315	6
316	9
317	15
318	9
319	14
320	19
321	14
322	19
323	13
324	18
325	6
326	13
327	13
328	15
329	11
330	23
331	9
332	8
333	13
334	14
335	8
336	15
337	7
338	8
339	11
340	8
341	13
342	10
343	12
344	10
345	10
346	8
347	12
348	17
349	16
350	15
351	12
352	12
353	16
354	8
355	12
356	13
357	10
358	11
359	12
360	12
361	8
362	16
363	14
364	13
365	11
366	9
367	13
368	14
369	10
370	14
371	9
372	13
373	16
374	11
375	9
376	17
377	11
378	15
379	10
380	11
381	9
382	8
383	9
384	11
385	10
386	5
387	14
388	16
389	15
390	12
391	9
392	8
393	5
394	12
395	12
396	18
397	5
398	16
399	14
400	7
401	13
402	8
403	6
404	13
405	19
406	19
407	15
408	17
409	9
410	9
411	16
412	19
413	10
414	12
415	12
416	15
417	12
418	7
419	13
420	11
421	8
422	14
423	12
424	10
425	10
426	11
427	10
428	15
429	14
430	15
431	9
432	10
433	12
434	11
435	12
436	11
437	11
438	14
439	10
440	4
441	12
442	16
443	11
444	4
445	15
446	9
447	5
448	13
449	15
450	13
451	10
452	14
453	17
454	8
455	14
456	11
457	9
458	12
459	11
460	15
461	10
462	13
463	11
464	8
465	11
466	4
467	12
468	13
469	9
470	13
471	12
472	16
473	10
474	13
475	9
476	17
477	12
478	9
479	12
480	9
481	7
482	12
483	8
484	7
485	15
486	10
487	1
488	11
489	12
490	10
491	12
492	14
493	19
494	15
495	14
496	12
497	13
498	8
499	15
500	9
501	10
502	10
503	12
504	8
505	11
506	13
507	10
508	15
509	12
510	10
511	10
512	12
513	14
514	14
515	7
516	8
517	11
518	10
519	13
520	11
521	9
522	8
523	16
524	14
525	9
526	8
527	8
528	12
529	14
530	11
531	5
532	9
533	13
534	10
535	7
536	7
537	21
538	12
539	11
540	12
541	15
542	9
543	16
544	5
545	7
546	8
547	14
548	7
549	8
550	11
551	13
552	5
553	7
554	13
555	9
556	5
557	12
558	8
559	10
560	3
561	8
562	13
563	7
564	8
565	9
566	13
567	13
568	14
569	10
570	10
571	12
572	5
573	15
574	8
575	10
576	10
577	13
578	7
579	12
580	4
581	14
582	8
583	17
584	8
585	16
586	11
587	10
588	6
589	9
590	15
591	7
592	10
593	10
594	8
595	10
596	14
597	10
598	11
599	10
600	13
601	12
602	7
603	11
604	10
605	10
606	15
607	11
608	12
609	9
610	13
611	8
612	10
613	10
614	5
615	13
616	8
617	12
618	11
619	4
620	10
621	9
622	10
623	10
624	7
625	11
626	8
627	9
628	7
629	11
630	7
631	9
632	13
633	5
634	8
635	12
636	15
637	11
638	10
639	11
640	11
641	8
642	13
643	6
644	7
645	10
646	9
647	17
648	9
649	7
650	3
651	10
652	12
653	12
654	7
655	4
656	10
657	10
658	7
659	6
660	16
661	10
662	11
663	15
664	9
665	10
666	9
667	10
668	7
669	6
670	11
671	7
672	12
673	8
674	9
675	6
676	8
677	14
678	8
679	8
680	10
681	7
682	9
683	11
684	7
685	11
686	12
687	11
688	13
689	6
690	4
691	6
692	8
693	5
694	10
695	13
696	5
697	6
698	12
699	13
700	9
701	7
702	9
703	14
704	6
705	13
706	13
707	10
708	9
709	7
710	6
711	6
712	5
713	6
714	11
715	7
716	11
717	11
718	8
719	8
720	8
721	11
722	10
723	5
724	9
725	5
726	11
727	6
728	10
729	9
730	11
731	7
732	6
733	10
734	10
735	12
736	15
737	6
738	12
739	9
740	6
741	10
742	10
743	11
744	9
745	7
746	11
747	10
748	5
749	7
750	7
751	12
752	6
753	2
754	10
755	6
756	7
757	9
758	11
759	8
760	10
761	7
762	3
763	9
764	7
765	8
766	9
767	9
768	9
769	7
770	13
771	14
772	5
773	8
774	10
775	11
776	3
777	13
778	7
779	11
780	9
781	8
782	6
783	6
784	8
785	12
786	4
787	6
788	10
789	11
790	2
791	10
792	9
793	8
794	5
795	9
796	8
797	9
798	7
799	12
800	11
801	12
802	6
803	16
804	11
805	5
806	15
807	4
808	10
809	5
810	12
811	8
812	4
813	7
814	5
815	4
816	6
817	4
818	9
819	6
820	10
821	9
822	6
823	11
824	10
825	6
826	8
827	9
828	7
829	9
830	6
831	5
832	11
833	13
834	7
835	8
836	11
837	7
838	5
839	5
840	6
841	12
842	8
843	6
844	5
845	15
846	9
847	4
848	12
849	2
850	12
851	9
852	11
853	5
854	9
855	6
856	12
857	7
858	7
859	17
860	7
861	6
862	6
863	5
864	8
865	8
866	9
867	13
868	9
869	8
870	7
871	4
872	3
873	7
874	8
875	6
876	9
877	8
878	10
879	5
880	11
881	7
882	7
883	12
884	10
885	14
886	12
887	6
888	12
889	4
890	6
891	8
892	6
893	8
894	9
895	13
896	10
897	7
898	9
899	3
900	6
901	8
902	12
903	7
904	10
905	8
906	8
907	6
908	6
909	11
910	14
911	7
912	8
913	14
914	10
915	12
916	4
917	5
918	7
919	10
920	7
921	8
922	12
923	9
924	10
925	6
926	10
927	9
928	10
929	9
930	10
931	7
932	9
933	8
934	8
935	5
936	8
937	4
938	5
939	4
940	9
941	4
942	7
943	9
944	4
945	7
946	12
947	11
948	10
949	4
950	8
951	11
952	2
953	7
954	8
955	6
956	7
957	8
958	6
959	11
960	1
961	10
962	6
963	8
964	6
965	9
966	9
967	9
968	10
969	11
970	12
971	10
972	12
973	4
974	8
975	11
976	4
977	5
978	6
979	3
980	6
981	10
982	9
983	5
984	6
985	2
986	5
987	3
988	6
989	10
990	12
991	8
992	8
993	10
994	4
995	13
996	5
997	10
998	7
999	8
1000	6
1001	5
1002	10
1003	7
1004	7
1005	9
1006	5
1007	15
1008	11
1009	7
1010	9
1011	6
1012	9
1013	12
1014	8
1015	5
1016	5
1017	5
1018	9
1019	5
1020	4
1021	6
1022	10
1023	10
1024	11
1025	8
1026	5
1027	3
1028	7
1029	8
1030	10
1031	6
1032	13
1033	4
1034	9
1035	9
1036	7
1037	7
1038	8
1039	8
1040	9
1041	7
1042	7
1043	7
1044	8
1045	12
1046	6
1047	11
1048	9
1049	6
1050	6
1051	7
1052	8
1053	11
1054	7
1055	12
1056	4
1057	10
1058	4
1059	8
1060	6
1061	12
1062	6
1063	6
1064	8
1065	5
1066	8
1067	7
1068	9
1069	5
1070	11
1071	4
1072	6
1073	5
1074	7
1075	6
1076	6
1077	5
1078	6
1079	6
1080	6
1081	9
1082	8
1083	5
1084	12
1085	6
1086	5
1087	8
1088	12
1089	5
1090	3
1091	5
1092	7
1093	5
1094	6
1095	11
1096	14
1097	9
1098	7
1099	2
1100	8
1101	6
1102	10
1103	9
1104	7
1105	7
1106	9
1107	8
1108	6
1109	7
1110	5
1111	8
1112	9
1113	4
1114	4
1115	7
1116	5
1117	10
1118	6
1119	4
1120	6
1121	3
1122	8
1123	5
1124	5
1125	4
1126	9
1127	5
1128	9
1129	6
1130	8
1131	10
1132	10
1133	6
1134	5
1135	9
1136	9
1137	8
1138	6
1139	7
1140	9
1141	13
1142	3
1143	4
1144	8
1145	2
1146	10
1147	4
1148	5
1149	7
1150	4
1151	2
1152	6
1153	3
1154	3
1155	9
1156	7
1157	3
1158	5
1159	8
1160	5
1161	2
1162	2
1163	9
1164	6
1165	6
1166	4
1167	6
1168	3
1169	8
1170	6
1171	5
1172	7
1173	5
1174	7
1175	6
1176	6
1177	7
1178	8
1179	6
1180	5
1181	7
1182	7
1183	8
1184	11
1185	7
1186	6
1187	6
1188	8
1189	10
1190	6
1191	7
1192	9
1193	11
1194	6
1195	6
1196	6
1197	8
1198	4
1199	4
1200	8
1201	9
1202	8
1203	10
1204	9
1205	4
1206	6
1207	3
1208	4
1209	12
1210	7
1211	8
1212	7
1213	9
1214	8
1215	11
1216	8
1217	7
1218	7
1219	4
1220	5
1221	8
1222	5
1223	6
1224	3
1225	6
1226	12
1227	4
1228	7
1229	5
1230	3
1231	15
1232	1
1233	9
1234	8
1235	9
1236	3
1237	4
1238	6
1239	6
1240	7
1241	10
1242	9
1243	4
1244	9
1245	13
1246	3
1247	4
1248	4
1249	3
1250	2
1251	11
1252	4
1253	5
1254	5
1255	7
1256	8
1257	4
1258	3
1259	8
1260	6
1261	4
1262	5
1263	4
1264	8
1265	6
1266	3
1267	2
1268	11
1269	5
1270	8
1271	10
1272	6
1273	4
1274	7
1275	10
1276	11
1277	6
1278	6
1279	8
1280	3
1281	4
1282	12
1283	6
1284	5
1285	7
1286	5
1287	4
1288	7
1289	7
1290	5
1291	4
1292	8
1293	4
1294	3
1295	4
1296	6
1297	5
1298	4
1299	4
1300	3
1301	4
1302	6
1303	4
1304	7
1305	8
1306	4
1307	5
1308	8
1309	6
1310	5
1311	2
1312	7
1313	5
1314	8
1315	4
1316	1
1317	4
1318	10
1319	5
1320	7
1321	5
1322	8
1323	5
1324	8
1325	2
1326	8
1327	9
1328	5
1329	7
1330	1
1331	6
1332	4
1333	4
1334	4
1335	4
1336	6
1337	4
1338	7
1339	7
1340	8
1341	9
1342	13
1343	3
1344	5
1345	5
1346	7
1347	7
1348	3
1349	8
1350	8
1351	6
1352	4
1353	5
1354	6
1355	5
1356	5
1357	8
1358	9
1359	6
1360	10
1361	11
1362	4
1363	9
1364	5
1365	5
1366	4
1367	8
1368	7
1369	2
1370	5
1371	7
1372	7
1373	5
1374	6
1375	2
1376	7
1377	3
1378	3
1379	8
1380	5
1381	3
1382	7
1383	6
1384	4
1385	3
1386	7
1387	7
1388	6
1389	5
1390	8
1391	2
1392	5
1393	5
1394	4
1395	5
1396	5
1397	6
1398	1
1399	3
1400	3
1401	7
1402	5
1403	8
1404	5
1405	7
1406	4
1407	4
1408	5
1409	8
1410	4
1411	3
1412	3
1413	6
1414	6
1415	3
1416	5
1417	4
1418	6
1419	6
1420	5
1421	6
1422	4
1423	5
1424	5
1425	7
1426	2
1427	5
1428	6
1429	9
1430	5
1431	5
1432	7
1433	6
1434	9
1435	5
1436	4
1437	10
1438	7
1439	4
1440	3
1441	3
1442	7
1443	9
1444	8
1445	3
1446	5
1447	5
1448	7
1449	1
1450	2
1451	7
1452	7
1453	3
1454	6
1455	3
1456	5
1457	3
1458	9
1459	3
1460	6
1461	3
1462	2
1463	6
1464	6
1465	4
1467	4
1468	5
1469	11
1470	8
1471	3
1472	6
1473	6
1474	2
1475	3
1476	3
1477	7
1478	3
1479	4
1480	5
1481	3
1482	6
1483	7
1484	3
1485	5
1486	3
1487	7
1488	8
1489	8
1490	5
1491	6
1492	3
1493	5
1494	4
1495	6
1496	6
1497	10
1498	4
1499	7
1500	6
1501	3
1502	2
1503	2
1504	7
1505	4
1506	2
1507	8
1509	6
1510	4
1511	10
1512	4
1513	5
1514	2
1515	6
1516	9
1517	14
1518	4
1519	2
1520	7
1521	2
1522	3
1523	2
1524	5
1525	3
1526	6
1527	2
1528	7
1529	2
1530	3
1531	5
1532	5
1533	7
1534	4
1535	4
1536	3
1537	7
1538	10
1539	6
1540	5
1541	3
1542	5
1543	3
1544	1
1545	5
1546	3
1547	3
1548	3
1549	3
1550	5
1551	6
1552	7
1553	7
1554	4
1555	9
1556	3
1557	5
1558	3
1559	1
1560	7
1561	3
1562	6
1563	3
1564	4
1565	6
1566	3
1567	3
1568	7
1569	4
1570	5
1571	3
1572	5
1573	6
1574	7
1575	5
1576	4
1577	5
1578	4
1579	2
1580	2
1581	2
1582	8
1583	5
1584	5
1585	5
1586	4
1587	7
1588	4
1589	6
1590	4
1591	13
1592	4
1593	5
1594	7
1595	5
1596	3
1597	5
1598	6
1599	5
1600	5
1601	5
1602	4
1603	5
1604	5
1605	3
1606	1
1607	3
1608	4
1609	1
1610	6
1611	2
1612	2
1613	4
1614	8
1615	3
1616	7
1617	5
1618	4
1619	2
1620	5
1621	2
1622	2
1623	3
1624	8
1625	3
1626	4
1627	4
1628	3
1629	1
1630	2
1631	3
1632	4
1633	4
1634	3
1635	3
1636	4
1637	8
1638	5
1639	2
1640	3
1641	4
1642	5
1643	5
1644	3
1645	7
1646	4
1647	4
1648	3
1649	5
1650	3
1651	2
1652	4
1653	5
1654	4
1655	5
1656	6
1657	5
1658	3
1659	2
1660	5
1661	3
1662	5
1663	5
1664	2
1665	7
1666	5
1667	9
1668	2
1669	5
1670	1
1671	6
1672	4
1673	6
1674	5
1675	3
1676	3
1677	5
1678	8
1679	5
1680	2
1681	7
1682	4
1683	2
1684	6
1685	4
1686	1
1687	3
1688	3
1689	4
1690	3
1691	5
1692	6
1693	2
1694	3
1695	5
1696	4
1697	8
1698	4
1699	6
1700	1
1701	2
1703	4
1704	3
1705	5
1706	4
1707	4
1708	7
1709	6
1710	4
1711	2
1712	4
1713	4
1714	3
1715	3
1716	3
1717	5
1718	5
1719	5
1720	4
1721	1
1723	4
1724	5
1725	3
1726	3
1727	2
1728	4
1729	2
1730	3
1731	3
1732	4
1733	7
1734	4
1735	2
1736	8
1737	5
1738	3
1739	4
1741	3
1743	3
1744	4
1745	4
1746	2
1747	2
1748	7
1749	1
1750	8
1751	5
1752	8
1753	1
1754	5
1755	1
1756	4
1757	2
1758	1
1759	4
1760	8
1761	4
1762	5
1763	4
1764	6
1765	1
1766	3
1767	3
1768	1
1769	5
1770	3
1771	2
1772	3
1773	4
1774	5
1775	5
1776	4
1777	8
1778	2
1779	5
1780	4
1781	5
1782	4
1783	6
1784	4
1785	3
1786	7
1787	2
1788	6
1789	4
1790	7
1791	4
1792	2
1793	8
1794	2
1795	2
1796	2
1797	3
1798	5
1799	1
1800	3
1801	2
1802	2
1803	2
1804	4
1805	4
1806	2
1807	4
1808	5
1809	3
1811	3
1812	1
1813	7
1814	3
1815	7
1816	1
1817	4
1818	1
1819	2
1820	2
1821	5
1822	6
1823	3
1824	1
1825	5
1826	6
1827	1
1828	3
1829	1
1830	3
1831	3
1832	3
1833	1
1834	3
1835	6
1836	3
1837	5
1838	2
1839	1
1840	3
1841	3
1842	6
1843	4
1844	4
1845	2
1846	5
1847	3
1848	7
1849	1
1850	4
1851	4
1852	1
1853	6
1854	4
1855	3
1856	3
1857	1
1858	3
1859	2
1860	2
1861	2
1863	8
1864	3
1865	3
1866	4
1867	1
1868	2
1869	5
1870	6
1871	7
1872	1
1873	9
1874	3
1875	8
1876	8
1877	9
1878	3
1879	5
1881	2
1882	5
1883	2
1884	8
1885	7
1886	4
1887	1
1888	1
1889	4
1890	5
1891	5
1892	5
1893	4
1894	5
1895	7
1896	2
1897	3
1898	4
1899	3
1900	4
1901	4
1902	4
1903	2
1904	3
1905	5
1906	2
1907	4
1908	4
1909	6
1910	1
1911	1
1912	2
1913	5
1914	2
1915	5
1916	3
1918	3
1919	2
1920	3
1921	5
1922	4
1923	5
1924	3
1925	4
1926	3
1927	5
1928	2
1929	6
1930	3
1931	1
1932	5
1933	2
1934	5
1935	3
1936	4
1937	2
1938	4
1939	2
1940	4
1941	2
1942	3
1943	3
1944	3
1945	2
1946	4
1947	3
1948	3
1949	4
1950	4
1951	5
1952	6
1953	4
1954	1
1955	3
1956	5
1957	3
1958	2
1959	4
1960	2
1961	4
1962	3
1963	1
1964	3
1966	2
1967	6
1968	2
1969	3
1970	3
1971	5
1972	2
1973	1
1974	5
1975	7
1976	5
1977	7
1978	3
1979	6
1980	3
1981	2
1982	2
1983	3
1984	5
1985	4
1986	5
1987	5
1988	4
1989	1
1990	3
1991	2
1992	3
1993	1
1994	5
1995	1
1996	4
1997	8
1998	3
1999	2
2000	6
2001	1
2002	3
2003	5
2004	2
2005	3
2006	1
2007	2
2008	4
2009	1
2010	4
2011	2
2012	1
2013	1
2014	1
2015	4
2016	4
2017	3
2018	3
2019	2
2020	5
2021	4
2022	2
2023	2
2024	8
2025	5
2026	6
2027	3
2028	1
2029	4
2030	2
2031	4
2032	2
2033	2
2034	5
2035	3
2036	1
2037	3
2038	1
2039	2
2040	4
2041	3
2042	4
2043	3
2044	2
2045	5
2046	4
2047	3
2048	3
2049	2
2050	3
2051	1
2053	2
2054	4
2055	1
2056	4
2057	3
2058	3
2059	3
2060	4
2061	4
2062	2
2063	6
2064	2
2065	1
2066	2
2067	3
2068	4
2069	2
2070	2
2071	5
2072	3
2073	3
2074	7
2075	4
2076	2
2077	5
2078	3
2079	3
2080	4
2081	1
2082	2
2083	1
2084	3
2085	5
2086	2
2087	3
2088	3
2089	5
2090	3
2091	2
2092	3
2093	1
2094	3
2095	5
2096	7
2098	2
2099	2
2100	2
2101	2
2102	2
2103	3
2104	4
2105	5
2106	4
2107	8
2108	3
2110	2
2111	2
2112	5
2113	1
2114	1
2115	4
2116	2
2117	3
2118	1
2119	2
2120	3
2121	1
2122	4
2123	2
2124	3
2125	3
2126	1
2129	3
2130	2
2131	6
2132	4
2133	6
2134	2
2135	3
2136	1
2139	4
2141	2
2142	3
2143	2
2144	5
2145	1
2146	3
2147	2
2148	2
2149	1
2150	2
2151	2
2152	2
2154	7
2155	1
2156	2
2157	4
2158	3
2159	1
2160	5
2161	1
2162	5
2163	3
2164	4
2165	1
2166	1
2167	3
2168	4
2169	2
2170	4
2171	2
2172	5
2173	3
2174	3
2175	4
2176	3
2177	2
2178	1
2179	2
2180	2
2181	5
2182	1
2183	3
2184	4
2185	2
2186	2
2187	3
2188	3
2190	5
2191	1
2192	2
2193	2
2194	1
2195	3
2196	2
2197	4
2198	1
2199	3
2200	2
2202	2
2203	4
2204	1
2205	5
2206	6
2207	4
2208	2
2209	3
2210	3
2211	2
2212	2
2213	3
2214	4
2215	2
2216	1
2217	2
2218	2
2219	4
2220	2
2222	4
2223	4
2224	5
2226	6
2227	1
2228	1
2229	1
2230	3
2231	4
2232	5
2233	1
2234	2
2235	3
2236	3
2237	1
2238	3
2239	2
2240	3
2241	5
2242	1
2243	3
2244	1
2245	1
2246	2
2247	3
2248	1
2250	3
2251	2
2252	1
2253	1
2255	2
2257	2
2258	1
2259	3
2260	5
2261	2
2262	2
2263	4
2264	7
2265	6
2266	1
2267	5
2268	2
2269	4
2270	2
2271	2
2272	3
2273	3
2274	1
2275	1
2276	4
2277	4
2278	2
2279	2
2282	1
2283	7
2284	3
2285	2
2286	4
2287	1
2288	4
2289	7
2290	2
2291	2
2292	3
2293	3
2294	2
2295	2
2296	1
2297	2
2298	3
2299	6
2300	2
2301	1
2302	4
2304	4
2305	1
2306	1
2307	4
2308	5
2309	1
2310	5
2311	1
2312	2
2313	1
2314	1
2315	1
2316	2
2317	4
2318	2
2319	2
2320	2
2321	1
2322	4
2323	2
2324	3
2325	3
2326	2
2328	2
2329	4
2330	1
2331	3
2332	3
2333	2
2335	3
2337	1
2338	1
2339	1
2341	1
2342	5
2343	2
2344	6
2345	2
2346	1
2347	1
2348	3
2349	1
2350	1
2351	1
2352	2
2353	2
2354	1
2355	2
2356	2
2359	2
2361	1
2362	4
2363	2
2364	3
2365	2
2366	1
2367	1
2368	2
2369	4
2370	2
2371	2
2373	3
2375	1
2377	2
2378	3
2379	4
2381	1
2382	2
2383	2
2384	2
2385	2
2386	2
2387	1
2388	1
2389	4
2390	2
2391	2
2392	1
2393	1
2394	5
2395	2
2397	3
2398	3
2399	4
2403	1
2404	1
2405	2
2407	1
2408	1
2410	1
2412	1
2413	2
2414	2
2415	1
2416	1
2417	4
2418	1
2419	1
2422	1
2423	2
2424	1
2425	2
2426	1
2427	2
2428	1
2429	2
2430	2
2431	1
2432	4
2433	2
2434	1
2436	1
2437	3
2438	3
2441	3
2442	3
2443	3
2444	3
2445	1
2447	3
2448	3
2449	2
2450	3
2451	3
2452	2
2453	1
2454	1
2455	4
2456	3
2457	2
2460	2
2461	3
2462	2
2463	2
2464	1
2465	2
2466	2
2467	1
2468	3
2471	2
2472	1
2473	1
2474	2
2475	1
2476	2
2477	1
2478	1
2480	3
2481	3
2482	4
2483	7
2484	3
2485	1
2487	3
2489	3
2490	2
2491	3
2492	2
2493	3
2494	1
2496	2
2498	2
2499	4
2500	2
2501	1
2502	3
2503	3
2504	1
2505	3
2506	1
2507	1
2508	2
2509	2
2510	1
2512	1
2513	2
2514	1
2516	1
2517	3
2518	5
2519	1
2520	2
2521	1
2522	1
2523	1
2525	1
2526	1
2527	2
2528	1
2529	2
2531	2
2532	4
2533	1
2534	4
2535	4
2536	2
2537	1
2538	1
2540	4
2541	1
2544	1
2547	3
2548	1
2549	4
2550	3
2551	2
2552	1
2553	1
2554	3
2555	1
2556	2
2557	1
2558	3
2559	5
2560	3
2561	3
2562	4
2563	2
2564	2
2565	2
2566	2
2567	2
2568	2
2569	1
2570	3
2571	1
2573	2
2574	1
2575	2
2576	1
2577	3
2578	2
2579	4
2580	1
2581	3
2583	1
2584	1
2585	1
2586	2
2588	1
2589	3
2592	1
2593	1
2597	1
2598	2
2600	3
2601	1
2602	1
2603	1
2604	1
2605	2
2606	2
2607	1
2609	1
2610	1
2611	2
2612	4
2614	2
2616	1
2617	1
2618	2
2619	2
2620	3
2621	1
2622	3
2623	3
2626	2
2627	1
2628	1
2629	1
2630	1
2632	4
2633	4
2634	2
2635	3
2636	4
2638	2
2639	1
2640	2
2641	3
2642	2
2643	2
2644	1
2645	1
2646	3
2647	1
2649	1
2651	3
2652	3
2653	1
2654	1
2655	3
2657	3
2658	1
2659	1
2660	1
2662	1
2663	1
2665	3
2666	1
2667	2
2669	1
2672	1
2673	2
2674	3
2675	2
2676	1
2677	2
2678	1
2680	1
2681	1
2682	2
2683	1
2684	3
2685	1
2686	2
2687	2
2688	1
2689	4
2692	1
2693	1
2694	1
2695	1
2696	1
2698	1
2699	1
2700	1
2701	2
2702	1
2703	2
2704	1
2705	2
2706	2
2707	4
2708	2
2709	1
2710	1
2711	1
2714	1
2715	2
2716	2
2717	2
2720	1
2721	3
2722	2
2723	1
2724	2
2725	1
2726	1
2727	2
2729	1
2730	3
2731	3
2732	3
2733	4
2734	3
2735	2
2738	3
2740	4
2741	2
2742	1
2744	2
2745	1
2746	4
2747	5
2748	2
2749	2
2752	1
2753	2
2754	5
2755	1
2756	3
2757	1
2758	4
2759	1
2762	2
2763	1
2764	2
2765	1
2766	1
2767	1
2768	1
2769	1
2770	3
2771	3
2773	1
2774	2
2776	2
2777	2
2778	1
2779	1
2780	1
2781	3
2782	2
2783	3
2785	2
2786	2
2787	1
2788	2
2789	2
2790	1
2791	1
2793	1
2794	1
2795	1
2796	1
2797	2
2798	2
2799	4
2800	2
2802	1
2803	2
2804	1
2805	3
2806	1
2808	3
2810	1
2812	1
2814	1
2815	1
2816	1
2817	1
2818	4
2820	1
2822	2
2823	1
2824	3
2826	2
2827	1
2829	2
2830	1
2833	4
2834	1
2835	1
2836	1
2837	3
2839	4
2840	2
2842	1
2843	2
2845	1
2846	1
2847	2
2848	1
2849	4
2851	2
2853	1
2854	1
2855	1
2856	1
2857	2
2859	1
2866	4
2867	1
2868	1
2869	1
2872	2
2873	4
2874	2
2875	2
2876	1
2877	1
2880	3
2881	4
2883	1
2885	2
2886	2
2887	2
2888	2
2889	1
2890	1
2891	1
2892	1
2893	1
2894	4
2896	1
2898	2
2899	1
2900	1
2901	1
2902	1
2903	1
2904	1
2905	1
2906	1
2911	1
2913	2
2914	1
2915	1
2918	1
2920	3
2921	1
2923	1
2925	3
2926	2
2927	1
2928	1
2930	4
2931	2
2932	2
2933	2
2934	2
2935	1
2936	1
2937	3
2938	2
2939	2
2941	5
2942	1
2944	1
2945	2
2946	1
2949	1
2950	1
2951	2
2953	1
2954	1
2955	1
2957	2
2960	3
2961	1
2962	1
2964	1
2966	1
2967	1
2968	1
2969	1
2970	2
2972	2
2974	3
2975	1
2976	1
2977	1
2978	1
2980	1
2981	2
2982	1
2983	2
2984	2
2986	2
2987	1
2988	2
2989	1
2990	1
2992	1
2994	1
2996	3
2998	2
2999	3
3000	1
3001	1
3003	1
3004	1
3005	1
3007	4
3008	1
3010	1
3013	1
3014	2
3015	4
3017	1
3018	1
3022	3
3024	1
3025	1
3029	2
3031	1
3034	1
3035	1
3036	1
3039	3
3040	2
3045	1
3046	1
3047	1
3048	1
3049	1
3050	1
3052	4
3056	1
3057	1
3061	1
3063	1
3064	1
3066	2
3067	2
3070	1
3071	1
3072	1
3073	1
3074	2
3075	1
3077	1
3081	1
3082	1
3083	2
3084	2
3086	1
3087	1
3088	1
3089	3
3091	1
3092	1
3093	1
3094	1
3097	2
3098	1
3100	1
3105	1
3106	1
3107	1
3108	2
3110	1
3112	1
3113	2
3114	3
3115	1
3116	1
3118	4
3119	1
3120	1
3121	1
3122	2
3123	1
3124	3
3125	1
3128	1
3129	1
3131	1
3132	2
3133	2
3134	1
3135	1
3137	1
3138	1
3139	3
3141	1
3142	2
3143	3
3144	1
3146	3
3147	1
3148	1
3149	1
3154	1
3155	1
3156	1
3161	1
3162	2
3164	1
3167	2
3168	1
3170	2
3173	2
3174	1
3176	1
3178	1
3180	1
3181	3
3183	1
3185	3
3187	1
3188	1
3190	2
3191	1
3192	1
3193	1
3195	1
3198	1
3199	1
3203	2
3209	1
3211	2
3212	1
3214	3
3216	3
3218	1
3219	1
3220	1
3223	1
3228	2
3231	2
3234	3
3236	1
3237	3
3240	3
3241	1
3246	1
3247	1
3251	1
3252	1
3253	1
3254	1
3255	1
3260	1
3263	2
3264	1
3265	1
3270	1
3273	1
3274	1
3277	2
3284	2
3286	1
3289	1
3290	1
3291	1
3292	2
3293	1
3294	1
3295	1
3296	1
3298	1
3300	2
3301	2
3303	4
3306	1
3307	1
3311	1
3313	1
3314	1
3315	2
3318	1
3324	2
3327	1
3329	2
3332	1
3333	1
3335	3
3336	1
3340	1
3341	1
3342	2
3343	2
3344	1
3345	2
3347	1
3349	3
3351	1
3352	1
3353	1
3354	1
3357	1
3359	2
3360	1
3361	2
3362	1
3364	1
3365	1
3369	1
3371	1
3373	1
3375	2
3379	1
3381	1
3382	1
3383	1
3384	1
3385	1
3386	1
3387	1
3390	1
3392	1
3394	1
3398	1
3399	1
3400	1
3404	1
3406	1
3409	1
3411	1
3412	3
3414	1
3415	1
3416	1
3417	2
3418	1
3419	1
3421	1
3422	1
3424	1
3426	2
3427	1
3429	1
3430	1
3432	1
3435	1
3436	1
3441	1
3442	1
3443	2
3444	1
3445	3
3446	2
3448	2
3450	2
3451	1
3454	1
3458	2
3459	1
3463	1
3467	1
3468	1
3470	2
3471	1
3473	3
3477	1
3480	3
3483	1
3488	1
3489	2
3493	1
3494	1
3496	1
3497	1
3498	2
3499	1
3503	2
3504	1
3506	1
3509	2
3518	1
3519	1
3521	2
3524	1
3529	1
3530	1
3535	1
3543	2
3545	1
3552	1
3557	1
3558	1
3562	1
3566	1
3567	1
3568	1
3575	1
3582	1
3584	1
3587	1
3592	1
3593	2
3595	1
3597	1
3598	1
3601	1
3602	1
3603	2
3607	1
3609	2
3610	1
3611	1
3613	1
3614	1
3617	1
3619	1
3620	1
3628	1
3630	2
3631	1
3633	1
3636	1
3641	1
3642	1
3648	1
3652	2
3654	1
3660	1
3662	2
3665	1
3668	1
3672	1
3680	1
3687	1
3693	1
3695	1
3696	1
3700	1
3703	1
3704	1
3706	2
3707	3
3709	1
3714	1
3715	1
3716	1
3724	1
3726	2
3727	2
3732	1
3733	1
3735	1
3738	1
3745	1
3747	1
3757	1
3760	1
3765	1
3770	1
3771	1
3772	1
3774	1
3781	1
3786	1
3788	1
3790	1
3794	1
3795	1
3796	1
3800	1
3809	1
3810	1
3813	1
3814	1
3821	1
3822	1
3824	1
3825	1
3827	1
3837	2
3845	1
3846	1
3849	1
3850	1
3853	1
3854	1
3855	1
3859	1
3860	1
3865	2
3874	1
3876	1
3879	1
3880	1
3893	1
3900	1
3901	1
3904	1
3906	1
3907	1
3909	2
3911	1
3912	1
3916	1
3923	1
3929	1
3933	2
3935	1
3938	1
3939	3
3942	1
3944	1
3945	2
3954	1
3961	1
3962	1
3965	1
3968	1
3969	1
3975	1
3977	1
3985	1
3988	1
3994	1
4000	1
4006	1
4007	1
4011	1
4016	1
4018	1
4020	1
4022	1
4027	1
4029	2
4031	1
4035	1
4044	1
4046	1
4048	1
4052	1
4082	1
4086	1
4087	1
4097	1
4100	1
4111	2
4112	1
4130	1
4142	1
12339	1
4155	1
4156	1
4161	2
4162	1
4163	1
4167	1
4172	1
4173	1
4175	1
4183	2
4199	2
4206	1
4207	1
4210	2
4222	2
4223	1
4228	1
4233	1
4240	1
4250	1
4251	1
4254	1
4258	1
4266	1
4276	1
4282	1
4284	2
4287	1
4289	1
4311	1
4315	1
4317	1
4321	1
4332	1
4334	2
4336	1
4344	1
4360	1
4362	1
4401	1
4409	1
4412	2
4415	1
4417	1
4424	1
4425	1
4434	1
4448	1
4452	1
4466	1
4477	1
4492	1
4498	1
4501	1
4520	1
4528	1
4535	1
4549	1
4555	1
4559	1
4566	1
4571	1
4597	1
4601	1
4613	1
4642	1
4651	1
4652	1
4661	1
4670	1
4684	1
4720	1
4729	1
4736	1
4746	1
4747	1
4749	1
4762	1
4765	1
4768	1
4779	1
4799	1
4802	1
4809	1
4815	1
4826	1
4831	1
4839	1
4845	1
4847	1
4850	1
4858	2
4859	1
4866	1
4874	1
4887	1
4905	1
4916	1
4933	1
4935	1
4943	1
4954	1
4955	1
4989	1
4992	1
5005	1
5032	1
5035	1
5039	1
5059	2
5092	1
5112	1
5118	1
5125	1
5205	1
5254	2
5268	1
5290	1
5313	1
5317	1
5326	1
5338	1
5343	1
5349	1
5358	1
5359	1
5368	1
5374	1
5385	1
5402	1
5403	1
5429	1
5436	1
5471	1
5503	1
5514	1
5532	1
5549	1
5557	1
5566	1
5579	1
5603	1
5611	1
5633	1
5657	1
5704	1
5727	1
5735	1
5763	1
5775	1
5810	1
5873	1
5895	1
5917	1
6009	1
6061	1
6071	1
6089	1
6104	1
6137	1
6192	1
6194	1
6197	1
6447	1
6503	1
6578	1
6636	1
6665	1
6674	1
6701	1
6801	1
6820	1
7198	1
7529	1
7613	1
7616	1
7617	1
8045	1
