1	482
2	360
3	295
4	253
5	198
6	186
7	153
8	161
9	152
10	169
11	127
12	116
13	115
14	121
15	118
16	108
17	120
18	91
19	99
20	100
21	90
22	98
23	108
24	82
25	83
26	77
27	75
28	65
29	73
30	82
31	75
32	74
33	76
34	80
35	93
36	70
37	75
38	56
39	50
40	67
41	67
42	66
43	64
44	56
45	65
46	72
47	70
48	44
49	62
50	45
51	65
52	60
53	60
54	64
55	63
56	55
57	48
58	51
59	46
60	48
61	44
62	51
63	49
64	46
65	52
66	57
67	42
68	50
69	57
70	34
71	48
72	51
73	45
74	44
75	43
76	43
77	37
78	58
79	60
80	40
81	54
82	38
83	45
84	40
85	44
86	35
87	36
88	45
89	39
90	47
91	40
92	45
93	40
94	38
95	29
96	42
97	38
98	45
99	28
100	31
101	42
102	47
103	47
104	41
105	33
106	33
107	38
108	40
109	28
110	41
111	38
112	28
113	38
114	40
115	40
116	35
117	39
118	37
119	38
120	30
121	25
122	32
123	38
124	43
125	46
126	29
127	38
128	23
129	34
130	33
131	45
132	37
133	33
134	41
135	37
136	40
137	35
138	33
139	37
140	29
141	30
142	37
143	31
144	27
145	28
146	23
147	35
148	46
149	29
150	23
151	32
152	27
153	45
154	33
155	33
156	39
157	27
158	22
159	29
160	25
161	37
162	35
163	27
164	28
165	35
166	35
167	27
168	23
169	25
170	33
171	40
172	31
173	30
174	34
175	30
176	30
177	32
178	24
179	33
180	29
181	27
182	31
183	27
184	25
185	29
186	20
187	27
188	26
189	23
190	33
191	30
192	21
193	24
194	26
195	33
196	25
197	21
198	23
199	19
200	33
201	26
202	27
203	31
204	28
205	34
206	36
207	27
208	24
209	32
210	28
211	33
212	22
213	24
214	21
215	21
216	20
217	23
218	36
219	31
220	26
221	28
222	28
223	28
224	19
225	20
226	19
227	20
228	21
229	21
230	19
231	17
232	20
233	24
234	28
235	20
236	26
237	22
238	23
239	23
240	22
241	16
242	31
243	29
244	25
245	23
246	24
247	18
248	21
249	29
250	18
251	21
252	22
253	20
254	19
255	12
256	21
257	16
258	18
259	22
260	22
261	18
262	32
263	31
264	27
265	32
266	18
267	20
268	20
269	28
270	19
271	18
272	16
273	24
274	21
275	25
276	23
277	19
278	24
279	17
280	28
281	22
282	25
283	30
284	31
285	20
286	18
287	21
288	19
289	12
290	23
291	15
292	17
293	21
294	15
295	17
296	17
297	17
298	19
299	16
300	27
301	18
302	26
303	20
304	17
305	17
306	19
307	14
308	13
309	22
310	13
311	21
312	13
313	19
314	8
315	15
316	19
317	18
318	26
319	10
320	13
321	27
322	14
323	13
324	16
325	15
326	25
327	9
328	22
329	25
330	17
331	17
332	20
333	17
334	29
335	14
336	17
337	14
338	27
339	19
340	22
341	22
342	17
343	26
344	26
345	23
346	17
347	14
348	15
349	13
350	15
351	22
352	20
353	9
354	13
355	17
356	12
357	20
358	17
359	17
360	22
361	17
362	14
363	14
364	18
365	19
366	12
367	18
368	16
369	14
370	14
371	15
372	17
373	9
374	9
375	13
376	13
377	16
378	15
379	14
380	18
381	10
382	20
383	9
384	18
385	12
386	16
387	17
388	22
389	12
390	15
391	19
392	17
393	12
394	12
395	11
396	11
397	14
398	18
399	17
400	10
401	10
402	9
403	17
404	9
405	14
406	22
407	15
408	18
409	13
410	19
411	10
412	16
413	16
414	14
415	17
416	20
417	14
418	12
419	17
420	21
421	22
422	17
423	18
424	16
425	12
426	14
427	14
428	15
429	6
430	11
431	19
432	12
433	14
434	17
435	17
436	13
437	15
438	13
439	8
440	13
441	16
442	7
443	13
444	9
445	16
446	15
447	12
448	9
449	17
450	19
451	13
452	16
453	14
454	17
455	9
456	12
457	10
458	14
459	7
460	16
461	12
462	14
463	14
464	9
465	19
466	12
467	16
468	14
469	15
470	13
471	11
472	10
473	9
474	14
475	13
476	6
477	11
478	20
479	14
480	9
481	11
482	11
483	7
484	11
485	12
486	9
487	10
488	13
489	12
490	16
491	15
492	10
493	13
494	13
495	8
496	17
497	13
498	13
499	15
500	14
501	10
502	11
503	16
504	15
505	9
506	14
507	9
508	11
509	21
510	15
511	10
512	16
513	11
514	11
515	11
516	10
517	7
518	13
519	4
520	11
521	15
522	7
523	17
524	10
525	9
526	13
527	14
528	12
529	13
530	11
531	14
532	11
533	8
534	10
535	13
536	17
537	9
538	6
539	9
540	6
541	11
542	12
543	6
544	14
545	3
546	14
547	14
548	9
549	6
550	12
551	14
552	3
553	11
554	17
555	13
556	11
557	13
558	9
559	14
560	6
561	8
562	8
563	8
564	11
565	8
566	10
567	9
568	6
569	10
570	11
571	12
572	10
573	9
574	10
575	8
576	9
577	9
578	5
579	13
580	12
581	8
582	9
583	6
584	6
585	10
586	10
587	18
588	6
589	3
590	7
591	4
592	13
593	9
594	9
595	10
596	10
597	3
598	12
599	5
600	12
601	4
602	5
603	7
604	8
605	6
606	7
607	9
608	9
609	6
610	12
611	9
612	9
613	7
614	11
615	4
616	5
617	11
618	6
619	7
620	11
621	13
622	9
623	11
624	10
625	10
626	9
627	12
628	5
629	4
630	7
631	5
632	11
633	10
634	6
635	6
636	6
637	7
638	7
639	11
640	7
641	8
642	7
643	15
644	5
645	6
646	8
647	7
648	9
649	4
650	10
651	9
652	7
653	11
654	7
655	4
656	10
657	6
658	4
659	1
660	3
661	14
662	5
663	9
664	11
665	8
666	6
667	7
668	5
669	9
670	13
671	5
672	9
673	13
674	7
675	5
676	11
677	6
678	7
679	6
680	7
681	11
682	5
683	6
684	6
685	6
686	14
687	8
688	8
689	6
690	3
691	5
692	5
693	6
694	12
695	10
696	5
697	6
698	4
699	9
700	8
701	4
702	7
703	3
704	4
705	5
706	6
707	7
708	5
709	4
710	15
711	6
712	9
713	7
714	6
8906	1
715	6
716	9
717	13
718	4
719	11
720	6
721	7
722	6
723	7
724	11
725	10
726	3
727	8
728	4
729	10
730	9
731	2
732	9
733	6
734	9
735	9
736	7
737	7
738	8
739	4
740	3
741	9
742	5
743	8
744	8
745	11
746	11
747	4
748	11
749	8
750	9
751	7
752	7
753	7
754	5
755	5
756	4
757	11
758	6
759	8
760	3
761	3
762	6
763	9
764	5
765	6
766	4
767	5
768	4
769	10
770	6
771	4
772	9
773	7
774	8
775	6
776	8
777	3
778	2
779	6
780	4
781	3
782	2
783	6
784	5
785	9
786	6
787	7
788	11
789	2
790	4
791	5
792	9
793	4
794	9
795	2
796	9
797	3
798	8
799	3
800	3
801	9
802	7
803	6
804	6
805	7
806	8
807	10
808	8
809	1
810	5
811	7
812	3
813	3
814	6
815	3
816	5
817	13
818	2
819	6
820	5
821	4
822	6
823	3
824	4
825	5
826	4
827	5
828	8
829	10
830	3
831	5
832	6
833	6
834	3
835	6
836	4
837	4
838	5
839	2
840	5
841	8
842	3
843	6
844	4
845	3
846	3
847	4
848	4
849	8
850	9
851	3
852	3
853	4
854	5
855	2
856	3
857	4
858	1
859	7
860	5
861	2
862	1
863	7
864	4
865	5
866	2
867	2
868	6
869	7
870	2
871	6
872	3
873	7
874	3
875	4
876	5
877	5
878	3
879	5
880	4
881	4
882	3
883	4
884	6
885	7
886	8
888	7
889	8
890	3
891	2
892	3
893	4
894	2
895	1
896	2
897	4
898	5
899	6
900	3
901	4
902	3
903	4
904	4
905	4
906	4
907	6
908	4
909	5
910	2
911	3
912	7
913	5
914	5
915	6
916	4
918	3
919	5
920	4
921	6
922	1
923	2
924	3
925	5
926	5
927	6
929	6
930	5
931	5
932	5
933	3
934	7
935	3
936	4
937	2
938	2
939	4
940	4
941	5
942	3
943	5
944	5
945	2
946	1
947	3
948	3
949	3
950	4
951	4
952	3
953	6
954	8
955	2
956	2
957	5
958	5
959	6
960	6
961	5
962	1
963	2
964	3
965	4
966	3
967	2
968	2
969	6
970	5
971	2
972	2
973	3
974	1
975	6
976	8
977	1
978	5
979	6
980	2
981	3
982	6
983	10
984	7
985	2
986	3
987	1
988	6
989	4
990	2
991	1
992	5
993	4
994	7
995	5
997	4
998	6
999	5
1000	1
1001	2
1002	1
1003	3
1004	8
1005	6
1006	6
1007	2
1008	3
1009	2
1010	2
1011	1
1012	5
1013	1
1014	8
1015	1
1016	3
1017	4
1018	5
1019	2
1020	2
1021	2
1022	2
1023	4
1024	3
1025	3
1026	3
1027	1
1028	3
1029	1
1030	9
1031	2
1032	1
1033	2
1034	7
1035	4
1036	1
1037	1
1038	2
1039	4
1040	2
1041	4
1042	2
1043	4
1044	4
1045	3
1046	3
1047	2
1048	2
1049	5
1050	4
1051	1
1052	1
1053	5
1054	4
1055	4
1056	5
1057	3
1058	1
1059	2
1060	2
1061	6
1062	1
1063	5
1064	6
1065	3
1066	2
1067	3
1068	7
1069	4
1070	2
1071	3
1072	4
1073	2
1074	5
1075	2
1076	7
1077	2
1078	6
1079	2
1080	3
1081	5
1082	1
1083	6
1084	2
1085	4
1086	4
1087	3
1089	2
1090	3
1091	7
1092	1
1093	1
1094	2
1096	1
1097	2
1098	4
1099	3
1100	3
1101	4
1102	3
1103	2
1104	2
1105	2
1106	1
1107	1
1108	5
1109	6
1110	3
1111	1
1112	1
1113	1
1114	3
1115	7
1116	2
1117	3
1118	3
1119	4
1120	3
1121	2
1122	5
1123	1
1124	2
1125	4
1126	2
1127	3
1128	5
1129	5
1130	3
1131	2
1132	2
1133	2
1134	2
1135	4
1136	2
1137	4
1138	2
1139	2
1140	3
1141	2
1142	2
1143	5
1144	5
1145	4
1146	2
1148	4
1149	2
1150	6
1151	1
1152	3
1153	1
1154	3
1155	3
1156	2
1157	3
1158	1
1159	5
1160	2
1161	3
1162	7
1163	3
1164	2
1165	2
1166	2
1167	3
1169	2
1171	3
1172	4
1173	3
1174	3
1175	2
1176	2
1177	3
1178	2
1179	3
1180	1
1181	2
1182	6
1183	2
1184	3
1186	2
1187	4
1188	4
1189	4
1190	4
1191	4
1193	4
1195	1
1196	1
1197	1
1198	3
1199	7
1200	2
1201	6
1202	3
1203	2
1204	2
1205	2
1206	3
1207	1
1208	3
1209	1
1210	2
1211	2
1213	3
1214	2
1215	2
1216	4
1217	3
1218	3
1219	3
1221	2
1222	3
1223	5
1224	2
1225	1
1226	4
1227	1
1230	3
1231	3
1232	1
1233	1
1235	1
1236	3
1237	2
1238	2
1239	4
1240	2
1241	4
1242	1
1243	3
1244	1
1246	2
1247	1
1248	1
1249	4
1251	3
1253	4
1254	4
1255	8
1256	2
1257	2
1259	1
1260	3
1261	2
1262	1
1263	3
1264	5
1265	2
1266	1
1267	2
1268	1
1269	4
1270	2
1271	3
1272	1
1273	4
1274	3
1276	2
1278	1
1279	1
1280	2
1281	4
1282	2
1283	4
1284	3
1286	3
1287	3
1288	2
1290	4
1291	1
1292	4
1294	2
1295	2
1296	1
1298	3
1299	2
1300	2
1301	2
1302	3
1303	1
1304	2
1306	3
1307	1
1309	2
1310	4
1311	2
1314	1
1315	2
1316	1
1317	2
1318	2
1319	5
1320	1
1321	4
1322	2
1323	3
1324	1
1325	2
1326	1
1327	2
1328	2
1331	3
1332	3
1334	1
1335	2
1336	1
1337	3
1338	1
1339	4
1340	3
1341	1
1342	1
1343	2
1344	2
1345	1
1346	2
1347	3
1348	2
1349	3
1350	2
1352	1
1355	2
1356	2
1357	5
1358	1
1359	1
1360	2
1361	2
1362	4
1363	2
1364	3
1365	5
1367	1
1368	1
1369	3
1370	1
1373	1
1375	1
1376	1
1378	2
1379	2
1380	3
1382	1
1383	3
1384	4
1385	3
1386	2
1388	1
1389	2
1390	1
1391	1
1393	2
1394	6
1395	1
1396	1
1398	2
1399	1
1400	3
1401	4
1402	1
1403	1
1404	5
1405	1
1406	1
1407	1
1408	1
1409	1
1410	3
1411	1
1412	1
1413	6
1415	1
1417	1
1418	3
1421	2
1422	2
1424	2
1425	1
1426	1
1427	1
1428	1
1429	5
1430	1
1432	4
1433	1
1434	2
1436	1
1437	2
1438	2
1440	4
1441	1
1442	1
1443	3
1444	1
1445	1
1448	1
1449	1
1450	2
1451	3
1453	2
1454	1
1455	1
1456	2
1458	6
1460	3
1461	2
1463	2
1465	3
1466	2
1469	2
1470	1
1472	1
1473	2
1474	1
1476	1
1477	1
1478	1
1479	3
1480	1
1481	2
1482	2
1484	1
1489	2
1490	2
1491	2
1492	1
1493	2
1494	1
1495	2
1496	2
1497	1
1498	1
1499	2
1500	1
1502	2
1503	2
1504	2
1505	1
1506	2
1507	2
1508	2
1509	2
1511	2
1512	1
1514	1
1515	1
1516	1
1517	1
1519	1
1520	3
1523	1
1524	1
1525	3
1526	1
1527	2
1528	1
1529	1
1530	2
1531	1
1532	1
1534	3
1535	1
1538	2
1539	1
1540	1
1542	1
1543	1
1544	1
1545	2
1546	1
1548	2
1550	1
1551	2
1552	1
1553	1
1554	1
1556	2
1558	1
1560	3
1561	2
1564	1
1565	1
1567	2
1568	2
1569	2
1571	2
1572	1
1575	1
1576	2
1577	1
1578	1
1579	1
1580	1
1582	1
1583	2
1585	1
1586	1
1587	1
1588	1
1589	3
1591	2
1592	1
1593	1
1596	1
1597	1
1599	2
1601	1
1603	2
1605	1
1606	1
1612	1
1613	2
1615	1
1616	1
1617	2
1619	2
1620	2
1621	1
1624	1
1625	1
1627	1
1630	1
1631	1
1632	1
1633	2
1636	2
1637	2
1638	1
1639	1
1640	1
1641	1
1642	2
1645	1
1646	1
1647	1
1648	1
1649	1
1652	3
1653	1
1654	1
1656	2
1657	1
1658	2
1660	2
1664	2
1665	3
1666	1
1667	2
1668	1
1669	1
1672	2
1673	1
1674	1
1675	1
1676	1
1679	1
1680	1
1681	1
1685	1
1686	1
1688	3
1691	2
1692	2
1695	2
1698	1
1699	1
1701	1
1702	1
1703	1
1704	1
1705	1
1706	3
1707	1
1708	1
1710	1
1711	1
1716	1
1717	1
1719	1
1720	2
1725	1
1726	2
1729	1
1732	1
1734	1
1736	2
1737	1
1738	2
1740	1
1741	1
1742	2
1744	1
1750	1
1752	1
1754	1
1757	2
1758	1
1759	5
1760	1
1761	2
1763	1
1764	1
1766	1
1767	1
1768	1
1770	3
1772	1
1773	2
1775	1
1777	2
1778	1
1779	1
1786	1
1792	1
1797	2
1801	1
1806	3
1812	1
1817	1
1818	1
1819	1
1820	1
1829	1
1833	1
1835	1
1836	1
1839	1
1840	1
1843	1
1846	2
1847	1
1849	1
1850	1
1851	1
1852	1
1853	1
1857	1
1858	1
1865	1
1866	2
1870	1
1877	1
1879	2
1882	1
1885	1
1888	1
1892	1
1897	2
1899	2
1905	1
1906	1
1909	2
1911	1
1912	1
1913	1
1915	1
1920	1
1927	4
1929	1
1932	1
1934	1
1935	1
1936	1
1939	2
1942	2
1944	1
1945	1
1951	1
1953	1
1956	1
1959	1
1960	1
1962	1
1965	2
1966	1
1969	1
1971	1
1974	1
1978	1
1981	3
1982	2
1984	1
1987	1
1989	1
1990	1
1994	1
1996	2
2004	1
2009	1
2010	1
2020	3
2026	1
2029	1
2045	1
2060	1
2070	1
2072	1
2074	1
2075	1
2077	1
2083	1
2090	1
2100	1
2101	1
2108	2
2114	1
2118	1
2121	1
2129	1
2131	1
2138	1
2144	1
2145	1
2149	1
2155	1
2156	1
2170	1
2172	1
2176	1
2178	1
2194	1
2196	1
2199	2
2202	1
2210	1
2215	1
2217	1
2221	1
2222	1
2232	1
2237	1
2242	1
2245	1
2248	1
2251	1
2253	1
2260	1
2267	1
2274	1
2283	1
2286	1
2308	1
2328	1
2344	1
2352	1
2356	1
2364	1
2370	1
2374	1
2389	1
2398	1
2407	1
2443	1
2447	1
2450	1
2478	1
2480	1
2488	1
2519	1
2538	1
2539	1
2549	1
2554	1
2567	1
2568	1
2569	1
2571	1
2581	1
2618	1
2639	1
2648	1
2653	1
2656	1
2699	1
2727	1
2806	1
2825	1
2843	1
2885	1
2908	1
2916	1
2992	1
3014	2
3416	1
3545	1
3609	1
