1	222
2	109
3	102
4	82
5	62
6	48
7	61
8	48
9	73
10	37
11	46
12	39
13	40
14	30
15	39
16	38
17	34
18	33
19	26
20	41
21	38
22	39
23	31
24	35
25	26
26	32
27	36
28	31
29	31
30	35
31	22
32	35
33	26
34	24
35	36
36	27
37	17
38	40
39	29
40	27
41	30
42	42
43	29
44	21
45	22
46	29
47	36
48	27
49	27
50	28
51	22
52	28
53	23
54	25
55	26
56	29
57	26
58	21
59	28
60	20
61	25
62	21
63	20
64	23
65	31
66	17
67	20
68	22
69	25
70	24
71	20
72	23
73	29
74	22
75	24
76	21
77	13
78	23
79	18
80	21
81	21
82	22
83	20
84	19
85	28
86	27
87	17
88	15
89	27
90	19
91	29
92	20
93	17
94	21
95	19
96	15
97	24
98	16
99	13
100	19
101	11
102	21
103	19
104	25
105	24
106	16
107	26
108	23
109	20
110	17
111	17
112	22
113	22
114	11
115	23
116	24
117	22
118	25
119	15
120	20
121	21
122	32
123	13
124	14
125	20
126	11
127	22
128	13
129	7
130	15
131	16
132	13
133	12
134	15
135	21
136	16
137	11
138	13
139	17
140	15
141	18
142	15
143	18
144	13
145	14
146	13
147	24
148	14
149	12
150	13
151	19
152	13
153	20
154	12
155	21
156	17
157	16
158	17
159	14
160	13
161	16
162	12
163	21
164	17
165	14
166	10
167	10
168	22
169	14
170	16
171	15
172	20
173	9
174	16
175	24
176	13
177	21
178	13
179	17
180	15
181	15
182	16
183	19
184	11
185	11
186	19
187	14
188	14
189	5
190	14
191	16
192	12
193	11
194	13
195	10
196	8
197	13
198	15
199	14
200	10
201	11
202	9
203	7
204	16
205	12
206	14
207	14
208	7
209	20
210	14
211	7
212	12
213	13
214	15
215	7
216	10
217	15
218	12
219	12
220	23
221	15
222	14
223	9
224	12
225	18
226	6
227	9
228	14
229	9
230	15
231	8
232	15
233	11
234	7
235	14
236	13
237	10
238	24
239	15
240	8
241	11
242	9
243	10
244	12
245	8
246	8
247	16
248	17
249	11
250	9
251	15
252	14
253	8
254	8
255	9
256	12
257	17
258	14
259	11
260	8
261	6
262	11
263	12
264	15
265	13
266	10
267	8
268	14
269	15
270	14
271	10
272	17
273	11
274	14
275	11
276	10
277	11
278	14
279	8
280	13
281	15
282	9
283	16
284	11
285	20
286	13
287	12
288	9
289	17
290	9
291	17
292	11
293	9
294	12
295	11
296	9
297	7
298	11
299	18
300	9
301	13
302	10
303	16
304	9
305	6
306	9
307	11
308	8
309	10
310	15
311	8
312	10
313	15
314	10
315	15
316	15
317	9
318	9
319	11
320	9
321	10
322	7
323	10
324	8
325	6
326	3
327	13
328	12
329	11
330	18
331	13
332	13
333	12
334	11
335	11
336	11
337	13
338	12
339	11
340	14
341	12
342	8
343	14
344	11
345	5
346	13
347	9
348	11
349	12
350	9
351	8
352	16
353	21
354	5
355	12
356	9
357	5
358	14
359	13
360	5
361	10
362	14
363	7
364	8
365	10
366	14
367	11
368	7
369	13
370	9
371	12
372	10
373	7
374	5
375	5
376	12
377	9
378	7
379	6
380	14
381	6
382	9
383	13
384	9
385	12
386	8
387	7
388	11
389	11
390	13
391	12
392	9
393	9
394	4
395	6
396	12
397	8
398	10
399	11
400	12
401	7
402	7
403	7
404	7
405	5
406	10
407	5
408	12
409	9
410	17
411	9
412	3
413	11
414	6
415	10
416	9
417	11
418	9
419	7
420	15
421	8
422	9
423	4
424	13
425	7
426	9
427	11
428	12
429	9
430	6
431	6
432	12
433	12
434	13
435	6
436	8
437	9
438	13
439	11
440	5
441	10
442	6
443	15
444	7
445	9
446	9
447	15
448	14
449	8
450	10
451	8
452	6
453	8
454	8
455	12
456	9
457	12
458	9
459	12
460	9
461	14
462	7
463	7
464	10
465	7
466	10
467	16
468	15
469	8
470	5
471	13
472	8
473	4
474	9
475	11
476	10
477	6
478	11
479	7
480	12
481	4
482	10
483	13
484	9
485	11
486	8
487	8
488	4
489	14
490	7
491	12
492	12
493	12
494	7
495	12
496	9
497	5
498	8
499	8
500	10
501	9
502	5
503	6
504	5
505	11
506	14
507	6
508	5
509	3
510	8
511	11
512	7
513	13
514	7
515	5
516	10
517	11
518	11
519	7
520	9
521	9
522	8
523	8
524	7
525	13
526	4
527	8
528	10
529	15
530	10
531	8
532	6
533	6
534	9
535	5
536	6
537	10
538	8
539	10
540	4
541	10
542	8
543	8
544	11
545	11
546	8
547	5
548	6
549	9
550	8
551	8
552	11
553	12
554	6
555	12
556	13
557	12
558	15
559	2
560	6
561	4
562	9
563	13
564	9
565	4
566	11
567	6
568	11
569	11
570	10
571	9
572	6
573	7
574	11
575	7
576	6
577	5
578	6
579	3
580	6
581	7
582	2
583	9
584	9
585	9
586	7
587	8
588	11
589	6
590	6
591	9
592	9
593	9
594	7
595	6
596	9
597	7
598	7
599	3
600	5
601	7
602	6
603	11
604	9
605	7
606	8
607	5
608	8
609	5
610	3
611	5
612	10
613	7
614	8
615	5
616	7
617	6
618	4
619	4
620	5
621	11
622	10
623	6
624	9
625	3
626	8
627	8
628	8
629	4
630	6
631	13
632	6
633	5
634	6
635	11
636	3
637	9
638	12
639	12
640	6
641	7
642	7
643	8
644	5
645	10
646	18
647	2
648	3
649	8
650	13
651	9
652	8
653	3
654	11
655	9
656	5
657	4
658	4
659	4
660	2
661	9
662	5
663	9
664	5
665	4
666	4
667	4
668	9
669	9
670	6
671	8
672	9
673	9
674	5
675	3
676	13
677	8
678	8
679	4
680	8
681	9
682	9
683	13
684	2
685	11
686	5
687	7
688	7
689	14
690	7
691	8
692	3
693	5
694	16
695	9
696	6
697	5
698	9
699	6
700	6
701	7
702	7
703	8
704	5
705	11
706	4
707	9
708	6
709	8
710	10
711	9
712	5
713	8
714	8
715	8
716	11
717	8
718	7
719	3
720	7
721	11
722	8
723	8
724	6
725	1
726	5
727	7
728	5
729	5
730	6
731	9
732	2
733	10
734	5
735	1
736	8
737	7
738	14
739	9
740	14
741	4
742	3
743	11
744	10
745	3
746	8
747	3
748	5
749	8
750	4
751	5
752	5
753	6
754	7
755	6
756	7
757	7
758	9
759	6
760	9
761	8
762	3
763	12
764	5
765	6
766	8
767	9
768	4
769	7
770	7
771	7
772	1
773	8
774	6
775	9
776	2
777	4
778	12
779	8
780	4
781	8
782	5
783	11
784	11
785	7
786	5
787	9
788	9
789	3
790	3
791	8
792	7
793	9
794	5
795	5
796	5
797	12
798	3
799	6
800	3
801	8
802	11
803	3
804	1
805	5
806	9
807	5
808	7
809	8
810	9
811	9
812	2
813	10
814	3
815	9
816	8
817	6
818	10
819	5
820	13
821	6
822	5
823	6
824	11
825	7
826	5
827	6
828	7
829	5
830	5
831	7
832	4
833	6
834	7
835	7
836	3
837	4
838	6
839	8
840	5
841	6
842	4
843	10
844	9
845	8
846	3
847	5
848	9
849	3
850	8
851	3
852	2
853	8
854	6
855	3
856	3
857	8
858	1
859	3
860	2
861	7
862	2
863	6
864	6
865	6
866	3
867	5
868	6
869	6
870	3
871	4
872	7
873	6
874	3
875	9
876	7
877	6
878	6
879	8
880	2
881	1
882	7
883	7
884	5
885	12
886	6
887	6
888	5
889	7
890	5
891	5
892	10
893	7
894	9
895	6
896	5
897	6
898	10
899	13
900	4
901	5
902	5
903	6
904	4
905	4
906	4
907	6
908	9
909	6
910	9
911	5
912	3
913	5
914	6
915	6
916	5
917	5
918	9
919	4
920	5
921	6
922	7
923	10
924	5
925	6
926	5
927	5
928	5
929	5
930	3
931	9
932	8
933	7
934	7
935	4
936	4
937	4
938	4
939	11
940	12
941	7
942	3
943	8
944	1
945	4
946	7
947	1
948	8
949	7
950	6
951	5
952	8
953	10
954	2
955	6
956	4
957	4
958	4
959	5
960	2
961	3
962	4
963	8
964	5
965	5
966	5
967	3
968	5
969	8
970	6
971	6
972	3
973	7
9166	1
974	3
975	6
976	7
977	7
978	11
979	5
980	7
981	3
982	4
983	5
984	6
985	4
986	7
987	8
988	8
989	3
990	7
991	7
992	6
993	3
994	8
995	8
996	5
997	5
998	7
999	4
1000	7
1001	7
1002	8
1003	7
1004	4
1005	9
1006	4
1007	6
1008	5
1009	4
1010	10
1011	3
1012	9
1013	6
1014	4
1015	5
1016	7
1017	3
1018	8
1019	11
1020	2
1021	8
1022	5
1023	7
1024	4
1025	7
1026	3
1027	4
1028	3
1029	6
1030	4
1031	11
1032	10
1033	7
1034	4
1035	6
1036	6
1037	5
1038	9
1039	6
1040	11
1041	8
1042	4
1043	4
1044	4
1045	7
1046	2
1047	4
1048	5
1049	4
1050	6
1051	4
1052	4
1053	9
1054	4
1055	5
1056	8
1057	9
1058	2
1059	2
1060	7
1061	6
1062	5
1063	1
1064	10
1065	5
1066	4
1067	5
1068	3
1069	4
1070	9
1071	3
1072	4
1073	3
1074	2
1075	5
1076	9
1077	1
1078	6
1079	7
1080	5
1081	6
1082	8
1083	2
1084	6
1085	4
1086	4
1087	5
1088	6
1089	2
1090	4
1091	4
1092	7
1093	8
1094	1
1095	6
1096	7
1097	5
1098	9
1099	3
1100	3
1101	5
1102	3
1103	1
1104	8
1105	4
1106	3
1107	7
1108	7
1109	10
1110	4
1111	3
1112	2
1113	6
1114	6
1115	5
1116	2
1117	7
1118	4
1119	7
1120	7
1121	10
1122	2
1123	5
1124	2
1125	6
1126	10
1127	1
1128	4
1129	5
1130	5
1131	2
1132	3
1133	6
1134	1
1135	4
1136	3
1137	9
1138	5
1139	6
1140	5
1141	4
1142	4
1143	1
1144	4
1145	4
1146	6
1147	6
1148	6
1149	1
1150	5
1151	5
1152	6
1153	5
1154	11
1155	5
1156	6
1157	5
1158	7
1159	5
1160	6
1161	3
1162	2
1163	5
1164	5
1165	6
1166	7
1167	7
1168	5
1169	4
1171	6
1172	4
1173	4
1174	4
1175	5
1176	8
1177	4
1178	4
1179	8
1180	5
1181	1
1182	5
1183	8
1184	8
1185	5
1186	2
1187	2
1188	3
1189	3
1190	8
1191	2
1192	5
1193	6
1194	7
1195	5
1196	2
1197	1
1198	2
1199	7
1200	2
1201	6
1202	2
1203	12
1204	6
1205	7
1206	7
1207	4
1208	3
1209	6
1210	4
1211	3
1212	4
1213	5
1214	4
1215	4
1216	4
1217	1
1218	4
1219	4
1220	4
1221	1
1222	5
1223	7
1224	1
1225	6
1226	7
1227	6
1228	4
1229	1
1230	3
1231	12
1232	7
1233	3
1234	5
1235	5
1236	6
1237	5
1238	3
1239	5
1240	8
1241	2
1242	5
1243	7
1244	2
1245	2
1246	4
1247	7
1248	4
1249	3
1250	3
1251	3
1252	4
1253	7
1254	6
1255	12
1256	9
1257	4
1258	3
1259	6
1260	4
1261	6
1262	2
1263	4
1264	2
1265	6
1266	3
1267	4
1268	8
1269	3
1270	3
1271	5
1272	3
1273	3
1274	4
1275	2
1276	6
1277	4
1278	4
1279	4
1280	12
1281	5
1282	2
1283	3
1284	5
1285	2
1286	3
1287	1
1288	3
1289	6
1290	7
1291	6
1292	5
1293	5
1294	3
1295	2
1296	6
1297	8
1298	5
1299	3
1300	1
1301	5
1302	5
1303	1
1304	3
1305	6
1306	3
1307	4
1308	5
1309	5
1310	4
1311	2
1312	1
1313	4
1314	2
1315	2
1316	3
1317	6
1318	5
1319	4
1320	3
1321	6
1322	4
1323	5
1324	4
1325	2
1326	4
1327	4
1328	5
1329	2
1330	9
1331	4
1332	6
1333	11
1334	3
1335	1
1336	5
1337	5
1338	4
1339	7
1340	4
1341	1
1342	4
1343	4
1344	7
1345	4
1346	6
1347	4
1348	6
1349	3
1350	3
1351	4
1352	3
1353	8
1354	9
1355	6
1356	3
1357	4
1358	6
1359	5
1360	3
1361	4
1362	3
1363	5
1364	4
1365	7
1366	8
1367	3
1368	8
1369	3
1370	5
1371	5
1372	5
1373	3
1374	3
1375	7
1376	6
1377	4
1378	3
1379	4
1380	1
1381	4
1383	5
1384	2
1385	6
1386	2
1387	8
1388	5
1389	5
1390	3
1391	5
1392	3
1393	6
1394	8
1395	5
1396	5
1397	2
1398	7
1399	4
1400	6
1401	4
1402	5
1403	1
1404	6
1405	1
1406	2
1407	5
1408	4
1409	2
1410	1
1411	5
1412	6
1413	2
1414	5
1415	2
1416	3
1417	6
1418	4
1419	7
1420	5
1421	3
1422	4
1423	3
1424	5
1425	6
1426	4
1427	11
1428	3
1429	1
1430	6
1431	5
1432	4
1433	9
1434	3
1435	3
1436	5
1437	5
1438	6
1439	2
1440	4
1441	2
1442	10
1443	5
1444	6
1445	8
1446	4
1447	7
1448	2
1449	6
1450	4
1451	6
1452	4
1453	2
1454	2
1455	5
1456	1
1457	4
1458	5
1459	4
1460	4
1461	6
1462	8
1463	3
1464	8
1465	2
1466	2
1467	2
1468	6
1469	4
1470	7
1471	3
1472	2
1473	4
1474	6
1475	1
1476	5
1477	2
1478	3
1479	6
1480	1
1481	6
1482	5
1483	3
1484	3
1485	5
1486	4
1488	6
1489	5
1490	6
1491	8
1492	3
1494	5
1495	5
1496	5
1497	2
1498	5
1499	1
1500	6
1501	3
1502	6
1503	2
1504	6
1505	3
1506	6
1507	5
1508	4
1509	2
1510	1
1511	6
1512	3
1513	7
1514	4
1515	4
1516	2
1517	7
1518	5
1519	7
1520	5
1521	4
1522	6
1523	7
1524	3
1525	5
1526	1
1527	5
1528	8
1529	1
1530	1
1531	2
1532	1
1533	4
1534	5
1535	1
1536	2
1537	3
1538	2
1539	5
1540	2
1541	2
1542	1
1543	4
1544	3
1545	2
1546	2
1547	5
1548	2
1549	2
1550	2
1551	3
1552	6
1553	2
1554	3
1555	8
1556	5
1557	5
1558	6
1559	6
1560	6
1561	2
1562	2
1563	3
1564	9
1565	1
1566	4
1567	2
1568	6
1569	8
1570	4
1571	9
1572	3
1573	2
1574	5
1575	4
1576	5
1577	3
1578	3
1579	4
1580	5
1581	1
1582	3
1583	4
1584	2
1585	4
1586	8
1587	6
1588	4
1590	4
1591	6
1592	2
1593	6
1594	5
1595	7
1596	3
1597	2
1598	6
1599	7
1600	2
1601	6
1602	2
1603	3
1604	5
1605	5
1606	5
1607	4
1608	4
1609	3
1610	5
1611	4
1612	5
1613	1
1614	9
1615	2
1616	2
1617	5
1618	6
1619	4
1620	4
1621	6
1622	2
1623	5
1624	1
1625	8
1626	5
1627	5
1628	1
1629	6
1630	8
1631	7
1632	3
1633	3
1634	4
1635	3
1636	2
1637	3
1638	3
1640	3
1641	3
1642	6
1643	4
1644	1
1645	2
1646	4
1647	5
1648	6
1649	5
1650	2
1651	5
1652	7
1653	5
1654	5
1655	3
1656	7
1657	3
1658	6
1659	3
1660	5
1661	3
1662	7
1663	9
1664	5
1665	2
1666	4
1667	3
1668	5
1669	3
1670	5
1671	4
1672	2
1673	3
1674	6
1675	3
1676	5
1677	3
1678	3
1679	4
1680	6
1681	5
1682	3
1683	2
1684	6
1685	4
1686	4
1687	6
1688	3
1689	5
1690	5
1691	5
1692	3
1693	5
1694	1
1695	4
1696	5
1697	4
1698	5
1699	4
1700	1
1701	3
1702	4
1703	1
1704	5
1705	6
1706	6
1707	2
1708	4
1709	9
1710	4
1711	2
1712	4
1713	1
1714	3
1715	6
1716	2
1717	3
1718	5
1719	6
1720	3
1721	2
1722	6
1723	3
1724	3
1725	5
1726	5
1727	7
1728	7
1729	4
1730	5
1731	4
1732	2
1733	3
1734	2
1735	8
1736	6
1737	5
1738	4
1739	2
1740	4
1741	2
1742	5
1743	4
1744	5
1746	4
1747	6
1748	3
1750	1
1751	6
1752	5
1753	10
1754	3
1755	5
1756	3
1757	3
1758	2
1759	4
1760	3
1761	6
1762	6
1763	3
1764	7
1765	4
1766	4
1767	1
1768	3
1769	1
1770	2
1771	1
1772	2
1773	4
1774	3
1775	4
1776	1
1777	5
1778	5
1779	3
1780	6
1781	2
1782	7
1783	5
1784	3
1785	3
1786	4
1787	8
1788	8
1789	6
1790	3
1791	4
1792	6
1793	2
1794	4
1795	1
1796	3
1797	4
1798	4
1799	5
1800	5
1801	5
1802	3
1803	2
1804	1
1805	6
1806	1
1807	7
1808	1
1809	4
1810	2
1811	3
1812	3
1813	7
1814	2
1815	7
1816	4
1817	3
1818	3
1819	1
1820	3
1821	4
1822	3
1823	2
1824	3
1825	2
1826	4
1827	5
1828	4
1829	4
1830	4
1831	2
1832	2
1833	6
1834	3
1835	1
1836	4
1837	4
1838	5
1839	4
1840	1
1841	2
1842	4
1843	1
1844	1
1845	5
1846	5
1847	5
1848	1
1849	4
1851	4
1852	2
1853	5
1854	6
1855	4
1856	1
1857	6
1858	5
1859	2
1860	4
1861	5
1862	7
1863	2
1864	7
1865	2
1866	3
1867	3
1868	1
1869	4
1870	5
1871	7
1872	3
1873	2
1874	5
1875	4
1876	2
1877	1
1878	1
1879	4
1880	4
1881	5
1882	5
1883	6
1884	4
1885	2
1886	2
1887	3
1888	2
1889	1
1890	3
1891	1
1892	8
1893	3
1894	2
1895	2
1896	5
1897	3
1898	3
1899	5
1900	4
1901	4
1902	3
1903	1
1904	4
1905	5
1906	3
1907	2
1908	4
1909	1
1910	2
1911	2
1912	3
1913	5
1914	5
1915	6
1916	1
1917	3
1918	2
1919	6
1920	2
1921	5
1922	3
1923	4
1924	2
1925	3
1926	1
1927	4
1928	3
1929	5
1930	4
1931	1
1932	1
1933	5
1934	4
1935	1
1936	2
1937	4
1938	1
1939	3
1940	6
1941	2
1942	7
1943	1
1944	4
1945	4
1946	3
1947	6
1948	2
1949	2
1950	3
1952	4
1954	4
1955	3
1956	4
1957	4
1958	4
1959	2
1960	4
1961	2
1962	3
1963	4
1964	5
1965	2
1966	3
1968	4
1969	2
1970	1
1971	1
1972	3
1973	1
1974	5
1975	1
1976	5
1977	1
1978	2
1979	7
1980	3
1982	1
1983	3
1984	1
1985	4
1986	3
1987	4
1988	5
1989	6
1990	4
1991	2
1992	4
1993	5
1994	6
1995	4
1996	3
1997	1
1998	4
1999	4
2000	4
2001	4
2002	3
2003	1
2004	2
2005	6
2006	4
2007	2
2010	7
2011	2
2012	3
2013	2
2014	3
2015	2
2016	1
2017	6
2019	3
2020	2
2021	4
2022	7
2023	3
2024	4
2025	3
2026	4
2027	4
2028	3
2029	1
2030	4
2031	8
2033	2
2034	2
2035	7
2036	3
2037	7
2038	2
2039	6
2040	3
2041	3
2042	4
2043	2
2044	4
2045	2
2046	3
2047	2
2048	5
2049	4
2050	2
2052	3
2053	8
2054	2
2056	1
2057	3
2058	3
2059	2
2060	1
2061	2
2062	4
2063	3
2064	3
2065	3
2066	3
2067	2
2068	1
2069	4
2070	7
2071	4
2072	3
2073	6
2074	4
2075	9
2077	1
2079	6
2080	1
2081	2
2082	1
2083	4
2084	2
2085	4
2086	1
2087	3
2088	3
2089	5
2090	5
2092	2
2093	4
2094	2
2095	3
2096	4
2097	3
2098	3
2099	4
2101	2
2102	3
2103	3
2104	2
2105	2
2106	2
2107	6
2108	2
2109	3
2110	4
2111	4
2112	2
2113	1
2114	2
2115	2
2116	2
2117	3
2118	6
2119	5
2120	5
2121	1
2122	3
2123	5
2124	5
2125	4
2127	7
2128	3
2129	4
2130	2
2131	3
2132	2
2134	7
2135	3
2136	5
2137	4
2138	1
2139	5
2140	1
2141	4
2142	5
2143	5
2144	2
2145	3
2146	4
2147	2
2148	4
2149	6
2150	2
2151	4
2152	1
2153	4
2154	3
2155	5
2156	2
2157	6
2159	3
2160	2
2161	5
2162	3
2163	5
2165	2
2166	5
2167	2
2168	4
2169	5
2170	4
2171	4
2172	3
2173	3
2174	4
2176	2
2177	7
2178	2
2179	2
2180	3
2181	4
2182	3
2183	6
2184	5
2185	3
2186	3
2187	4
2188	8
2189	5
2190	4
2191	4
2192	4
2193	4
2194	2
2195	3
2196	3
2198	9
2199	5
2200	4
2201	3
2202	4
2203	3
2204	1
2205	3
2206	1
2207	4
2208	3
2209	1
2210	1
2211	2
2212	2
2213	5
2214	3
2215	8
2216	5
2217	2
2218	5
2219	6
2220	1
2221	3
2222	1
2223	3
2224	2
2225	5
2226	5
2227	1
2228	3
2229	1
2231	1
2232	7
2233	4
2234	2
2235	2
2236	3
2237	3
2238	2
2239	4
2240	4
2241	3
2242	2
2243	1
2244	1
2245	4
2246	1
2247	3
2248	1
2249	3
2250	5
2251	2
2252	2
2253	2
2254	3
2255	2
2256	3
2257	4
2258	3
2259	5
2260	5
2261	4
2262	3
2263	3
2264	2
2265	4
2266	3
2267	4
2268	5
2269	1
2270	1
2271	3
2272	2
2273	4
2274	5
2275	2
2276	8
2277	2
2278	3
2279	1
2280	1
2282	3
2284	3
2285	2
2286	2
2287	3
2288	7
2289	3
2290	1
2291	1
2292	3
2293	1
2294	1
2295	3
2296	2
2297	1
2298	7
2299	5
2300	4
2301	6
2302	5
2303	3
2304	1
2305	3
2306	2
2307	4
2308	6
2309	4
2311	2
2312	4
2313	3
2314	2
2315	3
2316	2
2317	1
2318	1
2319	2
2320	4
2321	6
2322	3
2324	1
2325	2
2326	4
2327	3
2328	2
2329	2
2330	6
2331	1
2332	2
2333	2
2334	3
2335	1
2336	3
2337	4
2338	3
2339	5
2340	4
2341	2
2342	4
2343	1
2344	3
2345	1
2346	1
2347	3
2348	1
2349	3
2350	1
2351	2
2352	5
2353	2
2354	5
2355	4
2356	4
2357	2
2358	1
2360	1
2361	3
2362	3
2363	6
2364	2
2365	5
2366	1
2367	2
2368	4
2369	1
2370	1
2371	2
2372	1
2374	3
2375	2
2376	4
2377	4
2378	6
2379	1
2380	2
2381	4
2382	6
2383	4
2384	3
2385	6
2386	7
2387	5
2388	3
2389	2
2390	4
2391	5
2392	5
2393	5
2394	2
2395	3
2397	4
2398	3
2399	3
2401	3
2402	4
2403	2
2404	2
2405	4
2406	2
2407	1
2408	3
2409	2
2410	3
2411	1
2412	4
2413	2
2414	10
2415	1
2416	3
2417	5
2418	2
2419	2
2420	4
2421	2
2422	2
2423	2
2424	5
2425	3
2426	1
2427	3
2428	2
2429	1
2430	3
2431	3
2432	3
2434	2
2435	2
2436	3
2437	5
2438	2
2439	5
2440	2
2441	4
2443	4
2444	5
2445	3
2446	5
2447	1
2448	3
2449	5
2451	2
2452	4
2454	3
2455	4
2456	4
2457	2
2458	3
2459	1
2460	4
2461	1
2462	4
2463	4
2464	2
2465	3
2467	3
2468	3
2469	5
2470	3
2471	1
2472	2
2474	3
2475	4
2476	3
2477	1
2478	5
2479	1
2480	1
2481	3
2482	2
2483	2
2484	3
2485	3
2486	1
2487	2
2488	3
2489	2
2490	1
2491	1
2492	3
2493	4
2494	2
2495	2
2496	3
2497	4
2498	4
2499	2
2500	2
2501	4
2502	1
2503	1
2504	3
2505	3
2506	1
2507	2
2508	1
2509	1
2510	3
2511	3
2512	4
2513	3
2514	6
2515	1
2516	2
2517	1
2518	2
2519	5
2520	3
2521	2
2522	1
2523	4
2524	1
2525	5
2526	6
2527	1
2528	9
2529	4
2530	3
2531	1
2532	1
2533	3
2534	4
2535	1
2536	4
2537	2
2538	4
2539	3
2540	1
2541	2
2542	5
2543	3
2544	3
2545	2
2546	4
2547	4
2548	2
2549	1
2550	2
2551	2
2552	1
2553	4
2554	2
2555	2
2556	4
2557	2
2558	2
2559	4
2560	1
2561	2
2562	1
2563	2
2564	2
2565	2
2566	2
2567	1
2568	4
2569	4
2570	2
2571	3
2572	5
2573	6
2574	4
2575	3
2576	1
2578	5
2579	2
2581	5
2582	1
2583	4
2584	1
2585	1
2586	1
2587	2
2588	3
2589	1
2590	3
2591	1
2593	2
2594	1
2595	3
2596	3
2597	2
2598	1
2599	2
2600	2
2601	2
2602	3
2603	2
2604	2
2605	5
2606	4
10798	1
2608	3
2609	1
2610	3
2611	4
2612	6
2613	3
2614	2
2615	2
2616	3
2617	2
2618	4
2619	6
2620	3
2621	5
2622	2
2625	3
2626	4
2627	1
2628	1
2629	2
2630	5
2631	1
2632	7
2633	4
2634	4
2635	1
2636	4
2637	2
2638	1
2639	3
2640	3
2641	2
2642	2
2643	2
2644	2
2645	6
2646	2
2647	1
2648	1
2649	1
2650	3
2651	3
2652	5
2653	3
2654	2
2655	1
2657	1
2658	1
2659	1
2660	2
2661	1
2662	2
2663	1
2664	2
2665	3
2666	3
2667	1
2668	1
2669	2
2670	4
2671	2
2672	1
2673	2
2674	2
2675	1
2676	3
2677	1
2678	2
2679	3
2681	3
2682	4
2683	3
2684	1
2685	3
2686	1
2687	4
2689	1
2690	2
2692	4
2693	1
2694	2
2695	1
2696	6
2697	2
2698	2
2700	4
2701	3
2702	1
2704	1
2705	4
2706	1
2707	2
2708	3
2709	4
2710	6
2711	1
2712	4
2713	1
2714	3
2715	1
2716	1
2717	1
2718	5
2719	1
2720	4
2723	2
2724	3
2725	5
2726	3
2727	5
2728	3
2730	2
2731	2
2732	3
2733	4
2734	3
2735	2
2736	4
2737	3
2738	2
2739	3
2740	4
2741	2
2742	5
2744	1
2745	1
2746	1
2747	1
2748	2
2749	3
2750	1
2751	6
2753	2
2755	4
2756	2
2758	4
2759	4
2760	2
2761	5
2762	2
2763	3
2764	2
2765	1
2766	2
2768	3
2769	3
2770	4
2771	1
2772	4
2773	1
2774	1
2775	2
2776	3
2778	2
2779	1
2780	2
2781	4
2782	5
2783	2
2784	1
2785	2
2787	1
2788	2
2789	1
2790	1
2791	1
2794	2
2795	2
2796	2
2797	4
2798	2
2799	5
2800	2
2801	2
2802	3
2803	2
2804	2
2805	2
2806	2
2807	2
2809	1
2810	3
2811	2
2812	2
2813	3
2814	2
2815	1
2816	4
2817	1
2818	2
2819	3
2820	4
2821	4
2822	3
2823	1
2825	2
2826	4
2827	3
2828	1
2829	1
2830	4
2831	2
2832	5
2833	5
2834	1
2835	3
2836	1
2837	1
2838	3
2839	2
2840	2
2842	3
2843	1
2844	3
2845	1
2846	4
2847	1
2848	1
2849	1
2850	2
2854	4
2855	2
2856	3
2857	5
2858	2
2859	2
2860	3
2861	5
2862	2
2863	1
2864	2
2865	1
2866	2
2867	4
2868	2
2869	2
2871	6
2872	3
2873	2
2874	4
2875	2
2876	3
2877	3
2878	2
2879	2
2880	1
2881	2
2882	3
2883	2
2884	2
2885	2
2887	1
2888	4
2889	2
2890	6
2891	2
2892	2
2893	2
2894	1
2895	2
2896	3
2897	1
2898	2
2899	2
2900	5
2901	2
2902	1
2903	1
2904	2
2905	2
2906	2
2907	1
2908	3
2909	4
2910	1
2911	3
2912	3
2913	1
2914	2
2915	6
2916	4
2917	4
2918	2
2919	1
2920	3
2921	3
2922	1
2923	1
2924	3
2925	4
2926	1
2927	2
2928	5
2929	1
2930	4
2931	2
2934	6
2935	4
2936	4
2937	4
2938	2
2939	1
2940	4
2941	1
2942	6
2943	2
2944	3
2945	1
2946	3
2948	1
2949	1
2952	3
2953	2
2955	1
2956	2
2960	1
2961	1
2962	4
2963	1
2964	2
2966	3
2967	5
2968	1
2969	1
2971	3
2972	2
2973	2
2974	2
2975	4
2977	3
2978	2
2979	2
2981	6
2982	2
2983	6
2984	1
2986	4
2987	3
2988	1
2989	3
2990	3
2991	3
2992	1
2993	4
2995	3
2996	3
2997	2
2998	2
2999	1
3000	3
3001	3
3003	5
3004	4
3005	1
3006	1
3007	2
3008	1
3010	3
3011	2
3012	3
3013	2
3015	3
3016	5
3017	1
3018	3
3020	2
3021	3
3022	1
3023	1
3024	5
3025	2
3026	2
3027	1
3028	1
3029	2
3030	1
3031	1
3032	4
3033	5
3034	2
3035	2
3037	2
3039	4
3040	2
3042	4
3043	3
3044	2
3045	1
3046	1
3047	2
3048	3
3049	1
3050	5
3051	3
3052	3
3054	3
3056	3
3057	2
3058	3
3059	6
3061	2
3062	3
3063	2
3064	1
3065	3
3066	5
3067	2
3069	4
3070	1
3072	2
3073	1
3074	3
3076	2
3077	3
3078	3
3079	1
3080	2
3081	3
3082	2
3083	2
3084	2
3085	3
3087	4
3088	2
3089	2
3090	3
3091	4
3092	1
3093	1
3095	2
3096	3
3097	2
3098	1
3099	2
3100	2
3101	2
3102	3
3103	2
3104	2
3105	1
3106	1
3107	4
3108	2
3109	1
3110	2
3111	3
3112	2
3113	2
3115	2
3116	1
3117	4
3118	2
3119	1
3120	1
3121	3
3122	1
3124	2
3125	1
3126	2
3128	2
3129	1
3130	3
3131	2
3132	2
3133	2
3134	3
3135	3
3136	2
3137	4
3138	2
3139	1
3140	5
3141	1
3142	2
3143	4
3144	3
3145	3
3146	2
3149	2
3150	2
3151	2
3152	4
3153	2
3154	3
3155	1
3156	5
3157	1
3158	5
3159	1
3160	2
3161	3
3163	4
3164	2
3165	5
3166	3
3167	2
3168	3
3169	1
3170	3
3171	3
3172	2
3173	5
3176	2
3177	1
3178	2
3179	3
3180	1
3181	4
3182	4
3183	3
3185	2
3186	4
3187	3
3188	2
3189	4
3190	1
3192	4
3193	1
3194	2
3195	1
3196	4
3197	4
3198	3
3199	6
3200	1
3201	1
3202	1
3203	4
3205	1
3206	1
3207	1
3208	1
3209	1
3210	1
3212	3
3213	4
3217	5
3218	1
3219	1
3220	4
3221	2
3222	1
3223	2
3225	2
3226	4
3227	1
3228	1
3229	2
3230	3
3231	6
3232	1
3233	2
3235	1
3237	3
3238	3
3239	4
3240	1
3242	4
3243	1
3244	2
3245	1
3246	1
3247	1
3248	2
3249	2
3250	2
3251	1
3252	1
3253	3
3254	3
3255	1
3256	3
3257	1
3258	2
3259	2
3260	2
3261	1
3262	4
3263	2
3265	2
3266	2
3267	1
3268	1
3269	2
3270	2
3271	1
3272	1
3273	2
3274	2
3276	2
3277	5
3279	2
3280	1
3282	3
3284	1
3285	3
3286	1
3287	4
3289	2
3290	1
3292	2
3293	1
3294	2
3295	1
3296	2
3297	2
3298	1
3299	4
3300	2
3301	2
3303	2
3304	1
3305	4
3306	2
3307	3
3308	1
3309	2
3310	4
3312	1
3313	4
3314	4
3315	2
3316	2
3317	2
3318	2
3319	2
3321	2
3322	2
3323	2
3324	2
3326	1
3327	4
3328	2
3329	3
3330	1
3331	1
3332	1
3335	1
3336	3
3338	2
3339	1
3342	2
3344	1
3345	2
3346	5
3347	1
3348	3
3349	2
3351	2
3352	2
3353	5
3354	4
3355	1
3357	3
3358	3
3360	4
3362	1
3363	1
3365	1
3367	4
3368	2
3369	3
3370	1
3371	3
3372	1
3373	5
3374	1
3375	1
3376	4
3377	2
3379	3
3380	2
3381	2
3382	4
3383	1
3384	1
3385	1
3386	2
3387	3
3388	1
3391	5
3392	2
3393	2
3395	2
3397	1
3398	2
3399	2
3401	2
3402	2
3403	2
3405	1
3406	1
3407	1
3408	3
3410	1
3411	1
3412	1
3413	1
3414	1
3415	2
3416	1
3417	1
3418	2
3419	1
3420	1
3421	2
3422	2
3424	4
3425	1
3426	1
3427	3
3428	4
3429	1
3430	3
3433	2
3434	1
3435	2
3436	3
3439	2
3440	1
3442	1
3443	3
3444	4
3446	2
3447	1
3448	2
3449	2
3450	2
3451	1
3452	5
3453	6
3454	4
3455	1
3456	1
3457	2
3458	1
3459	1
3460	2
3461	3
3462	2
3463	1
3464	1
3465	3
3466	3
3467	2
3469	3
3471	2
3472	1
3473	1
3474	2
3475	1
3477	1
3480	2
3482	4
3483	1
3484	5
3485	2
3486	4
3487	2
3488	2
3490	1
3491	1
3492	1
3493	1
3494	3
3495	6
3496	3
3497	1
3498	1
3499	2
3500	3
3501	2
3502	2
3504	2
3506	2
3507	1
3508	3
3509	3
3510	3
3511	1
3514	5
3515	1
3516	2
3517	1
3518	1
3519	1
3520	5
3521	1
3522	1
3523	3
3524	2
3525	2
3526	3
3529	3
3530	2
3531	1
3534	1
3535	2
3536	2
3537	1
3538	2
3539	1
3540	1
3541	3
3542	4
3546	2
3547	1
3548	1
3549	3
3550	1
3551	4
3552	2
3554	1
3557	2
3558	3
3559	1
3560	1
3561	2
3562	2
3564	2
3565	1
3566	2
3567	2
3569	3
3572	3
3573	1
3575	1
3576	1
3577	1
3578	2
3579	2
3582	1
3584	1
3585	2
3586	3
3587	2
3589	3
3590	3
3591	3
3592	1
3594	1
3595	1
3597	2
3598	1
3599	2
3600	4
3603	1
3604	1
3605	1
3606	1
3607	2
3608	4
3609	1
3610	1
3611	2
3612	1
3613	4
3614	2
3615	1
3618	2
3619	1
3620	3
3621	1
3622	1
3623	1
3624	4
3625	1
3626	1
3627	1
3628	2
3629	1
3630	3
3631	1
3634	1
3635	1
3636	2
3637	3
3638	4
3639	1
3640	4
3643	1
3644	1
3645	1
3646	1
3648	1
3652	3
3653	3
3654	1
3655	1
3656	1
3657	2
3658	3
3662	2
3663	2
3665	2
3666	2
3667	2
3668	1
3669	1
3670	7
3671	3
3672	4
3675	2
3677	2
3678	2
3679	1
3680	3
3681	1
3682	3
3684	1
3686	2
3687	2
3691	1
3692	1
3694	2
3696	3
3697	3
3700	1
3702	1
3703	2
3704	2
3707	2
3708	1
3709	1
3711	1
3712	3
3713	1
3714	1
3715	1
3717	2
3718	2
3720	3
3723	2
3724	1
3726	1
3727	1
3728	1
3729	1
3730	1
3732	1
3733	1
3735	2
3736	2
3737	1
3738	1
3739	1
3740	2
3741	2
3743	1
3745	1
3747	4
3748	2
3749	2
3750	1
3751	1
3752	2
3754	2
3756	3
3759	1
3760	1
3762	3
3763	1
3764	1
3765	1
3767	1
3768	4
3770	2
3771	1
3773	2
3775	2
3776	1
3777	2
3778	2
3779	2
3780	2
3781	1
3782	2
3783	1
3784	1
3785	2
3786	3
3787	2
3788	1
3789	2
3790	1
3793	3
3794	3
3796	1
3797	1
3798	2
3799	2
3800	1
3801	3
3804	1
3805	2
3807	3
3808	1
3809	1
3811	1
3813	2
3815	2
3816	1
3817	1
3819	1
3821	3
3823	3
3824	1
3825	3
3826	1
3827	1
3828	2
3829	2
3830	2
3832	1
3833	1
3834	1
3835	1
3836	1
3837	6
3838	3
3839	1
3840	1
3841	2
3844	2
3845	1
3849	2
3850	2
3851	1
3853	4
3854	1
3856	1
3857	2
3859	2
3860	1
3861	3
3862	2
3863	1
3864	2
3866	1
3867	5
3868	2
3869	3
3872	1
3876	2
3877	2
3879	3
3880	4
3881	1
3882	1
3883	1
3886	2
3887	1
3888	1
3889	2
3890	1
3892	1
3893	3
3894	2
3895	1
3896	1
3897	2
3899	3
3900	2
3901	3
3902	2
3903	1
3904	3
3906	4
3908	1
3909	1
3910	3
3911	1
3912	1
3913	2
3915	2
3916	3
3917	1
3918	2
3919	2
3920	1
3921	1
3923	2
3924	2
3925	3
3926	3
3927	1
3928	2
3929	1
3931	2
3932	3
3933	1
3936	1
3937	3
3939	3
3941	2
3942	1
3943	3
3944	1
3945	1
3948	1
3949	5
3950	1
3951	1
3952	4
3954	1
3955	1
3956	2
3959	1
3960	2
3961	1
3962	1
3963	1
3964	2
3966	1
3967	2
3969	2
3970	3
3972	2
3973	3
3975	3
3977	1
3980	1
3981	1
3982	2
3983	1
3987	1
3990	1
3991	1
3992	2
3995	3
3997	2
3999	2
4000	1
4001	1
4003	3
4005	2
4007	1
4010	2
4011	2
4012	2
4014	1
4018	6
4019	2
4020	1
4022	2
4023	1
4024	4
4025	1
4026	1
4027	3
4028	1
4029	1
4033	1
4034	1
4035	1
4040	1
4042	2
4043	1
4044	2
4045	1
4047	1
4048	1
4049	1
4051	3
4052	1
4053	2
4055	1
4056	2
4057	1
4058	2
4059	4
4062	1
4063	1
4064	1
4066	1
4068	2
4069	1
4070	1
4071	2
4072	2
4074	1
4075	1
4076	1
4077	1
4078	2
4080	3
4084	2
4086	1
4087	1
4088	1
4091	1
4092	1
4095	1
4096	2
4097	2
4098	2
4099	2
4100	1
4101	1
4104	4
4106	1
4107	1
4108	1
4109	3
4110	1
4111	2
4112	1
4113	2
4116	1
4117	2
4118	2
4119	2
4120	4
4122	1
4123	1
4126	1
4129	1
4130	1
4132	1
4133	1
4134	1
4137	2
4140	2
4142	2
4143	5
4144	1
4145	2
4147	1
4149	1
4150	3
4151	1
4152	3
4154	1
4155	2
4156	1
4157	1
4158	1
4159	2
4161	1
4162	1
4163	1
4165	1
4166	1
4167	1
4168	1
4169	1
4170	1
4172	1
4173	1
4175	1
4176	1
4177	2
4181	1
4183	1
4184	1
4189	1
4191	1
4192	1
4193	1
4195	3
4196	3
4198	1
4202	2
4203	2
4204	4
4205	1
4206	2
4208	3
4211	1
4212	2
4213	1
4219	1
4220	2
4223	2
4226	1
4228	2
4233	1
4235	1
4236	1
4238	2
4242	3
4243	1
4244	3
4246	1
4247	1
4249	1
4254	1
4255	2
4262	2
4263	1
4264	1
4265	1
4266	1
4267	1
4268	3
4270	1
4271	1
4274	1
4275	1
4277	1
4279	1
4280	3
4282	1
4283	1
4285	1
4287	2
4288	1
4289	2
4290	2
4293	4
4294	2
4295	1
4301	2
4302	1
4305	3
4306	1
4307	1
4309	1
4310	1
4312	1
4313	1
4316	1
4320	1
4321	1
4323	1
4324	1
4327	1
4334	1
4335	2
4342	1
4343	2
4345	1
4348	2
4349	1
4350	1
4351	2
4352	1
4353	2
4354	1
4361	1
4362	1
4364	1
4367	1
4370	1
4372	1
4374	1
4376	2
4377	2
4378	1
4380	1
4384	2
4385	2
4389	1
4390	1
4391	1
4392	1
4393	1
4396	2
4397	1
4405	1
4407	1
4410	1
4412	1
4414	1
4416	1
4417	1
4420	1
4425	1
4426	1
4430	1
4431	3
4432	2
4434	1
4436	1
4441	3
4444	2
4445	1
4446	1
4450	2
4455	3
4458	2
4459	1
4460	2
4461	1
4462	2
4463	1
4465	1
4468	2
4469	1
4470	1
4471	1
4472	1
4474	1
4476	1
4477	1
4479	1
4480	2
4482	1
4484	1
4485	1
4487	2
4490	1
4491	1
4494	1
4496	2
4497	1
4498	2
4499	3
4500	1
4504	1
4505	2
4506	1
4509	1
4511	1
4513	2
4517	2
4518	2
4528	1
4529	1
4530	1
4531	1
4532	1
4534	1
4535	1
4536	1
4538	1
4539	1
4541	2
4543	1
4548	1
4550	1
4551	1
4554	1
4556	1
4557	1
4561	1
4564	1
4568	1
4569	1
4570	1
4574	1
4575	1
4578	1
4580	2
4581	1
4586	2
4591	1
4593	3
4594	1
4597	3
4599	1
4601	1
4603	1
4604	1
4606	1
4610	2
4612	1
4613	1
4615	1
4616	2
4619	1
4621	1
4622	1
4631	1
4632	1
4636	2
4640	1
4641	1
4642	1
4643	2
4645	2
4649	1
4652	1
4655	1
4658	1
4659	2
4660	2
4663	3
4664	1
4665	1
4667	1
4669	1
4670	1
4673	2
4676	2
4677	2
4679	1
4683	1
4689	1
4693	1
4694	1
4701	1
4703	2
4704	1
4705	2
4706	2
4708	2
4710	2
4711	1
4713	1
4717	1
4718	2
4719	1
4722	1
4723	1
4725	1
4727	4
4729	1
4731	1
4732	1
4733	1
4735	1
4741	1
4743	1
4745	1
4746	1
4747	1
4748	1
4752	1
4753	1
4758	1
4760	1
4763	1
4766	1
4770	1
4779	1
4780	2
4781	1
4783	1
4785	1
4792	2
4794	1
4799	3
4800	1
4803	1
4808	1
4809	1
4814	1
4815	1
4817	1
4820	1
4822	1
4823	3
4825	1
4827	2
4828	1
4830	3
4832	1
4836	3
4837	1
4842	1
4843	2
4848	1
4849	2
4850	1
4853	1
4855	1
4857	1
4860	1
4861	2
4863	1
4864	1
4867	2
4868	1
4872	2
4875	1
4881	2
4882	1
4886	1
4888	1
4889	1
4890	1
4898	2
4901	2
4905	1
4906	1
4907	1
4908	1
4911	1
4913	1
4921	1
4922	1
4923	1
4924	2
4927	1
4929	1
4931	1
4932	2
4937	2
4940	1
4941	1
4944	1
4945	1
4948	1
4949	1
4951	1
4953	2
4956	2
4957	1
4959	1
4961	1
4963	1
4969	1
4970	1
4972	1
4974	1
4977	1
4983	1
4984	2
4986	1
4990	1
4993	2
4995	1
4998	1
5001	1
5002	1
5008	1
5009	1
5016	2
5030	1
5031	1
5033	1
5039	1
5042	1
5043	1
5049	1
5051	1
5055	1
5057	2
5058	1
5059	1
5062	1
5063	1
5065	2
5073	1
5079	2
5083	1
5084	1
5087	1
5088	1
5093	1
5096	4
5100	1
5102	1
5103	1
5111	3
5120	1
5123	3
5126	1
5130	1
5137	1
5146	1
5147	2
5149	1
5153	1
5154	1
5161	1
5166	1
5178	1
5180	1
5183	1
5187	1
5188	1
5190	1
5197	1
5198	2
5204	1
5206	1
5216	1
5224	1
5228	1
5231	1
5251	1
5252	1
5256	1
5258	1
5263	1
5265	1
5266	1
5271	1
5274	1
5279	1
5280	1
5282	1
5283	1
5298	1
5299	1
5301	1
5302	1
5304	1
5306	2
5307	1
5308	1
5309	1
5314	1
5319	2
5321	1
5322	1
5325	1
5329	1
5330	1
5336	1
5337	1
5338	1
5347	1
5352	1
5354	2
5363	1
5365	1
5370	1
5373	1
5375	1
5380	1
5387	1
5392	1
5393	1
5394	2
5400	1
5406	1
5410	1
5412	2
5416	1
5419	1
5425	1
5426	1
5429	1
5431	1
5432	1
5436	1
5443	1
5455	1
5468	1
5474	1
5479	1
5482	1
5483	1
5484	1
5494	1
5501	2
5505	1
5519	2
5530	1
5531	2
5538	1
5541	1
5553	1
5556	1
5559	1
5561	1
5571	1
5581	1
5585	1
5587	1
5590	3
5592	1
5599	1
5612	1
5613	1
5620	1
5625	2
5632	1
5633	2
5646	2
5660	2
5665	1
5667	1
5670	1
5672	1
5673	1
5684	1
5689	1
5699	1
5701	1
5718	1
5721	1
5724	1
5731	1
5733	1
5734	1
5747	1
5750	1
5751	1
5755	1
5758	1
5767	1
5774	1
5779	1
5781	1
5790	1
5795	1
5799	1
5826	1
5842	1
5843	1
5865	1
5874	1
5876	2
5887	2
5891	1
5893	1
5901	1
5909	2
5937	1
5944	1
5964	1
5972	1
5975	1
5982	1
5995	1
6006	1
6024	1
6025	1
6029	1
6036	1
6037	1
6043	1
6092	1
6095	1
6109	1
6110	1
6116	1
6148	1
6156	1
6182	1
6185	1
6186	2
6188	1
6190	1
6194	1
6199	1
6200	1
6228	1
6246	1
6255	1
6264	1
6270	1
6301	1
6327	1
6353	1
6376	2
6379	1
6408	1
6416	1
6418	1
6421	1
6424	1
6436	1
6443	1
6445	1
6447	1
6463	1
6465	1
6466	1
6502	1
6515	1
6535	1
6539	1
6557	1
6631	1
6652	1
6666	1
6681	1
6702	1
6736	1
6905	1
6912	1
6930	1
7002	1
7129	1
7152	1
7170	1
7221	1
7224	1
7262	1
7562	1
7872	1
7874	1
