1	708
2	401
3	271
4	212
5	201
6	199
7	159
8	122
9	122
10	140
11	113
12	118
13	104
14	87
15	93
16	100
17	92
18	79
4114	1
19	80
20	86
21	69
22	85
23	65
24	66
25	81
26	57
27	80
28	78
29	91
30	64
31	76
32	70
33	63
34	54
35	75
36	59
37	63
38	61
39	52
40	61
41	48
42	45
43	55
44	47
45	47
46	55
47	45
48	41
49	39
50	54
51	49
52	50
53	54
54	45
55	49
56	47
57	54
58	48
59	47
60	46
61	54
62	43
63	39
64	40
65	46
66	38
67	36
68	43
69	44
70	43
71	42
72	35
73	40
74	41
75	34
76	36
77	36
78	49
79	43
80	41
81	29
82	39
83	39
84	44
85	32
86	43
87	30
88	52
89	47
90	25
91	47
4187	1
92	41
93	29
94	28
95	34
96	20
97	30
98	25
99	45
4195	1
100	31
101	26
102	35
103	30
104	25
105	32
106	33
107	31
108	16
109	32
110	26
111	28
112	30
113	26
114	29
115	31
116	27
117	24
118	28
119	24
120	25
121	33
122	25
123	27
124	22
125	29
126	30
127	26
128	32
129	22
130	21
131	25
132	25
133	25
134	29
135	27
136	22
137	20
138	21
139	17
140	18
141	29
142	30
143	32
144	25
145	11
146	27
147	22
148	26
149	26
150	31
151	23
152	23
153	13
154	20
155	32
156	32
157	22
158	22
159	14
160	11
161	14
162	27
163	16
164	29
165	20
166	21
167	20
168	25
169	19
170	27
171	19
172	25
173	23
174	16
175	27
176	30
177	17
178	18
179	24
180	13
181	17
182	22
183	24
184	20
185	23
186	16
187	13
188	19
189	26
190	23
191	25
192	20
193	23
194	15
195	24
196	18
197	17
198	24
199	24
200	20
201	20
202	14
203	17
204	20
205	15
206	14
207	20
208	16
209	10
210	30
211	17
212	21
213	23
214	17
215	22
216	15
217	21
218	21
219	17
220	18
221	20
222	12
223	19
224	20
225	23
226	19
227	11
228	20
229	16
230	19
231	13
232	13
233	23
234	13
235	15
236	21
237	14
238	23
239	19
240	13
241	13
242	22
243	16
244	15
245	12
246	7
247	17
248	17
249	15
250	16
251	17
252	8
253	18
254	18
255	16
256	18
257	15
258	23
259	14
260	18
261	20
262	19
263	20
264	16
265	22
266	19
267	21
268	13
269	16
270	15
271	21
272	11
273	9
274	11
275	18
276	24
277	15
278	15
279	16
280	16
281	14
282	16
283	24
284	14
285	15
286	12
287	19
288	20
289	14
290	13
291	16
292	14
293	10
294	12
295	14
296	18
297	12
298	13
299	10
300	16
301	18
302	11
303	15
304	19
305	12
306	19
307	15
308	11
309	12
310	20
311	9
312	12
313	14
314	15
315	14
316	11
317	13
318	7
319	12
320	13
321	19
322	16
323	21
324	15
325	11
326	13
327	13
328	15
329	14
330	15
331	13
4428	1
332	18
333	16
334	13
335	16
336	13
337	15
338	10
339	10
340	11
341	16
342	13
343	14
344	18
345	10
346	16
347	11
348	16
349	10
350	10
351	10
352	13
353	11
354	8
355	13
356	10
357	14
358	19
359	8
360	13
361	15
362	9
363	12
364	9
365	13
366	14
367	15
368	14
369	10
370	9
371	14
372	9
373	8
374	11
375	18
376	18
377	17
378	9
379	16
380	16
381	10
382	12
383	10
384	10
385	10
386	11
387	14
388	10
389	18
390	15
391	16
392	9
393	14
394	21
395	7
396	13
397	10
398	4
399	15
400	14
401	16
402	6
403	12
404	16
405	10
406	17
407	9
408	14
409	10
410	11
411	10
412	7
413	12
414	14
415	14
416	16
417	10
418	7
419	4
420	9
421	12
422	5
423	9
424	9
425	10
426	11
427	14
428	12
429	15
430	14
431	6
432	13
433	12
434	8
435	13
436	10
437	14
438	7
439	8
440	7
441	7
442	11
443	12
444	10
445	10
446	11
447	15
448	8
449	12
450	8
451	10
452	11
453	7
454	13
455	8
456	11
457	11
458	14
459	12
460	7
461	15
462	9
463	8
464	8
465	13
4561	1
466	11
467	13
468	16
469	13
470	14
471	15
472	14
473	14
474	14
475	11
476	7
477	12
478	11
479	9
480	13
481	9
482	6
483	4
484	9
485	11
486	9
487	13
488	18
489	11
490	6
491	8
492	11
493	4
494	4
495	9
496	9
497	15
4593	1
498	9
499	9
500	8
501	7
502	9
503	4
504	7
505	5
506	11
507	8
508	11
509	6
510	10
511	14
512	10
513	9
514	10
515	8
516	3
517	9
518	8
519	10
520	5
521	10
522	8
523	13
524	13
525	2
526	11
527	14
528	7
529	9
530	9
531	11
532	11
533	2
534	12
535	4
536	11
537	11
538	6
539	11
540	8
541	11
542	8
543	11
544	7
545	6
546	8
547	12
548	6
549	6
550	10
551	4
552	9
553	11
554	15
555	7
556	11
557	16
558	10
559	6
560	3
561	11
562	7
563	6
564	13
565	10
566	11
567	13
568	11
569	8
570	10
571	7
572	11
573	10
574	8
575	7
576	8
577	11
578	15
579	6
580	5
581	12
582	8
583	11
584	7
585	10
586	15
587	9
588	9
589	5
590	9
591	6
592	8
593	4
594	9
595	8
596	9
597	12
598	12
599	7
600	4
601	5
602	8
603	12
604	11
605	12
606	8
607	9
608	8
609	12
610	6
611	6
612	7
613	12
614	8
615	12
616	7
617	10
618	11
619	4
620	7
621	9
622	8
623	8
624	8
625	8
626	7
627	12
628	4
629	5
630	7
631	10
632	8
633	9
634	8
635	7
636	9
637	10
638	11
639	5
640	9
641	4
642	9
643	8
644	10
645	13
646	4
647	5
648	7
649	8
650	10
651	5
652	6
653	7
654	2
655	3
656	7
657	7
658	6
659	5
660	6
661	9
662	11
663	5
664	6
665	7
666	9
667	10
668	7
669	5
670	8
671	7
672	8
673	8
674	8
675	12
676	8
677	5
678	12
679	9
680	4
681	7
682	8
683	7
684	3
685	5
686	7
687	7
688	10
689	7
690	7
691	8
692	8
693	4
694	8
695	6
696	6
697	9
698	7
699	7
700	3
701	4
4797	1
702	7
703	5
704	13
705	6
706	12
707	6
708	3
709	8
710	7
711	8
712	9
713	7
714	9
715	15
716	6
717	12
718	4
719	7
720	8
721	6
722	8
723	10
724	7
725	6
726	5
727	8
728	3
729	7
730	11
731	4
732	4
733	11
734	11
735	7
736	8
737	6
738	6
739	4
740	5
741	8
742	7
743	7
744	4
745	7
746	8
747	7
748	5
749	9
750	11
751	3
752	5
753	8
754	8
755	4
756	6
757	7
758	6
759	8
760	5
761	8
762	4
763	11
764	6
765	8
766	2
767	4
768	8
769	7
770	5
771	13
772	12
773	10
774	3
775	8
776	5
777	6
778	3
779	8
780	4
781	11
782	5
783	2
784	4
785	8
786	3
787	3
788	9
789	8
790	5
791	4
792	10
793	6
794	6
795	3
796	9
797	8
798	7
799	6
800	8
801	7
802	8
803	8
804	4
805	6
806	2
807	4
808	6
809	7
810	10
811	7
812	11
813	10
814	7
815	3
816	6
817	6
818	9
819	8
820	5
821	6
822	10
823	3
824	6
825	5
826	8
827	10
828	2
829	3
830	5
831	7
832	4
833	5
834	2
835	10
836	3
837	8
838	6
839	2
840	9
841	6
842	2
843	4
844	9
845	7
846	6
847	7
848	3
849	6
850	3
851	3
852	8
853	10
854	7
855	8
856	7
857	6
858	5
859	6
860	6
861	14
862	4
863	4
864	4
865	7
866	5
867	5
868	8
869	6
870	6
871	7
872	6
873	3
874	7
875	7
876	5
877	8
878	8
879	6
880	8
881	5
882	4
883	4
884	5
885	5
886	8
887	7
888	5
889	4
890	3
891	4
892	10
893	5
894	7
895	7
896	5
897	4
898	5
899	6
900	12
901	7
902	5
903	4
904	3
905	5
906	3
907	2
908	5
909	3
910	3
911	8
912	5
913	5
914	12
915	11
916	4
917	2
918	9
919	3
920	8
921	3
922	7
923	7
924	10
925	3
926	7
927	7
928	5
929	3
930	4
931	3
932	2
933	9
934	15
935	9
936	5
937	6
938	2
939	4
940	6
941	6
942	9
943	2
944	2
945	5
946	2
947	5
948	7
949	4
950	6
951	2
952	8
953	4
954	4
955	4
956	4
957	7
958	11
959	4
960	11
961	5
962	9
963	4
964	3
965	4
966	3
967	6
968	7
969	7
970	9
971	9
972	6
973	7
974	5
975	7
976	5
977	5
978	5
979	2
980	6
981	7
982	6
983	4
984	4
985	1
986	7
987	4
988	4
989	4
990	2
991	10
992	2
993	7
994	12
995	6
996	5
997	3
998	4
999	4
1000	7
1001	6
1002	7
1003	5
1004	3
1006	5
1007	4
1008	3
1009	9
1010	8
1011	5
1012	5
1013	6
1014	5
1015	4
1016	1
1017	4
1018	1
1019	5
1020	3
1021	9
1022	7
1023	4
1024	6
1025	4
1026	8
1027	7
1028	6
1029	5
1030	3
1031	5
1032	6
1033	5
1034	5
1035	1
1036	5
1038	5
1039	1
1040	2
1041	4
1042	6
1043	4
1044	5
1045	5
1046	4
1047	4
1048	5
1049	7
1050	4
1051	6
1052	8
1053	3
1054	10
1055	4
1056	3
1057	3
1058	3
1059	7
1060	5
1061	5
1062	2
1063	5
1064	2
1065	8
1066	6
1067	8
1068	4
1069	8
1070	6
1071	4
1072	1
1073	3
1074	6
1075	3
1076	2
1077	2
1078	2
1079	3
1080	1
1081	3
1082	4
1083	7
1084	4
1085	4
1086	3
1087	4
1088	5
1089	1
1090	5
1091	2
1092	10
1093	5
1095	4
1096	5
1097	4
1098	4
1099	4
1100	3
1101	5
1102	7
1103	4
1104	2
1105	2
1106	3
1107	2
1108	3
1109	3
1110	3
1111	5
1112	2
1113	6
1114	7
1115	2
1116	3
1117	4
1118	3
1119	5
1120	2
1121	4
1122	5
1123	3
1124	4
1125	3
1126	2
1127	5
1128	5
1129	3
1130	2
1131	1
1132	8
1133	5
1134	3
1135	4
1136	6
1137	3
1138	6
1139	3
1140	3
1141	1
1142	4
1143	3
1144	2
1145	3
1146	4
1147	2
1148	4
1149	3
1150	4
1151	2
1152	8
1153	1
1154	5
1155	4
1156	2
1157	7
1158	3
1159	4
1160	1
1161	8
1162	2
1163	4
1164	2
1165	4
1166	5
1167	5
1168	4
1169	1
1170	6
1172	5
1173	5
1174	3
1175	4
1176	3
1177	5
1178	2
1179	9
1180	7
1181	6
1182	5
1183	6
1184	5
1185	3
1186	4
1187	1
1188	4
1189	3
1190	4
1191	4
1192	4
1193	3
1194	3
1195	9
1196	3
1197	5
1198	4
1199	6
1200	3
1201	4
1202	4
1203	5
1204	2
1205	3
1207	3
1208	6
1209	2
1210	5
1211	1
1212	7
1213	2
1215	4
1216	3
1217	3
1218	5
1219	1
1221	4
1222	7
1223	6
1224	5
1226	3
1227	6
1228	4
1229	2
1230	4
1231	4
1232	5
1233	3
1234	2
1235	4
1236	3
1237	4
1238	3
1239	8
1240	2
1241	5
1242	5
1243	1
1244	5
1245	2
1246	4
1247	5
1248	7
1249	1
1250	3
1251	5
1252	5
1253	4
1254	7
1255	1
1256	2
1257	2
1259	3
1260	3
1261	3
1262	1
1263	2
1264	3
1265	4
1266	3
1267	4
1268	3
1269	4
1270	1
1271	4
1273	6
1274	2
1275	3
1277	4
1278	2
1279	5
1280	2
1281	1
1282	2
1283	4
1284	3
1285	4
1286	4
1287	1
1288	4
1289	3
1290	2
1291	3
1292	6
1293	3
1294	4
1295	2
1296	5
1297	1
1298	3
1299	3
1300	3
1301	4
1302	2
1303	5
1304	2
1305	7
1306	4
1307	4
1308	2
1309	1
1310	1
1311	3
1312	4
1313	3
1314	1
1315	6
1316	2
1317	4
1318	2
1319	6
1320	3
1322	2
1323	5
1324	1
1326	1
1327	4
1328	5
1329	3
1330	4
1331	4
1332	3
1333	4
1334	3
1335	3
1336	1
1337	1
1339	3
1341	5
1342	2
1343	1
1344	4
1345	4
1346	2
1347	4
1348	4
1349	1
1350	2
1351	3
1352	2
1353	1
1354	2
1355	1
1356	2
1358	3
1359	2
1360	3
1361	1
1362	1
1363	2
1364	3
1365	3
1366	3
1367	3
1368	5
1369	4
1370	2
1371	3
1372	1
1373	5
1374	3
1375	6
1376	4
1377	1
1378	1
1379	3
1381	4
1382	3
1383	3
1384	1
1385	2
1387	2
1388	2
1389	4
1390	2
1391	3
1392	4
1393	2
1394	9
1395	5
1397	2
1398	4
1399	3
1400	1
1401	3
1402	4
1403	3
1404	2
1405	3
1406	5
1407	2
1408	3
1409	1
1410	1
1411	1
1412	1
1413	2
1414	1
1415	2
1416	6
1417	1
1418	3
1419	4
1420	2
1421	4
1422	3
1423	4
1425	4
1426	4
1427	1
1428	3
1429	2
1430	5
1431	1
1432	1
1433	3
1435	2
1436	3
1437	1
1438	1
1439	2
1440	3
1441	2
1442	5
1443	1
1444	1
1445	3
1446	3
1447	6
1448	4
1450	3
1451	2
1452	6
1453	3
1454	2
1455	3
1456	5
1457	1
1458	3
1459	3
1460	1
1461	4
1462	1
1463	1
1464	4
1465	2
1466	2
1468	4
1469	2
1470	2
1471	1
1472	4
1473	5
1474	2
1475	5
1476	2
1477	2
1479	2
1480	3
1481	2
1482	3
1483	3
1484	1
1486	2
1487	2
1488	3
1489	2
1490	4
1492	3
1494	2
1495	2
1496	1
1497	1
1500	3
1501	5
1502	4
1503	3
1504	3
1505	2
1506	1
1507	2
1508	2
1509	2
1510	3
1511	1
1513	2
1514	2
1515	1
1516	3
1517	5
1518	4
1519	1
1520	1
1522	4
1523	3
1524	3
1525	2
1526	2
1527	1
1528	3
1529	4
1530	2
1531	1
1534	3
1535	2
1536	4
1537	2
1538	2
1539	1
1540	2
1541	3
1542	2
1543	1
1544	2
1545	2
1546	4
1547	3
1550	1
1551	2
1552	3
1553	1
1554	2
1555	3
1556	3
1557	3
1559	4
1560	6
1561	3
1562	1
1563	5
1564	3
1565	2
1568	1
1569	1
1570	3
1571	3
1572	1
1573	1
1575	1
1576	1
1577	2
1578	2
1579	8
1580	4
1581	3
1583	2
1585	1
1586	1
1587	5
1588	2
1589	2
1591	1
1592	2
1593	2
1594	2
1595	1
1596	1
1597	3
1598	1
1599	4
1602	1
1603	2
1604	1
1605	1
1606	4
1607	4
1608	2
1609	2
1610	2
1611	1
1612	5
1613	2
1614	3
1616	3
1617	1
1618	3
1619	2
1620	3
1621	3
1623	1
1624	1
1625	3
1626	5
1627	2
1628	1
1629	1
1631	1
1633	1
1634	1
1635	1
1636	4
1637	1
1638	4
1639	4
1640	3
1642	1
1643	2
1644	1
1646	1
1647	2
1649	3
1650	1
1651	2
1652	1
1654	2
1655	3
1657	4
1658	2
1659	1
1660	1
1661	1
1662	1
1664	2
1665	1
1666	4
1667	2
1668	1
1669	1
1670	2
1673	1
1674	1
1675	3
1677	2
1678	4
1679	2
1680	5
1681	2
1682	1
1683	1
1684	3
1685	3
1686	4
1687	3
1688	1
1689	5
1690	4
1691	5
1692	4
1694	4
1695	3
1696	4
1697	1
1698	3
1699	3
1700	2
1702	1
1704	1
1705	4
1706	2
1707	3
1708	1
1710	4
1711	1
1712	2
1713	3
1714	2
1715	2
1716	5
1717	2
1718	1
5815	1
1719	2
1720	1
1721	4
1722	3
1723	1
1724	1
1726	4
1727	1
1729	1
1730	2
1731	2
1732	1
1733	4
1734	2
1735	1
1736	2
1737	1
1741	2
1743	3
1744	1
1745	2
1746	1
1747	2
1749	2
1750	3
1751	2
1752	1
1753	2
1754	2
1755	1
1756	4
1757	3
1758	3
1759	6
1760	2
1761	3
1762	1
1764	1
1765	1
1766	1
1767	2
1768	2
1769	1
1770	1
1771	2
1773	1
1774	2
1775	2
1776	4
1778	4
1779	3
1781	2
1782	2
1783	1
1784	2
1785	2
1787	3
1788	3
1790	5
1792	1
1794	3
1795	4
1796	3
1797	2
1798	2
1799	2
1800	1
1801	2
1802	1
1803	2
1804	2
1805	2
1806	2
1808	2
1809	3
1811	2
1812	3
1813	6
1814	1
1815	3
1819	3
1821	5
1822	3
1823	1
1824	2
1825	1
1826	1
1827	3
1828	1
1829	2
1831	5
1834	2
1836	3
1838	1
1839	4
1840	2
1842	2
1843	5
1845	4
1846	1
1849	2
1851	2
1852	2
1853	4
1854	4
1855	1
1856	1
1858	2
1859	5
1861	2
1863	1
1864	2
1865	1
1866	2
1868	2
1869	1
1870	2
1871	3
1876	2
1877	2
1880	1
1881	4
1882	1
1883	1
1885	3
1886	1
1888	1
1889	2
1890	1
1891	1
1892	2
1893	1
1895	3
1896	2
1897	1
1898	2
1899	1
1901	2
1902	2
1903	3
1905	1
1906	3
1907	1
1908	2
1909	2
1910	1
1911	2
1913	1
1915	1
1916	2
1917	1
1918	5
1920	1
1921	2
1922	4
1923	1
1924	2
1925	1
1926	1
1927	1
1929	1
1930	2
1932	1
1934	3
1935	1
1938	3
1939	4
1940	1
1941	3
1942	2
1943	2
1944	1
1945	3
1946	3
1947	2
1950	2
1951	1
1952	2
1954	3
1955	2
1956	2
1958	4
1959	2
1960	1
1961	2
1962	2
1963	1
1964	3
1967	1
1969	2
1970	2
1972	1
1974	1
1975	1
1976	1
1977	1
1979	1
1980	1
1981	2
1983	4
1988	3
1989	1
1991	1
1992	1
1993	1
6091	1
1995	1
1996	1
1997	2
1998	2
1999	1
2000	1
2002	2
2004	3
2009	1
2011	1
2012	2
2013	3
2014	1
2015	1
2017	1
2018	3
2019	2
2020	3
2022	1
2023	1
2025	2
2026	1
2027	1
2028	2
2029	2
2030	2
2031	1
2033	1
2035	2
2037	3
2038	1
2040	1
2042	3
2043	2
2044	1
2045	1
2046	2
2048	1
2051	1
2054	3
2056	1
2058	2
2059	2
2060	1
2061	1
2062	2
2063	2
2064	1
2065	1
2066	1
2067	1
2071	2
2073	3
2074	2
2076	1
2077	1
2078	1
2079	1
2080	1
2081	2
2082	1
2083	1
2084	4
2085	1
2087	1
2088	1
2089	1
2090	3
2091	1
2092	1
2093	1
2094	3
2096	1
2097	1
2099	1
2100	2
2102	1
2103	1
2106	1
2107	1
2108	2
2109	1
2111	1
2113	2
2114	1
2117	2
2119	1
2120	1
2121	1
2122	1
2123	1
2125	1
2127	3
2130	1
2131	1
2133	1
2134	1
2135	1
2136	1
2137	2
2138	1
2139	1
2140	1
2143	3
2144	1
2145	1
2146	1
2147	2
2148	1
2149	3
2152	1
2153	1
2155	1
2156	1
2158	1
2159	1
2160	1
2162	1
2163	2
2164	1
2169	2
2170	1
2173	1
2174	1
2178	1
2179	2
2180	1
2183	2
2184	1
2186	1
2187	2
2188	1
2191	1
2192	1
2193	1
2194	1
2195	1
2200	1
2205	2
2206	1
2207	1
2208	1
2209	1
2210	1
2212	2
2213	2
2216	4
2217	1
2219	1
2220	1
2221	1
2222	1
2224	3
2225	1
2227	1
2228	2
2233	1
2234	1
2235	1
2236	1
2237	1
2239	1
2242	1
2244	1
2245	1
2247	1
2248	2
2249	2
2250	2
2251	2
2252	1
2254	1
2255	1
2256	1
2257	1
2258	2
2259	1
2260	1
2261	1
2263	2
2265	1
2266	1
2267	1
2269	1
2271	2
2272	2
2273	2
2274	1
2277	1
2278	1
2279	1
2280	3
2281	1
2282	1
2284	1
2287	3
2288	1
2289	1
2291	2
2293	1
2294	1
2297	2
2298	1
2299	1
2301	1
2302	2
2303	1
2305	1
2308	2
2309	1
2310	1
2311	2
2313	1
2314	1
2315	1
2319	1
2320	2
2321	2
2322	1
2324	1
2325	2
2326	1
2327	1
2330	1
2331	1
2332	2
2335	1
2337	2
2338	2
2339	1
2341	1
2342	1
2343	1
2347	1
2348	1
2353	1
2355	1
2356	1
2358	1
2359	2
2361	2
2366	2
2367	1
2369	1
2375	1
2379	1
2382	2
2383	1
2385	2
2386	1
2388	2
2400	1
2402	1
2405	1
2406	2
2407	1
2408	1
2414	2
2418	1
2420	1
2423	1
2425	1
2426	2
2427	1
2428	1
2431	1
2432	1
2434	1
2435	1
2436	1
2437	1
2438	1
2439	2
2442	1
2445	1
2446	1
2451	1
2452	3
2463	1
2464	1
2465	1
2466	1
2468	1
2470	1
2471	1
2472	2
2474	1
2475	1
2476	1
2477	1
2478	1
2480	1
2484	2
2485	1
2486	1
2490	1
2494	1
2496	1
2501	2
2504	1
2508	1
2509	1
2510	1
2516	1
2519	1
2520	2
2521	1
2523	1
2528	2
2530	1
2533	1
2534	1
2535	1
2538	1
2539	2
2541	1
2542	1
2544	1
2548	1
2551	1
2553	1
2555	1
2558	1
2561	2
2567	2
2569	1
2570	1
2571	1
2582	2
2584	2
2585	1
2587	1
2590	1
2594	1
2596	1
2597	1
2601	1
2606	1
2607	1
2608	1
2609	1
2614	1
2617	1
2619	2
2620	1
2621	1
2627	1
2628	1
2630	1
2634	1
2635	1
2643	2
2647	2
2648	1
2658	1
2663	1
2687	2
2694	1
2697	2
2701	1
2709	2
2713	2
2715	1
2729	1
2731	1
2732	1
2736	1
2737	1
2742	1
2743	1
2753	1
2754	1
2755	1
2770	1
2774	1
2779	1
2780	1
2783	1
2786	1
2790	1
2791	2
2795	1
2797	1
2804	2
2820	1
2824	1
2828	1
2831	1
2834	2
2835	1
2837	1
2840	1
2847	1
2879	1
2887	1
2892	1
2899	1
2904	1
2907	1
2908	1
2920	1
2921	1
2925	1
2934	1
2938	1
2943	1
2944	2
2951	1
2954	1
2955	2
2958	1
2961	1
2984	1
2986	1
2996	1
2998	1
3007	1
3010	1
3020	1
3027	1
3031	1
3034	1
3036	1
3039	1
3044	1
3046	1
3067	2
3070	1
3074	1
3092	1
3094	1
3097	1
3099	1
3105	1
3111	3
3119	1
3121	1
3154	1
3158	1
3164	1
3174	1
3180	1
3183	1
3211	1
3217	1
7342	1
3247	1
3249	1
3264	1
3279	1
3288	1
3294	1
3302	1
3323	1
3325	1
3346	1
3361	1
3371	1
3378	1
3388	1
3394	1
3417	1
3437	1
3438	1
3444	1
3458	1
3469	1
3475	1
3480	1
3483	1
3497	1
3498	1
3563	1
3584	1
3585	1
3599	2
3618	1
3621	1
3695	1
3747	1
3769	1
3837	1
3870	1
3950	1
3954	1
4059	1
