1	65
2	47
3	41
4	31
5	35
6	29
7	21
8	21
9	22
10	22
11	17
12	19
13	27
16397	1
14	15
15	7
16	20
17	11
16401	1
18	15
19	14
20	12
21	20
22	20
23	17
16408	1
24	13
25	15
26	18
16411	1
27	30
28	12
29	17
30	12
31	12
32	16
33	12
34	14
35	13
16419	1
36	17
37	13
38	9
39	14
16423	1
40	12
41	13
42	12
43	13
44	12
45	10
16429	1
46	14
16430	1
47	14
16431	1
48	15
49	17
16433	1
50	13
16434	1
51	10
52	17
53	16
54	9
55	16
16439	1
56	16
57	17
58	13
59	9
60	10
61	14
16445	1
16446	1
62	14
16447	2
63	13
16448	2
64	10
65	16
66	9
16450	1
67	14
16451	1
68	12
69	13
70	12
71	9
72	14
73	7
74	15
75	16
16459	1
16460	1
76	14
77	13
78	8
16462	2
79	15
16463	1
80	12
81	5
16466	1
82	14
83	9
84	15
85	14
86	12
16470	2
87	11
88	8
89	17
16474	1
90	11
91	19
16475	1
92	8
16476	1
93	9
16477	1
94	13
95	11
96	13
97	12
98	8
99	10
16483	1
100	10
101	12
16485	1
102	13
103	9
104	6
105	20
106	8
16491	1
107	10
108	12
109	10
110	15
111	18
112	15
113	3
114	15
16498	1
115	11
16499	1
116	14
117	12
16501	1
118	16
119	15
120	17
16504	1
121	12
122	11
123	13
124	10
16508	1
125	6
16509	1
126	6
127	8
128	13
16512	1
129	14
130	11
16514	1
131	12
132	15
133	5
134	11
135	10
16519	1
16520	1
136	14
137	19
16521	1
138	11
16522	1
139	16
140	10
141	7
142	7
143	9
144	8
16528	1
145	17
146	9
16530	1
147	18
148	8
149	10
150	9
151	6
152	13
153	8
154	10
16539	1
155	7
156	14
16540	1
157	10
158	8
159	10
160	12
16544	1
161	6
162	10
163	14
164	11
165	9
166	11
16551	1
167	15
168	9
169	14
16553	1
16554	1
170	10
171	16
172	10
173	9
174	10
175	12
176	5
177	11
178	7
179	10
180	18
16564	1
181	10
182	8
183	9
184	8
16568	1
185	11
16569	1
186	10
187	9
188	5
189	6
190	11
191	9
192	11
16576	1
193	10
194	8
195	16
196	7
197	3
198	8
199	6
200	6
201	9
202	12
203	7
204	9
16588	1
205	12
206	10
207	7
208	6
16592	1
209	9
16593	2
210	12
211	12
16596	1
212	6
213	6
214	8
215	10
16599	1
216	2
217	7
218	8
219	11
16603	2
220	11
221	7
222	7
223	6
224	7
225	7
226	6
227	9
228	7
229	4
230	9
16614	1
231	8
232	10
16616	1
233	4
16617	1
234	4
235	11
236	5
237	10
16621	2
238	8
239	8
240	7
241	7
242	10
243	1
244	7
16628	1
245	9
246	8
247	8
248	8
249	11
250	7
251	7
252	7
253	7
254	3
255	1
16639	1
256	7
257	7
258	12
259	5
260	7
16644	1
261	8
262	6
16646	1
263	6
264	4
265	8
16649	1
266	8
267	6
268	7
269	8
270	6
271	7
272	3
273	6
274	11
275	8
276	6
16660	1
277	12
278	8
279	5
280	7
281	5
282	7
16666	1
283	11
284	4
285	7
16669	1
286	10
16670	1
287	5
288	8
289	4
16673	1
290	4
16675	2
291	6
292	8
293	3
294	10
295	7
16679	1
296	7
297	9
298	11
299	11
300	6
301	5
302	12
303	7
304	8
305	8
306	5
307	6
308	10
309	7
310	7
16694	1
311	5
16695	1
312	16
313	8
314	9
315	1
316	8
317	7
318	5
16702	1
319	10
320	4
16704	1
321	8
16705	1
322	3
323	9
16707	1
324	6
16708	1
325	5
16709	2
326	4
327	4
328	8
329	6
16714	2
330	7
331	9
332	5
333	6
334	7
16718	1
335	5
336	6
337	4
338	3
339	7
16723	1
340	6
341	8
342	7
16726	1
16727	1
343	7
344	5
16728	1
345	6
346	6
347	2
16731	1
348	6
349	3
350	4
351	12
352	6
353	1
354	7
355	5
356	7
357	5
16742	1
358	8
16743	1
359	4
360	6
16745	1
361	4
362	4
363	4
364	5
16748	1
365	7
366	5
367	5
368	10
16752	1
369	4
370	4
371	5
372	9
373	4
374	6
375	4
376	4
377	3
378	3
16762	1
379	3
380	2
16764	1
381	6
382	3
383	7
384	8
385	5
386	6
387	3
388	6
389	1
390	4
391	5
392	8
393	11
16778	1
394	6
395	4
396	6
397	6
398	4
399	9
16783	1
400	7
16784	1
401	3
16785	1
402	6
403	4
404	3
405	6
406	10
407	8
408	3
16792	1
409	4
410	3
16794	1
411	4
16795	1
412	3
16797	2
413	3
414	3
415	4
416	8
417	3
418	5
419	6
420	2
421	2
422	2
16806	1
423	10
16807	1
424	5
425	3
426	2
427	2
428	5
16813	2
429	2
430	7
431	2
432	8
16817	1
433	1
434	3
435	5
436	4
437	4
438	5
439	7
440	5
441	2
442	5
443	7
16827	1
444	6
445	4
446	2
447	3
448	4
449	4
16833	1
450	4
451	7
16835	1
452	9
453	2
454	8
16838	1
16839	2
455	6
456	5
16840	1
457	2
16843	1
459	6
460	4
16844	2
461	2
16845	1
462	4
463	5
464	2
465	4
16849	1
466	6
467	4
468	4
469	3
16853	1
470	3
471	9
16855	1
472	2
16857	3
473	3
474	4
475	4
476	6
477	3
478	4
16862	1
479	3
480	3
16865	2
481	2
482	7
483	4
484	11
485	7
486	2
487	5
488	2
489	4
490	5
16875	3
491	6
492	5
493	1
494	6
495	3
496	4
497	3
498	4
16882	1
16883	1
499	4
16884	1
500	7
501	4
502	6
16886	2
503	4
504	3
16888	1
505	2
506	5
507	3
508	3
509	4
510	3
511	5
512	5
513	4
16897	1
514	6
515	6
517	5
518	4
16903	2
519	2
520	4
521	1
522	5
523	6
16907	2
524	6
525	3
526	1
527	2
528	1
530	1
16914	1
531	5
16915	1
532	2
533	2
534	5
535	9
16919	1
536	4
537	1
538	5
539	4
16923	1
16924	1
540	3
541	3
16925	1
542	3
543	2
16927	1
544	4
545	2
546	2
547	4
16931	1
548	5
16933	1
549	3
550	6
551	5
552	5
553	3
554	4
555	2
556	2
557	6
558	2
559	3
16944	1
562	5
16946	2
563	4
564	2
565	1
566	4
567	4
569	6
570	2
571	4
572	2
573	7
574	5
575	2
576	6
577	2
579	5
580	7
16964	1
581	5
16965	1
582	4
583	3
584	2
585	3
586	4
587	7
588	2
16972	1
589	1
590	6
591	4
592	2
593	2
594	3
595	6
596	8
597	5
598	7
599	3
600	2
601	4
602	4
16986	1
603	4
604	4
605	1
606	4
16990	1
607	5
608	4
16992	1
609	6
610	3
16994	2
611	2
612	2
613	1
614	4
615	3
616	7
617	2
618	6
619	1
620	3
621	8
622	8
623	3
17007	1
624	2
625	2
626	3
17010	1
627	2
17011	1
628	3
17013	1
629	2
630	5
631	3
17016	1
632	5
633	3
634	4
635	4
636	2
17020	1
637	2
17021	1
638	4
17022	1
17023	1
639	2
640	1
641	1
642	3
643	6
644	6
645	3
646	2
17030	1
647	5
648	2
649	3
650	7
651	2
652	9
653	3
17037	1
654	2
655	6
656	4
657	2
658	5
659	6
660	3
17044	1
661	2
17046	1
663	4
664	4
17048	1
665	4
666	1
667	9
668	8
669	1
670	2
671	3
17055	1
672	9
673	2
674	3
675	5
676	2
677	7
678	4
17062	2
679	4
17064	1
680	2
681	7
682	6
683	7
684	7
685	4
686	3
687	3
688	5
689	3
690	2
691	2
692	2
693	4
17077	1
694	2
695	3
696	4
697	7
698	5
699	2
700	2
701	4
702	5
703	3
704	2
705	1
706	2
707	4
708	4
709	3
17093	1
710	2
711	7
17096	1
712	5
713	5
714	7
715	7
716	7
717	4
17101	1
718	8
17102	1
719	1
17103	1
720	6
721	6
722	3
723	9
17107	1
724	1
17109	1
725	3
726	4
727	2
728	5
729	6
17113	1
730	6
731	7
732	2
733	7
734	7
17118	1
735	6
736	7
737	6
738	5
17122	1
739	6
740	7
741	4
742	6
743	2
744	5
745	3
746	7
747	4
748	4
17132	1
749	2
750	6
751	8
752	3
753	5
754	5
755	5
756	5
757	7
758	9
759	8
760	6
761	11
762	7
763	5
764	5
765	8
766	3
17150	1
767	2
768	9
769	1
770	3
771	2
772	3
773	9
774	7
775	5
776	7
777	7
17161	1
778	7
17162	1
779	11
780	8
781	6
17165	1
782	6
17166	1
783	7
784	6
785	9
786	3
17170	1
787	7
17171	1
788	2
789	5
790	12
791	12
792	3
793	6
794	8
795	6
17180	1
796	7
797	7
17181	1
798	3
17182	1
799	3
800	5
801	5
802	9
803	5
804	4
805	6
806	10
17190	1
807	10
808	4
809	8
810	8
811	3
812	2
813	8
814	6
17199	1
815	4
816	7
817	4
818	3
819	10
17203	1
820	6
821	3
822	2
823	10
824	7
825	12
826	4
827	5
828	6
17212	1
829	9
830	11
17214	1
831	8
17215	1
832	6
833	9
834	7
835	4
836	3
837	4
838	8
17222	1
839	4
840	5
17225	1
841	8
842	3
843	8
844	3
845	7
846	2
847	7
17231	1
848	3
17233	1
849	4
850	8
851	7
852	10
853	5
17237	1
854	5
855	10
856	8
857	5
858	7
859	1
860	6
861	5
862	5
863	1
864	4
865	8
866	6
867	9
868	7
869	3
870	6
17254	2
871	8
872	10
873	6
874	7
875	9
876	13
877	5
17261	1
878	8
17262	1
879	7
17263	1
880	7
881	7
17265	1
882	7
17266	2
883	5
884	4
885	4
17269	1
886	6
17271	1
887	5
888	6
889	7
890	9
17274	1
891	2
892	6
893	6
894	8
895	4
896	7
897	11
898	8
899	8
900	6
901	8
902	7
903	7
904	7
905	6
906	8
907	7
908	7
17292	1
909	4
910	8
911	10
912	8
913	3
914	6
17298	1
915	14
916	9
917	7
918	10
919	7
920	2
921	9
922	6
923	10
924	6
925	9
926	6
927	9
928	8
929	5
930	3
931	7
932	9
933	12
934	6
935	9
936	9
17320	1
937	7
17321	1
938	10
939	8
940	10
941	9
942	9
943	8
944	5
945	14
946	4
17330	1
947	5
948	8
949	7
950	6
951	7
17335	1
952	5
953	7
954	10
955	8
956	6
17340	2
957	5
958	7
959	10
960	6
961	4
17345	1
962	9
963	4
964	11
965	8
966	6
17350	1
967	5
968	10
969	4
17354	2
970	4
971	9
972	5
973	10
974	6
975	4
17359	1
976	5
977	10
978	4
17362	2
979	3
980	7
981	6
982	9
983	9
984	8
985	6
17369	1
986	9
987	8
988	7
989	12
990	6
991	9
992	6
993	6
994	8
995	7
996	13
997	4
998	5
999	12
1000	7
1001	6
1002	10
1003	10
1004	13
1005	10
1006	5
1007	9
1008	14
1009	7
1010	7
1011	6
1012	7
1013	9
1014	5
1015	10
17399	1
1016	11
1017	7
1018	8
1019	8
17403	2
1020	12
1021	3
17405	1
1022	13
1023	10
1024	12
17408	1
1025	4
1026	11
1027	6
1028	11
17412	1
1029	5
1030	6
17414	1
1031	4
1032	5
1033	6
1034	6
1035	7
1036	7
1037	7
17421	1
1038	9
1039	4
1040	6
1041	6
1042	8
1043	9
1044	7
17428	1
1045	8
1046	14
1047	8
1048	4
1049	9
17433	1
1050	9
1051	5
1052	6
1053	9
1054	6
1055	6
1056	13
17441	1
1057	4
1058	5
1059	10
17443	1
1060	6
1061	4
1062	5
1063	15
1064	9
1065	8
1066	9
1067	6
17451	1
1068	4
1069	6
1070	8
1071	9
1072	7
1073	6
1074	10
1075	6
1076	5
1077	10
1078	5
1079	5
1080	12
1081	16
1082	3
1083	7
1084	5
1085	5
1086	6
1087	7
1088	3
1089	10
1090	4
1091	10
1092	4
1093	11
1094	7
1095	9
1096	8
1097	7
1098	6
1099	8
1100	4
1101	4
17485	1
1102	8
17486	1
1103	3
1104	7
1105	7
1106	6
1107	8
17492	2
1108	5
1109	3
17493	1
1110	7
1111	8
1112	7
1113	4
17497	1
1114	8
17499	1
1115	9
1116	5
1117	5
1118	3
17502	1
1119	9
17503	1
1120	7
1121	9
17505	1
1122	6
1123	5
1124	5
1125	5
1126	9
1127	8
1128	6
1129	7
1130	7
1131	5
1132	4
1133	6
1134	6
1135	6
1136	5
1137	4
1138	7
17523	1
1139	5
1140	8
1141	8
1142	5
17526	1
1143	4
1144	10
1145	8
1146	7
1147	7
17531	1
1148	9
1149	7
1150	8
1151	7
1152	9
1153	5
1154	8
17538	1
1155	4
1156	8
1157	8
1158	4
1159	6
1160	7
1161	4
1162	2
1163	7
1164	8
1165	11
1166	4
1167	4
1168	8
1169	7
1170	4
1171	11
1172	6
1173	5
1174	7
1175	9
1176	5
1177	7
1178	5
1179	3
17563	1
1180	7
1181	4
1182	5
1183	6
1184	4
17569	2
1186	3
1187	6
1188	3
1189	6
1190	4
1191	10
1192	2
1193	5
1194	2
1195	6
17579	1
1196	7
1197	8
1198	2
1199	2
1200	6
17584	1
1201	5
1202	5
1203	8
1204	7
1205	7
1206	4
1207	7
1208	9
1209	2
1210	4
1211	2
1212	6
17597	2
1213	4
1214	12
1215	4
1216	10
17600	1
1217	4
17601	1
1218	3
1219	6
1220	6
1221	3
1222	2
1223	4
1224	3
1225	7
1226	3
17610	1
1227	3
17611	2
1228	5
1229	7
17613	1
1230	5
17614	1
1231	9
1232	3
1233	3
17617	1
1234	1
1235	8
1236	5
1237	4
1238	4
1239	3
17623	1
1240	6
1241	3
1242	8
1243	6
1244	4
1245	6
1246	2
1247	5
1248	2
17632	1
1249	10
1250	10
17634	1
1251	9
17635	1
1252	6
1253	6
1254	6
1255	7
1256	6
17640	1
1257	8
17642	1
1258	7
1259	5
1260	4
17644	1
1261	3
1262	9
1263	3
1264	6
1265	8
1266	1
1267	11
1268	7
1269	4
17653	1
1270	7
1271	4
1272	5
1273	3
17657	1
1274	5
1275	8
1276	5
1277	5
1278	4
1279	4
17663	1
1280	7
1281	2
1282	6
17666	1
1283	2
17667	1
1284	6
17668	1
1285	4
1286	5
1287	7
1288	7
1289	7
1290	5
1291	9
1292	5
17676	1
1293	4
1294	2
1295	6
1296	4
1297	5
1298	5
1300	6
1301	4
1302	1
1303	8
1304	7
17688	1
1305	3
1306	4
1307	3
1308	3
1309	6
1310	4
1311	4
1312	5
1313	3
1314	6
1315	3
1316	6
1317	3
1318	5
1319	4
1320	3
1321	7
1323	7
1324	4
1325	7
1326	4
1327	4
1328	8
17713	2
1329	6
1330	5
1331	3
1332	9
1333	4
1334	2
1335	9
17720	1
1336	4
1337	2
1338	5
1339	1
1340	6
1341	6
1342	4
1343	4
1344	5
1345	2
1346	7
1347	4
1348	7
17732	1
1349	4
1350	5
1351	4
1352	9
1353	5
17737	1
1354	8
1355	6
1356	4
1357	4
1358	5
1359	4
1360	1
1361	5
1362	5
1363	6
1364	4
17748	1
1365	6
1366	6
1367	1
17751	1
1368	6
1369	8
1370	4
1371	3
1372	5
1373	4
1374	10
1375	4
1376	9
1377	6
1378	6
17762	1
1379	3
1380	5
1381	3
1382	2
17766	1
1383	5
1384	5
1385	6
1386	4
1387	2
1388	4
17772	1
1389	8
1390	6
1391	11
1392	6
1393	8
1394	7
1395	5
1396	6
1397	2
17781	1
1398	4
1399	5
1400	8
1401	7
17786	1
1402	8
1403	4
1404	6
1405	10
1406	6
1407	3
1408	8
1409	6
1410	3
1411	5
1412	3
1413	4
1414	9
1415	5
1416	5
1417	7
1418	8
1419	8
1420	5
1421	8
1422	4
1423	3
17807	1
1424	4
17808	1
1425	5
1426	5
17810	1
1427	7
1428	8
1429	2
1430	5
1431	6
1432	6
1433	8
1434	5
17818	1
1435	8
1436	2
1437	2
1438	5
1439	3
1440	6
1441	3
17826	1
1442	7
1443	7
1444	3
1445	7
1446	6
1447	6
1448	3
1449	7
1450	6
1451	3
1452	2
1453	6
1454	8
1455	5
1456	7
1457	6
17841	1
1458	4
17842	1
1459	4
1460	9
1461	3
1462	3
1463	4
1464	6
1465	2
1466	4
1467	3
17851	1
1468	4
1469	2
1470	5
1471	3
1472	8
1473	5
1474	10
1475	6
1476	4
1477	10
1478	4
1479	4
17863	2
1480	6
1481	7
1482	4
1483	6
1484	4
17868	1
1485	5
17870	1
1486	2
1487	9
1488	1
1489	4
1490	6
1491	4
1492	8
1493	10
1494	4
1495	8
1496	7
1497	6
1498	3
1499	5
17883	1
1500	6
1501	4
1502	7
1503	5
1504	7
1505	1
1506	8
1507	5
1508	7
1509	5
1510	2
1511	9
1512	6
1513	3
1514	2
1515	2
1516	3
1517	5
1518	4
1519	1
1520	8
1521	2
1522	6
1523	3
1524	3
1525	5
1526	4
1527	3
1528	4
1529	2
1530	3
1531	3
1532	4
1533	4
1534	2
1535	3
1536	7
1537	11
17921	1
1538	4
1539	2
17923	1
17924	1
1540	3
1541	4
1542	6
1543	7
17927	1
1544	3
1545	5
1546	1
1547	7
1548	8
1549	5
1550	7
17934	1
1551	2
1552	4
1553	6
17938	1
1554	6
1555	5
1556	3
1557	6
1558	7
1559	4
1560	3
1561	3
1562	5
1563	5
1564	7
1565	2
17949	1
1566	2
1567	6
1568	8
1569	7
1570	7
1571	6
17955	1
1572	4
17956	1
1573	6
1574	10
1575	2
1576	4
1577	9
1578	5
1579	3
1580	3
1581	3
17965	1
1582	3
1583	6
1584	6
1585	5
1586	3
17970	1
1587	3
1588	3
1589	6
1590	6
1591	4
1592	9
1593	9
1594	8
1595	5
1596	7
1597	2
1598	7
1599	8
1600	5
1601	3
17985	1
1602	8
1603	5
1604	2
1605	1
1606	7
1607	6
1608	10
1609	8
1610	5
1611	6
1612	7
1613	8
1614	6
1615	6
1616	4
18000	1
1617	3
1618	5
1619	10
1620	9
1621	5
1622	6
1623	4
1624	6
1625	8
1626	6
1627	11
1628	3
1629	7
18013	1
1630	3
1631	2
1632	3
1633	3
1634	4
1635	8
1636	6
1637	4
1638	7
1639	6
1640	9
1641	9
1642	3
1643	5
18027	1
1644	5
1645	7
1646	7
18030	1
1647	8
1648	3
1649	2
1650	6
1651	3
1652	5
1653	4
1654	6
1655	5
1656	7
1657	9
1658	4
1659	1
1660	2
1661	11
1662	3
1663	2
1664	8
1665	7
1666	6
1667	2
1668	7
18052	1
1669	8
1670	7
1671	5
1672	9
1673	8
1674	2
1675	6
1676	5
18060	1
1677	6
1678	5
1679	7
1680	1
1681	5
1682	2
1683	7
18067	1
1684	1
1685	6
18069	1
1686	7
1687	5
1688	7
1689	8
1690	4
1691	4
1692	3
1693	5
18077	1
1694	4
1695	2
1696	5
1697	4
1698	2
1699	7
1700	6
1701	4
1702	6
1703	6
18087	1
1704	4
1705	2
1706	3
18091	1
1707	9
1708	4
1709	4
1710	7
1711	7
1712	9
1713	4
1714	7
1715	4
1716	5
1717	11
1718	9
1719	2
1720	7
1721	3
1722	3
1723	12
1724	6
1725	4
1726	3
1727	6
1728	5
1729	6
1730	4
1731	4
1732	7
1733	6
1734	3
1735	5
1736	4
1737	2
1738	3
1739	6
1740	6
1741	5
1742	10
1743	9
1744	2
1745	6
18129	1
1746	10
1747	9
18131	1
1748	5
1749	4
1750	4
18134	1
1751	5
18135	1
1752	8
1753	6
1754	4
1755	7
1756	7
1757	5
1758	4
1759	1
1760	6
1761	3
1762	5
1763	3
1764	4
1765	11
1766	2
18150	1
1767	4
1768	3
1769	7
1770	2
18154	2
18155	1
1771	12
1772	8
1773	4
18157	1
1774	7
1775	6
1776	7
1777	5
1778	4
18162	1
1779	4
1780	7
1781	6
1782	8
1783	5
1784	3
1785	5
1786	8
1787	3
1788	7
18172	1
1789	9
18173	2
1790	2
1791	5
1792	4
1793	4
18177	1
1794	5
18178	1
1795	8
1796	8
1797	6
1798	12
1799	9
1800	3
1801	4
1802	4
1803	2
1804	3
1805	5
1806	4
1807	6
1808	6
18192	1
18193	1
1809	6
1810	7
1811	3
1812	3
1813	2
1814	4
1815	4
1816	1
1817	5
18201	1
1818	4
1819	9
1820	5
1821	5
1822	4
18206	1
1823	5
1824	6
1825	5
1826	5
1827	1
1828	6
1829	11
1830	8
1831	2
18215	1
1832	5
1833	5
1834	10
1835	7
1836	3
1837	3
1838	7
1839	9
1840	6
1841	11
1842	6
1843	6
1844	8
1845	7
1846	7
1847	13
18231	1
1848	8
1850	4
1851	3
18235	1
1852	6
1853	4
1854	4
1855	2
1856	7
1857	2
1858	5
1859	4
1860	6
1861	7
1862	7
18246	1
1863	6
1864	4
1865	5
1866	9
1867	7
1868	7
1869	4
1870	8
1871	2
1872	6
1873	10
1874	5
1875	6
1876	8
18260	1
1877	7
1878	7
1879	4
1880	4
1881	8
1882	7
1883	4
1884	3
1885	4
1886	4
1888	6
18272	2
1889	5
1890	5
1891	4
1892	7
1893	4
1894	2
18278	1
1895	7
1896	7
1897	5
1898	4
1899	5
18283	1
1900	8
1901	7
1902	5
1903	6
1904	8
1905	2
18289	1
1906	4
1907	5
1908	5
18292	1
1909	6
1910	7
1911	5
1912	5
1913	2
1914	7
1915	8
1916	8
1917	3
1918	3
1919	6
1920	11
1921	1
1922	3
1923	3
1924	2
1925	3
1926	5
1927	4
1928	6
1929	6
1930	6
1931	7
1932	4
1933	7
1934	6
1935	8
1936	6
1937	9
1938	4
1939	5
1940	7
1941	6
1942	6
1943	5
18327	3
1944	3
1945	5
1946	11
1947	12
1948	8
1949	1
1950	6
1951	8
1952	4
1953	4
1954	5
1955	4
1956	7
18340	1
1957	3
1958	6
1959	8
1960	4
1961	5
1962	6
1963	5
1964	9
1965	9
1966	8
1967	2
1968	9
1969	8
1970	2
1971	2
1972	5
18356	1
1973	9
18357	1
1974	6
1975	5
1976	9
1977	3
1978	8
1979	4
18363	1
1980	8
1981	4
1982	12
1983	10
1984	2
1985	6
18369	1
1986	4
18370	1
1987	6
1988	6
1989	9
1990	8
18375	1
1991	9
1992	5
18377	1
1993	6
1994	8
18378	1
1995	6
1996	3
1997	4
1998	4
1999	5
2000	6
2001	7
2002	6
2003	8
2004	7
2005	9
2006	5
2007	14
2008	4
2009	5
2010	3
2011	5
2012	7
18396	1
2013	3
2014	6
2015	5
2016	4
2017	7
2018	11
2019	3
2020	7
2021	5
2022	5
2023	3
2024	6
2025	8
2026	11
2027	7
2028	9
18412	1
2029	3
2030	10
2031	5
2032	6
2033	5
2034	8
2035	6
2036	5
2037	5
2038	6
2039	8
2040	8
2041	6
2042	6
2043	4
2044	9
2045	7
2046	4
2047	3
2048	7
2049	8
2050	3
2051	6
2052	7
2053	3
2054	6
2055	5
2056	4
2057	4
2058	9
2059	4
2060	4
2061	10
2062	8
2063	9
2064	6
2065	4
2066	5
2067	10
2069	8
2070	5
2071	5
2072	7
2073	6
2074	6
2075	3
2076	4
2077	6
2078	8
2079	5
2080	1
2081	7
2082	7
2083	6
2084	1
2085	7
2086	4
2087	10
2088	5
2089	7
2090	7
2091	3
2092	8
18477	2
2093	2
2094	5
2095	1
2096	5
2097	3
2098	8
2099	8
2100	12
2101	6
2102	10
2103	8
2104	7
2105	6
2106	10
2107	2
2108	6
2109	5
2110	6
2111	6
2112	6
2113	5
2114	7
2115	4
2116	7
2117	4
2118	9
2119	7
2120	4
2121	5
2122	6
2123	8
2124	3
2125	2
2126	3
2127	2
2128	3
2129	4
2130	8
2131	9
2132	5
2133	10
2134	10
2135	3
18519	1
2136	5
2137	6
2138	4
2139	6
2140	6
2141	9
2142	3
2143	9
2144	8
2145	7
2146	7
2147	6
2148	4
2149	9
2150	2
2151	7
2152	7
2153	10
2154	7
2155	5
2156	7
18540	1
2157	3
2158	7
2159	6
2160	5
2161	9
2162	8
2163	9
2164	7
2165	8
2166	9
2167	2
2168	8
2169	7
2170	9
2171	6
2172	9
2173	4
2174	6
18558	1
2175	8
2176	4
18560	1
2177	9
2178	4
2179	11
18563	1
2180	8
18564	1
2181	4
2182	3
2183	7
2184	9
2185	8
2186	8
2187	6
18571	1
2188	3
18572	1
2189	5
2190	6
2191	6
2192	3
2193	5
2194	8
2195	9
2196	5
2197	11
2198	5
2199	9
18583	1
2200	1
2201	3
2202	3
2203	2
2204	8
2205	5
2206	4
2207	7
2208	5
2209	5
2210	6
2211	4
2212	7
2213	7
2214	3
2215	4
2216	4
2217	9
2218	3
2219	2
2220	4
2221	5
2222	5
2223	3
2224	5
2225	5
2226	8
2227	4
2228	6
2229	11
2230	9
2231	5
2232	3
2233	5
2234	10
2235	5
2236	4
2237	4
2238	7
18622	1
2239	7
2240	4
2241	1
2242	7
2243	7
2244	5
2245	5
2246	2
2247	7
2248	6
2249	9
18633	1
2250	3
2251	8
18636	1
2252	8
2253	6
2254	9
2255	9
2256	5
2257	4
2258	6
2259	9
2260	3
2261	5
2262	2
2263	4
18647	1
2264	1
2265	7
2266	4
2267	5
2268	4
2269	4
2270	6
2271	4
2272	7
2273	5
2274	5
18659	1
2275	5
2276	7
2277	3
2278	6
2279	4
2280	7
2281	7
2282	9
2283	6
2284	5
18668	1
2285	6
2286	7
2287	7
2288	4
2289	2
2290	2
2291	7
2292	3
2293	3
2294	5
2295	1
2296	9
18680	1
2297	2
2298	6
2299	5
2300	4
2301	8
2302	3
2303	7
2304	6
2305	6
2306	2
2307	4
2308	4
2309	9
2310	11
2311	5
2312	4
2313	6
2314	2
2315	5
2316	10
2317	6
18701	1
2318	10
2319	8
2320	3
2321	6
2322	5
18706	1
2323	6
2324	6
2325	8
2326	7
2327	5
2328	6
2329	4
2330	4
18714	1
2331	3
2332	8
2333	8
2334	7
2335	4
2336	8
2337	4
2338	4
2339	9
2340	4
2341	4
2342	6
2343	6
2344	4
2345	5
2346	6
2347	6
2348	7
2349	4
2350	2
2351	7
2352	2
2353	2
2354	5
2355	9
2356	11
2357	4
2358	2
2359	8
2360	3
2361	5
2362	6
2363	8
2364	3
2365	7
2366	6
2367	7
2368	3
18753	1
2369	1
2370	4
2371	2
2372	3
2373	7
2374	7
2375	10
2376	7
2377	5
2378	4
2379	7
2380	8
2381	3
2382	8
2383	10
2384	3
2385	8
2386	5
2387	8
18771	1
2388	7
2389	7
2390	5
2391	6
2392	8
2393	8
18777	1
2394	6
18778	2
2395	4
2396	5
2397	7
2398	6
2399	7
2400	7
2401	5
2402	5
2403	5
2404	4
2405	6
2406	6
2407	8
2408	7
2409	1
2410	5
2411	1
18795	1
2412	4
2413	9
2414	8
2415	1
2416	1
2417	3
2418	5
2419	6
2420	6
2421	2
2422	5
2423	4
2424	4
2425	5
2426	5
18810	1
2427	5
2428	5
2429	8
2430	3
2431	2
2432	5
2433	3
18817	1
2434	9
2435	9
2436	2
2437	6
2438	3
2439	10
2440	8
2441	4
2442	6
2443	4
2444	6
2445	8
2446	4
2447	6
2448	4
2449	4
2450	3
2451	6
2452	4
2453	7
2454	3
2455	4
2456	5
2457	3
2458	3
18842	1
2459	4
2460	4
2461	3
2462	4
2463	4
2464	7
2465	7
2466	4
2467	7
2468	3
2469	9
2470	3
2471	5
2472	2
2473	4
2474	2
2475	4
2476	4
2477	7
2478	4
2479	5
2480	6
2481	3
2482	3
2483	3
2484	7
2485	3
2486	8
18870	1
2487	8
2488	5
2489	6
2490	7
2491	6
2492	4
2493	2
2494	9
2495	4
2496	9
2497	5
2498	9
2499	3
2500	7
2501	1
2502	8
2503	8
2504	6
2505	7
2506	5
2507	2
2508	6
2509	4
2510	9
2511	5
2512	6
2513	6
2514	1
2515	9
2516	5
2517	5
2518	5
2519	4
2520	3
2521	8
2522	5
2523	6
2524	8
2525	6
2526	10
2527	4
2528	3
2529	4
2530	8
2531	5
2532	6
2533	6
2534	2
2535	5
2536	8
18921	2
2537	4
2538	6
2539	6
2540	3
2541	10
2542	9
2543	5
2544	5
2545	5
18929	1
2546	6
2547	3
2548	6
2549	6
2550	3
2551	2
2552	8
2553	4
2554	4
2555	8
2556	2
2557	9
2558	6
2559	3
2560	10
2561	4
2562	4
2563	4
2564	5
2565	6
2566	3
2567	2
2568	3
2569	3
2570	6
2571	5
2572	3
2573	6
2574	4
2575	8
18959	1
2576	4
2577	3
2578	6
2579	5
2581	5
2582	8
2583	1
2584	6
2585	3
2586	6
2587	3
2588	6
2589	3
2590	4
2591	8
2592	4
2593	3
2594	1
2595	3
2596	4
2597	4
2598	8
2599	5
2600	11
2601	5
2602	3
2603	7
2604	5
2605	4
2606	6
2607	1
2608	6
2609	4
2610	5
2611	3
2612	4
2613	10
2615	6
2616	8
2617	9
2618	5
2619	5
2620	7
2621	6
2622	8
2623	2
2624	3
2625	4
2626	8
2627	5
2628	8
2629	6
2630	5
2631	3
2632	6
2633	6
2634	4
2635	9
2636	4
2637	5
2638	9
19022	1
2639	2
19023	1
2640	6
2641	6
2642	3
2643	2
2644	2
2645	6
2646	4
2647	4
2648	6
2649	3
19033	1
2650	5
2651	7
19035	1
2652	1
2653	8
2654	3
19038	1
2655	2
19039	1
2656	5
2657	8
2658	5
2659	5
2660	6
2661	3
2662	4
19046	1
2663	5
2664	3
19048	1
2665	2
2666	5
2667	1
2668	6
2669	7
19053	1
2670	11
19054	1
2671	7
2672	6
2673	10
2674	1
2675	4
2676	8
2677	6
2678	2
2679	8
2680	7
2681	5
2682	2
2683	3
2684	3
2685	4
2686	3
2687	6
2688	2
2689	5
2690	5
2691	4
2692	6
2693	4
2694	4
2695	3
2696	5
2697	5
2698	4
2699	3
2700	6
2701	4
2702	5
2703	4
2704	5
2705	2
2706	5
2707	3
2708	5
2709	2
2710	6
2711	4
2712	4
2714	7
2715	4
2716	3
2717	5
2718	3
2719	4
2720	8
2721	1
2722	2
2723	5
2724	8
2725	6
2726	5
2727	9
2728	7
2729	6
2730	7
2731	5
2732	2
2733	4
19117	1
2734	5
2735	3
2736	5
19121	1
2737	5
2738	7
2739	4
2740	5
2741	6
2742	4
2743	2
2744	3
2745	6
2746	1
2747	6
2748	1
2749	10
2750	5
2751	4
2752	2
2753	5
2754	8
2755	2
2756	3
2757	4
2758	4
2759	5
2760	6
2761	3
2762	5
2763	8
2764	3
2765	5
2766	3
2767	4
2768	2
2769	9
2770	4
2771	3
2772	2
2773	7
2774	5
2775	4
2776	2
2777	5
2778	5
2779	2
2780	2
2781	8
2782	2
2783	2
19167	1
2784	2
2785	2
2786	5
2787	4
2788	5
2789	3
2790	3
2791	3
2792	4
2793	5
2794	6
2795	4
19179	1
2796	3
2797	3
2798	6
2799	5
2800	3
2801	2
2802	3
2803	4
2804	7
2805	5
2806	2
2807	3
2808	1
2809	7
2810	3
19194	1
2811	5
2812	9
2813	4
2814	1
2815	6
2816	3
2817	7
2818	3
2819	6
2820	5
2821	5
2822	7
2823	4
2824	3
2825	7
2826	7
2827	4
2828	11
2829	4
2830	4
2831	6
2832	3
2833	6
2834	3
2835	2
2836	3
2837	8
2838	5
2839	5
2840	4
2841	6
2842	1
2843	4
2844	4
2845	2
2846	2
2847	6
2848	4
2849	5
2850	2
2851	3
2852	2
2853	7
2854	3
2855	5
2856	5
19240	1
2857	4
2859	5
2860	1
2861	3
2862	4
2863	4
19247	1
2864	2
2865	6
2866	4
2867	4
2868	6
2869	4
2870	1
2871	2
2872	10
2873	6
2874	5
2875	3
2876	3
2877	2
2878	4
2879	7
2880	1
2881	3
2882	3
2883	3
2884	5
2885	7
2886	5
2887	2
19271	1
2888	1
2889	4
2890	1
2891	5
2892	4
2893	8
2894	8
2895	3
2896	6
2897	5
2898	4
19282	1
2899	2
2900	8
2901	3
2902	5
2903	5
2904	5
2905	1
2906	3
2907	4
2908	4
2909	2
2910	6
2911	2
2912	3
2913	5
2914	3
2915	2
2916	7
2917	4
2918	1
2919	2
2920	5
2921	3
2922	4
2923	3
19307	1
2924	8
2925	2
2926	7
2927	3
2928	3
2929	2
2930	2
2931	5
2932	7
2933	2
2934	3
2935	2
2936	8
2937	3
2938	5
2939	4
2940	7
2941	1
2942	4
2943	4
19327	1
2944	4
2945	9
2946	2
2947	4
2948	3
2949	5
2950	2
2951	7
2952	3
2953	2
2954	3
2955	4
2956	4
2957	1
2958	3
2959	2
2960	7
2961	4
2962	4
19346	1
2963	2
2964	2
2965	6
2966	5
2967	6
2968	3
19352	1
2970	2
2971	3
2972	5
2973	5
2974	3
2975	2
2976	4
2977	7
19361	1
2978	6
2979	7
2980	2
2981	4
2982	4
19366	1
2983	6
2984	9
2985	2
2986	6
2987	3
2988	3
2989	2
2990	5
2991	7
2992	5
2993	2
2994	2
2995	6
2996	3
2997	5
2998	4
2999	4
3000	6
3001	4
3002	6
3003	2
3004	5
3005	6
3006	3
3007	5
3008	4
3009	6
3010	1
3011	4
19395	1
3012	1
3013	4
3014	6
3015	4
3016	2
3017	5
3018	4
3019	6
3020	7
3021	4
3022	5
3023	7
3024	5
3025	1
3026	6
3027	7
3028	5
3029	3
3030	5
3031	4
3032	5
19416	1
3033	3
3034	5
3035	4
3036	6
3037	2
3038	4
3039	8
3040	1
3041	2
3042	8
19426	1
3043	5
3044	1
3045	3
3046	4
3047	1
3048	4
3049	4
3050	5
3051	4
3052	4
3053	5
3054	1
3055	4
3056	4
3057	1
3058	3
3059	1
3060	5
3061	6
3062	3
3063	3
3064	2
3065	8
3066	3
3067	3
3068	2
3069	4
3070	4
3071	1
3072	4
3073	3
3074	4
3075	4
19459	1
3076	3
3077	5
3078	3
3079	1
3080	2
3081	7
3082	1
3083	5
3084	7
19468	1
3085	3
3087	4
3088	1
3089	3
3090	2
3091	2
3092	3
3093	1
3094	2
3095	2
3096	3
3097	2
3098	4
3099	5
3100	2
3101	2
3102	5
3103	4
3104	6
3105	4
3106	2
3107	4
3108	2
3109	6
3110	3
19494	1
3111	5
3112	5
3113	1
3114	3
3115	1
3116	5
3117	7
3118	2
3119	3
3120	5
3121	4
3122	3
19506	1
3123	3
3124	3
3125	2
3126	1
3127	4
3128	6
3129	4
3130	4
3131	4
3132	1
3133	4
3134	5
3135	6
3136	5
3137	2
3138	2
3139	5
3141	5
3142	1
3143	4
3144	2
3145	3
3146	3
3147	3
3148	4
3149	4
3150	2
3151	3
3152	2
3153	1
3154	4
3155	2
3156	2
3157	3
3158	2
3159	3
3160	3
3161	3
3162	3
3163	2
3164	2
3165	2
3166	2
3167	2
3168	8
3169	4
3170	2
3171	3
3172	2
19556	1
3173	2
3175	2
3176	10
3177	4
3178	3
3179	2
3180	6
3181	3
3182	5
3183	3
3184	1
3185	3
3186	3
3187	8
3188	2
3189	6
3190	2
3191	5
3192	3
3193	5
3194	6
3195	2
3196	1
3197	1
3199	1
3200	3
19584	1
3201	2
3202	4
3203	1
3204	5
3205	4
3206	3
3207	6
3208	4
3209	1
3210	3
3211	6
3212	2
3213	3
3214	3
3215	4
3216	1
3217	1
3218	3
3219	3
3220	4
3221	3
3222	2
3223	5
3224	2
3225	3
3226	1
3227	3
3228	4
3229	2
3230	4
3231	1
19616	1
3232	3
3233	5
3234	4
3235	3
3236	2
3237	4
3238	3
3239	2
3240	3
3241	4
3242	4
3243	5
3244	3
3245	3
3246	2
3247	2
3248	5
3249	1
3250	4
3251	4
3252	4
3253	6
3254	2
3255	1
3256	3
3257	4
3258	3
3259	6
3260	3
3261	1
3262	5
3263	2
3264	1
3265	4
3266	4
19650	1
3267	3
3268	3
3270	5
3271	2
3272	3
3273	3
3275	5
3276	4
3277	1
3278	2
3279	1
3281	1
3282	5
3283	5
19668	2
3284	4
3285	3
3286	2
3287	1
3288	3
3289	3
3290	3
3291	5
3292	2
3293	3
3294	4
3295	2
3296	5
3297	1
3298	4
3299	1
3300	3
3301	2
19685	1
3302	5
3303	4
3304	4
3305	2
3306	4
3307	2
19692	1
3308	3
3309	4
3310	2
3311	1
3312	4
3313	2
3314	1
3315	3
3316	2
3317	3
3318	6
3319	3
3320	1
3321	2
3322	3
3323	2
3325	1
3326	5
3327	2
3328	4
3329	3
3330	2
3331	4
3332	2
3333	2
3334	4
3335	2
3336	2
3337	3
3338	4
3339	3
3340	1
3341	2
3342	2
3343	3
3344	4
3345	2
3346	3
3347	3
3348	3
3349	3
3350	1
3351	2
3352	2
3354	3
3356	3
3357	3
3359	1
3360	1
3361	4
3362	4
3363	3
3364	4
3365	2
3366	6
3367	2
3368	1
3369	3
3370	3
3371	2
3372	4
3376	2
3377	4
3378	2
3379	3
3380	3
3381	4
3382	2
3383	2
3384	1
3385	3
3386	3
3387	2
3388	2
3389	5
3390	3
3391	4
3392	1
3393	2
3394	1
3395	3
3397	6
3398	3
3399	2
3400	3
3401	4
3402	4
3403	1
3404	3
3405	2
3406	1
3407	2
3408	3
3409	1
3410	3
3411	2
3412	2
3413	2
3414	3
3415	1
3416	2
19800	1
3417	3
3418	3
3419	2
3420	4
3421	4
3422	2
3423	1
3424	4
3425	5
3426	4
3427	3
3428	4
3429	2
3430	5
3431	2
3432	1
3434	4
3435	4
3436	5
19821	1
3438	4
3439	3
3441	4
3442	2
3443	5
3444	3
3445	2
3446	1
3447	1
3448	3
3449	2
3450	3
3451	3
3452	2
3453	2
3454	1
3455	2
3456	1
3457	3
19842	1
3459	2
3460	5
3461	3
3462	1
3463	3
3464	2
3465	3
3466	1
19851	1
3467	3
3468	5
3469	1
3470	5
3471	3
3472	1
3473	6
3474	1
3475	2
3477	2
3478	1
3479	1
3480	3
3481	2
3482	3
3483	6
3484	2
3485	6
3486	3
3487	5
3489	3
3490	2
3491	6
3492	7
3493	2
19877	1
3494	2
3495	1
3496	1
3497	1
3498	3
3499	1
3500	2
3501	3
3502	4
3504	2
3505	1
3506	2
3507	2
3508	4
3509	3
3511	2
3512	5
3513	1
3514	3
3515	1
3516	1
3517	7
3518	3
3520	4
3521	2
3522	1
3523	2
3524	4
3525	6
3527	2
3528	4
3529	1
3530	3
3533	3
3535	1
3536	4
3537	5
3539	3
3540	3
3541	2
3542	2
3544	3
3545	4
3546	1
3547	5
3550	3
3551	2
3552	2
3553	2
3555	6
3556	2
3557	2
3558	3
3559	1
3560	3
3561	1
3562	2
3563	1
3564	1
3565	2
3566	1
3567	4
3568	6
3569	4
3570	2
3571	2
3572	4
3573	2
3575	1
3576	3
19961	1
3578	3
3579	3
3580	3
3581	4
3582	3
3583	2
3584	2
3585	1
3587	4
3588	1
3589	1
3590	3
3591	2
3592	4
3593	2
3594	2
3596	1
3597	3
3598	1
3599	3
3600	1
3601	5
3602	2
3603	1
19988	2
3604	3
19989	1
3605	3
3606	2
3607	2
3608	5
3609	6
3610	3
3611	3
3612	5
3613	2
3614	3
3615	1
3616	2
3617	2
3618	1
3619	4
20003	1
3620	3
3622	3
3623	2
3624	1
3625	2
3626	1
3627	2
3628	4
3629	3
3630	1
3631	3
3632	1
3633	2
3634	3
3635	4
20020	1
3637	1
3638	2
3639	2
3640	1
3641	2
3642	3
3644	1
3645	6
3646	2
3647	2
3648	1
3649	1
3650	6
3651	3
20035	1
3652	4
3653	3
3656	1
3657	1
3658	4
3659	1
3660	3
3661	3
3662	5
3663	2
3664	3
3665	2
3666	2
3667	2
3668	3
3669	3
3671	5
3672	2
3673	4
3675	2
3676	2
3677	1
3678	4
3679	2
3680	4
3681	3
3682	3
3683	6
3685	1
3687	1
3688	2
3690	2
3691	1
3693	2
3694	1
3695	2
3696	1
3697	3
3699	3
3700	1
3701	3
20085	1
3702	2
3704	1
3705	1
3706	3
3707	3
3708	2
3709	3
3710	3
3711	2
3712	6
3713	1
3714	1
3715	1
3716	5
3717	2
3718	2
3719	5
3721	1
3722	1
3723	2
20109	1
3725	1
3726	4
3727	2
3728	1
3729	2
3730	1
3731	4
3732	2
3734	1
3735	3
3736	3
3738	2
3739	5
20123	1
3740	1
3741	3
3743	1
3744	3
3745	2
3746	2
3748	1
3749	2
3751	3
3752	7
3753	1
20137	1
3754	1
3755	1
3756	1
3757	4
3758	1
3759	2
3760	4
3761	2
3763	3
3764	3
3767	2
3768	1
3770	2
20154	1
3771	1
3772	2
3773	3
3774	1
3775	2
3776	1
3777	5
3778	2
3779	2
3780	1
20165	1
3781	4
3782	2
3783	1
3784	1
3785	2
3786	3
3787	2
3788	4
3789	5
3791	3
3792	1
3793	2
3794	3
3795	2
20179	1
3796	2
3797	5
3798	2
3799	1
3800	2
3801	1
3802	2
3803	2
3804	1
3805	4
3806	1
3807	2
3808	4
20192	1
3809	1
3810	2
3811	6
3812	4
3813	2
3814	1
3815	2
3816	4
3818	1
3819	3
3820	3
3822	1
3823	4
3824	3
3825	4
3826	1
3827	2
3828	1
3829	3
3830	3
3831	1
3832	1
3833	3
3834	3
3835	3
3837	1
3838	1
3839	4
3841	2
3842	3
3843	3
3844	5
3845	1
3846	1
3848	3
3849	2
3850	2
3851	5
3852	2
3853	2
3854	3
3855	2
3856	1
3857	3
3858	4
3859	1
3860	2
3861	2
3862	3
3863	2
3864	2
3865	2
3866	1
3868	2
3869	5
3870	1
3871	2
3872	1
3873	4
20257	1
3874	3
3875	3
3876	2
3877	3
3878	3
3879	1
20263	1
3880	2
3881	1
3882	2
3883	2
3885	1
3886	3
3889	3
3890	2
3891	1
3892	1
3895	3
3897	1
3898	2
3899	2
3900	2
3901	2
3902	1
3903	1
3904	2
3905	1
3906	3
3907	1
3908	2
3910	1
3912	2
3913	1
3914	2
3916	1
3917	3
3918	2
3919	1
3920	1
20304	1
3921	3
3923	4
3924	4
3925	1
3927	1
3928	1
3930	1
3932	3
3934	3
3935	1
3936	3
3937	1
3940	6
3941	1
3942	1
3943	1
3944	6
3946	1
3947	4
3948	4
3949	2
3951	2
3952	1
3953	1
3954	3
3955	2
3957	2
3959	4
3960	2
3961	2
3963	2
3964	1
3966	2
3967	2
3969	2
3970	2
3971	1
3973	1
3975	1
3977	3
20363	1
3980	3
3981	2
3982	1
3983	3
3985	1
3986	3
3987	5
3989	3
3992	1
3993	2
3995	4
3999	2
4000	2
4001	1
4002	2
4003	3
4004	1
4005	1
4006	3
4007	3
4009	2
4010	4
4011	1
4012	2
4013	4
4014	1
4015	1
4016	1
4018	2
20402	1
4020	3
4022	2
4023	6
4024	2
4025	3
4026	1
4027	3
4028	1
4029	1
4030	2
4031	1
4032	1
4034	1
4036	3
4037	3
4038	1
4039	1
4040	2
4041	1
4042	1
20427	1
4043	2
4044	1
4045	3
4046	2
4047	1
4048	4
4049	2
4050	1
4051	2
4052	1
4053	3
4054	1
4055	2
4056	1
4057	2
4058	6
4059	4
4060	1
4061	1
4062	1
4063	1
4065	2
4066	2
4067	4
4068	1
4069	2
4072	2
4075	1
4076	1
4077	3
4079	1
4081	3
4082	2
4083	1
4084	2
4085	1
20469	1
4086	3
4087	1
4088	2
4090	1
4091	4
4092	1
4093	2
4094	2
20478	1
4095	6
4096	1
4098	1
4100	1
4101	2
4102	2
4104	4
4105	4
4106	3
4107	2
4109	2
4110	1
4111	1
20496	1
4112	1
4114	1
4116	2
4117	1
4118	2
4119	2
4120	1
4121	1
4123	1
4125	4
4126	1
4127	1
4128	4
4129	1
4130	3
4131	2
4133	3
4134	1
4135	1
4136	3
4137	4
4138	1
20523	1
4143	1
4145	1
4146	1
4147	6
4149	3
4150	2
4151	2
4152	2
4153	1
4154	3
4156	1
4157	4
4159	1
4160	2
4161	1
4162	3
4163	1
20548	1
4165	2
4166	3
4168	1
4169	2
4171	1
4172	5
4173	2
4174	2
4175	1
4177	4
4178	1
4179	1
4180	2
4181	2
4182	1
4184	4
4185	3
20570	1
4187	2
4188	1
4190	1
4191	2
4192	2
4193	1
4194	3
4195	1
4196	1
4197	1
4198	2
4199	2
4200	1
4201	2
4202	2
4203	1
4204	2
4205	3
4207	1
4208	3
4209	1
4210	1
4211	1
4212	1
4213	1
4214	1
4215	2
4216	2
4217	1
4219	2
4220	2
4221	1
4222	2
4223	2
4224	3
4225	1
4226	2
4227	2
4228	1
4229	1
4230	1
4231	1
4232	3
4233	1
4234	1
4237	1
4238	2
4240	1
4241	2
4242	3
4243	1
4247	2
4249	1
4250	1
4251	3
4252	2
4253	2
4254	2
4255	4
4256	1
4257	2
4258	2
4259	4
4261	1
4262	2
4263	2
4264	4
4265	1
4266	1
4267	2
4268	1
4269	1
4270	1
4271	1
4272	2
20656	1
4273	1
4274	2
4277	3
4278	2
4279	1
4281	4
4283	2
4284	1
4286	3
4287	4
4289	3
4290	3
4291	4
4294	2
4295	1
4296	2
4297	2
4298	2
4299	2
4300	1
4301	4
4302	3
4303	3
4304	3
4305	3
4306	1
4308	1
4309	2
4310	3
4311	2
20695	1
4312	4
4313	2
4314	2
4315	2
4316	2
4317	1
4318	1
4319	2
4320	1
4321	1
4322	2
4323	1
4324	3
4327	1
4328	2
4329	3
4331	1
4332	2
4333	2
4335	3
20720	1
4337	1
4338	3
4339	1
4342	1
4343	1
4344	2
20728	1
4345	2
4346	4
4347	2
4349	3
4352	1
4353	4
4354	3
4356	1
4357	2
4358	2
4359	1
4361	2
4362	3
4363	2
4364	3
4365	1
4366	3
4367	1
4368	2
4369	3
4370	1
4371	2
4372	4
4373	3
4374	4
4375	3
4376	2
4377	2
4378	2
4380	1
4381	2
4382	3
4383	3
4384	2
4385	1
4386	2
4387	1
4388	1
4389	1
4390	4
4391	4
4392	1
4393	2
4394	2
4395	2
4396	2
4397	1
4399	1
4400	1
4401	1
4403	3
4404	2
4406	1
4408	1
4409	1
4410	1
4411	1
4412	1
4415	3
4416	1
4417	2
4419	2
4420	3
4421	2
4423	1
4424	2
4425	1
4426	1
4427	1
4428	2
20812	1
4429	1
4430	1
4431	4
4432	3
4433	4
4435	2
4436	6
4438	2
4440	1
4442	1
4443	2
4444	2
4445	2
4446	1
4447	1
4449	1
4451	1
4452	1
4453	1
4455	2
4456	1
4457	1
4458	3
4459	3
4460	1
4461	2
4462	1
4463	2
4464	3
4465	1
4466	5
4467	3
4468	2
4469	1
4470	5
4471	1
4473	1
4474	2
4475	2
4476	3
4477	4
4479	2
4480	2
4481	3
4482	1
4483	1
4484	3
4485	1
4486	1
20871	1
4490	2
4491	1
4492	1
4493	1
4494	2
4495	1
4496	1
4497	1
4498	2
4499	1
4500	1
4501	1
4502	2
4503	2
4504	5
4505	3
4506	2
4508	1
4509	4
4510	1
4511	1
4512	3
4513	3
4514	3
4515	3
4517	1
4519	2
4522	1
4524	2
4526	3
4529	3
4530	1
4531	2
4532	1
4533	2
4534	1
4535	2
4537	2
4539	2
4541	1
4543	1
20928	1
4546	1
4547	2
4548	1
4550	5
4552	1
4553	2
4555	3
4556	2
4558	1
4559	2
4560	1
4562	1
4563	2
4564	2
4565	3
4566	2
4567	1
4568	1
4569	1
4572	2
4573	1
4575	1
4577	2
4578	1
4579	1
4580	3
20965	1
4584	1
4585	2
4587	1
4588	2
4590	2
4591	2
4592	3
4593	3
4594	3
20978	1
4595	2
4596	1
4598	1
4599	1
4600	2
4601	4
4605	2
4606	1
4607	1
4608	5
4610	1
4611	1
4612	1
4614	1
4615	1
4616	2
4617	3
4618	3
4619	1
4620	2
4622	1
4623	2
4624	3
4625	1
4626	2
4627	3
4628	4
4629	4
4630	3
4631	7
4632	5
4633	5
4634	4
4635	2
4636	3
4637	2
4638	4
4639	4
4640	1
4641	2
4642	1
4643	3
4644	1
4645	2
4646	1
4647	4
4648	1
4651	1
4652	1
4655	1
4658	2
4660	2
4661	1
4662	3
4663	1
4664	2
4665	2
4668	1
4669	1
4672	2
4673	1
4674	2
4675	1
4676	1
4677	1
4678	1
4681	2
4685	5
4686	2
4687	1
4690	1
4691	2
4692	1
4693	1
4695	2
4696	2
4699	2
4701	2
4702	1
4705	1
4706	3
4707	1
4708	2
4709	1
4710	1
4712	2
4713	1
21097	1
4715	1
4716	1
4717	1
4718	1
4719	3
4720	1
4721	1
4722	2
4724	1
4725	1
4726	1
4727	3
4728	2
4729	2
4730	1
4731	3
21115	1
4732	2
4733	4
4734	2
4736	4
4737	2
4738	2
4739	3
4740	1
4741	1
4742	1
4743	2
4744	1
4745	1
4746	2
4747	3
4748	2
4749	2
4751	4
4752	1
4753	2
4754	1
4755	1
4758	3
4759	1
4760	1
4761	1
4762	1
4765	1
4766	2
4768	1
4771	1
4772	1
4773	4
4774	1
4775	2
4777	2
4778	2
4779	1
4784	1
4785	2
21170	1
4786	1
4787	2
4788	2
4789	1
4790	3
4792	1
4797	4
4798	1
4801	1
4802	1
4803	2
4805	1
4806	2
4807	1
4808	1
4809	1
4811	2
4812	1
4813	1
4816	1
4817	1
4819	1
4820	1
21206	1
4823	2
4824	1
4825	2
4827	2
4828	4
4830	1
4832	2
4833	3
4834	3
4835	3
4836	1
4837	1
4838	1
4839	1
4840	1
4841	3
4843	2
4844	2
4845	1
4847	1
4849	1
4850	3
4851	1
4852	2
4853	3
4854	2
4855	2
4856	4
4857	2
4860	1
4861	3
4862	1
4863	1
4865	1
4866	1
4867	2
4868	1
4870	1
4871	3
4875	2
4876	1
4877	2
4878	1
4880	1
4881	2
4882	1
4884	2
4885	1
4886	1
4887	2
4890	1
4893	1
4895	1
4896	1
4899	3
4900	1
4904	2
4908	2
4910	1
4912	2
4913	2
4914	3
4915	1
4916	1
4917	2
4919	2
4921	1
4922	1
4923	1
4924	1
4925	2
4927	1
4928	1
4930	1
4931	1
4933	3
4938	2
4939	3
4940	2
4942	3
4944	4
4946	1
4947	2
4948	3
4949	1
4951	2
4954	1
4955	1
4957	1
4959	2
4962	2
4964	1
4967	2
4969	1
4971	2
4974	5
4975	1
4977	1
4978	2
4979	2
4980	1
4981	1
4982	1
4983	3
4985	3
4986	2
4988	1
4989	3
4990	1
4991	1
4993	2
4994	4
4995	1
4996	1
4998	1
5002	2
5004	1
5006	1
5007	1
5008	1
5009	1
5010	2
5012	2
5016	1
5017	2
5018	4
5021	2
5022	1
5026	2
5027	1
5028	2
5031	1
5033	1
5035	1
5037	1
5038	1
5039	1
5042	2
5044	1
5045	2
5047	1
5050	2
5051	2
5053	2
5055	1
5056	1
5057	3
5061	2
5062	1
5064	1
5065	3
5066	2
5067	1
5068	2
5069	1
5070	1
5073	1
5075	1
5076	2
5077	2
5078	1
5079	2
5080	1
5081	2
5083	1
5085	2
5086	2
21470	1
5089	2
5090	1
5093	1
5094	1
5095	1
5096	1
5097	1
5099	1
5100	2
5101	1
5102	3
5103	2
5104	2
5105	1
5108	1
5109	1
5110	2
5111	2
5112	1
5114	1
5115	2
5117	2
5120	1
5121	1
5122	1
5123	1
5126	1
5128	1
5132	1
5134	1
5135	3
5136	1
5137	1
5140	1
5141	2
5143	1
5144	3
5145	1
5146	1
5147	2
5148	1
5149	2
5150	1
5151	1
5154	1
5156	2
5158	1
5162	1
5163	2
5164	1
5166	2
5169	1
5170	3
5171	2
5173	2
5174	1
5177	1
5178	1
5179	1
5180	1
5181	1
5183	1
5185	1
5189	3
5190	1
5192	1
5193	1
5194	1
5195	1
5196	1
5197	1
5198	1
5202	2
5205	1
5206	1
5207	1
5208	1
5209	2
5210	2
5211	3
5212	4
21598	1
5216	1
5218	2
5219	1
5222	2
5223	1
5225	2
5227	4
5230	4
5232	1
5233	3
5234	1
5236	1
5240	3
5243	1
5245	1
5246	1
5247	1
5248	1
5250	1
5252	2
5254	1
5255	2
5258	2
5259	3
5266	2
5267	2
5268	1
5269	2
21654	1
5272	1
5274	3
5275	1
5276	3
5277	2
5280	1
5281	3
5282	2
5283	1
5284	1
5285	3
5288	2
5291	1
5292	2
5293	2
5294	2
5296	4
5298	1
5300	1
5302	1
5304	2
5307	1
5308	1
5310	2
5313	1
5314	1
5315	2
5321	1
5323	1
5325	1
5326	1
5330	1
5331	1
5332	1
5335	3
5339	1
5340	1
5341	2
5342	2
5344	1
5346	2
5351	1
5352	2
5357	1
5358	1
5361	1
5363	1
5364	1
5367	2
5369	2
5372	1
5376	1
5378	2
5379	2
5381	1
5382	3
5384	1
5386	1
5388	3
5392	1
5394	3
5395	1
5397	2
5398	2
5401	4
5402	1
5403	1
5407	1
5409	1
5410	3
5412	4
5413	1
5414	2
5415	2
5416	1
5417	1
5419	1
5423	3
5425	1
5427	5
5430	1
5432	1
5433	1
5434	2
5435	1
5436	1
5437	1
5441	2
5443	1
5447	1
5448	2
5451	1
5452	1
5455	1
5456	1
5458	1
5460	1
5463	2
5464	1
5465	1
5466	1
5469	1
5470	1
5474	1
5475	2
5476	1
5478	1
5481	1
5482	1
5483	1
5484	1
5485	1
5491	1
5493	1
5495	1
5496	1
5497	2
5498	1
5499	2
5500	2
5503	1
5505	1
5506	2
21890	1
5507	1
5512	2
5513	3
5516	1
5518	1
5519	1
5525	1
5526	1
5527	2
5529	1
5530	1
5532	1
5538	2
5539	1
5540	2
5544	2
5545	1
5546	1
5548	2
5549	1
5550	1
5552	1
5555	1
5557	1
5559	1
5561	1
5562	2
5563	1
5569	1
5570	1
5574	1
5577	2
5580	2
5581	1
5582	1
5583	1
5585	1
5588	1
5589	1
5591	1
5592	2
5593	1
21978	1
5595	1
5598	1
5599	1
5600	1
5602	1
21987	1
5609	1
5611	2
5612	2
5613	1
5614	2
5615	1
5616	2
5617	1
5623	1
5624	1
5625	1
5627	1
5628	1
5629	2
5630	1
5632	1
5635	1
5637	1
5638	1
5640	1
5641	4
5642	2
5643	1
5645	1
5647	1
5649	3
5651	1
5653	1
5655	1
5656	1
5661	1
5665	2
5667	1
5668	2
5671	1
5677	1
5678	1
5681	1
5684	1
5685	2
5687	2
5689	1
5692	2
5693	1
5694	1
5695	1
5696	1
5701	1
5703	1
5706	2
5708	1
5713	2
5714	2
5715	1
5718	2
22112	1
5729	2
22114	1
5731	1
5733	1
5735	1
5736	1
5741	1
5742	1
5743	2
5744	1
5745	1
5749	1
5753	1
5754	2
5755	1
5757	1
5758	2
5763	2
5765	1
5767	1
5770	1
5771	2
5772	1
5774	3
5778	1
5780	1
5781	2
5784	2
5785	2
5786	1
5790	1
5796	1
5799	1
5800	1
5801	1
5802	1
5805	2
5807	1
5808	2
5809	1
5812	1
5813	1
5814	2
5816	1
5817	1
5820	1
5822	1
5824	2
5825	2
5826	1
5829	1
22215	1
5833	2
5836	1
5837	1
5838	1
5840	1
5842	2
5843	2
5844	1
5848	2
5849	1
5850	2
5851	1
5855	1
5856	1
5857	1
5860	1
5862	1
5864	1
5870	1
5878	1
5879	3
5880	1
5882	1
5884	2
5885	2
5886	1
5887	3
5888	3
5890	2
5893	2
5894	2
5895	2
5899	1
5900	3
22285	1
5901	2
5902	1
5903	1
5905	2
5906	2
22293	1
5911	1
5912	2
5914	1
5918	1
5920	1
5921	2
5922	1
5923	2
5924	1
5927	1
5928	1
22316	1
5932	1
5933	1
5935	3
5936	1
5938	2
5942	1
5944	1
5945	1
5948	1
5950	2
5951	1
5953	1
5956	1
5957	1
5960	1
5961	1
5963	1
5968	1
22352	1
5969	1
5970	1
5973	1
5974	3
5975	1
5976	1
5977	2
22361	1
5978	2
5980	3
5981	2
5985	1
5987	1
5989	1
5990	1
5991	2
5992	1
5993	2
5996	1
5997	1
5999	2
6003	2
6005	1
6006	2
6008	2
6009	1
6010	1
6011	1
6017	1
6022	1
6027	2
6028	1
6029	2
6030	1
6032	1
6033	1
6035	1
6037	1
6044	2
6048	1
6050	3
6053	1
6054	1
6056	2
22444	1
6062	1
6063	1
6064	1
6068	1
6069	1
6070	2
6071	1
6073	2
6075	2
6078	2
6081	1
6083	1
6085	2
6087	1
6089	1
6090	1
6092	1
6096	1
6097	1
6098	1
6106	1
6107	1
6110	1
6111	1
6113	2
6115	2
6117	1
6119	2
6120	1
6122	1
6123	1
6124	2
6125	1
6130	1
6131	1
6132	2
6133	1
6134	3
6135	1
6136	1
6137	1
6142	1
6145	1
6146	2
6147	1
22532	1
6151	1
6154	1
6159	2
6160	1
6162	1
6163	3
6166	3
6168	1
6170	1
6171	1
6172	1
6173	1
6176	1
6178	1
6183	2
6185	2
6187	1
6189	1
6192	1
6196	2
6197	1
6198	1
6201	1
6202	2
6203	2
6204	1
6206	1
6208	1
6212	1
6216	1
6219	1
6220	1
6226	2
6227	1
6228	1
6233	1
6234	1
6236	1
6240	4
6241	1
6243	2
6244	1
6251	2
6253	1
6254	1
6255	1
6256	1
6260	1
6262	2
6263	1
6265	1
6266	1
6269	1
6274	1
6276	1
6280	3
6281	1
6287	1
6289	2
6291	1
6294	1
6296	1
6298	1
6302	1
6305	3
6308	3
6310	1
6312	1
6315	1
6316	1
6326	1
6327	1
6332	1
6333	2
6339	2
22724	1
6344	1
6346	1
6347	1
22732	1
6350	1
6351	1
6354	1
6357	1
6360	1
6361	1
6362	1
6363	1
6364	1
6366	1
6367	1
6368	1
6370	1
6373	1
6374	1
6375	1
6378	1
6379	3
6380	1
22766	1
6383	2
6384	1
6389	1
6391	1
6395	1
6396	1
6398	1
6399	1
6404	1
6406	1
6407	2
6409	2
6410	1
6412	3
6413	1
6417	1
6418	1
6419	1
6420	1
6421	1
6422	1
6423	1
6426	1
6427	1
6430	1
6435	1
6437	1
22821	1
6442	1
6443	1
22828	1
6447	1
6450	1
6452	1
6453	1
6455	1
6456	1
6459	1
6465	1
6466	1
6471	2
6474	1
6475	1
6478	1
6479	1
6482	2
6483	1
6484	4
6485	2
6486	2
6488	1
6490	1
6491	3
6492	1
6494	1
6497	1
6504	2
6506	1
6510	2
6515	1
6516	1
22902	1
6519	1
6520	1
6521	2
6528	1
22914	1
22918	1
6535	1
6538	1
6539	1
6540	4
6546	1
6547	1
6553	1
6556	1
6557	1
6561	2
6563	1
6566	2
6567	1
6568	1
6572	3
6574	1
6577	2
6582	1
6583	1
6584	1
6585	2
6586	1
6588	1
6589	1
6591	3
6592	1
6593	1
6601	1
6602	1
6603	2
6605	1
6608	1
6610	1
6612	1
6614	2
23000	1
6616	1
6618	1
6620	1
6621	2
6623	1
6624	1
6628	1
6630	1
6631	1
6632	1
6639	1
6642	1
6645	1
6651	2
23035	1
6656	1
6661	1
6662	1
6663	2
6666	1
6669	1
6670	1
6672	1
6677	3
6687	1
6688	3
6691	1
6695	1
6699	1
6700	1
6706	1
6707	1
6709	2
6710	1
6711	1
6716	1
6718	1
6723	1
6724	1
6726	1
6727	2
6728	1
6731	1
6732	1
6739	1
6744	1
6746	2
6750	1
6751	1
6754	1
6755	1
6757	2
6758	1
6761	1
6763	1
6764	1
6765	1
6768	1
6771	2
6772	1
6773	1
23158	1
6775	2
6778	1
6779	1
6781	1
6784	1
6786	1
6789	1
6790	1
6792	1
6796	1
6797	1
6799	1
6802	2
6808	1
6809	1
6813	2
6815	1
6819	1
6820	1
6822	1
6823	2
23209	1
6827	1
6835	1
6839	1
6840	2
6842	1
6845	2
6846	1
6847	1
6855	1
6857	1
6858	3
6860	1
6863	1
6870	1
6872	1
6877	2
6878	1
6880	1
6881	1
6882	1
6884	1
6888	3
6889	1
6890	1
6893	1
6894	1
6898	1
6899	3
23291	1
6908	1
6910	1
6913	1
6915	1
6916	1
6922	2
6931	2
6932	1
6933	1
6934	1
6937	1
6946	2
23331	1
6948	1
6949	1
6950	1
6951	1
6953	1
6954	1
6959	1
6960	1
6964	1
6966	1
6969	1
6970	1
6973	1
6974	1
6976	1
6984	1
6985	1
6986	2
6988	1
6992	1
6993	1
6994	1
6995	1
6997	1
7000	1
7002	1
7004	1
7006	1
7007	1
23393	1
7009	2
7017	1
7018	1
7019	1
7020	2
7026	2
7034	2
7035	1
7036	2
7038	1
7039	1
7041	1
7043	1
7045	1
7049	1
7050	1
7056	1
7058	1
7059	1
23444	1
7062	1
7066	1
7067	1
7068	1
7070	1
7072	1
7073	2
7075	1
7079	1
7082	1
7085	1
7088	1
7089	1
7092	1
7096	1
7101	1
7110	2
7111	1
7117	1
7118	2
7121	1
7123	1
7124	1
7126	1
7129	1
7132	1
7133	1
7134	1
7136	1
7137	1
7138	1
7141	1
7142	1
7143	1
7145	4
7147	1
7148	1
7149	1
7152	1
7153	2
7160	1
7162	2
7164	2
7169	2
7170	1
7171	1
7172	1
7176	1
7177	1
7178	1
7179	2
7180	1
23565	1
7184	3
7185	1
7189	2
7194	2
7195	2
7196	1
7197	1
7202	1
7205	1
7206	1
7208	2
7210	1
7213	1
7214	1
7218	2
7227	1
7231	1
7234	1
7237	1
7238	2
7240	1
7244	1
7247	1
7255	1
7259	1
7264	1
7267	2
7268	1
7269	1
7271	1
7277	1
7278	1
7279	1
7280	1
7284	1
23672	1
7290	1
7292	1
7299	1
7300	1
7309	1
7310	1
7312	1
7313	1
7315	2
7318	1
7322	2
7324	1
7327	2
7330	1
7334	1
7335	2
7339	2
23726	1
7342	1
23727	1
7345	1
23729	1
7346	2
23730	1
23731	1
23732	1
7349	2
23733	1
23734	1
7351	1
23735	1
23736	1
7355	1
7358	1
7359	2
7362	2
7364	1
23750	1
7374	1
7375	1
7378	1
7380	1
7385	2
23770	1
7387	2
23772	1
7392	1
23779	1
7395	1
7396	1
23785	1
7403	1
23793	1
7409	1
23798	1
7417	1
7420	1
7425	1
7426	1
7428	1
7429	1
7430	1
7431	1
7434	1
7439	1
7440	1
23826	1
7442	1
7443	1
7444	1
7446	2
23831	1
23832	1
23833	1
23834	1
23835	1
23836	1
23837	1
23838	1
7454	2
7455	2
23839	1
23840	1
7457	2
23841	1
23842	1
23843	1
23844	1
7461	1
23845	1
23846	1
23847	1
7464	1
7468	1
7472	1
7478	1
7483	1
7487	1
7491	1
7494	1
7497	2
7499	1
7500	1
7501	2
7509	1
23894	1
7510	1
7511	1
7515	2
7516	2
7517	1
7518	1
7523	1
7527	1
7529	1
7531	1
7533	1
23918	1
23919	1
7536	1
23921	1
7539	1
7546	2
7551	1
7556	1
7560	1
7565	1
7568	1
7573	1
23959	1
7578	1
7579	2
23967	1
7586	2
7587	1
7588	1
7590	1
7591	1
23976	1
7592	1
7593	1
7595	1
7600	1
23986	1
7604	1
7605	1
7606	1
7611	1
7614	1
7617	1
7620	1
7622	1
7626	1
7630	2
7634	1
7637	1
24025	1
7644	2
7645	1
7646	1
7647	1
7648	2
7649	2
7650	1
7654	1
24039	1
7655	1
7658	1
7665	2
7666	1
7668	1
7675	1
7676	3
7678	1
7682	1
7683	1
7686	1
7688	1
7693	1
7697	1
24082	1
7712	1
7713	1
7717	2
7718	1
7720	1
7721	1
7724	1
7730	1
7732	2
7737	1
7740	2
7741	1
7748	1
24133	1
24138	1
7757	1
7758	1
7759	1
7762	1
24147	2
7764	1
7768	3
7769	1
7770	1
7771	1
24156	1
7773	1
7777	1
7778	1
7779	1
7780	1
7781	2
7782	2
7783	1
7788	1
7790	1
7796	1
7800	1
7803	1
7804	2
7805	1
7808	1
24199	1
7818	3
24205	1
7821	1
7823	1
24210	1
7827	1
7829	2
7832	1
7838	1
7843	1
7853	1
7860	1
7865	1
7867	1
7868	1
7872	1
7873	1
7874	1
24260	1
7877	1
24262	1
7880	2
7881	2
7883	1
7892	1
7893	1
7894	1
7898	1
7900	1
7903	1
7908	1
7909	1
7910	1
7921	1
7922	1
7924	2
7932	1
7934	1
7939	1
7941	1
7946	1
7952	2
7955	1
7957	1
7959	1
7963	1
7972	1
7975	1
7977	1
7978	1
7984	1
7985	1
7987	1
7988	1
7991	3
7995	1
7996	1
7997	1
8000	1
8001	1
8003	1
8004	1
8006	1
8008	1
8012	1
8013	1
8014	3
8016	1
8017	2
8018	1
8019	1
8021	2
8023	1
8025	1
8026	1
8029	1
8032	1
8033	1
8038	1
8039	1
8040	1
8045	1
8053	1
8063	1
8066	1
8068	1
8069	1
8073	1
8075	2
8077	1
8078	1
8080	3
8086	1
8098	1
8099	1
8102	1
8105	1
8106	1
8107	2
8108	1
8112	1
8113	1
8116	1
8117	2
8118	1
8121	1
8129	1
8135	1
8136	1
8138	1
8140	1
8141	1
24527	1
8157	1
8162	1
8163	1
8166	1
8168	1
8169	1
8173	1
8175	1
24567	1
8185	1
24572	1
8192	1
8195	1
8198	1
8199	1
8202	1
8203	1
8209	1
24601	1
8222	2
8228	1
8229	1
8230	1
8234	1
8238	1
8239	2
8240	2
8242	1
8245	2
8247	1
8248	1
8249	1
8250	1
8251	1
8253	2
8255	1
8257	1
8258	2
24645	1
8262	1
8267	3
8268	1
8269	1
8270	1
8274	1
24660	1
24661	1
8277	1
8278	1
8283	1
8288	1
8293	1
8295	1
8298	1
8299	1
8306	1
24697	1
8316	2
8318	2
8319	1
8328	1
8329	1
24713	1
8330	1
8332	1
8336	1
8339	1
8340	1
8341	1
8347	1
8348	2
8349	1
8350	1
8352	1
8359	1
8363	1
8366	1
8369	1
8370	1
8371	2
8375	1
8380	1
8390	1
8395	1
8398	1
8399	1
8402	1
8403	1
8405	1
8406	2
8410	1
8411	1
8412	2
8413	1
8414	1
8416	2
8422	1
8425	1
8429	1
8431	1
8432	1
8438	1
8442	1
8443	1
8444	1
8445	1
8447	1
8451	1
8454	1
8457	1
8462	1
8468	1
8474	1
8475	1
8476	1
8480	1
8481	1
8491	1
8494	1
8500	1
8505	1
8506	1
8507	1
8516	2
8517	1
8519	1
8522	1
8524	1
8528	1
8531	1
8533	1
8535	1
8539	1
8543	2
8544	1
8545	1
8551	2
8553	1
8558	1
8559	1
8560	1
8561	1
24948	1
8565	1
8569	1
8574	1
8577	1
8586	1
8588	1
8593	1
8594	1
8597	1
8604	1
8611	2
8613	1
8619	1
8628	1
8629	1
8630	1
8633	2
25018	1
8640	1
8642	1
8644	1
8645	1
8647	1
8649	1
8652	1
8653	1
8664	1
8681	1
8694	3
8698	1
8701	1
8702	1
8708	1
8711	1
8713	1
8714	1
8716	1
8719	1
8727	1
8733	2
8739	1
8740	1
8743	1
8751	1
8756	1
8760	1
8764	1
8765	1
8768	2
8770	2
8773	1
8779	1
8784	1
8790	1
8792	1
8797	1
8798	2
8802	1
8806	1
8810	1
8812	1
8813	1
8814	1
8820	2
8824	3
8826	2
8829	2
8834	1
8835	1
8842	1
8846	1
8849	2
8852	1
8855	1
8856	1
8859	1
8862	1
8865	1
8866	1
8872	1
8873	1
8878	1
8879	1
8884	1
8888	1
8889	1
8890	1
8891	1
8899	1
8900	1
8901	1
8906	1
8909	1
8910	2
8916	1
8918	2
8920	1
8927	1
8933	1
8938	1
8940	2
8942	1
8943	1
8947	2
8950	1
8955	1
8960	2
8964	1
8970	1
8976	1
8985	2
8987	1
8990	1
8997	1
9001	1
9005	1
9009	1
9011	1
9021	1
9027	1
9029	1
9033	1
9036	1
9038	1
9048	1
9050	1
9053	2
9055	1
9056	1
9057	1
9062	1
9063	1
9064	1
9065	1
9066	2
9070	1
9071	1
9091	1
9093	1
25484	1
9102	1
9107	1
9110	1
9122	2
9126	1
9127	1
9131	1
9135	1
9143	1
9148	1
9150	2
9151	1
9164	1
9165	1
9168	1
9170	1
9171	1
9175	1
9179	1
9181	2
9182	1
9190	1
9191	1
9193	1
9200	2
9202	1
9203	1
9206	1
9209	1
9215	1
9216	1
9218	1
9219	1
9222	1
9226	2
9229	1
9231	1
9234	1
9235	1
9238	1
9240	1
9243	1
9252	1
9257	1
9259	1
9262	1
9265	1
9267	1
9269	1
9277	2
9279	2
9281	1
9285	1
9286	1
9289	1
9291	2
9293	1
9296	1
9301	1
9310	1
9312	1
9313	1
9315	1
9333	1
25722	1
9338	2
9339	1
9341	2
25725	1
9343	1
9352	1
9353	1
9357	1
9363	1
9372	1
9375	1
9380	1
9381	2
9384	1
25768	1
9386	1
9391	1
9395	1
9403	1
9406	1
9407	1
9413	1
9415	1
9417	1
9419	1
9420	1
9432	1
9434	1
9438	1
9439	1
9441	1
9446	1
9449	1
9450	1
9460	1
9463	1
9467	1
9470	1
9476	1
9482	1
9484	1
9486	2
9488	1
9494	1
9497	1
9498	1
9499	1
9500	3
9505	1
9509	1
9516	1
9521	1
9526	2
9530	1
9534	1
9535	1
9536	2
9538	2
9540	1
9544	1
9545	1
9548	1
9551	1
9552	1
9557	1
9558	1
9560	1
9571	1
9574	1
9575	1
9578	1
9580	2
9581	1
9589	1
9599	1
9601	1
9603	1
9605	1
9608	1
9609	2
9610	1
9613	2
9620	1
9624	1
9627	1
9629	1
9630	2
9635	1
9642	1
9643	1
9647	1
9648	1
9652	1
9665	1
9668	1
9672	1
9683	1
9685	1
9692	1
9701	1
9704	1
9705	2
9717	1
9719	1
9727	1
9736	1
9744	1
9751	1
9752	1
9759	1
9767	1
9771	1
9773	1
9777	1
9784	1
9787	1
9790	1
9792	1
9799	2
9800	1
9808	1
9809	1
9810	1
9820	1
9821	1
9822	1
9825	1
9830	1
9835	1
9846	1
9849	1
9852	1
9854	1
9857	1
9864	2
9866	1
9871	1
9877	1
9883	1
9887	1
9898	1
9907	1
9926	1
9930	1
9934	1
9935	1
9937	1
9939	1
9941	1
9945	1
9950	1
9959	1
9963	1
9966	1
9970	2
9974	1
9982	1
9990	1
9994	1
9996	1
10000	1
10005	1
10012	1
10013	2
10018	1
10035	1
10036	1
10042	1
10049	1
10056	1
10057	1
10058	1
10067	1
10077	1
10081	1
10087	1
10088	1
10091	1
10096	1
10097	1
10105	1
10107	1
10113	1
10119	1
10120	1
10121	1
10125	1
10132	1
10144	1
10160	1
10162	1
10167	1
10171	1
10173	1
10175	1
10180	1
10187	1
10188	1
10189	3
10197	1
10200	1
10204	2
10205	2
10215	1
10216	1
10219	1
10220	1
10234	1
10237	1
10239	1
10240	1
10249	1
10252	2
10256	1
10261	1
10274	1
10282	1
10300	1
10303	1
10307	1
10312	1
10324	2
10336	1
10341	1
10345	1
10352	1
10358	1
10374	1
10375	2
10383	1
10386	1
10390	1
10392	1
10393	1
10402	1
10403	1
10404	1
10405	1
10406	2
10408	1
10411	1
10415	2
10423	1
10428	1
10429	1
10442	1
10447	1
10467	1
10468	1
10473	1
10477	1
10482	1
10492	2
10502	1
10504	1
10510	1
10511	1
10513	1
10514	1
10515	1
10518	1
10519	1
10523	1
10524	1
10526	1
10528	1
10535	1
10538	1
10541	1
10543	1
10545	1
10551	1
10555	1
10564	2
10580	1
10581	1
10582	1
10591	1
10598	1
10599	1
10611	2
10615	1
10620	1
10624	1
10635	1
10639	1
10642	1
10643	1
10654	1
10663	1
10677	1
10681	1
10687	1
10691	2
10710	1
10717	1
10719	1
10730	1
10733	1
10736	1
10738	1
10740	1
10745	1
10750	1
10773	2
10778	2
10782	1
10786	1
10795	2
10797	1
10804	1
10806	1
10814	1
10827	1
10844	2
10845	1
10847	1
10854	1
10858	2
10866	1
10873	1
10878	1
10886	1
10888	1
10889	1
10892	1
10898	1
10902	1
10909	1
10920	1
10921	1
10922	1
10923	1
10925	1
10928	1
10936	1
10939	1
10947	1
10948	1
10956	1
10970	1
10992	2
10994	1
11009	1
11011	1
11029	1
11031	1
11041	1
11045	1
11047	1
11050	1
11053	1
11061	1
11067	1
11069	1
11073	1
11074	1
11079	1
11083	1
11087	1
11088	2
11092	1
11097	1
11098	1
11100	1
11101	1
11102	1
11113	2
11120	1
11123	1
11134	1
11135	1
11136	1
11139	1
11153	1
11155	1
11173	1
11176	1
11177	1
11184	1
11187	1
11190	1
11193	1
11202	1
11203	1
11204	1
11207	1
11209	1
11210	2
11211	1
11213	1
11216	1
11229	1
11244	1
11250	1
11255	2
11258	1
11259	1
11266	2
11268	1
11277	1
11280	1
11292	1
11294	1
11297	1
11306	1
11308	1
11312	1
11314	1
11316	1
11318	1
11321	2
11328	1
11330	1
11331	1
11333	1
11335	1
11340	1
11354	1
11358	1
11360	1
11361	1
11364	1
11370	1
11378	1
11381	1
11385	1
11386	1
11390	1
11391	1
11393	1
11407	1
11413	1
11435	1
11437	1
11439	1
11449	1
11450	1
11456	1
11461	2
11464	1
11465	1
11472	1
11485	1
11487	1
11489	1
11500	1
11507	1
11509	1
11517	1
11518	2
11531	1
11532	1
11533	1
11541	1
11543	1
11545	1
11554	1
11560	1
11571	1
11573	1
11574	1
11578	1
11579	2
11586	1
11587	1
11590	1
11609	1
11610	1
11618	2
11628	1
11629	1
11635	1
11639	1
11641	1
11648	1
11653	1
11665	1
11666	1
11678	1
11681	1
11683	1
11686	1
11689	1
11696	1
11705	1
11708	1
11715	1
11724	1
11728	1
11734	1
11743	1
11744	1
11762	1
11769	1
11773	1
11780	1
11781	1
11784	1
11797	1
11801	1
11802	1
11810	1
11815	1
11831	2
11832	1
11843	1
11848	1
11849	1
11850	1
11851	1
11855	1
11859	1
11864	1
11866	1
11873	1
11882	1
11894	1
11896	1
11901	1
11905	1
11910	1
11912	1
11919	2
11920	1
11921	1
11922	1
11923	1
11925	1
11930	1
11932	1
11942	1
11948	2
11951	1
11955	1
11961	2
11966	1
11974	1
11975	1
11978	1
11992	1
11994	1
11995	1
11997	1
12010	1
12012	1
12018	1
12026	1
12029	1
12031	1
12035	1
12036	1
12069	1
12072	1
12074	1
12080	1
12088	1
12094	1
12100	1
12101	1
12103	1
12141	1
12145	2
12147	1
12166	1
12167	1
12169	1
12177	1
12190	1
12192	1
12196	1
12203	1
12209	1
12212	1
12233	1
12235	1
12244	1
12249	1
12251	1
12275	1
12280	1
12308	1
12318	1
12327	1
12328	1
12331	2
12340	1
12342	1
12344	1
12346	1
12347	1
12349	1
12350	1
12351	1
12358	2
12361	1
12365	1
12368	1
12377	2
12383	1
12405	2
12406	1
12407	1
12413	1
12415	1
12418	1
12421	1
12428	1
12435	1
12445	1
12446	1
12447	1
12448	1
12463	1
12465	1
12486	1
12498	1
12506	2
12509	1
12518	1
12528	1
12533	1
12535	1
12539	1
12540	1
12541	1
12550	1
12556	1
12559	1
12564	1
12567	1
12571	1
12581	1
12582	1
12586	1
12590	1
12591	1
12602	1
12606	1
12628	1
12633	1
12634	1
12639	1
12648	1
12650	1
12665	1
12667	1
12672	1
12677	2
12704	2
12719	1
12736	1
12740	1
12764	1
12765	1
12774	1
12775	1
12783	1
12788	1
12789	1
12794	1
12796	1
12799	1
12804	1
12807	1
12813	1
12831	2
12840	1
12841	1
12855	2
12858	1
12859	1
12860	1
12868	1
12871	1
12876	1
12903	1
12904	1
12907	1
12915	1
12920	1
12935	1
12955	1
12966	1
12967	1
12969	1
12970	1
12972	1
12978	1
12991	1
12994	2
13002	1
13006	1
13007	1
13014	3
13022	1
13027	1
13033	1
13036	1
13039	1
13046	1
13049	1
13051	1
13055	1
13060	1
13068	1
13071	1
13085	1
13089	1
13095	1
13120	1
13122	1
13131	1
13132	1
13133	1
13153	1
13162	1
13164	2
13171	1
13180	1
13182	1
13188	1
13194	1
13211	1
13214	1
13217	1
13226	1
13231	1
13237	2
13240	1
13247	1
13248	2
13262	2
13264	1
13274	1
13277	1
13280	1
13286	1
13297	1
13304	1
13307	1
13325	1
13327	1
13328	1
13334	1
13337	1
13349	1
13350	1
13381	1
13382	1
13395	1
13401	2
13407	1
13422	2
13430	1
13435	1
13438	2
13442	1
13450	1
13452	1
13481	1
13486	1
13487	1
13489	1
13504	1
13505	1
13514	1
13516	1
13517	1
13523	1
13528	1
13530	1
13544	1
13554	1
13561	1
13579	1
13584	1
13588	1
13589	1
13594	1
13606	1
13614	1
13615	1
13629	1
13632	1
13634	1
13660	1
13667	2
13682	1
13690	1
13700	1
13711	1
13713	1
13714	1
13722	1
13723	1
13728	1
13730	1
13742	1
13746	1
13754	1
13763	1
13772	1
13775	2
13781	1
13807	1
13822	1
13835	1
13855	1
13864	1
13872	1
13882	1
13889	1
13912	1
13919	1
13923	1
13941	1
13949	1
13951	1
13958	1
13962	1
13964	1
13968	1
13977	1
13985	1
13997	1
14003	1
14007	1
14009	1
14019	1
14030	1
14051	1
14056	1
14062	1
14080	1
14088	1
14091	1
14097	1
14102	1
14110	1
14112	1
14114	1
14124	1
14125	1
14142	1
14153	1
14155	1
14156	1
14164	1
14199	1
14208	1
14212	1
14227	1
14233	1
14236	1
14240	1
14247	1
14248	1
14252	1
14260	1
14265	1
14273	2
14277	1
14280	1
14283	1
14285	1
14294	1
14301	1
14306	1
14318	1
14333	1
14344	1
14359	1
14361	1
14375	1
14378	1
14394	1
14411	1
14415	1
14417	1
14419	1
14436	1
14441	1
14444	1
14447	1
14453	1
14459	1
14468	1
14473	1
14474	1
14480	1
14490	1
14494	1
14496	1
14509	1
14518	2
14520	1
14527	1
14528	2
14529	1
14536	1
14539	1
14541	1
14542	2
14546	2
14571	1
14574	1
14581	1
14584	1
14605	1
14607	1
14612	1
14623	1
14626	1
14630	1
14639	1
14648	1
14669	1
14671	1
14676	1
14678	1
14684	1
14685	1
14693	1
14698	1
14699	1
14718	1
14724	1
14725	1
14726	1
14733	1
14737	1
14740	1
14748	1
14755	1
14761	1
14768	1
14779	1
14800	1
14801	1
14809	1
14814	1
14816	2
14827	1
14829	1
14833	1
14839	2
14844	1
14857	1
14858	3
14861	1
14862	1
14863	1
14865	1
14868	1
14879	1
14890	1
14894	1
14895	1
14900	1
14903	1
14911	1
14921	1
14926	1
14937	2
14942	1
14943	1
14944	1
14947	1
14953	1
14959	1
14961	1
14963	1
14969	1
14972	1
14974	1
14975	1
14976	1
14977	1
14978	2
14988	1
14998	1
15009	1
15010	1
15013	1
15015	2
15018	1
15019	1
15030	2
15038	1
15039	1
15041	2
15047	1
15052	1
15053	1
15057	1
15062	1
15064	1
15067	1
15070	1
15071	1
15079	2
15090	1
15095	1
15102	1
15104	1
15108	1
15109	1
15110	1
15112	1
15114	2
15116	2
15122	1
15129	1
15137	2
15141	1
15148	1
15149	2
15152	2
15153	1
15156	1
15157	1
15158	1
15163	1
15165	1
15175	1
15179	2
15180	2
15185	1
15189	1
15190	1
15191	1
15194	1
15195	1
15198	1
15200	2
15201	1
15202	1
15206	1
15211	1
15222	1
15224	1
15234	1
15245	1
15248	1
15252	1
15255	1
15259	1
15266	1
15269	2
15275	1
15289	1
15290	1
15291	1
15294	1
15296	1
15302	1
15310	1
15314	1
15317	1
15322	1
15326	1
15328	1
15333	1
15334	1
15339	1
15345	1
15347	1
15353	1
15354	1
15360	1
15368	2
15374	1
15376	1
15386	1
15388	1
15389	2
15391	1
15402	1
15407	1
15408	1
15409	1
15413	1
15415	2
15428	1
15432	4
15435	1
15438	1
15447	1
15456	1
15461	1
15463	1
15464	1
15467	1
15469	1
15475	1
15476	1
15478	1
15482	1
15491	1
15493	1
15494	1
15500	1
15507	1
15510	1
15513	1
15516	1
15517	1
15518	1
15527	1
15529	1
15530	1
15531	1
15533	1
15534	1
15537	1
15539	1
15545	1
15548	1
15553	1
15554	1
15556	1
15557	1
15570	1
15571	1
15582	1
15583	1
15584	1
15585	1
15588	2
15591	1
15602	1
15609	1
15617	1
15624	1
15627	1
15628	1
15630	1
15635	1
15637	1
15640	1
15646	2
15648	1
15650	1
15652	1
15659	1
15660	1
15667	1
15676	1
15683	1
15694	1
15702	1
15703	1
15712	1
15714	2
15719	1
15722	1
15724	1
15725	1
15732	2
15733	2
15739	1
15742	1
15743	1
15745	2
15756	1
15765	1
15769	1
15772	1
15773	1
15774	1
15776	1
15779	1
15780	1
15785	1
15789	1
15792	1
15795	1
15805	1
15813	1
15816	1
15820	1
15822	1
15823	1
15824	1
15829	1
15830	1
15835	1
15838	1
15840	2
15847	1
15851	1
15853	1
15855	2
15858	3
15866	1
15867	1
15870	1
15872	1
15875	1
15876	1
15879	1
15886	1
15892	1
15898	2
15901	1
15906	1
15908	1
15910	1
15911	1
15912	1
15914	1
15920	1
15921	1
15926	1
15929	1
15931	1
15937	2
15944	1
15945	1
15951	2
15956	1
15957	1
15959	1
15965	2
15966	1
15967	1
15968	1
15979	2
15984	1
15990	1
15997	1
15998	1
15999	1
16000	2
16002	1
16003	1
16004	1
16021	2
16023	1
16029	1
16032	1
16036	2
16047	2
16049	2
16056	1
16062	2
16074	1
16081	1
16082	1
16085	1
16090	1
16097	1
16099	1
16103	1
16117	1
16123	1
16125	2
16126	1
16138	2
16139	2
16142	1
16143	1
16146	1
16154	1
16156	1
16158	1
16169	1
16172	1
16177	1
16178	1
16182	1
16184	1
16187	1
16189	1
16190	1
16191	1
16198	1
16201	1
16202	1
16203	1
16204	1
16205	1
16211	1
16214	2
16216	1
16222	1
16228	1
16231	2
16232	1
16233	1
16234	1
16244	1
16245	1
16248	1
16249	1
16253	1
16260	1
16261	1
16266	1
16268	1
16271	1
16276	1
16278	1
16291	1
16298	1
16299	1
16301	1
16304	1
16307	1
16314	1
16317	1
16318	1
16327	1
16328	1
16330	1
16334	1
16336	1
16342	1
16344	1
16345	1
16347	1
16348	1
16365	1
16366	1
16369	2
16381	1
16382	1
