1	108
2	41
3	42
4	30
5	24
6	40
7	32
8	26
9	30
10	31
11	38
12	24
13	24
14	31
15	28
16	33
17	37
18	27
19	23
20	22
21	21
22	22
23	24
24	19
25	24
16409	1
26	16
27	31
28	23
29	25
30	29
31	32
32	31
16416	1
33	21
34	32
35	20
36	24
37	26
38	28
16422	1
39	14
40	23
41	22
42	26
43	11
44	20
45	24
16429	1
46	28
47	26
16431	1
48	20
49	22
50	37
51	24
52	18
53	21
16438	1
54	27
55	20
56	22
57	29
58	21
59	33
60	17
61	22
62	22
63	22
64	19
16448	1
65	23
66	30
67	15
16451	1
68	31
69	28
70	19
71	31
72	20
73	11
74	24
16458	1
75	17
76	20
77	22
78	17
16462	2
16463	1
79	21
80	20
81	14
82	18
83	14
84	18
85	23
86	23
87	16
16471	1
88	25
89	22
16473	1
90	13
91	7
16475	2
92	10
93	14
94	17
95	11
96	13
97	13
98	14
16482	1
99	11
100	10
101	14
102	16
16486	2
103	10
104	12
105	16
106	11
16491	1
107	6
108	17
16492	1
109	19
110	11
111	11
112	21
113	21
114	13
115	15
116	14
117	17
118	14
119	9
120	8
121	18
122	19
123	10
124	7
125	8
126	10
127	10
128	9
16512	1
16513	1
129	9
130	15
16515	1
131	14
132	7
133	7
134	8
135	14
16519	1
136	11
137	6
138	12
139	9
140	9
16524	1
141	13
142	9
143	7
144	7
145	6
146	8
16530	1
147	7
16531	1
148	3
149	7
150	7
151	4
152	9
153	11
16537	1
154	6
16538	1
155	8
16539	1
156	10
157	8
158	8
159	9
160	9
161	6
162	8
163	6
16547	1
164	12
16549	1
165	7
166	7
167	3
168	6
169	10
16553	1
170	7
171	9
172	8
173	7
174	12
175	9
176	7
177	7
178	6
179	4
180	9
181	5
16565	1
182	10
183	4
184	4
185	2
186	11
16570	1
187	7
188	7
189	10
190	4
191	7
192	5
193	4
194	11
16578	1
195	10
16580	1
196	7
197	4
198	7
199	7
200	11
201	14
202	5
16586	1
203	8
204	4
205	9
206	10
207	8
208	7
209	5
210	4
211	5
212	3
213	5
214	5
215	9
216	4
16600	1
217	9
218	8
219	7
220	6
221	8
222	6
223	4
224	6
225	4
226	5
227	11
228	11
16613	1
229	11
230	5
231	9
16615	1
232	9
16616	1
233	5
16617	1
234	10
235	8
236	8
237	5
238	6
16622	1
239	10
240	8
241	5
242	6
243	7
244	3
245	7
246	12
16630	1
247	4
248	5
16632	1
249	12
250	7
251	11
16635	1
252	5
253	2
254	6
255	5
256	4
257	5
258	4
259	5
260	5
261	16
262	12
16646	1
263	7
264	5
265	8
16649	1
266	9
267	2
268	8
269	4
270	5
16654	1
271	7
272	4
16657	1
273	5
274	4
275	6
276	4
277	9
278	5
16662	1
279	9
280	6
281	7
282	6
283	1
284	4
285	9
286	3
287	8
288	5
289	6
290	6
291	5
292	3
293	3
16677	1
294	6
295	9
296	5
297	4
298	4
299	2
300	2
301	8
302	6
303	8
304	5
305	8
306	7
307	6
309	5
310	2
16694	1
311	3
312	7
16696	1
313	5
314	5
315	11
316	5
317	5
318	6
319	4
320	7
321	9
322	5
323	4
324	4
325	3
326	5
327	4
328	7
329	2
16713	1
330	5
331	7
16715	1
332	4
333	3
334	9
335	6
16719	1
336	10
337	6
338	5
339	7
340	10
341	4
342	5
343	4
344	6
345	7
346	2
347	7
348	4
349	6
350	5
351	5
352	3
353	7
354	2
355	11
356	4
357	7
358	3
359	8
360	3
361	8
362	6
363	4
364	4
365	3
366	2
367	4
368	3
369	2
370	8
371	7
372	6
373	4
374	3
375	5
376	6
377	1
16761	1
378	4
379	2
16763	1
380	5
16764	1
381	6
382	2
383	1
384	4
385	6
386	5
387	4
388	5
389	4
390	1
391	4
392	2
393	1
394	2
395	7
16779	1
396	4
397	5
398	6
399	7
16783	1
400	3
401	5
402	4
403	4
16787	1
404	5
405	5
406	6
407	3
408	6
409	6
410	3
16794	1
411	3
412	4
413	4
414	6
415	3
416	3
417	6
418	4
419	7
420	6
421	3
422	2
424	4
16808	1
425	6
426	5
427	6
428	5
429	4
430	4
431	7
432	1
433	2
434	5
435	6
436	1
437	4
438	2
439	2
440	3
441	2
442	12
443	3
444	4
445	5
446	1
447	4
448	4
449	4
450	3
451	4
16835	1
452	1
453	2
454	4
455	1
456	7
457	2
458	5
459	7
460	5
16845	1
461	2
462	4
16846	1
463	9
16847	1
464	3
465	7
466	5
467	4
468	1
469	3
470	5
471	2
472	2
16856	1
473	6
16857	1
474	4
16858	1
475	4
476	4
477	4
478	4
479	5
480	6
481	3
482	11
483	4
484	7
485	4
486	7
487	7
488	4
489	4
490	7
491	4
492	3
16876	1
493	5
494	3
16878	1
495	4
496	7
497	3
498	3
499	6
16883	1
500	5
16885	1
501	3
502	10
16886	1
503	7
504	8
505	3
506	2
507	3
508	5
509	5
510	6
511	1
512	5
513	9
514	13
515	10
16899	1
516	8
517	6
16901	1
518	4
519	6
520	7
521	3
522	4
523	10
524	4
525	9
526	4
527	5
528	7
529	6
530	10
16914	1
531	6
532	8
533	5
534	5
535	9
536	7
537	6
538	7
539	4
540	9
16924	1
541	5
542	4
543	6
544	7
545	5
546	3
16930	1
547	6
548	7
549	7
16934	1
550	6
551	5
16935	1
552	11
16936	1
553	6
554	7
16938	1
16939	1
555	5
556	3
557	11
558	10
16942	1
559	4
560	7
561	10
562	4
563	5
564	6
565	6
566	10
567	7
568	5
569	5
570	2
571	8
572	11
573	3
574	5
575	5
16959	1
576	3
577	9
578	7
16962	1
579	2
580	10
581	5
582	6
16966	1
583	9
584	3
585	3
586	5
587	6
588	5
589	3
590	8
591	9
592	7
593	4
594	7
595	13
596	6
597	9
598	11
599	6
600	7
601	11
602	5
603	8
604	1
16988	1
605	7
606	9
607	8
608	6
609	12
610	5
16994	1
611	9
612	10
16996	1
613	5
16997	1
614	8
615	6
616	6
17001	1
617	12
618	6
619	11
620	9
621	9
622	4
623	10
624	12
625	4
626	17
627	3
628	5
17013	1
629	7
630	5
631	10
632	10
633	7
634	4
635	11
17019	1
636	5
637	5
638	8
639	8
640	12
641	9
642	9
643	10
644	10
645	11
646	8
647	15
648	8
649	5
650	9
651	7
652	8
653	9
17037	1
654	15
655	10
656	4
657	4
658	16
17042	1
659	8
660	15
17044	1
661	6
662	8
663	10
664	1
665	5
666	12
667	8
668	7
669	9
670	10
671	8
17055	1
672	4
673	6
674	5
675	5
676	10
677	14
678	7
679	7
680	9
681	8
682	7
683	9
684	5
685	11
686	4
687	8
688	11
689	9
690	9
691	9
17076	1
692	8
693	6
694	4
695	4
696	13
697	5
698	10
699	15
700	7
701	5
702	6
703	8
17087	2
704	9
705	11
706	11
707	13
708	6
709	4
710	12
711	9
712	6
713	10
714	7
715	9
716	5
717	9
718	7
719	8
17103	1
720	11
721	4
722	10
17106	2
723	4
724	4
17108	1
725	5
726	6
727	9
728	8
729	4
730	10
731	6
732	8
733	5
734	8
735	8
736	5
17120	1
737	12
738	8
739	8
740	7
741	12
17125	1
742	11
743	8
744	11
745	7
746	3
747	6
748	8
749	11
750	10
751	8
752	3
753	9
754	7
755	7
756	4
757	4
758	6
759	8
760	9
17144	1
761	4
762	9
763	4
764	6
765	6
766	9
767	8
768	6
769	6
770	12
771	7
772	9
773	12
774	4
775	5
776	9
777	6
778	3
779	10
780	7
781	5
782	4
783	11
784	7
785	9
786	9
787	6
788	14
789	7
790	5
17174	2
791	8
792	9
17176	1
793	12
794	7
795	7
796	8
797	10
798	6
17182	1
799	8
800	7
17185	1
801	8
802	9
803	11
804	11
805	10
806	10
807	7
808	5
809	7
810	3
811	4
812	9
813	5
814	9
815	4
816	8
817	2
818	6
819	3
820	5
821	8
822	6
823	9
824	6
825	7
826	7
827	5
828	7
829	5
830	11
831	8
832	8
833	3
834	8
835	6
836	10
837	5
838	7
839	8
840	5
841	4
842	9
843	8
844	10
845	5
846	9
847	6
848	7
849	2
850	4
851	1
852	4
17236	1
853	9
854	6
855	5
856	4
857	9
858	11
859	8
860	1
861	5
862	10
863	5
864	7
865	6
866	17
867	6
17251	1
868	10
869	14
870	8
871	10
872	6
873	4
874	13
875	8
876	11
877	11
878	12
879	13
17263	1
880	11
881	6
17265	2
882	8
883	8
884	8
885	12
886	14
887	5
888	5
889	9
890	9
17274	1
891	6
892	5
893	3
894	5
895	4
896	8
897	4
898	7
899	12
900	10
901	11
902	7
903	6
904	9
905	8
906	7
907	9
908	3
909	10
910	12
911	5
912	7
913	7
914	7
17298	1
915	10
916	3
917	8
918	8
919	7
920	2
921	10
922	7
923	9
924	6
925	4
926	8
927	7
928	5
929	5
17313	1
930	8
17314	1
931	7
932	8
933	11
934	3
935	10
936	10
937	7
938	5
939	6
940	8
941	10
942	7
943	7
944	8
945	11
946	3
17330	1
947	11
948	5
949	7
950	3
951	6
952	1
953	8
954	8
17338	1
955	9
956	7
957	3
958	12
959	9
960	9
961	6
17345	1
962	11
963	4
964	8
965	5
966	5
967	8
968	8
969	15
970	7
971	6
972	9
973	4
17357	1
974	6
975	5
976	12
977	9
978	8
979	6
980	6
981	3
982	10
983	5
984	5
985	6
986	4
987	4
988	4
989	8
990	3
991	14
992	10
993	8
994	9
995	8
17379	1
996	9
997	4
17381	1
998	8
999	6
1000	4
1001	4
1002	8
1003	8
1004	7
1005	6
1006	1
1007	6
1008	6
1009	10
1010	2
1011	3
1012	4
1013	5
1014	8
1015	7
1016	7
1017	4
1018	1
17402	1
1019	8
1020	3
1021	4
1022	6
1023	4
1024	6
17408	2
1025	12
1026	4
1027	8
1028	5
1029	3
1030	5
1031	6
17415	1
1032	7
1033	13
1034	4
1035	11
1036	4
17420	1
1037	7
1038	6
17422	1
1039	4
1040	4
1041	7
1042	11
1043	11
1044	13
1045	12
1046	9
1047	7
1048	5
1049	5
1050	2
1051	4
1052	3
1053	4
1054	7
1055	10
1056	11
1057	10
1058	5
1059	7
1060	9
1061	3
1062	8
1063	5
1064	4
1065	8
1066	6
1067	11
1068	4
1069	13
1070	12
1071	7
1072	4
1073	7
1074	4
1075	4
1076	7
1077	8
1078	3
1079	5
1080	7
1081	17
1082	8
1083	6
1084	10
1085	2
1086	7
1087	8
1088	10
1089	6
1090	6
1091	11
1092	10
1093	8
1094	7
1095	9
1096	8
1097	10
17481	1
1098	5
1099	8
1100	15
1101	6
1102	9
17486	1
1103	8
1104	6
1105	7
1106	7
1107	9
17491	1
1108	7
1109	5
1110	4
17494	1
1111	8
1112	14
1113	5
1114	2
1115	10
1116	9
1117	11
1118	3
1119	7
1120	7
1121	6
1122	11
1123	12
1124	7
1125	15
1126	10
1127	4
1128	12
1129	10
17513	1
1130	5
1131	11
1132	4
1133	7
1134	13
1135	10
1136	8
1137	9
1138	7
1139	5
1140	8
1141	5
1142	4
1143	5
1144	17
1145	6
1146	10
1147	8
1148	5
1149	10
1150	6
1151	8
17536	1
1152	15
1153	10
1154	4
1155	7
1156	6
1157	5
1158	6
1159	2
1160	6
1161	4
1162	7
1163	1
17547	1
1164	7
1165	6
1166	11
1167	8
1168	4
1169	8
1170	11
1171	5
1172	11
1173	9
1174	2
1175	10
1176	12
1177	5
1178	9
1179	6
1180	8
1181	6
1182	10
1183	4
1184	6
1185	9
1186	10
1187	6
1188	10
1189	13
1190	8
1191	5
17575	1
1192	8
1193	13
1194	9
17578	1
1195	10
17579	1
1196	5
1197	10
1198	7
1199	6
1200	4
1201	11
1202	11
1203	5
1204	7
1205	12
1206	13
1207	9
1208	5
1209	10
1210	8
1211	12
1212	6
1213	7
1214	8
1215	9
1216	7
1217	8
1218	10
17602	1
1219	5
1220	10
1221	6
1222	10
1223	9
1224	4
1225	11
1226	14
1227	6
1228	8
1229	7
1230	6
1231	8
1232	4
1233	9
1234	8
1235	9
1236	8
1237	7
1238	7
1239	12
1240	8
1241	4
1242	10
17627	1
1243	8
1244	7
1245	5
1246	5
1247	4
1248	10
1249	10
1250	10
1251	8
1252	7
1253	10
1254	6
1255	6
1256	18
1257	11
1258	8
1259	6
1260	10
1261	8
1262	15
1263	8
1264	9
1265	8
1266	13
1267	8
1268	9
17652	1
1269	7
1270	8
1271	14
1272	7
1273	6
1274	5
1275	11
1276	6
1277	11
1278	11
1279	8
1280	7
1281	6
1282	10
1283	7
1284	4
1285	11
1286	11
1287	10
1288	5
1289	8
1290	10
1291	3
1292	8
1293	10
1294	13
1295	10
1296	8
1297	13
1298	11
1299	5
1300	15
1301	12
1302	12
1303	7
1304	8
1305	7
1306	6
17690	1
1307	11
1308	9
1309	6
1310	9
1311	8
1312	9
1313	12
1314	10
1315	9
1316	6
1317	18
1318	7
1319	10
1320	7
1321	12
1322	14
1323	7
1324	7
17708	1
1325	9
1326	11
1327	10
1328	9
1329	14
1330	7
1331	12
1332	11
1333	14
1334	10
1335	6
1336	9
1337	9
1338	11
17722	1
1339	9
1340	9
1341	16
1342	10
1343	9
1344	13
1345	9
1346	10
1347	3
1348	7
1349	7
1350	6
1351	11
1352	8
1353	13
1354	10
1355	10
1356	10
1357	6
1358	8
1359	7
1360	6
1361	9
1362	9
1363	7
1364	8
1365	8
1366	5
1367	7
1368	8
1369	10
1370	13
1371	10
1372	13
1373	8
1374	5
1375	6
1376	10
1377	7
1378	13
1379	8
1380	11
1381	13
1382	8
1383	10
1384	5
1385	9
17769	1
1386	11
1387	6
17771	1
1388	13
1389	15
1390	21
1391	8
17775	1
1392	11
1393	15
1394	15
1395	4
1396	5
1397	8
1398	7
1399	10
1400	13
1401	9
1402	12
1403	9
1404	11
1405	3
1406	6
1407	13
1408	7
1409	11
1410	4
1411	10
1412	5
1413	15
1414	16
1415	9
1416	11
1417	6
1418	9
1419	6
1420	14
1421	12
1422	8
1423	10
1424	8
1425	6
1426	7
1427	12
1428	14
17812	1
1429	8
1430	5
1431	8
1432	4
17816	1
1433	6
1434	13
1435	12
1436	6
1437	11
1438	8
1439	8
1440	10
1441	11
1442	15
1443	12
1444	6
1445	10
1446	7
1447	8
1448	11
1449	13
1450	8
1451	12
1452	12
1453	9
1454	10
1455	6
1456	7
1457	10
1458	6
1459	10
1460	4
1461	6
1462	10
1463	4
1464	9
17848	1
1465	8
1466	8
1467	5
1468	8
1469	8
1470	11
1471	6
1472	7
1473	4
1474	8
1475	12
1476	10
1477	6
1478	4
1479	7
1480	7
1481	12
1482	6
1483	10
1484	9
1485	10
1486	6
1487	4
1488	6
1489	10
1490	12
1491	4
1492	5
1493	11
1494	6
1495	4
17879	1
1496	9
1497	6
1498	5
1499	10
1500	7
1501	9
1502	7
1503	8
1504	8
1505	12
1506	18
1507	5
1508	12
1509	6
1510	12
1511	4
1512	14
1513	16
1514	7
1515	10
1516	8
1517	8
1518	8
1519	7
1520	14
1521	5
1522	9
1523	3
1524	4
1525	7
1526	13
1527	11
1528	5
1529	7
1530	4
1531	5
1532	12
1533	11
1534	8
1535	9
1536	10
1537	10
1538	8
1539	11
1540	7
1541	8
1542	5
1543	6
1544	10
1545	12
1546	8
1547	7
1548	7
1549	12
1550	13
1551	5
1552	6
1553	9
1554	5
1555	11
1556	7
1557	7
1558	8
1559	9
1560	9
1561	7
1562	4
1563	11
1564	7
1565	7
1566	6
1567	10
1568	12
1569	9
1570	6
1571	6
1572	11
1573	10
1574	8
1575	7
1576	9
1577	9
1578	8
1579	6
1580	10
1581	14
1582	10
1583	6
1584	13
1585	6
1586	10
1587	6
17971	1
1588	9
17972	1
1589	5
1590	8
1591	11
1592	5
1593	14
1594	4
1595	9
1596	4
1597	9
1598	9
1599	4
1600	10
1601	4
1602	13
1603	7
1604	10
1605	11
1606	6
1607	6
1608	11
1609	4
1610	9
1611	8
1612	10
1613	8
1614	6
1615	9
1616	9
1617	10
1618	11
1619	13
1620	9
1621	12
1622	11
1623	6
1624	8
1625	6
1626	6
1627	6
1628	5
1629	7
1630	4
1631	11
1632	6
1633	8
1634	9
1635	4
1636	7
1637	5
1638	5
1639	8
1640	9
1641	15
1642	9
1643	9
1644	7
18028	1
1645	6
1646	12
1647	9
1648	10
1649	11
1650	7
1651	7
1652	6
1653	9
1654	5
1655	7
1656	8
1657	12
1658	9
1659	11
1660	4
1661	6
18045	1
1662	4
1663	12
1664	7
1665	11
1666	6
1667	6
1668	7
1669	5
1670	14
1671	12
1672	6
1673	7
1674	15
1675	7
1676	8
1677	9
1678	7
1679	4
1680	7
1681	14
1682	4
1683	7
1684	9
1685	7
1686	5
1687	8
1688	6
1689	4
1690	8
1691	9
1692	12
1693	6
1694	4
1695	6
1696	6
1697	9
1698	9
1699	5
1700	7
1701	5
1702	5
1703	8
1704	6
1705	5
1706	4
1707	5
1708	7
1709	7
1710	7
18094	1
1711	6
1712	4
1713	6
1714	9
1715	4
1716	5
1717	8
18101	1
1718	8
1719	12
1720	10
1721	11
1722	3
1723	10
1724	9
1725	6
1726	7
1727	7
1728	7
1729	8
1730	8
1731	8
1732	6
1733	5
1734	12
1735	7
1736	5
1737	11
1738	7
1739	3
1740	8
1741	9
1742	10
1743	11
1744	4
1745	6
18129	1
1746	8
1747	10
1748	8
1749	7
1750	9
1751	3
1752	7
1753	9
1754	17
1755	13
1756	9
1757	5
1758	7
1759	10
1760	5
1761	12
1762	3
1763	7
1764	6
1765	10
1766	8
1767	5
1768	12
1769	5
18153	1
1770	7
1771	11
1772	11
1773	8
1774	5
1775	10
1776	6
1777	2
1778	6
1779	8
1780	6
1781	8
1782	3
1783	5
1784	5
1785	4
1786	8
1787	6
1788	5
1789	9
1790	8
1791	2
1792	6
1793	7
1794	1
1795	4
1796	15
1797	9
1798	5
1799	6
1800	8
1801	7
1802	4
1803	9
1804	8
1805	5
1806	3
1807	12
1808	9
1809	7
1810	6
1811	3
1812	8
1813	8
1814	9
1815	9
1816	8
1817	10
1818	11
1819	8
1820	2
1821	11
1822	5
1823	5
1824	9
1825	4
1826	8
1827	8
1828	4
1829	5
1830	8
1831	6
1832	6
1833	3
1834	5
1835	4
1836	3
1837	5
1838	2
1839	3
1840	5
1841	5
1842	10
1843	17
1844	6
1845	1
1846	8
1847	6
1848	10
1849	8
1850	4
1851	5
1852	4
1853	4
1854	4
1855	5
1856	7
18240	1
1857	9
1858	2
1859	8
1860	7
1861	8
1862	8
1863	6
1864	6
1865	5
1866	8
1867	6
1868	7
1869	3
1870	9
1871	3
1872	4
1873	5
1874	9
1875	7
1876	4
1877	3
1878	11
1879	8
1880	6
1881	13
1882	5
1883	5
1884	8
1885	7
1886	7
1887	5
1888	6
1889	3
1890	10
1891	4
1892	8
1893	3
1894	2
1895	4
1896	5
1897	8
1898	6
1899	5
1900	6
1901	4
1902	5
1903	10
1904	11
18288	1
1905	3
1906	9
1907	6
1908	7
1909	12
1910	8
1911	2
1912	11
1913	6
1914	7
1915	8
1916	6
1917	9
1918	7
1919	7
1920	7
1921	4
1922	10
1923	7
1924	9
1925	6
1926	3
1927	2
1928	6
1929	5
1930	10
1931	4
1932	7
1933	7
1934	4
1935	7
1936	8
1937	5
1938	3
1939	4
1941	5
1942	10
1943	6
1944	5
1945	6
1946	5
1947	8
1948	8
1949	5
1950	3
1951	9
1952	4
1953	4
1954	10
1955	6
1956	7
1958	10
1959	3
1960	11
1961	7
1962	4
1963	9
1964	6
1965	3
1966	3
1967	7
18351	1
1968	8
1969	4
1970	6
1971	3
18355	1
1972	3
1973	2
1974	6
1975	3
1976	11
1977	8
1978	5
1979	8
1980	6
1981	4
1982	10
1983	7
1984	2
1985	3
1986	5
1987	9
1988	4
1989	9
1990	5
1991	7
1992	6
18376	1
1993	4
1994	6
1995	12
1996	4
1997	6
1998	5
1999	8
2000	4
2001	4
2002	4
2003	3
2004	5
2005	7
2006	6
2007	2
2008	12
2009	6
2010	6
2011	7
2012	7
2013	5
2014	7
2015	3
2016	4
2017	4
2018	2
2019	6
2020	9
2021	3
2022	4
2023	5
2024	7
2025	5
2026	4
2027	3
2028	3
2029	6
2030	6
2031	4
2032	7
2033	7
2034	2
2035	6
2036	11
2037	6
2038	7
2039	6
2040	5
2041	7
2042	10
2043	6
2044	4
2045	8
2046	9
2047	3
2048	5
2049	4
2050	6
2051	4
2052	4
2053	4
2054	7
18438	1
2055	6
2056	5
2057	7
2058	6
2059	8
2060	5
2061	7
2062	4
2063	1
18447	1
2064	5
2065	2
2066	7
2067	7
2068	5
2069	5
2070	2
2071	5
2072	2
2073	10
2074	3
2075	5
2076	2
2077	11
2078	2
2079	4
2080	9
2081	4
18465	1
2082	9
2083	4
2084	5
2085	3
2086	7
2087	1
2088	5
2089	4
2090	9
2091	5
2092	8
2093	9
2094	7
2095	2
2096	8
2097	4
2098	3
2099	5
2100	5
2101	10
2102	7
2103	5
2104	3
2105	7
18489	1
2106	5
2107	4
2108	2
2109	5
2110	6
2111	4
2112	5
2113	4
2114	10
2115	3
2116	3
2117	8
2118	6
2119	7
2120	5
2121	3
2122	6
2123	8
2124	6
2125	10
2126	5
2127	7
2128	5
2129	2
2130	2
2131	4
2132	8
2133	6
2134	3
2135	10
2136	5
2137	5
2138	3
2139	2
2140	6
2141	4
2142	5
2143	7
2144	8
2145	7
2146	2
2147	10
2148	5
2149	6
18533	1
2150	7
2151	6
2152	7
2153	4
2154	3
2155	6
2156	5
2157	4
2158	2
2159	6
2160	4
18544	1
2161	2
2162	6
2163	3
18547	1
2164	4
2165	4
2166	4
2167	12
18551	1
2168	4
2169	1
2170	8
2171	7
2172	3
2173	4
2174	4
2175	7
2176	5
18560	1
2177	2
2178	1
2179	2
2180	4
2181	6
2182	4
2183	8
2184	4
2185	7
2186	4
2187	4
2188	4
2189	5
2190	6
2191	8
2192	6
2193	8
2194	3
2195	6
2196	4
2197	1
2198	5
2199	4
2200	4
2201	2
2202	5
2203	1
2204	6
2205	1
2206	2
2207	2
2208	2
2209	3
2210	7
2211	3
2212	2
2213	5
2214	6
2215	5
2216	2
2217	9
2218	7
2219	4
2220	3
2221	4
2222	6
2223	6
2224	4
2225	4
2226	6
2227	5
2228	3
2229	2
2230	3
2231	3
2232	1
2233	9
2234	2
2235	4
2236	5
2237	5
2238	5
2239	5
2240	6
2241	5
2242	3
2243	4
2244	8
2245	7
2246	5
2247	3
2248	9
2249	2
2250	3
2251	1
2252	6
18636	1
2253	7
2254	5
2255	2
2256	4
2257	2
2258	5
2259	4
2260	1
2261	6
2262	4
2263	7
2264	5
18648	1
2265	4
2266	8
2267	2
2268	3
2269	5
2270	6
2271	4
2272	5
2273	3
2274	7
2275	6
2276	6
2277	3
2278	7
2279	3
2280	2
2281	4
2282	4
2283	3
2284	7
2285	2
2286	5
2287	9
2288	6
2289	4
2290	4
2291	4
2292	4
2293	1
2294	4
2295	5
2296	7
2297	6
2298	2
2299	5
2300	5
2301	5
18685	1
2302	3
18687	1
2303	5
2304	5
2305	6
2306	5
2307	5
2308	5
2309	7
2310	3
2311	3
2312	8
2313	6
2314	5
2315	7
2316	5
2317	6
2318	2
2319	3
2320	3
2321	4
2322	4
2323	7
2324	4
2325	6
2326	3
2327	4
2328	3
2329	4
2330	6
2331	2
2332	1
2333	4
2334	3
2335	3
2336	3
2337	4
2338	4
2339	5
2340	3
2341	3
2342	2
2343	6
2344	4
2345	4
2346	2
2347	3
2348	2
2350	2
2351	4
2352	4
2353	5
2354	1
2355	2
2357	1
2358	5
2359	8
2360	4
2361	1
2362	3
2363	3
2364	2
2365	3
2366	6
2367	5
2368	5
2369	2
2370	5
2372	3
2373	4
2374	2
2375	3
2376	2
18760	1
2377	7
2378	4
2379	2
2380	1
2381	6
2382	3
2383	6
2384	4
2385	4
2386	4
2387	2
2388	4
2389	3
2390	5
2391	3
2392	3
2393	7
2394	6
2395	5
2396	11
2397	6
2398	4
2399	2
2400	5
2401	4
2402	5
2403	5
2404	8
2405	4
2406	1
2407	1
2408	3
2409	5
2410	1
2411	8
2412	5
2413	6
2414	7
2415	1
2416	3
2417	2
2418	4
2419	5
2420	4
18804	1
2421	2
2422	6
2423	8
2424	3
2425	6
2426	1
2427	4
2428	4
2429	4
2430	4
2431	7
2432	4
2433	3
2435	5
18819	1
2436	1
2437	1
2438	2
2439	2
2440	5
2441	5
2442	3
2443	7
2444	3
2445	3
18829	1
2446	4
2447	3
2448	3
2449	6
2450	1
18834	1
2451	3
2452	3
2453	8
2454	2
2455	5
2456	2
2457	5
2458	3
18842	1
2459	6
2460	6
2461	4
2462	4
2463	4
2464	6
2465	5
2466	4
18850	1
2467	4
2468	6
2469	5
2470	4
2471	5
2472	2
2473	7
2474	6
2475	3
2476	5
2477	5
2478	5
2479	3
2480	1
2481	3
2482	3
2483	3
2484	2
2485	5
2486	2
2487	2
2488	5
2489	4
2490	3
2491	6
2492	8
2493	4
2494	4
2495	4
2496	6
2497	2
2498	5
2499	4
2500	4
2501	5
2502	8
2503	5
2504	3
2505	3
2506	5
2507	10
2508	5
2509	4
2510	5
2511	2
18895	1
2512	3
2513	10
2514	4
2515	3
2516	3
2517	3
2518	6
2519	4
2520	3
2521	9
2522	1
2523	1
2524	2
18908	1
2525	3
2526	3
2527	6
2528	4
2529	4
18913	1
2530	5
2531	2
2532	6
2533	3
2534	8
2535	4
2536	6
2537	3
2538	9
2539	4
2540	2
2541	4
2542	4
2543	4
2544	4
2545	4
2546	4
2547	2
2548	1
2549	5
2550	2
2551	3
2552	5
18936	1
2553	2
2554	1
2555	4
2556	4
2557	3
2558	3
2559	6
2560	3
2561	1
18945	1
2562	4
2563	6
2564	2
2565	1
2566	4
2567	4
2568	3
2569	3
2570	2
2571	4
2572	8
2573	4
2574	5
2575	3
2576	5
2577	3
2578	2
2579	5
2580	6
18964	1
2581	7
2582	6
2583	6
2584	4
2586	3
2587	2
2588	3
2589	3
2590	6
2591	1
2592	2
2593	1
2594	5
2595	4
2596	5
2597	6
2598	3
2599	5
2600	1
2601	7
2602	2
2603	2
2604	4
2605	3
2606	4
18990	1
2607	4
2608	2
2609	6
2610	3
2611	1
2612	2
2613	4
2614	2
2615	5
2616	5
2617	2
2618	5
2619	1
2620	5
2621	3
2622	5
2623	5
2624	3
2625	4
2626	2
19011	1
2627	2
2628	1
2629	5
2630	3
2631	3
2632	5
2633	2
2634	2
2635	1
2636	2
2637	4
2638	6
2639	5
2640	9
2641	9
2642	6
19026	1
2643	2
2644	5
2645	5
2646	2
2647	6
2648	2
2649	2
2650	4
2651	6
2653	8
2654	2
2655	7
2656	1
2657	2
2658	2
2659	3
2660	2
2661	4
2662	4
2663	3
2664	3
2665	4
2666	7
2667	5
2668	4
2669	3
2670	5
2671	4
19055	1
2673	3
2674	5
2675	2
2676	4
2677	6
2678	3
2679	3
2680	1
2681	2
2682	2
2683	4
2684	3
2685	3
2686	1
2687	4
2688	4
2689	2
2690	1
2691	5
2692	2
2693	5
2694	7
2695	2
2696	6
2697	4
2699	2
2700	1
2701	6
2702	2
2703	1
2704	3
2705	1
2706	1
2707	1
2708	4
2709	1
2710	2
2711	1
2712	4
2713	3
2714	5
2715	4
2716	5
2717	1
2718	3
2719	5
2720	2
2721	3
2722	3
2723	1
2724	4
2725	5
2726	3
2727	1
2728	4
2729	3
2730	2
2732	3
2733	3
2734	3
2735	2
19119	1
2736	2
2737	5
2738	2
2739	1
2740	2
2741	4
2742	3
2743	2
2744	6
2745	3
2746	1
2747	1
2748	3
2749	1
2750	6
19134	1
2751	2
2752	2
2753	3
2754	5
2755	3
2756	5
2757	2
19141	1
2758	5
2759	5
2760	4
2762	5
2763	2
2764	4
2765	4
2766	2
2767	3
2768	2
19152	1
2770	1
2771	1
2772	3
2773	1
2774	3
2775	4
2776	3
2777	3
2778	3
2779	2
2780	1
2781	3
2782	3
2783	2
2784	5
2786	6
2787	4
2788	3
2789	5
2790	5
19174	1
2791	4
2792	2
2793	3
2794	4
2795	1
2796	3
2797	6
19181	1
2798	4
2799	2
2800	1
19185	1
2801	3
2802	2
2803	5
2804	6
2805	3
2806	3
2807	4
2808	4
19192	1
2809	3
19193	1
2810	2
2811	3
2812	6
2813	3
19197	1
2814	6
2815	4
2816	2
2817	5
2818	2
2819	3
2820	3
2821	3
2822	5
2823	3
19207	1
2824	3
2825	2
2826	3
2827	3
2828	3
2829	1
2830	1
19215	1
2832	2
2833	4
2834	3
2835	3
2836	3
2837	2
2838	2
2839	3
19223	1
19224	1
2840	4
2841	1
2842	4
2843	6
2844	3
2845	4
2846	2
2847	4
2848	3
2850	8
2851	4
2852	1
2853	2
2854	3
2855	3
2857	2
2858	5
2859	2
2860	1
2861	4
2862	5
2863	6
2864	2
2865	2
2867	2
2868	3
2869	3
2870	3
2871	2
2873	1
2874	1
2876	6
2877	2
2878	2
2879	6
2880	3
19264	1
2881	3
2882	1
2883	3
2884	3
2885	3
2886	4
2888	6
2889	5
2890	1
2891	3
2892	1
2893	4
2894	1
2895	2
2896	2
2897	1
2898	3
2899	1
2900	1
19284	1
2901	4
2902	4
2903	2
2904	2
2905	3
2906	2
2907	3
2908	4
2909	2
2910	2
2911	2
2913	2
2914	3
2915	3
2916	5
2918	3
2919	5
2920	4
2921	1
2922	1
2923	2
2924	4
2925	2
2926	2
2927	6
2928	3
2929	2
2931	2
2932	2
2933	2
2934	2
2935	3
2936	2
2937	4
2938	4
2939	2
2940	1
2941	2
2942	2
2943	1
2944	2
2945	1
2946	1
2948	7
2949	1
2950	2
2951	4
2952	4
2953	3
2954	5
2955	4
2956	1
2957	2
2958	1
2959	4
2960	5
2962	1
2963	3
2964	1
2965	2
2966	4
2967	3
2968	2
2970	1
2971	2
2972	7
2973	3
2974	2
2975	1
2976	2
2977	5
2978	1
2979	4
2980	2
2981	5
2982	1
2983	1
2984	2
2985	1
2986	2
2987	3
2988	4
2989	3
2991	1
2992	1
2993	3
2994	1
2995	2
2996	2
2997	2
2998	2
2999	3
3000	2
3001	4
3002	4
3003	3
3004	2
3005	2
3006	1
3007	3
3008	6
3010	4
3011	6
3012	2
3013	3
19397	1
3014	2
3015	3
3016	3
3017	3
3018	2
3020	1
3021	2
19405	1
3022	1
3023	4
3024	3
3025	4
3026	1
3027	3
3028	5
3029	2
3030	1
3031	3
3032	1
3033	1
3034	4
3035	3
19419	1
19420	1
3036	4
3037	3
3038	5
3039	2
3040	1
3042	2
3043	2
3044	3
3045	2
3046	2
3047	1
3048	5
3049	2
3050	1
3051	1
3052	3
3053	3
3054	3
3055	4
19439	1
3056	2
3058	3
3060	1
3061	1
3063	1
3065	4
3066	4
3067	3
3068	4
3069	3
3070	3
3072	5
3073	3
3074	4
3075	1
3076	1
3077	1
3078	2
19462	1
3079	1
3080	4
3082	1
3083	1
3084	3
3085	5
3087	2
3088	5
3090	1
3091	4
3092	2
3093	2
3095	2
3096	3
3097	1
3098	3
3099	1
3100	3
3101	1
3102	1
3103	1
3104	3
3105	2
3106	1
3107	4
3108	2
3109	5
3110	1
3111	4
3112	3
3113	2
3114	6
3115	2
3116	2
3117	5
3118	1
3119	1
19504	1
3120	2
3121	5
3122	1
3123	1
3124	1
3125	1
3126	5
3127	2
3128	2
3129	1
3130	1
3131	1
3132	2
3133	6
3134	1
3135	1
3136	3
3137	5
3138	5
3139	3
3140	4
3142	1
3143	1
3144	5
3145	2
3146	1
3147	2
3148	2
3149	2
3150	3
3152	4
3153	4
3154	3
3155	3
3156	4
3157	1
3158	1
3159	1
3160	1
3161	4
3162	4
3163	2
3164	2
3165	2
3166	3
3168	3
3169	1
3170	1
3171	2
3172	2
3173	1
3174	1
3175	1
3176	2
3177	1
3178	6
3179	3
3180	3
3181	5
3182	3
3183	2
3184	2
3185	1
3186	1
3187	7
3188	2
3189	3
3190	1
3191	3
3192	3
3194	5
3195	2
3196	2
3197	1
3198	3
3199	2
3200	1
3202	1
3204	2
3205	5
3206	2
3207	1
3208	3
3209	4
3210	3
3211	2
3212	1
3213	2
3214	3
3215	1
3216	3
3217	1
3219	4
3220	4
3221	4
3222	1
3223	1
3225	2
3226	2
3227	2
3228	2
3229	2
3230	1
3231	3
3232	1
19616	1
3233	2
3234	2
3235	1
3236	2
3237	1
3239	1
19623	1
3240	2
3241	2
3242	8
3243	6
3244	4
3245	1
3246	1
3247	1
3248	2
3249	1
3250	2
3251	1
3252	2
3255	3
3257	1
3258	2
3259	3
3260	3
3261	2
19645	1
3262	3
3263	2
3265	2
3266	4
3268	1
3270	3
3271	2
3272	6
3273	2
3276	3
3277	1
3278	2
3279	4
3280	3
3281	2
3282	6
3283	2
3284	1
3285	2
3287	2
3288	1
3289	1
3290	3
3291	1
3292	5
3293	2
3294	3
3295	2
3297	3
3298	3
3299	2
3300	2
3301	5
3302	6
3303	1
3304	2
3306	1
3307	3
19691	1
3310	3
19694	1
3311	3
3312	2
3313	1
3316	1
3317	2
3319	3
3320	2
3321	1
3322	2
3323	5
3324	2
3325	2
3326	1
3328	2
3329	2
3330	2
3331	2
3332	1
3333	2
3334	1
3335	3
3337	2
19721	1
3338	1
3339	1
3340	4
3341	2
3344	2
3345	2
3346	1
3347	3
3348	5
3349	3
3350	3
19734	1
3351	1
3353	1
3354	1
19738	1
3355	6
3356	4
19742	1
3359	1
3360	4
3361	2
3362	2
3363	1
3364	2
3365	1
3366	1
3368	2
3369	1
3371	1
3372	1
3374	1
3375	2
3376	4
3377	1
3378	1
3379	1
3380	1
3381	1
3382	4
3384	1
3385	2
19770	1
3386	1
3387	1
3388	2
3389	2
3391	3
3392	3
3393	2
3394	2
3395	3
3396	3
3397	5
3398	2
19783	1
3400	5
3402	2
3404	3
3405	3
3406	1
3407	3
3408	1
3409	4
3411	5
3412	2
3413	2
3414	3
3415	1
3416	1
3417	4
19801	1
3418	2
3419	4
3420	2
3421	4
3422	5
3424	1
3425	1
3427	4
3428	2
3429	3
3430	3
3431	3
3432	1
3435	1
3436	4
3437	2
19821	1
3439	1
3440	2
19824	1
3441	2
3442	1
19828	1
3445	1
3446	1
3448	2
19832	1
3449	1
3452	2
3453	4
3454	1
3455	2
3456	1
3457	1
3458	5
19842	1
3459	3
3460	1
3462	1
3463	1
3464	2
3465	1
3466	2
3467	1
19851	1
3468	1
3469	3
3471	1
3473	2
3474	2
3475	1
3477	1
3478	4
3480	1
3482	2
3483	4
3484	1
3485	2
3488	3
3489	1
3490	3
3492	3
3495	2
3496	2
3497	1
3498	1
3500	3
3501	2
3502	4
3503	2
3505	1
3507	3
3508	1
3509	1
3511	3
3512	3
3513	2
3514	1
3515	4
3517	4
19901	1
3519	2
3520	1
3521	1
3522	2
3525	3
3527	1
3528	3
3529	2
3530	3
3531	3
3532	1
3533	2
19917	1
3534	2
3535	1
3536	1
3537	3
3538	1
3540	1
3541	1
3542	3
3543	5
3545	3
19932	1
19933	1
3549	1
3550	3
3551	3
3552	2
3553	3
3554	2
3555	4
3556	1
3557	2
3558	2
3560	2
3561	2
3562	2
3564	2
3565	3
3567	2
3568	1
3569	2
3570	1
3572	2
3573	3
3574	1
3575	1
3577	5
3578	2
3579	2
3580	2
3582	2
19967	1
3584	1
3585	2
3587	1
3588	1
3590	4
19974	1
3591	2
3592	1
3593	3
3594	1
3596	2
3597	2
3598	3
3599	1
3600	2
3601	2
3602	2
3605	2
3606	1
3607	2
3609	2
3610	2
3612	3
19997	1
3613	1
3614	1
3615	3
3616	2
3617	1
3619	3
3620	2
3621	1
3622	1
3623	2
3624	1
3625	2
20011	1
3627	1
3628	3
3629	3
3631	1
3632	2
3633	2
3635	1
3636	2
3637	2
3638	1
20023	1
3640	1
3641	3
3642	2
3643	2
3644	1
3645	2
3646	3
3647	3
3648	1
3649	1
3650	2
3651	3
3653	3
3654	1
3655	1
3656	1
3657	2
3658	3
3659	1
3661	2
3662	1
3663	1
3664	1
3665	2
3666	2
20050	1
3667	2
20051	1
3669	3
3671	1
3672	2
3673	1
3674	2
3676	2
3678	2
3680	1
3682	1
3684	4
3685	1
3686	2
3687	1
3688	2
3689	4
3690	2
20074	1
3692	2
20076	1
3693	1
3694	3
3695	1
20079	1
3696	1
3697	2
3698	2
3699	3
3700	2
3702	1
3704	3
3705	1
3706	2
3708	2
3709	2
3710	1
3712	2
3713	1
3714	1
3715	3
3716	4
3717	2
3718	2
3719	2
3721	2
3722	2
3723	1
3725	2
3726	1
3729	3
3730	1
3731	4
3732	1
3733	3
3735	2
3738	1
3739	1
3740	2
3741	3
3742	2
3744	2
3745	1
3746	1
3747	2
3750	3
3751	2
3752	3
3753	1
3754	3
3755	1
20139	1
3756	2
3758	3
3759	4
3760	2
3761	1
3762	1
3763	3
3764	1
3766	2
3767	1
3770	2
3774	4
3775	1
3777	2
3778	3
3779	1
3780	1
3781	3
3782	1
3784	3
3787	3
3788	3
3789	2
3791	1
3792	2
3795	1
3796	1
3797	1
3799	1
3800	2
3802	2
3803	2
3804	1
3806	2
3807	2
3809	1
3812	1
3813	2
3814	1
3815	1
3816	1
3817	2
3819	4
3820	1
3821	1
3824	1
3825	1
3826	1
3828	1
3830	1
3831	2
3832	2
3833	1
3835	2
3836	1
3838	5
3839	1
3840	2
3841	3
3842	1
3844	1
3845	1
3848	2
3849	5
3850	2
3853	2
3854	2
3855	1
3856	1
3857	1
3858	1
3859	1
3860	2
3861	3
3863	1
3864	1
3865	3
3866	2
3867	1
20251	1
3870	5
3871	3
3872	3
3873	1
3874	1
3876	4
3878	1
20263	1
3880	3
3881	1
3882	1
3883	2
3884	2
3885	2
3888	2
3890	2
3892	2
3893	2
3894	1
3895	2
20280	1
3896	2
3897	1
3898	1
3900	2
3902	1
3904	1
3905	1
3907	1
3908	3
3909	2
20293	1
3910	1
3912	2
3913	5
3914	1
3917	1
3918	1
3919	1
3920	1
3922	3
3923	2
3924	3
3925	1
3926	2
20310	1
3927	2
3928	1
20313	1
3930	1
3931	2
3932	2
3934	2
3935	1
3936	1
3938	2
3939	2
3940	1
3941	1
3942	1
3943	3
3944	1
3946	1
3947	2
3948	2
3949	2
3950	2
3952	2
3953	1
3955	1
3957	1
3958	1
3959	1
3960	2
3961	2
3962	4
3963	2
3964	3
3965	1
3966	1
3967	2
3969	1
3970	1
3972	1
3973	1
3974	1
3975	3
20361	1
3977	1
3978	1
3979	3
3980	2
3981	2
3982	3
3983	1
3985	1
3986	1
3987	2
3989	1
3990	2
3991	1
3992	1
3993	1
3996	3
3997	1
3999	3
4000	1
4001	2
4002	1
4003	1
4004	1
4005	2
4006	1
4007	2
4008	1
4009	1
4010	4
4012	2
4014	1
4015	1
4018	1
4019	1
20405	1
4023	1
4024	1
4025	2
20410	1
4027	1
4028	3
4032	2
4034	2
4035	3
4036	2
4038	3
4039	1
4041	2
4042	1
4043	1
4044	1
4047	2
4048	2
4050	1
4051	1
4052	1
4054	2
4055	2
20440	1
4057	1
4058	1
4059	1
4060	2
4062	1
4063	2
4064	1
4066	2
4068	3
4070	1
4071	4
4073	4
4074	2
4075	2
4076	1
4077	1
4079	1
4080	1
4081	3
4082	1
4083	1
4084	2
4085	1
4087	1
4088	2
4091	1
4092	2
4093	1
4094	4
4095	2
4096	2
4097	1
4098	1
4099	1
4102	1
4103	1
4104	1
4105	1
4106	3
4107	2
4109	1
4111	1
4114	1
4115	1
4117	2
4118	1
4119	2
4121	1
4124	2
4125	1
4127	2
4128	3
4129	1
4130	1
4133	1
4135	2
4137	4
4140	1
4142	3
4144	1
4145	1
20531	1
4149	5
4150	2
4151	1
4153	2
4155	1
4157	1
4160	2
4161	2
4162	1
4166	1
4167	1
4168	1
4170	1
4172	1
20556	1
4174	1
4175	1
4176	1
4180	1
4186	1
4187	1
4188	1
4190	1
4191	1
4192	1
4193	2
20577	1
4198	2
4199	1
4200	2
20584	1
4201	2
4204	1
4205	3
4206	1
4207	1
4208	1
4209	3
4210	3
4214	2
4215	1
4218	2
4222	1
4223	1
4226	2
4227	2
4228	1
4229	2
4232	1
4233	1
4235	1
20619	1
4238	1
4239	2
4242	1
4245	1
4247	1
4248	1
4249	2
4252	1
4255	1
4256	1
4257	1
4258	4
4260	1
4261	3
4263	1
4264	2
4266	2
4267	3
4268	1
4269	1
4270	1
4272	1
4273	2
4275	1
4276	1
4277	3
4278	1
4280	2
4282	1
4283	1
4284	1
4285	1
4286	1
4288	1
4289	3
4290	1
4293	2
4295	2
4296	2
20680	1
4297	3
4298	1
4299	1
4301	3
4302	2
20687	1
4303	1
4304	1
4307	2
4308	1
4309	1
4311	1
4312	1
4314	3
4315	1
4316	1
4319	3
4321	2
4322	2
4323	1
4325	2
4326	2
4327	2
4328	3
4329	1
4330	1
4332	1
4336	1
4337	1
4338	1
4340	1
4341	1
4342	1
4343	1
4344	1
4348	1
4350	1
4351	1
4353	1
4354	1
4360	2
4364	1
20749	1
4369	1
4370	2
20754	1
4371	3
4372	1
4373	1
4376	1
4377	2
4378	1
4380	1
4381	1
4382	1
4383	1
4384	3
4385	2
4386	2
4394	1
4396	1
4397	1
4398	1
4399	1
20783	1
4401	2
4402	1
20787	1
4405	3
4406	1
4408	1
4409	2
4410	1
4411	1
4413	1
4414	2
4415	1
4416	1
4417	1
4418	1
20803	1
4419	1
4420	2
4421	1
4423	1
4425	1
20810	1
4426	1
4428	1
4430	1
4431	2
4432	1
4434	1
4436	3
4437	1
4438	1
4443	1
4444	1
4445	1
4451	1
20836	1
4454	2
4455	2
4456	3
4457	2
4458	1
4462	1
4465	2
4471	1
4475	2
4476	1
4477	2
4478	1
4479	1
4482	1
4483	2
4486	1
4487	1
4488	2
4489	2
4490	2
4491	1
4492	2
4495	1
4496	2
4497	2
4498	2
4499	2
4501	1
4503	2
4504	1
4506	1
4509	2
4510	2
4512	1
4514	1
4515	1
4518	1
4519	1
4520	1
4521	1
4523	1
4525	1
4526	3
4527	2
4529	1
4530	1
4531	1
4533	1
4534	2
4538	2
4539	1
4545	1
4547	4
4549	1
4550	1
4551	1
4552	1
4553	4
4554	1
4556	1
4557	1
4558	3
4560	3
4561	1
20948	1
4566	3
4567	2
20951	1
4568	3
4569	2
4573	1
20959	1
4577	2
4578	2
4580	2
4581	1
4585	1
4586	1
4588	3
4590	2
4591	2
4592	1
4593	2
4594	4
4595	2
4596	1
4598	2
4599	1
4600	1
4601	2
4605	1
4607	3
4608	1
4610	2
4611	1
4612	2
4614	1
4617	1
4619	2
4620	1
4622	1
4624	4
4625	1
4626	2
4627	2
4628	5
4629	5
4630	3
4631	5
4632	6
4633	4
4634	4
4635	4
4636	3
4637	1
4638	3
4639	2
4640	2
4641	1
4643	4
4644	1
4646	1
4647	2
4648	1
4649	1
4651	1
4655	1
4658	2
4660	3
4661	1
4663	1
4664	1
4665	2
4666	1
4668	1
4669	1
4670	2
4671	2
4672	1
4674	1
4675	1
4676	1
4681	2
4683	1
4684	1
21069	1
4685	1
4687	1
4688	1
4689	2
4692	1
4693	2
4694	3
4695	2
4697	1
4700	1
4702	2
4703	1
4704	1
4706	1
4708	2
21092	1
21095	1
4711	1
4712	3
21099	1
4715	1
4717	1
4718	1
4720	2
4723	1
4724	3
4728	1
4729	1
4730	3
4731	2
4732	1
4733	2
4734	1
4736	1
4738	1
4740	2
4741	2
4742	1
4743	1
4752	1
4754	1
4755	1
4756	1
4757	2
4758	1
4760	1
4761	1
4762	1
4763	1
4764	1
4766	2
4768	1
4769	3
4770	1
4775	2
4776	2
4778	1
4780	2
4783	1
4784	1
4786	1
4794	1
4796	1
4802	1
4804	2
21193	1
4810	1
4814	3
21201	1
4824	1
4827	1
4828	2
4833	2
4834	1
4836	2
4837	1
4842	1
4843	1
4846	1
4847	1
4848	1
4852	2
4853	1
4856	2
21240	1
4857	1
4862	1
4865	1
4867	1
4868	1
4869	1
4872	2
4873	1
4874	1
4877	1
4878	1
4881	1
4882	1
4884	1
4886	1
4887	1
4888	3
4889	1
4890	2
4891	1
4892	2
4894	2
4898	3
4899	1
4903	2
4906	1
4913	1
21299	1
4919	2
4920	1
4921	1
4922	1
4925	1
4930	1
4932	1
4938	1
4941	1
21327	1
4945	2
4949	2
4950	1
4952	2
4954	1
4955	1
4959	1
4960	1
4967	1
4969	2
4970	1
4971	1
4974	1
4975	1
4978	1
4979	1
4980	1
4987	1
4988	2
4990	2
4991	1
4994	1
4997	1
4998	1
4999	1
5000	2
21388	1
5004	1
5006	2
5011	2
5012	1
5014	1
5015	2
5016	1
5017	1
5022	1
5023	1
5024	1
5025	1
5028	1
5030	1
5032	1
5033	3
5035	1
5036	1
5039	2
5040	2
5042	1
5044	2
5046	1
5049	2
5050	3
5053	1
5055	1
5056	1
5057	1
5059	1
5060	1
5062	1
5071	1
5072	2
5075	2
5077	1
5078	1
5081	1
5082	1
5085	1
5089	2
5090	1
5092	1
5098	1
5099	1
5107	1
5108	1
5109	1
5111	1
5114	1
5117	1
5118	1
5120	1
5121	1
5127	1
5128	1
21513	1
5130	1
5131	2
5132	1
5133	1
5135	1
5138	3
5139	1
5140	2
5143	1
5144	1
5145	2
5148	3
5149	2
5150	1
5152	1
21536	1
5156	2
5157	1
5160	2
5161	1
5162	2
5167	1
5169	1
5171	2
21558	1
5176	1
5177	3
5180	1
5185	1
5188	1
5190	1
5192	2
5193	1
5197	1
5199	1
5200	1
5201	1
5205	2
5206	1
21591	1
5210	2
5212	3
21596	1
5215	1
5217	1
5219	1
5220	1
5221	1
5225	1
5226	2
5228	1
5229	1
5230	2
5232	1
5233	1
5235	1
21622	1
5238	1
5239	1
5240	1
5241	1
5243	1
5244	1
5245	2
5247	1
5249	2
5254	1
5255	1
5257	1
5262	1
5263	1
5267	1
5268	1
5271	1
21656	1
5274	1
5276	2
5277	3
5280	1
5281	2
5282	1
5284	1
5285	1
5288	2
21676	1
5296	1
5297	1
5298	1
5299	2
5301	1
5307	2
5308	2
5311	1
5312	2
5314	2
5315	1
5316	1
5317	1
5318	2
21707	1
5325	2
5328	1
5331	1
5333	1
5335	1
5337	1
5338	1
5339	1
5342	1
21728	1
5345	2
5350	1
5351	1
5352	1
5353	1
5356	1
21744	1
5362	1
5364	2
5365	1
5366	3
5371	2
5374	1
5375	1
5378	1
21763	1
5382	1
5384	3
5389	1
5393	1
5397	2
5400	1
5401	1
5402	1
5404	1
5410	1
5412	2
5414	1
5418	1
5419	1
5425	3
5428	1
5429	1
5430	1
5433	1
5435	2
5441	2
5443	2
5448	2
5449	1
5452	1
5457	2
5458	1
5462	1
5463	1
5464	1
5474	2
5476	1
5481	2
5482	4
5484	1
5488	1
21872	1
5489	1
5494	1
21879	1
5495	1
5496	1
5497	1
5498	1
5499	1
5501	1
5506	1
5508	1
5510	2
5511	1
5513	2
5514	1
5516	1
5521	1
5522	2
5524	1
5528	2
21913	1
5529	1
5531	1
5532	1
5533	1
5535	1
5536	1
21920	1
21921	1
5538	1
5539	1
5540	1
21928	1
5544	1
5549	1
5554	1
5555	1
5559	2
5561	1
5568	1
5578	1
5582	1
5583	1
5587	1
5589	2
5593	1
5598	1
5601	1
21986	1
5603	1
5604	1
5606	1
5608	1
5609	2
5610	1
5615	1
5624	1
5625	1
5629	1
5633	1
5635	2
5636	2
5637	1
5641	1
5642	2
5646	1
5649	2
5656	1
5658	1
5659	1
5661	1
5662	1
5663	1
5668	1
5669	1
5674	1
5676	1
5677	1
5680	1
5685	1
5691	1
5693	1
5697	1
5698	1
5699	1
5701	2
5707	2
5709	1
5712	1
5714	1
5717	1
5723	1
5728	1
5729	1
5730	1
5736	1
5737	1
5740	1
5744	1
5746	1
5753	1
5759	1
5760	1
5761	2
5764	1
5769	2
22156	1
5773	1
5775	1
5780	2
5782	1
5787	1
5789	1
5790	1
5794	1
5796	1
5804	1
5807	1
5808	1
5810	2
22195	1
5816	1
5817	1
5818	1
5819	1
5821	1
5822	1
5828	1
5830	1
5832	1
5836	1
5838	1
5842	1
5843	2
5850	2
5860	2
5863	1
5865	1
5866	1
5868	1
5870	1
5871	1
5872	1
5882	1
5884	1
5886	1
5889	1
5894	1
5895	1
5902	1
5904	1
5906	1
5908	1
5910	1
5911	1
22296	1
5915	1
5918	3
5920	1
5921	2
5927	1
5931	1
5935	2
5936	1
5937	1
5941	1
5944	2
5945	1
5946	1
5953	1
5954	1
5955	1
5957	1
5960	1
5964	1
5970	1
5974	2
22358	1
5975	1
5976	1
5977	3
5978	2
5980	1
5981	2
5984	1
5987	1
5990	1
5994	1
5997	1
5998	2
6003	1
6004	1
6005	1
6006	1
6013	1
22408	1
6027	1
6043	1
6044	1
6049	1
6050	1
6051	1
22438	1
6056	1
6057	1
6058	1
6068	1
6074	1
6075	1
6078	1
6083	1
6086	1
6092	1
6094	1
6097	1
6099	1
6100	1
6105	1
6106	1
6112	1
6113	1
6115	1
6125	1
6129	1
6130	1
6133	2
6134	1
6135	1
6137	3
6142	1
6152	2
6157	1
22545	1
6163	1
6164	2
6169	1
6171	1
6175	1
6176	1
6178	1
6182	2
6183	2
6189	1
6191	1
6196	1
6197	1
6198	1
6199	1
6202	2
6203	2
6204	1
6206	1
6207	1
22593	1
6209	2
6215	1
6216	1
6218	1
6235	2
6240	1
6245	1
6246	1
6248	1
6249	1
6251	1
6255	1
6260	1
6262	1
6274	1
6277	1
6279	1
22663	1
6288	1
6292	1
6294	1
6297	1
6298	1
6305	1
6306	2
6310	1
6311	1
6312	1
6316	1
6319	1
6320	1
6322	1
6325	1
6327	2
6333	1
6340	1
6342	2
6352	1
6356	2
6361	1
6362	1
6367	1
6369	1
6371	1
6374	1
6377	1
6380	1
6381	1
6382	1
6383	1
6393	2
6395	1
6396	1
6399	3
6402	1
6407	1
6411	1
6417	2
6418	1
6419	1
6420	1
6421	1
6425	1
6427	1
6428	2
6431	1
6433	1
6440	2
6444	1
6447	1
6452	1
6453	1
6455	1
6460	1
6467	1
6468	1
6471	2
6475	2
6480	1
6487	1
6488	1
6489	1
6491	1
6492	2
6494	1
6496	1
6499	1
6502	1
6504	1
6506	1
6507	1
6509	1
6510	2
22895	1
6511	1
6515	1
6516	1
6520	1
6521	1
6527	1
6536	1
6539	1
6542	2
6546	1
6549	1
6550	1
6552	1
6554	1
6556	1
6561	1
6567	1
6569	1
6570	1
6572	2
6574	1
6577	1
6584	1
6586	1
6589	2
6594	1
6595	1
6601	1
6603	2
6605	1
22990	1
6608	2
6610	1
6612	2
6616	1
6617	1
6618	1
6619	1
6622	1
6623	1
6624	1
6625	1
6628	2
6630	1
6632	1
6635	1
6637	1
6638	1
6639	1
6642	1
6644	1
6645	1
6646	2
6648	1
6650	1
6653	1
6663	1
6665	2
6667	1
6677	1
6688	2
6691	2
6696	1
6702	1
6703	1
6706	1
6708	1
23094	1
6710	3
6711	1
6713	1
6716	1
6717	2
6721	1
6727	1
6728	3
6739	1
6741	1
6743	1
6750	1
6755	1
6757	1
6766	1
6775	1
6776	1
6779	1
6781	1
6785	1
6788	1
23175	1
6791	1
6793	1
6795	1
6796	1
6798	1
6801	1
6802	2
6806	1
6807	1
6812	1
6813	1
6816	1
6817	1
6819	1
6821	1
6823	1
6826	1
6828	1
6834	2
6835	1
6840	1
6843	1
6844	1
6849	1
6850	1
6851	1
6852	1
6857	1
6860	2
6861	1
23246	1
6863	3
6866	1
6868	1
6869	1
6876	2
6877	1
6879	1
6882	1
6883	2
6884	1
6888	2
6890	1
6893	1
6898	1
6906	2
6911	1
6912	1
6917	1
6920	1
6926	1
6927	1
6930	1
6934	1
6937	1
6938	1
6943	1
6950	1
23334	1
6956	1
6961	1
6962	1
6966	1
6973	1
6980	1
6981	1
6983	1
6984	1
6990	1
6992	1
6993	1
6994	1
6995	1
6998	1
7000	1
7002	1
7004	2
7005	1
7006	1
7010	1
7017	1
7020	1
7021	1
7028	1
7040	3
7044	1
7045	1
7048	1
7055	1
7058	2
7062	1
23446	1
7063	1
7064	2
7068	1
7070	1
7073	1
7075	1
7078	2
7079	1
7080	1
7082	1
7087	1
7100	1
23485	1
7110	1
7113	1
7118	2
7119	1
7122	1
7124	1
7127	1
7129	1
7130	1
7132	1
7135	2
23526	1
7146	1
7153	1
7156	1
7158	1
7162	1
7166	1
7170	2
7176	2
7177	1
7183	1
7189	3
7194	1
7198	1
7202	1
7206	1
7210	1
7211	1
7212	1
7225	1
7226	3
7234	1
7237	3
23622	1
7243	1
7247	1
7248	1
7249	1
7254	1
7259	1
7263	1
7265	1
7283	1
7286	2
7290	2
7293	1
7295	1
7308	1
7312	1
7315	3
7321	1
7323	1
7327	3
7330	2
7337	1
7339	1
7341	1
23726	1
23727	1
23729	1
23730	1
7346	1
7347	1
23731	1
23732	1
7349	1
23733	1
23734	1
23735	1
23736	1
7353	1
7354	1
7358	1
7359	1
7364	1
7365	1
7366	1
23750	1
7369	1
7372	1
7377	1
7378	2
7383	3
7385	1
23770	1
23772	1
7391	1
23779	1
7397	1
7400	1
23784	1
23785	1
7401	1
23793	1
7412	1
7413	1
23798	1
7419	1
7420	1
7426	2
7429	1
7431	1
7434	1
7439	1
7442	2
23826	1
23831	1
23832	1
7448	1
23833	1
23834	1
7450	1
23835	1
23836	1
23837	1
23838	1
7454	2
23839	1
23840	1
7457	2
23841	1
23842	1
23843	1
23844	1
23845	1
7461	1
23846	1
23847	1
7463	1
7464	1
7468	1
7483	1
7484	1
7486	1
7497	1
7499	1
7500	1
7508	1
23894	1
7512	1
7516	1
7526	1
7528	1
23918	1
23919	1
7535	1
7539	1
7549	1
7552	1
7555	1
7556	1
7566	2
7569	1
7570	1
7573	1
7574	1
23959	1
7579	1
7580	2
23967	1
7586	1
7588	1
7590	1
23976	1
7592	1
23986	1
7606	1
7609	1
7611	1
7615	1
7617	1
7627	2
7628	1
7632	1
7638	1
7646	2
7647	1
7648	1
7649	2
7653	1
7655	1
7661	1
7663	1
7670	1
7671	1
7672	1
7682	1
7683	1
7684	1
7686	1
7689	1
7697	1
24082	1
7701	1
7705	1
7708	1
7712	2
7713	1
7714	1
7716	2
7717	1
7718	3
7720	1
7726	1
7730	1
7733	1
7735	1
7737	1
7741	1
24125	1
7743	1
7746	1
7749	1
7750	1
24138	1
7759	1
24147	1
7765	1
7766	1
7768	1
7771	1
7772	1
24156	1
7774	1
7775	1
7783	1
7785	1
7786	1
7788	1
7790	1
7793	1
7796	1
7797	1
7803	1
7805	1
7808	1
24205	1
7823	1
7833	1
7834	1
7838	1
7844	1
7860	1
7868	1
7870	1
7872	1
7877	2
7881	1
7889	1
7894	1
7895	2
7896	1
7915	1
7917	1
7924	1
7927	1
7930	1
7934	1
7938	1
7941	2
7942	1
7958	1
7960	1
7962	1
7965	1
7968	1
7975	1
7980	1
7992	1
7993	1
7999	1
8000	1
8002	1
8004	1
8005	1
8014	1
8015	1
8016	1
8017	1
8020	1
8021	1
8023	1
8024	1
8026	1
8034	1
8041	1
8043	1
8045	1
8052	1
8054	1
8056	1
8058	1
8061	1
8065	1
8071	1
8078	1
8080	1
8087	1
8094	1
8107	1
8112	1
8117	1
8121	1
8123	1
8130	1
8137	1
8139	1
8140	1
8150	2
24535	1
8153	1
8160	1
8166	1
8168	1
8170	1
8177	2
8183	1
24567	1
24572	1
8191	1
8192	1
8193	1
8198	1
8213	1
8217	1
8218	1
8224	1
8227	1
8230	2
8233	1
8234	1
8239	1
8240	1
8245	1
8249	1
8250	1
8252	1
8253	1
8254	1
8257	3
8262	1
8265	1
8272	1
8273	2
8274	1
8283	1
8284	1
8291	1
8293	1
8295	1
8297	1
8305	1
8310	1
8311	1
24697	1
8315	1
8322	1
8327	1
24713	1
8330	1
8340	1
8342	1
8344	1
8347	1
8352	1
8355	1
8360	1
8364	1
8368	1
8369	1
8370	1
8376	1
8378	1
8396	1
8401	1
8406	1
8408	1
8413	1
8415	1
8420	1
8421	1
8422	1
8424	1
8428	1
8432	2
8444	1
8445	1
8448	1
8452	1
8454	1
8458	1
8461	1
8463	1
8464	1
8467	1
8472	1
8475	1
8476	1
8478	2
8486	1
8499	1
8502	1
8509	1
8513	2
8516	1
8521	1
8524	1
8526	1
8534	1
8555	1
24948	1
8567	1
8568	2
8570	1
8578	1
8592	1
8597	1
8598	1
8600	1
8605	1
8607	1
8610	1
8614	1
8622	2
8629	1
8632	1
25018	1
8638	1
8640	1
8644	1
8647	1
8650	1
8656	1
8658	1
8664	1
8672	1
8674	1
8680	1
8682	2
8683	1
8685	1
8686	1
8688	1
8689	1
8690	1
8691	1
8692	1
8693	1
8699	1
8706	1
8709	1
8711	1
8713	1
8715	1
8719	2
8729	1
8733	1
8739	1
8744	1
8745	2
8746	1
8751	1
8752	1
8760	1
8763	1
8768	1
8770	1
8774	1
8778	1
8786	2
8787	1
8797	1
8804	1
8808	1
8809	1
8812	1
8819	1
8820	1
8821	1
8824	1
8825	3
8829	2
8839	1
8842	1
8843	1
8844	1
8848	1
8850	1
8855	1
8856	2
8868	1
8873	1
8875	1
8878	1
8879	2
8880	1
8881	1
8886	1
8898	2
8901	1
8906	2
8913	1
8922	2
8927	1
8929	1
8940	1
8942	2
8949	1
8951	1
8961	1
8980	1
8985	1
8988	1
8997	1
9001	1
9007	1
9015	2
9017	1
9025	1
9028	1
9032	1
9035	1
9036	1
9039	1
9045	1
9055	3
9056	2
9058	1
9070	1
9071	2
9072	2
9073	1
9078	1
9082	1
9083	1
9087	2
9094	1
9097	1
25484	1
9102	1
9106	1
9144	1
9147	1
9148	1
9152	1
9167	1
9169	1
9171	1
9172	1
9173	1
9179	1
9181	2
9182	1
9183	1
9190	1
9199	1
9200	1
9203	1
9212	1
9213	1
9217	1
9223	1
9227	1
9228	1
9229	1
9235	1
9237	1
9238	1
9241	1
9247	1
9250	1
9252	1
9255	1
9258	2
9267	1
9269	1
9280	2
9281	2
9286	1
9289	2
9299	2
9300	1
9302	1
25722	1
9339	1
25725	1
9343	1
9350	1
9363	1
9364	1
9374	1
9376	1
9378	1
9380	1
9381	2
9383	1
25768	1
9394	1
9401	1
9407	1
9410	1
9415	1
9417	1
9421	1
9435	1
9437	1
9446	1
9449	1
9456	2
9458	1
9468	2
9476	2
9483	1
9490	1
9495	1
9498	1
9499	2
9500	1
9516	1
9528	1
9530	1
9539	1
9543	1
9550	1
9552	1
9554	1
9563	1
9565	1
9572	1
9573	2
9577	1
9579	1
9580	1
9590	1
9596	1
9597	1
9606	1
9609	2
9610	1
9617	2
9618	2
9627	1
9631	1
9636	2
9647	1
9648	1
9654	1
9666	2
9669	1
9671	1
9676	1
9678	1
9683	1
9685	1
9688	1
9696	1
9698	1
9702	1
9710	1
9715	1
9719	1
9737	1
9742	1
9743	1
9745	1
9751	1
9762	1
9765	1
9766	1
9775	1
9787	1
9790	1
9792	1
9796	1
9801	1
9819	1
9826	1
9827	1
9834	1
9845	1
9851	1
9853	1
9854	1
9870	1
9886	1
9889	1
9896	1
9903	1
9906	1
9907	2
9915	1
9916	1
9918	1
9920	2
9921	1
9935	1
9940	1
9947	1
9955	1
9961	1
9972	1
9975	1
9993	1
9996	1
9998	1
10007	1
10010	1
10033	1
10050	1
10056	1
10059	1
10079	1
10087	1
10095	1
10111	1
10128	1
10130	1
10148	1
10153	1
10160	1
10166	1
10175	1
10181	1
10185	1
10193	1
10197	1
10201	2
10206	1
10217	1
10218	2
10231	1
10236	1
10243	2
10251	1
10254	1
10265	1
10272	1
10287	1
10292	1
10295	1
10296	2
10299	1
10301	1
10307	1
10309	1
10311	1
10316	1
10320	1
10324	1
10325	1
10326	1
10337	1
10338	1
10342	1
10344	1
10348	1
10353	1
10357	1
10364	2
10367	1
10368	1
10376	2
10378	2
10382	2
10387	1
10398	1
10399	1
10400	1
10403	1
10406	1
10416	1
10417	1
10418	1
10424	1
10430	1
10434	1
10436	1
10447	1
10450	1
10451	1
10453	1
10454	1
10455	1
10456	1
10469	1
10487	1
10489	1
10490	1
10505	1
10515	1
10518	1
10522	1
10523	1
10525	1
10536	1
10539	1
10547	1
10557	1
10560	1
10563	1
10568	1
10578	1
10594	2
10605	1
10615	1
10616	1
10617	2
10638	1
10639	1
10640	1
10646	1
10651	1
10665	1
10666	1
10672	1
10686	1
10703	1
10712	1
10718	1
10719	1
10731	1
10748	1
10757	1
10765	1
10769	1
10771	1
10780	1
10785	1
10800	1
10807	1
10811	1
10815	2
10825	1
10833	1
10836	1
10849	2
10864	1
10877	1
10878	1
10883	1
10884	1
10893	1
10908	1
10913	1
10914	2
10919	1
10923	1
10925	1
10927	1
10939	1
10942	1
10945	1
10946	1
10971	2
10982	1
10983	1
10996	1
11000	1
11009	1
11017	1
11019	1
11022	1
11032	1
11038	1
11040	2
11041	1
11042	1
11049	1
11055	1
11077	1
11084	1
11086	1
11087	1
11091	1
11092	1
11093	1
11114	1
11119	1
11129	1
11133	1
11139	1
11152	1
11156	1
11165	1
11180	1
11203	1
11222	1
11229	1
11245	1
11258	2
11259	1
11263	1
11268	1
11280	1
11295	1
11296	1
11300	1
11303	1
11317	1
11319	1
11321	1
11323	1
11328	1
11337	1
11339	1
11342	2
11346	1
11350	1
11353	1
11354	1
11359	1
11369	1
11372	1
11378	1
11381	1
11387	1
11395	1
11401	2
11416	1
11427	1
11430	2
11435	1
11451	2
11456	1
11468	1
11470	2
11474	1
11475	1
11490	1
11495	2
11496	1
11502	1
11507	1
11515	1
11517	1
11518	1
11520	1
11536	1
11560	1
11561	1
11562	1
11565	1
11570	1
11592	1
11606	2
11610	1
11621	1
11644	2
11650	1
11673	1
11679	1
11683	1
11684	1
11685	1
11686	1
11697	1
11705	1
11709	1
11720	1
11731	2
11733	1
11743	1
11745	1
11754	1
11766	1
11776	1
11783	1
11784	1
11785	1
11786	1
11811	1
11813	1
11814	1
11815	1
11818	1
11819	1
11831	1
11848	1
11850	1
11871	1
11873	1
11879	1
11892	1
11904	1
11905	1
11917	1
11920	1
11921	1
11926	2
11956	1
11959	1
11970	1
11979	2
11982	1
11990	1
11991	1
11999	1
12008	1
12011	1
12027	1
12035	1
12049	1
12065	1
12079	1
12082	1
12097	1
12109	1
12116	1
12121	1
12134	2
12149	1
12153	1
12155	1
12158	1
12159	1
12183	2
12187	1
12205	1
12215	1
12222	1
12293	1
12350	1
12353	1
12354	1
12358	1
12361	1
12367	1
12372	1
12385	1
12387	1
12406	1
12417	1
12418	1
12431	1
12433	1
12437	1
12444	1
12470	1
12474	1
12489	1
12498	1
12506	1
12540	1
12551	1
12554	1
12558	1
12559	1
12561	1
12578	1
12584	1
12587	1
12596	1
12603	1
12607	2
12619	3
12623	1
12624	1
12627	1
12637	1
12649	1
12652	1
12667	1
12670	1
12671	1
12675	1
12681	1
12689	1
12702	1
12720	2
12721	1
12730	1
12740	1
12742	1
12747	1
12767	1
12782	1
12793	1
12824	1
12827	1
12829	1
12835	1
12837	1
12848	1
12850	1
12864	1
12887	1
12898	1
12918	1
12936	1
12943	1
12946	2
12958	1
12965	1
12999	1
13001	1
13002	2
13007	1
13022	1
13028	1
13038	1
13071	1
13072	1
13088	1
13089	1
13092	1
13096	1
13097	1
13099	1
13102	1
13118	1
13125	1
13149	1
13156	1
13162	1
13171	1
13179	1
13182	1
13193	1
13208	1
13214	1
13217	2
13219	1
13238	1
13240	1
13250	1
13274	1
13275	1
13295	1
13314	1
13343	1
13346	1
13360	1
13370	1
13381	1
13399	1
13413	1
13421	1
13437	1
13442	1
13446	1
13465	1
13472	1
13481	2
13483	1
13486	1
13491	1
13493	1
13496	1
13508	1
13510	1
13519	1
13522	1
13524	1
13534	1
13536	1
13544	1
13546	1
13547	1
13554	1
13558	1
13561	1
13568	1
13573	1
13583	1
13588	1
13590	1
13618	1
13621	1
13634	1
13644	1
13652	1
13659	1
13662	1
13666	1
13670	1
13684	1
13685	1
13688	1
13691	1
13698	1
13708	1
13709	1
13733	1
13741	1
13742	1
13753	1
13771	1
13804	1
13820	1
13821	1
13853	1
13863	2
13867	1
13882	2
13885	1
13887	1
13892	1
13896	1
13901	1
13903	1
13906	1
13912	1
13923	1
13929	1
13943	1
13952	1
13954	1
13973	1
13983	1
13989	1
13990	1
13995	1
14028	1
14031	1
14062	1
14063	1
14069	1
14080	1
14083	1
14092	1
14116	2
14119	1
14124	1
14128	1
14142	2
14151	1
14156	1
14161	2
14166	1
14182	1
14214	1
14225	1
14229	1
14247	1
14252	1
14266	1
14267	1
14271	1
14274	2
14275	1
14276	1
14285	1
14287	2
14300	1
14308	1
14309	1
14313	1
14315	1
14319	1
14321	1
14331	1
14332	1
14340	1
14344	2
14346	1
14349	1
14351	1
14359	1
14366	1
14370	2
14376	1
14377	1
14378	1
14382	1
14386	1
14392	1
14393	1
14394	1
14399	1
14401	1
14402	1
14412	2
14417	1
14418	1
14424	1
14428	1
14430	1
14434	1
14435	1
14440	1
14442	1
14448	2
14449	1
14452	1
14456	1
14457	1
14458	2
14465	1
14468	1
14473	1
14477	2
14478	1
14479	1
14484	1
14488	1
14494	1
14496	1
14500	1
14506	2
14507	1
14508	1
14512	1
14517	1
14521	1
14524	1
14525	1
14529	2
14536	1
14545	1
14546	2
14558	2
14559	1
14565	1
14577	1
14580	1
14586	1
14587	2
14589	2
14590	1
14591	1
14594	1
14605	1
14606	1
14609	1
14610	1
14612	1
14615	1
14616	1
14633	1
14639	2
14644	2
14654	1
14657	1
14658	1
14662	1
14667	1
14668	3
14671	1
14677	2
14681	1
14683	1
14690	1
14693	1
14694	1
14699	1
14705	1
14706	1
14707	1
14709	1
14714	1
14717	1
14720	1
14721	3
14726	1
14727	1
14728	1
14739	1
14749	1
14752	1
14767	1
14776	1
14780	1
14786	1
14798	1
14802	1
14805	2
14811	1
14812	1
14815	1
14825	1
14829	1
14830	2
14831	1
14835	1
14849	1
14852	2
14855	1
14861	1
14862	2
14863	1
14869	1
14875	1
14876	1
14878	1
14886	1
14888	1
14891	1
14896	1
14898	1
14899	1
14900	1
14909	1
14917	1
14922	1
14923	1
14924	1
14929	1
14930	1
14931	1
14935	1
14936	1
14937	2
14938	1
14940	1
14942	1
14943	1
14947	1
14948	1
14950	2
14952	1
14953	1
14955	1
14957	1
14961	1
14963	1
14964	1
14968	1
14969	1
14970	1
14972	1
14973	1
14976	1
14979	2
14981	2
14987	1
14988	1
14989	1
14990	1
14991	1
14994	1
14997	1
15001	1
15003	2
15007	1
15008	1
15010	1
15012	1
15013	1
15014	2
15015	1
15018	1
15020	2
15022	1
15032	1
15034	1
15042	1
15045	1
15052	1
15055	1
15061	1
15063	1
15064	2
15072	1
15075	1
15083	1
15084	1
15087	1
15088	1
15097	1
15099	1
15102	1
15103	1
15104	1
15109	1
15116	1
15118	1
15121	1
15128	1
15131	1
15133	1
15135	1
15137	2
15144	1
15147	1
15148	1
15150	2
15151	1
15155	1
15156	1
15157	1
15161	2
15163	1
15164	1
15165	1
15169	1
15180	1
15181	1
15182	1
15184	1
15185	2
15188	1
15193	1
15196	1
15201	1
15202	1
15203	1
15208	2
15210	1
15213	1
15222	1
15225	2
15227	1
15229	1
15232	1
15235	1
15236	1
15245	3
15247	1
15258	1
15261	1
15262	1
15263	1
15275	1
15281	1
15283	1
15284	2
15285	1
15288	2
15289	1
15291	2
15295	2
15301	1
15302	1
15305	1
15312	1
15314	2
15315	1
15317	1
15325	2
15326	2
15328	1
15339	1
15344	1
15345	1
15346	1
15353	3
15358	1
15361	1
15364	1
15367	1
15370	1
15374	1
15386	1
15388	1
15389	1
15394	1
15395	1
15396	1
15398	1
15400	1
15401	1
15408	1
15411	1
15417	2
15418	1
15423	2
15429	2
15433	1
15435	1
15449	2
15458	1
15472	1
15480	1
15482	1
15487	1
15488	1
15494	1
15498	1
15500	1
15503	1
15507	2
15516	1
15523	1
15527	1
15529	1
15530	1
15534	2
15536	1
15539	1
15548	2
15549	2
15552	1
15553	1
15554	2
15556	1
15559	1
15562	1
15569	1
15573	1
15574	1
15575	2
15579	1
15584	1
15588	1
15591	1
15608	1
15612	1
15617	1
15621	1
15626	1
15629	1
15631	1
15635	1
15636	1
15641	1
15642	1
15645	1
15647	1
15648	1
15651	1
15652	1
15657	1
15659	1
15665	1
15667	2
15672	1
15673	1
15674	1
15675	1
15676	1
15679	1
15682	2
15684	1
15689	1
15690	1
15693	1
15694	2
15695	2
15702	2
15704	1
15707	1
15708	1
15713	1
15715	1
15716	1
15717	1
15724	2
15725	1
15729	1
15731	1
15734	1
15738	1
15749	2
15752	1
15753	1
15755	2
15760	1
15761	1
15762	1
15766	1
15771	1
15779	1
15780	1
15784	1
15786	1
15787	1
15792	1
15797	2
15798	1
15802	1
15806	1
15809	1
15810	1
15824	1
15828	1
15829	2
15831	1
15832	1
15835	1
15836	1
15838	1
15842	1
15848	1
15855	1
15858	1
15873	1
15884	2
15886	2
15890	1
15891	1
15894	1
15897	3
15905	1
15914	2
15918	1
15931	1
15933	1
15942	1
15943	1
15949	1
15957	1
15959	1
15960	1
15961	2
15962	1
15965	1
15973	1
15975	1
15977	1
15979	1
15982	1
15985	1
15987	1
15994	1
15999	2
16004	1
16005	1
16014	1
16018	1
16021	1
16022	2
16026	1
16027	1
16045	1
16049	1
16058	2
16061	1
16065	1
16080	1
16081	1
16085	1
16098	1
16100	2
16102	2
16109	1
16124	2
16129	1
16143	1
16149	1
16164	1
16178	1
16180	1
16183	1
16186	1
16213	1
16214	1
16217	1
16218	1
16224	1
16240	2
16246	1
16248	1
16254	1
16256	1
16260	1
16270	1
16280	1
16289	1
16291	1
16293	2
16296	2
16304	1
16306	1
16307	1
16310	1
16320	1
16327	1
16328	1
16330	1
16342	1
16358	1
16360	1
16375	1
16381	1
16382	1
16383	1
