1	11
2	7
3	12
16388	1
4	8
5	7
6	7
7	9
8	8
9	7
16393	1
10	8
11	11
12	6
13	4
14	5
15	13
16	9
17	11
16401	1
18	10
19	7
20	9
21	5
16405	1
22	12
23	12
24	6
25	11
16410	1
26	11
27	11
28	9
16412	1
29	9
16413	1
30	8
31	10
32	7
33	5
34	11
35	11
36	4
37	5
38	11
39	8
16424	1
40	8
41	10
42	14
43	9
44	11
16428	1
45	8
46	6
47	11
48	10
49	9
16434	1
50	4
51	11
52	5
53	6
54	8
55	10
56	7
57	9
58	10
59	7
16443	1
60	3
61	6
62	1
63	8
64	9
16448	1
65	8
66	10
16450	1
67	7
68	2
69	4
16453	1
70	4
71	9
16455	1
72	5
73	7
74	5
75	5
16459	1
76	8
77	5
16461	1
78	5
79	7
16463	1
80	10
81	9
82	6
83	5
84	7
85	9
16469	1
86	7
87	9
88	6
16472	2
89	6
90	6
91	4
16475	2
92	7
93	9
94	12
95	5
96	7
97	5
98	9
99	4
100	8
101	6
102	4
103	9
104	8
105	13
106	6
107	6
108	10
109	5
16494	1
110	5
111	3
112	7
113	6
114	8
115	7
116	5
16501	1
117	6
118	10
119	7
120	5
121	2
122	5
123	7
124	7
125	5
126	10
127	4
128	8
129	6
130	6
16514	1
131	7
132	2
133	7
134	8
135	5
136	7
137	10
138	9
16522	1
139	8
140	5
141	7
142	7
143	7
144	4
16529	2
145	5
146	6
147	8
148	4
149	9
150	6
151	5
152	7
153	4
16537	1
154	10
155	3
156	6
16540	1
157	5
158	4
159	4
160	5
161	7
16545	1
162	4
163	1
164	6
16548	1
165	6
16549	1
166	4
167	3
168	6
16552	1
169	7
170	12
171	12
172	6
173	10
174	9
175	9
176	4
177	6
16561	1
178	5
179	5
180	8
181	4
182	9
16566	1
183	6
184	6
185	5
16569	1
186	3
187	10
188	3
189	7
190	6
191	6
192	3
16576	1
193	10
16578	1
194	3
195	4
196	7
197	9
198	6
199	4
200	3
16584	1
201	4
202	9
16586	1
203	9
204	5
205	6
206	2
207	11
208	7
209	6
210	7
211	4
212	7
213	5
16597	1
214	7
215	3
216	5
217	2
218	4
219	1
16603	1
220	4
221	8
222	3
16606	1
223	2
224	7
225	4
226	7
227	2
228	5
229	7
230	6
16614	2
231	5
232	5
233	12
234	5
235	3
236	8
16620	1
237	4
238	8
239	4
240	2
241	4
242	7
243	4
244	5
245	5
246	6
16630	1
247	5
248	8
249	2
250	4
251	9
252	7
253	4
254	3
255	6
256	9
257	3
258	9
16642	1
259	6
16643	1
260	4
261	2
262	5
16646	1
263	8
264	3
265	3
266	5
267	8
268	3
16653	1
269	2
270	7
271	7
272	4
273	5
16657	1
274	3
275	5
16659	1
276	4
277	6
278	5
279	3
280	8
281	3
282	4
283	5
284	1
285	11
286	11
16671	2
287	6
288	3
289	6
290	8
16674	1
291	5
292	9
293	8
294	8
295	5
296	4
297	5
16681	1
298	4
299	10
300	10
16684	1
301	4
16685	1
302	3
303	3
304	7
305	12
16689	1
306	4
307	7
308	7
309	4
310	3
311	2
312	3
313	5
314	5
315	9
316	4
317	7
318	5
319	5
320	6
321	6
322	8
323	3
324	6
325	5
16709	1
326	7
327	5
16712	1
329	8
330	11
331	6
332	6
333	4
334	11
336	2
16720	1
337	6
338	8
339	6
340	6
341	3
342	5
343	4
344	8
345	8
346	7
347	1
348	4
349	7
350	2
351	7
352	3
353	5
16737	1
354	4
16738	1
355	5
356	2
357	7
358	7
359	5
16743	1
360	4
361	8
16745	3
362	13
363	5
364	2
365	7
366	2
367	9
368	3
369	5
370	3
371	5
372	5
373	4
374	4
375	8
376	3
377	7
378	4
16762	1
379	3
380	4
381	4
382	4
383	2
384	4
385	3
386	1
387	7
388	4
389	6
390	2
391	4
392	4
393	8
394	8
395	4
396	7
397	7
398	2
399	4
400	5
401	4
402	3
403	2
405	3
406	4
407	2
408	3
409	6
410	6
411	4
412	2
413	5
16797	1
414	3
415	6
416	12
417	3
418	4
419	5
420	4
421	2
422	2
423	7
424	6
425	3
426	5
427	4
428	3
429	7
430	4
431	4
432	3
433	1
434	5
435	3
436	5
437	3
438	3
439	1
440	3
441	4
442	6
16827	1
443	5
444	5
445	2
446	5
447	5
448	1
449	6
450	5
451	3
452	6
453	5
454	1
455	5
16839	1
456	2
457	6
458	5
459	7
460	1
461	3
462	5
463	7
464	3
465	3
466	4
467	5
468	4
469	6
470	7
471	5
472	5
473	5
474	5
475	7
476	5
477	5
478	4
479	2
16863	1
480	4
481	2
482	7
483	5
484	2
485	3
16870	1
486	2
487	4
488	2
489	3
491	4
492	2
493	5
494	5
495	4
496	2
497	6
498	6
499	3
500	2
501	4
502	5
503	10
504	5
505	2
506	2
507	4
508	4
509	3
510	4
511	2
512	2
513	5
514	5
515	5
516	3
517	3
518	5
519	1
520	4
16904	1
521	3
522	3
523	3
524	3
525	10
526	4
527	4
528	6
529	7
530	1
531	2
532	3
533	7
534	9
535	1
16919	1
536	4
537	8
538	4
539	3
540	2
541	3
542	5
543	8
544	3
545	5
546	3
547	5
548	4
549	3
550	5
551	4
552	2
553	1
554	3
555	5
556	3
558	2
559	6
560	5
561	3
562	7
563	3
564	8
565	8
566	1
567	6
568	2
569	3
570	3
571	4
572	7
573	3
574	6
575	6
576	7
577	5
578	3
579	3
16963	1
580	3
581	5
16965	1
582	4
16966	2
583	4
584	1
585	3
586	6
587	3
588	3
589	9
590	3
591	1
592	5
593	5
594	2
595	2
596	6
597	4
598	3
599	7
600	6
601	1
602	4
603	6
604	2
605	4
606	5
16990	2
607	8
609	2
610	4
16994	1
611	2
612	4
16996	1
613	1
614	3
615	6
616	5
617	1
618	2
17002	1
619	3
620	3
621	5
17005	1
622	3
17006	1
623	2
17008	1
624	5
625	4
626	2
628	5
17013	1
629	3
630	7
631	1
632	3
633	3
634	5
635	3
636	5
637	4
638	6
639	3
640	5
17024	1
641	2
642	3
643	5
644	1
645	5
646	3
647	4
648	2
649	3
650	7
17034	1
651	2
652	3
653	5
654	10
655	5
656	8
657	3
658	8
659	3
660	6
661	1
662	6
663	2
664	6
17048	1
665	7
666	3
17050	1
667	5
17052	2
668	4
669	2
670	5
671	5
672	7
673	5
17057	1
674	3
675	2
676	4
677	2
678	6
679	11
680	7
681	2
682	2
683	2
684	4
685	2
686	7
687	8
688	4
689	8
690	6
691	4
692	1
693	3
694	2
695	4
696	5
697	8
698	2
699	4
700	5
701	3
702	6
703	5
17087	2
704	1
705	5
706	4
707	10
708	3
709	3
710	4
711	4
712	3
713	5
714	4
715	5
716	4
717	2
17102	2
719	2
720	4
721	4
722	6
723	8
724	6
725	4
726	6
727	3
728	5
17112	1
729	2
730	4
731	4
732	2
733	5
734	6
735	3
736	6
737	2
738	2
739	2
740	4
741	4
742	3
743	6
744	9
745	6
746	7
747	3
748	5
749	3
750	9
751	2
752	9
753	12
754	5
755	5
756	3
757	7
758	2
759	3
760	4
761	5
762	5
763	7
764	6
765	3
766	6
767	2
768	3
17152	1
769	4
770	5
771	9
772	7
773	8
774	6
775	2
776	4
17160	1
777	7
778	3
779	6
780	3
781	1
782	6
783	8
784	4
785	3
786	3
787	9
788	4
789	8
790	3
791	3
793	3
794	4
795	4
796	6
17180	1
797	4
798	4
799	7
800	4
801	4
802	3
803	2
804	7
805	4
806	2
807	5
808	2
809	4
810	6
811	5
812	5
813	4
814	3
815	11
816	5
17200	1
817	6
818	7
819	4
820	3
821	2
822	4
823	7
824	6
825	10
826	3
827	5
828	3
829	7
830	3
17214	1
831	2
832	3
833	3
834	4
835	1
836	2
837	2
838	3
839	5
840	5
841	11
842	2
843	5
844	3
17229	1
845	4
846	3
847	3
848	6
849	1
850	5
851	5
852	3
853	9
854	2
855	6
856	3
857	9
858	3
859	3
860	4
861	9
862	7
17246	1
863	4
864	3
865	7
866	2
867	3
868	2
869	5
870	5
871	4
872	5
873	6
874	1
875	4
876	4
877	4
17261	1
878	2
879	2
880	8
881	2
882	3
883	1
884	3
885	6
886	5
887	5
888	6
889	5
890	4
891	4
892	6
893	4
894	4
895	3
896	8
897	4
898	6
899	1
900	6
902	6
903	3
904	1
905	7
906	7
17290	1
907	3
908	1
909	3
910	8
911	7
912	5
913	2
914	4
915	6
916	7
917	1
918	3
919	1
921	3
922	5
923	7
924	3
925	5
17309	1
926	6
927	4
928	5
929	5
930	6
931	7
932	6
933	5
934	2
935	4
936	4
937	2
938	6
939	7
940	5
941	10
942	4
943	8
944	1
945	6
946	4
947	5
948	1
949	7
950	8
951	4
952	2
17337	1
953	5
954	7
955	2
956	4
957	5
17342	1
958	3
959	1
960	8
961	7
962	7
963	7
964	3
965	2
966	4
967	7
968	5
969	7
970	8
971	9
972	4
973	4
974	7
975	2
976	7
977	4
978	5
979	5
980	3
981	4
982	4
983	3
984	5
985	5
986	1
987	3
988	9
17372	1
989	4
990	4
991	4
992	1
993	5
994	4
995	6
996	2
997	2
998	7
999	7
1000	3
1001	4
1002	7
1003	2
1004	6
1005	7
1006	6
1007	4
1008	3
1009	7
1010	3
1011	3
1012	3
1013	7
1014	6
1015	3
1016	5
1017	3
17401	1
1019	1
1020	4
1021	3
1022	1
1023	4
1024	3
17408	2
1025	3
1026	2
1027	3
1028	1
1029	1
17413	1
1030	3
1031	6
1032	6
1033	7
1034	5
1035	5
1036	3
1037	4
1038	4
1039	6
1040	5
17424	1
1041	6
1042	1
1043	6
17427	1
1044	3
1045	7
1046	2
1047	3
1048	1
1049	2
1050	2
1051	4
1052	3
1053	8
1054	1
1055	6
1056	5
1057	2
1058	4
1059	2
1060	5
1061	2
1062	4
1063	3
1064	5
1065	1
1066	3
1067	8
1068	3
17452	1
1069	3
1070	4
1071	3
1072	6
1073	2
1074	5
1075	5
1076	4
1077	4
1078	4
1079	7
1080	4
1081	5
1082	1
1083	1
1084	3
1085	4
1086	5
1087	2
1088	2
1089	4
1090	2
1091	4
1092	4
1093	6
1094	2
1095	3
1096	6
1097	4
1098	5
1099	2
1100	6
1101	8
1102	5
1103	3
1104	2
1105	1
1106	4
1107	6
1108	4
1109	2
1110	6
1111	3
1112	2
1113	6
1114	5
1115	6
1116	1
1117	3
1118	6
1119	2
1120	7
1121	4
1122	8
1123	6
1124	3
1125	1
1126	4
1127	3
1128	3
1129	1
1130	5
1131	5
1132	1
1133	2
1134	4
1135	7
1136	4
1137	4
1138	1
1139	2
1140	1
1142	1
1143	6
1144	2
1145	1
1146	5
1147	2
1148	2
1149	7
1150	3
1151	3
1152	4
1153	3
1154	4
1155	7
1156	3
1157	1
1158	2
1159	3
1160	5
17544	1
1162	5
1163	9
1164	3
1165	2
1166	3
1167	2
1168	1
1169	6
1170	6
1171	5
1172	5
1173	3
1174	3
1175	3
1176	2
1177	4
1178	2
1179	1
1180	2
17565	1
1181	5
1182	4
1183	1
1184	4
17568	1
1185	3
1186	4
1187	7
17571	1
1188	5
1189	5
1190	4
1191	3
1192	3
1193	6
1194	3
1195	7
17579	1
1196	8
1197	2
1198	3
1199	3
1200	3
1201	2
1202	1
1203	2
1204	2
1205	5
1206	3
1207	6
1208	5
1209	7
1210	4
1211	4
1212	2
1213	4
17598	1
1214	2
1215	6
1216	4
1217	1
1218	1
1219	4
1220	3
1221	1
1222	5
1223	3
1224	3
17609	1
1225	3
1226	2
1227	4
1228	1
1230	3
1231	1
1232	5
1233	4
1234	3
1235	6
1236	11
1237	5
1238	5
1239	4
1240	4
1241	2
1242	5
1243	3
1244	1
1245	1
1246	3
1247	4
1248	3
1249	2
1250	3
1251	3
1252	9
1253	4
1254	7
1255	1
1256	4
1257	2
1258	2
17642	1
1259	6
1260	3
1261	1
1262	1
1263	2
1264	4
1265	4
1266	4
1267	6
1268	1
1269	1
1270	10
1271	2
17655	1
1272	3
1273	3
1274	2
1275	3
1276	1
1277	6
1278	4
1279	3
1280	6
1281	5
1282	1
1283	7
1284	4
1285	3
1286	4
1287	3
1288	1
1290	3
1291	4
1292	2
1293	1
1294	2
1295	2
1296	6
1297	7
1298	3
1299	4
1300	5
1301	3
1302	6
1303	2
1304	7
1305	3
1306	4
1307	1
1308	4
1309	3
1310	3
1311	4
1312	3
1313	2
1314	1
1315	4
1316	1
1317	6
1318	5
1319	2
1320	2
1321	6
1322	2
1323	4
1324	2
1325	5
1326	3
17710	1
1327	5
1328	5
1329	2
1330	1
1331	3
1332	4
1333	4
1334	3
1335	5
1336	4
1337	4
1338	6
1339	2
1340	3
1341	7
1342	5
1343	5
1344	6
1345	7
1346	4
1347	2
1348	2
1349	5
1350	4
1351	5
1352	2
1353	4
1354	6
1355	6
1356	2
1357	8
1358	4
1359	4
1360	7
1361	6
1362	2
1363	2
1364	4
1365	2
17749	1
1366	5
1367	5
1368	3
1369	2
1370	3
1371	2
1372	5
1373	4
1374	1
1375	6
1376	5
1377	4
1378	2
1379	2
1380	4
1381	4
1382	1
1383	5
1384	3
1385	1
1386	3
1387	2
1388	6
1389	7
1390	7
1391	2
1392	3
1393	3
1394	3
1395	6
1396	7
1397	3
1398	3
1399	6
1400	3
1401	3
1402	1
1403	4
1404	2
1405	4
1406	5
17790	1
1407	4
1408	3
1409	7
1410	5
1411	6
1412	2
1413	2
1414	3
1415	5
1416	6
1417	5
1419	6
1420	3
1421	1
1422	1
1423	3
1424	5
1425	5
1426	2
1427	4
1428	6
1429	1
1430	2
1431	4
1432	5
1433	2
17817	1
1434	2
17818	1
1435	5
1436	2
1437	1
1438	3
1439	8
1440	3
1441	3
1442	3
1443	5
1444	3
1445	6
1446	4
1447	2
1448	8
1449	5
1450	4
1451	2
1452	2
1453	4
1454	2
1455	5
1456	4
17840	1
1457	6
1458	1
1459	5
1460	3
1461	2
1463	3
1464	2
1465	3
1466	7
1467	3
1468	8
1469	4
1470	5
1471	1
1472	8
1473	2
1474	7
1475	3
1476	5
1477	3
1478	5
1479	4
1480	3
1481	5
1482	4
1483	4
1484	2
1485	1
1486	7
1487	3
1488	4
1489	5
1490	2
1491	4
1492	2
1493	8
1494	2
1495	4
1496	5
1497	3
1498	4
1499	4
1500	3
1501	8
1502	4
1503	4
1504	1
1505	5
17890	1
1506	6
1507	4
1508	3
1509	7
1510	5
1511	4
1512	6
1513	3
1514	4
17898	1
1515	6
1516	1
1517	4
1518	7
1519	2
1520	3
1521	4
1522	1
1523	4
1524	3
1525	3
1526	6
1527	2
1528	4
1529	6
1530	4
1531	5
1532	4
1533	2
1534	7
1535	1
1536	5
1537	5
1538	7
1539	3
1540	5
1541	3
1542	6
1543	4
1544	9
1545	1
1546	1
1547	3
1548	5
1549	6
1550	6
1551	2
1552	6
1553	6
1554	3
1555	4
1556	5
1557	4
1558	2
1559	4
1560	5
1561	3
1562	9
1563	5
1564	4
1565	3
1566	2
1567	2
1568	4
1569	4
1570	3
1571	4
1572	5
1573	4
1574	4
1575	3
1576	4
17960	1
1577	2
1578	4
1579	5
1580	4
1581	3
1582	3
1583	10
1584	4
1585	3
1586	3
1587	5
1588	2
1589	4
1590	7
1591	3
1592	5
1593	3
1594	3
1595	5
1596	3
17980	2
1597	4
1598	3
1599	3
1601	4
1602	2
1603	7
1604	5
1605	2
1606	5
17990	1
1607	10
1608	2
1609	3
1610	2
1611	5
1612	2
1613	9
1614	3
1615	5
1616	3
1617	6
1618	3
1619	5
1620	3
1621	4
1622	3
1623	5
1624	3
1625	8
1626	6
1627	4
1628	2
1629	2
1630	2
1631	3
1632	2
1634	2
18018	1
1635	5
1636	3
1637	2
1638	4
1639	4
1640	3
1641	4
1642	4
1643	2
1644	4
1645	2
1646	5
1647	6
1648	4
1649	2
1650	3
1651	3
1652	6
1653	5
1654	5
1655	5
1656	4
1657	2
1658	2
1659	2
1660	6
1661	7
1662	5
1663	4
1664	4
1665	5
1666	1
1667	4
1668	7
1669	4
1670	4
1671	5
1672	4
1673	5
1674	3
1675	4
1676	5
1677	5
1678	2
1679	6
1680	5
1681	2
1682	6
1683	6
1684	5
1685	4
1686	3
1687	3
1688	4
1689	4
1691	9
1692	6
1693	7
1694	4
1695	6
1696	5
1697	4
1698	8
1699	5
1700	6
1701	7
1702	2
1703	2
1704	5
1705	4
1706	7
1707	5
1708	5
1709	4
1710	2
1711	5
1712	4
1713	4
1714	9
1715	5
1716	3
1717	6
1718	1
1719	2
1720	3
1721	5
1722	5
1723	2
1724	6
1725	5
1726	2
1727	3
1728	3
1729	2
1730	4
1731	5
1732	5
1733	1
1734	7
1735	1
1736	3
1737	3
1738	2
1739	3
1740	8
1741	3
1742	4
1743	7
1744	4
1745	3
1746	6
1747	4
1748	5
1749	3
1750	3
1751	3
1752	10
1753	2
1754	2
1755	4
1756	2
1757	2
1758	5
1759	6
1760	2
1761	5
1762	1
1763	4
1764	6
1765	3
1766	5
1767	6
1768	3
1769	5
1770	5
1771	7
1772	6
1773	9
1774	5
1775	7
1776	6
1777	5
1778	1
1779	2
1780	4
1781	3
1782	6
1783	6
1784	3
1785	2
1786	7
1787	1
1788	2
1789	7
18173	1
1790	6
1791	6
1792	1
1793	5
18177	1
1794	6
1795	2
1796	2
1797	7
1798	6
1799	5
1800	6
1801	1
1802	5
1803	9
1804	2
18188	1
1805	5
1806	5
1807	2
1808	4
18192	1
1809	6
1810	5
1811	3
1812	6
1813	4
1814	6
1815	4
1816	2
1817	3
1818	4
1819	3
1820	7
1821	4
1822	4
1823	3
1824	7
1825	4
1826	4
1827	1
1828	2
18212	1
1829	5
1830	2
1831	4
1832	3
1833	3
1834	6
1835	2
1836	3
1837	1
1838	6
1839	7
1840	4
1841	3
1842	4
1843	5
1844	5
1845	4
1846	5
18231	1
1847	6
1848	5
1849	4
1850	5
1851	7
1852	7
18236	1
1853	11
1854	6
1855	3
1856	7
18240	1
1857	7
1858	4
1859	4
1860	2
1861	3
1862	5
1863	5
1864	2
1865	3
1866	1
1867	7
18251	1
1868	3
1869	3
1870	3
1871	6
1872	5
1873	2
18257	1
1874	1
1875	4
1876	2
1877	5
1878	4
18262	1
1879	5
1880	3
1881	3
1882	1
1883	1
1884	4
1885	3
1886	4
1887	3
1888	6
1889	6
1890	3
18274	1
1891	2
1892	8
18276	1
1893	2
1894	3
1895	7
1896	5
1897	2
1898	5
1899	5
1900	5
1901	6
1902	3
1903	7
1904	3
1905	6
1906	4
1907	4
1908	4
1909	8
1910	2
1911	5
1912	5
1913	5
1914	7
1915	2
1916	4
1917	6
1918	8
18302	1
1919	2
1920	6
1921	1
1922	3
1923	5
1924	8
1925	5
1926	5
1927	5
1928	6
1929	3
1930	7
1931	6
1932	4
1933	3
1934	3
1935	4
1936	2
1937	3
1938	4
1939	9
1940	5
1941	8
1942	2
1943	2
1944	3
1945	6
1946	8
1947	4
1948	3
1949	6
1950	6
1951	4
1952	4
1953	4
1954	2
1955	5
1956	6
1957	4
1958	3
1959	3
1960	6
1961	3
1962	4
1963	1
1964	6
1965	7
1966	4
1967	8
1968	5
1969	3
1970	5
1971	4
1972	4
1973	6
1974	6
1975	10
1976	5
1977	7
1978	4
1979	4
1980	8
18364	1
1981	3
1982	4
1983	5
1984	4
1985	7
1986	2
1987	2
1988	5
1989	3
1990	6
1991	3
1992	3
1993	6
1994	8
1995	4
18379	1
1996	6
1997	4
1998	3
1999	2
2000	4
2001	7
2002	5
2003	8
2004	7
2005	3
2006	2
2007	3
2008	3
2009	2
2010	3
2011	4
2012	4
2013	10
2014	5
2015	5
2016	4
2017	4
2018	6
2019	1
2020	5
2021	5
2022	2
2023	4
2024	8
2025	4
2026	7
2027	8
2028	10
2029	4
2030	4
2031	5
2032	1
2033	4
2034	4
2035	4
2036	5
2037	2
18422	1
2038	2
2039	2
2040	5
2041	8
2042	5
2044	5
2045	8
2046	5
2047	8
2048	1
2049	2
2050	7
2051	7
2052	6
2053	4
2054	4
2055	4
2056	4
2057	3
2058	6
2059	3
2060	5
2061	4
2062	5
2063	2
18447	1
2064	4
2065	6
2066	6
2067	3
2068	7
2069	7
2070	3
2071	5
2072	1
2073	5
2074	6
2075	4
2076	6
2077	4
2078	8
2079	5
2080	5
18464	1
2081	5
2082	5
2083	4
2084	8
2085	3
2086	8
2087	4
2088	4
2089	6
2090	5
2091	3
2092	4
2093	3
2094	5
2095	6
2096	2
2097	6
2098	2
2099	4
2100	4
2101	6
2102	5
2103	3
2104	5
2105	4
2106	6
18490	1
2107	4
2108	3
2109	10
2110	6
2111	8
2112	3
2113	6
2114	5
2115	1
2116	3
2117	2
18501	1
2118	7
2119	3
2120	2
2121	2
2122	1
18506	1
2123	7
2124	4
2125	5
2126	6
2127	2
2128	3
2129	3
2130	4
2131	1
2132	2
2133	3
2134	6
2135	3
2136	2
2137	1
2138	7
2139	3
2140	5
2141	7
2142	3
2143	6
2144	5
2145	3
2146	3
2147	2
2148	5
2149	5
2150	4
2151	1
2152	6
2153	4
2154	3
2155	4
2156	2
2157	1
2158	6
2159	3
2160	5
2161	3
2162	4
2163	5
18547	1
2164	1
2165	9
2166	2
2167	4
2168	6
2169	4
2170	4
2171	1
2172	7
2173	2
2174	7
2175	6
2176	1
2177	10
2178	4
2179	3
2180	6
2181	5
2182	5
2183	4
2184	8
2185	2
2186	4
2187	3
18571	1
2188	6
2189	5
2190	2
2191	2
2192	2
2193	5
2194	4
2195	7
2196	5
2197	1
2198	4
2199	4
18583	1
2200	6
2201	5
2202	6
2203	10
2204	3
2205	5
2206	3
2207	6
2208	5
2209	3
2210	5
2211	5
2212	4
2213	3
2214	1
2215	4
2216	3
2217	3
2218	7
2219	5
2220	5
2221	6
2222	1
2223	2
2224	3
2225	1
2226	4
2227	5
18611	1
2228	1
2229	7
18613	1
2230	3
2231	4
2232	6
2233	5
2234	3
18618	1
2235	5
2236	2
2237	5
2238	5
2239	6
2240	6
18624	1
2241	3
2242	3
2243	4
2244	9
2245	2
2246	3
2247	2
2248	5
2249	3
2250	5
2251	2
2252	3
2253	4
2254	2
2255	4
2256	6
2257	4
2259	5
2260	7
2261	5
2262	6
2263	5
2264	3
2265	4
18649	1
2266	4
2267	1
2268	2
2269	5
18654	1
2270	4
2271	1
2272	4
2273	4
2274	4
2275	5
2276	2
2277	4
2278	3
2279	4
2280	3
2281	9
2282	2
2283	4
2284	5
2285	2
2286	3
2287	2
2288	5
2289	3
2290	4
2291	5
2292	5
2293	6
2294	7
2295	3
2296	2
2297	8
18681	1
2298	4
2299	3
2300	4
2301	4
2302	3
2303	2
2304	2
2305	4
2306	4
2307	7
2308	7
2309	5
18693	1
2310	4
2311	2
2312	1
2313	7
2314	5
2315	6
2316	5
2317	5
2318	4
2319	9
2320	2
2321	9
2322	8
2323	1
2324	5
2325	2
2326	4
2327	5
2328	2
2329	2
2330	5
2331	4
2332	9
2333	5
2334	5
2335	2
2336	2
2337	5
2338	8
2339	7
2340	6
2341	5
2342	6
2343	4
2344	6
2345	1
2346	3
2347	5
2348	7
2349	6
2350	5
2351	6
2352	3
2353	5
2354	10
2355	5
2356	2
2357	5
2358	4
2359	5
2360	6
2361	3
2362	6
2363	5
2366	6
2367	2
2368	2
18752	1
2369	4
2370	6
2371	3
2372	3
2373	1
2374	3
2375	6
2376	3
18760	1
2377	4
2378	2
2379	6
2380	6
2381	2
2382	5
2383	7
2384	2
2385	3
2386	3
2387	4
2388	7
2389	4
2390	6
2391	3
2392	7
2393	2
2394	5
2395	5
2396	8
2397	4
2398	2
2399	2
2400	6
2401	2
2402	3
2403	3
2404	5
2405	2
2406	5
2407	3
2408	5
2409	5
2410	7
2411	3
2412	2
2413	4
2414	8
2415	5
2417	4
2418	3
2419	7
2420	4
2421	3
2422	6
2423	6
2425	8
2426	6
2427	7
2428	4
2429	6
2430	7
2431	4
2432	3
2433	4
2434	5
2435	4
2436	2
2437	6
2438	4
2439	7
2440	4
2441	7
2442	3
2443	4
2444	2
2445	4
2446	4
2447	5
2448	4
2449	7
18833	1
2450	6
2451	5
2452	4
2453	6
2454	7
2455	7
2456	3
2457	2
18842	1
2458	2
2459	3
2460	4
2461	3
2462	5
2463	4
2464	7
2465	1
2466	2
2467	1
2468	4
2469	3
2470	8
2471	3
2472	4
2473	7
2474	3
2475	9
2476	3
2477	9
2478	4
2479	4
2480	2
2481	8
2482	3
2483	5
2484	3
2485	8
18869	1
2486	5
2487	4
2488	5
2489	6
2490	4
2491	8
2492	2
2493	1
2494	3
18879	1
2495	2
2496	3
2497	1
2498	3
2499	3
2500	6
2501	7
2502	4
2503	3
2504	3
2505	5
2506	4
2507	8
2508	4
2509	5
2510	5
2511	7
2512	2
2513	1
2514	3
2515	5
2516	6
2517	1
2518	3
2519	6
2520	5
2521	6
2522	4
2523	7
2524	9
2525	2
2526	5
2527	1
2528	4
2529	1
2530	3
2531	3
2532	6
2533	7
18917	1
2534	10
2535	3
2536	7
2537	4
2538	2
2539	2
2540	3
2541	3
2542	5
2543	2
2544	4
2545	4
2546	3
2547	7
2548	3
2549	3
2550	6
2551	6
2552	2
2553	3
2554	6
2555	3
2556	5
2557	8
2558	7
2559	3
2560	3
2561	6
2562	6
2563	3
2564	3
2565	6
2566	7
2567	3
2568	3
2569	4
2570	8
2571	5
2572	1
2573	4
2574	6
2575	3
2576	5
2577	6
2578	6
2580	2
2581	2
2582	4
2583	3
2584	6
2585	4
2586	6
2587	7
2588	5
2589	4
2590	4
2591	4
2592	7
2593	2
18977	1
2594	7
2595	4
2596	2
2597	4
2598	4
2599	1
2600	7
2601	4
2602	4
2603	4
2604	3
2605	2
2606	5
2607	4
2608	3
2609	8
2610	8
2611	3
2612	4
2613	4
2614	3
2615	6
2616	4
2617	2
2618	6
2619	9
2620	5
2621	3
2622	7
2623	6
2624	8
2625	3
2626	7
2627	4
2628	3
2629	7
2630	2
2631	1
2632	2
2633	1
2634	5
19018	1
2635	1
2636	3
2637	4
2638	1
2639	3
2640	2
19024	1
2641	5
2642	3
2643	1
19027	1
2644	4
2645	8
2646	7
2647	11
2648	6
2649	3
2650	4
2651	3
2652	1
2653	2
2654	1
2655	1
2656	5
2657	5
2658	4
2659	5
2660	6
2661	5
2662	4
2663	4
2664	2
2665	4
2666	8
2667	4
2668	5
2669	4
2670	2
2671	3
2672	6
2673	3
2674	3
2675	3
2676	1
2677	5
2678	1
2679	2
2680	3
2681	4
2682	5
2683	5
2684	2
2685	6
2686	5
2687	5
2688	5
2689	3
2690	3
2691	9
2692	2
19077	1
2693	5
2694	3
2695	5
2696	3
2697	4
2698	6
2699	4
2700	6
2701	7
2702	5
2703	5
2704	3
2705	4
2706	6
2707	4
2708	3
2709	5
2710	4
2711	5
2712	3
2713	4
2714	6
2715	1
2716	3
2717	7
2718	5
2719	3
2720	9
2721	10
2722	3
2723	6
2724	3
2725	4
19109	1
2726	5
2727	7
2728	5
2729	1
2730	1
2731	4
2732	1
2733	5
2734	6
2735	5
2736	9
2737	5
2738	5
2739	2
2741	4
2742	2
2743	9
2744	3
2745	5
2746	5
19130	1
2747	4
2748	2
2749	5
2750	4
2751	6
2752	1
2753	4
2754	3
2755	3
2756	5
19140	1
2757	5
2758	3
2759	6
2760	3
2761	3
2762	8
2763	3
2764	4
2765	1
19149	1
2766	4
2767	8
2768	5
2769	2
2770	4
2771	7
2772	6
2773	5
2774	2
2775	6
2776	4
2777	4
2778	5
2779	3
2780	3
2781	4
2782	5
2783	1
2784	3
2786	4
2787	2
2788	1
2789	6
2790	5
2791	2
2792	4
2793	5
2794	6
2795	6
2796	3
2797	2
2798	2
2799	6
2800	4
2801	3
2802	5
2803	4
2804	4
2805	8
2806	7
2807	4
2808	6
2809	1
2810	6
2811	2
2812	3
2813	6
2814	3
2815	5
2816	3
2817	4
2818	6
2820	7
2821	3
2822	5
2823	3
19207	1
2824	3
2825	9
2826	8
2827	2
2828	8
2829	8
2830	1
2831	4
2832	5
2833	4
2834	6
2835	6
2836	2
2837	4
2838	3
2839	4
2840	5
19224	1
2841	7
2842	4
2843	6
2844	2
2845	3
2846	6
2847	1
2848	6
2849	1
2850	1
2851	3
2852	2
2853	2
2854	7
2855	4
2856	3
2857	5
2858	4
2859	4
2860	6
2861	3
2862	6
2863	3
2864	3
2865	4
2866	8
2867	9
2868	4
2869	3
2870	4
2871	3
2872	5
2873	9
2874	10
2875	2
2876	5
2877	2
2878	2
2879	3
2880	3
2881	7
2882	5
2883	4
2884	2
2885	3
2886	5
2887	2
2888	5
2889	3
2891	4
2892	5
2893	3
2894	2
2895	8
2896	3
2897	10
2898	6
2899	2
2900	3
2901	3
2902	3
2903	3
2904	3
2905	7
2906	4
2907	8
2908	4
2909	4
2910	5
2911	5
2912	2
2913	2
2914	6
2915	1
2916	6
2917	5
2918	1
2919	5
2920	3
2921	8
2922	5
2923	3
2924	4
2925	3
2926	5
2927	2
19311	1
2928	5
2929	5
2930	6
2931	3
2932	5
2933	2
2934	4
2935	4
2936	6
2937	2
2939	3
2940	3
2941	5
2942	2
2943	1
2944	4
2945	1
2946	5
2947	5
2948	6
2949	1
2950	3
2951	3
2952	3
19336	1
2953	5
2954	2
2955	5
2956	3
2957	6
19341	2
2958	1
2959	6
2960	4
2961	2
2962	5
2963	2
2964	8
2965	2
2966	4
2967	3
2968	1
2969	1
2970	6
2971	3
2972	8
2973	3
2974	3
2975	4
2976	3
2977	5
2978	4
2979	2
2980	4
2981	3
2982	5
2983	3
2984	4
2985	4
2986	4
2987	4
2988	4
2989	6
2990	5
2991	6
2992	5
2993	6
2994	3
2995	4
2996	4
2997	4
2999	1
3000	2
3001	2
3002	4
3003	6
3004	2
3005	4
19389	1
3006	1
3007	4
3008	3
3009	4
3010	3
3011	7
3012	3
3013	4
3014	8
3015	4
19399	1
3016	4
3017	4
3018	2
3019	4
3020	2
3021	3
3022	2
3023	7
3024	5
3025	1
3026	4
3027	4
3028	4
19412	1
3029	1
3030	4
3031	2
19415	1
3032	5
3033	3
3034	3
3035	2
3036	4
3037	6
3038	5
3039	3
3040	1
3041	5
3042	2
3043	4
3044	6
3045	2
3046	5
3047	5
3048	7
19432	1
3049	4
3050	3
19434	1
3051	2
3052	6
3053	1
3054	6
3055	3
3056	2
3057	2
3058	2
3059	5
3060	2
3062	1
3063	3
3064	2
3065	5
3066	4
3067	3
3068	1
3069	1
3070	1
3071	3
3072	4
3073	5
3074	2
3075	2
3076	4
3077	4
3078	2
3079	8
3080	3
3081	6
3082	4
3083	6
3084	9
3085	4
3086	6
3087	6
3088	5
19472	1
19473	1
3090	6
3091	2
3093	2
3094	6
3095	6
3096	3
3097	1
3098	4
3099	5
3100	2
3101	3
3102	4
3103	1
3104	6
3105	2
3106	5
3107	1
3108	4
3109	2
3110	4
3111	7
3112	5
3113	4
3114	6
3115	5
3116	5
3117	2
3118	2
3119	3
3120	3
3121	3
3122	1
3123	2
3124	5
3125	3
3126	2
3127	5
3128	6
3129	3
3130	2
3131	6
3132	5
3133	3
3134	3
3135	4
3136	3
3137	5
3138	1
3139	4
3141	5
3142	4
3143	3
3144	4
3145	4
3146	3
3147	5
3148	3
3149	5
19533	1
3150	5
3151	3
3152	5
3153	5
3154	8
3155	3
3156	7
3157	4
3158	4
3159	2
3160	3
3161	3
3162	6
3163	1
3164	4
19548	1
3165	3
3166	4
3167	3
3168	2
3170	2
3171	7
3172	1
3173	2
3174	6
3176	1
3177	1
3178	3
3179	3
3180	1
3181	3
3182	3
3183	5
3184	5
3185	3
3186	7
3187	4
3188	2
3189	4
3190	1
3191	5
3192	3
3193	3
3194	5
3195	4
3196	1
3197	4
3198	4
3199	1
3200	3
3201	4
3202	1
3203	1
3204	9
3205	1
3206	2
3207	4
3208	4
3209	4
3210	3
3211	7
19595	1
3212	4
3213	4
3214	2
3215	4
3216	4
3217	4
3218	1
3219	1
3221	6
19605	1
3222	4
3223	5
3224	4
3225	2
3226	6
3227	7
3228	3
3229	2
3230	3
3231	1
3232	3
3233	5
3234	3
3235	4
3236	2
3237	7
3238	4
3239	4
3240	7
3241	3
3242	8
3243	5
3244	6
3245	6
3246	2
3247	2
3248	5
3249	6
3250	2
3251	4
3252	2
3253	7
3254	3
3255	1
3256	1
3257	4
19642	1
3258	4
3259	5
3260	4
3261	7
3262	5
3263	5
3264	5
3265	3
3266	6
3267	2
3268	4
3269	3
3270	6
3271	4
3272	3
3273	1
3274	1
3275	3
3276	3
3277	5
3278	8
3279	4
3280	4
3281	1
3282	3
3283	2
3284	3
3285	6
3286	2
3287	3
3288	3
3289	4
3290	5
3292	3
3293	2
3294	7
3295	4
3296	4
19680	1
3297	5
3298	3
3299	3
3300	4
3301	5
3302	2
3303	3
3304	1
3305	3
3306	1
3307	6
3308	2
3309	2
3310	2
3311	5
3312	1
3313	3
3314	2
3315	7
3316	3
3317	7
19702	1
3318	1
3319	3
3320	1
3321	3
3322	3
3323	3
3324	5
3325	4
3326	4
3327	2
3328	2
3329	4
3330	3
19714	1
3331	4
3332	8
3333	5
3334	5
3335	5
3336	5
3337	4
3338	7
3339	5
3340	7
3341	3
3342	3
3343	3
3344	4
3345	5
3346	1
3347	3
3348	2
3349	4
3350	3
3351	2
3352	3
3353	5
3354	6
3357	6
3358	3
3359	1
3360	2
3361	3
3362	3
3363	2
3364	3
3365	4
3366	3
3367	2
3369	1
3370	4
3371	3
3372	5
3373	3
3374	3
3375	4
3376	1
3377	3
3378	6
3379	3
3380	2
3382	5
3383	2
3384	3
3385	2
3386	1
3387	5
19771	1
3388	4
3389	3
3390	2
3391	1
3392	8
3393	5
3394	6
3395	1
3396	4
3397	2
3398	3
3399	7
19783	1
3400	2
3401	1
3402	8
3403	3
3404	5
3405	3
3406	3
3407	3
3408	5
3409	2
3410	4
3411	3
3412	3
3413	2
3414	4
3415	2
3416	4
3417	2
3418	2
3419	3
3420	3
3421	4
3422	2
3423	3
3424	4
3425	3
3426	3
3427	6
3428	1
3429	4
3430	6
3431	3
3432	4
3433	4
3434	5
3435	5
3436	5
3437	3
3438	7
3439	3
3440	1
3441	5
3442	1
3443	4
3444	2
3445	2
19829	1
3446	2
3447	5
3448	3
19832	1
3449	2
3450	7
3451	5
3452	4
3453	4
3454	3
3455	6
3456	3
3457	1
3458	2
3459	3
3460	4
3461	3
3462	5
3463	5
3464	4
3465	2
3466	5
3467	4
3469	1
3470	2
3471	4
3472	1
3473	1
3474	3
3475	6
3476	2
3477	1
3478	2
3479	5
3480	2
3481	3
3482	3
3483	3
3484	1
3485	6
3486	2
3487	4
3488	2
3489	2
3490	6
3491	3
3492	4
3493	2
3494	3
3495	4
3496	4
3497	6
3498	5
19882	2
3499	2
3500	6
3501	3
3502	4
3503	7
3504	4
3505	1
3507	5
3508	4
3509	4
3510	1
3511	4
3512	5
3513	4
19897	1
3514	4
3515	5
3516	3
3517	3
3518	1
3519	2
3520	5
3521	1
3522	3
3523	6
3524	7
3525	2
3526	4
3527	1
19911	1
3528	3
3529	4
3530	4
3531	3
3532	4
3533	1
3534	2
3535	2
3536	5
3537	4
3538	3
3539	4
3540	5
3541	3
3542	3
3543	6
3544	1
3545	6
3546	4
3548	4
3550	3
3551	2
19935	1
3552	2
3553	6
3554	2
3555	3
19940	1
3556	2
3557	4
19941	1
3558	4
3559	4
3560	4
3561	3
3562	5
3564	5
3565	3
3566	3
3567	3
3568	4
3569	1
3570	3
3571	3
3572	2
3573	1
3574	5
3575	7
3576	4
3577	5
3578	2
3579	5
3580	3
3581	3
3582	6
3583	4
3584	1
3585	9
3586	8
3587	4
3588	3
3589	2
3590	1
3591	6
3592	3
19976	1
3593	1
3594	2
3595	5
3596	2
3597	1
3598	5
3599	4
3600	1
3601	1
3602	3
3603	6
3604	6
3605	6
3606	1
3607	5
3608	3
3609	4
3610	5
3611	3
3612	2
3613	5
3614	3
3615	5
3616	1
3617	6
3618	1
3619	2
3620	1
3621	4
3622	5
3623	3
3625	2
3626	5
3628	1
3629	1
3630	4
3631	3
3632	3
3633	4
3634	4
3635	1
20019	1
3636	5
3637	1
3638	3
3639	4
3640	4
3641	5
3642	5
3643	2
3644	1
3645	2
3646	6
3647	4
3648	4
3649	1
3650	3
3652	2
3653	5
3654	2
3655	2
3656	2
3657	3
3658	1
3659	4
3660	3
20044	1
3662	3
3663	4
3664	2
3665	2
3666	3
3667	2
3668	4
3669	5
20053	1
3670	1
3671	4
3672	6
3673	3
3674	1
3675	3
3676	1
3677	3
3678	2
3679	5
3680	5
3681	3
3682	1
3683	4
3684	2
3685	6
3686	5
3687	7
3688	4
3689	1
3690	6
3691	4
3692	2
3693	6
3694	4
3695	6
3696	3
3697	5
3698	4
3700	3
3702	2
3703	4
3704	9
3705	2
20089	1
3706	4
3707	2
3708	2
3709	5
3710	3
3711	2
3712	4
3713	2
3715	2
3717	2
3718	1
3719	8
3720	2
3721	4
3722	2
3723	3
3724	3
3725	1
3726	2
3727	6
3729	7
3730	4
3731	3
3732	5
3733	1
3734	1
3735	5
3737	4
3738	3
3739	3
3740	2
3741	1
3742	6
3743	1
3744	3
3745	7
3747	2
3748	5
3749	6
20133	1
20134	1
3750	3
3752	5
3753	4
3754	3
3755	1
3756	4
3757	4
3758	2
3759	7
3760	6
3761	4
3762	3
3763	6
3764	2
3765	5
3766	2
20150	1
3767	1
3768	1
3769	2
3771	4
3772	4
3773	4
3774	3
3775	6
3776	2
3777	4
3778	4
3779	4
3780	5
3781	3
3782	3
3783	3
3784	4
3785	2
3786	3
20170	1
3787	5
3788	6
3789	2
3790	4
3792	4
3793	2
3794	2
3795	4
3796	4
3797	5
3798	4
3800	1
3801	3
3802	6
3803	1
3804	1
20188	1
3805	6
3806	5
3807	4
3808	2
3809	6
3810	7
3811	3
3812	3
3813	4
3814	5
3815	4
3816	1
3817	3
3818	2
3819	3
3820	4
3822	3
3823	1
3824	3
3825	6
3826	4
3827	3
3828	4
3829	5
3830	7
3831	3
3832	4
3833	2
3834	2
20218	1
3835	2
3836	4
3837	3
3838	3
3839	2
3840	2
3841	8
3842	4
3843	4
3844	3
3845	3
3846	1
3847	2
3848	5
3849	3
3850	6
3851	3
3852	7
3853	2
3854	4
20238	1
3856	2
3857	2
3858	3
3859	4
3860	5
20244	1
3861	2
3862	2
3863	3
3864	2
3865	2
3866	1
3867	5
20251	1
3868	1
3869	7
3870	2
3871	2
3872	2
3873	3
3874	4
3875	3
3876	3
3877	1
3878	1
3879	3
20263	1
3880	8
3881	4
3882	3
3883	2
3885	3
3887	4
3888	3
3889	3
3890	3
3891	3
3892	2
3893	4
3894	2
3895	3
3896	5
3897	4
3898	1
3899	4
3900	2
3901	2
3902	2
3903	2
3904	3
3905	1
3906	2
3907	3
3909	6
3910	4
3911	6
3912	1
3913	5
3914	5
3915	3
3916	4
3917	2
3918	1
3919	3
3920	5
3921	2
3922	5
3923	1
3924	4
3926	5
3927	1
3928	4
3929	3
3930	5
3931	3
3932	1
3933	2
3934	2
3935	4
3936	3
3937	3
3938	3
3939	2
3940	3
3941	2
3942	3
20327	1
3943	1
3944	4
3945	1
3946	2
3947	3
3948	1
3949	2
3951	5
3952	3
3953	2
3954	3
3955	2
3956	4
3957	3
3958	1
3959	2
3960	2
3961	4
3962	1
3963	2
3964	2
3965	6
3966	2
3967	2
3968	1
3969	2
3970	6
3971	4
3972	6
3973	5
3974	9
20358	1
3975	4
3976	5
3977	9
3978	4
3979	3
3980	2
3981	2
3982	3
3983	1
3984	1
20368	1
3985	1
3986	3
3989	4
3990	5
3991	2
3992	4
3993	2
3994	3
3995	1
3996	4
3997	3
3998	3
3999	4
4000	3
4001	2
4002	8
4003	7
4005	2
4006	3
4008	2
4009	4
4010	4
4011	3
4012	2
4013	4
4014	5
4015	3
4016	3
4017	3
4018	6
4019	1
4020	5
4021	1
4022	1
4023	5
20407	1
4024	2
4025	1
4026	2
4027	5
4028	2
4029	3
4030	1
4031	2
4032	3
4033	1
4034	4
4037	5
4038	3
4039	3
4040	5
4041	2
4042	4
4044	3
4045	3
4046	3
4047	2
4048	4
4049	6
4050	1
4052	5
4054	3
4056	5
4057	4
4058	4
4059	4
4060	2
4061	4
4062	1
4063	2
4064	5
4065	4
4066	4
4067	2
4068	1
4069	2
4070	6
4071	2
4072	4
4073	4
4074	4
4075	3
4076	4
4077	1
4078	2
4079	1
4080	2
4081	5
4082	1
4083	4
4084	3
4085	3
4086	2
4087	2
4088	4
4089	3
4090	2
4091	5
4092	4
4093	1
4094	6
4096	1
4097	1
4098	4
4099	3
4100	3
4101	5
4102	6
4104	4
4105	1
4106	6
4107	2
4108	3
4109	4
4111	2
4112	4
20496	1
4113	3
4114	1
4115	3
4116	3
4117	1
4118	3
4119	6
4120	3
4121	4
20506	1
4122	1
4124	3
4125	2
4126	2
4127	1
4128	3
4129	4
20513	1
4130	1
4132	2
4133	3
4134	3
4135	4
4136	2
4137	3
4138	2
4139	6
4140	2
4141	2
4142	2
4143	5
4144	4
4145	6
4146	6
4147	3
4149	7
4150	2
4151	5
4152	3
4153	4
4155	2
4156	2
4157	1
4158	3
4159	1
4160	2
4161	6
4162	1
4164	6
4165	3
4166	1
4167	2
4168	3
4169	2
4170	1
4171	5
4172	2
4173	3
4174	4
4175	2
4176	4
4177	1
4178	1
4179	4
4180	3
4182	2
4183	2
4184	3
4185	10
4186	2
4187	1
4188	2
4190	5
4191	2
4192	4
4193	4
4195	3
4196	2
4197	2
4198	7
4199	6
4202	1
4203	2
4204	3
20588	1
4205	1
4206	3
4207	7
4208	1
4209	3
4210	5
4211	4
4212	1
4213	2
4214	2
4215	5
4216	4
4217	2
4218	6
4219	1
4220	1
4221	4
20605	1
4222	4
4223	2
4224	2
4225	6
4226	3
4227	6
4228	4
4229	7
4230	2
4231	2
4232	1
4233	1
4234	1
4235	3
4236	3
4237	4
4238	4
4239	2
4240	3
4242	1
4243	1
4244	2
4245	2
4246	2
4247	3
4248	2
4249	2
4250	5
4251	4
4253	2
4254	3
4255	4
4256	2
4257	2
4258	4
4260	4
4261	3
4262	2
4263	1
4264	4
4265	2
4266	2
4267	5
4268	1
4269	1
4270	7
4271	4
4272	2
4273	5
4274	3
4276	3
4277	1
4279	4
4280	5
4281	1
4282	1
4283	3
4284	2
4285	5
4286	2
4287	4
4288	5
4289	2
4291	3
4292	2
4293	1
4294	1
4295	2
4296	5
4297	5
4298	2
4299	5
4301	2
4302	2
4303	2
4305	1
4306	2
4308	3
4309	2
4310	1
4311	5
4312	3
4313	3
20698	1
4314	2
4315	3
4316	2
4317	1
4318	2
4319	1
4320	4
4321	2
4322	5
4323	1
4324	3
4325	4
4326	5
4327	2
4328	3
4329	2
4330	3
4331	4
4332	3
4333	3
4334	5
4335	3
4336	4
4337	2
4338	3
4339	3
4340	2
4341	6
4342	3
4343	2
4344	2
4345	6
4346	3
4347	1
4348	1
4349	1
4350	3
4351	4
4352	2
4353	1
4354	1
4355	4
4357	1
4358	2
4359	6
4360	1
4361	3
4362	2
4363	2
4364	1
4365	4
4366	2
4368	4
4369	3
4370	2
4371	1
4372	1
4373	1
20758	1
4374	2
4375	1
4376	2
4377	3
4378	5
4379	3
4380	1
4381	2
4382	3
4383	1
4384	6
4385	1
4386	5
4387	1
4388	3
4389	3
4390	2
4391	1
4392	4
4393	2
4394	4
4395	1
4396	2
4397	4
4398	5
4399	3
4400	1
4401	2
4402	1
4403	2
4405	2
4406	3
4407	4
4408	1
4409	4
4410	2
4411	4
4412	3
4413	3
4414	2
4415	2
4416	4
4417	7
4418	3
4419	1
4420	1
4421	1
4422	6
4423	4
4424	3
4425	4
20809	1
4426	5
4428	2
4429	2
4430	2
4431	6
4432	2
4433	3
4434	2
4435	3
4436	2
4437	1
4438	2
4439	3
4440	1
4441	3
4442	1
4443	1
4444	1
4445	2
4446	1
4447	4
4448	1
4449	2
4450	2
4451	1
4452	4
4453	5
4454	1
4455	1
4457	1
4458	1
4459	4
4460	1
4461	4
4462	4
4463	3
4464	2
4465	2
4466	3
4467	5
4468	6
4469	2
4470	4
4471	4
4472	6
20856	1
4473	2
4475	2
4477	2
4478	3
4479	2
4480	2
4481	4
4482	3
20866	1
4483	3
4484	4
4485	2
4486	4
4487	3
4488	4
4490	3
4491	6
4492	1
4493	4
4494	2
4495	1
4496	1
4497	6
4498	2
4499	1
4500	3
4501	3
4502	3
4503	3
4505	2
4506	2
4507	1
4508	3
4509	4
4510	2
4511	2
4512	3
4513	2
4514	2
4516	5
4517	2
4519	3
4520	4
4521	1
4523	3
4525	3
4526	4
4527	5
4528	4
4529	3
4530	4
4531	6
4532	3
4533	2
4534	2
4535	3
4536	1
4537	3
4538	3
4539	2
4540	6
4541	1
4542	2
4543	1
4544	2
4545	2
4546	4
4547	3
4548	4
20933	1
4549	2
4550	2
4551	4
4552	2
4553	4
4554	1
4555	6
4556	3
4557	2
4558	1
20942	1
4559	1
4560	2
4561	1
4562	3
4563	2
4564	2
4565	4
4566	1
4567	3
4568	2
4569	2
4570	3
4571	3
4572	1
4573	2
4574	1
4575	2
4576	2
4577	4
4578	1
4579	2
4580	2
4581	2
4582	2
4583	5
4584	1
4585	3
4586	3
4587	1
4588	12
4589	4
4590	3
4591	1
4592	2
4593	2
4594	4
4595	2
4596	4
20980	1
4597	2
4598	4
4599	3
4600	2
4601	4
4602	3
4603	4
4604	1
4605	1
4606	3
4607	6
4608	3
4609	3
4610	2
4611	1
4612	2
4613	3
4614	3
4615	3
4616	4
4617	3
4618	3
4619	2
4620	5
4621	4
4622	9
4623	28
4624	6
4625	3
4626	5
4627	4
4628	5
4629	4
4630	2
4631	4
4632	2
4633	5
4634	2
4635	2
4636	4
4638	1
21022	1
4639	2
4640	4
4641	1
4642	2
4643	3
4644	1
4645	4
4646	1
4647	3
4648	2
4649	2
4650	1
4651	1
4652	5
4653	1
4654	3
4655	1
4656	4
4658	3
4659	5
4660	1
4662	3
4663	3
4664	6
4665	2
4666	3
4667	3
4668	3
4669	6
4670	2
4671	4
4672	1
4673	1
4674	3
4675	5
4676	3
4677	4
4678	8
4679	3
4680	2
4681	5
4682	3
4684	1
4685	4
4686	3
4687	3
4688	1
4689	2
4690	3
4691	2
4692	2
4693	2
4694	2
4695	2
4696	4
4697	4
4698	5
4699	3
4700	2
4701	1
4703	4
4704	4
4705	5
4706	1
4707	1
4708	4
4709	3
4710	1
4711	3
4712	2
4713	4
4714	6
4715	3
4716	2
4717	4
4718	1
4719	4
4721	3
4722	3
4723	2
4724	2
4725	4
4726	2
4727	3
4728	2
4729	3
4730	2
4731	2
4732	7
4733	5
4734	1
4735	4
4736	2
4738	2
21123	1
4740	1
4742	1
4745	4
4746	3
4747	3
4748	3
4750	4
4751	1
4752	2
4753	4
4754	3
4755	4
4756	3
4757	1
4758	1
4759	1
4760	2
4761	4
4764	2
4765	2
4766	1
4767	1
4768	3
21152	1
4769	5
4770	1
21155	1
4772	3
4774	2
4775	5
4776	1
4777	3
4778	1
4779	5
4780	2
4781	2
4782	3
4783	3
4784	1
4785	2
4786	1
4787	3
4788	1
4789	2
4790	2
21174	1
4791	2
4792	2
4793	2
4794	3
4795	1
4796	2
4797	1
4798	3
4800	3
4801	2
4802	1
4803	4
4804	6
4805	1
4806	2
4807	2
4808	1
4809	2
4810	2
4811	1
4812	2
21196	1
4813	1
4814	2
4815	4
4816	1
4817	1
4818	4
4819	5
21203	1
4820	2
4821	2
4822	2
4824	2
4825	2
4828	3
4829	5
4830	3
4831	5
4832	2
4833	5
4834	2
4835	7
4836	1
4837	3
4838	4
4839	3
4840	2
4842	4
4843	2
4844	2
4845	1
4846	1
4847	2
4848	4
4849	1
4850	3
4851	5
4852	2
4853	2
4855	2
4856	3
4857	2
4858	2
4859	2
4861	6
4862	3
4863	1
4864	1
4865	3
4866	1
4867	6
4868	4
4869	2
4870	3
4872	2
4873	1
4874	1
4875	2
4876	3
4877	2
4878	1
4879	2
4880	1
4881	1
4882	1
4883	2
4884	6
4885	1
4886	4
4887	3
4888	1
4889	1
4890	3
4891	2
4892	2
4893	3
4894	2
21278	1
4895	3
4896	4
4897	2
4898	1
4899	2
4900	3
4901	2
4903	1
4904	3
4905	4
4906	3
4907	2
4908	2
4909	2
4911	3
4912	2
4914	6
4915	4
4916	4
4917	4
4919	1
4921	4
4922	1
4923	4
4924	3
4925	2
4928	4
4930	5
4932	2
21316	1
4933	1
4934	3
4935	2
4936	3
4937	1
4938	4
4939	1
4940	3
4942	2
4943	3
4944	4
4945	1
4946	1
4948	2
4949	3
4950	2
4951	3
4952	3
4953	4
4954	2
21338	1
4956	1
4957	3
4958	4
4959	1
4960	1
4961	3
4962	1
4963	2
4964	1
4965	3
4966	2
4967	3
4968	1
4970	2
4971	3
4972	4
4973	2
4974	2
4975	1
4976	2
4977	3
4978	3
4979	1
4982	3
4983	2
4984	1
4985	1
4988	2
4989	3
4990	2
4991	2
4992	3
4993	2
4994	2
21378	1
4995	3
4996	1
4997	4
4998	1
5000	4
5001	2
5003	1
5004	4
5005	2
5006	1
5007	1
5008	3
5009	1
5010	2
5011	4
5012	1
5013	3
5014	3
5015	4
5016	3
5017	2
5018	4
5019	2
5020	4
5021	2
5022	1
5023	1
5024	2
5027	2
5028	1
5029	2
5030	2
5031	5
5033	2
5034	4
5035	1
5036	2
5038	5
5040	5
5041	3
5042	4
5043	1
5044	1
5045	3
5046	2
5047	2
5048	1
5049	3
5050	2
5051	1
5052	3
5053	4
5054	1
5055	3
5056	2
5057	1
5058	3
21442	1
5059	4
5060	3
5061	2
5063	2
5064	3
5065	2
5066	1
5067	4
5068	2
5069	4
5070	4
5071	2
5072	1
5073	1
5075	2
5076	2
5077	2
5078	2
5079	1
5080	2
5081	2
5082	3
5083	1
5084	2
5085	4
5086	1
5087	1
5088	5
5089	1
5090	4
5091	3
5092	2
5094	3
5095	2
5096	2
5098	4
5099	2
5101	2
5102	1
5103	6
5104	2
5105	2
5106	6
5107	1
5109	3
5110	1
5111	2
5113	3
5114	3
5115	4
5117	1
5118	4
5119	4
5120	3
5121	2
21506	1
5122	3
5123	1
5124	3
5125	2
5126	1
5127	3
5128	1
5129	1
5130	4
5131	4
5132	1
5133	2
5134	3
5135	1
5136	1
5137	2
5138	5
5140	4
21525	1
5141	2
5142	2
21527	1
5143	3
5144	5
5145	2
5146	4
5147	1
5148	1
5149	2
5150	3
5151	1
5152	1
5153	2
5154	7
5155	3
5156	3
5157	3
5159	1
5160	4
5161	1
5162	2
5163	4
5164	1
21549	1
5165	1
5166	3
21552	1
5168	1
5169	1
5170	1
5171	1
21555	1
5172	2
5173	7
5174	4
5175	1
5177	2
21562	1
5178	1
5179	4
5180	1
5181	1
5182	3
5183	3
5184	1
5185	3
5188	3
5190	3
5191	1
5192	4
5193	5
5194	1
21578	1
5195	2
5196	1
5197	3
5198	1
5199	3
5200	2
5201	2
5202	3
5203	2
21588	1
5204	1
5205	3
5206	2
5207	2
5208	1
5209	1
5210	2
5211	3
5212	3
5213	1
5214	2
5215	1
5216	3
5218	1
5219	5
5220	3
5221	1
5222	1
5223	1
5224	2
5225	4
5226	2
5227	1
5228	1
5229	2
5230	2
5231	5
5232	3
5233	1
5234	4
5235	1
5236	3
5237	2
5238	4
21622	1
5240	3
5241	3
5242	4
5243	3
5245	4
5246	4
5247	2
5248	2
5250	2
5251	2
5252	1
5253	1
5254	3
5255	1
5257	2
5258	1
5259	2
5260	2
5261	4
5262	4
5263	2
5264	2
5265	1
5266	1
5267	1
5268	4
5269	3
5270	1
5272	5
5273	1
5274	2
5276	3
5277	2
5279	4
5280	3
5281	3
5282	1
5283	2
5284	2
5285	2
5286	1
5287	3
5288	2
5289	1
5290	3
5292	1
5293	3
5294	1
5295	1
5296	2
5297	1
5299	1
5300	2
5301	1
5302	3
5303	1
5304	1
5305	6
5306	1
5307	2
5308	3
5309	1
5310	1
5311	2
5312	1
5313	4
5314	2
5315	2
5316	1
5317	2
5318	3
5319	2
5320	4
5321	1
5324	3
5326	2
5327	1
5328	3
5329	1
5330	2
5331	2
5332	3
21716	1
5333	1
5334	2
5335	2
5336	1
5337	1
5338	1
5339	3
5340	4
5341	2
5342	5
5343	3
21727	1
5344	2
5345	3
5346	4
5348	4
5349	3
5350	1
5351	1
5352	2
5353	2
5354	2
5356	1
5358	1
5359	1
5361	1
5362	2
5363	1
5364	1
21748	1
5365	3
5367	2
21752	1
5369	2
5370	1
21754	1
5371	2
5372	2
5373	3
5374	1
21759	1
5375	1
5376	4
5377	1
5378	3
5379	2
5380	2
5381	3
5383	2
5385	4
5386	2
5387	3
5388	1
5389	5
5390	2
5391	4
5392	1
5393	2
5395	3
5396	3
5397	1
5398	2
5399	1
5400	1
5401	2
5402	1
5403	3
5404	1
5405	4
5406	2
5407	2
5408	4
5410	3
5411	2
5412	7
5413	3
5414	1
5415	2
5416	2
5417	3
5418	5
5419	2
5421	4
5422	1
5424	1
5425	1
5426	3
5427	2
5428	4
5429	2
5430	2
5431	2
5432	1
5434	4
5435	2
5436	3
5438	3
5439	3
5440	1
5441	4
5442	1
5443	1
5444	1
5445	2
5446	2
5447	1
5448	2
5449	2
5450	1
5451	3
5452	1
5453	4
5454	2
5455	1
5456	2
21841	1
5460	2
5461	2
5462	3
5463	4
5464	1
5465	1
5466	1
5467	3
5469	2
5470	2
5471	4
5473	3
5474	3
5475	4
5476	1
5477	1
5478	1
5479	2
21863	1
5481	2
5482	1
5483	1
5484	4
5485	1
5486	1
5487	1
5488	7
21872	1
5489	1
5490	3
5491	4
5492	2
5493	2
5494	2
5495	2
5496	3
5497	1
5498	1
5499	1
5500	3
5501	2
5503	1
5504	2
5505	2
5506	2
5507	3
5510	1
5511	1
21896	1
5513	3
5515	3
5517	1
5518	2
5520	3
5521	2
5522	1
5523	3
5524	3
5525	1
5526	2
5527	1
5528	1
5529	1
5531	3
5532	1
5533	1
5534	3
5535	2
21919	1
5537	1
5538	1
5539	3
5540	2
5541	1
5542	5
5543	1
5544	6
5545	1
21930	1
5546	1
5547	1
5548	1
5549	4
5550	2
5551	3
5553	3
5554	2
5555	3
5556	1
5558	1
5559	2
5560	1
5561	1
5562	3
5563	4
5564	2
5565	2
5566	1
21950	1
5567	4
5568	1
5572	1
5573	4
5574	5
5575	1
5576	3
5577	4
5578	1
5579	1
5580	2
5582	2
5583	3
5584	1
5585	2
5586	1
5587	1
5588	1
5589	3
5590	2
5591	1
5592	2
5593	1
5594	3
5595	1
5596	3
5597	2
5598	1
5599	3
5600	2
5601	1
5602	1
5603	2
5604	2
5605	1
5606	1
5607	4
5609	3
5610	2
5612	1
5613	2
5615	5
5616	4
5617	1
5619	1
5620	3
22005	1
5623	1
5625	2
5629	3
5631	2
5633	3
5635	1
5636	2
5637	2
5638	2
5639	1
5640	1
5641	1
5642	3
5643	2
5644	2
5645	1
5646	2
5647	2
5648	2
5649	2
5650	1
5652	2
5653	1
5654	1
5655	1
5656	2
5657	1
5658	3
5659	1
5661	2
5662	1
5663	1
5664	1
5666	1
5667	2
5668	2
5669	2
5670	1
5671	2
5672	2
5673	3
5674	1
5675	1
5676	1
5678	3
5679	1
5681	1
5682	1
5683	1
5684	2
5685	1
5686	1
5689	2
5690	1
5691	1
5692	3
5694	2
5695	2
5696	2
5697	1
5698	1
5699	1
22084	1
5702	1
5705	2
5707	5
5709	1
5710	3
5711	2
5713	1
5714	1
5715	1
5716	1
22100	1
5717	2
5718	2
5720	2
5721	2
5722	1
5723	3
5724	1
5725	1
5726	1
5728	3
5730	2
5731	1
5732	2
5733	1
5734	1
5735	1
5737	1
5738	1
5739	4
5740	2
5741	2
5743	1
5744	3
5745	2
5746	2
5748	1
5749	4
5750	2
5751	2
5752	3
5753	1
5754	1
5755	1
5756	1
5758	3
5759	1
5760	3
5762	1
5763	1
5765	1
5766	1
5768	1
5769	3
5770	4
5771	3
5772	4
5773	1
5774	2
5775	4
5776	1
5777	2
5778	3
5779	4
5780	3
5781	2
5782	1
5783	1
5784	5
5785	5
5786	1
5787	1
5788	1
5789	2
5790	1
5791	2
5792	1
5793	5
5794	4
5795	1
5796	1
5797	1
5798	2
5799	3
5800	4
5801	1
5803	1
22187	1
5804	1
5806	1
5807	3
5811	1
5812	2
5813	1
5814	4
5816	3
5817	3
5818	3
5820	3
5821	3
5823	2
5824	1
5825	1
5826	1
5827	1
5828	1
5829	1
5830	2
5831	4
5832	1
5833	2
5834	1
22219	1
5835	2
5836	2
5837	1
5838	4
5839	1
5840	2
5841	1
5842	1
5843	2
5844	1
5845	1
5846	1
22230	1
5849	3
5850	1
5852	2
5855	3
5856	1
5857	3
5858	2
22242	1
5859	2
5860	5
5861	2
5862	4
5863	4
5865	2
5866	3
5867	2
5868	1
5870	3
5871	3
5872	4
5873	3
5875	1
5876	2
5879	1
5881	4
5882	1
5884	2
5886	2
5888	3
5889	1
5890	1
5891	1
5892	1
5893	3
5894	1
5895	1
5896	1
5897	2
5898	2
5899	1
5900	2
5901	6
5902	3
5905	1
5906	2
5908	3
5909	2
5910	2
5912	1
5914	1
5915	1
5916	4
5917	1
5918	5
5920	2
5921	2
5923	2
5924	3
5925	2
5926	1
5927	1
5928	1
5929	1
5930	1
5931	1
5932	1
5933	2
5934	1
22318	1
5935	6
5936	2
5937	4
5938	1
5940	2
5943	2
5944	4
5945	2
5946	1
5947	1
5949	1
5950	3
5951	2
5954	2
5955	2
5956	5
5957	3
5958	1
5959	1
5960	2
5961	4
5962	3
5963	1
5965	3
5966	4
5967	3
5968	3
5969	3
5971	1
5972	1
5973	1
5974	1
5975	3
5976	3
5977	2
5978	2
5979	3
5980	2
5982	1
5983	2
5984	2
5985	3
5986	2
5987	2
5991	3
5992	1
5993	1
5994	2
5995	2
5996	1
5997	3
5998	2
5999	1
6001	2
6002	1
6003	1
6004	2
6005	1
6006	2
6007	1
6008	1
6009	2
6011	1
6012	2
6013	1
6014	4
6017	3
6018	1
6019	3
6020	1
6021	1
6024	3
6025	2
6026	3
6027	2
6028	2
6029	4
6030	1
6031	1
22416	1
6033	1
6034	2
6035	1
6038	1
22422	1
6040	2
6041	4
6042	3
6043	3
6044	1
6046	1
6047	1
6049	2
6050	2
6052	2
6053	4
6054	2
6058	1
6062	2
6064	2
6065	2
6067	1
6068	3
6069	2
6070	2
6071	1
6073	1
6075	4
6076	2
6077	1
6078	2
6079	2
6081	1
6082	2
6083	2
6084	1
6085	1
6086	4
6087	2
6089	2
6090	1
6092	1
6093	2
6094	2
6095	2
6096	3
6097	3
6098	2
6099	2
6101	2
6102	1
6103	1
6104	5
6106	1
6108	3
6109	4
6110	1
6112	2
6114	2
6115	1
6116	1
6117	2
6118	1
6119	1
6120	1
6121	2
6122	2
6123	1
6124	3
6125	1
6127	2
22512	1
6129	2
6130	2
6131	2
6133	2
6134	2
6135	1
6136	1
6138	2
6139	1
6140	2
6141	1
6142	3
6145	2
6146	2
6148	2
6149	1
6150	1
6151	2
6152	5
6153	1
6154	2
6156	1
6157	4
6158	1
6159	1
6161	1
6164	3
6165	1
6166	1
6169	1
6170	1
6173	1
6174	1
6175	1
6176	1
6177	2
6178	1
6179	2
6181	2
6182	1
6184	1
6186	1
6187	2
6188	1
6189	1
6190	2
6191	2
6192	1
6193	3
6196	3
6197	2
6198	4
6200	4
6201	3
6202	2
6203	3
22587	1
6204	2
6205	1
6206	1
6210	2
6211	2
6212	1
6214	4
6216	2
22601	1
6218	2
6219	2
6220	1
6221	2
6222	4
6224	2
6225	2
6226	1
6227	2
6228	1
6229	1
6230	1
6231	1
6234	2
6235	3
6239	1
6240	4
6243	2
6245	2
6246	2
6248	4
6250	1
6251	1
6252	4
6253	2
22638	1
6254	2
6255	1
6256	2
6257	4
6258	3
6259	4
6260	2
6261	3
6262	3
6265	3
6267	3
6268	3
6269	3
6274	1
6275	3
6276	1
6278	1
6279	1
6280	1
6282	2
6283	2
6285	2
6286	3
6287	1
6288	1
6290	2
6291	3
6292	1
6293	3
6294	1
6295	2
6296	2
6297	3
6298	1
6299	1
6300	2
6301	3
6302	2
6304	1
6305	2
6307	2
6308	1
6309	1
6310	1
6311	2
6312	2
6313	4
6315	4
6317	1
6318	1
6320	2
6321	2
6322	2
6323	2
6325	2
6326	4
6327	4
6329	4
6330	1
6332	1
6333	3
6334	4
6335	2
6336	1
6337	1
6338	2
6339	1
6340	4
6341	1
6342	2
6344	1
6345	1
6346	2
6347	4
6348	2
6349	1
6350	2
6351	2
6352	1
6354	2
6356	2
6357	2
6358	3
6359	3
6360	1
6361	5
6362	2
6363	2
6364	2
6365	1
6366	1
6367	1
6368	1
6370	1
6371	1
6372	1
6373	1
6374	2
6375	2
6376	4
6378	1
6379	1
6380	4
6383	3
6384	2
6385	1
6386	2
6387	2
6389	2
6390	3
6391	2
6392	2
6393	3
6394	2
6395	4
6396	3
22780	1
6397	2
6398	2
6399	2
6400	2
6401	1
6403	2
6404	1
6405	4
6406	3
6407	1
6408	1
6409	1
6410	2
6411	1
6412	2
6413	3
6414	1
6415	1
6417	1
6418	5
22802	1
6421	3
6422	1
6423	3
6426	1
22810	1
6427	5
6428	2
6429	2
6431	2
6432	2
6433	1
6434	3
6435	1
6436	2
6437	1
6440	4
6444	1
6445	3
6447	1
6448	3
6449	3
6450	1
6451	1
6452	6
6454	2
22838	1
6455	2
6456	1
6457	2
6458	2
6459	1
6460	1
6461	1
6463	1
6464	1
6465	2
6466	1
6467	2
6468	2
6469	2
6470	1
6471	2
6473	3
6474	1
6475	1
6477	2
6478	1
6480	2
6481	2
6482	4
6484	2
6485	2
22871	1
6487	2
6488	2
6489	3
6490	2
6491	3
6492	2
6494	2
6496	5
6497	1
6498	1
6499	1
6500	2
6502	1
6504	3
6505	1
6507	1
6508	2
6510	1
6512	1
6513	1
6515	4
6516	1
6519	1
6520	3
6521	1
6523	3
6524	2
6527	2
6528	1
6529	1
6530	2
6531	1
6535	1
22919	1
6536	1
6538	1
6540	1
6541	2
6542	1
6543	2
6544	1
6545	2
6546	1
6548	2
6549	1
6550	2
6551	2
6552	2
6553	2
6554	2
6555	2
6556	1
6559	1
6560	2
6561	2
6563	1
6565	1
6566	3
6567	1
6568	1
6570	1
6571	3
6572	3
6574	2
6575	1
6576	1
6577	1
6578	1
6579	2
6580	4
6581	2
6583	1
6585	3
6586	1
6588	2
6589	2
6590	2
6592	2
6593	1
6594	4
6595	2
6598	1
6600	3
6602	2
6603	4
6605	4
22991	1
6609	1
6613	1
6614	1
6615	3
23000	1
6618	1
6619	1
6621	1
6623	1
6625	2
6627	3
6628	1
6629	2
6630	2
6631	2
6633	1
6635	2
6636	3
6639	4
6642	2
6645	1
6648	2
6649	1
6650	1
6651	2
6652	2
6654	2
6655	2
6659	1
6660	1
6661	1
6662	1
6663	1
6664	1
6665	2
6666	1
6667	1
6668	2
6669	2
6670	1
6671	2
6672	4
6673	1
6674	2
6676	3
6677	2
6680	1
6681	2
6682	1
6683	1
6684	1
6686	1
6688	2
6689	4
6690	1
6691	1
6693	3
6694	2
6696	2
6697	2
6698	1
6699	1
6700	2
6701	1
6702	1
6703	2
6705	1
6707	1
6708	5
6709	2
6714	1
6716	2
6717	4
6722	1
6723	1
6724	1
6725	1
6726	1
6727	3
6729	1
6730	3
6733	2
6734	1
6735	1
6736	4
6737	1
6739	1
6740	4
6744	2
6745	1
6746	1
6748	1
6752	1
6754	1
6755	2
23139	1
6756	2
6757	2
6758	3
6759	1
6760	1
6762	1
23146	1
6763	1
6764	1
6765	1
6766	2
6767	1
6768	2
6769	3
6770	1
6771	1
6772	1
6774	2
6775	2
6776	1
6777	1
6778	2
6779	2
6780	1
6783	1
6784	1
6785	2
6787	2
6788	2
6790	2
6791	2
6792	1
6794	2
6795	1
6796	3
6797	1
6799	1
6800	1
6801	1
6802	3
23186	1
23187	1
6804	1
6807	4
6809	2
6810	2
6811	1
6813	3
6814	1
6815	4
6816	1
6817	1
6818	1
23203	1
6819	1
6823	1
6824	1
6825	3
6826	1
6827	2
6828	2
6829	2
6831	1
6832	1
6833	3
6834	1
6835	1
6837	2
6838	1
6839	1
6840	1
6841	1
6842	2
6843	1
6849	1
6850	2
6851	2
6854	2
6856	2
6857	1
6862	2
6865	2
6866	1
6869	1
6870	1
6871	1
6873	1
6874	1
6875	1
6876	2
23261	1
6878	1
6879	1
23264	1
6881	2
6883	1
6884	4
6885	1
6888	3
6889	1
6891	1
6892	3
6894	1
6895	1
6897	1
6898	2
6899	1
6900	3
6901	3
6902	1
6903	1
6904	2
6909	2
6910	4
6911	1
6913	2
6914	1
6916	1
6917	3
6918	2
6921	2
6922	1
6923	1
6925	1
6926	1
6927	1
6928	2
6929	2
6930	1
6931	2
6933	1
6934	2
6940	1
6942	4
6943	1
6945	2
6946	2
6947	1
6948	1
6949	2
6950	1
6952	1
6953	1
6954	2
6956	1
6957	1
6958	1
6959	2
6960	2
6961	2
6963	1
6964	2
6967	2
6968	1
6970	2
6971	2
6973	2
6974	4
6975	1
6976	2
6977	2
23361	1
6978	1
6979	1
23364	1
6982	2
6983	1
6984	2
6986	1
6989	1
6994	1
6995	2
6996	1
6997	1
23381	1
6998	3
6999	1
7001	1
7002	1
7003	2
7004	1
7005	1
7007	2
7009	2
7010	1
7014	1
7015	1
7016	1
7017	2
7018	2
7020	1
7022	1
7023	1
7024	2
7025	1
7029	1
7034	1
7036	1
7038	1
7039	3
7040	1
7041	1
7042	1
7043	2
7044	1
7045	2
23429	1
7046	2
7052	1
7055	2
7056	1
7058	2
7060	2
7062	1
7065	1
7066	1
7068	2
7069	1
7070	2
23455	1
7073	1
7074	2
7075	1
7076	1
7079	3
7081	4
7082	2
7084	1
7086	1
7087	1
7088	1
7089	5
7090	1
7091	1
7093	2
7094	2
7095	1
7096	1
7097	1
23482	1
7100	1
7101	1
7102	1
7105	2
7107	2
7108	1
7111	1
7113	3
7114	2
23498	1
7115	1
7116	1
7118	4
7119	2
7121	1
7122	1
23506	1
7124	3
7128	1
7129	2
7131	1
7132	3
7134	2
7135	1
7136	3
7138	1
7139	1
7142	1
7143	1
7146	1
7148	2
7149	1
7150	2
7153	1
7154	2
7156	1
7158	1
7161	1
7166	1
7167	1
7168	1
7169	2
7170	3
7174	1
7177	1
7178	1
7179	1
7180	2
7181	2
7184	3
7185	3
7186	2
7187	3
7189	2
7191	1
7192	1
7194	1
7195	1
7197	1
7200	3
7201	1
7202	1
7205	1
7206	3
7208	1
7209	1
7210	3
23596	1
7216	2
7221	3
7222	1
7228	1
7229	1
7230	2
7231	1
7232	1
7236	1
7242	1
7244	1
7245	2
7246	1
7247	3
7248	1
7256	1
7257	4
7259	3
7261	2
7262	1
7263	2
7264	1
7265	5
7269	1
7272	2
7273	3
7274	1
7275	1
7277	2
7280	3
7281	3
7284	2
7288	1
7289	2
7290	1
7293	3
7296	2
7298	1
7299	1
7300	1
7301	2
7303	1
7306	1
7307	1
7309	1
7310	1
7311	1
7312	2
7314	3
7315	2
7316	1
7317	1
7318	1
7320	1
7322	2
7324	2
7326	1
7328	1
7330	1
7331	1
7332	1
7334	1
7337	2
7338	1
7339	2
7341	2
23726	1
7342	1
23727	1
7343	2
7344	1
7345	1
23729	1
7346	2
23730	1
23731	1
23732	1
23733	1
7350	2
23734	1
23735	1
23736	1
7354	1
7355	1
7358	1
7359	1
7362	1
7363	1
7364	1
7366	1
23750	1
7367	2
7368	1
7370	1
7374	1
7375	1
7378	2
7379	1
7380	1
7381	1
7383	1
7384	1
7385	2
23769	1
23770	1
7386	1
7387	1
23772	1
7389	2
7390	1
23774	1
7391	1
7393	1
7394	2
7395	1
23779	1
7399	2
7401	1
23785	1
7402	1
7403	1
7404	1
7406	1
7409	1
23793	1
7410	1
7411	1
7412	1
7413	1
23798	1
7417	1
7418	1
7419	1
7420	2
7421	2
7424	3
7425	1
7426	1
7429	2
7430	1
7432	3
7433	2
7434	2
7435	1
7436	1
7437	3
7438	2
23826	1
7442	1
7444	2
7446	1
23831	1
7448	1
23832	1
23833	1
7449	1
23834	1
23835	1
7451	1
23836	1
23837	1
7453	1
23838	1
7454	1
7455	2
23839	1
23840	1
7456	1
7457	1
23841	1
23842	1
23843	1
7460	1
23844	1
23845	1
23846	1
7463	1
23847	1
7464	1
7466	1
7467	1
7470	1
7471	1
7472	1
7473	1
7475	1
7481	1
23866	1
7482	2
7483	1
7485	1
7487	2
7489	2
7490	1
7491	1
7495	1
7496	1
7497	1
7502	1
7503	1
7506	2
23891	1
7508	2
7509	1
7510	1
23894	1
7511	1
7513	3
7514	1
7516	2
7518	3
7521	1
7522	2
7525	2
7526	2
7528	2
7529	1
7533	1
23918	1
7535	1
23919	1
7537	1
23922	1
7539	1
7541	1
7542	1
7544	2
7546	1
7548	2
7549	2
7550	1
7551	1
7552	2
7553	1
7554	1
7557	1
23943	1
7559	2
7560	1
7561	1
7565	1
7567	2
7568	2
7569	1
7570	1
7573	1
7574	1
7575	2
23959	1
7576	2
7577	1
7578	1
7579	1
7580	2
7581	1
23967	1
7585	1
7586	3
7587	1
7589	2
7590	1
7591	1
23976	1
7592	1
7593	1
7597	1
7598	1
7599	1
7600	1
7601	1
7602	1
7604	2
7606	1
7607	1
7608	1
7609	2
7611	3
7613	1
7614	2
7615	1
7617	1
7618	2
7619	3
7620	2
7624	2
7626	1
7628	2
7632	1
7635	1
7636	2
7639	1
7640	1
7641	3
7642	1
7643	1
7645	1
7646	2
7647	3
7648	1
7649	2
7653	1
7656	2
7657	1
7658	1
7660	1
7661	1
7662	2
7663	1
7664	1
7665	3
7666	1
7667	2
7668	3
7673	2
7677	1
7678	1
7680	1
7682	1
7683	1
7686	2
7689	2
7691	1
24075	1
7693	1
7697	1
24082	1
7702	1
7703	1
7704	1
7707	1
7708	1
7710	2
7711	1
7714	1
7715	2
7718	2
7719	1
7721	1
7722	1
7723	1
7724	2
7727	1
7728	2
7729	2
7731	1
7732	1
7733	1
7737	3
7739	2
7742	1
7743	1
7744	1
7745	2
7746	1
7747	1
7751	2
7752	1
24138	1
7756	1
7762	1
24147	1
7764	1
7766	1
7768	1
7769	1
7771	2
24156	1
7775	1
7779	2
7784	1
7785	1
7787	1
7788	1
7789	1
7792	1
7794	2
7795	1
7796	2
24180	1
7799	3
7800	3
7802	2
7803	2
7805	3
7806	1
7808	2
7810	1
7811	1
7812	3
7814	1
7816	1
7818	1
7819	2
7820	1
24205	1
7821	1
7822	1
7826	2
7827	1
7829	1
7830	1
7833	2
24217	1
7834	1
7835	1
7839	1
7840	2
7848	1
7852	1
7856	1
7857	2
7860	2
7861	1
7862	1
7863	1
7864	2
7866	1
7868	1
7869	1
7870	1
7873	1
7874	1
7875	1
7877	2
7879	1
7880	1
7881	1
7883	1
7884	3
7886	3
7887	1
7888	1
7890	1
7891	3
7894	1
7898	2
7904	1
7905	1
7906	1
7910	1
7911	3
7912	2
7913	1
7914	1
7915	1
7916	1
7919	1
7921	1
7922	2
7928	1
7929	2
7931	1
7934	1
7935	1
7940	1
7942	1
7943	1
7944	2
7947	1
7950	1
24334	1
7951	4
7952	1
7953	1
7954	2
24341	1
7957	1
7958	2
7959	1
7962	2
7966	1
7970	1
7976	1
7980	1
7981	1
7982	2
7985	1
7986	1
7987	1
7989	1
7990	2
7992	2
7995	1
7996	2
7997	5
7998	1
7999	1
8000	1
8004	2
8005	1
8006	1
8009	1
8014	2
8016	1
8017	2
8021	1
8023	1
8024	1
8025	1
8026	1
8029	2
8030	1
8031	1
8032	1
8034	2
8035	2
8039	1
8043	1
8045	1
8048	2
8050	3
8052	1
24436	1
8053	1
8054	1
8056	1
8059	2
8062	2
8067	2
8073	2
8077	1
8078	2
8079	1
8081	1
8082	1
8085	2
8086	2
24471	1
8088	3
8091	1
8092	1
8094	2
8095	1
8096	1
8098	1
8101	1
8102	1
8104	1
8107	3
8109	3
8110	1
8111	1
8112	1
8114	1
8117	2
8119	1
8120	1
8123	1
8127	1
8131	1
8132	1
8135	1
8138	1
8139	1
8140	2
8142	1
8146	1
8147	1
8148	1
8150	2
8152	1
8154	1
8155	1
8156	3
8157	1
8158	1
8167	1
8168	1
8169	1
8170	2
8173	2
8175	2
8176	1
8177	2
8180	4
8182	1
24567	1
8184	1
8185	1
8186	2
24572	1
8189	1
8190	1
8191	2
8192	1
8195	1
8198	1
8199	2
8202	1
8203	1
8204	1
8205	1
8210	2
8212	1
8213	1
8214	1
8215	2
8216	2
8218	2
8222	1
8223	1
8226	2
8228	1
8229	1
8232	1
8234	2
8239	1
8240	1
8241	1
8242	1
8243	1
8244	1
8250	2
8251	1
8252	2
8253	1
8255	1
8257	1
8261	2
8262	1
8264	1
8265	1
8268	1
8271	1
8273	3
8274	2
8275	1
8277	1
8280	1
8283	1
8286	1
8288	1
8290	1
8291	2
8292	3
8293	1
8295	1
8296	1
8297	1
8299	1
8301	3
8302	2
8303	2
8306	2
8310	1
8311	2
24697	1
8314	2
8317	1
8322	1
8325	1
8326	1
8329	2
24713	1
8330	1
8334	1
8335	1
8337	2
8339	1
8344	1
8345	1
8347	1
8348	1
8349	1
8350	1
8353	1
8355	1
8356	2
8360	1
8366	2
8369	2
8370	1
8372	1
8373	1
8377	1
8378	1
8383	1
8387	1
8390	1
8392	2
8394	2
8395	2
8396	2
8399	1
8400	1
8403	1
8405	1
8408	2
8411	1
8414	1
8416	1
8417	1
8418	1
8419	1
8420	1
8422	1
8431	3
8437	1
8440	1
8444	2
8446	1
8447	1
8449	2
8450	1
8451	1
8452	1
8457	3
8460	1
8461	1
8462	2
8465	3
8467	1
8468	2
8473	1
8474	1
8476	2
8477	2
8479	1
8481	1
8482	1
8483	2
8484	1
8489	1
8490	1
8491	1
8494	1
8496	3
8499	3
8501	1
8502	1
8504	2
8507	1
8508	1
8512	1
8513	2
8515	1
8517	1
8522	1
8523	2
8524	1
8525	1
8527	3
8529	1
8533	1
8535	1
8536	1
8538	1
8542	1
8545	1
8546	1
8548	1
8549	1
8553	2
8554	1
8555	1
8558	1
8559	1
8560	1
8562	1
8564	1
24948	1
8565	1
8568	1
8569	2
8570	1
8572	3
8574	1
8577	1
8579	1
8580	1
8581	1
8582	2
8584	1
8591	1
8594	2
8597	1
8598	2
8602	2
8606	1
24992	1
8611	1
8613	1
8614	1
8615	1
8618	1
8619	2
8620	2
8621	1
8624	1
8626	1
8628	1
8630	2
8631	1
25018	1
8636	1
8638	1
8639	1
8646	1
8648	1
8655	2
8657	1
8661	1
8662	1
8663	1
8665	1
8667	1
8670	1
8673	2
8675	1
8678	2
8681	1
8685	2
8686	1
8688	1
8695	1
8697	3
8700	1
8702	3
8704	1
8706	1
8707	2
8708	1
8709	1
8717	1
8718	1
8719	1
8720	2
8722	1
8724	1
8725	1
8727	1
8728	2
8729	1
8732	1
8733	2
8735	1
8737	2
8739	1
8740	1
8746	1
8753	1
8754	2
8757	1
8758	1
8759	2
8760	1
8768	1
8769	1
8774	1
8780	2
8781	1
8782	1
8787	1
8789	1
8797	1
8798	1
8801	2
8805	1
8807	1
8808	2
8810	1
8812	2
8818	1
8824	1
8829	1
8831	1
8841	2
8842	1
8851	1
8852	1
8856	2
8859	1
8865	1
8867	1
8868	1
8873	1
8875	2
8877	2
8883	1
8887	2
8890	1
8891	1
8893	1
8895	1
8897	1
8899	1
8902	1
8906	2
8909	1
8910	1
8915	2
8920	2
8921	1
8924	1
8925	1
8927	1
8930	1
8935	1
8939	1
8940	2
8941	1
8946	1
8947	1
8961	1
8963	1
8965	1
8968	1
8970	1
8972	1
8975	2
8977	1
8979	1
8981	2
8982	2
8985	1
8986	2
8988	1
8993	3
8995	1
8997	1
9001	1
9003	1
9008	1
9010	1
9011	1
9012	1
9018	2
9022	1
9024	1
9025	1
9029	1
9030	1
9036	1
9039	2
9040	1
9041	1
9042	1
9046	1
9047	1
9050	1
9055	1
9056	1
9057	1
9059	1
9063	1
9066	1
9071	1
9078	2
9081	1
9082	2
9083	1
9084	1
9086	1
9087	3
9093	1
9096	1
9099	1
9100	2
25484	1
9103	1
9105	1
9107	2
9113	1
9117	1
9119	2
9123	1
9126	1
9128	2
9130	1
9132	1
9139	1
9140	2
9141	2
9143	1
9145	1
9152	1
9167	1
9169	1
9171	2
9174	1
9177	1
9178	1
9179	3
9180	2
9181	1
9182	2
9186	1
9187	1
9191	1
9192	2
9193	1
9195	1
9197	1
9198	1
9199	1
9200	1
9207	1
9208	1
9213	1
9214	1
9216	1
9217	1
9219	1
9223	2
9224	1
9227	1
9231	1
9233	1
9236	1
9239	1
9240	1
9241	2
9242	1
9244	1
9247	1
9248	2
9255	1
9257	1
9261	1
9267	2
9271	1
9273	2
9282	1
9283	2
9286	1
9287	1
9289	3
9291	1
9292	1
9295	2
9298	1
9302	1
9307	2
9310	1
9313	2
9315	1
9323	1
9325	1
9329	1
25722	1
9340	1
25725	1
9343	1
9366	2
9371	1
9374	1
9375	1
9376	1
9378	1
9380	1
9381	2
25768	1
9388	2
9398	1
9409	1
9410	2
9412	1
9419	2
9423	1
9426	1
9427	1
9430	2
9434	1
9435	1
9438	1
9439	1
9440	1
9443	1
9447	1
9450	1
9458	1
9462	1
9464	1
9465	2
9470	2
9471	1
9473	1
9483	1
9484	1
9485	1
9496	1
9500	3
9502	1
9503	1
9504	1
9515	1
9519	1
9522	1
9525	1
9526	2
9527	1
9530	3
9532	1
9533	1
9534	1
9541	1
9542	1
9543	1
9548	1
9550	2
9561	2
9562	1
9563	1
9565	1
9570	1
9579	1
9580	1
9583	1
9587	1
9588	1
9591	1
9592	1
9596	1
9598	1
9599	1
9604	1
9612	2
9615	1
9617	2
9618	1
9621	1
9624	2
9625	1
9627	1
9628	1
9634	1
9635	1
9644	1
9648	1
9659	2
9662	1
9663	1
9665	2
9666	1
9671	1
9672	1
9682	1
9697	1
9698	1
9700	1
9705	1
9710	1
9713	1
9714	3
9716	1
9719	1
9721	1
9725	1
9728	1
9733	1
9737	1
9742	1
9744	1
9750	2
9752	1
9757	1
9758	1
9761	1
9763	1
9769	1
9771	1
9774	1
9777	1
9788	1
9789	1
9792	2
9796	1
9798	1
9801	1
9808	1
9809	1
9818	1
9824	1
9826	1
9830	1
9835	1
9841	1
9845	1
9852	1
9855	1
9870	1
9871	1
9876	1
9877	1
9878	1
9883	1
9885	2
9890	1
9892	1
9893	1
9901	1
9902	1
9907	1
9915	2
9917	1
9920	1
9940	1
9946	1
9953	1
9957	1
9965	1
9969	1
9970	1
9971	1
9972	1
9973	1
9978	1
9983	1
9984	1
9986	3
9994	1
9997	1
10005	1
10011	1
10020	1
10023	1
10026	1
10032	1
10034	1
10053	3
10055	1
10059	1
10060	1
10062	1
10064	1
10066	1
10072	1
10073	3
10089	1
10101	1
10115	1
10116	1
10121	1
10129	1
10133	2
10135	1
10143	1
10146	1
10147	2
10153	1
10155	1
10156	1
10157	1
10161	1
10166	1
10170	1
10178	1
10192	1
10194	1
10198	1
10202	3
10205	1
10206	1
10223	1
10230	1
10231	1
10233	1
10234	1
10235	1
10237	1
10244	1
10246	1
10247	1
10259	1
10264	1
10266	2
10267	2
10275	2
10276	1
10281	1
10289	1
10290	1
10300	1
10303	1
10315	1
10318	1
10320	1
10337	1
10342	2
10344	1
10345	2
10346	1
10347	1
10349	1
10352	1
10356	1
10370	1
10371	1
10379	1
10386	1
10387	2
10393	1
10397	2
10402	2
10405	1
10414	1
10424	1
10426	1
10440	1
10452	1
10460	1
10465	1
10468	1
10470	1
10472	1
10476	1
10479	1
10487	1
10490	1
10493	1
10501	1
10506	2
10507	2
10511	1
10517	1
10520	1
10526	1
10527	1
10530	1
10548	2
10551	3
10552	1
10558	1
10562	2
10569	2
10587	1
10595	1
10597	1
10600	1
10606	1
10620	1
10623	1
10624	1
10629	1
10637	1
10649	1
10657	1
10670	1
10672	1
10676	1
10679	1
10680	1
10683	1
10688	1
10699	1
10703	1
10708	1
10721	1
10732	1
10734	1
10739	1
10740	1
10759	1
10767	1
10773	1
10778	1
10791	1
10793	2
10795	1
10797	1
10805	1
10808	1
10810	1
10817	1
10822	1
10823	1
10829	1
10830	1
10832	1
10833	1
10835	1
10848	2
10851	1
10855	1
10856	1
10871	2
10875	1
10882	1
10906	1
10909	1
10916	1
10917	2
10921	1
10923	1
10927	1
10930	1
10931	1
10935	1
10937	1
10942	1
10948	1
10952	1
10956	1
10957	1
10960	2
10962	1
10966	1
10972	1
10985	2
10987	1
10990	1
10991	1
10992	1
10993	1
10994	1
10998	1
11000	1
11001	1
11004	2
11024	1
11038	1
11043	2
11046	1
11064	1
11080	1
11083	1
11098	1
11100	1
11101	1
11108	1
11119	1
11123	1
11126	1
11137	1
11138	1
11140	1
11147	1
11154	1
11157	1
11158	1
11160	1
11169	1
11170	1
11177	1
11179	1
11194	1
11199	1
11200	1
11205	1
11213	1
11220	1
11222	1
11223	1
11224	1
11233	1
11237	2
11238	1
11245	1
11257	1
11258	1
11260	2
11279	1
11284	1
11286	1
11290	1
11298	1
11305	1
11317	1
11323	1
11324	1
11327	1
11342	1
11347	2
11348	1
11349	1
11352	1
11354	1
11355	1
11358	1
11360	1
11365	1
11368	1
11375	1
11378	1
11382	1
11387	1
11400	2
11402	1
11421	1
11425	1
11426	2
11428	1
11433	1
11437	2
11441	1
11449	1
11453	1
11454	1
11455	2
11457	2
11458	1
11460	1
11463	1
11465	1
11470	1
11475	1
11477	1
11489	1
11499	1
11503	1
11505	1
11531	2
11534	1
11536	1
11538	1
11542	1
11544	1
11545	1
11548	1
11549	1
11559	1
11560	1
11562	1
11563	1
11564	1
11576	1
11582	1
11583	2
11590	2
11597	1
11615	1
11617	1
11619	1
11627	1
11630	2
11636	1
11642	1
11643	1
11645	1
11648	1
11653	1
11661	1
11665	2
11667	1
11677	1
11692	2
11698	1
11708	1
11715	1
11720	1
11722	1
11730	1
11739	2
11740	1
11755	1
11762	1
11769	1
11772	1
11774	1
11776	1
11779	1
11787	1
11791	1
11795	2
11800	1
11811	1
11812	2
11815	1
11819	1
11820	1
11824	1
11825	1
11831	2
11832	1
11835	1
11844	1
11850	1
11852	1
11857	1
11861	1
11869	1
11878	1
11879	1
11883	1
11885	1
11904	2
11913	1
11917	2
11920	1
11921	1
11927	1
11929	1
11932	1
11942	1
11946	1
11953	1
11956	1
11957	3
11959	1
11964	1
11971	2
12000	1
12001	1
12003	1
12005	1
12021	1
12032	1
12035	1
12057	1
12070	1
12074	1
12080	1
12088	1
12094	1
12101	1
12108	1
12125	1
12128	1
12141	1
12151	1
12158	1
12165	1
12166	1
12167	1
12175	1
12176	1
12179	1
12191	1
12196	1
12201	1
12205	1
12210	1
12211	1
12221	1
12224	1
12228	1
12229	2
12231	1
12236	1
12239	2
12242	1
12245	1
12248	1
12255	1
12256	1
12257	1
12260	1
12270	1
12272	1
12276	1
12281	1
12329	1
12344	1
12345	1
12350	1
12355	1
12358	1
12365	1
12367	1
12368	1
12378	1
12381	1
12390	1
12392	1
12393	1
12397	1
12411	2
12421	1
12424	1
12435	2
12436	1
12453	1
12467	1
12469	2
12475	1
12477	2
12486	1
12492	1
12498	1
12505	1
12508	2
12512	1
12520	1
12522	1
12526	1
12531	1
12534	1
12554	1
12559	1
12560	1
12563	1
12577	1
12580	1
12588	1
12594	2
12602	1
12607	1
12609	1
12619	1
12624	3
12634	1
12643	1
12646	1
12650	1
12652	1
12670	1
12676	1
12679	2
12688	1
12699	1
12703	1
12706	1
12710	2
12725	1
12728	1
12731	1
12732	1
12740	1
12752	1
12753	1
12754	1
12758	2
12759	1
12761	1
12763	1
12782	3
12783	1
12804	1
12807	1
12816	1
12817	1
12837	1
12841	1
12844	1
12848	1
12854	1
12862	1
12865	2
12873	2
12882	2
12885	1
12898	2
12904	1
12907	1
12919	1
12925	1
12926	1
12930	1
12951	1
12955	2
12956	1
12959	1
12968	1
12969	1
12978	1
12988	3
12989	1
12997	1
12998	2
13002	1
13003	1
13007	1
13014	1
13016	1
13030	1
13035	1
13046	1
13053	1
13056	1
13059	1
13060	1
13068	1
13072	1
13086	2
13090	1
13091	1
13093	1
13094	1
13102	1
13119	1
13130	1
13131	1
13141	1
13150	1
13157	1
13171	2
13176	1
13182	1
13196	1
13202	3
13206	1
13214	1
13215	1
13225	1
13235	1
13239	1
13240	1
13254	1
13259	1
13274	1
13279	1
13282	1
13283	1
13289	1
13296	1
13300	1
13307	1
13312	1
13322	1
13339	1
13340	1
13349	1
13353	1
13360	1
13364	1
13369	1
13376	1
13383	1
13393	1
13406	1
13408	1
13415	1
13419	1
13456	1
13457	1
13470	1
13472	1
13473	1
13481	1
13486	1
13487	1
13513	1
13514	2
13515	1
13518	1
13519	1
13531	1
13534	1
13550	1
13553	1
13554	2
13556	1
13559	1
13565	1
13570	1
13574	1
13580	1
13581	1
13592	1
13595	1
13597	1
13598	1
13599	1
13600	1
13605	1
13611	1
13618	1
13622	1
13634	1
13638	1
13639	1
13640	1
13644	1
13657	1
13677	1
13684	1
13691	1
13697	1
13720	1
13721	1
13728	1
13732	1
13733	1
13746	1
13759	1
13761	1
13769	1
13780	1
13802	1
13808	1
13820	1
13827	1
13828	1
13829	1
13843	1
13851	1
13858	1
13867	2
13870	1
13885	1
13886	1
13888	1
13893	1
13898	1
13903	1
13910	1
13912	2
13916	2
13935	1
13943	1
13959	1
13960	1
13963	2
13973	1
13975	1
13988	1
13991	1
14004	1
14013	1
14017	1
14020	1
14025	1
14032	2
14035	1
14050	1
14065	1
14067	1
14078	2
14084	1
14087	1
14096	1
14107	1
14116	1
14119	1
14123	1
14144	1
14149	1
14155	1
14156	1
14164	1
14168	1
14178	1
14197	1
14198	1
14208	1
14211	1
14239	1
14249	1
14257	1
14261	1
14263	1
14264	1
14265	1
14269	1
14273	2
14285	1
14286	1
14287	1
14290	1
14296	1
14305	1
14309	1
14313	1
14314	1
14328	1
14330	1
14335	2
14336	1
14342	1
14343	1
14344	1
14353	1
14354	1
14357	1
14358	1
14360	1
14361	1
14368	1
14370	1
14375	1
14379	1
14381	1
14386	1
14396	1
14397	1
14400	1
14403	1
14410	1
14416	1
14419	1
14427	1
14435	1
14437	1
14438	1
14442	1
14445	1
14447	2
14453	1
14460	1
14463	3
14475	1
14481	1
14484	1
14486	1
14487	2
14491	1
14493	1
14495	1
14504	1
14519	1
14528	1
14530	1
14531	1
14534	1
14540	1
14546	1
14550	1
14553	1
14557	1
14563	1
14564	1
14565	2
14573	1
14588	1
14590	1
14592	1
14593	1
14611	1
14623	1
14624	1
14626	1
14628	1
14630	1
14641	1
14643	1
14644	1
14646	1
14649	1
14650	1
14656	1
14659	1
14661	1
14670	2
14686	1
14687	1
14688	1
14710	1
14713	1
14718	1
14720	1
14727	1
14730	1
14740	2
14747	3
14754	3
14756	1
14760	1
14765	1
14766	1
14773	1
14776	1
14777	1
14782	1
14784	1
14787	1
14797	2
14798	1
14806	2
14807	2
14808	1
14809	1
14812	1
14814	1
14818	1
14820	1
14822	1
14824	2
14825	1
14826	2
14830	2
14833	1
14840	1
14849	1
14851	2
14854	1
14855	1
14861	2
14862	1
14863	2
14865	1
14869	1
14870	1
14875	1
14877	2
14880	1
14882	1
14887	1
14888	1
14890	1
14892	1
14893	1
14899	1
14906	1
14909	2
14913	1
14915	1
14917	1
14922	2
14927	1
14935	1
14940	1
14941	1
14943	1
14946	1
14947	1
14950	1
14951	1
14955	2
14961	1
14962	1
14967	1
14968	2
14970	1
14971	1
14977	2
14983	1
14991	1
14994	1
14996	2
14999	1
15007	1
15014	1
15015	1
15024	1
15027	1
15030	1
15031	1
15037	1
15043	1
15049	2
15050	1
15063	1
15065	1
15067	1
15072	1
15076	1
15077	1
15081	2
15086	1
15089	1
15095	1
15097	1
15102	1
15109	1
15119	1
15123	1
15124	1
15131	1
15136	1
15143	1
15145	1
15153	2
15156	1
15159	1
15166	1
15167	1
15169	1
15171	1
15176	1
15184	1
15189	1
15192	1
15197	1
15203	1
15207	1
15208	1
15211	1
15212	1
15215	1
15216	3
15218	1
15219	1
15220	1
15224	2
15228	2
15230	3
15232	1
15238	1
15241	2
15248	2
15250	2
15252	2
15266	1
15269	1
15273	1
15274	1
15279	1
15284	1
15286	1
15292	1
15306	1
15308	1
15312	1
15324	1
15327	2
15331	1
15332	1
15337	1
15341	1
15348	1
15357	1
15362	1
15364	1
15369	1
15371	1
15377	1
15379	1
15382	3
15385	1
15388	1
15391	1
15392	1
15395	1
15396	2
15397	1
15400	1
15402	1
15409	1
15416	1
15419	2
15420	1
15425	1
15429	1
15434	2
15436	1
15439	1
15455	1
15456	1
15458	1
15460	1
15461	1
15463	1
15464	2
15467	1
15471	1
15472	1
15473	1
15476	2
15481	2
15482	1
15484	1
15485	1
15486	1
15487	1
15495	2
15497	2
15502	1
15504	1
15505	1
15506	2
15507	2
15508	1
15515	1
15516	2
15518	1
15522	1
15525	1
15528	1
15529	1
15532	1
15533	1
15534	1
15535	1
15539	2
15543	1
15545	1
15551	2
15552	1
15553	1
15554	1
15555	1
15562	2
15567	1
15568	2
15569	2
15570	2
15571	1
15573	1
15574	1
15576	2
15580	1
15581	1
15583	1
15584	1
15585	2
15590	2
15592	1
15593	2
15595	1
15599	1
15604	1
15608	1
15609	1
15610	1
15613	1
15616	1
15617	1
15618	1
15622	1
15624	2
15626	2
15628	1
15634	1
15638	2
15640	2
15643	2
15644	1
15645	1
15647	1
15648	2
15653	1
15655	1
15656	1
15657	1
15663	2
15665	1
15666	1
15669	1
15673	2
15677	1
15678	1
15681	1
15685	1
15704	1
15705	1
15708	1
15710	2
15711	2
15712	1
15714	1
15716	1
15724	2
15726	1
15730	1
15733	1
15734	1
15738	1
15739	1
15742	1
15745	1
15749	1
15751	1
15757	1
15758	1
15759	1
15761	1
15764	1
15775	1
15777	1
15780	1
15781	1
15782	2
15791	1
15793	1
15797	1
15798	1
15799	1
15800	1
15804	1
15808	1
15811	1
15820	1
15829	1
15843	1
15851	1
15859	2
15860	1
15861	1
15867	1
15869	1
15872	1
15880	1
15882	1
15883	1
15887	1
15888	1
15891	1
15895	1
15896	1
15898	1
15899	1
15904	1
15906	1
15908	1
15913	2
15922	1
15926	1
15930	1
15931	1
15932	1
15934	1
15939	1
15943	1
15945	1
15948	1
15954	1
15956	1
15968	1
15971	1
15973	1
15974	1
15984	1
15987	2
15989	1
15992	2
15995	1
15999	1
16002	2
16005	1
16006	1
16007	1
16010	1
16012	2
16015	1
16028	1
16029	1
16031	1
16032	1
16066	1
16068	1
16069	1
16073	1
16074	2
16076	1
16077	1
16078	1
16079	1
16082	1
16087	2
16089	1
16095	1
16097	1
16100	1
16101	1
16104	1
16105	1
16106	1
16108	1
16111	1
16120	1
16122	1
16127	1
16133	1
16137	1
16139	1
16140	2
16145	1
16151	4
16163	1
16165	1
16166	1
16170	1
16172	1
16175	1
16183	1
16185	1
16186	1
16188	1
16191	1
16200	2
16202	1
16203	1
16204	1
16214	1
16217	2
16222	1
16230	1
16231	1
16234	1
16235	3
16245	1
16248	1
16261	1
16263	2
16266	1
16275	1
16281	2
16296	1
16298	1
16302	1
16304	1
16306	2
16307	1
16310	1
16311	1
16318	1
16324	1
16326	1
16333	1
16341	1
16355	1
16360	1
16363	2
16375	1
16376	1
16378	1
16379	1
16382	1
