16384	1
1	13
16385	1
2	14
3	10
4	10
5	9
16389	1
6	13
7	15
8	10
16392	1
9	14
16393	1
10	9
11	11
16396	1
12	6
13	14
16397	1
14	6
15	9
16	11
17	11
18	9
19	18
20	11
21	12
22	12
23	14
16407	1
24	9
25	17
26	14
16410	3
27	9
16411	1
28	11
16413	1
29	11
30	9
16414	1
31	8
32	8
16416	1
33	12
34	15
35	10
16419	1
36	10
37	8
38	12
39	14
40	14
41	12
16425	1
16426	2
42	12
43	8
44	16
45	12
16429	1
46	6
16430	1
47	13
48	16
49	6
16433	1
50	15
51	7
16435	1
52	13
53	8
54	6
16438	3
16439	2
55	10
56	12
57	15
16441	1
58	16
59	16
60	6
61	11
16445	1
62	15
63	24
64	18
65	9
16449	1
66	10
16450	1
67	11
68	14
69	11
16453	1
70	13
71	11
16455	1
72	9
16456	1
73	11
16457	1
74	10
75	12
76	10
77	15
16462	1
78	15
79	7
16463	1
80	8
81	17
82	12
83	12
84	10
85	6
86	10
87	11
88	11
16472	1
89	14
90	11
91	9
16475	1
92	10
93	10
94	11
95	6
96	15
97	10
98	14
16483	1
99	6
100	13
101	6
16485	1
102	13
103	9
16488	1
104	11
105	12
106	16
107	8
108	7
109	9
110	10
111	10
16495	1
112	7
113	10
114	11
115	8
16499	1
116	9
117	10
118	5
119	10
16503	1
120	13
121	8
122	8
123	9
16508	1
124	8
125	15
126	7
127	7
128	10
129	5
130	5
131	7
132	5
16516	1
133	8
134	7
135	8
16519	1
136	11
137	9
138	4
139	12
16524	2
140	6
141	10
142	7
16527	1
143	9
144	12
16528	1
145	7
146	7
147	6
148	10
149	8
150	11
151	11
16535	1
152	6
153	11
154	11
155	11
156	9
157	12
158	3
159	7
160	7
161	9
16545	1
162	5
163	9
164	4
165	4
166	5
167	4
168	7
169	9
170	10
171	10
172	11
173	9
174	10
175	8
176	11
177	5
178	8
16562	2
179	7
180	9
181	7
182	10
183	7
184	18
185	5
16569	1
186	8
187	6
16571	1
188	8
189	4
190	8
16574	1
191	13
16575	2
192	1
193	9
194	11
195	6
196	3
197	6
198	8
199	4
200	6
201	6
202	5
203	5
204	8
205	8
16590	1
206	5
207	7
208	2
209	6
210	14
211	12
212	14
16596	1
213	6
214	8
215	8
16599	1
216	5
217	7
218	4
16603	1
219	10
220	6
16604	1
221	10
222	9
223	6
224	4
225	8
226	8
227	11
228	6
16612	1
229	6
230	6
231	10
16615	1
232	6
16616	1
233	5
234	6
16618	1
235	9
16619	1
236	2
237	10
238	4
16622	1
16623	1
239	3
240	6
241	6
242	10
16627	1
243	14
244	5
16628	1
245	5
246	9
247	6
248	9
249	6
250	7
16634	1
251	8
16636	1
252	9
253	10
254	7
255	6
256	6
257	10
258	13
259	5
260	10
261	4
262	7
263	4
264	8
265	11
266	4
267	4
16651	1
268	7
16652	1
269	5
270	4
16654	1
271	6
16655	1
272	5
273	7
274	8
275	7
276	9
277	6
16661	1
278	13
16662	1
279	3
280	9
281	9
16665	1
282	5
283	10
284	5
285	9
286	5
287	8
288	4
289	11
16673	1
16674	1
290	7
291	7
292	3
293	5
294	12
295	9
16680	1
296	3
297	5
298	2
299	6
300	7
301	9
302	6
303	6
304	7
305	7
306	9
307	5
308	3
16692	1
309	6
310	8
311	5
16695	1
312	9
313	8
314	8
315	7
316	11
317	2
318	4
319	6
16703	1
320	4
321	6
322	5
323	9
324	7
325	8
16709	1
326	7
327	6
328	5
329	7
16713	1
16714	1
330	4
331	3
332	13
333	4
334	5
335	8
336	5
16721	1
337	5
338	4
339	9
340	6
341	10
16725	1
342	8
343	3
16728	1
344	7
345	8
16729	2
346	6
347	7
348	5
16732	1
349	6
350	10
351	10
352	9
353	6
354	2
355	6
356	5
357	8
16742	1
358	8
359	5
360	7
361	3
362	1
363	5
16747	1
364	4
16748	1
365	3
366	6
367	6
368	4
369	5
16754	1
370	3
371	3
372	10
373	5
374	4
375	7
376	5
16760	1
377	8
378	3
379	7
16763	1
380	6
381	4
16765	1
382	4
383	6
384	4
385	5
386	6
387	3
388	5
16773	1
389	6
390	6
391	4
392	7
393	4
16777	1
394	1
395	9
396	7
397	6
16781	2
398	8
399	4
400	4
401	7
402	4
403	3
404	2
16788	1
405	9
406	5
407	7
408	6
409	1
410	2
411	2
16795	2
412	4
413	3
16797	1
414	3
415	7
416	7
417	9
418	7
419	9
420	9
421	7
422	3
16806	1
423	2
424	5
425	2
426	2
16811	1
427	4
428	7
429	5
430	4
431	7
432	2
433	6
434	3
435	3
436	3
437	7
438	4
439	8
16823	1
440	4
442	4
16826	1
443	4
444	5
445	3
446	5
16830	1
16831	1
447	4
448	5
449	5
450	3
451	5
452	4
453	4
454	6
16838	1
455	7
16839	1
456	6
457	3
458	5
459	8
460	4
461	5
462	7
16846	1
463	4
464	6
465	6
16850	1
466	3
467	2
16851	1
468	3
469	7
470	5
471	6
472	5
473	4
474	4
475	8
476	2
477	5
478	6
479	7
480	1
481	6
482	8
483	4
484	4
16868	1
485	2
486	2
487	6
488	4
489	3
490	3
491	6
492	6
493	2
494	5
495	12
496	3
497	6
498	4
16883	1
499	3
500	3
501	4
502	5
503	4
16888	1
504	4
505	4
506	2
507	10
508	2
16892	1
509	1
510	8
511	3
512	7
513	8
514	4
515	1
516	4
517	3
16901	1
518	4
519	6
520	7
521	5
522	3
523	4
524	8
525	7
16909	1
526	7
527	3
528	5
529	4
530	4
531	1
532	3
533	5
534	4
535	4
536	8
537	4
538	2
539	6
540	4
541	2
542	1
543	4
544	1
545	4
546	3
547	3
548	7
549	4
550	7
16934	1
551	9
552	6
553	3
16937	1
554	6
555	5
556	7
557	9
558	2
16942	1
559	4
16943	1
560	6
561	4
562	5
563	6
564	2
565	4
566	4
567	1
568	1
569	3
16953	1
570	1
571	5
572	4
573	9
574	4
575	7
576	6
16960	1
578	4
579	8
580	5
581	2
582	2
583	3
584	5
585	3
586	4
16970	1
587	8
588	7
589	7
590	7
591	5
592	3
593	3
16977	1
16978	1
594	7
595	3
16979	1
596	1
597	3
598	5
599	4
600	9
601	2
16985	1
602	3
603	5
16987	1
604	4
605	2
606	3
16990	1
607	4
16991	1
608	3
609	4
610	4
16994	1
611	5
612	2
613	7
614	1
615	5
616	10
617	5
618	5
619	2
620	7
621	3
17005	1
622	3
623	4
624	6
625	3
626	6
17010	1
627	2
628	1
17013	1
629	5
630	7
631	3
632	4
633	1
634	4
17018	1
635	2
636	7
637	10
638	6
639	6
640	1
641	7
642	5
643	5
644	5
645	7
646	7
17031	1
647	3
648	4
649	2
650	8
651	4
17035	1
652	5
653	2
654	2
655	2
656	3
657	4
658	5
17042	1
659	5
660	9
661	4
17045	1
662	9
663	7
664	5
665	6
666	4
667	9
668	4
669	3
670	6
671	3
672	5
674	5
675	6
676	5
17060	1
677	6
17061	1
678	5
679	5
680	5
17064	1
681	5
682	5
683	4
684	1
685	3
686	8
687	3
688	4
689	3
690	6
691	2
692	2
693	5
17077	2
694	8
695	1
17079	1
696	3
697	4
698	2
699	3
700	5
701	5
702	3
703	4
17087	1
704	3
705	7
706	4
707	3
708	3
709	3
710	6
711	6
17095	1
712	3
713	10
17097	1
714	2
715	6
17099	1
716	5
717	3
718	2
719	10
720	4
721	6
17105	1
722	4
723	4
724	5
725	6
726	5
17111	1
727	5
728	2
729	5
730	6
731	1
732	4
733	9
734	5
735	3
736	5
737	3
738	6
739	5
17123	1
740	4
741	5
742	2
743	4
744	4
745	3
746	4
17130	1
747	6
748	6
749	2
750	5
751	7
752	4
753	4
754	4
755	6
756	2
757	6
758	4
759	3
760	6
761	5
17145	1
762	4
17146	1
763	1
765	6
766	3
767	6
768	5
769	4
770	6
771	4
17156	1
772	2
773	2
774	6
775	4
776	4
777	4
17161	1
778	3
17162	1
779	1
17163	1
780	4
781	8
782	4
783	3
785	8
786	7
787	3
788	3
789	8
790	9
791	5
792	2
793	11
794	4
17179	1
795	3
796	5
797	6
17181	1
798	1
799	5
800	6
801	6
802	5
803	4
804	6
805	3
806	1
807	3
808	10
809	4
810	2
811	3
17195	1
812	2
813	5
814	4
815	5
816	5
817	7
818	3
819	7
820	5
821	4
17205	1
822	7
823	1
17207	1
824	4
825	5
826	2
827	7
828	8
829	7
830	3
831	5
832	6
833	2
834	2
835	6
836	3
837	5
838	5
17222	1
839	7
17224	1
840	5
841	4
842	7
843	4
844	7
17228	1
845	8
846	6
17230	1
848	7
849	4
850	4
17235	1
851	3
852	4
853	2
17237	1
854	8
855	5
856	6
857	6
17241	1
858	10
859	4
17243	1
860	4
861	6
862	7
863	4
864	4
865	4
866	4
867	2
868	4
869	5
870	4
871	5
872	5
17256	1
873	5
874	7
875	5
17259	1
876	5
877	5
17261	1
878	3
879	5
880	5
881	3
882	6
883	6
17267	1
884	2
885	5
886	6
887	3
17271	1
888	8
889	3
890	2
891	5
892	1
893	3
894	6
895	2
896	3
897	5
898	3
899	8
900	5
901	6
17285	2
902	7
17287	2
903	2
905	3
906	7
907	9
908	2
17292	1
909	4
910	1
911	8
912	6
913	12
915	9
17299	1
916	8
917	3
918	6
17302	1
919	5
920	4
921	4
922	3
923	3
924	4
925	9
926	3
927	6
928	10
929	5
930	3
17314	1
931	4
932	1
933	3
934	6
935	5
936	9
937	3
938	7
939	5
940	8
941	5
942	2
943	9
944	2
945	4
946	7
947	2
948	7
949	6
950	10
951	1
952	3
953	6
954	7
955	7
17339	1
956	7
957	8
958	4
960	4
961	4
962	2
963	6
964	5
965	2
966	5
967	5
968	10
969	2
970	4
971	4
972	3
973	6
974	7
975	1
976	3
977	7
978	3
979	4
980	5
981	4
982	3
983	7
984	10
985	5
986	5
987	3
988	2
989	6
990	8
991	3
992	5
993	5
994	2
995	4
996	2
997	2
998	4
999	2
1000	5
1001	6
1002	3
1003	3
1004	1
1005	5
1006	5
1007	5
17391	1
1008	4
1009	6
1010	6
17394	1
1011	6
1012	5
1013	8
17397	1
1014	4
1015	3
1016	5
1017	6
1018	4
17402	1
1019	4
17403	1
1020	7
1021	4
1022	4
1023	1
1024	4
17408	1
1025	3
1026	4
1027	1
1028	2
1029	3
1030	6
17414	1
1031	8
1032	3
1033	6
1034	3
1035	6
1036	6
1037	8
1038	8
1039	8
1040	1
1041	2
1042	8
1043	2
1044	2
1045	4
1046	4
1047	4
1048	7
1049	4
1050	6
1051	5
1052	5
1053	3
1054	6
1055	4
1056	6
1057	7
17442	1
1058	1
1059	7
1060	4
1061	6
1062	3
1063	5
1064	1
1065	2
1066	1
17450	1
1067	7
1068	6
1069	5
1070	3
1071	5
1072	4
17457	1
1073	2
1074	4
1075	2
17459	1
1076	7
1077	6
1078	6
1079	2
1080	1
1081	4
1082	4
1083	3
1084	5
1085	7
17469	2
1086	5
1087	7
1088	2
1089	6
1090	4
17474	1
1091	4
1092	9
1093	5
1094	4
1095	4
1096	6
17480	1
1097	6
1098	3
1099	7
1100	7
1101	7
1102	5
1103	3
17487	1
1104	6
1105	9
17490	2
1106	5
1107	6
1108	1
1109	9
17494	1
1110	4
1111	8
1112	3
17496	1
1113	2
1114	5
1115	6
1116	4
1117	5
1118	3
17502	1
1119	3
1120	10
1121	5
17505	1
1122	4
1123	1
1124	2
1125	7
1126	5
1127	6
1128	5
1129	11
1130	5
1131	4
1132	8
1133	2
1134	4
1135	9
1136	6
1137	7
1138	8
1139	9
1140	6
1141	6
1142	7
1143	3
1144	6
1145	6
1146	4
1147	5
1148	6
1149	5
1150	7
1151	1
1152	5
17536	1
17537	1
1153	4
1154	6
1155	1
1156	2
1157	3
1158	8
17542	1
1159	5
1160	8
1161	6
1162	4
1163	6
1164	8
17548	1
1165	4
1166	5
1167	4
1168	5
1169	5
1170	4
1171	6
1172	8
1173	3
1174	3
17558	1
1175	5
1176	2
1177	2
17562	1
1178	4
1179	4
1180	10
1181	2
1182	4
1183	7
1184	2
1185	2
1186	8
1187	6
1188	2
1189	9
1190	8
1191	8
1192	6
1193	6
1194	5
1195	2
17579	1
1196	6
1197	1
1198	3
1199	13
1200	6
1201	5
1202	7
1203	5
1204	4
1205	7
1206	3
1207	6
1208	13
1209	5
1210	3
1211	2
1212	3
1213	4
17597	1
17598	1
1214	5
1215	7
1216	3
1217	9
1218	5
17602	1
1219	10
1220	4
1221	5
1222	4
1223	7
1224	8
1225	4
1226	5
1227	6
1228	3
1229	3
17613	1
1230	7
1231	9
1232	7
1233	3
17617	1
1234	4
1235	3
1236	6
1237	3
1238	5
17623	2
1239	5
1240	6
17624	1
1241	5
17626	1
1242	3
1243	4
1244	6
1245	5
1246	7
1247	6
1248	6
1249	9
1250	6
1251	1
1252	8
1253	5
1254	9
1255	4
1256	9
17640	1
1257	8
17642	1
1258	3
1259	6
1260	9
1261	2
1262	3
1263	3
1264	11
1265	4
1266	8
1267	6
1268	6
1269	9
1270	4
1271	3
1272	5
1273	3
17657	1
1274	3
1275	7
1276	1
1277	5
1278	7
1279	6
1280	5
1281	3
1282	4
1283	5
1284	2
1285	7
1286	3
1287	7
1288	3
1289	5
1290	4
1291	2
1292	5
1293	4
1294	3
1295	4
1296	5
1297	3
1298	4
1299	8
1300	7
1301	2
1302	3
1303	8
1304	5
17688	1
1305	7
17689	1
1306	3
1307	1
1308	5
17692	1
1309	5
17693	2
1310	9
1311	5
1312	7
1313	3
1314	7
1315	4
1316	5
1317	5
1318	4
1319	1
1320	7
17704	1
1321	1
1322	4
1323	3
1324	4
17708	1
1325	6
1326	4
1327	1
1328	7
1329	9
1330	5
1331	7
1332	4
1333	6
17717	2
1334	6
17718	1
1335	4
1336	3
1337	1
1338	3
1339	7
17723	1
1340	7
1341	2
1342	5
1343	4
1344	5
1345	5
1346	4
1347	3
1348	4
1349	5
1350	4
1351	5
1352	7
1353	4
1354	4
1355	4
17739	1
1356	4
1357	2
1358	6
1359	1
1360	6
1361	3
1362	4
1363	4
1364	8
1365	4
1366	6
1367	9
1368	8
1369	2
1370	3
1371	3
1372	6
1373	8
1374	7
1375	5
17759	1
1376	3
1377	2
1378	5
1379	3
1380	6
1381	4
1382	6
1383	7
1384	6
1385	7
1386	8
1387	4
1388	3
1389	7
1390	6
1391	5
1392	10
1393	9
1394	3
1395	5
17779	1
1396	7
1397	7
17781	1
1398	7
1399	3
17784	1
1400	10
1401	4
1402	6
1403	7
1404	7
1405	9
1406	4
1407	5
17791	1
1408	5
1409	2
1410	10
1411	4
1412	7
1413	7
1414	4
1415	7
17799	1
1416	8
1417	3
1418	7
1419	3
1420	6
1421	5
1422	3
1423	7
1424	6
1425	6
17809	1
1426	8
17810	1
1427	6
1428	3
1429	6
1430	7
1431	4
1432	7
1433	8
1434	4
17818	1
1435	1
1436	4
1437	4
1438	5
1439	6
1440	3
1441	7
17825	1
1442	6
1443	7
1444	6
1445	2
1446	6
1447	5
1448	5
1449	5
1450	6
1451	8
1452	7
1453	8
1454	4
17838	1
1455	4
1456	4
1458	5
17842	1
1459	2
1460	8
1461	7
1462	12
1463	8
1464	7
1465	8
1466	8
1467	3
1468	9
1469	6
1470	5
1471	5
17855	1
1472	7
1473	3
1474	11
1475	3
1477	4
1478	2
17863	1
1479	7
1480	8
1481	6
1482	4
1483	3
1484	2
1485	4
17870	2
1486	3
1487	2
17872	2
1488	9
1489	8
17873	2
17874	1
1490	4
1491	6
17875	2
1492	11
1493	5
1494	7
1495	5
1496	5
1497	6
1498	6
17883	1
1499	5
1500	8
1501	8
1502	7
1503	3
1504	7
1505	2
1506	3
1507	7
1508	4
1509	4
1510	4
17895	1
1511	3
17896	2
1512	4
1513	7
17897	1
1514	7
17899	1
1515	5
1516	8
17900	1
1517	9
1518	3
1519	8
1520	5
1521	5
1522	9
1523	4
1524	3
1525	4
1526	2
1527	10
1528	4
1529	4
17913	1
1530	7
1531	6
1532	4
1533	5
1534	10
1535	6
1536	1
1537	9
1538	6
1539	7
1540	8
1541	4
1542	10
17926	1
1543	5
1544	7
1545	5
1546	6
1547	5
1548	5
17932	1
1549	3
17933	1
1550	2
1551	4
1552	3
1553	6
1554	4
17938	1
1555	5
17940	3
1556	8
1557	4
17941	1
17942	2
1558	5
1559	9
1560	9
17944	3
1561	4
17946	1
1562	7
1563	7
1564	3
1565	3
1566	12
1567	8
1568	8
17953	6
1569	4
1570	6
1571	4
1572	3
1573	5
1574	10
1575	3
1576	2
1577	5
1578	6
1579	4
17963	3
17964	4
1580	3
1581	7
1582	10
1583	5
1584	5
17968	1
1585	7
1586	10
1587	3
1588	3
1589	6
17973	1
1590	11
1591	6
1592	9
1593	2
1594	7
1595	9
1596	7
1597	5
17982	5
1598	5
17983	1
1599	7
1600	6
17984	1
1601	10
17986	2
1602	13
1603	8
17988	3
1604	2
17989	1
1605	2
1606	7
1607	6
1608	8
1609	10
1610	7
1611	6
1613	8
17997	4
17998	1
1614	2
1615	6
1616	5
1617	8
1618	6
18003	1
1619	5
1620	5
1621	5
1622	4
1623	4
1624	10
1625	4
1626	2
1627	11
1628	4
1629	3
1630	5
1631	3
1632	3
1633	4
1634	6
1635	4
18019	1
1636	4
1637	3
1638	3
1639	6
18024	1
1640	3
1641	6
1642	5
1643	5
1644	9
1645	7
18030	1
1646	5
1647	4
18032	2
1648	6
1649	4
18033	1
18034	1
1650	3
1651	8
1652	2
1653	7
1654	8
1655	8
1656	4
1657	6
18041	1
1658	6
1659	8
18044	2
1660	8
1661	10
1662	8
1663	5
1664	3
18048	1
18049	1
1665	8
1666	7
1667	6
1668	7
1669	8
1670	5
1671	6
1672	3
1673	5
1674	5
1675	4
1676	6
1677	5
1678	3
1679	5
1680	6
1681	4
1682	9
1683	2
1684	3
1685	5
1686	6
1687	1
1688	6
1689	11
1690	7
1691	5
1692	5
1693	10
1694	5
1695	8
1696	4
1697	7
18081	1
1698	3
18082	1
1699	4
1700	1
1701	1
1702	3
1703	10
1704	5
1705	6
1706	2
1707	4
1708	8
18092	1
1709	3
1710	9
1711	6
1712	3
1713	8
1714	9
1715	5
1716	12
1717	9
18101	1
1718	10
1719	9
1720	5
1721	7
1722	4
18106	1
1723	2
1724	9
1725	2
1726	7
1727	3
1728	8
1729	9
1730	4
1731	8
1732	8
1733	10
1734	5
1735	6
1736	7
1737	4
1738	2
1739	5
1740	9
1741	6
1742	7
1743	5
1744	9
1746	4
1747	11
1748	5
18132	1
1749	2
1750	4
1751	6
1752	8
1753	3
1754	6
1755	8
1756	7
1757	8
1758	8
1759	8
1760	4
1761	5
1762	6
1763	3
1764	3
1765	6
1766	4
1767	2
1768	6
1769	4
1770	6
1771	2
1772	7
1773	4
1774	9
1775	5
1776	5
18161	1
1777	5
1778	5
1779	2
1780	10
1781	2
1782	5
1783	6
1784	8
1785	8
1786	9
1787	9
1788	5
1789	8
1790	7
1791	5
1792	7
1793	5
1794	11
1795	12
1796	2
1797	4
1798	8
1799	6
1800	10
1801	5
1802	5
1803	7
1804	4
1805	4
1806	9
1807	7
1808	4
1809	12
1810	9
1811	1
1812	4
1813	1
1814	9
1815	5
1816	3
1817	7
1818	3
1819	11
1820	5
1821	5
1822	6
1823	4
1824	7
1825	2
1826	5
1827	5
1828	5
1829	10
1830	7
1831	5
1832	8
1833	9
1834	4
1835	2
1836	3
1837	5
1838	3
1839	6
1840	4
1841	4
1842	8
1843	6
1844	7
1845	5
1846	9
1847	7
1848	9
1849	6
1850	5
1851	4
1852	11
1853	5
1854	5
1855	2
1856	10
1857	4
1858	7
1859	5
1860	8
1861	6
1862	6
1863	6
1864	7
1865	6
1866	8
1867	7
1868	6
1869	4
1870	5
1871	3
18255	1
1872	6
1873	3
1874	7
1875	11
1876	9
1877	8
1878	7
1879	5
1880	8
1881	5
1882	6
1883	5
1884	7
1885	3
1886	5
1887	8
1888	9
1889	4
1890	11
1891	5
1892	4
18276	1
1893	8
1894	3
1895	5
1896	8
1897	5
1898	6
1899	6
1900	5
1901	9
1902	12
1903	4
1904	5
1905	6
1906	8
18290	1
1907	6
1908	7
1909	3
1910	6
1911	10
1912	6
1913	5
1914	8
1915	6
1916	6
1917	9
1918	2
1919	1
1920	7
1921	2
1922	4
1923	6
1924	4
1925	6
1926	4
1927	7
1928	5
1929	6
18313	1
1930	6
1931	3
1932	6
1933	5
1934	5
1935	5
1936	5
1937	7
1938	3
18322	1
1939	3
1940	6
1941	4
1942	4
1943	7
1944	4
1945	4
1946	3
1947	6
1948	6
1949	5
1950	4
1951	2
1952	1
1953	9
1954	7
1955	5
1956	5
1957	7
1958	4
1959	7
1960	6
1961	3
1962	2
1963	4
1964	5
1965	5
1966	4
1967	6
1968	6
1969	6
1970	9
1971	6
1972	5
1973	6
1974	7
1975	8
1976	3
1977	6
1978	3
1979	1
1980	6
1981	4
1982	2
1983	3
1984	3
1985	6
1986	7
1987	9
1988	6
1989	6
1990	9
1991	10
1992	6
1993	4
1994	5
1995	7
1996	5
1997	3
1998	6
1999	4
2000	7
2001	5
2002	5
2003	1
2004	2
2005	7
2006	6
2007	7
2008	4
2009	5
2010	9
2011	2
2012	8
2013	7
2014	5
2015	1
2016	5
2017	2
2018	6
2019	6
2020	3
2021	3
2022	4
2023	2
2024	6
2025	4
2026	8
2027	10
2028	8
2029	7
2030	6
2031	7
2032	8
2033	8
2034	5
2035	3
2036	5
2037	9
2038	6
2039	7
2040	4
2041	7
2042	11
2043	6
2044	11
2045	5
2046	2
2047	7
2048	4
2049	4
2050	8
2051	5
2052	5
2053	5
18437	1
2054	8
2055	3
18439	1
2056	3
2057	5
2058	5
2059	3
2060	8
2061	7
2062	3
2063	1
2064	8
2065	4
2066	9
2067	6
2068	8
2069	6
2070	4
2071	5
2072	8
2073	5
2074	2
2075	7
2076	3
2077	6
2078	4
2079	7
2080	4
2081	7
2082	2
2083	6
2084	4
2085	9
2086	4
2087	3
2088	4
2089	5
2090	5
2091	2
2092	9
2093	3
2094	6
2095	4
18479	1
2096	5
2097	5
2098	3
2099	6
2100	5
2101	5
2102	2
2103	6
2104	7
2105	8
2106	5
2107	7
2108	11
2109	6
2110	5
2111	4
2112	4
2113	2
2114	1
2115	8
2116	2
2117	4
2118	2
18502	1
2119	6
2120	10
2121	6
2122	5
2123	7
2124	3
2125	6
2126	4
2127	3
2128	2
18512	1
2129	6
2130	9
2131	9
2132	6
2133	6
2134	2
2135	4
2136	9
2137	4
2138	6
2139	6
2140	5
2141	3
2142	3
2143	4
2144	4
2145	4
2146	9
2147	6
2148	9
2149	6
2150	6
2151	7
2152	6
2153	7
2154	3
2155	5
2156	3
2157	9
2158	3
2159	4
2160	1
2161	6
2162	4
2163	3
2164	6
2165	2
2166	2
2167	7
2168	4
2169	4
2170	2
2171	5
2172	8
2173	3
2174	2
2175	7
2176	8
2177	5
2178	2
2179	2
2180	3
2181	3
2182	6
2183	8
2184	3
2185	10
2186	5
2187	1
18571	1
2188	3
2189	2
2190	5
2191	6
2192	6
2193	7
2194	2
2195	2
2196	5
2197	5
2198	2
2199	6
2200	5
2201	6
2202	3
2203	6
2204	3
2205	7
2206	8
2207	6
2208	7
2209	4
2210	6
2211	3
2212	3
2213	1
2214	2
2215	1
2216	6
2217	3
2218	5
2219	4
2220	6
2221	2
2222	3
2223	8
2224	9
2225	8
2226	11
2227	6
2228	9
2229	2
2230	7
2231	3
2232	8
2233	5
2234	6
2235	3
2236	4
2237	4
2238	5
2239	1
2240	2
2241	6
2242	5
2243	3
2244	10
2245	7
2246	8
2247	7
2248	5
2249	5
2250	5
2251	8
2252	7
2253	5
2254	5
2255	8
2256	6
2257	6
2258	5
2259	6
2260	3
2261	8
18645	1
2262	8
2263	4
2264	4
2265	5
2266	4
2267	2
2268	9
2269	4
2270	3
2271	4
2272	5
2273	3
2274	4
18658	1
2275	5
2276	4
2277	2
2278	5
2279	3
2280	4
2281	1
2282	5
2283	13
2284	2
2285	3
2286	5
2287	7
2288	6
2289	4
2290	3
2291	4
2292	5
2293	2
2294	4
2295	1
2296	1
18680	1
2297	7
2298	4
18682	1
2299	6
2300	3
2301	3
2302	5
2303	5
2304	8
2305	8
2306	4
2307	3
2308	5
2309	9
2310	8
2311	4
2312	5
2313	2
2314	2
2315	6
2316	4
2317	7
2318	5
2319	3
2320	8
2321	8
2322	7
2323	7
2324	3
2325	4
2326	4
2327	4
2328	8
2329	4
2330	6
2331	6
2332	2
2333	5
2334	8
2335	6
2336	2
2337	4
2338	7
2339	6
2340	8
2341	3
2342	5
2343	4
2344	8
2345	9
2346	8
2347	5
2348	7
2349	5
2350	10
2351	3
2352	7
2353	4
2354	7
2355	7
2356	4
2357	1
2358	3
2359	6
2360	6
2361	7
2362	7
2363	6
2364	5
2365	4
2366	3
2367	7
2368	2
2369	2
2370	6
2371	5
2373	3
2374	4
2375	9
2376	7
2377	4
2378	2
2379	6
2380	5
2381	5
2382	6
2383	3
2384	4
2385	10
2386	10
2387	8
2388	7
2389	3
2390	9
2391	4
2392	5
2393	5
2394	6
2395	5
2396	11
2397	7
2398	6
2399	3
2400	5
2401	6
2402	6
2403	7
2404	5
2405	13
2406	4
2407	4
2408	2
2409	8
2410	4
2411	3
2412	7
2413	4
2414	4
2415	5
2416	5
2417	1
2418	5
2419	1
18803	1
2420	3
2421	8
2422	7
2423	4
2424	3
2425	5
2426	4
2427	4
2428	4
2429	4
2430	4
2431	4
2432	4
2433	2
2434	8
2435	3
2436	2
2437	6
2438	5
2439	9
2440	6
2441	9
2442	5
2443	4
2444	2
2445	5
2446	5
2447	1
2448	1
18832	1
2449	5
2450	6
2451	1
2452	3
2453	5
2454	5
18838	1
2455	6
2456	6
2457	4
2458	5
18842	1
2459	5
18844	1
2460	3
2461	6
2462	2
2463	5
2464	3
2465	1
2466	4
2467	1
2468	2
2469	6
2470	5
2471	2
2472	6
2473	3
2474	7
2475	4
2476	3
2477	5
2478	6
2479	5
2480	5
2481	5
2482	6
2483	2
2484	10
2485	6
2486	5
2487	8
2488	5
2489	6
2490	2
2491	4
2492	2
2493	2
2494	5
2495	4
2496	5
2497	5
2498	2
2499	7
2500	7
2501	5
2502	4
2503	4
2504	7
2505	2
2506	1
2507	7
2508	4
2509	5
2510	4
2511	3
2512	3
2513	10
2514	4
2515	3
2516	7
2517	6
2518	12
2519	3
2520	3
2521	6
2522	1
2523	2
2524	5
2525	5
2526	4
2527	9
2528	4
2529	1
2530	6
2531	5
2532	8
2533	1
2534	2
2535	5
2536	8
2537	3
2538	7
2539	5
2540	1
2541	2
2542	6
2543	3
2544	2
2545	4
2546	10
2547	5
2548	7
2549	15
2550	8
2551	3
2552	8
2553	5
2554	2
2555	4
2556	5
2557	2
2558	3
2559	7
2560	3
2561	7
2562	6
2563	4
2564	3
2565	4
2566	5
2567	8
2568	7
2569	8
2570	5
2571	7
2573	1
2574	2
2575	5
2576	5
2577	3
2578	6
2579	8
2580	6
2581	5
2582	3
2583	3
2584	6
2585	4
2587	5
2588	2
2589	2
2590	1
2591	6
2592	4
2593	2
2594	7
2595	3
2597	6
2598	4
2599	3
2600	5
2601	2
2602	7
2603	3
2604	7
2605	4
2606	3
2607	4
2608	2
2609	4
2610	5
2611	7
2612	6
2613	3
2614	7
2615	3
2616	5
2617	5
2618	1
2619	7
2620	5
2621	4
2622	3
2623	3
2624	10
2625	6
2626	6
2627	11
2628	9
2629	4
19013	1
2630	2
2631	7
2632	4
2633	4
2634	6
2635	7
2636	2
2637	2
2638	3
2639	4
2640	5
2641	6
2642	4
2643	5
2644	4
2645	2
2646	6
2647	6
2648	2
2649	5
2650	2
2651	6
2652	5
2653	6
2654	10
2655	2
2656	3
2657	2
2658	6
2659	2
2660	3
2661	6
2662	1
2663	4
2664	7
2665	6
2666	1
2667	5
2668	2
2669	6
2670	6
2671	5
2672	4
2673	9
2674	4
2675	5
2676	5
2677	4
2678	5
2679	9
2680	6
2681	2
2682	7
2683	6
2684	2
2685	3
2686	4
2687	4
2688	4
2689	3
19074	1
2690	3
2691	2
2692	3
2693	5
2694	1
2695	3
2696	2
2697	7
2698	1
2699	5
2700	4
2701	1
2702	7
2703	1
2704	5
2705	2
2706	7
2707	6
2708	2
2709	7
2710	4
2711	8
2712	4
2713	6
2714	4
2715	8
2716	3
2717	6
2718	2
2719	5
2720	5
2721	2
2723	2
2724	6
2725	3
2726	3
2727	5
2728	7
2729	4
2730	3
2731	3
2732	3
2733	5
2734	6
2735	3
2736	3
2737	3
2738	3
2739	6
2740	2
2741	6
2742	4
2743	5
2744	4
2745	2
2746	4
2747	3
2748	2
2749	3
2750	2
2751	6
2752	3
2753	4
19138	1
2754	5
2755	6
2756	3
2757	5
2758	2
2759	4
2760	8
2761	3
2762	7
2763	3
2764	5
2765	3
2766	3
2767	5
2768	6
2769	6
2770	4
2771	6
2772	3
2773	8
2774	7
2775	4
2776	3
2777	4
2778	7
2779	2
2780	3
2781	4
2782	4
2783	7
2784	4
2785	8
2786	1
2787	3
2788	4
2789	12
2790	4
2791	2
2792	7
2793	5
2794	7
2795	5
2796	8
2797	3
2798	3
2799	6
2800	3
2801	4
2802	2
19186	1
2803	5
19187	1
2804	5
2805	1
2806	4
2807	6
2808	2
2809	7
2810	4
2811	6
2812	3
2813	3
2814	4
2815	5
2816	2
2817	6
2818	3
2819	4
2820	3
2821	9
19205	1
2822	2
2823	3
2824	5
2825	4
19209	1
2826	3
2827	2
2828	7
2829	8
2830	6
2831	5
2832	6
2833	4
2834	3
2835	3
2836	3
2837	2
2838	6
2839	6
2840	3
2841	2
2842	4
2843	3
2845	6
2846	8
2847	1
2848	1
2849	5
2850	2
2851	3
2852	2
2853	6
2854	7
2855	3
2856	6
2857	8
2858	3
2859	6
2860	9
2861	4
19245	1
2862	4
2863	1
2864	3
2865	8
2866	5
2867	1
2868	2
2869	3
2870	5
2871	6
19255	1
19256	1
2872	2
2873	2
2874	6
2875	1
2876	6
2877	5
2878	5
2879	6
2880	2
2881	3
2882	2
2883	6
2884	3
2885	5
2886	3
2887	6
2888	4
2889	3
2890	4
2891	4
2892	6
2893	2
2894	5
2895	3
2896	1
2897	4
2898	6
2899	4
2900	4
2901	6
2902	3
2903	5
19287	1
2904	3
2905	6
2906	6
2908	2
2909	7
2910	3
2911	4
2912	2
2913	1
2914	3
19299	1
2915	4
2916	3
2917	5
2918	3
2919	2
2920	4
2921	6
2922	4
2923	3
2924	2
2925	4
2926	5
2927	3
2928	7
2929	3
2930	2
2931	4
2932	4
19316	1
2933	1
2934	1
2935	3
2936	2
19320	1
2937	5
2938	8
2939	3
2940	2
2941	5
2942	5
2943	2
2944	7
2945	4
2946	5
2947	4
2948	4
2949	1
2950	4
2951	5
19335	1
2952	5
2953	3
2954	6
2955	2
2956	7
2957	8
2958	3
2959	5
2960	2
2961	9
2962	2
2963	4
2964	3
2965	3
2966	3
2967	5
2968	4
2969	5
2970	3
2971	3
2972	4
2973	3
2974	8
2975	2
2976	5
2977	1
2978	4
2979	6
2980	5
2981	8
2982	5
2983	3
2984	7
2985	4
2986	4
2987	4
2988	2
2989	5
2990	2
2991	6
2992	4
2993	5
2994	6
2995	4
2996	4
2997	2
2998	6
2999	5
3001	5
3003	3
3004	4
3005	6
3006	4
3007	3
3008	4
3009	1
3010	6
3011	5
3012	4
3013	3
3014	2
3015	3
3016	3
3017	5
3018	5
3019	4
3020	1
3021	5
3022	7
3023	4
3024	4
3025	3
3026	4
3027	5
3028	2
3029	4
3030	3
3031	6
19416	1
3032	2
3033	2
3034	4
3035	2
3036	4
3037	7
3038	6
3039	5
3040	6
3041	2
3042	2
3043	1
3044	1
19428	1
3045	4
3046	5
3047	3
3048	2
3049	2
3050	2
3051	5
3052	7
3053	8
3054	3
3055	1
3056	2
3057	2
3058	6
3059	8
3060	3
19444	1
3061	4
3063	1
3064	3
3065	1
3066	4
3067	4
3068	4
3069	2
3070	6
3071	3
3072	5
3073	2
3074	5
3075	2
3076	3
3077	3
3078	8
3079	3
3080	3
3081	1
3082	3
3083	3
3084	6
3085	4
3086	7
3088	5
3089	4
19473	1
3090	2
3091	3
3092	6
3093	1
3094	7
3095	5
3096	4
3097	3
3098	4
3099	2
3100	3
3101	2
3102	7
3103	5
3104	4
3105	6
3106	5
3107	5
3108	3
3109	6
3110	9
3111	2
3112	2
3113	3
3114	2
3116	7
3117	2
3118	2
3119	2
3120	2
3121	3
3122	4
19506	1
3124	3
3125	5
3126	3
3127	6
3128	2
3129	5
3130	2
3131	5
3132	4
3134	2
3135	2
3136	4
3137	3
3138	3
3139	2
3140	3
3141	6
3142	2
3143	4
3144	4
19529	1
3145	4
3146	3
3147	2
3148	3
3149	3
3150	1
3151	3
3152	6
3153	4
3154	8
3155	3
3156	2
3157	2
3158	4
3159	4
3160	7
3161	3
3162	3
3163	5
3164	5
3165	2
3166	7
3167	3
3168	3
3169	1
3170	7
3171	2
3172	3
3173	2
3174	5
3175	5
3176	3
3177	4
3178	3
3179	2
3180	1
3181	1
3182	3
3183	4
19567	1
3184	4
3185	6
3186	1
3187	5
3188	1
3189	1
3190	4
3191	5
3192	6
3193	6
3194	2
3195	3
3196	3
3197	1
3198	2
3199	4
19583	1
3200	4
3201	5
3202	4
3203	3
3204	4
3205	2
3206	7
3207	4
3208	5
3209	7
3210	4
3211	3
3212	2
3213	5
3214	3
3215	4
3216	3
3217	2
3218	2
3219	3
3220	3
3221	4
3222	8
3223	4
3224	2
3225	5
3226	3
3227	2
3228	4
19612	1
3229	7
19614	1
3230	1
3231	2
3232	8
3233	4
3234	6
3235	1
3236	5
3237	5
3238	5
3239	3
3240	2
3241	6
3242	1
3243	1
3244	3
3245	2
3247	3
3248	7
3249	1
3250	5
3251	2
3252	3
3253	6
3254	4
3255	6
3256	2
3257	6
3258	3
3259	6
3260	3
3261	1
3262	5
3263	2
3264	7
3265	2
3266	1
3267	2
3268	4
3269	2
3270	6
3271	5
3272	2
3273	3
3274	1
3275	4
3276	5
3277	4
19662	1
3278	6
3279	6
3280	2
3281	1
3282	4
3283	4
3284	5
3285	1
3286	6
3287	3
3288	2
3289	4
3290	5
3291	4
3292	3
3293	3
3294	6
3295	3
3296	3
3297	1
3298	4
3299	2
3300	2
3301	6
3302	6
3303	6
3304	6
3305	3
3306	3
3307	5
3308	1
3309	3
3310	4
3311	1
3312	2
3313	4
3314	4
3315	2
3316	2
3317	4
3318	6
3319	1
3320	3
3321	1
3322	6
3323	3
3324	3
3325	3
3326	1
3327	2
3328	1
19712	1
3329	6
3330	5
3331	4
3332	3
3333	3
3334	1
3335	4
3336	4
3337	5
3338	3
3339	2
3341	2
3342	4
3343	1
3344	2
3345	3
3346	4
3347	2
3348	9
3349	4
3350	4
3351	4
3352	3
3353	6
3354	4
3355	4
3356	4
3357	1
3358	4
3359	9
3360	3
19744	1
3361	2
3362	2
3363	3
3364	6
3365	3
3366	1
3367	1
3368	3
3369	3
3370	2
3371	3
3372	2
3373	4
3374	4
3375	5
3376	4
3377	2
3378	2
3379	3
3380	4
3381	4
3382	1
3383	3
3384	4
3385	1
3386	3
3387	3
3388	2
3389	4
3390	3
19774	1
3391	1
3392	3
3393	1
3394	6
3395	3
3396	2
3397	3
3398	3
3399	2
3400	1
3401	4
3402	5
3403	2
3405	2
3406	5
3407	6
3408	7
3409	7
3410	2
3411	4
3412	3
3413	2
3414	3
3415	5
3416	4
3417	3
3418	1
3419	5
3420	2
3421	6
3422	4
19806	1
3423	4
3424	7
3425	3
3426	4
3427	4
3428	7
3429	3
3430	3
3431	4
3432	7
3433	4
3434	5
3435	8
3436	3
3437	3
3438	1
3439	3
3440	1
3441	2
3442	5
3443	4
3444	5
3445	3
3446	1
3447	4
3449	2
3450	2
3451	4
3452	1
3453	3
3454	5
3455	6
3456	5
3457	2
3458	1
3459	2
3460	6
3461	4
3462	4
3463	1
3464	2
3465	5
3466	7
3467	4
3468	1
19852	1
3469	5
3470	2
3471	2
3472	4
3473	3
3474	1
3475	2
3476	3
3477	3
3478	2
3479	3
3480	3
3481	4
3482	4
3483	5
3484	3
3486	5
3487	5
3488	1
3489	5
3490	4
3491	1
3492	1
3493	3
3494	2
3495	1
3496	4
3497	2
3498	5
3499	3
3500	3
3502	5
3503	1
3504	1
3505	1
3506	1
3507	6
3508	7
3509	3
3510	4
3511	2
3512	4
3513	6
3514	2
3515	5
3517	3
3518	2
3519	2
3520	4
3521	3
3522	3
3525	4
3526	3
3527	3
3528	2
3529	5
3530	3
19914	1
3531	2
3532	1
3533	4
3534	2
3535	3
3537	2
3538	3
3540	4
3541	1
3542	7
3544	2
3545	6
3546	4
3547	1
3548	6
3549	7
3550	4
3551	4
3552	1
3553	2
3554	6
3555	4
3556	3
3557	3
3558	1
19942	1
3559	1
3560	3
3561	2
3562	4
3563	4
3564	3
3565	1
3566	2
3567	6
3568	1
3569	2
3570	5
3571	2
3572	1
3573	6
3574	1
3575	5
3576	1
3577	7
3578	3
3579	4
3580	3
3581	4
3582	5
3583	1
3584	1
3585	1
3586	4
3587	3
3588	3
3589	4
3590	3
3591	4
3592	1
3593	1
3594	2
3595	2
3596	2
3597	2
19981	1
3598	2
3599	1
3600	6
3601	2
3602	6
3603	3
3604	3
3605	2
3606	1
3607	1
3608	4
3609	4
3610	3
3611	3
3612	3
3613	4
3614	2
3616	3
3617	1
3618	6
3619	2
3621	3
3622	3
3623	1
3624	2
3626	3
3627	4
3628	4
3629	3
3630	4
3632	2
3633	3
3634	5
3635	5
3636	2
3637	2
3638	6
3639	6
3640	8
3641	4
3642	5
3643	2
3644	1
3645	3
3646	2
3647	3
3648	2
3649	4
3650	2
3651	7
3652	1
3653	3
3654	4
3655	2
3656	7
3657	4
3658	3
3659	4
3660	7
3661	5
3662	1
3663	3
3664	2
3665	2
3666	5
3667	1
3668	3
3669	3
3670	3
3671	4
3672	2
3673	2
3674	4
3675	2
3676	2
3677	5
3678	1
3679	4
3680	4
3683	2
3684	4
3685	3
3686	1
3687	3
3688	3
3689	3
3690	4
3691	2
3692	6
3693	1
3694	3
3695	3
3696	4
3697	2
3698	1
3699	2
3700	5
3701	1
3702	2
3703	2
3704	1
3705	3
3706	3
3707	3
3708	3
3709	3
3710	2
20095	1
3711	2
3712	5
3713	4
3714	4
3715	6
3716	2
3717	1
3718	4
20102	1
3719	3
3720	2
3721	1
3722	3
3723	6
3724	1
3725	2
3726	2
3727	5
3728	2
3729	2
3730	1
3731	3
3732	4
20116	1
3733	6
3734	1
3736	4
20120	1
3737	3
3738	6
3739	4
3740	3
3741	3
3742	3
3743	2
3744	5
3745	2
3746	3
3747	2
3748	1
3749	5
3750	1
20134	1
3752	1
3753	6
3754	4
3755	4
3756	1
3757	6
3758	4
3759	5
20143	1
3760	4
3761	1
3762	3
3763	2
3764	1
3765	4
3766	1
20150	1
3767	3
3768	1
3769	4
3770	3
3771	4
3772	5
3773	6
3774	2
3775	4
3776	3
3777	5
3778	2
3779	2
3780	2
3781	5
3782	3
20167	1
3783	1
3784	2
3785	4
3786	3
20170	1
3787	2
3788	3
3789	2
3791	4
3792	3
3793	2
3794	2
3795	2
3796	4
3797	2
3798	4
3799	2
3801	6
20185	1
3802	2
3804	3
3805	3
3806	2
3807	3
3808	2
3809	4
3810	1
3811	2
3812	4
3813	6
3814	3
3815	2
3816	3
3817	1
3818	3
3819	4
3821	1
3823	3
3824	2
3825	3
3826	3
3827	1
3828	3
3829	3
3830	1
3831	2
3832	2
3833	3
3834	1
3835	4
3836	4
3837	2
3838	5
3839	2
3840	1
3841	2
3842	3
3843	1
3844	1
3845	1
3846	2
3847	1
3848	5
3849	1
3850	4
3851	2
3852	3
3853	1
3854	4
3855	1
3856	3
3857	2
3858	4
3859	3
3860	3
3861	2
3862	5
3864	1
3865	3
20249	1
3866	2
3867	3
3868	5
3869	2
3870	2
3871	1
3872	2
3873	3
3874	1
3875	3
3876	4
3877	3
3878	4
20263	1
3879	1
3880	5
3881	5
3883	1
3884	5
3885	2
3886	5
3887	3
3888	2
3889	2
3891	5
3892	4
3893	2
3894	1
3895	1
3896	2
3897	1
3898	6
3899	3
3900	3
3901	1
3902	1
3903	1
3904	4
3905	3
3908	1
3909	4
3910	3
20294	1
3911	2
3912	1
3913	3
3914	3
3915	2
3916	6
3917	1
3918	2
3919	4
3920	4
3921	3
3922	3
3923	1
3924	1
3925	3
3926	2
3927	2
3929	3
3930	2
3931	3
3932	2
3933	3
3935	1
3936	2
3937	3
3938	3
3939	4
3940	4
3941	2
3942	2
3943	5
3944	2
3945	4
3946	3
3947	1
3948	4
20332	1
3949	2
3950	3
3951	1
3952	2
3953	1
3954	4
3955	4
3956	3
3957	3
3959	6
3960	3
3961	3
3962	1
3963	1
3964	3
3965	1
3966	4
3967	4
3968	4
3969	2
3970	2
3971	1
20355	1
3972	3
3973	2
3974	4
3975	1
3976	3
3977	4
3978	3
3979	1
3980	3
3981	4
3982	3
3983	2
3984	1
3985	6
3986	2
3988	3
3989	2
3990	5
3991	2
3992	2
3993	2
3994	2
3995	1
3996	3
3997	1
3998	5
3999	3
4000	5
4001	3
4002	3
4003	1
4004	3
4005	2
20389	1
4006	8
4007	2
4008	2
4009	1
4010	5
20395	1
4011	1
4012	2
4013	5
4014	3
4015	1
4016	1
4017	4
4018	2
4019	3
4020	3
4021	1
4022	2
4023	2
4024	1
4025	3
4026	3
4027	5
4028	2
4029	1
4030	1
4031	2
4032	2
4033	2
4035	1
4036	6
4037	3
4038	5
4039	6
4040	4
4041	3
4042	2
4043	1
4044	1
4045	1
4047	1
4048	1
4049	2
4050	2
4051	2
4053	5
4054	1
4055	2
4056	5
4057	2
4058	7
4059	3
4060	5
4061	3
4062	1
4063	3
4064	2
4066	2
4067	3
4068	4
4069	2
4071	3
4072	1
4073	3
4074	2
4076	5
4077	1
4079	1
4080	5
4081	2
4082	3
4083	4
4084	2
4085	5
4086	3
4087	2
4088	2
4089	1
4090	1
4091	3
4092	1
4093	1
4094	3
4095	1
4096	3
4097	4
4098	3
4100	4
4101	3
4103	2
4104	2
4105	3
4108	2
4109	4
4110	1
4111	1
4112	2
4113	5
4115	5
4116	2
4117	6
4118	4
4119	4
4120	4
4121	3
4122	5
4123	1
4124	3
4125	3
4126	1
4127	2
4128	1
4129	4
4130	1
4131	4
4132	3
4133	1
4134	2
4135	2
4136	1
4137	4
4138	3
4139	2
4140	3
4141	1
4142	2
4143	3
4144	2
4145	4
4146	2
4147	2
4148	1
4149	2
4150	1
4151	2
4152	2
4153	3
4154	1
4155	2
4156	2
4157	5
4158	2
4159	3
4160	1
4161	2
4162	1
4163	4
4164	2
4166	5
4167	3
4168	2
4169	2
4170	2
4171	3
4172	4
4173	2
4174	3
4175	1
4176	4
4177	7
4178	1
4180	1
4181	2
4182	5
4183	2
4184	3
4185	2
4186	2
4187	2
4188	3
4189	1
4190	1
4191	1
4192	2
4193	1
4194	2
4195	1
4196	2
4198	2
4199	4
4200	2
4201	2
4202	3
4204	3
4205	1
4206	2
4207	5
4208	2
4209	4
4212	1
4213	1
4214	2
4215	4
4216	4
4217	3
4218	1
4219	2
4220	5
4221	1
4222	3
4223	2
4225	3
4226	2
4227	5
4228	4
20612	1
4229	1
4230	1
4232	2
4233	4
4234	4
4235	5
4236	4
4237	5
4238	2
4239	4
4240	3
4241	2
4242	1
4243	1
4244	2
4245	1
4246	2
4247	1
4248	3
4249	4
4250	1
4251	1
4253	2
4254	5
4255	2
4256	5
20641	1
4257	2
4258	4
4259	5
4260	1
4263	1
4264	2
4265	3
4266	1
4267	5
4268	1
4269	4
4270	3
4271	1
4272	3
4273	4
4275	1
4276	2
4277	3
4278	1
4279	1
4280	1
4281	3
4282	1
4283	2
4284	3
4286	1
4287	4
4288	2
4289	1
4290	3
4291	3
4292	4
4293	1
4295	3
4296	2
4298	2
4300	2
4301	3
4303	4
4304	1
4305	1
4306	2
4307	3
4308	3
4309	1
4310	1
4311	1
4312	2
4313	2
4314	2
4315	2
4316	2
4317	3
4318	1
4319	1
4321	3
4322	2
4324	2
4326	2
4327	2
4328	2
4329	2
4330	3
4331	1
4332	1
4333	1
4334	1
4335	1
4337	3
4338	1
4339	1
4340	4
4341	2
4342	3
4343	2
4344	3
4345	3
4346	5
4349	4
4350	3
4351	1
4353	1
4355	3
4356	1
4357	1
4358	4
4359	1
4360	1
4361	1
4363	2
4364	1
4366	1
4367	3
4368	2
4369	3
4370	1
4371	2
4373	4
4374	7
4375	2
4376	6
4377	2
4378	6
4379	3
4380	3
4381	4
4383	2
4384	4
4385	1
4386	1
4387	1
4389	3
4390	1
4391	2
4392	3
4393	4
4394	1
4395	3
4396	3
4397	4
4398	5
20782	1
4399	5
4400	5
4401	1
4402	3
4404	3
4406	1
4407	2
4408	2
4410	3
4411	4
4412	3
4413	3
4414	1
4415	4
4416	2
4417	3
4418	2
4419	2
4421	2
4422	1
4424	1
4425	2
4427	2
4428	4
4429	2
4430	2
4431	2
4432	2
20817	1
4433	2
4434	4
4435	1
4436	2
4438	2
4439	3
4440	2
4441	1
4442	4
4443	1
4444	3
4445	2
4446	1
4447	1
4448	1
4449	1
20833	1
4451	1
4452	3
4453	1
4455	1
4456	2
4457	1
4458	2
4459	4
4460	1
4462	1
4464	1
4465	4
4467	4
4468	1
4469	3
4470	2
4471	2
4472	4
4473	3
4474	1
4475	3
4476	1
4477	4
4478	1
4479	2
4480	2
4481	3
4482	2
4483	1
4484	1
4485	1
4486	2
4487	1
4489	2
4490	2
4491	5
4492	2
4493	4
4494	2
4495	2
4496	1
4497	1
4498	3
4499	3
4500	2
4501	3
4502	4
4503	2
4504	5
4505	1
4506	1
4507	1
4509	2
4510	2
4511	3
4512	1
4514	1
4515	2
4516	1
4517	1
4518	2
4519	1
4520	2
4521	3
4522	1
4523	3
4524	4
4525	1
4526	4
4528	3
4529	2
4530	1
4531	5
4532	1
4533	1
4534	3
4535	1
4537	5
4538	5
4539	2
4540	1
4541	2
4543	2
4544	1
4545	3
4546	2
4548	3
4550	5
4552	1
4553	2
4554	4
4556	3
4557	1
4558	3
4560	2
4561	3
4562	3
4563	1
4564	1
4565	1
20949	1
4566	1
4567	4
4568	3
4570	1
4571	2
4572	3
4573	1
4574	3
4575	3
4576	3
4577	1
4578	2
4579	2
4580	4
4581	1
4582	3
4583	1
4584	1
4585	1
4586	1
4587	3
4588	1
4590	3
4591	2
4592	1
4593	2
4594	1
4595	2
4596	1
4597	1
4599	2
4600	2
4601	2
4602	3
4603	2
4604	1
4605	1
4606	5
4608	2
4609	3
4610	5
4611	1
4612	4
4613	3
4614	2
4615	2
4616	3
4617	2
4618	1
4619	4
4620	2
4622	4
4623	4
4624	2
4625	2
4626	2
4627	5
4628	2
4630	3
4633	5
4634	3
4635	2
4636	4
4637	6
4638	1
4641	1
4643	3
21027	1
4644	2
4646	1
4647	2
4648	1
4649	3
4650	1
4651	2
4652	8
4653	2
4654	2
4656	1
4657	3
4658	2
4660	1
4661	1
4662	4
4663	3
4664	3
4665	3
4666	1
4667	1
4668	1
4669	1
4670	1
4671	2
4672	3
4673	3
4674	2
4675	2
4676	1
4677	2
4679	2
4680	1
4682	2
4683	3
4684	2
4686	4
4687	3
4688	2
4689	1
4690	1
4691	1
4692	1
4693	2
4694	1
4695	3
4696	2
4697	1
4698	2
4699	4
4700	2
4701	3
4702	1
4703	2
4704	3
4705	3
4707	3
4708	3
4709	2
4710	4
4711	4
4712	1
4713	2
21097	1
4714	2
21098	1
4715	7
4716	1
4717	2
4718	4
4719	3
4720	2
4722	3
4723	2
4724	3
4725	2
4726	1
4727	3
4729	2
4730	2
4731	2
4732	1
4733	3
4734	2
4735	1
4736	2
4737	1
4738	1
4739	1
4740	2
4741	3
4742	2
4743	1
4745	1
21130	1
4746	1
4747	5
4748	2
4749	2
4750	4
4751	2
4752	3
4753	1
4754	1
4756	2
4757	3
4758	1
4759	2
4761	1
4762	1
4763	1
4764	2
4765	1
4767	1
4768	3
4772	1
4773	2
4774	1
4775	1
4776	1
4777	1
4778	3
4779	1
4780	5
4781	2
4782	2
4784	2
4786	1
4787	2
4788	4
4789	2
4790	2
4791	1
4793	4
4795	1
4796	1
4797	2
4798	1
4799	1
4802	1
4803	3
4804	1
4805	1
4806	1
4807	3
4808	3
4809	2
4810	1
4811	2
4812	1
4813	3
4815	2
4816	3
4817	2
4818	1
4819	1
4821	1
4823	3
4824	2
4825	2
4826	1
4827	1
4828	3
4829	1
4830	2
4831	1
4832	2
4833	1
4834	1
4835	2
4836	4
4837	1
4838	3
4839	1
4840	3
4841	3
4842	2
4843	2
4844	3
4845	2
4847	1
4848	2
4849	2
4850	2
4851	3
4852	2
4853	1
4854	5
4855	2
4856	2
4857	1
4859	1
21244	1
4861	4
4862	2
4863	1
4864	1
4866	1
4867	1
4869	3
4870	2
4871	2
4872	1
4874	3
4875	1
4877	2
4878	3
4879	1
4882	4
4883	3
4885	2
4886	2
4889	3
4890	4
4891	1
4893	1
4895	2
4896	4
4897	3
4898	1
4899	3
4900	1
4901	1
4902	1
4903	2
4904	3
4905	1
4906	3
4907	1
4908	3
4910	2
4911	1
4913	3
4914	3
4915	4
4916	3
4917	1
4918	2
4919	2
4921	1
4922	1
4923	2
4924	1
4925	1
4926	1
4927	1
4928	1
4929	2
4930	2
4932	1
4933	4
4935	2
4936	2
4937	1
4938	1
4940	2
4941	3
4942	2
4944	1
4945	1
4947	3
4948	2
4949	1
4950	3
4951	1
4952	1
21336	1
4953	3
4956	1
4957	3
4958	2
4959	1
4960	2
4962	1
4963	3
4964	3
4966	1
4967	3
4969	1
4970	1
4971	2
21356	1
4972	1
4973	1
4974	4
4975	3
4976	1
4977	1
4978	1
4981	2
4982	2
4983	1
4984	2
4985	2
4986	1
4988	1
4992	1
4993	1
4994	1
4995	1
4996	1
4997	1
4998	1
4999	3
5000	1
5002	1
5004	2
5007	2
5009	1
5010	1
5011	2
5012	2
5013	2
5014	3
5015	1
5016	2
5019	2
5020	1
5021	1
5022	1
5023	2
5024	1
5026	3
5027	2
5028	1
21413	1
5029	2
5030	1
5031	2
5032	1
5033	3
5034	3
5035	2
5036	4
5037	2
5039	5
5040	1
5041	1
5042	2
5043	3
5045	1
5046	1
5047	2
5048	2
5049	3
5051	2
5054	2
5055	1
5056	3
5057	4
5058	1
5059	2
5061	1
5063	1
5065	2
5066	1
5067	1
5071	1
5072	2
5073	3
5074	1
5076	2
5077	2
5078	2
5079	4
5080	2
5081	1
5083	4
5084	1
5085	2
5086	2
5087	2
5089	1
5091	1
5092	4
5094	2
5096	2
5097	3
5098	1
5100	2
5104	2
5105	1
5106	2
5108	4
5109	2
5110	1
5111	3
5112	3
5113	3
5116	2
5117	2
5118	2
5120	1
5122	1
5124	3
5125	1
5126	2
5128	1
5130	1
5131	2
5136	1
5137	1
5139	2
5140	2
5142	3
5143	3
5144	1
5145	1
5146	3
5147	2
5148	2
5149	1
5150	3
5151	3
5152	3
5153	2
5155	2
5156	2
5158	3
5159	4
5160	2
5161	1
5162	1
5163	1
5164	3
5165	1
5167	2
5170	4
5171	2
5172	2
5173	1
5174	2
5175	1
5176	1
5178	3
5179	1
5180	1
5181	1
5183	1
5184	2
5185	1
5186	1
5187	1
5188	1
5190	1
5191	1
5192	4
5193	3
5194	1
5195	2
5197	2
5198	3
5200	1
5202	4
5203	1
5204	1
5205	1
5207	1
5208	1
5209	2
21593	1
5211	2
5212	1
5213	1
5214	4
5217	3
5218	2
5219	1
5220	2
5222	2
5223	2
5226	1
5228	2
5229	1
5230	2
5233	1
5234	1
5235	5
5236	1
5237	2
5238	2
5240	1
21624	1
5241	1
5242	2
5243	1
5244	1
5246	1
5247	1
5248	1
5249	2
5252	1
5253	4
5254	1
5255	1
5256	3
5257	2
5258	2
5259	2
5260	1
5261	1
5262	1
5263	1
5264	2
5265	1
5266	1
5267	1
5268	2
5269	1
5271	1
5273	1
5274	1
5275	1
5276	3
5277	2
5278	2
5280	2
5281	2
5282	3
5283	1
5284	2
5285	2
5286	1
5287	1
5288	1
5289	1
5290	1
5291	1
5292	2
5293	2
5294	2
5295	2
5296	2
5297	2
5299	1
5301	3
5302	1
5304	1
5305	2
5306	2
5312	2
5313	3
5314	1
5315	1
5317	2
5318	1
5321	3
5322	1
21707	1
5323	1
5324	1
5325	2
5326	1
5328	1
5330	1
5331	3
5333	2
5334	1
5335	1
5336	4
5337	1
5338	1
5339	2
5340	2
5341	6
5342	2
5343	2
5344	4
5345	1
5346	2
5351	1
5352	1
5353	1
5356	2
5357	3
5359	1
5360	1
5362	2
5364	1
5365	1
5366	1
5369	2
5370	1
5371	3
5372	1
5373	1
5374	2
5375	2
5376	1
5378	2
5380	1
5381	1
5382	1
5384	1
5387	1
5389	2
5390	2
5393	4
5394	2
5395	5
5396	1
5399	3
5400	1
5401	1
5404	1
5405	1
5406	2
5407	1
5409	1
5411	1
5412	1
5413	1
5415	4
5416	1
5418	1
5419	2
5420	1
5421	3
5423	2
5424	1
5426	1
5428	1
5430	1
5431	1
5433	1
5435	1
5436	2
5437	2
5441	1
5442	1
5443	3
5444	1
5448	1
5449	3
5450	1
5451	1
5452	2
5453	2
5454	1
5455	2
5456	2
5459	1
5461	1
5462	1
5463	2
5464	1
5465	1
5466	1
5467	2
5468	1
5470	1
5471	3
5472	3
5473	1
5476	2
5478	3
5480	2
5481	1
5485	1
5488	1
5489	2
5490	1
5492	2
5494	2
5496	2
5499	2
5500	1
5501	1
5503	1
21887	1
5504	1
5505	2
5507	1
5509	2
5510	1
5511	2
5512	1
5514	1
5516	2
5519	1
5522	1
5523	2
5524	2
5525	1
5526	1
5527	2
5528	4
5529	2
5531	2
5532	2
5534	1
5535	1
5537	1
5539	2
5540	1
5541	1
5542	1
5543	1
5545	1
5546	3
5548	1
5550	1
5551	2
5554	1
5556	1
5558	3
5559	1
5560	3
5561	2
5562	1
5564	1
5565	2
5566	1
5568	5
5570	2
5571	3
5573	2
5574	1
5575	2
5578	2
5579	1
5581	3
5583	1
5584	2
5585	2
5586	1
5587	3
5588	1
5589	1
5590	1
5591	2
5593	1
5594	2
5597	1
21981	1
5598	3
5599	1
5601	2
5604	2
5605	1
5606	2
5607	1
5608	1
5609	1
5612	1
5613	1
5614	1
5615	2
5616	1
5620	1
5624	3
5626	1
5627	3
5630	1
5631	1
5632	1
5633	1
5634	2
5635	3
5636	3
5637	1
5639	1
5640	2
5641	1
5642	1
5644	1
5646	1
5650	2
5651	2
5653	1
5654	1
22040	1
5658	1
5659	1
22044	1
5661	2
5662	1
5663	1
5664	2
5668	2
5669	1
5670	1
5671	1
5672	2
5674	1
5679	1
5680	1
5682	1
5687	1
5688	4
5689	1
5692	1
5694	1
5695	2
5696	1
5698	1
5699	2
5701	1
5702	2
5703	1
5704	2
5705	1
5707	2
5708	1
5709	1
5710	1
5713	1
5716	2
5717	1
5718	1
5719	3
5720	4
5721	2
5723	2
5726	1
5727	1
5728	1
5729	2
5733	1
5741	1
5744	2
5745	3
5746	1
22131	1
5748	1
5749	2
5750	1
5752	4
5753	1
5754	1
5755	1
5757	1
5758	1
5760	2
5762	2
5763	1
5764	4
5767	1
5770	1
22154	1
5772	2
5775	1
5776	2
5777	3
5779	1
5780	2
5785	2
5786	1
5787	2
5789	2
5790	1
5793	2
5795	3
5798	1
5801	1
5805	1
5806	1
5808	2
5811	1
5812	1
5814	2
5815	4
5816	3
5817	1
5820	2
5821	1
5822	2
5823	2
5824	1
5826	1
5828	2
5829	3
5830	2
5831	2
5833	2
5838	5
5839	2
5840	1
5841	1
5842	1
5843	3
5846	1
5847	2
5850	1
5851	1
5852	1
5853	1
5854	1
5855	1
5859	2
5860	1
5861	1
22245	1
5862	1
5865	1
5866	1
5867	1
5868	1
5870	2
5871	2
22255	1
5872	1
5874	1
5875	2
5876	1
5879	1
5882	3
5884	2
5885	1
5887	1
5888	1
5890	1
5894	1
5895	1
5896	1
5899	1
5902	1
5904	1
5906	3
5907	2
5909	5
5910	1
5915	1
5916	1
5918	1
5921	1
5922	2
5923	1
5925	3
5926	1
5927	2
5929	1
5931	1
5932	1
5933	1
5935	1
5936	2
5939	2
5940	1
5943	1
5946	2
5949	1
5950	1
5952	1
5954	1
5955	1
5957	1
5958	1
5959	1
5960	2
5961	1
5964	1
5970	2
5971	3
5974	1
5975	1
5976	3
5977	3
5978	2
5981	2
5982	2
5983	2
22367	1
5985	1
5986	2
5988	1
5989	3
5991	1
5999	1
6001	2
6005	1
6006	4
6007	1
6009	1
6010	1
6011	2
6013	1
6014	1
6015	1
6017	2
6019	1
6021	2
6025	2
6028	1
6029	1
6031	1
6033	1
6034	1
6037	2
6038	1
6039	1
6042	1
6043	1
6046	2
6047	1
6049	1
6051	4
6054	1
6055	2
6056	1
6057	2
6059	1
6061	1
6063	1
6064	1
6065	4
6066	1
6067	1
6068	1
6069	2
6070	2
6071	3
6072	1
6073	1
6076	2
6077	1
6078	3
6079	1
6080	1
6082	2
6083	2
6086	2
6090	1
6091	1
6092	1
6093	2
6094	2
6095	1
22479	1
6096	1
6097	1
6100	3
6101	2
6104	1
6108	1
6109	2
6110	2
6113	2
22498	1
6115	3
6116	2
6117	2
6120	2
6122	4
6123	1
6127	1
6135	1
6137	2
6140	1
6143	1
6144	3
6146	1
6148	1
6149	1
6151	1
6152	1
6153	3
6156	1
6158	1
6161	2
6162	1
6164	4
6169	1
6171	3
6174	1
6176	1
6177	1
6179	2
6181	1
6182	2
6183	3
6191	2
6193	1
6194	3
6197	1
6202	1
22587	2
6203	1
6204	1
22588	1
6205	1
6206	2
6211	1
6213	1
6215	2
6216	1
6220	1
6221	1
6227	1
6229	1
6230	1
6233	1
6236	2
6237	1
6238	1
6239	1
6240	1
6243	1
6245	1
6246	1
6247	1
6248	1
6249	1
6250	1
6251	2
6253	1
6257	1
6259	1
6261	1
6265	1
6269	3
6272	1
6273	1
6274	1
6275	1
6277	2
6280	1
6282	1
6284	1
6286	1
6287	1
6288	1
6289	1
6290	1
6293	1
6294	1
6296	2
6297	1
6298	2
6301	2
22685	1
6302	1
6303	1
22687	1
6305	1
6308	1
6311	2
6312	1
6313	1
6314	1
6315	1
6318	1
6319	1
6322	2
6324	1
6325	1
6326	2
6327	1
6328	4
6329	1
6332	2
6333	1
6336	4
6338	2
6339	1
6341	1
6342	1
6344	1
6347	3
6350	3
6351	2
6352	1
6355	1
22741	1
22742	1
6359	3
6361	2
6363	1
6365	1
6366	1
6367	1
6368	2
6374	1
6376	2
6378	1
6379	1
6385	1
6391	1
6392	1
6393	1
6396	1
6397	1
6401	3
6405	2
6407	1
6410	1
6413	1
6416	1
6418	2
6420	2
6423	1
6427	1
6429	1
6433	2
6434	2
6435	2
6436	2
6438	1
6441	3
6443	2
6444	1
6447	1
6448	1
6451	1
6453	1
6454	1
6455	1
6456	3
6457	1
6459	2
6461	1
6464	2
6466	1
6468	1
6469	1
6474	1
6475	1
6476	2
6477	1
6480	1
6482	2
6483	1
6484	1
6487	2
6488	2
6490	1
6491	2
22877	1
6495	3
22882	1
6499	2
6505	1
6506	2
6508	1
6510	1
6512	2
22897	1
6521	2
6522	2
6523	1
6524	1
6528	1
6530	2
6532	1
6534	1
6536	1
6537	2
6540	1
6542	2
6543	1
6544	1
6545	1
6546	1
6548	1
6551	1
6552	1
6553	3
6556	1
6557	2
6559	2
6560	3
6561	1
6562	1
6565	1
6566	3
6571	1
6572	1
22958	1
6577	2
6579	3
6580	1
6582	1
6583	1
6585	1
6586	1
6588	1
6589	1
6590	1
6594	1
6600	1
6605	1
22990	1
6607	1
6608	1
6609	1
6612	2
6613	1
6614	1
6616	1
6617	2
6619	2
6621	1
6623	2
6625	1
6626	1
6628	2
6629	1
6631	1
6635	1
6636	2
6638	1
6644	2
6645	1
6651	1
6654	3
6657	1
6659	2
6660	1
6662	3
6664	1
6665	1
6667	1
6670	1
6671	1
6677	2
6678	1
6681	1
6683	2
6696	1
6697	1
6699	2
6702	1
6704	4
6706	2
6707	1
6712	1
6713	1
6715	2
6720	1
6722	1
6726	2
6728	1
6729	1
6731	1
6733	1
6735	2
6738	1
6739	1
6740	1
6743	1
6745	1
6750	2
6751	1
6752	1
6755	1
6756	1
6757	3
6758	1
6759	1
6764	1
6766	1
6769	1
6771	1
6773	2
6775	2
6778	2
6781	1
6782	3
6783	1
6784	1
6787	2
6789	1
6793	1
6794	1
6801	1
6802	3
6803	1
6804	1
6805	1
6809	1
6811	2
6812	2
6817	1
6819	3
6821	1
6823	2
6824	2
6825	1
6829	2
6830	1
23215	1
6833	1
6834	4
6835	2
6837	2
6838	2
6839	1
6840	1
6841	3
6842	1
6847	3
6850	1
6852	2
6853	2
6858	2
6862	1
6863	1
6867	1
6873	2
6874	1
6879	1
6882	2
6884	2
6885	1
6888	2
6890	1
6891	1
6900	1
6901	3
6903	1
6907	1
6908	3
6910	2
6911	1
6913	3
6915	1
6920	1
6922	1
6924	1
6926	1
6930	1
6934	1
6935	2
6936	1
6938	1
6940	1
6952	1
6953	4
6955	1
6958	1
6962	2
6964	1
6965	1
6968	1
6970	1
6971	1
6974	2
6975	1
6976	2
6984	2
6985	1
6988	2
6992	3
6994	3
6995	1
6996	1
6997	1
7000	2
7001	1
7004	2
7010	1
7013	1
7024	1
7027	1
7028	1
7030	3
7031	1
7032	1
7038	2
7039	3
7041	1
7042	2
7044	1
7046	1
7047	1
7048	1
23434	1
7050	1
7051	1
7055	1
7056	1
7057	1
7059	1
7061	1
7062	1
7063	1
7069	1
7072	1
7075	1
7081	1
23466	1
7083	1
7086	1
7087	1
7091	1
7094	1
7095	1
7097	2
7104	1
7105	1
7106	2
7107	1
7108	1
7110	1
7121	1
7122	1
7123	1
7127	1
7128	2
7129	1
7134	1
7138	1
7142	4
7148	1
7150	2
7151	1
7153	1
7156	1
7157	1
7161	1
7162	1
7164	1
23552	1
7168	2
7171	1
7173	1
7175	2
7176	2
7177	2
23566	1
7183	1
7185	2
7186	1
7192	1
7194	2
23581	1
7199	1
7202	2
7203	1
7204	1
7206	1
23592	1
23594	1
7210	1
23595	1
7211	1
7213	1
23599	1
7218	1
7219	1
7221	1
7222	1
7229	1
7232	1
7233	1
7236	1
7238	2
7248	1
23635	1
7251	1
7252	2
7255	1
7263	1
7264	2
7266	1
7267	1
7275	1
7278	1
7281	2
7283	2
7284	1
7288	1
23673	1
7291	1
7293	1
7296	1
7297	1
7300	1
7302	1
7304	2
7305	1
7306	2
7308	1
7311	1
7312	1
7316	1
7318	2
7320	1
7323	1
7324	1
7325	1
7326	1
23717	1
23719	1
7338	1
7339	1
7341	1
7342	3
23726	1
23727	1
23729	1
23730	1
23731	1
7348	1
23732	1
23733	1
7350	1
23734	1
23735	1
23736	1
7353	1
23737	1
7360	2
7365	1
7366	2
23750	1
7369	1
7370	1
7375	2
7376	1
7377	1
7378	1
7380	2
23768	1
7385	2
23770	1
7388	1
23772	1
23775	1
23776	1
7394	1
7395	1
23779	1
7396	1
23782	1
7399	1
7400	2
23785	1
7401	1
7403	1
7408	1
7409	1
23793	1
7410	1
7411	1
7412	2
7413	2
23798	1
7416	2
23801	1
7421	2
7423	1
7424	1
7425	1
7430	1
7431	1
7432	1
7435	2
7437	1
7441	1
23825	1
7442	1
23826	1
7443	2
23831	1
7448	1
23832	1
23833	1
23834	1
23835	1
23836	1
23837	1
23838	1
23839	1
7456	2
23840	1
23841	1
7457	1
23842	1
23843	1
23844	1
23845	1
23846	1
23847	1
7464	1
7466	1
7468	1
23853	1
7471	1
7472	1
7473	1
23860	1
23861	1
23865	1
7481	1
23868	1
23869	1
7486	1
7487	1
7489	2
7490	1
23875	1
7494	1
7498	1
7500	2
7504	1
7506	2
7507	2
7509	1
23894	1
7512	1
7519	1
7520	1
7525	1
7526	2
23910	1
7527	1
23914	1
7533	1
23918	1
23919	1
23925	1
7542	1
7543	1
23928	1
7546	1
7548	2
7552	1
7557	1
7558	2
23946	1
7564	1
7566	2
7568	1
7570	1
23959	1
7577	1
23962	1
7580	1
7581	1
23967	1
23969	1
23971	1
7589	2
23976	1
7592	1
7595	1
23980	1
7598	1
23982	1
7599	1
23983	1
7600	1
7601	1
23987	1
23988	1
7604	1
23992	1
7608	1
7610	2
23994	1
7611	1
7612	1
7613	2
23997	1
7614	1
24000	1
7616	1
7617	1
24001	1
24003	1
7622	1
24007	1
7624	1
24010	1
7627	1
24012	1
7629	2
7630	1
24015	1
24017	1
7634	1
7635	1
7642	2
7644	1
24029	1
7648	1
7652	1
7654	1
7655	1
7656	2
7661	1
7662	1
7665	2
7666	1
7668	1
7669	1
7670	1
7671	1
7672	1
7673	1
24057	1
7674	1
7678	1
7681	1
24067	1
7684	1
7688	1
24073	1
7690	1
7692	1
7694	1
24079	1
24080	1
24082	1
7698	2
7699	1
7701	1
7710	1
7711	1
7713	1
7714	1
7716	1
24100	1
24101	1
7718	1
7725	1
24110	1
7729	1
24113	1
7733	1
7735	3
24125	1
7741	1
24127	2
7743	1
7744	3
7745	1
7749	1
24134	1
24137	1
7753	1
24138	1
7754	1
7755	1
7756	1
7757	1
24142	1
24147	1
7770	1
24156	1
7772	1
7775	2
7778	1
7779	1
7780	2
7781	1
7784	1
24170	1
7792	1
7793	1
7796	2
7801	2
7804	1
24189	1
7806	1
7809	1
7812	1
7814	1
7815	1
24201	1
7820	1
24205	1
7822	1
24208	1
7831	1
7833	1
7835	1
24224	1
7842	2
7845	1
7849	1
7851	1
7852	1
7859	2
7861	1
7872	1
7873	1
7875	1
7877	2
7878	1
7880	3
7881	1
7885	1
7888	2
24273	1
7889	1
24283	1
7904	1
7905	2
24292	1
7910	1
24295	2
7912	1
24299	1
7916	1
7918	2
7922	1
24308	1
7924	1
7932	1
7934	2
7936	1
7939	1
7941	1
7943	2
7951	1
7953	1
7954	1
7960	1
7962	1
7965	1
7966	1
7967	1
7972	2
7973	1
7974	2
7982	1
7985	1
7987	1
7990	1
7992	1
7993	1
7994	1
7995	1
7998	1
8005	1
8009	1
8015	1
8018	1
24404	1
8023	1
8025	1
8027	1
8031	2
8032	1
8033	1
8035	1
8036	2
8040	1
8042	1
8043	1
24430	1
8050	3
8061	1
8066	1
8073	1
8075	1
8076	1
8079	1
8080	3
8081	1
8088	1
8091	1
8094	1
8096	1
8100	1
8101	1
8103	1
8106	2
8107	1
24491	1
8108	1
8110	1
8113	1
8118	1
8121	2
8123	1
8126	1
8131	1
8133	1
8139	1
8140	1
8143	1
8146	1
8147	1
8153	1
8154	1
8156	1
8159	1
8168	2
8175	1
8176	1
8177	1
8178	1
8180	1
8181	1
24567	1
24572	1
8195	1
8197	1
8198	1
8200	1
24588	2
8205	1
8206	1
8208	1
8210	1
8213	1
8214	1
8215	1
8220	1
8222	1
8227	1
8228	1
8230	1
8231	1
8233	2
24620	1
24621	1
8238	1
8239	1
8240	1
8245	2
8248	1
8254	1
8255	1
24643	1
8260	1
8261	2
8262	2
8265	2
8270	1
8273	1
8276	1
24660	1
8279	1
24664	1
8285	1
24669	1
8287	1
8289	1
8291	1
8293	1
24679	1
8300	1
8302	1
8306	1
8308	1
8309	1
24697	1
24699	1
8320	1
8327	2
24712	1
24713	1
8330	1
8333	2
8340	1
24725	1
8345	2
8347	1
8349	1
8350	2
8352	1
24736	1
8353	1
8355	1
24743	1
8361	1
8362	1
24747	1
8369	1
8371	1
8384	1
24770	1
8388	1
8389	1
8391	1
8394	1
8403	1
8418	1
24804	1
8422	1
8426	1
8430	2
8434	1
8435	1
8439	1
24825	2
8444	1
8445	1
8446	1
8451	1
8455	1
8457	1
8459	1
24843	1
8460	1
8461	1
8465	1
8470	1
8473	2
8476	1
24861	1
8477	1
8487	1
24875	1
8491	1
8493	1
8497	1
24884	1
24885	1
8504	1
8515	1
24899	1
8516	1
8518	1
8520	1
8523	2
8525	1
8528	1
8529	1
8531	1
8532	2
8536	1
8544	1
8546	2
8558	1
8562	1
8564	1
24948	1
8567	1
24951	1
8569	1
8571	1
8573	1
24963	1
24970	1
8587	1
8589	1
8590	1
8591	1
8593	1
8594	1
24985	1
8617	1
8624	2
25008	1
8625	1
8627	1
25012	1
8632	1
25018	1
8640	1
8644	1
8645	1
25032	1
8650	1
8651	1
8653	1
8654	2
25038	1
8657	1
8660	1
8664	2
25051	1
8668	1
25057	1
8674	2
8679	1
8692	1
8693	1
25077	1
8695	1
8696	1
8701	1
8705	1
8708	1
25093	1
8711	1
8715	1
8719	1
8721	1
8727	1
8728	1
8729	1
8732	1
8743	1
8748	1
8753	1
8754	2
8757	1
8760	1
8764	1
8766	1
25152	1
8769	1
25170	1
8787	1
8793	2
25179	1
8797	1
25182	1
8799	1
8803	1
8804	1
8809	1
8810	1
8812	2
8813	1
25199	1
8816	1
8817	2
8825	1
8826	1
8828	1
8833	1
8835	1
8836	1
8849	1
8852	1
8855	1
8856	1
8857	1
8861	1
8864	1
8867	3
8869	1
8870	2
8872	1
8873	1
8876	1
8879	2
8881	2
8882	1
8883	1
8888	1
8891	1
25276	1
8893	1
25284	1
8901	1
25285	1
8907	1
8910	1
8912	1
8913	1
8915	1
8927	1
25311	1
8930	1
8932	1
8936	1
8937	2
25324	1
8941	1
8942	2
25328	1
8945	1
8946	1
8952	2
8954	1
8956	1
8957	1
8960	1
8968	1
8973	1
25358	1
25359	1
8980	1
8981	1
8982	1
25372	1
8989	1
8992	1
8993	1
8995	1
9002	1
9011	1
9014	1
9016	1
25405	1
9024	3
9025	1
25410	1
9029	1
9030	1
25421	1
9038	1
9040	2
9042	1
9045	1
25431	1
25432	1
25438	1
9055	1
25439	1
25440	1
9057	1
9066	1
9069	2
9075	2
9080	1
9087	1
9095	1
25484	1
9101	1
9117	1
9118	4
9120	1
9121	1
9127	1
25514	1
9130	1
9135	1
9136	1
9141	2
9144	1
9148	1
25532	1
9150	1
9153	1
9155	1
9156	1
9157	1
25550	1
9166	1
9167	1
9175	1
9177	1
9179	1
25565	1
9182	2
9186	1
25571	1
9191	1
9195	1
9198	1
9200	1
9203	1
9204	1
9208	1
25602	1
9220	1
9222	1
9224	1
9233	1
9235	1
9245	1
9246	1
9247	1
9250	1
9255	1
9259	1
25658	1
9282	1
9286	1
9291	1
9292	2
9293	1
9295	1
9296	1
9297	1
9308	1
9312	1
9315	1
9321	1
9324	1
9331	1
25722	1
25725	1
9345	1
9346	1
9348	1
9360	1
9361	2
9363	2
9366	1
9367	1
9369	1
9371	1
9377	3
9379	3
25768	1
9384	2
9389	1
9392	1
9393	1
9394	1
9405	1
9406	1
9409	1
9410	1
9412	1
9413	1
9416	3
9426	1
9428	2
9437	1
9438	1
9441	1
9442	1
9457	1
9458	1
9465	1
9466	1
9468	1
9470	1
9471	1
9475	1
9484	1
9486	1
9492	1
9494	1
9497	1
9499	1
9500	1
9502	1
9505	1
9525	1
9530	1
9534	1
9538	2
9545	1
9547	1
9551	1
9556	1
9558	1
9564	1
9567	1
9577	1
9578	1
9587	1
9589	1
9590	1
9591	1
9593	1
9597	1
9598	1
9609	1
9612	2
9623	1
9624	1
9625	1
9630	1
9642	1
9643	2
9645	1
9658	1
9659	1
9662	1
9676	1
9679	1
9686	1
9687	1
9698	1
9699	1
9705	1
9706	1
9715	1
9719	1
9733	1
9735	1
9737	1
9738	1
9739	1
9742	1
9757	1
9776	1
9778	1
9782	1
9784	1
9785	1
9790	1
9797	1
9805	1
9809	1
9810	1
9816	1
9818	1
9819	1
9824	1
9830	1
9831	1
9838	1
9840	1
9847	1
9855	1
9856	1
9857	1
9863	1
9873	1
9879	1
9883	1
9884	1
9885	2
9886	1
9899	1
9913	1
9914	1
9921	1
9926	1
9929	1
9935	1
9936	1
9938	1
9940	1
9952	1
9953	1
9955	1
9959	1
9961	1
9962	1
9969	1
9973	1
9976	1
9979	1
9981	2
9983	1
9987	1
9988	2
10000	1
10001	1
10002	1
10007	1
10011	1
10019	1
10022	2
10029	1
10031	1
10034	1
10036	1
10037	1
10052	1
10053	1
10055	1
10061	1
10063	1
10070	1
10072	2
10074	1
10076	1
10083	1
10085	1
10086	1
10088	1
10114	1
10117	1
10120	1
10122	1
10124	1
10127	2
10144	1
10146	1
10153	1
10171	1
10176	1
10181	2
10186	2
10201	1
10202	1
10205	1
10207	2
10222	1
10224	1
10233	1
10239	1
10253	1
10281	1
10285	1
10289	1
10309	1
10310	1
10320	1
10321	1
10325	1
10327	1
10336	1
10341	1
10346	1
10348	1
10351	1
10353	3
10360	1
10365	1
10382	1
10384	1
10386	1
10387	1
10390	1
10393	2
10396	1
10397	1
10402	2
10408	1
10417	1
10420	1
10425	1
10434	1
10435	1
10447	2
10448	1
10454	2
10456	1
10457	1
10464	1
10468	1
10469	1
10470	1
10476	1
10481	1
10482	1
10486	1
10487	1
10489	1
10495	1
10501	1
10502	1
10509	2
10511	1
10514	1
10517	1
10520	1
10523	1
10530	1
10532	1
10537	1
10540	1
10542	2
10543	1
10545	1
10553	1
10558	1
10572	1
10575	1
10577	1
10584	1
10590	1
10597	1
10607	1
10614	2
10619	1
10620	1
10621	1
10627	2
10639	1
10641	1
10650	1
10652	1
10657	2
10661	1
10662	2
10675	1
10678	1
10681	1
10682	1
10691	2
10708	2
10715	1
10723	1
10728	1
10729	1
10735	1
10738	1
10742	1
10743	1
10744	1
10755	1
10758	1
10759	1
10763	1
10767	1
10768	1
10770	1
10771	1
10772	2
10775	1
10777	1
10781	1
10786	1
10789	2
10799	1
10810	2
10813	1
10821	1
10834	1
10840	1
10845	1
10854	1
10863	1
10870	1
10872	1
10875	1
10882	1
10886	1
10889	2
10890	1
10896	1
10900	1
10903	1
10908	1
10912	1
10917	1
10930	2
10933	1
10938	1
10951	1
10957	1
10962	1
10967	1
10972	1
10976	1
10979	1
10980	1
10982	1
10990	1
11008	1
11009	1
11014	1
11021	1
11025	1
11026	1
11027	1
11034	1
11035	1
11040	1
11042	1
11043	2
11051	3
11058	1
11082	1
11087	1
11090	1
11097	1
11098	1
11102	1
11114	1
11125	2
11133	1
11139	1
11146	1
11147	1
11170	1
11180	1
11183	1
11184	1
11186	1
11193	1
11202	1
11215	1
11231	2
11236	1
11242	1
11244	1
11248	1
11253	1
11260	1
11268	1
11278	1
11280	1
11289	1
11295	1
11296	1
11297	1
11315	1
11316	1
11327	1
11336	1
11338	1
11353	1
11363	1
11364	1
11377	1
11386	1
11400	1
11402	1
11418	1
11422	1
11431	1
11432	1
11433	1
11435	1
11451	1
11454	1
11458	1
11467	1
11472	1
11473	1
11482	1
11483	1
11489	3
11496	1
11500	1
11513	1
11516	1
11523	1
11525	2
11528	1
11531	1
11539	1
11543	1
11548	1
11549	2
11550	1
11553	1
11557	1
11559	1
11561	1
11566	1
11567	2
11572	1
11575	1
11586	1
11589	1
11596	1
11597	1
11601	1
11604	1
11606	1
11611	1
11620	2
11624	1
11625	1
11627	1
11631	1
11632	1
11638	1
11642	1
11653	1
11666	1
11668	2
11673	1
11679	1
11685	1
11686	2
11688	1
11698	2
11701	1
11707	1
11719	1
11720	1
11726	1
11727	1
11741	1
11742	1
11754	1
11759	1
11761	2
11764	1
11767	1
11769	1
11779	1
11780	1
11783	1
11785	1
11794	1
11799	1
11805	1
11806	1
11809	1
11811	1
11823	1
11827	1
11828	1
11830	1
11831	1
11840	1
11843	1
11846	1
11858	1
11862	1
11870	1
11875	1
11877	1
11880	1
11881	1
11886	1
11893	1
11900	1
11901	1
11914	1
11921	2
11922	1
11924	1
11926	1
11933	1
11936	1
11941	1
11942	1
11947	1
11952	1
11953	1
11954	1
11963	1
11975	1
11978	1
11989	1
11993	1
11995	2
12002	1
12031	1
12035	1
12043	1
12050	1
12053	1
12074	1
12076	1
12093	1
12100	1
12109	1
12116	1
12117	2
12133	1
12134	1
12145	1
12151	1
12152	1
12175	3
12194	1
12201	1
12210	1
12228	1
12229	1
12234	1
12237	1
12243	1
12250	1
12254	1
12268	1
12272	1
12275	1
12276	1
12280	2
12282	1
12284	1
12287	1
12288	2
12293	2
12299	2
12303	2
12327	1
12333	1
12335	1
12350	1
12351	1
12352	1
12356	1
12358	1
12366	1
12371	1
12383	1
12393	1
12398	1
12402	1
12410	1
12411	1
12431	1
12435	1
12443	1
12450	1
12452	1
12455	2
12465	1
12466	1
12475	1
12479	1
12482	1
12490	1
12500	1
12512	1
12515	1
12521	1
12524	1
12527	1
12531	2
12532	1
12540	1
12543	1
12553	2
12554	1
12559	1
12561	1
12571	1
12573	1
12575	1
12580	1
12592	1
12606	1
12614	1
12635	1
12640	2
12644	1
12652	1
12666	1
12675	1
12700	1
12701	1
12721	1
12726	1
12731	1
12745	1
12749	1
12756	1
12763	1
12766	1
12768	1
12770	1
12779	1
12790	1
12791	1
12793	1
12801	1
12831	1
12845	1
12849	1
12859	1
12869	1
12882	1
12898	1
12936	1
12938	1
12940	2
12946	1
12952	1
12955	1
12957	1
12969	2
12979	1
12983	1
13002	1
13007	1
13022	1
13030	1
13048	1
13049	1
13056	1
13076	1
13078	1
13080	1
13081	1
13089	1
13104	1
13108	1
13130	1
13139	1
13152	1
13167	1
13168	1
13171	1
13181	1
13182	1
13187	1
13198	1
13214	1
13219	1
13221	1
13228	1
13234	1
13240	1
13244	1
13251	1
13258	1
13276	1
13279	1
13282	1
13287	1
13297	1
13301	1
13309	1
13311	1
13312	1
13321	1
13325	1
13328	1
13329	1
13330	1
13336	1
13338	1
13365	1
13375	1
13381	1
13384	1
13388	1
13391	1
13406	1
13410	1
13419	1
13428	1
13436	1
13437	1
13438	1
13442	1
13447	1
13452	1
13453	2
13459	1
13463	2
13465	1
13471	1
13473	1
13486	1
13501	1
13512	2
13513	1
13517	1
13542	1
13544	1
13554	1
13555	1
13557	2
13558	1
13561	1
13562	1
13579	1
13584	1
13588	1
13597	1
13607	2
13608	1
13614	1
13626	1
13630	1
13631	1
13634	1
13644	1
13654	1
13661	1
13686	2
13695	1
13699	1
13705	1
13709	1
13725	1
13728	1
13734	1
13738	1
13752	1
13771	1
13782	1
13784	1
13788	1
13809	1
13813	1
13816	2
13843	1
13856	1
13858	1
13862	2
13863	1
13871	1
13883	1
13884	1
13900	1
13905	1
13912	1
13913	1
13918	1
13929	1
13938	1
13949	2
13951	1
13960	1
13964	1
13966	1
13970	1
13972	1
13973	1
13987	1
14014	1
14015	1
14047	1
14070	1
14072	1
14080	1
14087	1
14091	1
14108	1
14110	1
14120	1
14121	1
14124	1
14126	1
14131	1
14146	1
14156	1
14161	1
14168	1
14171	2
14192	1
14196	1
14220	1
14235	1
14238	1
14247	1
14261	1
14285	1
14290	1
14295	1
14300	1
14307	1
14332	1
14334	1
14340	1
14349	1
14357	1
14363	1
14367	2
14373	1
14376	1
14380	1
14387	1
14399	1
14400	1
14416	1
14435	1
14437	1
14447	1
14455	1
14472	1
14473	1
14476	1
14481	1
14485	1
14488	1
14496	1
14517	1
14526	2
14527	1
14536	1
14537	1
14540	1
14546	1
14559	1
14569	1
14582	1
14585	1
14594	1
14601	1
14605	1
14617	1
14634	1
14638	1
14639	1
14640	1
14642	1
14650	1
14651	1
14673	2
14687	1
14690	1
14691	1
14694	1
14698	1
14699	1
14709	1
14714	1
14715	1
14721	1
14722	1
14725	2
14734	1
14743	1
14746	1
14749	1
14760	1
14764	1
14767	1
14770	1
14773	1
14777	1
14784	1
14792	1
14793	1
14814	1
14817	1
14837	1
14839	1
14841	1
14850	2
14852	3
14855	1
14859	1
14861	1
14862	1
14863	1
14870	1
14872	1
14885	1
14888	1
14889	1
14890	1
14898	1
14905	1
14912	1
14917	1
14919	1
14935	1
14941	1
14943	1
14948	1
14951	1
14954	1
14957	1
14958	1
14961	1
14963	1
14965	1
14977	1
14978	1
14984	1
14992	1
14994	1
14996	1
15004	1
15007	1
15011	1
15012	1
15014	1
15030	1
15031	1
15036	1
15038	2
15044	1
15059	1
15062	1
15064	1
15071	1
15079	1
15080	1
15082	1
15100	1
15103	1
15116	1
15119	1
15123	1
15128	1
15131	1
15132	1
15134	1
15135	1
15136	1
15137	1
15141	1
15144	2
15150	1
15151	1
15155	1
15156	1
15161	1
15162	1
15177	1
15180	1
15183	1
15186	1
15188	2
15196	1
15204	1
15205	1
15206	2
15213	1
15233	1
15237	2
15243	1
15247	2
15249	1
15257	1
15258	1
15259	1
15264	1
15272	3
15273	1
15277	1
15279	1
15281	1
15290	1
15301	1
15303	1
15306	1
15307	1
15310	1
15311	1
15315	1
15329	1
15330	1
15333	1
15338	1
15340	1
15344	1
15345	1
15352	1
15360	1
15361	1
15365	2
15378	1
15386	1
15391	1
15395	2
15399	1
15405	1
15409	1
15412	1
15419	1
15430	2
15433	1
15445	2
15447	1
15448	2
15453	1
15455	2
15462	1
15464	1
15465	1
15472	2
15474	1
15482	1
15487	1
15489	1
15490	1
15499	1
15500	1
15502	1
15503	1
15513	1
15514	2
15515	1
15519	2
15527	2
15534	1
15543	1
15545	1
15549	1
15550	1
15556	1
15559	1
15566	1
15576	1
15580	1
15581	1
15598	1
15602	1
15604	1
15613	1
15617	1
15623	1
15626	2
15627	1
15644	1
15646	1
15650	1
15653	1
15654	2
15668	1
15670	1
15671	1
15673	1
15677	1
15689	1
15694	1
15696	2
15697	1
15698	1
15699	1
15701	1
15705	1
15707	1
15711	1
15719	1
15721	1
15728	2
15739	1
15749	1
15750	1
15755	1
15760	1
15767	1
15775	1
15776	1
15777	2
15780	1
15788	1
15796	1
15797	1
15800	1
15804	1
15812	2
15815	1
15821	1
15822	1
15825	1
15829	3
15830	1
15831	1
15832	1
15835	1
15836	2
15839	1
15843	2
15848	1
15856	1
15861	1
15862	1
15867	1
15868	1
15869	1
15871	1
15874	1
15875	1
15884	1
15888	1
15895	2
15896	1
15907	1
15910	1
15912	1
15922	1
15928	1
15932	1
15938	2
15941	1
15946	2
15953	1
15959	1
15962	1
15963	1
15964	1
15965	1
15970	1
15971	1
15973	1
15974	1
15975	1
15976	2
15978	2
15979	1
15980	1
15983	1
15984	1
16004	1
16008	1
16015	2
16016	1
16022	1
16032	1
16034	2
16035	1
16039	1
16041	1
16061	1
16062	1
16068	1
16072	1
16073	1
16074	1
16076	1
16077	2
16078	2
16081	1
16083	1
16094	1
16096	1
16102	1
16107	1
16110	1
16114	1
16120	2
16122	1
16139	1
16145	1
16148	1
16153	1
16154	2
16155	1
16158	1
16165	1
16166	1
16168	1
16174	1
16177	1
16179	1
16181	1
16185	1
16189	1
16190	2
16192	2
16196	1
16197	1
16203	2
16212	1
16213	1
16217	1
16220	2
16223	1
16224	1
16228	1
16231	2
16239	1
16249	1
16250	1
16252	1
16255	1
16257	1
16261	1
16264	1
16268	1
16269	1
16275	1
16276	1
16277	1
16281	1
16286	1
16293	1
16294	1
16295	1
16300	1
16308	1
16309	1
16317	1
16319	1
16325	3
16326	1
16332	1
16333	1
16335	1
16343	1
16349	1
16354	1
16357	1
16359	1
16361	1
16364	1
16370	1
16371	2
