1	20
2	25
3	22
4	17
5	12
6	17
7	14
8	13
9	13
16393	1
10	20
11	20
12	12
13	15
14	14
15	7
16	17
17	13
18	15
19	10
20	18
21	12
22	10
23	6
24	17
25	12
26	13
27	16
28	11
29	8
30	9
31	10
32	14
33	5
34	12
35	8
36	8
37	9
38	12
39	5
40	7
41	17
42	13
16426	1
43	5
44	11
45	6
46	11
47	9
48	5
49	6
50	17
51	15
52	6
53	7
54	5
16438	1
55	10
56	10
57	6
58	5
59	9
60	5
61	7
62	12
63	9
64	13
65	10
16449	1
66	9
67	10
68	7
16452	1
69	10
70	6
71	8
72	10
73	7
74	8
75	10
76	6
77	10
78	8
79	5
80	9
81	11
82	8
83	14
84	8
85	5
86	9
87	3
88	2
89	7
90	7
16474	1
91	5
16475	1
92	9
93	11
94	5
95	4
96	6
97	7
98	9
99	5
100	9
16484	1
101	11
16485	1
102	4
103	5
104	8
105	13
106	6
107	5
108	6
109	6
110	11
111	9
112	7
113	5
114	5
115	8
116	5
117	7
118	7
16502	1
119	12
120	9
16504	1
121	8
122	11
123	7
124	5
16508	1
125	17
16509	1
126	6
127	9
128	5
129	6
130	8
131	8
132	10
133	9
134	4
135	4
16519	1
136	5
137	5
138	12
139	9
140	6
16524	1
141	7
142	5
143	10
16527	1
144	13
145	8
146	8
147	8
148	7
149	9
150	6
151	10
152	12
16536	1
153	3
154	5
155	5
156	7
157	6
158	6
159	6
160	4
161	9
16545	1
162	4
163	5
164	5
165	6
166	7
167	6
168	6
169	10
170	6
16554	1
171	9
172	12
173	7
174	6
16558	1
175	7
176	8
177	5
178	6
179	10
180	7
181	6
182	3
183	6
184	10
185	10
186	6
187	7
188	14
189	4
190	6
191	8
192	7
193	9
194	8
195	5
196	7
197	8
198	6
199	11
200	8
16584	1
201	6
16585	1
202	9
203	4
16587	1
204	3
205	7
206	8
207	5
208	5
209	8
210	4
211	5
212	9
213	8
214	6
215	12
216	3
217	8
218	9
219	9
220	5
221	5
222	8
223	4
224	6
225	5
226	6
228	5
229	9
16613	1
230	11
231	6
232	6
233	6
234	7
235	5
236	7
237	7
238	8
239	2
240	5
241	5
242	3
243	8
244	8
245	10
246	3
247	6
248	6
249	3
250	8
251	5
252	3
253	6
254	5
255	5
256	3
257	4
258	6
259	6
260	6
261	3
262	6
263	3
264	2
265	2
266	3
267	7
268	8
269	2
270	5
16654	1
271	8
272	4
273	6
274	5
275	1
276	7
277	5
278	10
279	5
280	11
281	4
282	6
283	4
284	5
285	4
286	1
287	6
288	9
289	3
290	6
291	8
292	4
293	3
294	10
295	3
16679	1
296	3
297	6
298	6
299	4
300	6
301	4
302	8
303	2
304	2
305	6
306	3
16690	1
307	3
308	9
309	8
310	4
311	5
312	4
313	2
16697	1
314	9
315	2
316	5
317	5
318	4
319	3
320	6
321	7
322	4
323	8
324	2
325	3
326	3
327	9
328	7
329	5
330	4
331	6
332	4
333	6
334	5
335	6
336	6
337	3
338	3
339	5
340	3
341	6
342	4
343	5
344	4
345	6
346	7
347	6
348	6
349	6
350	6
351	7
352	4
353	6
354	5
355	7
356	5
357	4
358	9
16742	2
359	4
360	10
361	10
16745	1
362	3
363	2
364	6
365	6
366	7
367	5
368	5
370	3
371	6
372	2
373	5
374	8
375	4
376	2
16760	1
377	4
378	3
379	5
16763	1
380	3
381	7
382	7
383	5
384	3
385	4
386	4
387	2
388	2
389	6
390	4
391	5
392	4
393	5
394	4
395	10
396	4
397	7
398	4
399	5
400	3
401	4
402	3
403	5
404	4
405	5
406	9
407	1
408	4
409	5
16793	1
410	4
411	3
412	4
16797	1
413	8
414	4
415	3
416	5
417	5
418	10
419	2
420	4
421	2
422	2
423	3
16807	1
424	3
16808	1
425	3
426	2
427	4
428	3
429	3
430	2
16814	1
431	5
432	4
16816	1
433	3
434	4
435	4
436	4
437	4
16821	1
438	4
439	1
440	6
441	4
442	5
443	2
444	3
445	4
16829	1
446	8
447	5
448	2
449	4
450	6
451	5
452	6
453	1
16837	1
454	4
455	8
456	4
457	3
458	6
459	6
460	8
461	9
462	3
463	9
464	4
465	3
466	5
467	4
468	2
469	7
470	4
471	4
472	5
473	4
16858	1
474	2
475	4
476	8
477	5
478	4
479	2
480	5
481	1
483	5
484	7
485	4
486	1
487	1
16871	1
488	7
489	2
490	7
491	2
492	7
493	3
494	3
495	1
496	3
497	5
498	4
499	5
500	6
501	5
502	1
16886	1
503	4
504	1
505	6
506	4
507	5
508	4
509	3
510	5
511	3
512	4
513	1
16897	1
514	5
515	3
516	5
517	3
518	5
16902	1
519	3
16903	1
520	10
521	3
522	3
523	7
524	5
16908	1
525	4
526	6
527	4
528	3
529	2
530	5
16914	1
531	4
532	6
16916	1
533	4
534	3
535	4
536	8
537	2
538	5
539	3
540	2
541	6
542	6
543	4
544	2
16928	1
545	2
546	4
547	4
548	3
549	3
550	1
16934	1
551	7
552	2
553	4
554	7
555	7
556	5
557	6
558	2
559	5
560	6
561	2
562	3
563	3
564	3
565	2
566	5
567	4
568	6
16952	1
569	8
570	3
571	5
572	8
573	7
16957	1
574	2
575	2
576	5
577	4
578	8
579	10
580	1
581	3
16965	1
582	2
583	5
584	7
16968	1
585	3
586	2
587	4
588	9
589	4
590	4
591	3
592	3
593	3
594	8
595	3
596	2
597	4
598	3
599	4
16983	1
600	4
601	3
602	2
603	6
604	7
605	1
606	3
607	1
608	5
609	3
610	2
16994	1
611	2
612	3
613	6
614	6
615	4
616	6
617	5
618	4
619	6
620	2
621	3
622	2
623	2
624	3
625	5
626	3
628	9
17013	1
629	3
630	4
631	1
632	2
633	6
634	4
635	3
636	9
637	6
638	2
17022	1
639	3
640	4
641	6
642	4
643	3
644	7
645	3
646	6
647	5
649	2
650	3
651	3
652	6
653	4
654	5
655	1
656	6
657	2
658	2
17042	1
659	4
660	1
17044	1
661	3
662	4
663	2
664	3
665	5
666	4
667	1
668	2
669	5
671	3
672	2
673	6
674	6
675	4
677	6
678	5
679	3
680	5
681	4
17066	2
683	4
684	4
685	2
686	7
687	2
688	6
689	5
690	2
691	2
692	4
693	3
694	3
695	4
696	1
17080	1
697	5
698	2
699	2
700	2
701	5
702	7
703	1
17087	1
704	2
705	3
706	1
707	2
708	2
710	4
711	4
712	1
713	7
714	4
715	3
716	3
717	3
718	1
719	8
720	4
721	3
722	4
723	2
724	5
725	4
726	6
727	1
17111	1
728	4
729	4
730	2
731	4
732	2
17116	1
733	5
734	3
735	3
736	6
737	4
738	5
739	2
740	1
741	7
742	9
743	8
744	4
745	3
746	2
747	3
17132	1
748	5
749	3
750	4
751	4
752	3
753	2
754	4
755	8
756	2
17140	1
757	5
17141	1
758	3
759	2
760	5
761	3
762	2
763	2
764	7
765	2
766	4
767	4
768	5
769	2
17153	1
770	5
771	4
772	2
773	5
774	3
775	7
776	3
777	4
778	2
779	3
780	4
781	3
782	1
783	6
785	6
786	5
787	1
788	4
789	5
790	6
791	6
792	2
793	2
794	3
17178	1
795	5
796	10
797	1
798	4
799	3
800	6
801	4
802	4
803	3
804	6
805	7
806	4
807	3
808	1
809	7
810	8
811	6
812	2
813	3
815	1
816	3
17200	1
817	6
818	2
819	5
820	3
821	4
823	6
824	2
17208	1
825	4
826	6
827	4
828	3
830	7
831	3
832	3
833	2
834	5
835	5
836	5
837	6
838	2
839	2
840	1
841	4
842	6
843	5
844	7
845	4
846	2
847	8
848	3
849	4
850	6
851	2
852	2
853	4
855	5
856	4
17241	1
857	11
858	4
859	5
860	5
861	2
862	6
863	3
864	1
865	3
866	4
867	3
17251	1
868	4
869	5
870	3
17254	1
871	6
872	6
873	3
874	5
875	3
876	3
877	8
878	2
879	4
880	8
881	7
882	4
883	6
884	3
885	6
886	9
17270	1
887	4
888	3
889	5
17273	1
890	3
17274	1
891	2
892	4
893	2
17278	1
894	2
895	2
896	3
897	9
898	5
899	7
900	2
901	2
902	3
903	5
904	5
905	4
906	3
907	1
908	1
909	4
910	2
911	4
912	3
913	3
914	8
915	2
916	7
917	5
918	4
919	7
920	3
921	9
922	7
923	6
924	7
925	2
926	3
927	6
17311	1
928	8
929	2
930	5
931	5
932	7
933	4
934	8
935	4
936	4
937	4
938	4
939	7
940	7
941	5
942	4
943	4
944	3
945	5
946	3
947	1
948	2
949	4
950	4
951	2
952	1
17336	1
953	4
17337	1
954	6
955	6
956	5
957	2
958	4
959	5
960	4
17344	1
961	7
962	4
963	5
964	9
965	5
966	7
967	5
968	5
969	5
970	8
971	3
972	3
973	4
974	5
975	4
976	7
977	3
978	5
979	8
980	2
981	2
982	5
983	4
984	4
985	1
986	3
987	5
988	5
989	1
990	4
991	8
992	2
993	7
994	4
995	5
996	4
997	2
998	5
999	5
1000	4
1001	3
1002	1
1003	7
1004	8
1005	3
1006	8
1007	3
1008	6
1009	2
1010	6
17394	1
1011	6
1012	7
1013	5
1014	3
1015	3
17399	1
1016	4
1017	3
1018	6
1019	1
1020	5
1021	6
1022	5
1023	4
1024	4
17408	1
1025	2
1026	8
1027	5
1028	5
1029	3
1031	7
1032	3
1033	9
1034	6
1035	4
1036	3
1037	6
1038	3
1039	5
1040	4
17424	1
1041	3
17426	1
1042	5
1043	5
1044	4
1045	6
1046	7
1047	4
1048	3
17432	1
1049	7
1050	5
1051	3
1052	8
1053	9
1054	3
1055	5
1056	3
1057	2
1058	5
1059	4
1060	4
1061	4
17446	1
1062	8
1064	6
1065	3
1066	3
1067	1
1068	6
1069	9
1070	6
1071	6
1072	6
1073	1
1074	2
17458	1
1075	7
1076	5
1077	3
1078	6
17463	1
1080	7
17464	1
1081	4
1082	1
1083	3
1084	4
1085	6
1086	3
1087	6
1088	5
1089	4
1090	6
1091	6
1092	3
1093	6
1094	4
1095	4
1096	2
1097	7
1098	6
1099	6
1100	1
1101	3
1102	3
1103	5
1104	1
1105	6
1106	7
1107	6
1108	3
1109	3
1110	4
1111	5
1112	8
1113	3
1114	2
1115	2
1116	6
1117	4
1118	5
1119	6
17503	1
1120	6
1121	3
1122	3
1123	6
1124	4
1125	2
1126	6
1127	5
1128	2
1129	4
1130	5
1131	5
1132	5
1133	6
1134	2
1135	2
1136	2
1137	6
1138	4
1139	1
1140	4
1141	4
1142	6
1143	4
1144	1
1145	3
1146	3
1147	4
1148	2
1149	3
1150	6
1151	8
1152	3
1153	4
1154	5
1155	7
1156	2
1157	3
1158	7
1159	2
1160	4
17544	1
1161	2
1162	4
1163	2
17547	1
1164	6
1165	2
1166	4
1167	6
1168	9
1169	8
1170	4
1171	6
1172	5
1173	4
1174	5
1175	3
1176	2
1177	5
1178	3
1179	4
1180	3
1181	3
1182	4
1183	6
1184	3
1185	3
1186	3
17571	1
1187	5
1188	5
1189	3
1190	5
1191	4
1192	4
1193	1
17577	1
1194	4
1195	4
17579	1
1196	9
1197	2
1198	2
1199	2
1200	8
1201	3
1202	5
1203	2
1204	3
1205	4
1206	3
1207	5
1208	3
1209	6
1210	4
1211	4
1212	3
1213	6
1214	4
1215	3
1216	5
1217	3
1218	8
1219	6
1220	3
1221	4
1222	2
1223	7
17608	2
1224	6
1225	3
1226	6
1227	3
1228	1
1229	3
1230	4
1231	2
1232	5
1233	6
1234	2
1235	3
1236	4
1237	3
1238	5
1239	5
1240	7
1241	3
1242	6
1243	5
1244	7
1245	1
1246	5
1247	3
1248	5
1249	3
1250	3
1251	3
1252	3
1253	8
17637	1
1254	3
1255	6
1256	9
1257	9
1258	9
17642	1
1259	3
1260	2
1261	4
17645	1
1262	4
1263	4
1264	1
1265	5
17649	1
1266	3
1267	5
1268	4
1269	2
1270	2
1272	8
1273	3
1274	5
1275	5
1276	4
1277	4
1278	7
1279	1
1280	3
1281	5
1282	4
1283	2
1284	5
1285	3
1286	2
1287	6
17671	1
1288	5
1289	3
1290	5
1291	3
1292	1
1293	3
1294	6
1295	1
1296	2
1297	4
1298	2
1299	2
1300	6
1301	3
1302	3
1303	3
1305	6
1306	4
17690	1
1307	5
1308	2
1309	4
1310	3
1311	2
1312	6
1313	4
1314	1
1315	4
1316	5
1317	4
1318	5
1319	3
1320	7
1321	6
1322	3
1323	6
17707	1
1324	2
1326	7
1327	3
1328	6
1329	4
1330	4
1331	3
1332	5
17716	1
1333	3
1334	3
1335	4
1336	5
1337	6
1338	4
1339	3
1340	2
1341	4
1342	5
1343	4
1344	4
1345	6
1346	3
17731	1
1347	2
1348	8
1349	6
1350	3
17734	1
1351	4
1352	3
1353	5
1354	5
17738	1
1355	4
17739	1
1356	2
1357	9
1358	8
1359	2
1360	4
1361	8
1362	3
1363	6
17747	1
1364	3
1365	4
17749	1
1366	2
1367	3
1368	3
1369	1
1370	1
17754	1
1371	5
1372	3
1373	3
1374	2
1375	3
1376	4
1377	8
1379	3
1380	3
1381	3
1382	5
1383	4
17767	1
1384	4
1385	3
1386	2
1387	4
1388	2
1389	3
1390	3
1391	8
1392	6
1393	1
1394	3
1395	4
1396	6
1397	5
1398	2
1399	3
1400	3
17784	1
1401	4
1402	9
1403	3
1404	4
1405	5
1406	5
17791	1
1408	4
17792	1
1409	3
1410	5
1411	6
1412	3
1413	4
1414	2
1415	4
1416	4
1417	4
1418	4
1419	3
1420	3
1421	2
1422	4
1423	3
1424	3
1425	7
17809	1
1426	2
1427	2
1428	6
1429	2
1430	3
17814	1
1431	3
1432	7
1433	4
17817	1
1435	2
1436	2
1437	5
1438	3
1439	5
1440	3
1441	3
1442	4
1443	2
1444	1
1445	3
1446	3
1447	8
1448	1
1449	3
1450	2
1451	4
1452	2
1453	5
1454	10
1455	2
1456	4
1457	6
1458	4
1459	1
17844	1
1460	9
1461	6
1462	4
1463	2
1464	2
1465	4
1466	5
17851	1
1468	4
1469	8
1470	5
1471	1
1472	2
1473	5
1474	2
1475	2
1476	3
1477	6
17861	1
1478	3
1479	2
1480	3
1481	3
1482	5
1483	7
1484	5
1486	7
1487	4
1488	7
17872	1
1489	3
1490	5
1491	6
17875	1
1492	2
1493	4
17877	1
1494	3
1495	2
1496	2
1497	5
1498	6
1499	4
1500	6
1501	6
1502	5
17886	1
1503	2
1504	7
1505	2
1506	4
17890	1
1507	5
1508	4
1509	6
17894	1
1510	2
1511	3
1512	4
1513	5
1514	3
1515	5
1516	2
1517	5
17902	1
1518	3
1519	3
1520	3
1521	4
1522	3
17906	1
1523	5
1524	4
1525	3
1526	4
1527	2
1528	2
1529	3
17914	1
1530	2
1531	2
1532	3
1533	5
17917	1
1534	2
1535	5
1536	2
1537	3
1538	4
1539	4
1540	5
1541	3
1542	7
1543	5
1544	4
1545	4
1546	1
1547	8
1548	2
1549	4
1550	1
1551	3
1552	4
1553	5
1554	5
1555	3
1556	6
1557	4
1558	3
1559	5
1560	6
1561	3
1562	5
1563	5
1564	5
1565	5
1566	5
1567	3
1568	5
1569	4
1570	4
1571	6
1572	2
1573	2
1574	3
1575	4
1576	5
1577	6
1578	4
1579	8
1580	1
1581	6
1582	4
1583	6
17967	1
1584	8
1585	2
1586	4
17970	1
1587	3
1588	1
1589	1
1590	2
17974	1
1591	2
1592	5
1593	4
1595	5
1596	4
1597	2
1598	5
1599	2
1600	4
1601	4
1602	2
1603	4
1604	1
1605	9
1606	6
1607	5
1608	4
1609	5
1610	7
1611	4
1612	3
1613	7
1614	4
17998	1
1615	4
1616	3
1617	6
1618	3
1619	4
1620	4
1621	6
1622	5
1623	3
1624	3
1625	1
1626	1
1627	4
1628	6
1629	1
1630	4
1631	4
1632	5
1633	8
1634	3
1635	8
1636	4
1637	3
1638	3
18022	1
1639	5
1640	4
18024	1
1641	7
1642	4
1643	2
1644	5
1645	3
1646	7
1647	1
1648	6
18033	1
1649	4
1650	7
1651	3
1652	3
1653	7
1654	4
1655	4
1656	6
1657	7
1658	5
1659	7
1660	4
1661	3
1662	5
18046	1
1663	9
1664	3
1665	5
1666	3
1667	2
1668	4
1669	5
1670	2
1671	3
1672	8
1673	4
1674	6
1675	3
1676	8
1677	3
1678	1
1679	3
1680	5
1681	4
18065	1
1682	6
1683	2
1684	1
1685	8
1686	5
18070	1
1687	3
1688	4
1689	5
1690	2
1691	2
1692	2
1693	7
1694	6
1695	3
1696	3
1697	2
18081	1
1698	11
1699	2
1700	3
1701	6
1702	4
1703	2
1704	2
1705	4
1706	2
1707	4
1708	9
1709	3
1710	4
1711	3
1712	1
1713	4
18097	1
1714	5
1715	2
1716	4
1717	4
1718	11
1719	3
1720	5
1721	6
1722	1
1723	3
1724	7
1725	3
1726	4
1727	8
1728	5
1729	6
1730	1
1731	5
1732	1
1733	1
1734	5
1735	3
1736	2
1737	4
1738	1
1739	4
1740	3
1741	3
1742	8
1743	5
1744	8
18128	1
1745	6
1746	7
1747	5
1748	9
1749	1
1751	3
1752	1
1753	3
1754	2
18138	1
1755	8
18139	1
1756	3
1757	4
1758	6
1759	2
1760	6
1761	6
1762	6
1763	4
18147	1
1764	4
18148	1
1765	5
1766	4
1767	2
18151	2
1768	2
1769	3
1770	6
18155	1
1771	1
1772	4
1773	3
1774	6
1775	3
1776	3
1777	3
1778	4
1779	9
18163	1
1780	1
1781	7
1782	3
1783	4
1784	1
1785	5
18169	1
1786	4
1787	3
1788	1
1789	3
1790	8
1791	2
1792	5
1793	4
1794	5
1795	4
1796	6
18180	1
1797	3
1798	8
1799	3
1800	3
1801	7
1802	4
18186	1
1803	5
1804	4
1805	5
1806	1
1807	9
1808	8
1809	4
18194	1
1810	2
1811	4
1812	5
1813	4
1814	8
1815	3
18199	1
1816	6
1817	7
1818	2
1819	6
1820	1
1821	4
1822	3
1823	4
1824	4
1825	3
1826	6
18210	1
1827	2
1828	3
1829	3
1830	4
1831	3
1832	8
1833	1
1834	4
1835	2
1836	6
1837	8
1838	4
1839	5
1840	4
1841	3
1842	2
1843	3
1844	4
1845	4
1846	7
1847	2
1848	5
1849	8
1850	3
1851	4
1852	3
1853	5
18237	1
1854	7
1855	9
1856	5
1857	9
1858	7
1859	5
1860	3
1861	3
1862	5
1863	2
18247	1
1864	6
1865	3
1866	8
18251	2
1867	5
1868	3
1869	4
1870	3
1871	4
1872	3
1873	5
1874	6
1875	4
1876	4
1877	9
18261	1
1878	5
18262	1
1879	3
1880	2
1881	6
1882	9
1883	7
1884	5
18268	1
1885	2
1886	1
1887	3
1888	9
1889	3
1890	8
1891	2
1892	2
1893	3
1894	6
1895	3
1896	9
18280	1
1897	7
1898	4
1899	5
1900	7
1901	3
1902	5
1903	3
1904	3
1905	9
1906	6
1907	1
1908	4
1909	8
1910	5
18294	1
1911	5
1912	7
1913	2
18297	1
1914	5
1915	3
1916	6
1917	5
1918	6
1919	5
1920	10
1922	3
1923	4
1924	3
1925	6
1926	7
1927	9
1928	4
1929	3
1930	4
1931	4
1932	5
1933	2
1934	5
1935	3
1936	2
1937	3
1938	2
1939	3
1940	3
1941	6
1942	6
1943	3
1944	7
1945	3
1947	6
1948	4
1949	4
1951	5
1952	5
1953	4
18338	1
1954	5
1955	5
1956	4
1957	3
1958	5
1959	1
1960	3
1961	1
1962	3
1963	6
1964	7
1965	8
1966	1
1967	5
1968	2
1969	2
1970	5
1971	4
1972	3
1973	2
1974	10
1975	6
1976	5
1977	3
1978	4
1979	4
1980	4
1981	9
1982	4
1983	8
1984	6
1985	4
1986	7
1987	4
1988	5
1989	3
1990	4
1991	7
1992	7
1993	7
18377	1
1994	3
1995	7
1996	8
1997	4
1998	4
1999	7
2000	4
2001	5
2002	5
2003	4
2004	6
18388	1
2005	5
2006	3
2007	7
2008	5
2009	4
2010	2
2011	1
2012	4
18396	1
2013	4
2014	8
2015	9
2016	4
2017	4
2018	2
2019	7
2020	5
2021	5
2022	6
2023	2
2024	4
2025	3
2026	6
2027	8
2028	6
2029	2
2030	5
2031	3
2032	3
2033	5
2034	2
18418	1
2035	5
2036	5
18420	1
2037	2
2038	2
2039	6
2040	4
2041	9
2042	4
2043	3
2044	8
2045	6
2046	6
2047	5
2048	6
2049	2
2050	7
2051	6
2052	3
2053	2
2054	5
2055	7
2056	4
2057	2
2058	4
2059	4
2060	3
2061	6
2062	4
2063	5
2064	10
2065	7
2066	5
18450	1
2067	5
2068	3
2069	7
2070	3
2071	4
2072	5
2073	2
2074	3
2075	6
2076	2
2077	3
2078	1
2079	3
2080	3
2081	4
2082	8
2083	9
2084	6
2085	6
18469	1
2086	4
2087	3
2088	9
2089	3
2090	7
2091	6
2092	2
2093	4
2094	2
2095	3
2096	5
2097	6
2098	8
2099	8
2100	3
2101	5
2102	8
2103	2
2104	2
2105	6
2106	3
2107	8
2108	3
2109	2
2110	5
2111	7
2112	11
2113	3
2114	5
2115	4
2116	5
18500	1
2117	8
2118	5
2119	6
2120	5
2121	5
2122	6
18506	1
2123	4
2124	5
2125	6
18509	1
2126	7
2127	3
2128	5
2129	5
2130	7
2131	5
2132	6
2133	7
2134	7
2135	6
18519	1
2136	9
2137	8
2138	3
2139	3
2140	3
2141	3
2142	2
2143	3
2144	5
2145	4
2146	3
2147	3
2148	5
2149	3
2150	3
2151	7
2152	4
2153	4
2154	8
2155	5
18539	1
2156	6
2157	6
2158	12
2159	1
2160	6
2161	8
2162	5
2163	2
2164	7
2165	6
2166	7
2167	6
2168	8
2169	5
2170	4
2171	5
2172	5
2173	5
2174	3
2175	3
18559	1
2176	5
2177	2
2178	6
2179	3
2180	7
2181	9
18565	1
2182	3
2183	4
2184	6
2185	3
2186	3
2187	8
18571	1
2188	6
2189	4
2190	4
2191	5
2192	3
2193	4
2194	4
2195	4
2196	2
2197	6
2198	3
2199	14
18583	1
2200	3
2201	5
2202	4
2203	4
18588	1
2204	5
2205	4
2206	5
2207	5
2208	10
2209	5
2210	2
2211	1
2212	7
2213	4
2214	3
18598	1
2215	2
2216	4
2217	2
2218	4
2219	7
2220	2
2221	4
2222	4
2223	5
2224	6
2225	6
2226	5
2227	3
2228	6
2230	4
2231	5
2232	5
2233	5
18617	1
2234	7
2235	5
18619	1
2237	4
2238	4
2239	5
2240	8
2241	3
18625	1
2242	1
2243	4
2244	5
2245	1
2246	6
2247	7
2248	2
2249	3
2250	3
2251	4
2252	4
2253	7
2254	5
2255	7
2256	2
2257	3
2258	4
2259	4
2260	8
2261	2
2262	5
2263	6
2264	6
2265	4
2266	7
2267	4
18651	1
2268	8
2269	5
2270	7
18654	2
2271	5
2272	3
2273	6
2274	2
2275	2
2276	1
2277	5
2278	5
2279	4
2280	2
2281	4
18665	1
2282	5
2283	5
2284	5
2285	3
2286	5
2287	3
2288	4
2289	4
2290	3
18674	1
2291	2
2292	8
2293	3
2294	8
2295	4
18679	1
2296	10
2297	7
2298	6
2299	6
2300	5
2301	6
18685	1
2302	7
2303	8
2304	6
2305	4
18689	1
2306	5
2307	7
18691	1
2309	3
18693	1
2310	5
2311	5
2312	12
2313	1
2314	4
2315	2
2316	4
2317	11
2318	9
2319	3
2320	4
2321	3
2322	6
2323	8
2324	5
2325	5
2326	7
2327	5
2328	7
2329	8
2330	3
2331	3
2332	7
2333	3
2334	5
2335	7
2336	2
18720	1
2337	5
2338	4
2339	4
2340	6
2341	5
2342	4
2343	5
18727	1
2344	3
2345	6
2346	3
2347	5
2348	2
2349	4
2350	4
2351	2
2352	6
2353	3
18737	1
2354	6
2355	2
2356	4
2357	5
2358	8
2359	4
2360	6
2361	5
18745	1
2362	4
18746	1
2363	7
2364	2
2365	7
2366	3
2367	6
2368	3
2369	9
2370	5
2371	5
2372	5
2373	4
2374	8
2375	3
2376	7
18760	1
2377	4
2378	5
2379	6
2380	3
2381	6
2382	5
2383	7
2384	4
2385	4
2386	5
2387	5
2388	6
2389	6
2390	5
2391	4
2392	8
2393	7
2394	5
2395	5
2396	3
2397	3
2398	3
2399	5
2400	5
2401	6
2402	7
2403	5
2404	9
2405	7
2406	2
18790	1
2407	5
2408	5
2409	4
2410	3
18794	1
2411	2
2412	4
2413	7
2414	6
2415	4
2416	5
18800	1
2417	3
2418	4
2419	4
2420	6
18805	1
2421	2
2422	8
2423	7
2424	4
2425	5
2426	5
2427	7
2428	3
2429	6
18813	1
2430	3
2431	5
2432	7
2433	4
2434	1
18818	1
2435	7
2436	4
18821	1
2437	5
2438	3
2439	3
2440	5
2441	2
18825	1
2442	5
2443	5
2444	5
2445	2
2446	2
18830	1
2447	3
2448	1
2449	5
2450	2
2451	7
2452	5
2453	7
2454	2
2455	3
2456	2
2457	7
2458	5
18842	1
2459	7
2460	5
2461	7
2462	6
2463	7
18848	1
2464	5
2465	3
2466	4
2467	2
2468	8
2469	5
2470	4
2471	2
2472	6
2473	11
18857	1
2474	3
2475	1
2476	2
2477	6
2478	3
18862	1
2479	2
2480	6
18864	1
2481	5
2482	3
2483	3
2484	3
2485	3
2486	4
18870	1
2487	6
2488	5
2489	4
2490	6
2491	2
2492	6
2493	7
2494	7
2495	4
2496	2
18880	1
2497	3
2498	5
2499	7
2500	7
2501	3
2502	5
2503	7
18887	1
2504	3
2505	3
18889	1
2506	10
2507	5
2508	5
2509	7
2510	6
2511	9
2512	3
2513	5
2514	3
2515	3
2516	1
2517	6
2518	1
2519	1
2520	5
18905	2
2521	1
2522	2
2523	3
2524	10
2525	7
2526	5
2527	3
2528	3
2529	7
2530	7
2531	1
2532	2
2533	6
18917	1
2534	6
2535	2
2536	2
2537	3
2538	9
2539	5
2540	8
2541	4
2542	8
18926	1
2543	5
2544	5
2545	4
2546	5
2547	2
2548	3
2549	5
2550	4
2551	4
18936	1
2552	3
2553	5
2554	3
2555	5
2556	6
2557	6
2558	6
2559	4
2560	8
2561	3
2562	5
2563	4
2564	4
2565	6
2566	4
2567	6
2568	7
18952	1
2569	8
2570	5
2571	3
2572	5
2573	3
2574	6
2575	7
2576	6
2577	5
2578	3
18962	1
2579	4
18964	1
2580	2
2581	3
2582	10
2583	5
2584	3
2585	6
2586	8
18970	1
2587	4
2588	4
2590	2
18974	1
2591	3
2592	6
2593	5
2594	5
2595	3
2596	5
2597	3
2598	7
2599	2
2600	4
18984	1
2601	6
2602	3
2603	6
18987	1
2604	4
2605	2
2606	3
2607	8
2608	4
2609	3
2610	3
2611	4
2612	7
18997	1
2613	2
2614	3
2615	6
2616	6
2617	7
2618	3
2619	8
2620	7
2621	6
2622	6
2623	6
2624	5
2625	1
2626	4
2627	3
19012	1
2628	2
2629	3
19013	1
2630	3
2631	3
2632	4
19016	1
2633	6
19017	1
2634	2
2635	3
2636	2
19020	1
2637	7
2638	3
2639	6
2640	4
2641	6
2642	7
2643	5
2644	5
19029	1
2645	6
2646	6
2647	7
2648	5
2649	11
2650	7
2651	4
2652	4
2653	8
19037	2
2654	3
2656	6
2657	7
2658	3
2659	3
2660	5
2661	3
2662	5
2663	5
2664	6
2665	4
2666	4
2667	6
2668	3
2669	2
2670	5
2671	7
2672	1
2673	1
2674	5
2675	3
2676	4
2677	5
2678	1
2679	1
2680	3
2681	2
2682	4
2683	3
2684	3
2685	2
2686	3
19070	1
2687	5
2688	7
2689	7
2690	4
2691	1
2692	8
2693	5
2694	1
2695	3
2696	3
2697	4
2698	4
2699	7
2700	4
2701	6
2702	8
2703	5
2704	5
19088	1
2705	4
2706	8
2707	4
2708	6
2709	5
2710	4
2711	3
2712	6
2713	1
2714	4
2715	8
2716	3
2717	5
2718	7
2719	5
2720	3
2721	3
2722	2
2723	2
19107	1
2724	7
2725	3
2726	7
2727	7
2728	6
19112	1
2729	3
2730	8
2731	5
2732	6
2733	4
2734	5
19118	1
2736	3
2737	6
2738	5
2739	7
2740	2
2741	7
2742	1
2743	5
2744	4
2745	3
2746	1
2747	4
2748	8
2749	4
2750	3
2751	5
19135	1
2752	5
2754	4
2755	2
2756	2
2757	5
2758	3
2759	4
2760	3
2761	2
2762	7
2763	7
19147	1
2764	8
2765	6
2766	3
2767	1
2768	2
2769	3
2770	5
2771	7
2772	2
2773	4
2774	6
19158	1
2775	2
2776	4
19160	1
2777	8
2778	9
19162	1
2779	3
19163	1
2780	3
2781	1
19165	1
2782	7
2783	3
2784	5
2785	6
2786	1
2787	2
2788	4
2789	1
2790	4
2791	9
2792	5
2793	5
2794	6
19178	1
2795	5
2796	4
2797	5
2798	6
2799	4
2800	6
19184	1
2801	5
2802	3
2803	7
2804	5
2805	8
19190	1
2806	6
19191	2
2807	5
2808	5
2809	6
2810	6
2811	5
2812	7
2813	3
2814	4
2815	4
2816	7
19200	1
2817	4
2818	5
2819	4
2820	4
19205	1
2821	4
2822	5
2823	1
19207	1
2824	8
2825	2
2826	6
19210	1
2827	3
2828	2
19213	1
2829	1
2830	7
19214	1
2831	5
2832	4
2833	5
19217	1
2834	2
19218	1
2835	2
2836	6
2837	8
2838	6
2839	2
2840	3
2841	3
2842	6
19226	1
2843	3
2844	7
19228	1
2845	4
2846	5
2847	4
2848	4
19232	1
2849	4
2850	3
19234	1
2851	3
2852	3
19236	1
2853	3
2854	6
2855	4
2856	4
19240	1
2857	2
2858	8
2859	5
2860	7
2861	3
2862	3
2863	3
19247	1
2864	7
2865	4
2866	1
19251	1
2868	5
2869	2
2870	4
2871	4
2872	2
2873	6
2874	5
2875	7
19259	1
2876	4
19260	1
2877	4
2878	1
2879	3
2880	5
2881	6
2882	3
2883	3
2884	6
2885	1
2886	7
2887	4
19271	1
19272	1
2888	6
2889	5
2890	6
2891	4
2892	8
19276	1
2893	1
2894	4
2895	9
2896	3
2897	8
2898	7
2899	4
2900	4
19285	1
2901	2
2902	5
19286	1
2903	3
19287	1
2904	3
2905	6
2906	2
19290	1
2907	3
2908	5
2909	2
2910	4
2911	4
2912	3
19297	1
2913	1
2914	2
19298	1
2915	3
2916	4
2917	2
2918	3
2919	4
2920	4
19304	1
2921	5
2922	2
2923	6
2924	1
2925	3
2926	4
2927	6
19311	2
2928	6
2929	3
2930	4
2931	3
2932	5
19317	1
2933	7
2934	4
2935	2
2936	4
2937	3
2938	5
19323	1
2939	5
2940	2
2941	4
2942	6
2943	2
2944	3
2945	4
2946	3
2947	2
2948	2
2949	4
19333	1
2950	1
2951	2
2952	3
2953	5
2954	3
2955	6
2956	5
2957	1
2958	7
2959	2
19343	1
2960	3
2961	3
2962	1
2963	3
2964	1
2965	3
2966	6
2967	3
19351	1
2968	4
2969	5
2970	3
2971	4
2972	5
2973	3
19357	1
2974	3
2975	4
2976	6
2977	4
2978	1
2979	4
2980	4
19364	1
2981	1
2982	5
19366	1
2983	2
2984	5
2985	6
2986	7
2987	3
2988	5
2989	2
2990	3
2991	3
2992	5
2993	2
2995	2
2996	7
2997	4
2998	3
2999	5
19383	1
3000	4
3001	3
3002	3
3003	5
3004	2
3005	3
3006	4
3007	2
3008	3
3009	5
3010	2
3011	3
3012	5
3013	4
3014	7
3015	8
3016	2
3017	2
3018	6
3019	2
19403	1
3020	2
3021	7
19405	1
3022	3
3023	3
3024	2
3025	6
3026	4
3027	5
3028	6
19412	1
3029	2
3030	5
3031	3
3032	5
3033	5
3034	5
19418	1
3035	6
3036	10
3037	7
3038	1
3039	3
3040	5
19424	1
3041	9
19425	1
3042	5
3043	6
3044	8
3045	2
19429	1
3046	5
3047	1
3048	5
3049	3
3050	4
3051	5
19435	1
3052	2
19437	1
3053	5
3054	4
19439	1
3055	2
3056	7
3057	3
3058	5
3059	2
3060	4
3061	9
19445	1
3062	3
19447	1
3063	1
3064	2
19448	1
19449	1
3066	3
3067	2
3068	3
3069	4
3070	2
3071	4
3072	5
3073	5
3074	3
19458	1
3075	2
3076	1
19460	1
3077	3
3078	2
3079	3
3080	1
3081	4
3082	6
3083	3
3084	5
3085	4
3086	4
3087	1
3088	5
3089	2
3090	4
3091	1
3092	3
3093	3
3094	1
3095	7
19479	1
3096	3
3097	4
3098	6
3099	1
3100	4
3102	7
19486	1
3103	4
19488	1
3104	7
3105	1
3106	6
3107	4
3108	3
3109	5
19493	1
3110	4
3111	4
3112	2
3113	1
3114	8
3115	3
3116	4
3117	2
3118	6
19502	1
3119	2
3120	2
19504	1
3121	3
3122	4
19506	1
3123	2
19508	1
3124	1
3125	5
3126	4
3127	2
3128	5
3129	5
19513	1
3130	1
19515	1
3131	2
3132	6
3133	2
3134	6
3135	5
3136	4
3137	1
3138	4
3139	3
3140	8
3141	4
3142	3
3143	5
3144	3
3145	5
3146	4
3147	8
3148	3
3149	6
19533	1
3150	7
3151	4
3152	2
3153	5
3154	6
3155	3
3156	6
3157	3
3158	2
3159	5
3160	4
3161	5
3162	2
3163	3
3164	1
19548	1
3165	1
3166	4
3167	3
3168	1
3169	7
3170	1
19554	1
3171	5
3172	3
3173	5
3174	2
3175	3
3176	5
3177	2
3178	2
3179	3
3180	2
3181	7
3182	5
3183	2
3184	10
3185	4
3186	5
19570	1
3187	3
3188	2
3189	1
3190	1
3191	4
3192	2
3193	1
3194	4
3195	4
3196	6
3197	3
3198	3
3199	4
3200	2
3201	5
19585	1
3202	4
3203	6
3204	2
3205	2
3206	6
3207	2
3208	4
3209	2
3210	3
3211	3
3212	4
3213	7
3214	1
3215	6
3216	1
3217	4
3218	1
3219	3
3220	3
3221	3
3222	3
3223	1
3224	3
3225	1
3226	4
3227	9
3228	1
3229	5
3230	2
3231	3
3232	6
3233	2
3234	2
3235	4
3236	2
3237	4
19621	1
3238	3
3239	5
3240	3
3241	2
3242	2
3243	1
3244	7
3245	3
3246	4
3247	4
3248	1
3249	4
3250	5
3251	4
3252	2
3253	4
3254	3
3255	5
3256	4
3257	8
3258	7
19642	2
3259	2
3260	4
3261	5
3262	2
3263	5
3264	1
3265	5
3266	6
3267	5
3268	2
3269	4
3270	3
3271	1
3272	4
3273	2
3274	4
3275	3
3276	1
3277	4
3278	2
19662	1
3279	3
3280	4
3281	3
3282	4
3283	3
19667	1
3284	3
19668	1
3285	5
3286	7
3287	1
3288	6
3289	4
19673	1
3290	3
3291	8
19675	1
3292	7
3293	2
3294	2
19678	1
3295	4
3296	5
3297	2
3298	2
3299	3
3300	2
3301	3
3302	2
19686	1
3303	3
3304	5
19688	1
3305	3
3306	6
3307	3
3308	3
19692	1
3309	6
3310	7
3311	4
3312	3
3313	2
3314	2
19698	1
3315	6
3316	6
19700	1
3317	5
3318	4
3319	3
3320	4
19704	1
3321	6
3322	4
3323	2
3324	4
3325	5
3326	1
19711	1
3327	1
3328	6
19712	1
19713	3
3329	4
3330	2
3331	4
3332	2
19716	2
3333	6
3334	2
3335	3
3336	1
3337	5
19721	1
3338	2
3339	4
3340	9
3341	4
3342	4
3343	1
3344	5
3345	3
19729	1
3346	3
3347	1
3348	7
3349	4
3350	3
3351	1
3352	2
3353	3
3354	4
3355	4
3356	3
3357	5
3358	4
19742	1
3359	1
3360	5
3361	7
3362	2
3363	4
3364	3
3365	3
3366	4
3367	2
3368	3
19752	1
3369	2
3370	2
19755	1
3371	2
3372	1
19756	1
3373	4
3374	3
19758	1
3375	3
3376	5
3377	1
3378	5
3379	2
19763	1
3380	2
3381	2
3382	3
3383	7
3384	3
3385	4
3386	4
3387	4
3388	2
3389	4
19773	1
3390	5
3391	4
3393	7
3394	4
3395	3
19779	1
3396	4
3397	3
3398	7
3399	5
3400	2
19785	1
3401	3
3402	3
19786	1
3403	5
3404	8
19788	1
3405	4
19790	1
3406	1
3407	3
3408	6
3409	2
3410	1
3411	2
3412	2
19796	1
3413	2
3414	3
3415	2
3416	2
3417	4
3418	1
19802	1
3419	1
3420	2
3421	4
3422	2
3423	4
3424	2
3425	8
19809	1
3426	2
3427	4
19811	1
3429	4
3430	4
19814	1
3431	4
3432	5
3433	6
3434	7
3435	8
19819	1
3436	5
3437	4
3438	1
3439	1
19823	1
3440	5
3441	4
3442	3
3443	2
3444	2
3446	2
3447	6
3448	3
3449	7
3450	2
3451	6
19835	2
3452	2
3453	3
3454	2
3455	1
3456	6
19840	1
3457	4
3458	3
19842	1
3459	6
3460	4
3461	3
3462	1
3463	2
3464	4
3465	3
3466	3
3467	5
3468	7
19853	1
3469	1
3470	1
3471	4
3472	5
3473	1
3474	3
3475	2
3476	1
3477	2
3478	5
3479	5
3480	5
3481	7
3482	5
19867	1
3483	7
3484	5
3485	3
3486	2
19871	1
3487	3
3488	1
3489	1
3490	4
19874	1
3491	6
19875	1
3492	2
3493	6
3494	4
3495	4
3496	5
3497	4
3498	10
3499	3
19883	1
3500	3
3501	5
3502	4
3503	6
19887	1
3504	3
3505	4
3506	3
3507	3
3508	3
3509	4
3510	5
3511	2
3512	3
3513	4
3514	4
3515	6
19899	1
3516	1
3517	4
3518	3
3519	6
19903	2
3520	1
3521	3
3522	3
3523	1
3524	3
3525	4
3527	2
3528	2
3529	3
3530	3
3531	3
3532	2
3533	2
3534	5
19918	1
3535	6
3536	2
3537	6
3538	7
3539	4
19923	1
3540	6
3541	4
19925	2
3542	2
3543	2
3544	4
3545	1
3546	3
3547	1
3548	5
3549	3
3550	6
3551	2
3552	4
3553	1
19937	1
3554	5
3555	2
19939	1
3556	5
19940	1
19941	1
3557	2
3558	3
19942	1
3559	5
3560	1
3561	1
19946	1
3563	4
3564	3
19949	1
3565	4
19950	1
3566	2
3567	4
19951	1
3568	3
3569	6
3570	5
3571	2
3572	4
3573	5
19957	1
3574	3
3575	6
3576	3
3577	3
3578	2
3579	1
3580	2
3581	3
3582	1
3584	2
3585	4
3586	5
3587	4
3588	5
3589	2
3590	5
3591	3
3592	2
3593	1
3594	1
3595	2
3596	1
19980	1
3597	2
3598	5
3599	1
3600	6
3601	4
3602	3
19987	1
3603	1
3604	4
3605	6
19989	1
3606	2
19990	1
3607	3
3608	5
3609	1
3610	1
3611	2
3613	2
3614	7
3615	4
20000	2
3616	2
3617	4
3618	2
3619	3
3620	3
20004	1
3621	5
3622	1
3623	3
20007	1
3624	2
3625	4
3626	3
3627	4
20011	1
3628	4
3629	5
3630	2
3631	4
3632	4
20016	1
3633	2
3634	2
3635	2
3636	1
3637	2
3638	6
3639	4
3640	3
20025	1
3641	6
3642	3
3643	6
3644	2
3645	1
3646	4
3647	4
20031	1
3648	3
3649	3
3651	5
3652	4
3653	5
3654	2
3655	4
3656	3
3657	3
3658	3
3659	1
3660	5
3661	2
3662	2
3663	4
3664	1
3665	1
3666	1
3667	4
3668	1
3669	5
3670	2
3671	1
3672	2
3673	2
20057	1
3674	2
3675	2
3676	4
3677	5
20062	2
3678	1
3679	6
3680	3
3681	4
3682	2
20066	1
3683	3
3684	2
20068	1
3685	9
3686	5
3687	3
3688	3
20072	2
3689	5
3690	5
3691	4
3692	2
3693	3
20078	1
3694	6
3695	2
3696	2
3697	3
3698	2
3699	5
3700	6
3701	4
3702	2
3703	3
20088	1
3704	4
3705	5
3706	4
3707	2
3708	8
3709	1
3710	1
3712	2
3713	4
3714	2
20098	1
3715	1
3716	2
3717	5
3718	2
3719	6
3720	3
3721	2
3722	5
20106	1
3723	1
3724	2
3725	6
3726	2
3727	3
3728	1
3729	4
3730	2
3731	4
3732	1
3733	4
3734	4
3735	1
3736	2
3737	1
3738	2
20122	1
3739	2
3740	2
20125	1
3742	4
3743	3
3744	4
3745	3
20129	1
3746	4
20130	1
3747	5
3748	3
20134	1
3751	3
3752	4
3753	1
20137	1
3754	2
3755	3
3756	2
3757	3
3758	1
3759	4
3760	4
3761	2
3762	3
3763	1
3764	2
3765	3
3766	4
3767	3
3768	3
20153	1
3769	1
3770	2
3771	3
3772	2
20156	2
3773	2
3774	5
3775	1
3776	4
3777	3
20161	1
3778	2
3779	3
3780	1
3781	5
3782	2
3783	2
20168	1
3784	1
3785	1
3786	1
3787	3
3788	1
20173	1
3789	3
3790	3
3791	2
3792	3
3794	2
3795	5
3796	5
3797	6
20182	2
3798	4
3799	3
3800	3
3801	4
3802	5
3803	2
3804	5
3805	13
20189	1
3806	5
3807	5
3809	3
3810	2
3811	5
20195	1
3812	4
3813	3
20198	1
3814	5
3815	2
3816	4
3817	3
3818	2
3819	5
3820	4
3821	4
3823	5
20207	1
3824	4
20208	1
3825	3
3826	3
3827	1
3829	2
3830	4
3831	3
3832	5
3834	3
3835	3
3836	1
3837	1
3838	3
3839	2
3840	5
20224	1
3841	3
3842	2
3843	5
3844	2
3845	2
3846	4
3847	1
20231	1
3848	3
3849	2
3850	4
3851	3
3852	4
3853	9
3854	2
20239	1
3855	3
3856	3
20240	1
3857	3
3858	3
3859	3
3860	1
3861	3
3862	1
3863	4
3864	2
3865	2
3866	3
3867	1
20251	1
3868	6
3869	5
3871	3
3872	4
20256	1
3875	3
3876	7
3877	1
3878	1
3879	5
20263	1
3880	1
3881	1
3882	4
3883	2
3884	2
3885	4
3886	5
3887	4
3888	1
20273	1
3889	4
3890	2
20274	1
3892	4
3893	3
3894	4
3895	1
3896	3
3897	3
3898	3
3899	3
3900	6
20284	1
3901	4
3902	1
3903	3
20287	1
3905	2
3906	2
3907	4
3908	2
3909	2
3910	4
3911	2
3912	2
3913	4
3914	6
20300	2
3916	4
3917	3
3918	3
3919	3
20303	1
3920	2
3921	2
20306	1
3922	2
20307	1
3923	4
3924	1
3925	2
3926	6
3927	2
3928	1
20312	1
3929	6
3930	1
3931	1
20315	1
3932	3
3933	1
3934	3
3935	3
20319	1
3936	4
3937	4
20321	1
3938	4
3939	4
20323	1
3940	3
3941	5
3942	5
3943	2
3944	2
3945	1
3946	3
3947	2
3948	3
3949	4
20334	1
3951	2
3952	3
3953	3
3954	2
3955	2
3956	5
3957	1
3959	3
20344	1
3960	5
3961	6
20345	1
3962	3
3963	1
3964	1
20348	1
20349	1
3965	6
3967	5
20352	1
3969	2
3971	2
20355	2
3972	5
3973	1
3974	3
20358	1
3975	3
3976	1
3977	3
3978	2
3979	2
20363	1
3980	2
20364	1
3981	2
20365	1
3982	2
3984	3
3985	3
3986	3
3987	1
3988	2
3989	3
20373	1
3990	3
3991	1
3992	2
20376	1
20377	1
3993	3
3994	1
20379	1
3996	3
3997	3
3998	2
3999	4
4000	4
4001	3
4002	4
4003	5
4004	3
4005	5
20389	1
4006	7
4007	5
4009	3
4010	1
20395	1
4011	3
20396	1
20397	3
4013	4
4014	1
20398	1
4015	2
4016	2
4017	7
4018	1
4019	4
4020	2
20404	1
4021	4
4022	3
20406	1
4023	4
4024	4
4025	3
20409	1
20410	1
4026	4
4027	2
20412	1
4028	3
4029	5
4030	2
4032	4
4033	1
4034	4
4035	2
4036	4
4037	4
4038	3
4039	2
4040	1
4041	4
4042	1
4043	1
4044	3
4045	2
4046	1
4047	4
4048	2
20433	1
4049	1
4050	3
4051	3
4052	1
4053	2
4054	4
20438	1
4055	4
4056	3
4057	2
4058	1
4059	4
4060	3
4061	4
4063	1
20448	1
4064	1
4065	2
20449	1
4066	5
20450	2
4067	1
20451	1
4068	5
4069	4
4070	2
4071	2
4072	4
4073	3
4074	7
20458	2
4075	5
4076	2
4077	3
4078	1
20462	1
4079	3
4080	4
20464	1
4082	1
4083	3
20468	1
4084	1
4085	2
4086	5
4087	2
4088	3
20473	1
4089	1
4090	3
4091	3
4092	1
4093	4
4094	2
20478	1
4095	1
4096	3
4097	4
4098	3
20483	1
4099	4
4100	1
4101	3
4102	6
4103	4
4105	5
20490	1
4106	4
4107	4
20491	1
4108	4
4109	3
4110	1
4111	8
4112	1
4114	6
20498	2
20499	1
4115	1
20500	1
4116	4
4117	5
4118	2
4119	3
4120	4
4121	3
20505	1
4122	4
4123	1
4124	2
20508	1
4125	2
4126	1
4127	3
4128	2
4129	1
20513	1
4130	1
20514	1
20515	1
4131	1
4133	1
4134	2
20518	1
4135	4
4136	3
20520	1
4137	1
4138	5
4139	2
4140	1
4141	1
20526	1
4143	3
4144	3
4145	1
4146	2
4147	2
4148	1
20533	1
4150	3
4151	5
4152	2
4153	3
20537	1
4154	2
4155	5
4156	1
20541	1
4157	1
4158	2
4159	2
4160	3
4161	1
20546	1
4162	6
4163	2
4164	1
20548	1
4165	2
4166	3
20551	1
4167	5
4169	3
4170	1
4171	2
20555	1
4172	1
20556	1
4173	3
20557	1
4174	3
4175	1
4176	3
4177	1
20561	1
4178	4
4179	4
4180	3
4181	2
4182	3
4183	2
4184	5
4185	4
20570	1
4186	4
4187	2
4188	3
20572	1
4189	2
20575	1
4191	3
20576	3
4192	6
4193	1
4194	1
4195	3
4196	2
4197	6
4198	1
4199	1
4200	2
4201	1
4202	1
4203	4
4204	2
4205	2
4206	1
4207	4
4208	2
4209	2
20594	1
4211	2
4212	6
4213	1
20597	1
4214	1
4215	3
4216	3
20600	1
4217	6
4218	3
4219	3
4220	2
20604	1
4221	3
20605	1
4222	2
20606	1
4223	1
4224	2
4225	2
20609	1
4226	3
20611	2
4227	6
4228	2
4229	2
4230	3
4231	3
4232	5
4233	2
4234	2
4235	2
20619	1
4236	1
20620	1
4237	4
20621	1
4238	4
4239	2
4240	2
4241	4
20625	1
4242	3
4243	2
20628	1
4244	1
4245	1
4246	2
4248	2
4249	5
4250	5
4251	3
20636	3
4252	1
4253	5
4254	1
20639	2
4255	6
4256	3
4257	1
4258	2
4260	1
4261	4
20645	1
4262	3
4263	3
4264	2
20648	1
4265	6
4266	8
4267	3
20652	1
4268	2
4269	1
20654	2
4270	1
4271	2
4273	2
4274	2
20658	1
4276	5
4278	1
4279	7
4280	2
4281	4
4282	4
4283	2
20667	2
4285	3
4287	3
4288	2
4289	1
4290	1
4291	2
4292	1
20676	1
4293	4
20677	1
4294	3
4296	2
20680	1
4297	1
4298	4
4299	2
20683	1
4300	3
20684	1
4301	4
4302	3
4303	6
20687	1
4304	1
4306	3
4308	3
4309	3
4310	4
4311	3
20696	1
4312	4
4313	3
20697	1
4315	4
20700	2
4316	1
4317	3
20702	2
4318	1
4319	4
20703	1
20704	2
4320	1
4321	1
4322	3
4323	4
4324	2
4325	3
4326	1
4327	5
4328	1
4329	3
4330	2
20715	1
4332	3
4333	3
4334	5
4335	4
4336	3
20721	2
4337	2
4338	4
4339	1
4340	6
4341	5
4342	5
4343	3
20727	1
4344	3
20728	1
4345	5
4346	4
4347	2
20731	1
4348	2
4349	5
4350	1
20735	1
4351	3
4352	1
4353	3
4354	4
4355	1
4356	2
4357	3
20741	1
4358	2
4359	5
20743	1
4360	2
20744	1
4361	2
4362	3
4363	2
4364	3
4365	4
4366	2
4368	1
4369	2
4370	1
4371	1
4372	2
4373	1
4375	4
20759	1
4376	2
4377	2
4378	3
4379	1
20764	1
4380	2
4381	3
20766	1
4382	1
4383	1
4384	2
4386	1
4387	2
20771	1
4388	6
4389	1
20773	1
4390	3
4391	1
4393	2
4395	1
4396	1
20781	1
4398	2
4399	4
4400	1
4401	2
4402	2
4403	3
4404	1
20788	1
4405	2
20791	1
4407	4
4408	3
20792	2
4409	3
20794	1
4411	1
4412	4
4413	2
4414	2
4415	2
4416	2
20801	1
4417	3
4418	1
4419	3
4420	3
4421	5
4422	3
4423	2
4424	3
4425	3
20810	1
4426	2
4427	3
4428	3
4429	3
20813	1
20815	1
4431	1
4434	3
4435	4
4436	3
20821	1
4437	2
4438	2
4439	4
4440	5
4441	3
4442	3
4443	1
4444	2
20828	1
4445	1
4446	4
20831	1
4448	5
20832	1
4449	4
4450	3
4451	2
4453	3
4454	1
4455	2
4457	5
20842	2
4458	1
20843	1
4459	2
4461	2
20846	2
4462	2
4463	1
4464	1
4466	2
4467	4
4468	2
4470	2
4471	2
4473	4
4475	2
4476	4
4477	4
20861	1
20862	1
4478	3
4479	1
20863	1
4480	2
4481	1
4482	3
20866	1
4483	1
4484	3
4485	4
4486	2
20870	1
4487	4
20871	1
4488	1
20872	1
4489	1
20874	1
4490	1
4491	1
4492	2
20876	2
4493	4
4494	1
20878	2
4495	2
4496	3
4497	3
4498	2
4499	2
4500	2
4501	1
4502	3
4503	2
4504	1
20888	1
4505	5
20889	1
4506	2
4507	3
20892	1
4508	3
4509	2
4510	3
4512	2
20897	1
4513	1
4514	1
4516	3
4517	6
4518	1
4519	1
20903	1
4520	1
20905	1
4522	4
20906	1
4523	2
4524	3
20909	1
4525	2
4526	3
4527	4
4528	1
4529	2
4530	2
4532	2
4533	1
20918	1
4534	2
4535	3
4536	2
4537	1
4538	3
20922	2
4539	2
4540	1
4541	3
4543	6
20927	1
4545	2
20930	1
4546	1
4547	1
4548	2
4549	5
4550	3
4551	2
4552	1
4553	3
4554	2
4555	2
4556	5
20940	1
4558	1
20942	1
4560	2
20944	1
4561	4
4562	2
20946	1
4563	2
20947	1
4564	1
4565	3
4566	2
4567	4
4568	1
4569	1
4570	1
20954	1
4572	3
20956	1
4573	2
4574	1
4575	4
4576	1
4577	5
4578	1
4579	2
4580	5
20965	1
4581	3
4582	2
4583	1
20968	2
4584	6
4585	2
20969	1
4586	3
4587	2
4588	1
20973	1
4590	5
4591	2
4592	4
4593	3
20977	1
4594	4
4595	5
20979	1
4596	3
4598	1
4599	4
4600	3
4601	2
4602	6
4603	1
4604	3
4605	2
4606	5
4607	3
4608	1
4609	2
20993	1
4610	1
20994	1
20995	1
4611	3
4612	2
20997	1
4614	3
4615	2
4616	2
4617	4
4618	3
4619	3
4620	3
21004	1
4622	2
21006	1
4623	1
21007	1
4624	4
4625	1
4626	4
21010	2
4627	4
4628	6
4629	5
4630	6
4631	9
21015	1
4632	7
4633	6
21017	1
4634	6
4635	4
4636	3
4637	2
21021	2
4638	4
21022	1
4639	7
4640	4
4641	5
4642	2
4643	6
4644	2
4645	1
21029	1
4646	4
21031	1
4647	2
4648	4
4649	2
4650	3
4651	3
4653	1
4654	4
4655	3
21039	1
4656	3
21041	1
4657	6
4658	2
4659	4
21043	1
4660	3
21044	1
4661	1
4662	3
21046	1
4663	4
4664	2
4665	3
21051	1
4668	1
4670	1
4671	3
4672	2
4673	3
4674	1
4675	3
4676	5
21060	1
4677	2
4678	1
4680	2
4681	3
4682	1
4683	2
4684	4
4685	4
21069	1
21070	1
4686	2
4688	2
4689	2
4690	2
4691	4
4692	5
4693	3
4694	2
4695	3
4696	3
4697	1
4698	2
21083	1
4700	5
4702	2
4703	2
21087	1
21088	1
21089	2
4705	2
4706	6
21090	1
4707	1
21091	1
4708	4
21092	1
4709	2
4710	1
4711	2
4712	2
4713	1
4714	4
4715	1
21100	2
4717	2
21102	1
4718	4
4719	2
4720	4
4721	5
21107	1
4723	1
4725	3
4726	1
21112	1
4729	3
21113	1
4730	1
21114	1
4731	2
21115	1
4732	1
4733	2
4734	1
4735	3
4736	5
4737	1
21121	1
4738	1
21122	1
4739	1
21123	1
21124	1
4740	1
21125	2
4741	2
4742	1
21128	1
4744	3
4745	1
4746	2
4747	4
4749	3
4750	1
4751	6
21135	1
4752	5
4754	3
4755	4
4756	3
4757	2
21142	1
4758	2
4759	1
4760	3
21145	1
4761	5
4763	2
21148	2
4764	5
4765	2
4766	1
21152	2
4770	2
4771	5
4772	1
4773	3
4774	3
4775	2
4776	3
21160	1
4777	3
4778	2
21163	2
4779	1
4780	4
4781	1
4782	1
4783	1
4784	2
4785	1
4786	4
4787	2
4789	2
21173	1
4790	3
21174	1
4791	1
4793	1
4794	2
4795	4
4796	1
4797	2
4798	3
4799	1
4800	1
4801	2
4802	6
4803	3
4804	1
4805	2
4806	2
4807	1
4808	2
4809	2
21194	1
4810	2
4811	4
4812	4
4813	1
4814	3
4815	1
4816	3
4817	3
21201	1
4818	4
21202	1
4819	2
4820	3
21204	1
4821	1
4822	3
4823	1
4824	2
4825	1
4826	1
21210	1
4827	1
4828	1
21212	1
4829	1
4830	3
4831	4
4832	1
4833	1
4834	2
21219	2
4835	2
4836	2
4837	2
4838	3
4839	1
4840	3
4842	1
4843	2
4845	3
21230	1
4847	2
4850	1
4851	2
4852	2
21236	1
4853	1
4854	3
4855	2
4856	4
4857	1
4858	2
4859	2
4860	3
21244	1
4861	2
4862	1
4863	2
4865	3
21249	1
4866	4
4867	1
4868	1
4869	1
4870	6
4871	5
4872	2
4873	3
4874	2
4875	4
4876	3
21260	1
4877	3
21263	1
4879	5
4880	1
21264	1
4881	4
21265	1
4882	6
4883	1
4884	3
4885	1
21270	1
4886	5
4887	3
4888	3
4889	2
21274	1
4890	1
4891	2
4892	2
21276	1
4893	3
4894	2
4895	2
21279	1
4896	4
4897	2
4898	3
4899	1
4900	2
21284	1
4901	1
4902	2
21286	1
21287	1
4904	5
4905	1
4906	3
4907	1
4908	3
4909	1
21293	1
4910	2
4911	5
4912	4
4913	1
4914	2
4915	3
4916	2
21300	2
21302	2
4919	1
4920	2
4922	2
21306	1
4923	4
4924	3
21308	1
4925	3
4926	1
4927	2
4928	3
4929	3
4930	3
4931	2
4932	2
4934	2
21319	2
4935	3
4936	2
21320	1
4937	4
4938	3
4939	1
21323	1
4940	2
4941	2
4942	2
4943	3
21327	1
4944	1
4945	2
4946	1
4948	2
4949	2
4950	2
21335	1
4952	4
4953	1
4954	1
4955	1
4956	1
4957	1
21342	1
4958	8
4959	1
4960	4
4961	1
4962	2
4963	4
4964	3
4966	3
21350	2
4968	3
4969	2
4970	1
4971	1
4972	2
4973	3
4974	6
4975	1
4976	2
21361	1
4977	3
4978	3
4980	1
21364	1
4981	1
4982	2
4983	1
4984	1
4985	3
4986	3
4987	2
4988	3
4989	1
4990	3
21374	1
4991	1
4992	3
4993	2
21378	1
4994	2
4995	3
4996	1
4997	2
4998	2
4999	1
5000	3
5001	2
21385	1
5003	1
5004	2
5005	1
21389	1
5006	2
5007	4
5008	1
21393	1
5009	3
21395	2
5011	1
5012	2
5013	1
5014	3
5015	5
21399	1
5016	1
5017	2
5018	4
21403	1
5020	2
21404	1
5021	4
21406	1
5024	3
21409	1
5025	1
5026	1
5027	2
5028	3
5030	2
5031	4
5032	2
21417	1
5034	1
5035	2
5036	4
5037	1
21422	1
5038	3
5039	3
5040	3
5041	3
5042	3
21427	1
5044	4
21428	1
5045	1
5046	5
5047	2
5048	1
5049	3
5050	1
5051	4
5053	4
5054	1
5055	4
21439	1
5056	2
5057	1
5058	1
5059	4
5060	2
5061	3
5062	3
21447	1
5064	5
5065	3
5066	3
5067	2
21451	1
5068	1
21452	1
5069	3
5070	2
5072	1
21456	1
5073	2
5074	3
5075	2
5076	2
5077	3
21461	1
5078	4
5079	2
5080	1
5081	3
5082	1
5083	1
5085	2
5086	4
21471	1
5088	1
5089	1
5090	1
5091	1
5092	4
5093	5
5094	1
5098	4
21483	1
5101	3
5102	2
5103	4
5104	3
21488	1
5105	2
5109	3
21493	1
5110	3
5111	4
5112	3
5114	2
5115	1
5116	1
5117	1
5118	3
5119	2
21503	1
21505	1
5121	1
5122	1
5123	1
5124	3
5125	2
21510	1
5126	6
5127	1
5128	1
5130	3
5131	3
5132	2
5133	1
5134	3
5135	2
5136	1
5137	3
5138	4
5139	2
5140	3
5142	1
5143	2
21527	1
5144	2
21529	1
5146	2
5147	6
5148	3
5149	1
5150	1
5151	1
5153	2
21539	1
5155	4
5156	1
5157	1
5158	3
5159	2
21544	2
5160	4
5161	2
5162	4
5163	1
5164	5
5165	3
5166	1
5167	2
5168	3
5169	2
21553	1
5170	3
5171	2
5172	1
5173	2
5174	2
5175	1
21559	1
5178	3
5179	1
5180	3
5181	4
5182	2
21566	1
5183	1
5184	1
5185	2
5186	3
5187	1
5189	1
21573	1
5190	2
5191	1
5192	4
5193	2
5194	1
5195	1
5196	4
5197	4
5198	1
5199	2
5200	2
5201	1
21585	1
5202	1
5203	1
5204	3
5205	1
5206	2
5207	2
5208	3
21592	1
5210	1
5211	2
5212	3
5213	3
5214	1
5215	2
5216	3
5217	3
5218	2
5219	1
5220	3
5221	2
5222	3
5223	1
5224	4
5225	2
5226	3
21610	1
5227	1
5228	2
5229	2
5230	1
5231	3
5232	1
5233	1
5234	2
5235	2
5236	4
5237	2
5239	3
5241	1
5242	3
21626	1
5243	4
5244	2
5245	1
5246	1
21630	1
5247	1
21631	1
5248	3
5250	2
5254	2
5255	6
5256	3
5257	1
5258	3
5259	5
5260	2
5261	2
5262	3
5264	1
21649	2
5265	3
5266	1
5267	2
5268	4
5269	2
5270	2
5271	2
5273	2
5274	1
21658	1
5275	3
5276	2
5277	3
5278	3
5279	3
5280	2
5281	1
5282	2
21666	1
5283	2
5284	1
5285	2
5286	1
5287	1
5288	3
21672	1
5289	2
5290	1
5291	3
21675	1
5292	1
5294	1
5295	2
5296	4
5297	3
5298	3
5300	2
5301	3
5302	1
5303	1
21687	1
5304	2
5305	2
5306	3
5307	2
5308	3
21692	1
5309	2
5311	1
21695	1
5312	4
5313	4
5315	2
5316	2
21700	1
5317	2
21701	1
5318	6
21702	1
5319	2
5320	1
5321	4
5322	1
21706	1
5323	2
5324	1
5326	1
5327	1
5328	4
5329	1
5330	1
5331	2
5332	1
5336	2
5337	3
5338	4
21722	1
5339	2
5341	2
5342	4
5343	1
5344	2
5345	1
5346	1
5347	2
5349	1
5350	1
21734	1
5351	3
5352	1
5353	1
5354	2
21739	1
5355	2
5356	2
5357	4
5358	2
5360	2
5361	2
5362	4
21746	1
5363	3
5364	1
5366	2
5367	2
5368	2
5369	1
5371	2
5372	2
5373	3
5374	1
5375	4
5376	1
5377	2
5378	1
21762	1
5379	1
5382	3
5384	1
21768	1
5385	1
5386	2
5387	1
5388	2
5390	1
5392	3
5393	2
5394	2
5395	3
21779	1
5396	1
5397	1
5398	1
21782	1
5399	2
5400	1
5401	4
5402	1
5403	1
5405	4
5406	2
5407	6
5408	1
5409	3
5411	1
5412	1
5413	3
5415	2
5416	2
5419	2
5420	2
5421	2
5422	1
5423	2
5424	2
5425	3
21809	1
5426	3
5427	1
5428	2
5429	1
5430	2
5432	1
5433	2
5434	3
5435	2
5436	1
5437	3
5438	3
21822	1
5439	2
5440	3
21824	1
5441	1
5442	3
5443	1
5444	1
5445	2
21829	1
5448	3
5449	1
5450	3
5452	2
5453	2
5454	1
5455	3
5456	2
5457	3
5458	4
5459	3
5460	1
5461	1
5462	2
5463	2
5464	1
5465	2
5466	3
5467	1
5469	3
5470	1
5471	2
5472	4
5473	2
21858	1
5475	1
5477	1
5478	1
5479	2
5480	2
21864	1
5482	2
5483	2
5484	3
5485	2
21869	1
5486	1
5487	1
5489	1
5490	1
5494	2
5495	1
5496	2
5497	2
5498	3
5499	1
5500	2
5501	2
5502	3
5503	1
5504	1
5505	2
5506	1
5508	2
5510	2
5511	7
5512	3
5513	5
5514	1
5515	3
5516	2
21901	1
5517	2
5518	1
5519	4
5520	3
5521	3
21905	1
5524	1
5525	2
5526	3
5527	1
5528	2
5529	4
5531	2
5535	3
5537	3
5538	3
5539	3
5540	1
5541	3
5542	2
5543	2
5544	4
5545	2
5546	2
21931	2
21932	1
5549	3
5550	2
5551	1
21936	1
5553	2
5554	1
5555	2
5556	1
5557	2
5558	3
5562	2
5564	1
5565	2
21950	1
5566	1
5567	3
5568	1
5569	1
5570	3
5571	1
5572	2
5573	2
5574	2
5575	3
5576	1
5577	1
5579	3
21963	1
5580	2
5581	2
5582	1
5583	1
5584	1
5585	1
5586	2
5587	1
5588	2
5590	1
5591	3
5592	2
21976	1
5593	1
5595	3
5596	1
5597	2
5598	3
5599	2
5600	1
5601	2
5602	1
21987	1
5603	1
5604	1
5605	1
5606	3
5607	1
5608	1
5609	3
5610	2
5611	1
5612	1
5613	4
5614	1
5615	2
5616	6
5617	1
5618	1
5619	2
5620	2
5623	2
22008	1
5624	3
5625	2
5626	2
5627	2
5628	1
5629	1
5630	5
5631	1
22015	1
5632	1
5633	1
5634	3
5635	1
5636	1
5637	3
5641	3
5642	1
5643	2
5644	2
5647	1
5648	2
5649	1
5651	1
5653	1
5654	3
5655	1
5656	1
5657	2
5658	1
5659	4
5660	1
5661	1
5662	1
5663	1
5664	2
22049	1
5665	3
5666	1
5667	1
5669	1
5670	3
5671	1
5674	2
5675	2
5676	1
5677	1
5678	1
22063	1
5681	2
5684	1
5686	4
5688	1
22072	1
5690	2
5693	1
5695	1
22080	1
5696	1
5698	1
5699	1
5700	1
5701	1
5702	1
5703	3
5705	1
22089	1
5708	2
5709	2
5710	2
5711	1
5712	2
5715	1
5716	1
22100	1
5718	1
5719	1
5720	1
5721	1
5722	4
5723	1
5724	1
5726	1
5729	1
5730	1
5731	2
5732	3
5733	2
5734	2
5736	1
5737	1
5738	1
5740	2
5742	2
5743	3
5744	2
5745	2
5747	1
5748	1
5749	3
5750	2
5751	1
5752	1
5753	2
5754	2
5755	1
5757	1
5758	1
5759	3
5760	1
5761	1
5763	4
5765	1
5767	1
5768	3
5771	2
5772	3
5773	1
5774	1
5775	1
5776	3
5777	2
5778	1
5779	2
5780	1
5781	2
5782	4
5783	3
5786	5
5788	3
5789	1
5790	3
22174	1
5791	1
5794	3
5796	5
5797	2
5798	2
5800	2
5801	3
5802	1
5803	1
5804	2
5805	2
5806	1
5807	1
5808	2
5809	2
5810	3
5812	1
5813	1
5814	3
22198	1
5816	2
5817	5
5820	3
5821	2
5822	1
5823	3
5824	3
5825	3
22209	1
5826	2
5828	3
22212	1
5830	1
5832	4
5833	2
5835	2
5837	5
5838	2
5839	2
5841	2
5842	4
5843	1
5844	1
5845	1
5848	1
5849	2
5850	1
5851	1
5852	1
5853	1
5854	1
22238	1
5855	2
22239	1
5856	2
5859	4
5860	3
5861	1
5862	1
5863	1
5864	1
5865	2
5869	2
5870	1
5871	2
5873	3
5874	2
22258	1
5875	3
5877	1
5878	3
5879	2
22263	1
5880	1
5881	2
5882	2
5883	2
5884	3
5885	2
5886	4
5887	1
5888	3
5889	1
5890	2
5891	1
5892	1
5893	3
5894	1
22278	1
5895	1
5896	2
5897	1
5900	2
22285	1
5903	1
5904	3
5905	3
5906	1
5907	1
5908	1
5909	1
5910	1
5911	1
5912	1
5913	3
22297	1
5914	1
5915	2
5916	4
5917	2
5918	1
5919	1
5920	1
5921	2
5922	1
5923	2
5924	2
5925	2
5926	2
5927	1
5929	3
22313	1
5931	1
5932	2
5933	1
5935	2
5936	1
5940	3
5941	1
5943	3
5944	2
5946	6
5947	3
5948	2
5951	1
5952	2
5955	1
5956	1
5958	4
5959	2
5960	2
5961	2
5962	2
5963	2
5966	1
5967	1
5968	1
5969	2
5970	1
5971	2
5973	3
5974	3
5975	1
5977	2
5978	3
5979	1
5980	1
5981	1
5982	1
5983	1
5984	1
5985	1
5986	2
5987	1
5988	2
5989	3
5990	4
5992	1
5994	5
5997	2
5998	3
22382	1
6000	1
6004	2
6005	1
6006	3
6007	1
6009	2
6013	1
6015	3
6016	1
6017	2
6019	1
6020	1
6022	1
6023	2
6025	3
6026	1
6027	2
6028	1
6029	1
6030	1
6031	2
6032	3
6033	2
6034	2
6035	2
6038	1
6039	1
6040	2
6042	2
6045	1
6047	1
6048	1
6049	3
6050	1
6052	3
6053	2
6054	1
6055	1
6056	2
6057	3
22441	1
6058	2
6059	2
6061	1
6062	1
6063	1
6066	2
6068	2
6069	1
6070	1
6073	3
6074	1
6075	2
6077	1
6078	2
6079	3
6081	1
6085	2
6087	2
6089	2
6091	2
6092	1
6093	1
6096	1
6099	1
6100	1
6102	1
6103	3
6106	1
6107	2
6109	2
22495	1
6113	1
6114	2
6115	3
6116	1
6119	2
6122	1
6123	3
6124	2
6125	2
6126	2
6127	1
6128	1
6129	2
6131	1
6133	1
6134	2
6135	3
6136	1
6137	1
6138	1
6139	1
6142	2
6144	1
6145	1
6147	1
6148	2
6150	2
22534	1
6152	1
6153	3
6155	2
6156	1
6159	2
6163	1
6164	4
6165	1
6166	2
6168	1
6169	1
6170	2
6171	2
6172	3
6173	2
6175	1
6176	1
6177	3
6181	1
6182	1
6183	1
6187	1
6189	2
6191	2
6192	1
6193	1
6194	2
6195	1
6196	4
6197	1
6198	3
6200	1
6201	2
6203	3
6204	2
6205	1
6206	2
6208	2
6209	1
22594	2
6212	1
6214	2
6215	4
6216	1
6217	2
22601	1
6219	2
6220	2
6221	1
6222	2
6225	1
6227	1
6228	1
6229	4
6230	1
6232	1
6233	1
6234	3
6235	4
6236	4
6238	2
6239	1
6240	4
6244	1
6246	1
6250	1
6254	1
6255	1
6256	2
6257	1
6259	3
6260	2
6261	1
6262	3
6264	2
6266	1
6267	1
6268	1
6270	1
6271	1
6272	1
6273	2
6275	1
6278	1
6279	2
6280	1
6281	1
6282	3
6283	1
6284	2
6285	1
6287	3
6288	2
6289	2
6290	3
6291	1
6292	2
6293	1
6294	2
6295	1
6297	4
6298	2
6300	1
6302	2
6305	3
6307	2
6308	2
6310	2
6311	2
6312	1
6313	1
6315	1
6316	2
6318	4
6319	1
6320	1
6321	1
6322	2
6323	2
6324	1
6326	1
6327	4
22712	1
6328	1
6331	5
6333	1
6335	1
6337	1
6338	2
6339	1
6340	1
6341	2
6346	1
6347	1
6348	1
6350	1
6352	2
6353	2
6355	2
6356	1
6357	1
6358	1
6359	1
6361	1
6362	2
6363	3
6364	2
6366	2
6367	2
6368	1
6369	1
6370	1
6371	2
6374	1
6375	4
6378	1
6379	2
6380	1
6381	1
22765	1
6382	2
6383	3
6384	1
6386	4
6388	3
22772	1
6390	1
6391	1
6392	1
6393	3
6394	2
6395	1
6396	2
6398	1
6399	4
6402	1
6404	2
6405	2
6406	1
6412	1
6413	1
6414	1
6415	2
6416	2
6418	3
6419	1
6420	2
6421	2
6423	2
6424	3
6425	1
6426	3
6427	1
6429	1
6430	2
6432	4
6434	1
6435	1
6437	2
6440	1
6441	2
6443	2
6447	1
6448	1
6450	2
6451	2
6455	1
22841	1
6458	1
6459	2
6460	1
6461	1
6463	1
6464	1
6466	1
6467	3
6468	1
6469	2
6470	1
6471	2
22856	1
6474	1
6475	1
6477	1
6478	1
6479	4
6480	1
6481	2
6483	1
6484	1
6485	2
6486	2
6487	1
6488	2
6490	2
6491	3
6493	1
6495	1
6496	1
6501	3
6502	2
6503	1
6504	3
6505	1
6506	3
6507	2
6510	2
6511	1
6512	3
6513	1
6516	1
6517	2
6518	4
6519	2
6521	3
6523	1
6524	1
6525	1
6526	2
6527	2
6529	1
6530	2
6533	2
22917	1
6534	1
6536	1
6537	1
22923	1
6539	1
6540	1
6541	2
6544	1
6545	1
6547	1
6550	1
6552	2
6553	2
6555	1
6557	1
6558	3
6559	2
6560	1
6561	1
6565	3
6566	4
6567	2
6568	1
6570	1
6571	2
22955	1
6572	1
6573	1
6574	1
6577	5
6579	1
6580	1
6581	1
6583	1
6584	3
6585	1
6588	2
22972	1
6589	2
6590	1
6591	1
6592	1
6594	1
6595	1
6596	2
6597	2
6598	3
6599	2
6602	1
6603	3
6607	1
6608	2
6609	1
6610	2
6611	1
6613	3
6614	1
6615	1
6616	1
23000	1
6619	1
6621	3
6623	2
6625	1
6627	1
6628	1
6629	1
6630	1
6633	1
6636	2
6638	2
6639	2
6640	1
6641	1
6642	1
6644	1
6645	2
6646	1
6647	2
6648	1
6649	1
6650	1
6651	2
6652	1
6654	1
6655	1
6656	1
6659	1
6661	2
6662	1
6663	2
6666	1
6669	1
6673	1
6675	1
6676	1
6677	2
6679	1
6680	1
6682	1
6685	2
6686	3
6687	1
6688	2
6689	1
6690	1
6691	2
6692	2
6693	1
6694	2
6695	1
6696	1
6698	1
6699	1
6701	2
6702	2
6703	1
6705	1
6706	1
23091	1
6709	1
6712	2
6716	2
6718	2
6721	1
6722	2
6723	2
6724	2
6725	1
6727	3
6728	1
6729	1
6730	2
6731	1
6733	4
6735	3
6736	3
6740	2
6741	1
6743	1
6745	4
6749	1
6750	2
6754	1
6755	5
6756	1
6757	1
6760	1
6761	2
6762	1
6763	1
6764	1
6765	3
6767	1
6769	2
6770	1
6771	1
6773	2
6775	2
6779	2
23164	1
6780	1
6781	1
6785	1
6787	1
6789	1
6790	1
6791	2
6792	1
6795	2
6796	2
6797	3
23182	1
6798	1
6799	1
6800	1
6801	2
6802	3
6803	1
6804	1
6805	1
6806	2
6807	1
6808	1
6809	1
6810	1
6812	3
6813	1
6815	1
6817	2
6819	2
6821	2
6822	3
6823	2
6824	1
6825	2
6827	2
6830	1
6831	1
6835	1
6836	2
6837	2
6839	1
6842	2
6843	1
6844	1
6845	1
6847	3
6848	1
6849	1
6850	3
6851	2
6852	1
6853	1
6854	1
6855	2
6856	1
6857	1
6859	1
6861	1
6862	1
6866	2
6868	1
6869	1
23253	1
6872	2
6873	1
6874	1
6878	1
6880	1
6881	2
6882	2
6884	2
6885	2
6888	3
23273	1
6894	1
6896	1
6897	1
6898	3
6901	1
6903	2
6904	1
6906	3
6907	1
6909	2
6910	1
6913	1
6915	2
6917	1
6919	2
6922	1
6923	1
6924	1
6925	1
6926	1
6927	1
6931	1
6932	1
6933	1
6934	1
6936	1
6939	1
6941	3
6942	3
6943	2
6945	2
6949	1
6950	2
6951	1
6954	1
6957	1
6958	1
6959	1
6961	1
6962	1
6963	2
6964	1
6965	1
6966	2
6967	1
6969	1
6970	1
6971	1
6972	2
6976	1
6978	1
6979	1
6980	1
6981	1
6982	1
6983	1
6984	1
6986	2
6988	2
23372	1
6989	1
6990	1
6992	3
6993	1
6994	1
6995	1
6997	2
6999	2
7000	2
7001	2
7003	1
7004	2
7005	2
7007	2
7008	2
7009	1
7010	1
7013	3
7014	2
23399	1
7015	1
7016	3
7017	2
7018	1
7020	1
7023	3
23410	1
7026	1
7029	2
7031	2
7032	1
7034	1
7036	1
7038	2
7040	2
7041	1
7043	1
7044	1
7047	1
7050	1
7054	1
7055	2
7056	1
7057	1
7058	2
7061	1
7062	2
7063	1
7065	1
7067	4
7068	1
7069	1
7071	2
7074	2
7075	1
7077	1
7079	1
7080	1
7081	1
7082	1
7083	1
7086	2
7087	2
7090	1
7091	2
7092	2
7093	1
7094	1
7095	1
7096	2
7097	1
7098	2
7099	1
7101	3
7103	2
7104	2
7109	1
7110	1
7116	1
7118	2
23503	1
7119	2
7121	2
7125	1
7128	1
7131	1
7132	1
7134	2
7136	1
7137	2
7141	2
7142	1
7145	1
7147	1
7148	1
7149	1
7150	1
7151	1
7152	2
7153	1
7154	1
7155	1
7157	3
7163	3
7164	2
7165	1
7166	1
7167	2
7168	4
7169	4
7170	4
7171	1
7173	1
7174	1
7176	2
23562	1
7179	2
7180	2
7182	3
7183	1
7184	2
7186	1
7187	1
7191	2
7192	1
7193	3
7195	1
7196	1
7197	1
7200	1
7201	2
7204	1
7205	1
7206	2
7207	2
7208	1
7210	2
7211	1
7212	1
7214	1
7215	1
7217	1
7219	1
7222	2
7223	1
7226	1
7228	2
7229	1
7231	1
7233	4
7234	3
23620	1
7237	1
7240	1
7242	2
7243	1
7244	1
7247	1
7249	1
7250	1
7251	1
7253	1
7254	4
7255	2
7256	1
7259	2
7263	1
7264	1
7267	1
7268	1
7272	3
7273	1
7277	2
7278	1
7281	1
7283	1
7284	2
7285	1
7287	1
23672	1
7290	1
7291	1
7296	1
7297	2
7298	2
7299	2
7300	1
7302	1
7303	2
7305	1
7306	1
7307	2
7310	1
7311	1
7312	1
7313	1
7314	1
7315	2
7317	1
7320	1
7325	1
7328	2
7330	1
7333	2
7334	1
7336	1
7337	2
7338	1
7339	1
7341	1
23726	1
7342	1
23727	1
7345	1
23729	1
7346	2
23730	1
23731	1
7348	2
23732	1
23733	1
7350	1
23734	1
23735	1
7352	1
23736	1
7353	3
7355	1
7358	1
7359	1
7360	2
7361	1
7363	1
7364	2
23748	1
23749	1
23750	1
7367	1
7368	1
7370	1
7372	1
7373	1
7375	3
7376	1
7378	1
7379	2
7380	2
7381	2
7385	2
7386	1
23770	1
7387	1
23772	1
7390	1
7391	1
7393	1
23779	1
23785	1
7401	1
7404	1
7406	1
7408	2
23793	1
23798	1
7415	3
7416	1
7417	1
7418	1
7420	3
7422	1
7425	1
7426	2
7427	1
7429	3
7430	1
7431	1
7434	1
7436	2
7437	2
7438	1
23826	1
7443	1
7445	1
7446	1
7447	1
23831	1
23832	1
7448	1
23833	1
7449	1
23834	1
7450	1
7451	1
23835	1
7452	3
23836	1
23837	1
23838	1
7454	1
23839	1
23840	1
7456	1
23841	1
7457	2
23842	1
23843	1
23844	1
23845	1
23846	1
23847	1
7466	2
7469	1
7470	1
7472	1
7474	2
7476	1
7479	3
7482	1
7483	2
7486	1
7489	1
7496	2
7499	4
7500	1
7502	1
7503	1
7504	3
7507	1
7508	1
7509	2
23894	1
7511	1
7513	1
7515	1
7516	2
7517	4
7518	1
7519	3
7520	2
7522	1
7523	3
7524	1
7528	3
7529	1
7533	3
7534	1
23918	1
23919	1
7537	1
7538	1
7541	1
7546	2
7547	1
7549	1
7551	1
7552	1
7553	2
7555	1
7558	1
7560	2
7561	1
7563	1
7564	1
7568	2
7569	3
7570	1
7573	3
7575	1
23959	1
7576	1
7578	1
7579	1
7581	2
23967	1
7586	1
7588	1
7590	1
7592	3
23976	1
7593	1
7594	3
7595	1
7596	1
7598	1
7602	1
7604	1
7606	3
7607	1
7608	2
7609	1
7610	1
7611	1
7613	1
7617	1
7619	1
7620	1
7621	1
7622	2
7624	1
7626	1
7631	1
7633	1
7636	1
7637	2
7638	2
7644	1
7645	1
7647	1
7648	1
7649	2
7650	1
7655	1
7660	2
7661	1
7665	1
7666	2
7672	1
7673	3
7674	1
7675	1
7677	1
7679	1
7682	1
7683	3
7686	1
7687	1
7688	2
7692	1
7693	3
7694	1
7696	1
7697	2
24082	1
7703	1
7705	1
7707	1
7709	1
7712	1
7714	1
7716	1
7718	1
7722	1
7723	1
7725	1
24109	1
7728	2
7729	1
7730	1
7732	3
7733	1
7734	2
7746	1
24131	1
7748	3
7749	4
7750	1
7751	2
7753	1
24137	1
24138	1
7754	1
7758	1
7761	2
24147	1
7766	1
7767	1
7768	1
7770	1
7771	2
24156	1
7772	2
7775	2
7776	1
7777	1
7778	1
24164	1
7780	1
7782	1
7784	2
7788	1
7792	2
7793	1
7797	2
7800	1
7801	1
7802	1
7803	1
7805	1
7808	1
7809	1
7811	3
7812	1
7815	1
7816	2
7817	1
7818	1
24205	1
7826	1
7827	1
7828	1
7829	2
7830	1
7831	1
7833	1
7839	1
7840	2
7842	1
7845	1
7849	1
7851	2
7852	1
7853	2
7855	3
7858	2
7860	3
7864	1
7865	2
7867	2
7868	3
7869	1
7871	1
7874	1
7875	2
7877	2
7878	1
7881	3
7882	1
7883	1
7885	2
7888	2
7889	1
7891	1
7892	1
7894	2
7896	3
7900	1
7901	1
7902	1
7912	1
7914	2
7915	1
7917	1
7918	1
7919	1
7920	1
7924	1
7926	2
7927	3
7931	1
7933	2
7936	2
7938	1
7940	1
7941	1
7943	1
7944	1
7946	3
7948	1
7951	1
7953	1
7954	1
7956	1
7958	1
7965	1
24351	1
7969	1
7972	2
7973	1
7978	4
7982	2
7986	3
7999	1
8002	1
8003	1
8007	1
8009	1
8010	1
8014	2
8016	2
8018	1
8021	2
8023	1
8025	1
8026	2
8031	1
8034	1
8035	1
8037	2
8043	1
8045	1
8050	1
8051	1
8054	1
8057	1
8058	1
8059	1
8060	1
8063	1
8065	1
8066	1
8071	1
8072	2
8074	1
8076	2
8077	1
8079	1
8080	1
8082	1
8084	2
8085	2
8087	1
8090	1
8092	2
8093	3
8094	1
8095	1
8097	1
8099	1
8100	2
8103	1
8107	1
8108	1
8110	1
8112	2
8114	1
8117	1
8120	2
8122	1
8124	1
8127	1
8131	1
8136	1
8138	1
8139	2
8140	1
8143	2
8144	1
8145	1
8147	1
8151	1
8152	2
8153	1
8156	2
8162	1
8163	2
8164	1
8167	1
8169	1
8170	1
8172	2
8175	1
8178	1
8180	1
8181	1
24567	1
8185	1
8187	1
24572	2
8188	1
8200	1
8202	1
8203	2
8207	1
8208	2
8210	2
8212	1
8214	1
8215	1
8216	1
8217	3
8218	1
8220	1
8225	1
8226	1
8227	1
8230	1
8234	1
8239	3
8240	2
8243	2
8245	1
8246	1
8249	1
8250	1
8252	1
8258	1
8261	1
8262	2
8263	1
8264	1
8267	1
8270	1
8272	1
8274	2
24658	1
8277	1
8284	1
8285	1
8286	1
8289	1
8291	1
8297	1
8298	1
8299	2
8301	1
8302	2
8303	1
8306	1
24697	1
8313	1
8314	1
8318	1
8319	1
8320	1
8321	1
8323	1
8326	2
8328	1
8329	1
24713	1
8330	1
8332	1
8336	1
8347	2
8352	1
8354	1
8356	1
8357	1
8358	1
8359	3
8360	1
8361	3
8362	1
8363	2
8365	1
8366	1
8373	2
8374	1
8377	1
8380	1
8381	1
8383	1
8385	1
8386	1
8392	2
8393	1
8395	2
8399	1
8400	1
8407	1
8410	1
8412	2
8415	1
8419	1
8420	1
8422	1
8424	1
8427	1
8430	1
8433	1
8434	1
8436	2
8437	1
8438	1
8442	2
8443	1
8444	1
8448	1
8449	1
8451	1
8452	1
8453	1
8455	1
8456	1
8462	1
8463	1
8467	1
8468	2
8469	1
8472	2
8475	1
8478	1
8481	1
8482	1
8487	1
8489	1
8491	1
8494	1
8498	2
8501	1
8502	2
8504	1
8505	1
8507	1
8509	2
8510	1
8514	1
8515	1
8520	1
8523	1
8532	2
8533	2
8536	1
8540	1
8542	1
8543	1
8550	1
8551	1
8552	1
8556	1
8557	1
8560	1
24948	1
8564	1
8565	1
8573	1
8575	1
8576	2
8577	2
8578	1
8582	1
8587	1
8588	1
8590	2
8593	1
8594	1
8597	1
8599	2
8600	2
8607	1
8608	1
8612	1
8613	1
8622	1
8623	1
8624	1
8625	1
8626	3
8629	1
8630	1
25018	2
8634	2
8637	2
8646	1
25031	1
8648	1
8650	1
8660	1
8664	1
25055	1
8674	1
8676	1
8681	1
8685	1
8687	1
8691	1
8693	1
8698	1
8700	1
8701	1
8702	1
8705	4
8711	2
8713	1
8714	1
8715	1
8718	1
8730	1
8733	1
8737	1
8739	2
8741	1
8745	1
8749	1
8750	1
8754	1
8755	1
8758	2
8760	1
8767	1
8768	1
8770	1
8774	1
8776	1
8778	1
8780	1
8782	2
8783	1
8786	1
8794	1
8795	1
8803	1
8806	1
8817	1
8823	1
8828	1
8829	2
8831	1
8833	2
8841	1
8844	1
8849	1
8850	3
8857	1
8858	1
8862	1
8864	1
8867	1
8869	2
25256	1
8877	1
8878	2
8879	1
8880	1
25271	1
8889	1
8890	1
8895	1
8897	1
8898	2
8900	1
8906	1
8909	2
8918	1
8921	1
8922	2
8925	1
8927	1
8930	1
8940	1
8942	1
8946	1
8947	1
8958	1
8962	1
8968	1
8969	1
8970	1
8972	1
8976	1
8981	1
8985	1
8986	1
8997	1
9001	1
9005	1
9009	1
9010	1
9021	1
9023	1
9024	1
9025	1
9026	1
9028	1
9035	1
9036	1
9037	1
9039	1
9040	1
25425	1
9049	2
9050	1
9056	1
9058	1
9059	2
9062	1
9066	1
9071	1
9073	1
9075	1
9077	1
9087	1
9089	1
9090	1
9094	1
9098	1
25484	1
9104	1
9105	2
9107	1
9108	2
9109	1
9112	1
9113	1
9116	1
9118	3
9120	1
9124	1
9125	1
9131	1
9133	1
9134	1
9136	1
9138	2
9145	1
9151	1
9155	1
9157	1
9158	2
9166	1
9169	1
9171	1
9173	1
9179	3
9182	2
9185	1
9186	1
9187	1
9188	1
9190	2
9194	2
9199	1
9200	1
9205	1
9206	1
9209	1
9218	2
9220	2
9226	1
9228	1
9231	2
9233	1
9237	1
9242	1
9244	1
9246	1
9248	1
9249	1
9255	1
9258	4
9263	2
9265	1
9267	1
9270	1
9272	1
9273	1
9274	1
9276	1
9277	1
9278	2
9279	3
9280	1
9281	1
9289	1
9292	2
9293	1
9294	1
9297	1
9299	1
9306	2
9317	2
9318	1
9321	2
9322	1
9328	1
9329	1
9335	1
25722	1
9340	2
25725	1
9343	1
9345	1
9346	1
9347	1
9348	1
9350	1
9352	2
9355	1
9358	1
9360	1
9361	1
9367	1
9372	2
9374	2
9381	1
25768	1
9385	1
9386	1
9387	1
9388	1
9390	1
9393	1
9394	1
9395	1
9405	1
9406	1
9414	1
9415	1
9419	1
9420	1
9421	1
9422	1
9423	1
9426	2
9431	1
9444	2
9446	1
9452	1
9455	1
9458	1
9461	1
9464	2
9468	1
9471	1
9476	1
9477	2
9483	1
9485	2
9491	1
9492	1
9498	1
9499	1
9500	1
9501	1
9503	2
9506	1
9508	1
9509	1
9510	1
9516	2
9517	2
9518	3
9524	1
9527	1
9528	1
9530	1
9533	1
9541	1
9543	1
9547	1
9548	1
9552	1
9554	1
9555	1
9558	2
9559	1
9562	1
9571	1
9574	1
9575	1
9577	1
9580	1
9585	2
9595	1
9598	1
9599	1
9601	1
9609	2
9610	1
9611	1
9613	1
9616	1
9617	2
9625	1
9634	1
9647	2
9652	1
9660	1
9662	1
9663	1
9664	1
9666	1
9675	1
9676	1
9678	1
9679	1
9681	1
9684	1
9687	1
9688	1
9697	2
9699	1
9709	1
9711	1
9718	1
9723	1
9727	1
9735	2
9736	1
9738	1
9741	1
9742	1
9750	1
9751	1
9752	1
9757	1
9760	1
9762	1
9763	2
9768	1
9781	1
9782	1
9784	1
9788	1
9790	1
9791	1
9803	1
9806	1
9808	1
9811	2
9813	1
9815	1
9829	1
9831	2
9832	1
9833	1
9834	1
9837	1
9843	2
9844	1
9848	1
9857	1
9859	1
9861	1
9863	1
9864	1
9866	2
9878	1
9881	1
9884	1
9885	2
9891	1
9892	2
9893	1
9900	1
9903	1
9911	1
9913	1
9919	1
9920	1
9921	2
9922	1
9930	1
9931	1
9933	1
9935	3
9936	1
9939	1
9944	1
9946	1
9948	1
9959	1
9965	1
9969	1
9972	2
9982	1
9983	1
9989	1
9992	1
9996	1
9997	1
10008	1
10011	3
10012	2
10014	1
10017	1
10018	1
10021	1
10023	2
10025	1
10029	2
10038	1
10042	1
10043	1
10044	1
10046	1
10050	1
10054	1
10056	1
10059	1
10086	1
10095	1
10100	1
10111	1
10120	1
10128	1
10133	1
10134	1
10136	1
10138	2
10140	1
10147	1
10153	1
10155	1
10160	1
10163	2
10165	2
10167	1
10175	1
10178	1
10182	1
10191	2
10201	1
10203	1
10205	1
10214	2
10222	1
10226	1
10227	1
10231	1
10232	1
10234	1
10248	1
10254	2
10257	2
10261	3
10263	1
10266	1
10274	1
10280	1
10283	2
10287	1
10290	1
10296	1
10298	2
10300	1
10305	1
10306	1
10316	1
10319	1
10320	1
10324	1
10325	2
10327	1
10330	1
10332	1
10336	1
10358	1
10362	1
10363	1
10367	1
10368	1
10369	1
10370	1
10374	1
10382	1
10392	1
10393	1
10394	1
10398	1
10400	1
10405	1
10408	1
10413	1
10414	1
10418	1
10421	1
10422	1
10425	1
10426	1
10428	1
10431	3
10432	1
10440	1
10443	2
10447	1
10454	2
10457	1
10459	2
10471	1
10472	1
10485	1
10487	1
10488	1
10491	1
10495	1
10499	1
10502	1
10503	1
10506	1
10510	1
10515	1
10516	1
10517	1
10520	1
10521	1
10532	1
10537	1
10538	1
10541	1
10550	1
10558	1
10561	1
10581	1
10586	1
10595	1
10597	1
10599	1
10606	1
10607	2
10609	1
10614	1
10616	1
10620	1
10627	1
10634	2
10638	1
10639	1
10640	1
10651	1
10653	1
10660	1
10662	1
10663	1
10665	1
10667	1
10670	2
10671	1
10673	2
10675	1
10679	1
10681	1
10682	1
10684	1
10692	1
10696	1
10697	1
10707	1
10708	1
10709	1
10711	1
10713	2
10717	1
10726	1
10729	1
10731	1
10735	2
10736	1
10740	2
10748	1
10756	1
10763	1
10768	1
10775	2
10778	1
10786	1
10790	2
10793	1
10794	1
10796	1
10800	3
10803	1
10811	1
10817	1
10818	1
10823	1
10848	1
10852	1
10862	1
10864	2
10870	1
10873	1
10877	1
10878	1
10880	1
10881	1
10882	1
10883	2
10886	1
10890	1
10894	1
10895	1
10900	1
10905	1
10906	1
10907	1
10919	2
10925	1
10933	1
10935	1
10943	1
10952	1
10969	1
10971	1
10984	1
10989	1
10998	1
11004	1
11018	2
11024	1
11034	1
11037	1
11041	2
11046	1
11049	1
11050	1
11055	1
11057	1
11060	1
11068	1
11071	2
11073	1
11080	1
11087	1
11090	1
11094	1
11097	1
11099	1
11106	1
11116	1
11117	1
11133	1
11143	1
11161	1
11166	1
11175	1
11180	1
11193	1
11194	1
11198	1
11199	1
11207	1
11211	1
11219	3
11220	1
11226	1
11234	1
11248	1
11249	1
11250	1
11262	1
11266	1
11272	1
11273	1
11280	1
11281	1
11285	1
11290	1
11295	1
11296	1
11297	1
11303	2
11306	1
11313	1
11315	1
11319	1
11327	1
11335	1
11348	1
11349	1
11354	1
11356	1
11366	2
11377	1
11393	1
11402	1
11407	1
11411	1
11414	1
11417	1
11420	1
11424	1
11429	1
11431	1
11433	1
11435	2
11440	1
11444	1
11448	1
11463	1
11469	1
11472	1
11473	1
11474	1
11484	1
11493	1
11507	1
11508	1
11517	1
11526	1
11527	1
11532	1
11536	2
11541	1
11552	1
11553	2
11558	1
11560	1
11563	1
11567	1
11587	1
11592	1
11593	1
11595	1
11615	1
11622	1
11634	1
11635	1
11642	2
11649	1
11656	1
11660	1
11668	1
11671	2
11677	1
11678	1
11679	1
11686	2
11690	1
11691	1
11694	1
11701	1
11708	1
11709	1
11724	1
11737	1
11740	1
11748	1
11751	1
11759	1
11763	1
11768	1
11772	1
11773	1
11776	1
11785	1
11787	1
11798	1
11800	1
11804	1
11815	1
11821	1
11826	1
11831	1
11837	1
11848	1
11867	1
11873	1
11884	1
11885	1
11887	2
11890	1
11891	1
11897	1
11898	1
11902	1
11903	1
11918	1
11921	1
11926	1
11934	1
11937	1
11939	2
11940	1
11946	2
11954	1
11955	2
11956	2
11970	1
11986	1
11993	1
12007	1
12008	1
12010	1
12015	1
12024	1
12047	1
12056	1
12057	1
12059	1
12061	1
12067	1
12078	1
12080	1
12082	1
12091	1
12093	1
12094	1
12111	1
12117	1
12120	1
12121	1
12122	1
12132	1
12135	1
12158	1
12159	2
12166	1
12167	1
12168	2
12182	1
12185	1
12192	1
12193	1
12195	1
12198	1
12216	1
12224	1
12228	1
12253	1
12258	1
12261	1
12264	1
12273	1
12274	1
12298	1
12310	1
12312	1
12314	1
12320	1
12336	1
12344	1
12348	1
12350	1
12358	2
12360	1
12366	1
12370	1
12380	1
12383	1
12398	1
12410	1
12414	1
12417	1
12419	2
12420	1
12423	1
12441	1
12443	1
12446	1
12452	1
12453	1
12454	1
12470	1
12479	2
12484	1
12494	1
12495	1
12506	1
12508	1
12512	1
12525	1
12540	1
12542	1
12544	1
12546	1
12550	1
12558	1
12559	1
12561	1
12565	1
12578	2
12589	1
12592	1
12611	1
12620	1
12621	1
12622	1
12633	1
12638	1
12650	1
12652	1
12670	1
12675	1
12683	1
12694	1
12695	1
12699	1
12707	1
12717	1
12720	1
12734	1
12737	1
12757	1
12758	1
12759	1
12764	1
12769	1
12781	1
12786	1
12812	1
12813	1
12823	1
12830	1
12832	1
12834	1
12845	1
12849	1
12850	2
12853	1
12859	1
12866	1
12885	1
12888	1
12905	1
12912	1
12913	1
12916	1
12928	1
12931	2
12932	1
12946	1
12958	1
12968	1
12985	1
12992	1
12993	1
13002	1
13007	1
13040	1
13044	1
13050	1
13060	1
13071	1
13086	1
13087	1
13089	1
13091	1
13100	2
13101	1
13112	1
13115	1
13125	1
13126	1
13135	1
13139	1
13140	2
13155	2
13160	1
13164	1
13165	1
13171	1
13174	1
13181	1
13182	1
13183	1
13184	1
13195	1
13198	1
13204	1
13207	1
13209	1
13214	1
13215	1
13219	1
13224	1
13225	1
13230	2
13240	1
13243	1
13250	1
13254	1
13263	1
13271	1
13277	1
13289	1
13297	1
13300	2
13341	1
13346	1
13350	1
13363	1
13374	1
13384	1
13394	1
13400	1
13402	1
13407	1
13422	1
13427	1
13442	1
13470	1
13484	1
13486	1
13489	1
13494	1
13497	1
13504	1
13508	1
13531	1
13533	1
13535	1
13536	1
13537	1
13538	1
13544	2
13545	1
13554	1
13561	1
13573	1
13576	1
13582	1
13585	1
13586	1
13594	2
13600	1
13608	1
13614	1
13625	1
13626	1
13632	1
13634	1
13636	1
13638	1
13640	1
13653	1
13656	1
13658	1
13659	1
13667	2
13670	1
13673	1
13708	1
13712	1
13721	1
13722	1
13731	1
13740	1
13741	1
13742	1
13743	2
13751	1
13774	1
13803	1
13805	1
13809	1
13812	1
13820	1
13828	1
13844	1
13846	2
13857	1
13858	1
13863	1
13866	1
13891	1
13894	1
13912	1
13924	1
13932	1
13933	1
13951	2
13956	1
13971	1
13973	1
13974	1
13992	1
13994	1
14000	2
14003	1
14004	2
14012	1
14016	1
14020	1
14024	2
14029	1
14043	1
14050	2
14072	1
14081	1
14090	1
14092	1
14093	1
14106	1
14110	1
14112	1
14119	1
14124	1
14130	1
14133	1
14140	1
14141	1
14147	1
14154	2
14156	1
14166	1
14180	1
14188	1
14191	1
14194	1
14199	1
14218	1
14231	1
14235	1
14241	1
14252	1
14253	1
14256	1
14259	1
14265	1
14272	1
14280	1
14283	2
14288	1
14293	1
14329	1
14342	1
14357	2
14381	1
14387	2
14394	1
14402	1
14406	2
14415	1
14421	1
14426	2
14427	1
14436	1
14438	1
14443	1
14454	1
14459	1
14460	1
14469	1
14481	2
14483	1
14486	1
14487	1
14489	1
14493	1
14496	2
14503	1
14506	1
14516	1
14518	1
14519	1
14526	1
14533	1
14537	1
14545	1
14548	1
14550	2
14564	1
14577	1
14580	1
14609	1
14623	1
14631	1
14635	1
14639	1
14651	1
14656	1
14657	1
14679	1
14680	1
14689	1
14707	1
14743	1
14755	1
14764	1
14766	1
14769	1
14785	1
14787	1
14809	1
14822	1
14824	1
14830	1
14835	1
14837	2
14849	1
14850	1
14853	1
14855	1
14857	1
14862	2
14863	2
14868	2
14876	1
14885	1
14893	1
14910	1
14916	1
14917	1
14926	1
14929	1
14931	1
14938	1
14944	1
14945	1
14946	1
14961	1
14969	1
14981	1
14998	1
15010	1
15022	1
15038	1
15041	1
15046	1
15048	1
15052	1
15061	1
15064	1
15072	1
15077	1
15080	1
15096	1
15113	2
15116	1
15119	1
15123	1
15136	1
15147	1
15150	1
15155	1
15157	1
15162	1
15164	2
15173	1
15178	1
15192	1
15194	1
15198	1
15200	1
15209	1
15225	1
15227	1
15237	1
15243	1
15255	1
15256	1
15261	1
15266	1
15273	1
15277	1
15279	1
15281	1
15303	1
15308	2
15325	1
15334	1
15356	1
15357	1
15389	1
15398	1
15400	1
15410	1
15411	1
15437	1
15449	1
15469	1
15514	1
15524	1
15534	1
15543	1
15580	1
15583	1
15607	1
15609	1
15617	1
15625	1
15630	2
15656	1
15681	1
15703	1
15717	1
15728	1
15742	1
15759	1
15761	1
15763	1
15764	1
15768	1
15770	1
15771	1
15773	1
15775	1
15791	1
15793	1
15820	1
15823	1
15825	1
15828	1
15829	2
15851	1
15852	1
15867	1
15873	1
15907	1
15909	1
15913	1
15927	1
15930	1
15939	1
15955	1
15964	1
15972	1
15986	1
15994	1
16008	1
16011	1
16014	1
16041	1
16050	1
16067	1
16076	1
16090	1
16092	1
16094	1
16119	1
16128	1
16132	1
16134	1
16137	1
16148	1
16158	1
16159	1
16160	1
16182	2
16183	1
16222	1
16228	1
16235	1
16241	1
16246	1
16255	1
16260	1
16282	1
16285	1
16294	2
16305	1
16322	1
16323	1
16328	1
16343	1
16347	1
16353	1
16354	1
16369	1
16377	1
16381	1
