16384	1
1	16
16385	1
2	15
3	14
4	19
16388	1
5	7
16389	1
6	11
7	14
8	12
16392	1
9	8
10	21
11	10
12	14
16396	1
13	12
14	14
15	17
16	16
17	21
18	13
19	21
20	16
21	13
22	17
23	11
16407	1
24	17
25	10
26	15
16410	3
27	13
28	18
16413	1
29	11
30	11
16414	2
31	11
32	16
16416	1
33	12
34	8
35	10
16419	1
36	9
37	13
38	14
39	13
16424	2
40	15
41	14
16426	2
42	11
43	8
44	13
45	18
46	12
16430	1
47	24
48	13
49	19
16433	1
50	10
51	20
16435	1
52	17
53	9
54	19
16438	2
16439	2
55	16
56	17
57	16
16441	1
58	16
59	17
60	11
61	20
16445	1
62	13
63	10
64	18
65	14
16449	1
66	10
16450	1
67	9
68	16
69	16
16453	1
70	10
71	15
16455	1
72	8
16456	1
73	10
16457	1
74	19
75	9
76	16
77	8
16462	1
78	13
79	18
16463	1
80	12
81	11
82	9
83	13
84	16
85	11
86	14
87	15
88	8
89	13
90	13
91	14
16475	1
92	6
93	19
94	6
95	8
96	13
97	11
98	7
16483	1
99	10
100	16
101	14
16485	1
102	17
16486	1
103	8
16488	1
104	12
105	13
106	10
107	9
108	8
109	11
110	8
111	14
16495	1
112	14
113	15
114	5
115	15
16499	1
116	7
117	10
118	9
119	5
16503	1
120	13
121	11
122	8
123	6
16508	1
124	5
125	10
126	10
127	7
128	9
129	12
130	6
131	8
132	7
16516	1
133	11
134	11
16518	1
135	12
16519	1
136	6
137	10
138	14
139	9
16524	2
140	6
141	8
142	12
16527	1
143	9
144	13
16528	1
145	14
146	9
147	11
148	8
149	7
150	9
151	5
152	5
153	5
154	9
155	8
156	7
157	11
158	5
159	7
160	6
161	12
16545	1
162	11
163	10
164	9
165	5
166	6
167	7
168	7
169	7
170	7
171	9
16555	1
172	4
173	4
174	5
16558	1
175	9
176	7
177	14
178	6
16562	2
179	5
180	7
181	5
182	7
183	10
184	12
185	9
16569	1
186	4
187	8
16571	1
188	8
189	6
190	5
16574	1
191	8
16575	2
192	6
193	4
194	10
195	8
196	8
197	8
198	9
16582	1
199	7
200	12
201	7
202	4
203	4
204	6
205	11
16590	1
206	9
207	7
208	9
209	10
210	5
211	3
16595	1
212	7
16596	1
213	5
214	9
215	8
16599	1
216	7
217	8
218	8
16603	1
219	6
220	5
16604	1
221	9
222	5
223	6
224	12
225	6
226	9
227	7
228	5
16612	1
229	8
230	11
16615	1
231	2
232	8
16616	1
233	9
234	5
16618	1
235	8
16619	1
236	5
237	7
238	6
16622	1
16623	1
239	4
240	5
241	5
242	9
16627	1
243	9
244	4
16628	2
245	4
246	11
247	5
248	6
249	11
250	8
16634	1
251	8
252	8
16636	2
253	4
254	5
255	7
256	5
257	3
258	8
259	3
260	5
261	7
262	3
263	6
264	4
265	6
266	8
267	5
16651	1
268	3
16652	1
269	6
270	7
16654	1
271	1
16655	1
272	6
273	7
274	9
275	8
276	7
277	12
16661	1
278	3
16662	1
279	5
280	7
281	8
16665	1
282	3
283	9
284	4
285	2
286	8
287	8
288	6
289	2
16673	1
290	4
16674	1
291	4
292	11
293	7
294	12
295	5
296	4
297	6
298	5
299	9
300	7
301	8
302	8
303	6
304	5
305	9
306	5
16690	1
307	5
308	9
309	5
310	9
311	5
16695	1
312	4
313	5
314	5
315	7
316	5
317	9
318	4
319	9
16703	1
320	7
321	6
322	1
323	3
324	2
325	13
326	4
327	3
328	7
329	4
16714	1
330	2
331	8
332	5
333	6
334	6
335	6
16719	1
336	8
337	7
16721	1
338	11
339	7
340	4
341	8
16725	1
342	4
343	5
16728	1
344	5
345	3
16729	2
346	6
347	6
348	11
16732	1
349	5
350	8
351	5
352	6
353	4
354	5
355	7
356	6
357	6
358	2
16742	1
359	5
361	1
362	4
363	7
16747	1
364	8
365	3
366	6
367	5
368	4
369	2
16754	1
370	1
371	5
372	6
373	1
374	4
375	5
376	5
16760	1
377	7
378	3
379	4
16763	1
380	3
381	3
16765	1
382	8
383	8
384	3
385	10
386	10
387	5
388	6
16773	1
389	3
390	4
391	7
392	5
393	7
16777	1
394	7
395	6
396	5
397	5
16781	1
398	1
399	3
400	1
401	9
402	7
403	3
404	6
16788	1
405	5
406	4
407	4
408	3
409	3
410	3
411	4
16795	1
412	4
413	6
16797	1
414	2
16798	1
415	5
416	6
417	4
418	3
419	3
420	2
421	5
422	4
16806	1
423	4
424	4
425	4
426	6
16811	1
427	5
428	5
429	7
430	8
431	4
432	2
433	4
434	5
435	5
436	3
437	2
16821	1
438	7
439	4
16823	1
440	8
441	6
442	6
16826	1
443	3
444	6
445	4
446	9
16830	1
16831	1
447	7
448	3
16832	1
449	4
450	5
451	5
452	2
16836	1
453	4
454	6
16838	1
455	5
16839	1
456	2
457	10
458	3
459	3
460	2
461	1
462	4
16846	1
463	4
464	4
465	7
16850	1
466	4
467	6
16851	1
468	6
469	6
470	7
471	5
472	5
473	2
474	6
16858	1
475	1
16859	1
476	4
477	5
478	10
479	6
480	7
481	5
482	4
483	5
484	5
16868	1
485	2
486	4
487	2
488	4
489	8
490	3
492	6
493	5
494	3
495	6
496	4
497	3
498	3
16883	1
499	2
500	5
502	3
503	1
16888	1
504	5
505	4
506	7
507	7
508	6
16892	1
509	2
510	7
511	4
512	4
513	8
514	3
515	6
516	2
517	7
16901	1
518	4
519	7
520	3
521	1
522	6
523	2
524	7
525	1
526	7
527	1
528	3
529	5
530	8
531	7
532	3
533	5
534	4
535	3
536	6
537	8
16921	1
538	9
539	7
540	3
541	9
542	8
543	4
544	4
545	6
546	5
547	7
548	3
549	4
16934	1
550	2
551	8
552	5
553	10
16937	1
554	5
555	3
556	6
557	6
558	5
16942	1
559	7
560	4
561	3
562	5
563	4
564	5
565	10
566	7
567	7
568	5
569	5
16953	1
570	6
571	6
572	6
16956	1
573	5
574	7
575	5
576	4
16960	1
577	4
578	9
579	3
580	8
581	8
582	4
583	7
584	8
585	8
16969	1
586	6
587	4
588	8
589	8
16973	1
590	3
591	4
592	2
16977	1
593	2
16978	1
594	5
595	9
16979	1
596	11
597	3
598	3
599	6
600	7
601	3
16985	1
602	6
603	5
16987	1
604	5
605	9
606	5
16990	1
607	5
608	9
609	4
610	4
16994	1
611	3
612	7
613	5
614	8
615	7
616	4
617	4
618	4
619	5
620	4
621	7
17005	1
622	4
623	7
624	6
625	1
626	5
17010	1
627	4
628	10
629	3
17013	1
630	8
631	7
632	4
17016	1
633	14
634	4
635	7
636	6
637	2
638	9
639	6
640	12
641	6
642	6
643	5
644	8
645	14
646	8
17031	1
647	5
648	3
649	4
650	3
651	3
17035	1
652	6
653	7
654	10
655	9
656	9
657	5
658	5
17042	1
659	2
17043	1
660	5
661	5
17045	1
662	3
663	5
664	5
665	5
666	2
667	4
668	4
669	4
670	6
671	3
672	6
673	3
674	3
675	11
676	6
17060	1
17061	1
677	7
678	12
679	9
680	5
681	6
682	5
683	6
684	3
685	8
686	4
687	8
688	6
689	10
690	4
691	8
692	6
17077	2
693	3
694	6
695	4
17079	1
696	3
17080	1
697	6
698	4
699	8
700	7
701	4
702	5
703	8
17087	1
704	8
705	7
706	4
707	4
708	9
709	4
710	8
711	7
17095	1
712	5
713	8
17097	1
714	4
715	4
17099	1
716	4
717	8
718	5
719	5
720	6
721	4
17105	1
722	7
723	5
724	2
725	3
726	6
17111	1
727	5
728	5
729	3
730	5
731	4
732	13
733	10
734	5
735	5
736	4
737	14
738	6
739	6
17123	1
740	4
741	9
17125	1
742	6
743	6
744	6
17128	1
745	6
17130	2
746	1
747	2
748	6
749	5
750	4
751	5
752	5
753	8
754	6
755	3
756	5
757	6
758	5
759	5
760	4
761	6
17145	1
762	7
17146	1
763	1
764	5
765	5
766	6
767	5
769	9
770	3
771	5
17156	1
772	4
773	6
774	6
775	9
776	6
777	9
17161	1
778	9
17162	1
17163	1
779	2
780	9
781	6
782	6
783	8
784	4
785	4
786	9
787	4
788	4
789	5
790	5
17174	1
791	5
792	3
793	6
794	3
795	6
796	4
797	8
17181	1
798	7
799	3
800	7
801	4
802	3
803	8
804	7
805	13
806	5
807	3
17191	1
808	10
809	7
810	6
811	5
812	4
813	3
814	5
815	4
816	9
817	6
818	3
819	5
820	3
821	3
822	8
823	6
824	3
825	4
826	2
827	2
828	2
829	9
830	9
831	6
832	5
833	7
834	5
835	2
836	7
837	6
838	3
839	6
17224	1
840	7
841	7
842	5
843	7
844	3
17228	1
845	2
846	7
17230	1
847	5
848	3
849	6
850	8
17235	1
851	5
852	6
853	3
17237	1
854	1
855	5
856	6
857	3
17241	1
858	3
859	4
17243	1
861	5
862	5
863	3
864	2
865	4
866	4
867	5
868	7
869	7
870	4
17255	1
872	1
17256	1
873	6
874	6
875	3
17259	1
876	4
877	6
17261	1
878	4
879	10
880	8
881	3
882	3
883	6
17267	1
884	4
885	11
886	5
887	5
17271	1
888	2
889	8
890	4
891	6
892	6
893	4
894	5
895	4
896	5
897	6
898	4
899	5
900	4
901	6
17285	2
902	6
17287	2
903	1
904	8
905	5
906	7
907	4
908	10
17292	1
909	1
910	3
911	7
912	1
913	5
914	6
915	2
17299	1
916	2
917	3
918	7
17302	1
919	5
920	3
921	5
922	5
923	6
924	4
925	7
926	2
927	1
928	5
929	5
930	6
931	4
932	6
933	5
934	3
935	2
936	10
937	8
938	5
939	6
940	6
941	6
942	1
943	2
944	7
945	3
946	3
947	5
948	3
949	5
950	4
951	4
952	6
953	3
954	5
955	3
17339	1
956	5
957	4
958	3
959	7
960	1
961	4
17346	1
962	1
963	3
964	5
965	4
966	9
967	3
17351	1
968	3
969	4
970	5
971	2
972	8
973	6
974	6
975	9
976	4
977	4
978	6
979	2
980	6
981	12
982	6
983	9
984	3
985	6
986	4
987	4
988	3
989	9
990	4
991	7
992	6
993	3
994	4
995	5
17379	1
996	5
997	4
998	6
999	3
1000	3
1001	6
1002	1
1003	2
1004	5
1005	4
1006	7
1007	4
1008	4
1009	5
1010	5
17394	1
1011	2
1012	5
1013	6
17397	1
1014	6
1015	3
1016	2
1017	8
1018	1
17402	1
1019	6
1020	6
1021	3
17405	1
1022	1
1023	5
1024	6
17408	1
1025	5
1026	5
1027	9
1028	2
1029	3
1030	6
1031	4
1032	7
1033	7
1034	4
1035	4
1036	2
1037	5
1038	4
1039	3
1040	4
1041	3
1042	3
1043	1
1044	1
1045	2
1046	5
1047	3
1048	1
1049	3
1050	2
1051	4
1052	2
1053	6
1054	4
1055	4
1056	8
1057	5
1058	4
1059	3
1060	2
1061	5
17445	1
1062	5
1063	3
1064	5
1065	6
1066	6
17450	1
1067	7
1068	7
1069	4
1070	3
1071	7
1072	6
1073	4
17457	1
1074	1
1075	6
17459	1
1076	14
1077	6
1078	2
1079	6
1080	1
1081	2
1082	1
1083	4
1084	4
1085	7
17469	2
1086	2
1087	6
1088	4
1089	7
1090	4
1091	5
1092	2
1093	4
1094	2
17478	1
1095	4
1096	4
17480	1
1097	4
1098	5
1099	5
1100	4
1101	2
1102	4
17486	1
1103	6
1104	2
1105	7
1106	5
17490	2
1107	3
1108	6
1109	4
1110	6
17494	1
1111	4
1113	4
1114	6
1115	1
1116	3
1117	7
1118	4
1119	5
1120	6
1121	6
17505	1
1122	5
1123	3
17507	1
1124	4
1125	1
1126	3
1127	5
17511	1
1128	3
1129	4
1130	8
1131	10
1132	8
1133	7
1134	4
1135	3
1136	4
1137	4
17521	1
1138	3
1139	6
1141	6
17525	1
1142	6
1143	5
1144	5
1145	2
1146	6
1147	10
1148	2
1149	8
1150	3
1151	4
1152	8
17536	1
17537	1
1153	6
1154	5
1155	6
1156	2
1157	7
17541	1
1158	2
17542	1
1159	4
1160	7
1161	7
1162	1
1163	6
1164	8
17548	1
1165	4
1166	6
1167	6
1168	3
1169	6
1170	5
1171	7
1172	5
1173	3
1174	5
17558	1
1175	6
1176	5
1177	9
1178	7
17562	1
1179	3
1180	3
1181	2
1182	4
1183	3
1184	9
1185	6
1186	6
1187	4
1188	3
1189	8
1190	9
1191	5
1192	4
1193	5
1194	7
1195	5
17579	1
1196	7
1197	6
1198	7
1199	7
1200	3
1201	10
1202	3
1203	6
1204	3
1205	3
1206	6
1207	5
1208	5
1209	4
1210	3
1211	4
1212	7
1213	3
17597	1
1214	5
1215	4
1216	4
1217	8
1218	5
1219	3
1220	2
1221	4
1222	9
1223	7
1224	3
1225	6
1226	6
1227	6
1228	6
17613	1
1229	6
1230	7
1231	3
1232	6
1233	9
17617	1
1234	8
17618	1
1235	3
1236	5
1237	6
1238	2
1239	12
1240	11
17624	1
1241	4
17626	1
1242	8
1243	4
1244	7
1245	11
1246	7
1247	5
1248	5
1249	8
1250	8
1251	8
1252	6
1253	4
1254	9
1255	6
1256	6
17640	1
1257	6
17642	1
1258	3
1259	8
1260	5
1261	7
1262	6
1263	7
1264	1
1265	2
1266	7
1267	5
1268	5
17652	1
1269	3
1270	3
1271	9
1272	4
17656	1
1273	5
1274	7
1275	3
1276	7
1277	6
1278	7
1279	3
1280	5
1281	6
1282	6
1283	4
1284	2
1285	9
1286	4
1287	4
1288	9
1289	4
1290	3
1291	11
1292	4
1293	9
1294	5
1295	8
1296	6
1297	5
1298	8
1299	2
1300	4
1301	3
1302	8
1303	8
1304	5
17689	1
1305	3
1306	4
1307	5
1308	11
17692	1
1309	6
17693	2
1310	4
1311	8
1312	6
1313	2
1314	3
1315	5
1316	1
1317	7
1318	3
1319	2
1320	3
1321	5
1322	10
1323	10
1324	4
17708	1
1325	4
1326	5
1327	4
1328	3
1329	6
1330	6
1331	3
1332	8
1333	7
17717	2
1334	5
17718	1
1335	5
1336	2
1337	6
1338	6
1339	3
1340	5
1341	11
1342	5
1343	1
1344	5
1345	4
1346	9
1347	4
1348	9
1349	4
1350	7
1351	6
17735	1
1352	5
1353	5
1354	8
1355	1
17739	1
1356	6
1357	6
1358	9
1359	9
1360	7
1361	9
1362	5
1363	5
1364	8
1365	7
1366	5
1367	2
1368	5
1369	9
17753	1
1370	5
1371	5
1372	5
1373	5
1374	6
1375	4
17759	1
1376	4
1377	3
1378	4
1379	5
1380	6
1381	9
1382	3
1383	3
1384	4
1385	4
1386	7
1387	8
1388	7
1389	3
1390	8
1391	10
1392	6
1393	6
1394	7
1395	2
17779	1
1396	6
1397	6
17781	1
1398	4
1399	5
17784	1
1400	5
1401	5
1402	11
1403	3
1404	4
1405	7
1406	8
1407	3
17791	1
1408	3
1409	4
1410	9
1411	7
1412	3
1413	5
1414	4
1415	8
17799	1
1416	6
1417	6
1418	9
1419	7
1420	6
1421	4
1422	4
1423	5
1424	5
1425	2
17809	1
1426	3
17810	1
1427	9
1428	5
1429	7
1430	5
1431	6
1432	8
1433	6
1434	9
17818	1
1435	8
1436	3
1437	5
1438	6
1439	5
1440	7
1441	10
17825	1
1442	7
1443	3
1444	2
1445	6
1446	7
1447	9
1448	9
1449	7
1450	9
1451	6
1452	4
1453	9
1454	8
1455	1
1456	4
1457	8
1458	3
17842	1
1459	4
1460	3
1461	6
1462	3
1463	5
1464	4
1465	6
1466	9
1467	6
1468	4
1469	9
1470	7
1471	5
17855	1
1472	5
1473	8
1474	7
1475	8
1476	4
1477	4
1478	4
17863	2
1479	4
1480	7
1481	11
1482	3
1483	4
1484	5
1485	7
17870	2
1486	7
1487	5
1488	12
17872	2
1489	5
17873	2
17874	1
1490	9
17875	2
1491	2
1492	8
1493	6
1494	4
1495	5
1496	5
1497	4
1498	7
17883	1
1499	4
1500	8
1501	4
1502	4
1503	3
1504	7
1505	4
1506	3
1507	8
1508	5
1509	4
1510	11
1511	4
17896	2
1512	6
1513	10
1514	9
17899	1
1515	8
1516	8
1517	7
1518	8
1519	5
1520	5
1521	6
1522	5
1523	7
1524	7
1525	6
1526	7
1527	6
1528	7
1529	6
17913	1
1530	8
1531	7
1532	6
1533	7
1534	4
1535	6
1536	3
1537	6
1538	14
1539	6
1540	4
1541	4
1542	5
17926	1
1543	6
1544	10
1545	7
1546	4
1547	6
1548	8
1549	8
17933	1
1550	5
1551	8
1552	6
1553	6
1554	6
17938	1
1555	6
1556	6
17940	3
1557	5
17941	1
1558	6
17942	2
1559	11
17944	3
1560	8
1561	8
1562	9
17946	1
1563	7
1564	6
1565	8
1566	7
1567	7
1568	3
17953	6
1569	4
1570	7
1571	4
1572	5
1573	4
1574	7
1575	4
1576	6
1577	5
1578	8
17963	3
1579	9
17964	3
1580	4
1581	6
1582	8
1583	3
1584	10
1585	7
1586	5
1587	6
1588	4
1589	5
1590	8
1591	10
1592	10
1593	9
1594	3
1595	3
1596	9
1597	1
17982	5
1598	9
17983	1
1599	5
1600	10
17984	1
1601	7
17986	3
1602	6
1603	2
17988	3
1604	8
1605	8
17989	1
1606	7
1607	8
1608	4
1609	6
1610	7
1611	5
1612	6
1613	10
17997	4
17998	1
1614	4
1615	4
1616	8
1617	8
1618	6
18003	1
1619	2
1620	6
1621	5
1622	6
1623	8
1624	6
1625	12
1626	9
1627	7
1628	7
1629	8
1630	6
1631	5
18015	1
1632	7
1633	5
1634	10
1635	9
18019	1
1636	7
1637	10
1638	12
1639	4
18024	1
1640	6
1641	6
1642	6
1643	11
1644	12
1645	3
18030	1
1646	4
1647	12
1648	8
18032	2
1649	8
1650	9
18034	1
1651	8
1652	10
1653	5
1654	6
1655	7
1656	5
18041	1
1657	8
1658	5
1659	6
18044	2
1660	9
1661	8
1662	6
1663	9
1664	6
18049	1
1665	4
1666	11
1667	7
1668	5
1669	10
1670	2
1671	8
1672	6
1673	6
1674	6
1675	9
1676	6
1677	8
1678	1
1679	7
1680	7
1681	7
1682	11
1683	7
1684	5
1685	2
1686	6
1687	8
1688	6
1689	5
1690	3
1691	2
1692	2
1693	5
1694	5
1695	2
1696	4
1697	2
1698	8
18082	1
1699	7
1700	6
1701	11
1702	5
1703	12
1704	3
1705	6
1706	6
1707	8
1708	8
18092	1
1709	10
1710	9
1711	4
1712	4
1713	4
1715	11
1716	4
1717	3
18101	2
1718	6
1719	9
1720	3
1721	9
1722	5
18106	1
1723	9
1724	5
1725	5
1726	5
1727	3
1728	6
1729	12
1730	6
1731	11
1732	7
1733	9
1734	9
1735	8
1736	9
1737	8
1738	4
1739	8
1740	6
1741	6
1742	7
1743	5
1744	5
1745	7
1746	3
18130	1
1747	8
1748	4
18132	1
1749	7
1750	7
1751	4
1752	4
1753	3
1754	8
1755	2
1756	6
1757	7
1758	11
1759	8
1760	6
1761	7
1762	5
1763	8
1764	6
1765	4
1766	12
1767	5
1768	6
1769	6
1770	8
1771	8
1772	9
1773	6
18157	1
1774	5
1775	8
1776	9
18161	1
1777	7
1778	2
1779	8
1780	7
1781	6
1782	6
1783	8
1784	4
1785	6
1786	6
1787	8
1788	9
1789	8
1790	4
1791	7
1792	6
1793	5
1794	4
1795	5
1796	2
1797	9
1798	3
1799	4
1800	4
1801	1
1802	3
1803	8
1804	11
1805	5
1806	12
1807	7
1809	5
1810	6
1811	2
1812	8
1813	5
1814	9
1815	7
1816	5
1817	7
1818	9
1819	11
1820	8
1821	7
1822	7
1823	4
1824	7
1825	6
1826	7
1827	8
1828	3
1829	6
1830	6
1831	7
1832	5
1833	7
1834	8
1835	10
1836	3
1837	7
1838	5
1839	6
1840	7
1841	2
1842	8
1843	5
1844	11
1845	5
1846	11
1847	5
1848	7
1849	5
1850	11
1851	5
1852	7
1853	4
1854	7
1855	9
1856	6
1857	5
1858	5
1859	5
1860	8
1861	10
1862	5
1863	6
1864	8
1865	3
1866	7
1867	5
1868	6
18252	1
1869	5
1870	7
1871	1
18255	1
1872	3
1873	12
1874	4
1875	9
1876	10
1877	8
1878	5
1879	3
1880	8
1881	3
1882	7
1883	5
1884	10
1885	10
1886	4
1887	7
1888	10
1889	3
1890	7
1891	4
1892	4
18276	1
1893	8
1894	4
1895	3
1896	4
1897	5
1898	10
1899	5
1900	3
1901	5
1902	4
1903	9
1904	3
1905	9
1906	11
18290	1
1907	5
1908	5
1909	3
1910	6
1911	8
1912	1
1913	9
1914	7
1915	7
1916	4
1917	7
1918	5
1919	7
1920	6
1921	2
1922	6
1923	3
1924	9
1925	4
1926	8
1927	5
1928	8
1929	6
18313	1
1930	6
1931	8
1932	8
1933	4
1934	4
1935	6
1936	9
1937	4
1938	6
1939	4
1940	7
1941	7
1942	7
1943	4
1944	3
1945	8
1946	5
1947	5
1948	5
1949	4
1950	6
1951	6
1952	9
1953	9
1954	11
1955	8
1956	6
1957	5
1958	10
1959	6
1960	5
1961	7
1962	11
1963	7
1964	5
1965	10
1966	2
18350	1
1967	8
1968	7
1969	3
1970	8
1971	8
1972	8
1973	5
1974	9
1975	8
1976	9
1977	6
1978	7
1979	10
1980	11
1981	5
1982	9
1983	5
1984	4
1985	7
1986	3
1987	4
1988	10
1989	3
1990	3
1991	10
18375	1
1992	3
1993	7
1994	10
1995	3
1996	3
1997	5
1998	3
1999	6
2000	8
2001	7
2002	3
2003	2
2004	4
2005	8
2006	10
2007	5
2008	6
2009	8
2010	9
2011	7
2012	6
2013	4
2014	3
2015	8
2016	4
2017	5
2018	6
2019	6
2020	4
2021	5
2022	5
2023	4
2024	9
2025	3
2026	5
2027	5
2028	8
2029	6
2030	4
2031	4
2032	2
2033	10
2034	3
2035	5
2036	4
2037	4
2038	1
2039	6
2040	3
2041	4
2042	5
2043	7
2044	4
2045	5
2046	3
2047	5
2048	5
2049	2
2050	7
2051	7
2052	5
2053	4
2054	5
2055	4
2056	3
2057	4
2058	10
2059	4
2060	9
2061	7
2062	4
2063	9
2064	5
2065	8
2066	4
2067	4
2068	5
2069	10
2070	5
2071	10
2072	4
2073	8
2074	7
2075	12
2076	7
2077	12
2078	3
2079	9
2080	7
2081	7
2082	7
2083	6
2084	5
2085	5
2086	8
2087	7
2088	4
2089	4
2090	5
2091	8
2092	6
2093	3
2094	3
2095	11
18479	1
2096	7
2097	4
2098	1
2099	6
2100	7
2101	10
2102	6
2103	4
2104	6
2105	9
2106	6
2107	8
2108	6
2109	7
2110	2
2111	6
2112	8
2113	10
2114	7
2115	4
2116	6
2117	9
2118	3
18502	1
2119	2
2120	7
2121	3
2122	7
2123	7
2124	4
2125	2
2126	3
2127	7
2128	2
18512	1
2129	5
2130	11
2131	3
2132	6
2133	7
2134	5
2135	3
2136	7
2137	2
2138	5
2139	8
2140	3
2141	6
2142	3
2143	6
2144	8
18528	1
2145	6
2146	2
2147	6
2148	4
2149	2
2150	4
2151	2
2152	4
2153	7
2154	6
2155	5
2156	8
2157	6
2158	6
2159	7
2160	3
2161	2
2162	6
2163	4
18547	1
2164	7
2165	3
2166	6
2167	4
2168	4
2169	5
2170	5
2171	5
2172	5
2173	1
2174	4
2175	4
2176	3
2177	3
2178	6
2179	7
2180	4
2181	7
2182	3
2183	7
2184	8
2185	8
2186	5
2187	7
2188	5
2189	6
2190	6
2191	4
2192	7
2193	5
2194	7
2195	5
2196	2
2197	3
2198	5
2199	3
2200	5
2201	8
2202	7
2203	7
2204	7
2205	4
2206	8
2207	3
2208	7
2209	3
2210	4
2211	7
2212	5
2213	8
2214	5
2215	2
2216	4
2217	10
2218	5
2219	6
2220	6
2221	3
2222	4
2223	8
2224	5
2225	6
2226	5
2227	5
2229	9
2230	3
2231	2
2232	1
2233	8
2234	3
2235	2
2236	4
2237	5
2238	4
2239	4
2240	3
2241	7
2242	5
2243	2
2244	4
2245	6
2246	3
2247	6
2248	6
2249	2
2250	4
2251	3
2252	5
2253	4
2254	3
2255	8
2256	6
2257	3
2258	4
2259	3
2260	3
2261	4
2262	6
2263	6
2264	4
18648	1
2265	5
2266	7
2267	4
2268	5
2269	6
2270	6
2271	6
2272	4
2273	2
2274	7
2275	3
2276	5
2277	2
2278	6
2279	8
2280	2
2281	3
2282	8
2283	3
2284	2
2285	4
2286	6
2287	2
18671	1
2288	5
2289	8
2290	3
2291	4
2292	7
2293	4
2294	9
2295	1
2296	1
2297	5
2298	5
2299	3
2300	5
2301	4
2302	8
2303	7
2304	6
2305	5
2306	4
2307	6
2308	6
2309	5
2310	1
2311	5
2312	3
2313	5
2314	6
2315	8
2316	6
18700	1
2317	5
2318	3
2319	4
2320	6
2321	7
2322	10
2323	5
2324	2
2325	4
2326	3
2327	6
2328	6
2329	3
2330	3
2331	4
2332	6
2333	5
2334	5
2335	5
2336	7
2337	2
2338	3
2339	6
2340	4
2341	7
2342	10
2343	5
2344	7
2345	3
2346	9
2347	9
2348	4
2349	1
2350	2
2351	3
2352	5
2353	1
2354	6
2355	11
2356	4
2357	1
2358	3
2359	8
2360	4
2361	4
2362	3
2363	5
2364	6
2365	4
2366	7
2367	8
2368	3
2369	6
2370	4
2371	6
2372	4
2373	6
2374	5
2375	2
2376	7
2377	3
2378	5
2379	3
2380	1
2381	2
2382	3
2383	4
2384	3
2385	4
2386	2
2387	5
2388	5
2389	10
2390	6
2391	4
2392	2
2393	3
2394	2
2395	6
2396	6
2397	2
2398	3
2399	6
2400	11
2401	5
2402	5
2403	6
2404	2
2405	9
2406	1
2407	6
2408	5
2409	7
2410	3
2411	3
2412	3
2413	5
2414	1
2415	8
2416	4
2417	1
2418	4
2419	8
2420	4
2421	5
2422	7
2423	4
2424	6
2425	6
2426	4
2427	2
2428	4
2429	7
2430	4
2431	4
2432	5
2433	5
2434	6
2435	7
2436	5
2437	1
2438	4
2439	3
2440	4
2441	3
2442	3
2443	4
2444	7
2445	3
2446	2
2447	5
2449	1
2450	7
2451	8
2452	4
2453	7
2454	4
18838	1
2455	9
2456	7
2457	4
2458	7
18842	1
2459	3
2460	6
2461	6
2462	3
2463	4
2464	8
2465	3
2466	1
2467	2
2468	4
2469	4
2470	3
2471	8
2472	6
2473	6
2474	4
2475	7
2476	5
2477	2
2478	5
2479	3
2480	7
2481	7
2482	1
2483	5
2484	4
2485	8
2486	3
2487	3
2488	6
2489	6
2490	5
18874	1
2491	6
2492	6
2493	5
2494	1
2495	5
2496	1
2497	1
2498	1
2499	8
2500	7
2501	1
2502	3
2503	2
2504	3
2505	4
2506	3
2507	2
2508	3
2509	5
2510	5
2511	4
2512	2
2513	6
2514	4
2515	5
2516	6
2517	5
2518	3
2519	5
2520	5
2521	6
2522	1
2523	4
2524	4
2525	4
2526	1
2527	4
2528	5
2529	4
2530	1
2531	8
2532	4
2533	3
2534	4
2535	3
2536	6
2537	6
2538	3
2539	6
2540	6
2541	1
2542	5
2543	3
2544	8
2546	7
2547	6
2548	2
2549	6
2550	3
2551	6
2552	5
2553	4
2554	5
2555	4
2556	2
2557	1
2558	4
2559	3
2560	2
2561	3
2562	7
18946	1
2566	5
2567	5
2568	2
2569	2
2570	3
2571	5
2572	3
2573	6
2574	6
2575	6
2576	1
2577	4
2578	6
2579	5
2580	3
2581	8
2582	2
2583	3
2584	3
2585	6
2586	3
2587	3
2588	5
2589	7
2590	3
2591	2
18975	1
2592	7
2593	2
2594	4
2595	5
2596	4
2597	6
2598	6
2599	1
2600	5
2601	4
2602	3
2603	5
2604	2
2605	4
2606	5
2607	5
2608	4
2609	5
2610	4
2611	2
2612	6
2613	5
2614	5
2615	5
2616	2
2617	1
2618	5
2619	4
2620	1
2621	5
2622	3
2624	2
2625	6
2626	4
2627	4
2628	5
2629	6
19013	1
2630	4
2631	6
2632	4
2633	4
2634	5
2635	9
2636	2
2637	1
2638	4
2639	2
2640	5
2641	2
2642	2
2643	4
2644	3
2645	6
2646	3
2647	3
2648	5
2649	8
2650	4
2651	7
2652	4
2653	5
2654	8
2655	3
2656	4
2657	3
2658	5
2659	5
2660	5
2661	2
2662	2
2663	2
2664	8
2665	6
2666	10
2667	5
2668	3
2669	6
2670	4
2671	1
2672	5
2673	1
2674	3
2675	5
2676	5
2678	5
2679	2
2680	3
2681	3
2682	2
2683	4
2684	6
2685	4
2686	6
2687	2
2688	1
2689	3
2690	3
2691	5
2692	3
2693	6
2694	5
2695	2
2696	4
2697	7
2698	1
2699	6
2700	3
2701	2
2702	1
2703	4
2704	2
2705	6
2706	5
2707	3
2708	3
2709	3
2710	4
2711	4
2712	7
2713	3
2714	5
2715	3
2716	5
2717	2
2718	4
2719	4
2720	5
2721	3
2722	4
2723	1
2724	5
2725	7
2726	1
2727	1
2728	4
2729	6
2730	7
2731	3
2732	3
2733	3
2734	3
2735	4
2736	5
2737	2
2738	6
2739	7
2740	4
2741	1
2742	3
2743	3
2744	4
2745	3
2746	3
2747	5
2748	7
2749	8
2750	4
2751	10
2752	4
2753	1
2754	4
2755	6
2756	5
2757	3
2758	3
2759	4
2760	3
2761	1
2762	4
2763	2
2764	1
2765	6
2766	5
2767	2
2768	5
2769	2
2770	3
2771	4
2773	3
2774	2
2775	3
2776	3
2777	2
2778	3
2779	4
2780	1
2781	5
2782	3
2783	3
2784	3
2785	1
2786	2
2787	2
2788	5
2789	6
2790	3
2791	4
2792	10
2793	4
2794	2
2795	3
2796	6
2797	4
2798	3
2799	4
2800	3
2801	6
2802	3
2803	10
2804	4
2805	3
2806	5
19190	1
2807	2
2808	4
2809	3
2810	6
2811	5
2812	1
2813	2
2814	6
2815	4
2817	7
2818	6
2819	8
2820	1
2821	5
2822	1
2823	4
2824	5
2825	4
2826	1
2827	1
2828	4
2829	7
19213	1
2830	1
2831	5
2832	5
2833	6
2834	4
2835	4
2836	4
2837	3
2838	1
2839	5
2840	5
2841	6
2842	3
2843	4
2844	3
2845	3
2846	5
2847	6
2848	5
2849	3
2850	2
2851	6
2852	5
2853	5
2854	4
2855	6
2856	2
2857	6
2858	2
2859	7
2860	2
2861	5
2862	3
2863	7
2864	2
2865	5
2866	1
2867	4
2868	4
2869	3
2870	5
2871	3
2872	2
19256	1
2873	5
2874	3
2875	4
2876	2
2877	4
2878	4
2879	2
2880	2
2881	4
2882	3
2883	3
2884	4
2885	8
2886	5
2887	5
2888	3
2889	2
2890	1
2891	3
2892	6
2893	6
2894	4
2895	3
2896	4
2897	2
2898	8
2899	3
2900	2
2901	4
2902	2
2903	4
2904	8
2905	3
2906	5
2907	3
2908	5
2909	5
2910	2
2911	5
2912	3
2913	6
2914	3
19299	1
2915	5
2916	2
2917	4
2919	5
2920	7
2921	1
2922	3
2923	2
2924	6
2925	3
2926	3
2927	1
2928	3
2929	6
2930	5
2931	6
19316	1
2932	1
2933	4
2934	3
2935	4
19319	1
2936	1
2937	3
2938	3
2939	3
2940	6
2942	5
2943	4
2944	4
2945	5
2946	5
2947	1
2948	2
2949	4
2950	5
2951	5
19335	1
2952	5
2953	4
2954	4
2955	4
2956	4
2957	5
2958	7
2959	1
2960	4
2961	5
2962	5
2963	3
2964	3
2965	2
2966	4
2967	4
2968	2
2969	3
2970	2
2971	4
2972	2
2973	5
2974	5
2975	1
2976	2
2977	7
2978	2
2979	1
2980	1
2981	3
2982	6
2983	1
2984	5
2985	6
2986	5
2987	1
2988	1
2989	3
2990	2
19375	1
2991	1
2992	5
2993	4
2994	4
2995	3
2996	4
2997	4
2998	4
2999	4
3000	3
3001	4
3002	2
3003	4
3004	3
3005	6
3006	1
3007	2
3008	1
3009	2
3010	5
3011	5
3012	1
3013	4
3014	2
3015	2
3016	2
3017	4
3018	3
3019	3
3020	6
3021	5
3022	5
3023	12
3024	5
3025	2
3026	1
3027	5
3028	2
3029	4
3030	3
3031	5
3032	3
3034	1
3035	1
3036	2
3037	4
3038	2
3039	4
3040	5
3041	1
3042	5
3044	6
3045	3
3046	1
3047	5
3048	9
3049	3
3050	4
3051	2
3052	3
3053	4
3054	3
3055	5
3056	3
3057	1
3058	4
3059	3
3060	2
3061	1
3062	3
3063	1
3064	2
3065	2
3066	4
3067	4
3068	3
3069	5
3070	2
3071	3
3072	4
3073	2
3074	4
3075	1
3076	4
3077	2
3078	1
3079	2
3080	4
3081	2
3082	4
3083	4
3084	2
3085	6
3086	1
3087	3
3088	1
19473	1
3089	2
3090	8
3091	3
3092	2
3093	3
3094	2
3095	3
3096	2
3097	2
3098	2
3099	2
3100	2
3101	8
19485	1
3102	7
3103	2
3104	8
3105	5
3106	2
3107	7
3108	1
3109	5
3110	1
3111	8
3112	5
3113	4
3114	3
3115	6
3116	5
3117	4
3118	4
3119	9
3120	3
3121	2
3122	6
3123	2
3124	4
3125	3
3126	3
3127	5
3128	2
3129	7
3130	5
3131	5
3132	2
3133	4
3134	5
3135	1
3136	1
3137	2
3138	1
3139	1
3140	2
3141	1
3142	5
3143	3
3144	1
19529	1
3145	4
3146	4
3147	2
3148	4
3149	1
3150	2
3152	2
3153	4
3154	2
3155	7
3156	3
3157	2
3158	6
19543	1
3159	5
3160	5
3161	4
3162	1
3163	4
3164	2
3165	1
3166	2
3167	5
3168	6
3170	4
3171	4
3172	3
3173	1
3174	2
3175	4
19559	1
3176	1
3177	2
3178	2
3179	3
3180	7
3181	2
3182	2
3184	4
3185	1
3186	3
3187	1
3188	3
3189	4
3190	5
3191	2
3192	4
3193	6
3194	5
3195	2
3197	5
3198	5
3199	8
3200	1
3201	1
3202	1
3203	3
3204	3
3205	7
3206	5
3207	5
3208	4
3209	3
3210	4
3211	1
3212	2
3213	4
3214	3
3217	1
3219	2
3220	2
3221	3
3222	2
3223	5
3224	4
3225	2
3226	1
3228	3
3229	4
3230	5
3231	2
3232	6
3233	1
19617	1
3234	7
3235	2
3236	1
3237	4
3238	8
3239	3
3240	2
3241	6
3242	3
3243	2
3244	1
3245	5
3248	5
3249	2
3250	3
3251	1
3252	2
3253	3
3254	3
3255	1
3256	2
3257	3
3258	2
3259	4
3260	6
3261	4
3262	4
3263	1
3264	2
3265	4
3266	2
3267	2
3268	4
3269	1
3270	5
3271	4
3272	3
3273	1
3274	4
3275	2
3277	5
19662	1
3278	7
3280	2
3281	1
3283	4
3284	3
3285	4
3286	2
3287	6
3288	2
19672	1
3289	4
3290	3
3291	4
3292	6
3293	5
3294	2
3295	4
3296	2
3297	6
3298	4
3299	5
3300	1
3301	6
3302	4
3303	2
3304	3
3305	3
3306	1
3307	1
3308	4
3309	4
3310	2
3311	3
3312	1
3313	4
3314	3
3315	3
3317	3
3318	5
3320	3
3321	3
3322	2
3323	2
3324	5
3325	1
3326	3
3327	1
3328	5
3330	1
3331	5
3332	4
3333	4
3334	3
3335	2
3336	3
3337	1
3338	2
3339	2
3340	4
3341	2
3342	4
3343	3
3344	4
3345	3
3346	3
3348	2
3350	2
3351	3
3352	4
3353	1
3354	3
3355	3
3356	2
3357	3
3358	2
3359	4
3360	2
3361	3
3362	3
3363	3
3364	1
3365	2
3366	7
3367	5
3368	5
3369	5
3370	4
3371	3
3372	1
3373	7
3374	2
3375	3
3376	6
3377	8
3378	4
3379	3
3380	4
3381	2
3382	2
3383	2
3384	4
3385	4
3386	4
3387	5
3388	2
3390	2
19774	1
3391	1
3392	2
3394	2
3395	2
3396	3
3397	4
3398	5
3399	5
3400	4
3402	4
3403	2
3405	3
19789	1
3406	3
3407	1
3408	7
3410	3
3411	1
3412	4
3413	1
3414	3
3415	2
3416	5
3417	1
3418	4
3419	1
3420	1
3421	2
3422	5
3423	3
3424	3
3425	3
3426	3
3427	4
3428	2
3429	2
3430	3
3431	2
3432	4
3433	1
3434	2
3435	4
3436	3
3437	3
3438	3
3439	2
3440	3
3442	1
3443	2
3444	1
3445	3
3446	5
3447	1
3448	4
3449	1
3450	1
3451	2
3452	1
3453	5
3454	2
3455	3
3456	1
3458	3
3459	2
3460	4
3461	1
3462	4
3463	2
3464	1
3466	4
3467	5
3468	2
3469	5
3471	3
3472	1
3473	3
3474	2
3475	3
3476	3
3477	3
3478	2
3480	3
3481	3
19865	1
3482	2
3483	2
3484	4
3485	7
19869	1
3486	6
3487	4
3488	2
3489	3
3490	5
3491	4
3492	3
3493	3
3494	4
3495	2
3496	1
3497	3
3498	1
3499	3
3500	2
3501	3
3502	1
3504	3
19888	1
3505	2
3506	1
3507	4
3508	4
3509	1
3510	2
3511	2
3512	3
3513	2
3514	1
3515	2
3516	3
3517	6
3518	2
3520	1
3521	4
3522	3
3523	2
3524	2
3525	1
3526	6
3527	3
3528	3
3529	3
3530	3
3531	1
3532	4
3533	2
3534	3
3535	2
3536	2
3537	3
3538	2
3540	4
3541	2
3542	5
3543	4
3544	1
3545	7
3546	5
3547	3
3548	2
3549	3
3552	2
3554	4
3555	5
3556	2
3557	5
3558	1
3559	1
3560	4
3561	1
3562	3
3563	2
3565	3
3566	6
3567	2
3568	5
3569	2
3570	1
3571	2
3572	5
3573	1
3574	2
3575	2
3576	3
3577	2
3578	4
3579	2
3580	6
3581	1
3582	2
3583	5
3584	5
3585	5
3586	3
19970	1
3587	4
3588	1
3589	2
3590	1
3591	2
3592	2
3593	3
3594	2
3595	3
3596	3
3597	3
3598	4
3599	6
3600	3
3601	3
3602	2
3603	2
3604	3
3605	3
3606	1
3608	2
3609	1
3610	1
3611	2
3612	3
3613	3
3615	2
3616	5
3617	1
3618	3
3619	1
3620	3
3621	3
3622	1
3623	3
3624	3
3625	1
3626	2
3627	1
3628	3
3629	2
3630	3
3632	1
3633	3
3634	2
3635	3
3636	3
3638	4
3639	3
3640	2
3641	2
3642	3
3644	3
3645	2
3646	4
3647	1
3650	4
3651	1
3652	1
3653	2
3654	7
3655	2
3656	2
3657	3
3658	4
3659	4
3660	2
3661	1
3662	5
3663	2
3664	3
3665	3
3666	1
3667	8
3668	2
3669	1
3670	1
3671	4
3672	2
3673	1
3674	3
3675	6
3676	2
3677	3
3679	5
3680	1
3681	1
3682	3
3683	4
3684	1
3685	3
3686	3
3687	5
3688	2
3689	1
3690	3
3691	2
3692	2
3693	2
3694	3
3695	3
3696	2
3697	1
3698	4
3699	1
3700	1
3701	3
3702	2
3703	3
3705	3
3706	3
3707	2
3708	1
3710	2
3711	1
3712	1
3713	4
3714	3
3717	4
3718	3
20102	1
3719	1
3720	4
3721	1
3722	3
3723	3
3724	2
3725	2
3726	2
3727	2
3729	3
3730	5
3731	4
3732	5
20116	1
3733	2
3734	3
3735	2
3736	4
20120	1
3737	1
3738	3
3739	1
3740	2
3741	1
3742	4
3743	2
3744	2
3745	3
3746	2
3747	5
3748	2
3749	1
3750	2
3751	4
3752	2
3755	6
3756	1
3757	4
3758	2
3759	1
3760	4
3761	4
3763	2
3764	2
3765	2
3766	3
20150	1
3767	2
3768	4
3769	3
3770	1
3771	4
3772	2
3773	2
3774	2
3775	1
3776	3
3777	3
3778	2
3780	1
3781	4
3782	1
3783	1
3784	2
3785	4
3786	2
3787	4
3788	2
3789	3
3790	4
3791	3
3792	1
3793	2
3794	2
3795	2
3796	2
3797	2
3798	5
3799	1
3801	2
3802	2
3803	1
3804	3
3805	1
3806	4
3807	1
3808	1
3809	2
3810	3
3811	2
3813	5
3814	1
3815	1
3816	2
3817	1
3819	4
3820	1
3821	2
3822	2
3824	6
3826	3
3827	1
3828	3
3829	3
3830	3
3831	1
3833	3
3834	2
3835	2
3836	3
3837	1
3838	2
3839	4
20224	1
3841	5
3842	3
3843	2
3844	1
3845	5
3846	3
3847	5
3848	3
3849	2
3850	2
3851	1
3852	1
3853	2
3854	4
3855	3
3856	2
3857	5
3858	1
3859	2
3861	6
3862	1
3863	2
3864	4
3865	2
3866	3
3867	3
3868	4
3869	3
3871	2
3873	5
3874	2
3875	2
3876	2
3877	2
3878	2
3879	2
20263	1
3880	3
3881	3
3882	2
3883	2
3885	4
3886	4
3887	2
3888	4
3890	6
3892	1
3894	2
3895	4
3896	5
3897	2
3898	3
3899	2
3900	1
3901	1
3902	4
3904	1
3905	2
3906	2
3907	1
3908	1
3909	4
20294	1
3910	1
3911	2
3912	3
3913	3
3914	1
3915	2
3916	1
3917	3
3918	2
3919	1
3920	1
3921	2
3922	1
3923	1
3925	4
3926	2
3927	1
3928	1
3929	3
3930	3
3931	3
3932	2
3933	3
3934	3
3935	2
3936	3
3937	1
3938	1
3941	3
3942	1
3943	1
3944	4
3945	6
3946	5
3947	4
3949	3
3950	3
3951	4
3952	2
3953	3
3954	3
3956	4
3957	6
3958	1
3959	3
3960	1
3961	3
3962	1
3963	1
3964	1
3965	2
3966	1
3967	3
3968	2
3969	2
3970	3
3971	1
3972	4
3974	4
3975	2
3976	3
3977	5
3978	1
3979	2
3980	1
3981	2
3982	2
3984	1
3985	5
3986	1
3987	1
3988	3
3989	3
3991	1
3993	3
3994	2
3995	3
3996	1
3997	5
3998	2
3999	1
4000	2
4002	1
4003	3
20387	1
4004	2
20389	1
4005	1
4006	4
4007	1
4009	1
4010	2
20395	1
4011	1
4012	3
4013	3
4014	2
4015	1
4016	2
4017	2
4018	1
4019	3
4020	3
4021	2
4022	6
4024	3
4026	3
4027	2
4029	5
4030	2
4031	5
4033	1
4034	3
4035	3
4036	2
4037	4
4038	2
4039	7
4040	2
4041	3
4042	1
4043	2
4044	1
4045	1
4046	2
4047	3
4048	3
4049	4
4051	2
4052	2
4053	3
4054	4
4055	4
4056	3
4057	4
4058	3
4059	3
4063	1
4064	2
4065	2
4066	2
4068	2
4069	1
4070	4
4071	3
4072	2
4073	1
4075	1
4076	1
4078	4
4079	3
4080	4
4081	2
4082	1
4083	2
4084	1
4085	3
4086	2
4087	3
4088	2
4089	2
4090	5
4092	1
4093	5
4094	3
4095	3
4096	1
4097	1
4099	2
4100	5
4101	1
4102	1
4103	1
4104	1
4105	2
4106	2
4107	1
4108	2
4109	3
4110	3
4112	1
4113	2
4114	2
4116	3
4118	2
4119	1
4120	2
4121	1
4122	2
4123	2
4124	2
4125	1
4126	1
4127	4
4128	4
4129	2
4130	2
4131	2
4132	1
4134	3
4135	4
4137	4
4139	1
4140	2
4141	2
4142	1
4143	1
4144	4
4145	3
4147	1
4148	2
4149	2
4150	3
4151	1
4152	2
4153	5
4154	3
4155	3
4157	3
4158	5
4159	3
4161	6
4162	2
4164	2
4165	1
4166	1
4167	1
4169	3
4170	2
4171	4
4172	2
4173	3
4174	1
4176	2
4177	3
4178	2
4179	3
4180	1
4181	2
4182	3
4183	1
4185	4
4187	2
4188	2
4189	7
4190	3
4191	4
4193	1
4194	2
4195	1
4196	1
4197	1
4199	3
4201	4
4202	6
4203	2
4204	3
4205	3
4207	2
4208	1
4209	1
4211	3
4212	3
4213	1
4216	1
4217	1
4218	1
4219	1
4220	3
4222	4
4224	1
4225	2
4226	2
4227	2
4228	2
20612	1
4229	1
4231	3
4232	1
4233	4
4234	1
4235	1
4237	4
4238	3
4239	1
4240	2
4241	2
4242	3
4243	2
4244	1
4246	2
4247	1
4248	1
4249	3
4250	3
4251	1
4252	1
4253	3
4254	4
4256	1
4257	2
20641	1
4258	4
4259	1
4260	2
4261	4
4262	2
4264	2
4265	1
4266	2
4267	1
4268	2
4270	1
4272	5
4273	1
4274	2
4275	1
4276	3
4277	2
4278	2
4279	3
4280	1
4282	2
4283	2
4284	6
4285	4
4286	4
4287	3
4288	1
4289	3
4291	3
4292	3
4293	1
4294	1
4295	2
4296	1
4297	1
4298	3
4299	3
4300	1
4301	1
4302	5
4303	2
4304	1
4305	2
4306	3
4307	1
4309	4
4310	2
4312	2
4314	2
4315	2
4316	1
4317	2
4319	3
4320	4
4321	2
4322	3
4323	1
4324	1
4325	1
4327	2
4328	6
4329	2
4330	5
4331	2
4332	2
4333	3
4334	1
4335	3
4336	2
4337	2
4338	2
4339	5
4340	2
4341	4
4342	5
4343	1
4344	4
4345	1
4346	3
4347	1
4348	1
4349	2
4350	3
4351	4
4352	3
4353	2
4354	1
4355	1
4356	1
4357	2
4358	2
4359	3
4360	1
20744	1
4361	4
4362	3
4363	4
4365	2
4366	1
4367	3
4369	2
4370	2
4371	1
4372	2
4373	4
4374	4
4375	5
4376	1
4377	1
4378	5
4379	2
4380	2
4381	1
4382	3
4385	3
4387	1
4388	2
4389	3
4390	1
4391	1
4392	1
4394	1
4397	2
4399	3
4400	4
4401	4
4402	4
4403	1
4405	2
4406	1
4407	1
4408	2
4409	4
4410	5
4413	3
4414	1
4415	2
4417	2
4418	2
4419	5
4420	3
4421	3
4423	5
4424	3
4425	2
4426	3
4427	3
4428	2
4429	1
4430	2
4431	4
4432	1
4434	1
4435	1
4436	2
4437	3
4438	1
4439	3
4440	1
4441	3
4442	4
4443	1
4448	1
4449	1
4450	1
4451	1
4452	2
4453	3
4454	2
4456	3
4457	3
4458	2
4460	5
4464	1
4465	2
4466	1
4467	2
4468	2
4469	1
4470	4
4471	2
4472	4
4473	4
4475	4
4477	1
4478	2
4479	1
4480	1
4481	2
4482	4
4483	2
4484	2
4485	4
4486	2
4487	2
4488	1
4489	1
4490	6
4492	3
4493	2
4494	2
4495	1
4496	4
4497	2
4498	1
4499	2
4500	2
4501	4
4502	4
4503	2
4504	3
4505	2
4506	2
4507	3
4508	1
4509	1
4510	2
4511	4
4512	3
4514	3
4516	1
4517	2
4518	1
4519	4
4520	2
4521	2
4522	4
4523	2
4525	2
4526	2
4527	2
4528	1
4529	1
4530	3
4531	3
4532	3
4533	2
4535	4
4536	1
4537	2
4539	2
4540	2
4541	2
4542	2
4543	1
4544	2
4545	3
4546	2
4547	3
4548	4
4549	4
4550	1
4554	5
4555	1
4556	2
4557	1
4558	2
4559	4
4560	4
4562	1
4564	1
4566	2
4567	3
4570	2
20954	1
4571	1
4572	3
4573	1
4574	4
4575	2
4576	2
4577	3
4578	1
4579	3
4580	2
4581	1
4583	4
4584	5
4586	1
4587	3
4588	1
4589	1
4590	2
4591	4
4592	2
4593	3
4594	1
4595	2
4596	1
4597	1
4598	1
4599	3
4600	3
4601	1
4602	1
4603	2
4604	2
4605	1
4606	5
4607	1
4608	1
4609	1
4611	4
4613	2
4614	4
4615	5
4616	1
4617	2
4618	4
4619	4
4620	2
4621	6
4622	3
4623	4
4624	3
4625	4
4626	2
4627	2
4628	2
4629	2
4630	3
4631	1
4632	1
4633	2
4634	2
4636	1
4637	2
4638	2
4639	2
4640	4
4641	1
4642	2
4644	2
4645	3
4646	1
4648	2
4649	1
4650	3
4651	2
4653	2
4656	2
4658	2
4661	2
4662	3
4663	1
4664	3
4665	2
4666	1
4667	2
4668	2
4669	1
4670	1
4671	2
4672	2
4674	1
4675	3
4676	2
4678	4
4679	3
4680	2
4681	1
4682	2
4683	2
4684	1
4685	3
4686	2
4687	2
4688	1
4689	2
4691	1
4692	1
4693	4
4694	2
4695	2
4696	1
4697	3
4698	2
4699	3
4700	2
4702	1
4703	3
4704	1
4705	1
4706	1
4707	1
4708	2
4709	2
4710	1
4712	1
4713	3
4714	3
4715	1
4716	2
4717	2
4718	2
4720	1
4722	3
4723	3
4724	2
4725	3
4726	1
4727	5
4728	5
4729	1
4731	1
4732	2
4733	4
4734	2
4735	3
4736	2
4737	4
4738	1
4739	2
4740	2
4741	1
4742	3
4743	3
4744	3
21129	1
4746	1
21130	1
4747	4
4748	4
4749	2
4750	2
4751	3
4752	2
4753	2
4754	1
4755	3
4756	1
4757	4
4758	1
4759	1
4760	1
4761	1
4762	1
4763	4
4764	1
4765	1
4766	1
4768	2
4769	3
4770	5
4771	1
4773	2
4774	3
4775	2
4776	2
4777	1
4778	1
4781	1
4782	4
4783	2
4785	1
4786	1
4787	3
4789	3
4790	2
4791	1
4792	2
4793	4
4794	2
4795	1
4796	1
4797	3
4798	2
4799	1
4800	1
4802	1
4803	4
4804	2
4806	2
4807	2
4808	5
4809	3
4810	1
4812	1
4813	3
4814	1
4815	1
4816	2
4817	1
4818	2
4819	5
4820	3
4821	6
4823	2
4824	1
4825	1
4826	2
4827	3
4828	2
4830	1
4831	1
4832	3
4836	1
4837	2
4838	3
4839	2
4840	3
4841	1
4842	2
21226	1
4846	2
4847	1
4849	2
4850	2
4852	1
4854	2
4856	3
4859	2
4860	3
4861	2
4862	2
4863	1
4864	2
4865	2
4866	4
4868	1
4869	1
4870	3
4871	4
4872	2
4873	2
4874	2
4875	1
4876	2
4877	1
4878	1
4880	1
4881	2
4882	4
4883	1
4884	1
4885	3
4886	3
4888	2
4889	1
4890	4
4892	2
4894	4
4895	1
4896	2
4897	2
4898	2
4899	1
4900	1
4901	4
4905	1
4906	3
4907	3
4908	5
4910	2
4911	1
4912	2
4913	2
4916	1
4917	1
4918	1
4919	2
4920	2
4921	2
4922	1
4923	2
4924	2
4925	3
4926	1
4927	1
4928	1
4929	2
4930	4
4932	2
4933	1
4934	3
4935	3
4937	1
4939	3
4940	2
4942	2
4944	1
4945	1
4946	3
4947	1
4950	2
4951	1
4952	2
4953	1
4954	3
4955	2
4956	1
4958	1
4960	3
4961	2
4962	2
4964	3
4965	2
4966	1
4967	2
4970	1
4971	2
4972	2
4973	3
4974	2
4975	2
4977	1
4978	1
4979	2
4980	2
4981	1
4982	4
4983	1
4984	2
21368	1
4986	3
4987	4
4990	1
4991	1
4993	1
4994	1
4996	2
4998	2
4999	1
5001	2
5002	3
5003	1
5004	3
5006	3
5007	1
5009	1
5010	1
5011	4
5013	1
5014	2
5016	2
5017	2
5018	1
5019	2
21403	1
5020	4
5021	5
5022	2
5023	3
5024	2
5025	1
5026	4
5027	2
5028	1
5029	3
5030	2
5032	2
5033	1
5035	2
5037	3
5038	2
5041	3
5042	1
5043	1
5044	1
5046	1
5048	2
5049	4
5050	2
5052	1
5053	1
5054	1
5056	1
5060	1
5063	4
5064	1
5065	2
5066	2
5069	1
5070	3
5071	3
5073	1
5074	1
5075	2
5076	1
5077	3
5078	1
5079	3
5080	3
5081	3
5082	1
5085	1
5087	1
5088	1
5090	2
5091	3
5092	2
5093	1
5094	1
5095	3
5096	1
5097	1
5099	1
5100	1
5101	2
5102	1
5105	4
5106	2
5107	4
5108	2
5109	1
5110	1
5111	1
5114	1
5115	2
5116	1
5117	1
5118	1
5120	2
5121	2
5122	1
5124	4
5126	4
5128	4
5129	1
5131	2
5132	1
5133	3
5134	3
5135	1
5137	1
5138	1
5139	2
5140	2
5141	1
5142	1
5143	2
5144	2
5146	2
5147	3
5148	3
5149	1
5150	1
5151	1
5152	5
5153	1
5154	1
5155	2
5157	1
5158	3
5159	1
5160	1
5164	1
5165	2
5166	2
5167	1
5168	1
5170	3
5172	2
5173	1
5175	1
5176	1
5177	1
5178	4
5180	2
5182	1
5184	2
5185	2
5186	6
5187	1
21571	1
5188	1
5189	2
5190	3
5191	4
5192	1
5194	1
5196	2
5197	2
5198	2
5201	2
5202	1
5203	1
5204	2
5206	2
5207	1
5208	1
5209	1
5210	2
5211	1
5212	1
5213	1
5214	1
5215	1
5218	1
5219	2
5220	1
5222	1
5223	1
5224	1
5225	2
5226	3
5227	2
5231	1
5232	3
5234	3
5235	3
5236	1
5237	1
5238	1
5239	2
5241	1
5242	1
5243	1
5244	1
5245	2
5247	4
5249	3
5250	1
5252	1
5253	2
5254	1
5255	2
5256	2
5258	2
5259	1
5260	1
5261	3
5264	1
5266	1
5267	1
5268	3
5270	1
5272	3
5274	2
5275	1
5276	1
5277	2
5279	2
5280	1
5281	2
5282	4
5288	2
5289	5
5290	2
5291	1
5293	3
5295	2
5296	2
5297	1
5299	1
5300	1
5301	2
5303	3
5304	1
5307	1
5309	1
5310	1
5311	1
21697	1
5313	2
5314	2
5315	4
5318	2
5319	1
5320	2
5321	1
5322	1
5324	2
5325	2
5327	1
5328	2
5329	2
5330	2
5331	2
5332	1
5333	1
5335	3
5336	1
5337	1
5339	1
5340	1
5341	2
5343	1
5345	3
5347	2
5348	5
5349	1
5350	1
5351	1
5352	1
5355	1
5356	3
5357	1
5359	1
5360	2
5361	1
5362	1
5363	1
5364	1
5366	1
5368	2
5369	2
5371	2
5372	2
21758	1
5375	1
5376	2
5377	1
5380	1
5381	1
5383	1
5384	1
5385	1
5386	2
5390	3
5391	1
5392	1
5394	1
5395	1
5396	1
5397	1
5398	1
5399	3
5400	1
5401	1
5402	1
5403	1
5404	1
5405	2
5407	1
5408	1
5409	1
5410	1
5412	2
5413	1
5414	2
5415	2
5417	2
5418	2
5419	1
5424	1
5425	2
5429	1
5430	3
5431	1
5432	1
5433	2
5434	3
5436	1
5437	1
5438	4
5440	2
5441	1
5442	1
5443	1
5445	2
5447	3
5448	2
5449	1
5450	1
5452	1
5453	1
5454	1
5455	5
5456	1
5461	1
5462	1
5463	2
5465	3
5466	4
5467	1
5468	2
5469	3
5470	1
5471	1
5472	3
5474	2
5475	1
5476	2
5477	1
5478	2
5481	1
5484	2
5485	3
5486	3
5488	1
5489	4
5490	4
5491	1
5495	1
5496	1
5497	1
5498	1
5499	1
5502	1
5503	3
21887	1
5504	1
5505	1
5507	1
5508	1
5509	2
5511	3
5512	1
5515	2
5516	1
5518	1
5520	1
5521	1
5522	1
5523	3
5524	1
5525	1
5528	1
5529	1
5530	1
5532	2
5533	2
5534	1
5535	1
5536	2
5537	2
5538	2
5541	2
5544	2
5545	2
5546	2
21930	1
5547	1
5549	1
5550	1
5551	2
5554	2
5555	2
21939	1
5556	2
5557	1
5560	1
5561	1
5562	1
5563	2
5565	1
5566	2
5567	1
5569	1
5572	1
5573	1
5574	2
5575	1
5577	1
5578	2
5581	2
5582	1
5583	1
5584	2
5585	1
5589	1
5590	2
5591	1
5593	2
5594	2
5599	1
5601	1
5602	3
5603	1
5605	1
5606	1
5607	1
5608	1
5609	1
5613	2
5614	2
5615	1
5616	2
5617	3
5618	2
5619	1
5621	2
5622	1
5625	3
5626	1
5627	4
5628	1
5629	1
5630	1
5631	1
5632	3
5633	1
5636	1
5639	1
5640	3
5641	1
5642	4
5643	2
5644	2
5647	1
5648	1
5649	1
5650	2
5653	1
5654	2
5655	2
22040	1
5656	1
5657	3
5658	2
5661	2
5662	1
5664	3
5667	1
5668	2
22052	1
5669	1
5672	1
5673	1
5674	2
5679	2
5680	3
5682	1
5683	2
5684	1
5686	1
5687	1
5689	2
5690	3
5692	3
5693	1
5697	1
5699	3
5700	1
5701	2
5702	3
5705	1
5707	1
5708	1
5709	1
5711	1
5712	1
5713	1
5716	1
5719	1
5723	1
5726	2
5728	2
22113	1
5729	1
5731	1
5732	3
5733	1
5734	2
5736	1
5737	2
5738	1
5741	1
5742	1
5743	1
5745	1
5746	3
5747	2
5750	1
5751	1
5753	1
5754	1
5757	1
5758	2
5760	1
5761	2
5762	1
5766	1
5768	1
5771	1
5772	3
5774	1
5775	1
5776	3
5780	2
5782	1
5783	1
5785	2
5786	2
5787	1
5788	1
5789	1
5791	1
5792	2
5793	2
5795	1
5796	1
22180	1
22181	1
5797	1
5798	1
5799	2
5803	1
5805	2
5806	1
5807	1
22192	1
5812	3
5815	2
5816	1
5817	1
5819	2
5820	1
5822	1
5823	2
5825	1
5826	2
5827	1
5828	4
22213	1
5830	1
5831	1
5833	1
5835	2
5836	1
5838	2
5840	3
5841	1
5842	1
5843	3
5844	2
5845	2
5846	1
5847	1
5849	1
5850	2
5851	1
5853	3
5854	1
5855	4
5858	2
5860	2
22245	1
5861	1
5863	1
5865	1
5868	1
5870	1
22255	1
5873	2
5876	1
5878	1
5879	1
5880	2
5882	1
5883	2
5884	1
5885	2
5886	3
5887	2
5890	2
5892	1
5893	2
5894	1
5898	1
5899	1
5900	1
5901	2
5903	3
5904	1
5905	1
5906	1
5907	1
5908	1
5909	2
5910	1
5911	1
5913	1
5914	1
5917	1
5918	1
5919	3
5920	2
5923	1
5924	1
5925	2
5928	2
5929	3
5931	2
5932	1
5933	1
5934	1
5936	1
5939	1
5940	2
5941	2
5942	1
5943	1
5945	2
5946	1
5947	1
5948	1
5953	1
5955	1
5957	1
5960	2
5962	2
5963	2
5964	2
5965	2
5967	1
5969	2
5970	3
5971	2
5972	1
5973	2
5974	2
5975	2
5976	1
5977	1
5978	1
5979	1
5980	1
5982	2
5985	1
5987	1
5991	1
5992	1
5993	1
5995	1
5998	1
5999	1
6002	1
6003	1
6004	1
6005	2
6006	2
6007	1
6012	1
6014	1
6020	1
6021	2
6022	2
6026	2
6028	1
6029	1
6030	2
6035	2
22420	1
6036	1
6037	2
6038	2
6040	1
6041	1
6042	1
6043	1
6044	1
6046	1
6048	1
6050	2
6051	1
6053	3
6054	1
6055	1
6058	1
6059	4
6060	1
6061	1
6062	2
6063	1
6064	2
6065	1
6066	1
6068	2
6069	1
6072	1
6073	2
6076	1
6079	2
6081	1
6083	1
6091	1
6092	1
6093	1
22479	1
6096	1
6097	2
6103	2
6106	1
6108	2
6109	2
6110	1
6111	3
6117	2
6118	1
6119	1
6120	2
6121	2
6122	1
6123	1
6124	1
6128	3
6130	1
6133	1
6134	1
6136	1
6137	2
6140	4
6141	2
6143	1
6144	3
6145	1
6146	2
6147	2
6148	1
6150	1
6151	1
6153	1
6154	1
6155	1
6156	2
6157	2
6158	1
6159	2
6161	1
6164	2
6165	1
6166	1
6167	2
6168	1
6172	1
6173	1
6174	2
6176	1
6177	1
22562	1
6180	2
6181	1
6182	1
6184	1
6186	2
6187	1
6188	1
6190	4
6191	1
6192	1
6194	1
6197	1
6200	1
6201	1
6203	2
6204	1
6205	2
6206	3
6207	1
6209	2
6211	1
6216	1
6217	1
6219	2
6220	1
6221	2
6223	1
6224	1
6225	1
6227	2
6230	1
6232	1
6234	1
6236	1
6237	2
6243	4
6245	1
6248	1
6249	1
6251	2
6253	1
6263	1
6266	2
6267	2
6268	1
6269	1
6270	2
6271	1
6272	1
6273	3
6276	1
6277	1
6279	1
6280	1
6281	2
6282	1
6284	2
6287	2
6290	1
6294	1
6295	1
6296	1
6297	1
6298	1
6299	2
6300	4
6301	2
6306	1
6312	1
6314	1
6315	1
6320	2
6325	1
6326	1
6327	2
6329	1
6330	1
6331	1
6332	1
6334	1
6338	1
6340	1
6341	1
6344	4
6347	3
6348	1
22733	1
6351	2
6352	1
6354	2
6357	1
6359	4
6362	2
6366	2
6370	1
6371	1
6373	2
6374	1
6377	2
6378	1
6380	1
6383	2
6385	1
6386	1
6390	1
6393	1
6397	3
6400	3
6402	1
6406	1
6407	1
6410	1
6413	1
6414	1
6415	1
6417	2
6418	3
6419	1
6420	1
6422	2
6423	1
6424	1
6426	3
6427	1
6429	1
6430	2
6431	4
6434	1
6435	3
6436	1
6437	1
6439	3
6441	1
6442	1
6445	1
6447	1
6448	2
6449	1
6450	1
6451	1
6452	1
6454	1
6455	1
6456	1
6457	2
6459	1
6460	1
6462	2
6463	1
6465	1
6466	1
6468	1
6469	1
6470	1
6475	2
6477	1
6481	1
6482	1
6483	2
6486	1
6487	2
6488	2
6489	1
6490	1
6491	1
6492	1
6493	1
6495	3
6496	1
6497	1
6498	2
6502	1
6505	1
6508	2
6510	1
6511	1
22895	1
6513	2
6514	1
6515	1
6517	1
6518	2
22903	1
6520	2
6521	1
6523	1
6524	1
6531	1
6533	2
6534	1
6542	2
6543	1
6544	1
6545	1
6546	1
6548	3
6549	4
22934	1
6554	1
6558	3
6561	2
6562	1
6563	1
6564	1
6566	1
22953	1
6570	1
6572	1
6579	1
6582	3
6585	1
6586	2
6587	1
6588	1
6589	3
6590	1
6591	1
6592	1
6594	1
6595	3
6598	2
6599	1
6600	2
6601	1
6602	4
6603	1
6608	4
6609	1
6614	1
6615	1
6616	2
6620	2
6625	1
6628	1
6629	1
6630	1
6632	2
6634	1
6637	1
6639	2
6641	1
6644	1
6645	2
6646	1
6648	1
6649	2
6652	2
6656	1
6662	1
6663	1
6665	1
6672	1
6676	1
6680	1
6684	1
6686	1
6690	1
6695	1
6696	1
6697	1
6700	1
6701	1
6704	1
6706	1
6712	3
6713	2
6715	1
6716	1
6717	1
6718	2
6721	1
6724	1
6726	2
6727	1
6728	1
6730	1
6732	1
6737	1
6738	1
6748	1
6750	1
6751	1
6752	1
6753	1
6755	1
6759	1
23146	1
6768	1
6770	1
6772	1
6774	2
6775	3
6776	2
6777	1
6778	2
6779	1
23169	1
6787	1
6792	1
6793	1
6795	2
6796	1
6798	2
6801	1
6802	3
6809	1
6811	1
6813	1
23198	1
6819	1
6820	1
6821	1
6822	1
6823	1
6824	2
6825	2
6826	1
6827	1
6832	1
6833	1
6836	1
6837	1
6839	1
6842	1
6844	1
6846	1
6847	3
6856	1
6857	3
6858	1
6861	2
6865	2
23249	1
6868	1
6873	2
6874	1
6875	3
6876	2
6878	1
6882	1
6885	1
6888	2
6891	1
6895	1
6900	1
6901	1
6906	1
6908	3
6912	1
6913	2
6915	1
6918	1
6919	1
6920	2
6921	1
6922	1
6923	1
6924	1
6925	2
6927	1
6928	1
6934	3
6938	2
6942	1
6943	3
6949	1
6951	1
6959	3
6963	1
6965	1
6970	1
6974	1
6981	1
6982	1
6984	1
6985	1
6986	2
6987	1
6989	1
6990	1
6991	2
6992	1
6994	1
6997	1
6998	1
7000	2
7004	1
7005	2
7008	2
7014	2
7016	2
7021	1
7023	1
7026	1
7027	1
7029	1
7035	1
7037	1
7038	1
7041	1
7043	1
23434	1
7050	1
7053	1
7055	1
7056	1
7059	1
7062	1
7063	1
7065	1
7067	1
7068	2
7070	3
7076	1
7079	1
7081	1
7082	1
7084	3
7085	1
7088	2
7089	1
7091	1
7093	1
7095	1
7098	1
7100	1
7101	1
7102	2
7103	1
7104	1
7106	2
7107	1
7110	1
7114	1
7118	1
7120	1
7124	2
7126	1
7127	1
7128	2
7130	1
7132	2
7133	1
7134	1
7138	1
7143	1
7147	2
7149	1
7150	2
7151	1
7153	1
7155	1
7158	1
7166	1
7174	1
7175	2
7176	3
7179	2
7180	2
7181	1
23565	1
23566	1
7183	1
7185	1
7188	2
7191	1
7192	1
7193	1
7194	1
7195	1
7198	2
7199	2
7200	1
7202	1
7204	1
7209	2
23595	1
7211	2
7213	1
7216	1
7217	1
7220	1
7221	1
7222	1
7225	1
7226	2
7230	1
7240	2
7243	2
23635	1
7253	1
7254	1
7255	1
7256	1
7257	1
7261	1
7262	1
23650	1
7267	1
7269	1
7270	2
7272	4
7275	2
7280	2
7284	1
7285	1
7287	2
7292	1
7296	1
7298	1
7300	1
7307	1
7311	1
7312	1
7314	1
7320	1
7323	1
23709	1
7328	1
7330	1
7332	1
23717	1
7333	1
7334	1
7336	2
7342	3
23726	1
23727	1
7343	1
7345	1
23729	1
7346	1
23730	1
23731	1
7348	1
23732	1
23733	1
7350	1
23734	1
23735	1
23736	1
7359	1
7361	2
23750	1
7369	1
7370	2
7373	1
7374	1
7377	2
7380	1
23768	1
7385	1
23770	1
7386	1
7388	1
23772	1
23775	1
23779	1
23782	1
23785	1
7405	1
7408	1
23793	1
7410	2
7411	1
7412	1
23798	1
23799	1
7415	1
7416	2
7417	1
23801	1
7420	1
7424	1
7425	1
7429	1
7431	1
7434	1
7435	1
23826	1
7443	1
7445	2
7446	2
23831	1
23832	1
23833	1
23834	1
23835	1
23836	1
7452	1
23837	1
23838	1
23839	1
7456	1
23840	1
23841	1
23842	1
23843	1
23844	1
23845	1
7461	1
7462	1
23846	1
23847	1
7466	1
23853	1
7473	1
7474	2
23860	1
7477	1
23861	1
7478	2
23865	1
23868	1
7484	1
23869	1
7485	1
23874	1
23875	1
7495	1
7498	2
7500	1
7506	1
23894	1
7511	1
7514	1
7516	1
7520	2
7521	1
7522	1
7523	1
7525	1
23910	1
7527	1
23914	1
7530	1
23918	1
23919	1
7538	1
7539	1
7540	1
23925	1
7543	1
23928	1
7544	1
7545	3
7547	1
7550	1
7551	1
7552	1
23946	1
7573	1
23959	1
7577	1
7580	1
23967	1
23971	1
7591	1
7592	2
23976	1
7595	3
23980	1
7596	2
7598	2
23982	1
23983	1
7599	1
7600	1
7601	1
23987	1
23988	1
7606	2
23992	1
7609	1
7610	1
23994	1
7611	1
23997	1
24000	1
24001	1
7618	1
7619	1
24003	1
24004	1
24007	1
24010	1
24012	1
7630	2
7631	1
24015	1
24017	1
7634	1
7636	2
7637	1
7642	1
7643	1
7644	2
7645	1
24029	1
7653	2
7654	1
24043	1
7659	1
7661	1
7662	1
7666	1
7668	1
7669	1
7672	1
7673	1
7679	1
7682	1
24067	1
7688	1
24073	1
7693	1
7694	1
24079	1
24080	1
24082	1
7701	1
7702	1
7705	1
7706	1
7708	2
7709	1
7710	2
7714	1
24100	1
24101	1
7718	1
7721	1
24110	1
7726	1
24113	1
7735	1
7737	1
24125	1
7742	1
24127	2
7745	3
7749	1
7750	1
24134	1
7751	1
7753	1
24137	1
24138	1
7756	1
24140	1
24142	1
7759	1
7761	1
24147	1
7766	1
7767	1
7770	1
7771	1
24156	1
7774	1
7775	1
7780	1
24170	1
7787	2
7788	2
7789	1
7790	1
7791	1
7792	1
7793	1
7794	1
7796	2
7803	2
7804	1
7805	1
24189	1
7812	1
24201	1
24205	1
7823	1
7824	1
7826	1
7836	1
7837	2
7838	2
24224	1
7849	1
7852	1
7857	1
7860	1
7861	1
7866	1
7867	1
24254	1
7873	1
7877	1
7878	2
7881	1
7884	1
7887	2
7891	1
24283	1
7900	1
7903	2
7906	1
7907	1
24292	1
7909	1
24295	2
7912	1
7914	1
24299	1
7918	1
7919	1
7920	1
7921	1
7922	1
24308	1
7926	2
7932	1
7936	1
7937	1
7938	1
7941	1
24326	1
7943	1
7950	1
7951	1
7953	3
7954	1
7955	2
7957	1
7960	2
7963	1
7966	1
7972	1
7976	2
7981	1
7982	1
7986	1
7988	1
24372	1
7993	2
7997	1
7998	1
7999	1
8000	1
8002	1
8003	1
8006	3
8008	1
8017	1
8018	1
8021	1
8023	1
8027	1
8028	1
8029	2
8031	2
8032	1
8035	2
8036	1
8039	2
8042	1
8044	1
8046	1
8051	1
8059	1
8061	1
8064	1
8066	1
8068	1
8069	2
8070	1
8072	2
8073	1
8077	1
8079	1
8080	2
8081	1
8085	1
8088	1
8090	1
8098	1
8101	2
8103	1
8106	1
24491	1
8113	1
8118	1
8123	1
8126	2
8128	1
8130	1
8131	1
8132	1
8133	1
8139	1
8143	1
8149	1
8153	2
24544	1
8160	1
8162	1
8165	2
8176	1
8177	1
8180	2
24567	1
8183	1
8185	1
8186	1
24572	1
8190	2
8195	1
8196	1
8197	1
8200	1
24588	2
8212	2
8221	4
8222	1
8224	1
8225	1
8227	1
8230	1
8231	1
8232	1
8233	2
8234	1
24620	1
8237	1
24621	1
8239	2
8240	1
8252	1
8254	3
8258	1
24643	1
8261	1
8269	1
8272	1
8273	2
8275	1
24660	1
8277	1
8279	1
24664	1
24669	1
8290	1
24679	1
8295	1
8299	1
8300	1
8301	1
8303	1
8306	3
8307	1
8310	2
24697	1
24699	1
8317	1
8318	1
8320	1
8322	1
8327	1
24712	1
24713	1
8333	1
8336	1
24725	1
8343	1
8347	1
8348	1
8349	2
8350	2
24736	1
8354	1
8355	1
8359	1
24743	1
24747	1
8365	2
8370	1
8372	2
8373	1
8374	2
8379	1
8383	1
8384	1
8386	2
24770	1
8387	1
8389	2
8390	2
8391	1
8395	1
8396	1
8400	1
8416	1
8418	1
8420	1
24804	1
8422	1
8423	1
8430	1
8437	1
8438	1
24825	2
8444	1
8452	1
8455	1
8456	1
24843	1
8460	1
8461	1
24861	1
8478	1
8479	1
8484	2
8485	1
8487	1
24875	1
8497	1
8498	1
8500	1
24884	1
8501	1
24885	1
8515	1
24899	1
8517	1
8520	1
8521	1
8522	2
8523	2
8531	1
8532	1
8533	2
8535	1
8552	1
8553	2
8560	1
8561	1
24948	1
8566	1
24951	1
8569	2
8573	1
24963	1
8581	1
8585	1
24970	1
8590	1
8592	1
8594	1
8595	2
8600	2
8601	1
24985	1
8602	2
8606	1
8609	1
8613	1
8614	1
8621	1
8623	1
8624	1
25008	1
8627	1
25012	1
8632	2
25018	1
8637	1
8639	1
8640	2
8644	1
8647	1
25032	1
25038	1
8655	1
8660	1
8662	1
8663	1
8664	1
25051	1
8670	2
8673	1
25057	1
8679	1
8680	1
8682	1
8683	2
8685	1
8689	1
8690	1
8691	1
25077	1
8694	2
8695	2
8700	1
8701	1
8702	1
8704	1
25093	1
8710	1
8711	1
8712	1
8715	1
8717	1
8719	1
8720	1
8722	1
8728	1
8731	1
8735	1
8744	1
8748	1
8749	1
8751	1
8752	1
8754	1
8755	1
8762	1
8765	1
8768	1
25152	1
8770	1
8771	1
8774	2
8778	1
8780	1
8781	1
8783	1
8786	3
25170	1
25179	1
25182	1
8802	1
8804	1
8810	1
8812	1
8813	1
25199	1
8817	1
8818	2
8820	1
8824	1
8825	1
8828	1
8832	1
8835	2
8843	1
8853	1
8854	1
8857	1
8860	1
8867	1
8869	1
8870	1
8876	1
8879	1
8886	1
8889	1
8891	1
25276	1
8898	1
25284	1
8901	1
25285	1
8908	1
8913	1
8918	1
8919	1
25311	1
8931	2
25324	1
8940	1
8941	1
8942	1
25328	1
8945	1
8946	1
8952	1
8954	1
8957	1
8960	1
8973	2
25358	1
25359	1
8975	1
8978	1
8982	1
8987	1
25372	1
8992	2
8994	2
8997	1
8998	1
8999	1
9001	1
9002	2
9009	1
9016	1
25405	1
9022	1
9023	1
9024	1
25410	1
9027	1
9028	1
9037	2
25421	1
9042	1
9045	1
9046	1
9047	1
25431	1
25432	1
9049	1
9051	1
9052	1
25438	1
25439	1
25440	1
9057	1
9059	1
9060	1
9062	1
9063	1
9072	1
9079	1
9082	1
9085	1
9091	1
9095	1
9097	1
25484	1
9107	1
9108	1
9115	2
9116	1
9117	1
9118	1
9120	1
9126	1
25514	1
9130	3
9131	1
9140	1
9141	1
25532	1
9149	2
9150	1
9156	1
9157	1
9158	1
9161	1
9162	1
9165	1
25550	1
9166	1
9168	1
9174	1
9176	1
9177	3
9181	1
25565	1
9182	2
9183	1
9185	1
9186	1
25571	1
9199	1
9200	1
9202	1
9203	3
9207	1
9209	3
9210	1
9216	1
9217	1
9218	1
25602	1
9222	1
9223	1
9226	1
9231	1
9232	2
9233	1
9237	1
9246	2
9250	1
9258	1
9268	1
9269	1
9274	1
25658	1
9277	1
9296	1
9306	1
9307	1
9312	1
9314	1
9325	2
9331	1
25722	1
25725	1
9346	1
9350	1
9351	1
9358	1
9360	2
9377	2
9379	2
25768	1
9388	1
9389	2
9392	1
9394	1
9396	1
9406	2
9408	1
9413	1
9415	1
9416	2
9421	1
9423	1
9426	2
9435	1
9437	1
9438	1
9440	2
9442	1
9447	1
9448	2
9449	1
9450	1
9454	1
9458	2
9468	1
9470	1
9471	1
9476	1
9481	2
9483	1
9486	1
9493	2
9497	1
9499	1
9504	1
9509	1
9514	1
9516	2
9518	2
9530	1
9534	2
9536	1
9545	1
9556	2
9558	1
9565	1
9566	1
9573	1
9574	1
9580	1
9584	1
9586	1
9592	1
9596	1
9597	1
9602	1
9606	1
9607	1
9609	1
9611	1
9612	1
9613	1
9617	1
9618	1
9643	1
9644	1
9646	1
9651	1
9655	1
9662	1
9667	1
9673	1
9675	1
9678	1
9685	1
9693	1
9697	1
9700	1
9703	1
9706	1
9715	1
9723	1
9725	1
9736	1
9738	1
9739	1
9748	1
9759	2
9762	1
9766	1
9770	1
9772	3
9773	1
9776	1
9779	2
9780	1
9785	2
9786	1
9792	1
9793	1
9796	1
9802	2
9805	1
9806	1
9807	1
9810	1
9815	1
9818	1
9821	1
9827	1
9829	1
9830	1
9832	1
9833	1
9835	1
9845	1
9861	1
9862	1
9868	1
9872	1
9875	1
9879	1
9885	1
9890	1
9895	1
9902	1
9906	1
9914	1
9921	1
9923	1
9929	1
9935	1
9942	1
9944	1
9945	1
9949	1
9950	1
9952	1
9953	1
9956	1
9961	1
9966	1
9971	1
9973	1
9976	1
9983	1
9987	1
9993	1
10007	2
10008	2
10012	1
10014	1
10019	1
10026	1
10029	2
10034	1
10065	1
10076	1
10078	1
10112	1
10116	1
10128	1
10144	1
10147	1
10148	1
10150	1
10151	1
10154	1
10172	1
10176	1
10182	1
10183	1
10202	1
10204	1
10205	1
10214	1
10215	1
10222	1
10235	2
10236	1
10238	1
10239	1
10241	2
10249	1
10251	1
10254	1
10255	1
10260	1
10271	1
10281	1
10285	1
10287	1
10294	1
10298	1
10299	1
10317	1
10321	1
10322	1
10325	1
10333	1
10343	1
10344	1
10345	1
10357	1
10359	2
10360	1
10365	1
10372	1
10378	1
10379	1
10391	2
10393	1
10402	1
10405	1
10406	1
10417	1
10421	1
10422	1
10425	1
10430	1
10434	1
10435	1
10436	1
10441	1
10447	1
10451	2
10454	1
10457	1
10461	2
10463	1
10475	1
10476	1
10482	1
10492	1
10501	1
10507	1
10509	1
10512	1
10516	1
10527	1
10537	2
10541	1
10548	1
10549	1
10552	1
10554	1
10566	1
10587	1
10590	1
10593	1
10600	1
10601	1
10603	1
10605	1
10607	1
10613	1
10615	1
10617	1
10619	1
10626	1
10633	1
10639	2
10647	1
10649	2
10657	2
10661	1
10675	1
10682	1
10685	1
10686	1
10699	1
10704	1
10731	1
10732	2
10752	1
10764	1
10767	1
10772	1
10775	1
10785	1
10786	1
10787	1
10789	1
10791	1
10795	1
10797	1
10798	1
10800	1
10813	1
10815	1
10817	1
10829	1
10841	1
10843	1
10846	1
10848	2
10851	1
10855	1
10865	1
10876	1
10889	1
10899	1
10907	1
10920	1
10928	1
10934	1
10938	1
10941	1
10944	1
10945	1
10956	1
10962	1
10964	1
10969	1
10970	1
10971	1
10974	1
10980	1
10982	1
10995	1
11015	1
11020	1
11026	1
11035	1
11042	1
11044	1
11055	1
11060	1
11063	1
11068	1
11094	1
11100	1
11104	1
11111	1
11126	1
11127	1
11128	1
11130	1
11153	1
11159	1
11170	1
11171	1
11186	1
11213	1
11219	1
11233	1
11241	1
11248	1
11252	1
11258	1
11265	1
11277	1
11280	1
11288	1
11290	1
11292	1
11297	1
11299	1
11320	1
11327	1
11338	1
11348	1
11353	1
11365	1
11372	1
11384	1
11386	1
11393	1
11396	1
11403	1
11405	1
11407	1
11413	1
11418	1
11419	1
11435	1
11454	1
11458	1
11469	1
11478	1
11481	1
11497	1
11504	1
11507	1
11513	2
11514	1
11516	1
11520	1
11525	1
11527	1
11540	1
11542	1
11553	2
11559	1
11567	1
11575	1
11580	1
11590	1
11605	1
11608	1
11611	1
11614	1
11618	1
11620	1
11635	1
11636	1
11637	1
11652	1
11660	1
11668	1
11686	1
11690	1
11693	1
11699	1
11708	1
11709	1
11716	1
11719	1
11720	1
11725	1
11727	1
11728	1
11729	2
11741	1
11753	1
11757	2
11759	1
11761	1
11764	1
11765	1
11769	1
11775	1
11785	2
11791	1
11794	1
11798	1
11802	1
11805	1
11810	1
11814	1
11830	1
11831	1
11832	1
11835	1
11837	1
11843	1
11844	1
11846	1
11850	2
11869	1
11870	1
11880	1
11881	1
11884	1
11898	1
11899	1
11901	1
11921	1
11933	1
11941	1
11947	1
11954	1
11956	1
11960	1
11966	1
11967	1
11970	1
11971	1
11972	1
11973	1
11987	1
11990	1
11994	1
11995	1
11999	1
12002	1
12003	1
12017	1
12035	1
12043	1
12050	1
12060	1
12064	1
12090	1
12101	1
12105	1
12106	1
12111	1
12114	2
12119	1
12122	1
12124	1
12134	1
12138	1
12139	1
12145	1
12147	1
12148	1
12150	1
12157	1
12158	1
12159	1
12160	1
12165	1
12168	1
12174	1
12175	1
12185	1
12195	1
12200	1
12203	1
12224	1
12225	1
12227	1
12228	1
12239	1
12240	2
12254	1
12274	1
12280	1
12282	2
12286	1
12288	1
12296	1
12301	1
12302	1
12304	1
12325	1
12340	1
12342	1
12350	1
12352	1
12357	1
12358	1
12364	1
12368	1
12371	1
12372	1
12375	1
12379	1
12390	1
12410	1
12411	1
12420	1
12421	1
12425	1
12431	1
12433	1
12441	1
12448	1
12449	1
12455	1
12462	1
12479	1
12490	1
12501	1
12503	1
12521	1
12524	1
12537	1
12540	1
12543	1
12553	1
12557	1
12559	1
12566	1
12571	2
12575	1
12588	1
12600	1
12609	1
12619	1
12643	1
12644	1
12665	1
12675	1
12685	1
12693	1
12694	1
12697	1
12700	1
12702	1
12717	1
12720	1
12724	1
12725	1
12726	1
12737	1
12759	1
12763	1
12768	1
12784	1
12787	1
12792	1
12793	1
12805	1
12808	1
12820	1
12827	1
12830	1
12845	1
12849	1
12855	1
12868	1
12869	1
12871	1
12875	1
12877	1
12895	1
12905	1
12909	1
12915	1
12917	1
12930	1
12944	1
12954	1
12955	1
12969	1
12983	1
13002	1
13007	1
13010	1
13015	1
13017	1
13043	1
13049	1
13056	1
13061	1
13062	1
13075	1
13076	1
13081	1
13093	1
13099	1
13104	1
13116	1
13140	1
13155	1
13168	1
13171	1
13182	1
13192	1
13201	1
13214	1
13225	1
13236	1
13240	1
13242	1
13244	1
13249	1
13260	1
13264	1
13268	1
13272	1
13276	1
13279	1
13288	1
13289	1
13297	1
13300	1
13303	1
13317	1
13321	1
13322	1
13324	1
13326	1
13330	1
13346	1
13365	1
13380	1
13383	1
13388	1
13395	1
13422	1
13437	2
13447	1
13453	1
13465	1
13470	1
13471	1
13480	1
13486	1
13495	1
13497	1
13503	1
13505	1
13531	1
13538	1
13544	1
13547	1
13554	1
13557	1
13561	2
13572	1
13580	1
13584	1
13600	1
13601	1
13602	1
13608	1
13623	1
13624	1
13630	1
13634	1
13648	1
13654	1
13660	2
13662	1
13679	1
13690	1
13695	1
13697	1
13703	1
13713	1
13726	1
13728	1
13730	1
13734	2
13760	1
13765	1
13779	1
13808	1
13833	1
13862	1
13863	1
13873	1
13897	1
13899	1
13903	1
13904	1
13912	1
13921	1
13934	1
13949	2
13954	1
13971	1
13986	1
13988	1
14042	1
14054	1
14080	1
14089	1
14108	1
14110	1
14125	1
14137	1
14143	1
14154	1
14156	1
14185	1
14200	1
14202	1
14204	1
14208	1
14238	1
14241	2
14262	1
14267	1
14283	1
14289	1
14291	1
14314	1
14327	1
14340	1
14343	1
14345	1
14347	1
14352	1
14373	1
14380	1
14408	1
14409	1
14416	1
14420	1
14423	2
14426	1
14437	1
14455	1
14463	2
14465	1
14470	1
14472	1
14477	1
14485	1
14486	1
14488	1
14501	1
14502	1
14504	1
14509	1
14517	2
14526	1
14527	1
14536	1
14537	2
14540	1
14546	1
14580	1
14582	1
14594	1
14595	1
14598	1
14612	1
14615	1
14636	1
14638	1
14640	1
14674	1
14688	1
14689	1
14690	1
14691	1
14694	1
14699	1
14709	1
14711	1
14714	1
14715	1
14722	1
14725	1
14731	1
14746	1
14748	1
14749	1
14760	1
14771	1
14773	1
14792	1
14793	1
14799	1
14817	1
14837	1
14850	3
14852	2
14859	1
14862	1
14863	1
14870	1
14872	1
14885	1
14888	1
14889	1
14890	1
14896	2
14897	1
14898	1
14899	1
14916	1
14917	1
14925	1
14935	1
14936	1
14941	1
14943	1
14951	1
14954	1
14957	1
14961	1
14963	1
14965	1
14985	1
15001	1
15004	1
15007	1
15011	2
15030	2
15036	1
15037	1
15038	1
15044	1
15050	1
15052	1
15053	1
15058	1
15059	1
15062	1
15068	1
15071	1
15082	2
15093	1
15103	1
15107	1
15109	1
15116	1
15123	1
15127	1
15132	1
15134	1
15136	1
15144	2
15150	1
15151	1
15153	1
15156	1
15159	1
15161	1
15162	1
15177	1
15180	1
15183	1
15186	1
15188	1
15189	1
15193	1
15195	1
15196	1
15205	1
15228	1
15237	1
15243	1
15245	1
15247	2
15249	1
15256	1
15257	1
15258	1
15259	1
15272	1
15273	1
15277	1
15281	1
15290	1
15294	1
15306	1
15310	1
15311	2
15314	1
15319	1
15329	1
15330	1
15333	1
15338	1
15340	1
15345	1
15347	1
15352	1
15360	1
15361	1
15365	1
15373	1
15378	1
15379	1
15394	1
15395	2
15399	1
15409	1
15412	1
15419	1
15430	2
15432	1
15445	2
15447	1
15448	2
15452	1
15453	1
15454	1
15455	3
15458	1
15464	1
15465	1
15472	1
15482	1
15489	1
15490	1
15495	1
15500	1
15502	1
15503	1
15513	1
15514	1
15515	2
15518	1
15519	2
15522	1
15527	1
15534	1
15543	1
15545	1
15549	1
15556	1
15559	1
15566	1
15575	1
15580	2
15582	1
15584	1
15598	1
15599	1
15604	1
15617	1
15623	1
15626	1
15627	1
15628	1
15644	1
15654	2
15668	1
15671	1
15673	1
15675	1
15677	1
15682	1
15689	1
15691	1
15696	1
15697	1
15698	1
15699	1
15701	1
15705	1
15707	1
15711	1
15712	1
15718	1
15721	1
15728	2
15739	1
15755	1
15759	1
15760	1
15761	1
15763	1
15775	1
15776	1
15777	2
15780	1
15783	1
15788	1
15792	1
15793	1
15796	3
15798	1
15800	2
15803	1
15804	1
15805	1
15811	1
15812	1
15815	1
15816	1
15821	1
15822	1
15825	2
15829	2
15830	1
15831	1
15832	1
15836	1
15838	1
15839	1
15843	2
15846	1
15849	1
15850	1
15856	1
15861	1
15862	1
15863	1
15867	1
15868	2
15869	1
15871	1
15872	1
15874	1
15875	1
15880	1
15884	1
15896	1
15910	1
15912	1
15916	1
15917	1
15921	1
15922	1
15928	1
15930	1
15931	1
15938	1
15941	1
15946	2
15953	1
15957	1
15959	1
15963	1
15964	1
15965	2
15966	1
15969	1
15974	1
15975	1
15976	1
15978	2
15979	1
15980	1
15983	1
15984	1
15993	1
16001	1
16002	1
16004	1
16008	1
16015	1
16016	1
16020	1
16022	1
16032	1
16034	2
16035	2
16039	1
16041	1
16052	1
16061	1
16072	1
16076	1
16078	2
16081	1
16097	1
16100	1
16102	1
16107	1
16112	1
16114	1
16120	2
16122	1
16135	1
16139	1
16145	1
16148	1
16151	1
16153	1
16154	1
16155	1
16158	1
16165	1
16168	1
16174	1
16179	1
16181	1
16185	1
16189	1
16190	2
16192	2
16196	1
16197	1
16198	1
16203	1
16212	1
16213	1
16220	1
16223	1
16224	1
16228	1
16231	2
16232	1
16235	1
16239	1
16249	1
16250	1
16252	1
16257	1
16264	1
16267	1
16268	1
16272	1
16281	1
16286	1
16300	1
16302	1
16303	1
16308	2
16309	1
16319	1
16325	3
16326	2
16332	1
16333	1
16335	1
16349	1
16354	1
16357	1
16359	1
16361	1
16364	1
16370	1
16371	2
