1	5
2	3
3	4
4	3
5	3
6	7
7	3
8	4
9	2
10	3
11	3
16395	1
12	4
13	4
14	4
15	7
16	5
17	5
18	4
19	3
20	5
21	3
22	8
23	1
24	3
26	4
27	5
28	2
29	2
30	6
31	2
32	4
33	7
34	3
35	4
36	3
37	4
38	5
39	7
40	5
41	3
42	4
43	2
44	4
45	4
46	9
47	6
48	9
16432	1
49	9
50	5
51	4
52	4
53	7
16437	1
54	2
55	5
56	2
57	6
58	2
59	5
60	2
61	3
62	7
16446	1
63	6
64	7
65	8
66	3
67	4
16451	1
68	4
69	4
70	2
71	4
72	3
73	5
74	3
75	5
76	2
77	3
78	7
79	3
80	2
81	3
82	8
83	5
84	5
85	5
86	3
87	5
88	5
89	2
90	6
91	6
16475	1
92	1
93	6
94	8
95	3
96	2
97	4
98	6
99	4
16483	1
100	4
101	1
102	5
103	2
104	4
105	6
106	2
16490	1
107	3
108	4
16492	1
109	2
110	1
111	2
112	6
113	5
114	2
115	3
116	2
117	3
16501	1
118	2
119	3
120	4
121	4
122	3
123	5
124	4
16508	1
125	5
127	2
128	2
129	4
16513	1
130	5
131	2
132	2
133	4
134	3
135	9
136	2
137	6
138	1
139	1
140	6
141	3
142	2
143	5
144	5
145	1
146	3
147	6
148	2
149	7
150	4
151	2
152	7
153	3
154	4
16539	1
155	5
156	6
157	3
158	3
159	3
160	1
161	6
162	7
163	5
164	3
166	3
167	7
168	1
169	5
170	4
171	5
172	3
173	6
174	5
176	1
177	1
178	5
179	1
180	5
181	6
182	7
183	7
185	3
186	1
187	4
16572	1
190	1
191	3
16575	2
192	5
193	7
194	6
195	5
196	8
197	2
198	2
199	7
200	2
201	6
202	7
203	4
204	2
16589	1
206	3
207	1
208	3
209	4
210	1
211	2
212	3
213	4
214	3
215	8
216	4
217	1
16601	1
218	4
219	2
220	2
221	4
222	4
223	4
224	2
225	2
226	2
227	2
228	7
230	7
231	3
232	5
233	4
16617	1
234	2
235	2
236	3
237	4
238	1
239	3
240	4
241	1
243	2
244	3
245	3
246	1
247	1
248	3
249	6
251	3
252	4
16636	1
253	3
254	4
255	4
256	4
257	4
258	5
259	7
260	1
261	3
16645	1
262	4
16646	1
263	5
264	3
265	3
16649	1
266	6
16650	1
267	3
268	7
269	2
270	4
271	4
16655	1
272	2
273	1
274	4
275	2
276	4
277	5
278	5
279	1
280	2
281	2
282	4
283	1
284	2
16668	1
285	4
286	5
287	3
288	4
289	1
290	2
291	6
292	2
293	3
294	6
295	6
296	4
297	2
298	2
299	3
300	2
301	10
16685	1
302	5
303	2
304	4
305	4
306	3
307	5
308	5
309	7
310	2
311	2
312	3
313	4
314	6
315	4
316	2
317	4
318	1
319	3
320	1
321	3
322	3
323	5
324	6
325	2
326	7
327	6
328	3
329	1
330	4
331	2
332	2
333	9
334	5
335	3
336	5
337	2
338	4
339	6
340	3
341	3
342	4
343	2
344	7
345	3
346	3
347	4
348	5
349	1
350	3
351	4
352	6
353	5
354	5
16738	1
355	4
356	5
357	3
16741	1
358	2
359	5
360	2
361	2
362	2
363	6
364	5
365	3
366	6
367	4
368	3
369	5
370	6
371	5
372	7
373	4
374	1
375	5
376	5
16760	1
377	4
378	4
379	2
380	2
381	4
382	1
383	2
384	1
385	7
386	5
387	3
388	4
389	4
390	5
391	2
392	7
393	4
394	1
395	2
16780	1
396	3
397	6
398	6
399	4
400	1
401	5
402	4
403	2
404	3
405	6
406	2
16790	1
407	5
408	2
409	3
16793	1
410	4
411	2
412	1
413	7
414	3
415	1
16799	1
416	4
417	4
418	5
419	2
421	6
422	2
423	6
424	4
425	4
426	4
427	5
16811	1
428	6
429	3
431	4
16815	2
432	2
433	5
434	1
435	3
436	3
437	3
438	2
439	2
16823	1
440	5
441	1
442	1
443	2
444	2
445	4
446	5
16830	1
447	1
16831	1
448	1
449	6
450	5
451	7
452	4
453	3
454	4
455	3
456	5
457	5
458	2
459	5
460	4
461	4
462	3
463	3
464	4
465	4
466	6
467	2
468	4
469	5
470	5
471	4
472	1
473	1
474	2
475	7
476	3
477	6
478	2
479	1
480	4
481	3
482	2
483	4
484	6
485	5
486	3
487	1
488	3
16872	1
491	4
492	4
493	5
494	5
495	2
496	4
497	8
498	1
499	4
500	3
501	8
502	1
16886	1
503	2
504	2
16889	1
505	4
506	3
16890	1
507	3
508	7
509	3
510	3
511	2
512	4
16896	1
513	3
514	2
515	5
516	3
517	5
518	2
519	6
520	4
521	2
522	2
523	1
524	1
525	2
16909	1
527	1
528	4
529	3
530	1
531	3
532	5
533	3
534	6
535	4
536	5
537	2
538	2
539	5
540	3
16924	1
541	4
542	4
16927	1
543	3
544	4
545	1
546	4
547	3
548	4
549	3
550	4
551	5
552	4
553	3
554	2
555	6
556	6
557	3
558	3
559	4
560	4
561	7
562	7
563	4
564	3
565	2
566	1
567	3
568	1
569	4
570	4
571	3
572	3
573	6
574	4
575	7
576	3
577	3
578	8
579	5
580	5
581	5
582	4
583	2
584	5
585	1
586	1
587	3
16971	1
588	4
589	1
590	1
592	3
593	3
594	2
595	6
596	5
16980	1
597	1
598	1
599	1
600	3
601	3
602	1
603	3
604	4
605	6
606	3
607	6
608	3
609	4
16993	1
610	2
16994	1
611	6
612	5
613	2
16997	1
614	5
16998	1
615	3
616	6
617	4
618	8
619	3
620	2
622	5
17007	1
623	4
624	4
625	2
626	3
627	5
628	2
17013	1
629	3
630	5
631	2
632	6
17016	1
633	2
634	4
635	3
636	2
638	3
639	5
640	4
641	5
642	7
643	2
644	2
645	2
17029	1
646	7
647	4
649	3
17033	1
650	2
651	1
652	3
653	2
654	4
655	3
656	3
657	4
658	3
659	2
660	5
17044	1
661	6
662	4
17046	2
663	5
664	2
665	4
666	4
667	1
668	5
669	3
670	6
671	5
672	4
673	5
674	5
675	2
676	3
677	3
678	7
679	3
680	6
681	3
682	5
683	4
684	6
685	6
686	1
687	4
688	1
689	5
690	2
691	4
692	3
693	3
17078	1
694	4
695	6
696	6
697	4
698	4
699	3
17083	1
700	6
701	3
702	1
703	1
17087	1
704	3
705	4
706	5
707	7
17091	1
708	4
709	7
710	1
711	5
712	7
17097	1
713	5
714	5
715	4
716	1
717	2
17102	1
718	4
719	6
720	2
721	3
722	5
723	6
724	1
725	1
726	1
727	2
17111	2
17112	1
728	3
729	4
730	4
731	4
732	2
733	1
734	4
735	4
736	5
737	2
17121	1
738	4
739	3
740	3
742	3
743	2
744	5
745	5
746	5
747	3
748	1
749	2
751	4
752	6
753	2
754	3
755	3
756	2
757	4
758	1
759	5
760	9
761	5
762	2
763	2
764	3
765	5
766	6
767	3
768	3
769	3
770	5
771	2
772	6
773	4
774	4
775	8
776	3
777	3
778	1
779	2
17163	1
780	5
781	1
782	2
783	8
784	3
785	5
786	3
787	3
17171	1
17172	1
789	2
790	4
791	5
792	3
793	4
794	2
795	3
796	2
797	4
798	7
799	4
800	5
801	5
803	2
804	9
806	3
807	2
17191	1
17192	1
808	5
809	1
810	2
811	4
812	7
813	2
814	4
815	3
816	5
817	2
818	5
820	3
821	4
822	3
823	3
825	7
826	3
17210	1
828	2
829	5
830	1
831	4
832	4
833	3
834	3
835	6
836	4
837	1
838	4
839	5
840	4
17224	1
841	2
842	7
843	3
844	4
845	4
846	2
847	4
848	4
849	4
850	1
17234	1
851	3
852	2
853	4
854	3
855	6
856	2
857	4
858	3
859	4
860	5
861	4
862	3
863	4
864	1
865	2
866	5
867	3
868	4
869	3
870	5
871	1
872	2
873	1
874	6
875	5
876	6
877	2
878	4
879	2
880	5
881	7
882	3
884	3
885	2
886	5
887	5
17271	1
888	4
889	3
890	1
891	1
892	3
894	5
895	3
896	1
897	3
898	4
899	3
900	2
901	5
902	2
903	3
904	4
905	3
906	3
907	4
908	2
909	2
910	6
17295	1
911	2
912	4
913	4
914	1
915	6
916	3
917	4
918	3
17302	1
919	3
920	5
921	2
922	11
923	2
17307	1
924	2
925	8
926	3
927	4
928	5
929	4
930	2
931	4
932	2
933	2
934	3
935	4
17319	1
936	2
937	4
938	3
939	3
940	8
17324	1
941	5
17325	1
942	4
943	2
944	3
945	2
946	1
947	2
948	2
949	3
950	3
951	3
952	1
17336	1
953	4
954	5
955	2
956	5
957	7
958	3
959	4
960	4
961	3
17345	1
962	3
963	4
964	4
965	3
17350	1
966	2
967	3
968	7
969	1
970	2
971	7
972	8
973	5
974	3
17358	1
975	3
17359	1
976	1
977	2
978	5
979	6
980	4
981	3
982	2
983	3
17367	1
984	4
985	1
986	4
987	2
988	4
989	3
990	5
991	2
992	1
993	3
994	2
995	2
996	2
997	2
998	3
999	5
1000	3
1001	3
1002	1
1003	1
1004	2
1005	8
1006	5
1007	3
1008	1
1009	2
1011	2
1012	3
1013	4
1014	7
17399	1
1015	4
17400	1
1016	1
1017	2
1018	6
1019	5
1020	7
17404	1
1021	4
17406	1
1022	6
1023	2
1024	2
17408	1
1025	4
1026	2
17411	1
1027	3
1028	3
1029	5
1030	2
1031	7
1032	4
1033	2
1034	4
1036	4
17420	1
1037	3
1038	1
1039	1
1040	6
1041	4
1042	3
17426	1
1043	4
1045	2
1046	3
1047	2
1048	4
1049	3
1050	2
1051	2
1052	3
1054	2
1055	3
1056	4
1057	1
1058	5
1059	3
1060	5
1061	3
1062	1
1063	2
1064	4
1065	4
1066	1
1067	5
17452	1
1068	1
1069	3
1070	3
1071	7
1072	4
1073	5
1074	4
1075	5
1076	8
1077	1
1078	3
1079	4
1080	3
1081	2
17465	1
1082	3
1084	4
1085	2
1086	6
17470	1
1087	2
1088	6
1089	1
1090	2
1091	1
1092	3
1093	3
1094	2
1095	1
1096	2
17480	1
1097	3
1098	4
1099	4
1100	2
1101	1
1102	2
1103	5
17487	1
1104	1
1105	6
1106	3
1107	4
1108	4
1109	4
1110	5
1111	3
17495	1
1112	3
1113	3
1114	6
1115	3
1116	3
1117	1
1118	4
1119	4
1120	2
1121	1
1122	1
1123	3
1124	5
1125	2
1126	3
1128	1
1129	4
1130	2
1131	7
1132	5
1133	2
1134	4
17519	1
1135	3
1136	4
1137	6
1138	4
1139	6
1140	4
1141	2
1142	1
17526	1
1143	3
1144	5
1145	1
1146	4
1147	1
1148	4
1150	1
1151	7
1152	1
1153	3
1154	6
1155	2
1156	3
1157	1
1158	3
1159	3
1160	4
1161	1
1162	7
1163	7
1165	1
1166	3
1167	3
17551	1
1168	3
1169	4
1170	1
1171	5
1172	3
1173	5
17557	1
1174	2
1175	2
1176	2
1177	2
1178	3
1179	3
1180	4
1183	1
17567	1
1185	3
17571	1
1187	2
1188	3
1189	1
1190	3
1191	2
1192	2
1193	2
1194	2
1195	6
17579	1
1196	1
1198	3
1199	4
1200	3
1201	3
1202	3
17586	1
1203	3
1204	4
1205	2
1206	1
1207	3
1208	3
1209	2
1210	3
1211	3
1212	1
17597	1
1213	2
1214	1
1215	5
1216	2
1217	3
1218	1
1219	2
1220	2
1221	4
1222	2
17607	1
1224	2
1225	4
1226	1
1227	2
17612	1
1228	2
1229	3
1230	4
1231	3
1232	2
1233	4
1234	3
1235	1
1236	3
1237	3
1238	4
1239	1
1240	2
1241	1
1242	3
1243	3
1244	2
1245	3
1246	4
1247	2
1248	6
1249	2
1250	1
1251	3
1252	5
1253	2
1254	3
1256	2
1257	5
17641	1
1258	3
17642	1
1259	2
1260	3
17644	1
1261	3
1262	2
1263	4
1264	1
1265	2
1266	4
1267	3
1268	2
1269	3
1270	6
1271	2
1272	2
1273	3
1274	6
1275	2
1276	3
1277	1
1278	2
1279	4
1280	2
1281	1
1282	1
1283	1
1284	4
1285	2
17669	1
1286	1
1287	3
1288	2
1289	4
17673	1
1290	2
1291	3
1292	1
1293	5
1294	2
1295	2
1296	1
17680	1
1297	2
1298	2
1299	7
1300	1
1301	4
1302	3
1303	3
1304	2
1305	3
17689	1
1306	1
1307	2
1308	2
1310	4
1311	2
1312	4
1313	2
1314	1
1315	3
1316	3
1317	2
1318	3
1319	2
1320	6
1321	2
1322	2
17707	1
1323	2
1325	2
17710	1
1326	1
1327	4
1328	7
1329	2
1330	3
17715	1
1331	2
1332	1
1333	1
1334	2
1335	3
1336	2
1337	1
1338	3
1339	1
1340	3
1341	2
1342	1
17726	1
1343	4
17727	1
1344	2
1346	2
1347	1
1348	1
1349	2
1350	2
1351	1
1352	3
1353	2
1354	4
1355	4
1356	3
1357	3
17741	1
1358	1
1359	1
1360	2
1361	1
17745	1
1362	2
1363	2
1364	5
17749	1
1365	2
1366	1
1367	2
1368	4
1370	1
17754	1
1371	3
1372	3
1373	2
1374	1
1375	6
1376	4
1377	3
1378	4
1379	4
17763	1
1380	3
1381	1
1382	1
1383	5
1384	1
17769	1
1385	4
1386	3
1387	5
1388	2
1389	3
1390	2
1392	7
1393	2
17777	1
1394	5
1395	4
1396	2
1397	2
1398	3
1399	2
1400	2
17784	1
1401	2
1402	1
1403	4
1404	1
1405	3
1406	2
1407	5
1408	1
1409	3
1410	3
1411	1
1412	2
1414	4
1416	3
17800	1
1417	2
1419	3
1420	5
1421	3
1422	2
1423	2
1424	1
1425	3
17809	1
1426	2
17810	1
1427	6
1429	5
1430	2
1432	2
1433	7
1434	6
1435	5
1436	3
1437	4
1438	3
1439	1
1440	5
1441	2
1442	4
17826	1
1443	2
1444	4
1445	3
1446	2
1448	3
1449	4
1450	4
1451	1
17836	1
1452	1
1453	1
1454	2
1455	3
1456	3
1457	5
1459	1
1460	3
1462	3
1463	4
1464	3
1465	1
1466	1
1467	3
1468	3
17853	1
1469	1
1470	2
1471	3
1472	3
1473	2
17857	2
1474	4
1475	2
17859	2
1476	3
1477	1
1478	1
1479	3
1480	3
1481	1
1482	1
1483	4
1484	2
1485	3
1486	2
1487	2
1488	4
1489	1
1490	4
1491	2
1492	4
1493	2
1494	2
1495	2
1496	3
1497	5
1498	5
1499	2
1500	2
1501	1
1502	2
17886	1
1503	2
1504	1
1505	3
1506	5
1507	7
1508	3
1509	7
17893	1
1510	4
1511	5
17895	2
1512	3
1513	3
1514	3
17898	1
1515	5
17899	1
1516	3
1517	3
1518	3
1519	3
1520	1
1521	3
1522	6
1523	3
1524	5
1525	5
1526	4
1527	2
1528	3
1529	4
1530	3
1531	2
1532	5
1534	4
1536	3
1537	2
1538	2
1539	2
17924	1
1541	4
1542	3
1543	1
1544	2
1545	4
1546	3
1547	1
1548	4
1549	4
1551	1
1552	4
1553	3
1554	5
1555	2
17939	1
1556	4
17941	1
1557	4
1558	6
1559	2
1560	1
1561	5
1562	2
1563	4
1564	2
1565	4
1566	2
1567	1
17951	1
1568	2
1569	2
1570	1
1571	1
1573	4
1574	1
17959	1
1575	3
1576	1
1577	2
1578	1
1579	1
1580	2
1581	3
1582	3
1583	1
1584	4
1585	4
17969	1
1586	4
1587	3
1589	1
17974	1
1591	4
1592	2
1593	2
1594	7
17978	1
1595	3
1596	2
1597	7
1598	4
1599	3
1600	4
1601	1
1602	2
1603	4
1604	1
1605	4
1606	2
1607	3
17991	1
1608	1
1609	3
17994	1
1610	2
1611	2
1612	2
1614	2
1615	3
17999	1
1616	5
1617	3
1618	2
1619	3
1620	2
1621	4
1622	3
1623	2
1624	2
1625	4
1626	1
1627	3
1628	1
1629	3
18013	1
1630	1
1631	1
1633	1
1634	5
1635	1
1636	1
1637	3
1638	3
1639	1
1640	3
1641	3
1642	2
1643	2
1644	1
1645	1
1646	3
1647	1
1648	3
1649	4
18033	1
1650	3
1651	4
1652	1
18036	1
1654	3
1655	6
1656	2
1657	4
1658	3
1659	6
1660	1
1661	4
1663	4
1664	6
18048	1
1665	4
1666	2
18050	1
1667	3
1668	7
1669	4
1670	2
18054	1
1671	3
1672	2
1673	3
1674	2
1675	4
1676	3
1677	1
1678	1
1679	3
1680	2
1681	1
18065	1
1682	3
1683	2
1684	3
1685	1
18069	1
1687	4
1689	2
1690	1
18075	1
1691	3
1692	2
1693	4
1694	4
1695	2
1696	1
1697	3
1698	1
1700	3
1701	1
1702	4
18086	1
1703	2
1704	2
1705	1
1706	1
1707	4
1708	1
1709	3
1710	5
1711	3
1712	5
1713	3
1714	2
1715	3
1716	5
1717	2
1718	4
1719	4
1720	3
1721	3
1722	2
18106	1
1723	3
1724	5
1725	4
1726	5
1727	1
1728	1
1729	4
1730	2
18114	1
1731	3
1732	2
1733	2
1734	2
1735	3
1736	1
1738	6
1739	2
1741	2
18125	1
1742	3
1744	1
1746	4
1747	2
1748	3
1749	3
1750	2
1753	2
1754	1
1756	2
1757	2
1758	3
18143	1
1759	1
1760	2
1761	3
1762	2
1763	1
18148	1
1764	4
1765	6
1766	1
1767	3
1768	1
1769	3
1770	3
1771	3
1772	1
1773	1
1774	2
1776	5
1777	6
1779	2
1780	3
1781	2
1782	4
1783	4
1784	4
1785	6
1786	6
18170	2
1788	6
1789	5
1790	3
1791	5
1792	1
1793	4
1794	3
1795	2
1796	1
1797	4
1798	3
1799	5
1800	3
1801	2
1802	6
1804	3
1805	2
1806	2
18190	1
1807	1
1808	4
18193	1
1809	1
1810	6
1811	6
1812	2
1813	3
1814	3
1815	2
1816	5
1817	6
1818	5
1819	5
1820	4
18204	1
1821	4
1822	2
1823	2
1824	1
1825	3
1826	2
1827	1
1828	3
1829	3
1830	2
1831	6
1832	3
18217	2
1833	5
1834	3
1835	1
1837	2
1838	4
1839	3
1840	4
18224	1
1841	2
1842	4
1843	2
1846	4
1847	3
1848	3
1849	1
1850	4
1851	2
1852	2
18236	1
1853	2
1854	3
1855	3
1856	3
1857	4
1858	2
1859	3
1860	3
18244	1
1861	6
1862	1
1863	2
1864	2
1865	7
1866	6
18250	1
1867	2
1868	1
1869	2
1870	3
1871	3
1872	6
1873	2
1874	3
1875	6
1876	3
1877	1
1878	4
1879	3
1880	5
1881	2
1882	4
1883	2
1884	3
1885	7
1887	5
1888	2
1889	2
1890	4
1892	6
18276	1
1894	3
18278	1
1895	1
1897	2
1898	2
1899	2
1900	2
1901	2
18286	1
1902	2
1903	3
1904	5
18288	1
1905	4
1906	1
1907	2
1908	5
18293	1
1909	2
1910	1
1911	3
1912	5
1913	1
1915	4
1916	3
18300	1
1917	5
1918	6
1920	4
1921	3
1922	4
18306	1
1923	3
1924	2
1925	2
1926	5
1927	3
1928	2
1929	3
1930	3
1931	3
18315	1
1932	3
1933	4
1935	2
1936	5
1937	2
1938	5
1939	4
1940	3
1941	3
1942	2
1943	4
1944	2
1945	3
1946	1
1947	4
1948	4
1949	3
18333	1
1950	1
1951	3
1952	3
1953	3
1954	4
1955	6
1957	1
1958	4
1959	4
1961	2
1962	1
1963	1
1964	3
1965	3
1966	4
1967	3
1968	1
1970	7
18354	1
1971	2
1972	2
1973	4
18357	1
1974	5
1975	5
1976	2
1977	3
1978	4
1979	3
18363	1
1980	3
18364	1
1981	2
1983	1
1984	6
1985	2
1986	5
1987	4
1988	1
1989	2
1990	5
1991	5
1992	3
18377	1
1993	3
1994	7
1996	6
1997	1
1998	4
1999	2
2000	1
2001	2
2002	5
2003	1
2004	3
2005	4
2006	5
2007	3
2008	4
2009	4
2010	2
2011	3
18395	1
2012	4
2013	5
2014	6
2015	4
2016	2
2017	3
2018	4
2019	1
2020	3
2021	5
2023	6
2024	1
2025	4
2026	6
2027	4
2028	7
2029	4
2031	2
2032	1
2033	2
2034	3
2035	6
2036	2
2037	3
2038	2
2039	3
2040	2
2041	6
2043	3
2044	3
18428	1
2045	1
2047	4
2048	7
18432	1
2049	4
18433	2
2050	2
2051	2
2052	3
2053	1
2054	1
2055	4
2056	3
2057	4
2058	1
2059	5
18443	1
2060	3
2061	1
2062	4
2063	5
2064	3
2065	4
2066	1
2067	2
2068	4
2069	2
2070	6
2071	3
2072	6
18456	1
2073	2
2074	4
2075	6
2076	5
2077	1
2079	3
2080	2
2081	2
2082	5
18466	1
2083	4
2084	3
2085	1
2086	3
2087	7
2088	1
2090	4
2091	4
2092	4
18476	1
2094	6
2095	1
2096	1
2097	1
2098	7
2099	1
2100	5
2101	3
2102	2
2103	4
2104	1
2105	3
2106	2
2107	5
2108	5
2109	7
2110	3
2111	2
2112	1
2113	7
2114	3
2115	2
2116	3
2117	3
2118	3
2119	4
18504	1
2120	3
2121	2
2122	2
2123	4
2124	3
2125	3
2126	5
2127	3
2128	2
18513	1
2130	5
18514	1
2131	1
2132	2
2133	5
2134	7
18518	1
2135	1
2136	8
2137	4
2138	5
2139	2
2140	3
2141	4
18525	1
2142	6
2143	3
2145	4
2146	2
2147	1
2148	1
2149	2
2150	2
2151	3
2152	2
2153	3
2154	2
2155	1
2156	3
2157	2
2158	3
2161	5
2162	3
18546	1
2163	4
2164	2
2165	5
2166	7
2167	6
2168	4
2169	4
2170	2
2171	2
2172	3
2173	1
2174	4
2175	2
18560	1
2176	1
2177	2
2178	3
2179	4
2180	3
2181	6
2182	3
2183	2
2184	5
2185	2
2187	2
2188	6
2189	2
2190	2
2191	3
2192	4
2193	5
2194	3
18578	1
2195	1
2197	1
18581	1
2198	5
2199	2
18583	1
2200	6
2201	3
2202	6
18586	1
2203	3
2204	2
2205	6
2206	1
2207	3
2208	3
2209	2
2211	2
2212	4
2213	4
18597	1
2214	1
2215	3
2216	5
2217	6
2218	1
18603	1
2219	3
2220	3
2221	2
2222	6
18606	1
2223	6
18607	1
2224	2
2225	2
2226	3
2227	2
2228	4
2229	1
2230	8
2231	5
2232	7
2233	6
2234	4
2235	4
18619	1
2236	1
2237	4
2238	2
2239	4
2240	1
2241	3
2242	4
2243	4
2244	4
2245	1
2246	3
2247	6
2248	5
2249	1
2250	5
2251	4
2252	1
2253	3
2254	4
2256	4
2257	4
2258	2
2259	5
2260	1
2261	6
2262	2
2263	3
2264	4
2265	2
2266	5
2267	5
2268	4
2269	2
2270	5
2271	4
2272	4
2273	4
2274	8
2275	6
18660	1
2277	5
18661	1
2278	2
2279	3
2280	4
2281	2
2283	1
2284	4
2285	2
2286	4
18670	1
2287	1
18672	1
2288	3
2289	3
2290	1
2292	2
2293	4
2294	3
2295	2
2296	2
2297	3
2298	4
2299	4
2300	1
2301	6
18685	1
2302	2
2303	9
2304	5
2305	9
2306	5
2307	4
2308	1
2309	7
2310	4
2311	3
2312	5
2313	3
2314	2
2315	5
2316	3
2317	2
2318	3
18702	1
2319	1
2320	2
2321	2
18706	1
2322	4
2323	4
2324	2
2325	7
2326	2
2327	4
2328	6
2329	5
2330	2
2331	4
2332	3
2333	3
18718	2
2334	1
2335	4
2336	4
2337	4
2338	3
2339	4
2340	2
18724	1
2341	6
2343	5
2344	1
2345	5
18729	1
2346	5
2347	5
2348	2
2349	3
18733	1
2350	3
2351	6
2352	5
2353	5
2354	2
2355	3
2356	3
2357	4
2358	3
2360	2
2361	4
2362	2
18746	1
2363	5
2364	4
2365	4
2366	3
18750	1
2367	2
2368	3
2369	2
2370	6
18754	1
2371	4
18755	2
2372	7
2373	4
18758	1
2375	1
2376	4
2377	1
2378	2
2379	4
18763	2
2381	5
18765	1
2382	4
2383	3
2384	3
2385	2
2386	2
2387	1
2389	6
2390	2
2391	2
2392	4
2393	6
18777	1
2394	4
2395	1
2396	2
2397	4
2398	5
2399	5
18783	1
2400	4
2401	2
2402	1
2404	6
2405	3
2406	3
2407	5
2408	2
2409	4
2410	8
2411	1
2412	2
2413	2
2414	1
2415	4
2416	3
2417	5
18801	1
2418	2
18802	1
2419	1
2420	1
2421	1
2422	5
2423	4
18808	1
2424	5
2425	1
2426	5
2427	4
2428	1
2429	7
18814	1
2430	1
2431	4
2432	5
18817	1
2433	5
2434	5
2435	4
2436	7
2437	2
2438	1
2439	8
2440	9
18826	1
2442	1
2443	5
18827	1
2444	4
2445	2
2446	4
2447	1
2448	1
2449	3
2450	6
2451	2
18835	1
2452	1
2453	2
2454	2
2455	6
2456	3
2457	5
2458	2
18842	1
2459	5
2460	4
2461	4
2462	5
18847	1
2465	3
2466	5
2467	3
2468	1
2469	5
2470	6
2471	4
2472	3
2473	1
2475	4
2476	5
2477	3
2478	2
18862	1
2479	3
2480	2
18864	1
18865	2
2481	3
2482	7
2483	4
2484	2
18869	1
2485	4
2486	3
2487	3
2488	1
2489	4
2490	1
2491	6
2492	3
2493	1
2494	5
18879	1
2495	5
2496	3
2497	3
2498	4
2499	2
2500	4
2501	2
18885	1
2502	5
18886	1
18887	1
2503	1
2504	4
2505	3
18889	2
2506	5
2507	1
2508	2
2509	3
2510	2
2512	4
2513	2
2514	5
2515	5
2516	4
2517	2
2518	3
2519	1
2520	7
2521	3
2522	4
2523	4
2524	4
2526	1
2527	2
2528	6
2529	3
2530	4
2531	8
2532	2
2533	1
2534	1
2535	4
2536	1
2537	3
2538	6
2539	4
2540	3
2541	2
18925	1
2542	2
2543	4
2544	1
2545	4
18929	1
2546	3
2547	3
18931	2
2548	5
18932	2
2549	2
2550	2
18934	1
2551	6
2552	1
18936	1
2553	4
2554	2
2555	3
18939	1
2556	4
18940	1
2557	2
2558	4
2559	2
2560	4
2561	2
2562	3
18946	1
2563	2
2564	2
2565	7
2566	4
2567	5
2568	2
2569	3
2570	7
2571	3
2572	2
2573	1
2574	4
2575	3
2576	1
2577	3
2578	4
2579	5
2580	2
2581	2
2582	8
2583	3
2584	1
2585	3
2586	4
2587	5
2588	2
2589	4
2590	5
2591	2
18975	1
2592	4
2593	4
18977	1
2594	3
2595	1
2596	5
2597	3
2598	2
2599	3
2600	4
18985	2
2601	6
2602	4
2603	7
2604	5
2605	3
2606	3
2607	3
2608	4
2609	3
2610	2
2611	3
2612	2
18997	1
2613	1
2614	2
2615	3
2616	3
2617	4
2618	2
2619	3
19003	1
2620	4
2621	1
2622	3
2623	1
2624	2
2625	3
2626	2
2627	1
2628	5
2629	4
2631	3
2632	3
2633	1
2634	3
2635	3
2636	2
2637	1
2638	2
19023	1
2639	1
2640	2
2641	1
2642	1
2643	4
2644	1
2645	6
2646	3
2647	3
2648	3
19032	1
2649	1
19033	1
2650	5
2651	3
19035	1
2652	3
2653	5
2654	4
2655	2
19039	1
2656	1
19041	1
2657	3
2658	4
2659	7
2660	6
2661	7
2662	4
19046	2
2663	5
2664	4
19048	1
2665	6
19049	1
2666	4
2667	5
19052	2
2668	4
2669	7
19053	1
2670	2
2671	1
2672	6
2673	1
2674	7
2675	2
2676	3
2678	4
2679	6
2680	6
2681	2
2682	3
2683	7
2684	2
2685	5
2686	3
2688	4
19073	1
2689	2
2690	5
2691	5
2692	1
19076	1
2693	6
19078	1
2694	6
2695	2
2696	3
2697	1
2698	2
2699	7
2701	3
2702	5
2703	1
2704	4
2705	1
2706	4
2707	3
2708	3
2709	2
2710	3
2711	2
2712	1
2713	5
2714	1
19099	1
2715	4
2716	4
19101	1
2717	1
2718	2
2719	8
2720	2
2721	3
2722	2
2724	2
2725	4
2726	5
19111	1
2727	1
2729	5
2730	2
2731	3
19115	1
2732	3
2733	4
19117	1
2735	1
2736	3
2737	2
2738	3
2739	7
2740	3
2741	7
2742	1
2743	2
2744	4
2745	4
2746	5
2747	4
2748	3
19132	1
2749	3
2751	2
2752	3
2753	2
2754	4
19138	1
2755	2
2756	4
2757	2
19141	2
2758	2
19142	1
2759	3
19143	1
2760	7
2761	2
2762	3
19147	1
2763	4
2764	5
2765	3
2766	3
2767	3
2768	3
2769	7
19153	1
2771	4
2772	4
19156	1
2773	6
19158	1
2774	6
2775	6
2776	4
2777	3
2778	3
2779	4
2780	3
2781	3
2782	3
2783	2
19168	1
2784	1
2785	1
2787	1
2788	3
19173	1
2789	1
2790	3
19174	1
2791	3
2792	4
2793	4
2794	4
2795	5
2796	6
2797	7
2798	1
2799	3
2800	7
2801	4
19185	1
2802	3
2803	4
2804	3
19188	1
2805	3
2806	2
2807	4
2808	3
2809	4
19194	1
2810	6
2811	1
19196	1
2812	1
2813	6
19197	1
2814	3
19198	1
2816	4
2817	6
2818	3
2819	6
2820	1
2821	2
2822	1
2823	4
2824	5
2825	4
2826	3
2827	6
19211	1
19212	1
2828	4
2829	3
19213	1
2830	5
2831	2
19215	1
19216	2
2832	4
2833	1
2834	3
19219	2
2835	4
2836	4
2837	1
2838	3
2839	1
2840	1
2841	2
2842	3
2843	6
2844	3
2845	4
19229	1
2846	7
2847	5
2848	2
2849	5
2850	7
2851	3
2852	4
2853	8
2854	7
2855	7
2856	2
2857	1
2858	2
2859	4
2860	3
19245	1
2862	5
2863	5
2864	3
2865	6
2866	5
2867	2
2868	2
2869	1
2870	3
2871	5
2872	4
2873	6
2874	4
19258	1
2875	3
2876	2
2877	5
2878	2
2879	2
19264	1
2881	3
2882	3
2883	4
2884	6
2885	3
2886	4
2887	3
2888	3
2889	3
2890	5
2891	1
2892	2
2894	3
2895	6
2896	3
19280	2
2897	5
2898	1
2899	4
2900	6
19284	1
19285	1
2901	1
2902	4
2903	3
2904	10
19288	1
2905	2
2906	6
2907	3
2908	3
2909	3
2910	2
2911	4
2912	5
2914	2
2915	2
2916	3
2917	1
2918	1
2919	8
2920	4
2921	4
2922	3
2923	2
2924	4
2925	1
19310	1
2926	3
2927	4
2928	5
2929	2
2930	4
2931	2
2932	2
19317	1
2933	5
2934	5
2935	3
19319	1
19320	2
2936	2
2937	5
2938	1
19322	1
2939	8
2940	6
2941	3
2942	3
2943	6
2944	3
2945	1
19329	1
2946	1
2947	3
2948	6
2949	6
19333	1
19334	1
2950	4
2951	2
2952	3
2953	3
2954	2
2955	3
2956	6
2958	4
2959	3
2960	2
2961	4
2962	7
19347	1
2963	4
2964	4
2965	3
2966	7
2967	4
2968	4
2969	2
2970	6
2971	4
2972	4
2973	6
19357	1
2974	2
2975	3
19360	1
2976	3
2977	1
2978	4
2979	2
2980	3
2981	2
19366	1
2982	4
2983	3
2984	5
2985	1
2986	3
2987	1
2988	1
2989	5
2990	1
2991	4
2992	2
19377	1
2993	3
2995	6
2996	2
19380	1
2997	2
2998	5
2999	2
19383	1
3000	2
3001	4
3002	5
3003	3
3004	1
3005	3
3006	2
19390	1
3007	5
3008	4
3009	6
3010	1
3011	1
19395	1
3012	7
3013	1
3014	2
3015	3
19399	1
3016	2
3017	2
3018	2
3019	6
19404	2
3020	6
3021	1
3022	5
3023	3
3024	4
3025	1
3026	5
19411	1
3027	2
3028	4
3029	6
19413	1
3030	3
3031	4
3032	4
19416	1
3033	1
3034	7
3035	2
3036	4
19420	1
3037	4
3038	5
3039	4
19423	1
3040	1
3041	2
3042	2
19427	1
3043	1
3044	6
3045	5
3046	4
3047	3
3048	4
3049	3
19433	1
3050	3
3051	3
3052	7
3053	7
3054	1
19438	1
3055	3
19439	1
3056	2
3057	4
3058	1
19443	1
3059	4
3060	5
3061	5
3062	3
3063	1
19447	1
3064	4
19448	1
3065	8
3066	1
3067	2
3068	3
3069	1
3070	2
3071	4
3072	7
3073	5
3074	2
3075	5
3076	3
19461	1
3077	2
3078	1
3079	3
3080	3
3081	5
19466	1
3082	3
3083	6
3084	2
3085	5
19469	1
3086	2
3087	2
19471	1
3088	1
3089	4
3090	3
3091	6
3092	1
3093	4
3094	2
3095	5
3096	8
3097	5
3098	4
3099	5
3100	6
3101	2
3102	2
3103	2
3104	7
3105	1
3106	6
3107	4
19491	1
3108	1
3109	2
3110	3
3111	3
3112	7
3113	2
3114	3
3115	4
3116	5
19500	1
3117	3
3118	3
19502	1
3119	1
3120	4
19504	1
3121	4
3122	5
19507	1
3123	4
3124	2
19508	1
3125	2
3126	5
3127	7
3128	2
3129	4
3130	3
19514	1
3131	2
3132	8
3133	1
3134	5
3135	3
3136	1
3137	1
3138	2
19523	1
3139	1
3140	2
3141	5
3142	3
3143	7
3144	1
3145	1
3146	3
3147	2
3148	2
3149	2
3150	4
3151	3
3152	3
3153	3
3154	9
3155	2
3156	2
19542	2
3158	1
3159	2
19544	1
3160	2
3161	2
3162	4
3163	6
3164	7
3165	6
3166	5
3167	4
19551	1
3168	3
3169	2
3170	6
3171	3
3172	6
3173	2
3174	1
3175	3
3176	2
3177	2
3178	4
3179	2
3180	3
3181	1
3182	6
3183	4
19567	1
3184	2
3185	3
19570	1
3186	2
3187	2
19571	1
19572	1
3188	1
3189	1
19574	1
3190	4
3191	4
3192	6
19576	1
19577	1
3194	4
3195	2
3197	2
19582	1
3198	1
3199	1
3200	2
3201	8
3202	4
3203	1
19588	1
3204	1
19589	1
3205	7
3206	4
19590	1
19591	1
3208	1
19593	1
3209	2
3210	1
3211	3
3212	2
3213	1
3214	3
3215	2
19600	1
3216	3
3217	5
3218	3
3219	2
19604	1
3220	2
3221	2
3222	4
3223	3
3224	2
3225	2
3226	4
3227	3
3228	5
3229	1
3230	3
3231	2
19615	1
3232	4
3233	4
19617	1
3234	3
3235	3
19619	1
3236	4
19620	1
3237	4
3238	7
3239	1
3240	6
3241	4
3242	4
3243	2
3244	5
3245	5
3246	2
3247	2
3248	3
3249	1
3251	6
19635	1
3252	4
3253	1
3254	2
3255	2
3256	5
3258	1
3259	4
3260	2
3262	6
3263	4
3265	3
19649	1
3266	4
3267	4
3268	1
3269	6
3270	3
19655	1
3271	3
3272	2
3273	6
3274	2
19658	1
3275	6
3277	4
3278	1
3279	4
3280	5
19665	1
3281	1
3282	3
19666	1
3283	5
3284	4
3285	1
19669	1
3286	5
3287	6
3288	2
3289	3
3290	3
3291	1
3292	3
3293	6
19677	1
3294	3
3295	2
3296	4
3297	3
3298	2
19682	1
3299	1
19684	1
3300	4
3301	2
3302	2
3303	2
3304	4
19688	1
3305	2
19689	1
3306	4
3307	2
3308	2
3309	1
3310	1
3311	5
3312	3
3313	2
3314	4
3315	3
19700	1
3316	2
3317	4
19701	1
3318	3
3319	3
3320	4
3321	2
3322	2
3323	3
19708	1
3324	6
3325	4
3326	5
3328	3
3329	3
19713	1
3330	7
3331	7
3332	1
3333	1
3334	2
19719	1
3335	3
3336	3
3337	3
3338	2
3339	2
3340	8
3341	4
3342	6
19726	1
3343	3
3344	2
3345	1
19729	1
19730	1
3346	6
3347	2
3348	3
19733	1
3349	1
3350	1
3351	2
3352	4
3353	4
3354	5
3355	3
3356	2
3357	2
19741	1
3358	1
3359	3
3360	5
19744	1
3361	2
3362	5
3363	5
3364	4
3365	6
3366	4
3367	1
3368	1
3369	7
3370	2
3371	4
3372	5
3373	3
3375	2
19759	1
3376	4
3377	4
3378	6
3379	2
3380	5
19764	1
3381	1
3382	1
19766	1
3383	2
3384	5
3385	4
19769	1
3386	5
3387	2
3388	6
3389	4
3390	3
19774	1
19775	3
3392	1
3393	5
3394	3
3395	3
3396	2
3397	2
3398	3
19783	1
3399	4
3400	3
3401	2
3402	6
19786	1
3403	4
3404	2
3405	5
3406	3
3407	4
19791	1
3408	1
3409	1
3410	3
3411	4
3412	3
3413	4
3414	6
3415	3
3416	5
3417	5
3418	5
3419	7
3420	2
3421	3
19806	1
3422	1
3423	5
3424	3
19809	1
3425	4
3426	1
3427	2
3428	4
3429	2
19813	1
3430	3
3431	1
3432	2
3433	1
3434	3
3435	2
3436	5
3437	4
3438	1
3439	6
3440	4
3441	2
3442	1
3443	1
3444	3
19828	1
3445	6
19829	1
3446	4
3447	4
3448	5
19832	1
3449	3
3450	1
19835	1
3451	1
19836	1
3452	1
3453	5
3454	4
3455	8
19839	1
19840	1
3456	2
3457	1
3458	2
3459	4
3460	1
3461	4
3462	3
3463	3
3464	2
3465	1
19849	1
19851	1
3467	2
3468	3
3469	2
19853	1
3470	8
3472	5
19857	2
3473	3
3475	2
19859	2
19860	1
3476	3
3477	2
3478	5
19862	1
3479	3
19863	1
3480	8
3481	3
3482	7
3484	1
3485	4
3486	3
3487	3
3488	6
3489	3
3491	4
3492	2
3493	4
3494	1
3495	3
3496	1
19880	2
3497	1
3498	1
3499	3
3500	4
19885	1
3501	3
3502	4
3503	4
3504	5
3505	5
3506	3
19891	1
3507	1
3508	2
3509	5
3510	6
3511	2
3512	1
19896	2
3513	8
3514	3
19899	1
3515	2
3516	2
3517	3
19901	1
3518	1
3519	1
3520	3
19904	1
3521	1
19905	1
3522	3
3523	1
19907	1
3524	4
3525	2
3526	3
3527	3
3528	3
3529	2
3530	4
3531	3
3532	4
3533	1
3534	4
19918	1
3535	2
3536	2
3537	2
19922	2
3538	2
3539	2
3540	5
3541	4
19925	1
3542	3
19926	2
3543	3
19927	1
3544	6
3545	3
3546	3
3547	2
3548	2
3549	3
3550	3
3551	2
3552	4
3553	2
3555	2
3556	3
3558	5
3559	4
3560	5
19944	1
3561	4
3562	1
3563	4
3564	1
19948	1
3565	2
3566	4
19950	1
3567	6
19952	1
3568	4
3569	3
3570	3
3571	3
3572	5
3573	1
19957	1
3574	2
3575	4
3576	3
19960	1
19961	1
3578	4
3579	2
19963	1
3580	5
3581	4
3582	1
3583	3
3584	1
3586	1
19970	1
3587	2
3589	3
19973	1
3590	2
3592	2
3593	2
3594	1
3595	7
3596	1
3597	3
19981	1
3598	4
3599	1
3600	3
3601	7
3602	5
3603	3
3604	2
3605	1
3606	3
19990	1
3607	6
3608	3
3609	5
19994	1
3611	1
3612	3
3613	4
19997	1
3614	3
3615	2
3616	3
20000	1
3617	5
3618	3
3619	7
3620	4
3621	5
3622	2
3623	2
20007	1
20008	1
3624	4
3625	5
3626	2
3627	3
3628	3
3629	3
3630	3
3631	3
20015	1
3632	1
3633	4
3634	1
20019	1
3635	4
20020	1
3636	3
3637	3
20022	1
3638	2
3639	1
3640	2
20025	1
3641	2
3642	2
3643	3
3644	1
3645	3
3646	5
3647	2
3648	3
3649	2
3650	1
3651	4
3652	1
3653	3
3654	3
3655	2
3656	4
3657	2
3658	3
3659	3
3660	2
3661	4
3662	2
20046	1
3663	3
3664	2
3665	1
3666	3
20051	1
3667	6
3668	1
3669	2
3670	3
3671	2
3672	4
3673	7
3674	2
3676	3
3677	4
3678	5
3679	1
20063	1
3680	3
20064	1
3681	6
3682	2
3684	4
3685	3
3686	7
3687	4
3688	1
3689	5
3690	1
3691	4
3692	2
3693	3
3694	1
3695	1
20080	1
3697	1
20081	1
3698	3
3699	4
20083	1
3700	6
3701	4
20085	1
3702	5
3703	2
3704	6
3705	3
3706	2
3707	4
20092	1
3709	1
3710	5
20094	1
20095	1
3711	1
3712	2
3713	2
20097	1
3714	2
3716	3
3717	4
3719	3
3720	2
3721	5
3722	5
3723	4
20108	1
3725	1
3726	2
20111	2
3727	2
3728	5
20112	1
3729	1
20113	1
3730	3
3731	4
3732	3
3733	2
3734	5
20118	1
3735	1
3736	3
3738	2
3739	4
3740	1
3741	1
3742	5
3743	3
20127	1
3744	3
3745	6
3746	5
3747	4
20131	1
3748	3
20133	1
3749	3
3750	3
3751	3
3752	2
3753	2
3754	5
3755	1
20139	1
3756	4
3758	5
3759	3
3760	6
20144	1
3761	1
3762	5
3763	5
20149	1
3765	2
3766	4
3767	1
3768	5
20152	1
3769	3
3770	2
3771	2
20155	1
3772	3
3773	2
3774	3
3775	2
3776	4
3777	2
20162	1
3778	2
3779	1
3780	1
20164	1
20165	2
3781	3
3782	3
3783	2
3784	4
3785	3
20169	1
3786	5
3787	1
3788	2
3789	1
3790	3
3791	1
3792	5
3793	3
3794	5
3795	2
3796	5
3798	2
3799	5
3800	7
20184	1
3801	5
3802	1
3803	4
3804	2
20189	1
3805	5
3806	1
3807	2
3808	3
20192	1
3809	5
20193	1
3810	1
3811	5
3812	1
3813	3
20197	1
3814	3
3815	1
3817	6
20202	1
3818	2
3820	3
3821	6
3823	3
20207	1
3824	8
20208	1
3825	6
3827	1
3828	3
3829	3
3830	4
3831	3
20215	1
3832	3
3833	6
20217	1
3834	4
3835	2
3837	5
3838	2
3839	2
3840	4
3841	3
20226	1
3842	3
3843	2
20229	1
3845	1
3846	2
3847	5
3848	2
3849	3
3850	4
3851	5
20236	1
3852	2
3854	1
3855	4
3856	1
3858	2
3859	4
3860	1
20244	1
3861	3
3862	4
3863	2
3864	5
3865	1
3866	3
3867	4
3868	2
20252	1
3869	2
3870	2
3871	3
20255	1
3872	3
3873	4
20257	1
3874	1
3876	3
20261	1
3878	3
20263	1
3879	1
3880	5
3881	3
3882	2
3884	2
3885	5
3886	2
3887	4
3888	2
3889	1
3890	3
3892	2
20277	1
3893	3
20278	1
3894	1
3895	5
3896	2
3897	2
3898	2
3900	2
3901	2
3902	1
3903	4
3904	5
3905	1
20290	2
3906	1
3907	4
3908	4
3910	1
3911	3
20295	1
3912	4
20296	1
3913	1
3914	1
3915	4
3916	3
3917	2
3918	2
3919	3
3920	3
3921	4
20305	1
3922	3
3923	3
3924	1
3925	3
20309	1
3926	5
3927	4
3928	3
3929	3
3930	3
3931	1
3932	4
3933	2
3934	5
20319	1
3936	4
3937	5
3938	4
3939	2
20323	1
3940	3
3941	2
3942	2
20326	1
3944	5
3945	1
3946	2
20332	1
3948	3
3950	2
3951	2
20335	1
20336	1
3952	2
3953	2
3954	4
3955	5
3956	1
20340	1
3957	5
3958	4
3959	2
3960	2
3961	2
20345	1
3962	3
3963	2
3964	4
20349	1
3965	4
3966	1
20351	1
3967	4
3968	5
3969	2
3970	2
3971	1
3972	1
20357	1
3973	3
3974	4
3975	3
3976	4
3977	2
3978	3
3979	3
3980	3
3981	2
3982	4
3983	4
3984	4
3985	2
3986	3
20370	1
3987	3
3988	3
3989	3
20373	1
3990	5
3992	5
3993	4
3995	3
3996	3
3997	3
3998	9
3999	4
20383	1
4000	2
4001	1
4002	2
4003	1
20387	1
4004	6
4005	1
4006	3
4007	3
4008	6
4009	5
4010	2
4011	1
4012	4
20396	1
4013	1
20397	1
4014	4
20399	2
4015	2
4016	2
4017	3
4018	1
20402	2
4019	4
4021	3
4022	3
4023	2
4024	4
4025	6
4026	3
4027	5
4028	1
4029	3
4030	2
4031	1
4032	4
4034	3
4035	1
4036	1
4037	2
4038	4
20423	1
4039	1
4040	6
4041	3
20425	1
4042	1
4043	3
4044	1
20428	1
4045	3
4046	4
4047	3
4048	2
4049	5
4050	3
4052	3
20436	1
20437	1
4053	2
4054	1
4055	1
4056	2
20440	1
4057	3
4058	3
4059	5
4061	3
4062	3
20446	1
20447	1
4063	1
4065	4
4066	4
4067	2
4068	2
4069	2
4070	2
4071	4
20455	1
4072	3
4074	3
4075	4
20460	1
4076	2
4077	4
4078	3
4079	5
4080	4
4081	7
4082	1
4083	4
4084	2
4085	5
4086	2
4087	4
20471	1
4088	1
4089	4
4091	2
4092	4
4093	4
20477	1
4094	1
4095	3
4096	2
4097	2
20481	1
4098	3
4099	4
4100	5
20484	1
4101	5
20485	1
4102	2
20486	1
4103	3
20488	1
4104	6
4105	5
20490	1
4106	4
4107	5
4108	2
4109	3
4110	3
4111	2
4112	2
4113	3
4114	1
4115	2
4116	7
4117	3
4118	3
4119	2
4120	4
20504	1
4121	1
4122	2
4123	1
4124	2
4125	2
4126	5
4127	3
4128	4
4129	4
20513	1
4131	2
20515	1
4132	1
20516	1
4133	2
4134	3
4135	1
4136	2
20520	1
4137	1
4138	4
20522	1
4139	3
4140	1
20524	1
4141	1
4142	5
4143	3
4144	1
20528	1
4145	4
20529	1
4146	2
4147	2
4148	1
4149	2
20533	1
4150	1
4151	3
4152	3
4153	3
4154	1
4155	3
4156	2
4157	6
20542	1
4159	1
4160	1
4161	2
20546	1
4163	5
4164	3
4165	4
4166	4
4167	2
4168	3
20552	1
4169	4
4170	3
4171	4
4172	1
4173	6
4174	1
4175	5
20559	1
4176	4
4177	3
4178	4
20563	1
4179	3
4180	3
4181	8
4182	3
4183	2
4184	3
4185	2
4186	5
4188	1
4189	3
20573	1
4190	3
20574	1
4191	2
4192	3
4193	5
4194	4
20578	1
20579	1
4195	2
4196	1
4197	2
20581	1
20582	1
4198	3
4199	4
4200	3
4202	9
20586	1
20587	1
4203	2
4204	2
4205	3
4206	3
4207	5
4208	1
20592	1
4209	5
4210	1
4211	4
4212	4
20596	1
4213	3
20597	1
4214	2
4215	4
4216	2
20600	1
4217	2
4218	4
20603	1
4219	4
4220	1
4221	3
4222	3
20607	1
4224	4
4225	5
20609	1
4226	4
4227	4
4228	3
4229	1
4230	2
20616	1
4232	3
4233	2
20618	1
4234	2
4235	3
4236	8
4237	2
4238	1
20622	1
4239	3
4240	1
4241	3
4242	5
20627	1
4243	6
4244	3
4245	2
4246	2
4247	3
4248	2
4249	3
4250	1
4251	4
4252	4
4253	1
4254	3
4255	5
4256	1
4257	1
4258	2
4259	1
4260	1
4261	1
4262	1
4263	1
4264	4
4265	5
4266	1
4267	1
4268	5
20652	1
4269	3
4270	1
20654	1
4271	4
4272	1
4273	3
4274	1
4275	5
4276	4
4277	3
4278	1
4279	2
4280	1
4281	5
4283	1
4284	3
4285	1
4286	1
4287	1
4288	1
4289	3
4290	2
4291	4
20675	1
4292	6
20676	1
4293	1
4294	1
4295	2
4296	5
20681	1
4297	5
4298	2
4299	3
20683	1
4300	3
4301	3
4302	4
4303	2
4304	4
4305	4
20690	1
4307	7
4310	3
4312	4
20696	1
4313	5
20698	1
4314	1
4315	1
20699	1
4316	2
4317	3
4318	2
4319	1
4320	2
4321	2
4322	4
20707	1
4323	5
4324	3
4325	2
4326	3
4327	4
4328	4
4329	5
4330	3
4331	2
4332	4
20716	1
4333	3
4334	3
4335	3
4336	3
4337	4
4338	4
4339	2
4340	3
4341	3
4342	3
20726	1
4343	3
4344	6
4345	1
4346	4
4347	3
4348	1
4349	3
4350	1
4351	4
4352	4
4353	2
20737	1
4354	2
4355	4
4356	5
4357	6
4358	1
4359	3
4360	3
4361	2
4363	4
4364	7
4365	2
20750	1
4366	1
4367	1
4368	2
4369	3
20754	1
4371	6
4372	4
4373	2
20757	1
4374	3
4375	3
4376	1
20760	1
4377	4
4378	5
4379	2
4380	5
20764	1
4381	2
4382	2
4383	4
4384	1
4385	5
4386	4
4387	2
4388	2
20772	1
4389	1
4390	4
4391	1
4392	3
4394	4
20779	1
20780	2
4396	3
4397	3
4398	3
4399	5
4400	3
20784	1
4401	4
20785	1
4402	2
20786	1
4403	3
4404	2
4405	2
4406	2
4407	5
4408	2
4409	3
4410	2
4411	2
4412	3
4413	3
4414	3
4415	2
4416	6
4417	3
20802	1
4418	3
4419	2
4420	3
20804	1
20805	1
4421	5
4422	2
4423	3
4424	1
4425	4
4426	2
20810	1
4428	2
4429	6
20813	1
4431	2
4432	5
4433	1
4434	2
4435	2
20819	1
4436	3
4437	3
20821	1
4438	1
4439	5
4440	1
4441	5
4442	3
4443	3
4444	1
4445	4
20829	1
4446	2
4447	3
4448	2
4449	2
4450	3
4451	6
4452	3
4453	5
4454	3
4455	1
4456	4
4457	2
20841	1
4458	2
4459	1
4460	1
4461	1
4462	3
4463	3
4464	4
4465	2
4466	1
4467	3
4468	2
4469	1
4470	2
20854	1
4471	2
4473	3
4474	2
4475	1
4476	7
20860	1
4477	2
4478	4
20863	1
4479	3
4480	1
4481	2
4482	2
4483	1
4484	5
4485	2
20869	1
4486	6
4487	4
4488	3
4489	1
4490	1
20874	1
4491	2
4492	2
4493	1
4494	1
20879	1
4496	6
4497	4
4498	4
4499	3
20884	1
4501	5
4502	4
4503	4
4504	1
4505	1
4506	1
4507	1
4508	3
4509	3
20893	1
4510	3
4511	1
20895	1
4512	2
4514	1
4515	1
4516	2
4517	3
4518	4
20902	1
4519	1
4520	4
4521	3
4522	2
4523	3
4524	5
4525	1
20910	1
4528	3
4529	2
4530	2
4531	2
4532	1
20916	1
4533	3
4534	4
4535	1
4537	3
4538	2
4539	3
4540	4
4541	2
4542	3
4543	6
4544	4
20928	1
4545	3
4546	1
4547	4
4548	1
4549	4
20934	1
4551	3
4552	8
4553	2
20937	1
4555	3
4556	1
4557	2
4558	4
4559	3
4560	3
4561	3
4562	9
4563	3
20947	1
4564	1
4565	2
4567	4
4569	1
20953	1
4570	1
4571	1
4572	4
4573	3
4574	2
20959	1
4575	1
4576	2
20960	1
4577	6
20962	1
4579	3
20963	1
4580	7
20964	1
4581	3
4582	1
4583	1
4585	2
4586	5
4587	3
4588	1
20972	1
4589	2
20973	1
4590	5
4591	2
4592	3
4593	2
4594	6
4595	1
4596	4
4597	2
4598	4
20982	1
4599	4
20983	1
4600	3
20984	1
4601	3
4602	3
4603	2
4604	3
4605	3
4606	1
4607	4
4608	4
20992	1
20993	1
4609	2
4610	1
4611	1
4612	2
4613	3
4614	2
4615	4
4616	2
4617	4
4618	2
4619	3
4620	2
4621	2
21005	1
4623	1
21007	1
4624	5
4625	4
4626	3
21010	1
4627	4
4628	6
4629	5
4630	6
21015	1
4631	7
4632	10
4633	6
21017	1
4634	5
4635	8
4636	3
4637	2
21021	1
4638	7
4639	6
4640	1
4641	1
4643	2
4644	2
4645	2
4646	3
4647	4
4648	2
4649	1
4650	2
4651	2
4652	1
4653	2
21038	1
4654	4
4656	2
4657	4
4658	1
4660	4
4661	4
4662	5
4663	3
4664	4
21049	1
4665	1
4667	9
4668	6
4669	1
4670	4
4671	3
4672	1
4673	2
4674	4
4675	2
4676	4
4678	2
21062	1
4680	3
4681	3
4682	2
4683	5
4684	2
4686	3
4687	2
4688	3
4689	1
4690	3
4691	1
4692	1
4693	4
4694	2
4695	2
4696	4
21081	1
4697	4
4698	4
4699	5
4701	1
4702	2
21086	1
4703	3
4704	4
21088	1
4705	4
4706	3
4707	2
4708	3
4709	2
4710	2
21094	1
4711	1
4712	3
4713	2
4714	6
4715	2
4716	3
4717	5
4718	4
4719	1
4720	1
4721	3
4722	2
4723	3
4724	3
4725	1
4727	3
4728	3
4729	2
21113	1
4730	2
4731	2
4732	5
21116	1
4733	4
4734	1
4735	2
4736	1
4737	1
21122	1
4738	3
4742	2
4743	3
4744	4
21128	1
4745	3
4746	4
4747	6
4748	2
4749	3
4750	3
4751	4
4752	4
4753	3
4754	3
4755	1
4756	1
4757	4
21142	1
4758	1
4759	2
4760	1
4761	1
4762	3
4763	2
4764	2
21149	1
4766	3
4767	1
4768	5
4769	3
4770	3
21155	1
4771	2
21156	1
4772	4
4773	3
4774	4
4775	2
4776	5
4777	2
4778	1
4779	1
21163	1
4780	3
4782	1
4784	4
4785	1
21170	1
4787	2
4788	3
4789	2
21173	1
4790	6
4791	1
4792	3
4793	2
4794	1
4795	1
4796	4
21180	1
4797	3
21181	1
4799	1
4800	5
4802	5
4804	4
4805	1
4806	2
4807	2
4808	4
4809	3
4810	2
21194	1
4811	1
4812	1
4813	2
4814	2
21198	1
4816	1
4817	1
4818	1
4819	1
4820	3
4821	3
4822	2
4824	2
4825	2
4826	3
4827	3
4828	6
4829	1
4830	1
4831	3
4832	2
4833	1
4834	3
4835	2
4836	4
4837	4
4839	2
4840	3
4841	1
4842	5
4843	1
21227	1
4844	4
4845	1
4846	1
4847	1
4848	2
4849	3
4850	2
4851	1
4852	2
4853	2
4854	3
4855	2
4856	3
4857	2
4858	2
21242	1
4859	6
21243	1
4860	3
4862	3
4863	2
4864	1
4865	1
21249	1
4866	2
4867	7
21252	1
4868	1
4869	5
4870	3
4871	3
4872	2
21256	1
4873	2
4874	3
4875	4
4876	2
4877	3
4878	2
4879	7
4880	4
4881	2
4882	5
4883	4
4884	2
21269	1
4885	1
4886	2
4887	6
4888	4
4889	2
21273	1
4890	2
4891	3
4892	1
4893	2
4894	2
4895	4
21279	1
4897	3
4898	3
21282	1
4899	2
4900	1
4901	4
4902	1
4903	2
4904	2
21288	1
4905	2
4906	5
21290	1
4907	3
4908	4
4910	3
4911	1
4913	2
4914	7
4915	2
4916	3
21300	1
21301	1
4917	2
4918	1
4919	2
4920	5
4921	2
4924	6
4925	2
4926	4
4927	1
21311	1
4928	4
4929	2
4930	4
4931	2
4932	3
4933	5
4934	3
4935	2
4936	6
4937	2
21321	1
4938	1
4939	2
21323	1
4940	4
4941	1
4942	1
4943	4
4944	3
21328	1
4945	1
4946	3
4947	6
4948	1
4949	2
4950	1
4952	3
4953	2
4954	3
4955	2
4956	1
4957	3
4958	3
4959	2
4961	1
4962	3
4963	2
21347	1
4964	3
4965	1
4966	4
4967	1
4968	3
4969	4
4970	3
4971	1
4972	6
4973	1
4974	1
4975	3
4976	5
4978	6
4979	6
4980	3
4981	3
4982	4
4983	1
4984	2
4985	6
4986	3
4987	2
21372	2
4988	2
21373	1
4989	3
4990	2
4991	5
4992	2
4993	1
4994	1
4995	1
4996	1
4997	2
4998	1
4999	1
5000	1
5001	3
5002	2
5003	1
5005	1
5006	1
5007	3
21391	1
5008	2
21392	1
5010	4
5012	5
5013	2
5014	6
5015	1
21399	1
5016	1
5017	2
5018	2
5019	3
5020	2
5021	2
5022	4
21406	1
5023	2
21407	1
5024	2
5025	1
5026	5
5027	1
5028	4
5029	3
5030	1
5031	2
5032	5
5033	2
5034	4
5035	5
5036	1
5037	2
5038	3
5039	1
5040	3
5041	1
5042	1
5043	4
5044	6
5045	4
5046	5
5047	5
21431	1
5048	1
5049	2
5050	3
5051	2
5052	1
5053	5
5054	1
5055	3
5056	1
21441	1
5058	3
21442	1
5059	1
5060	1
5061	3
5062	4
5064	1
5065	2
5066	2
5067	1
5069	6
5070	1
5071	4
5072	2
5075	4
5076	5
5077	3
5078	2
21462	1
5080	2
5081	2
5082	3
5083	3
5084	2
5085	3
5087	2
5088	9
21472	1
5089	4
5091	2
5092	3
5093	3
5094	2
5095	1
5096	5
5098	2
21482	1
5099	1
5100	3
5102	2
5103	2
5104	4
5107	4
5109	3
5110	4
5111	4
5112	2
5113	2
5114	4
5115	4
5116	5
5117	5
5118	2
5119	4
5120	4
5121	3
5122	1
21506	1
5123	5
5124	1
5125	4
5126	1
5127	3
5128	1
5129	5
5130	4
5131	2
5132	2
21516	1
5133	3
5134	3
5135	1
5136	1
5137	2
5138	4
5139	3
5140	4
21525	2
5141	3
5142	2
21527	1
5143	3
5144	2
5145	2
21529	1
5146	2
5149	2
5150	5
21534	1
5151	2
5153	2
5154	3
5155	1
5156	1
5157	1
5158	5
5159	3
5160	4
21545	1
5163	2
5164	4
5165	2
21549	1
21550	1
5167	5
21552	1
5168	1
5169	4
5170	1
21554	1
5171	6
5172	1
5173	2
5174	2
5175	1
5176	3
5177	3
5178	3
5179	1
5180	3
5181	1
5182	3
5183	2
5184	2
5185	3
5186	3
21571	1
5187	1
5188	4
5189	3
5190	1
5191	6
5192	2
5193	2
5194	1
5196	2
5197	2
5198	2
5199	3
5200	4
5201	2
5202	1
5203	1
5204	1
5205	2
5206	3
5207	4
5208	2
5209	3
5210	4
5211	1
5212	8
5213	3
5214	2
5215	3
5217	4
21601	1
5218	6
5219	3
5220	3
5222	4
5223	3
5224	2
5225	1
5226	3
5227	2
21611	1
5228	3
5229	3
5230	2
5231	1
5232	2
5233	3
5234	3
5235	5
5237	1
5238	4
5239	1
5240	3
5241	6
5242	3
5243	2
5244	4
5245	1
5246	2
5247	3
5248	3
5249	7
5250	4
5252	7
5253	4
5254	5
5255	1
5256	2
5257	1
5258	1
21642	2
5259	3
5260	5
5261	4
5262	2
5263	1
21647	1
5264	3
5265	4
5266	2
5268	4
5269	4
5270	1
5271	3
21656	1
5272	1
21657	1
5273	1
5274	2
5275	2
5276	2
5277	6
5278	3
21662	1
5279	2
5280	2
5281	3
21666	1
5282	4
5284	2
5285	3
5287	5
5288	3
5289	2
5290	2
5292	1
5293	3
21677	1
5294	5
5295	6
5296	4
5297	4
5298	1
5299	3
5300	4
5301	2
21685	1
5302	1
5303	1
5304	2
5305	2
5306	4
21690	1
5307	4
5308	1
5309	2
5310	1
5311	2
5312	3
5313	2
5314	4
5315	4
5316	1
5317	5
5318	1
21702	1
5320	3
5321	3
5322	1
21706	1
5323	6
5324	4
5325	6
5327	5
5328	1
5329	3
5330	3
5331	5
5332	2
5333	5
5334	4
5335	1
21719	1
5336	5
5337	2
5339	2
5340	1
5341	3
5343	1
5345	8
5346	3
5347	6
5348	2
5350	4
5351	4
5352	2
5353	3
5354	3
5355	2
5356	4
5357	2
5358	3
5359	3
5360	1
5361	2
5362	4
5363	2
5364	8
5365	2
5366	4
5367	6
5368	4
5369	3
21753	1
5370	3
5371	4
5372	2
5373	7
5374	2
5375	3
5377	3
5378	1
5379	3
5380	1
5381	1
5382	2
5383	2
5384	3
5385	2
5386	2
5387	2
5388	3
5389	4
5390	4
5391	2
5392	3
5393	2
21777	1
5394	1
5395	1
5396	1
5397	2
5398	2
21783	1
5399	3
21784	1
5400	1
5401	4
21785	1
5402	3
5403	1
5404	1
5405	4
5406	1
5407	1
5408	1
5409	5
5410	4
5411	3
5412	4
5413	2
5414	1
5415	4
5416	4
5417	5
5418	2
5419	2
5420	3
5421	3
5422	4
5424	5
5425	1
5426	1
5427	4
5428	1
5429	1
5430	3
5431	2
5432	5
21817	1
5433	4
5434	2
5435	2
5436	1
5437	1
5438	1
5439	1
5440	3
5441	1
5442	1
5443	2
5444	1
5445	3
5446	6
5447	4
5448	3
5450	1
5451	2
5452	6
5453	2
5454	3
5455	1
5456	1
5458	3
5459	2
5460	3
5461	2
5462	1
5463	2
5464	1
5465	2
5466	2
5467	2
5468	3
5469	6
5470	1
5471	2
5472	1
5473	4
5474	1
5475	1
5476	2
5477	1
5478	2
5479	2
21863	1
5480	1
5481	4
5482	7
5483	4
5484	3
5485	2
5486	5
5487	2
5488	2
5489	2
5490	3
5491	3
5492	4
5493	1
5494	1
21879	1
5495	2
5496	1
5497	1
5499	2
5500	4
5501	2
5502	2
5503	3
5504	3
5505	2
5506	4
5507	2
5508	3
5509	4
5511	4
5512	2
21896	1
5513	1
5514	4
5515	2
5516	3
5517	1
5518	3
5519	3
5520	3
5521	1
5522	2
5523	2
21908	1
5525	2
21909	1
5526	7
5527	2
5528	3
5529	4
5530	1
5531	2
5532	3
5533	1
5534	3
5535	1
5536	3
5537	1
5538	1
5539	1
5540	5
5541	2
5542	2
21927	1
5543	1
5544	2
5545	3
5546	5
5550	2
5551	4
5552	2
5553	3
5554	3
5555	2
5556	2
5557	2
5558	1
5560	2
5561	2
5562	4
5563	1
5564	1
5565	2
5566	4
5567	6
5568	4
5569	1
5570	1
5571	2
5572	4
5573	1
5574	3
5575	2
5576	1
5577	2
5578	2
5579	2
5580	1
5581	1
5582	1
5583	7
5584	3
5585	4
5587	4
5588	1
5589	3
5590	3
5591	2
5592	1
5593	1
5595	3
5596	2
5597	1
5598	2
5599	1
5600	3
5601	2
5602	2
5603	2
5604	1
5605	2
5606	2
5607	4
5609	2
5610	2
5611	1
5612	2
5613	2
5614	1
5615	1
21999	1
5616	4
5617	3
5618	2
5619	1
5620	2
5621	3
5622	3
5623	1
5624	1
5625	3
5626	1
5627	2
5628	3
5629	3
5631	1
5632	1
5633	4
5634	4
5635	1
5636	3
22020	1
5637	2
5638	1
5639	1
5640	1
5642	4
5643	2
5644	2
5645	5
5646	3
5647	3
5648	2
5649	3
5650	1
5651	3
5652	1
5653	2
5654	4
5655	3
5656	4
5657	2
22041	1
5658	3
5659	2
5660	2
5661	5
5662	2
5663	4
5664	2
5665	6
5666	4
5667	4
5669	1
5670	4
5671	3
5672	1
5673	1
22057	1
5674	2
5675	2
22059	1
5676	1
5678	4
5679	1
5682	3
5683	2
22068	1
5684	5
5685	1
5686	1
5687	1
5688	3
5690	4
5691	1
5692	4
5693	1
5694	4
5695	4
5696	3
5697	4
5698	1
5699	1
5701	5
5702	8
5703	2
5704	3
5705	1
5706	3
5707	1
22091	1
5710	3
5711	3
5712	1
5713	2
5714	2
5715	3
5716	4
5717	2
5718	3
5719	1
5720	3
5721	2
5722	3
5723	8
5724	5
5725	3
5726	5
5727	1
5728	4
22112	1
5729	3
5731	2
5732	1
5733	4
5734	3
5735	4
5736	3
5737	1
5738	3
5740	3
5741	1
5742	3
5743	2
5744	3
5745	1
5746	2
5747	2
5748	2
5750	3
5751	5
5752	2
5753	1
5754	3
5755	4
5756	2
5757	1
5758	5
5759	1
5760	3
5761	3
5762	2
5763	2
5764	3
5765	3
5767	3
5768	3
5769	3
5770	4
5771	3
5772	3
5773	3
5774	2
5775	1
5776	7
5777	1
5778	3
5779	2
5780	2
5781	1
5783	1
5784	2
5785	2
5786	1
5787	1
22171	1
5788	4
5789	5
5790	1
5791	2
5792	1
5793	2
5794	3
5795	3
5796	1
22180	1
5798	4
5799	1
5800	6
5801	4
5802	3
5803	3
5804	2
5805	3
5806	3
5807	3
5808	5
5809	3
5810	3
5811	3
22195	1
5813	2
5814	1
5815	1
5817	3
5818	1
5819	3
5820	1
5821	3
5822	6
5823	3
5824	1
5825	3
5826	2
5827	4
5828	1
5829	2
5830	1
5831	1
5832	1
5833	2
5834	4
5835	4
5837	2
22221	1
5838	6
5839	5
5840	5
5841	3
5842	1
5843	4
5844	5
5845	4
5846	4
5848	4
5849	3
5850	3
5852	3
5853	1
5854	1
5855	1
5856	5
5857	4
5858	1
5859	1
5860	3
22244	1
5861	3
5863	1
5864	4
22248	1
5867	2
22251	1
5868	2
5869	5
5870	1
5871	6
5872	6
5873	1
5874	1
5876	1
5877	5
5878	1
5879	2
5880	2
5881	4
5882	4
5883	1
5884	1
5885	1
5887	2
5888	1
5889	3
5890	1
5891	1
5892	2
5895	2
5896	1
5897	7
5898	1
5899	1
5900	2
5901	1
5902	3
5903	3
5904	1
5906	2
5907	1
5908	1
5909	1
5910	3
5911	3
5912	3
22296	1
5913	4
5914	3
5915	2
5916	3
5917	1
5918	3
5919	1
5920	3
22304	1
5921	2
5922	4
5924	2
5925	3
5926	1
5927	5
5928	3
5929	9
5930	4
5933	1
5935	4
5936	2
5937	4
5938	3
5939	3
5940	3
5941	4
5943	5
5944	2
5945	1
5946	6
5947	6
5948	2
22332	1
5949	1
5950	6
5951	4
5952	2
22336	1
5954	1
5955	3
5957	2
5958	3
5959	2
5960	4
5961	3
5962	4
5963	3
5964	1
5965	2
5966	3
5967	3
5968	3
5969	1
5970	3
5971	4
5972	2
5973	2
5974	3
5975	3
5976	2
5977	2
5978	2
5979	1
5980	4
5981	4
5982	4
5983	2
5985	3
5987	3
5989	4
5990	2
5993	3
5996	1
5997	4
5998	3
5999	3
6000	4
6002	3
6003	3
6004	5
6005	4
6006	4
6007	3
6008	3
6009	1
6010	4
6011	1
6012	2
6013	5
6014	4
6015	1
6016	4
6017	6
6018	1
6019	1
6020	3
6022	4
6023	1
6024	3
6025	2
6027	2
6028	1
6030	5
6031	2
6033	2
6034	1
6035	1
6036	3
6037	3
6038	1
6039	2
6040	2
6041	1
6042	2
6043	2
6045	4
6046	1
6047	3
6048	3
6050	2
6051	1
6052	2
6053	2
6055	1
6057	3
6059	3
6060	2
6061	1
6062	2
6063	4
6064	2
6065	4
6066	1
6067	1
6068	6
6069	4
6070	2
6071	2
6072	2
6073	3
6074	2
6075	5
6076	1
6077	1
6078	2
6079	3
6080	1
6081	3
6082	3
6083	2
6084	2
22468	1
6085	2
6086	2
6087	2
6088	1
6089	2
6090	3
6091	4
6093	1
6094	2
6095	1
6096	1
6097	2
6098	4
6099	2
6100	1
6102	3
6104	2
6105	4
6106	2
6107	3
6109	3
6110	1
6111	4
6112	5
6114	3
6115	4
6116	4
6117	2
6118	2
6119	1
6120	3
6121	2
6123	1
6124	5
6125	4
6127	4
6129	2
6130	2
6131	4
6132	4
6133	3
6134	3
6135	3
6136	1
6137	2
6138	1
6139	1
6140	4
6141	6
6142	4
6143	4
6144	1
6145	2
6146	4
6147	2
6148	2
6149	5
6150	1
6151	2
6152	3
6153	1
6154	2
6155	2
6156	1
6157	2
6158	1
6159	2
6160	2
6161	2
6162	4
6163	3
6164	7
6165	4
6166	6
6167	5
6168	1
6169	3
6170	2
6172	2
6173	3
6174	4
6175	6
6176	2
6177	3
6178	5
6179	1
6180	2
6181	1
6182	3
6183	5
6184	4
6185	4
6186	3
6187	4
6188	3
6189	3
6190	1
6192	3
6193	1
6195	2
6196	2
6197	1
6198	5
6200	4
6201	4
6202	3
6203	1
6204	6
6206	4
6207	2
6208	3
6211	2
6212	2
6213	4
6214	2
6215	4
6216	3
6217	1
6218	2
6219	2
6220	3
6221	4
6222	1
6223	4
6224	1
6225	2
6226	2
6227	1
6228	1
6230	2
6233	1
6234	3
6235	2
6236	4
6237	2
6238	2
6239	1
6240	4
6241	2
6242	5
6243	2
6244	2
6245	2
6246	2
6248	2
6249	4
6250	2
6251	4
22635	1
6252	2
6253	1
6255	2
6256	2
22640	1
6257	4
6258	1
6260	3
6261	2
6262	4
6263	3
6264	7
6265	3
6266	4
6267	3
6268	2
6269	3
6270	1
6271	1
6272	1
6273	1
6274	1
6275	3
6276	3
6277	1
6278	1
6279	3
6280	3
6282	1
6283	3
6284	4
6285	2
6286	3
6287	5
6288	2
6289	4
6290	1
6292	1
6293	1
6295	2
6296	1
6297	2
6298	3
6300	2
6301	2
6302	2
6303	5
6304	2
6305	2
6306	2
6308	1
6309	3
6310	2
6311	2
6312	1
6313	4
6314	4
6315	2
6316	3
6317	2
6318	3
6319	4
6320	2
6321	5
6322	2
6323	2
6324	4
22709	1
6325	2
6326	4
6327	3
6328	2
6329	4
6330	2
6331	1
6332	5
6333	4
6334	2
6335	4
6336	2
6337	1
6338	1
6339	2
6340	2
6342	1
6345	1
6346	1
6348	2
6349	3
6350	4
6351	2
6352	5
6353	6
6354	6
6355	4
6356	6
6357	3
6358	2
6359	4
6360	2
6361	4
6362	4
6363	2
6364	1
6365	4
6366	4
6367	3
6368	4
6369	1
6370	1
6371	2
6372	6
6374	2
6375	1
6376	2
6377	1
6378	1
6379	2
6380	2
6381	2
6382	3
6383	5
6384	1
6385	4
6386	2
6387	4
6388	2
6389	4
6390	1
6391	1
6392	2
6393	2
6394	1
6395	3
6396	3
6398	2
6399	2
6400	2
6401	2
6402	1
6403	3
6404	2
6405	2
6406	3
6407	3
6408	1
6409	5
6410	1
6411	2
6413	2
6415	1
6417	1
6418	2
6419	3
6420	3
6421	8
6422	2
22807	1
6424	3
6425	1
6426	1
6427	7
6428	1
6429	3
6430	2
6431	7
6432	4
6433	2
6435	1
6436	3
6437	1
6438	4
6439	3
6440	2
6441	3
6442	1
6443	3
6445	3
6446	1
6447	2
6448	2
6449	3
6450	1
6451	2
6453	3
6454	3
6455	1
6456	1
6457	4
6459	2
6460	3
6461	5
6462	1
6464	1
6465	2
6466	1
6467	1
6468	1
6469	2
6470	2
6471	1
6472	2
6473	3
6474	2
6475	2
6476	1
6477	2
6478	2
6479	3
6481	4
6482	1
6484	4
6485	2
6486	4
6487	3
6488	4
6489	5
6490	4
6491	6
6492	2
6493	2
6494	2
6495	4
6496	5
6497	2
6498	3
6499	1
6500	1
6501	1
6502	2
6503	4
6504	4
6506	5
6507	1
6508	4
6509	1
6510	2
6511	2
6512	4
6513	4
6514	3
6515	3
6516	3
6517	3
6518	2
6520	3
6521	10
6523	2
6524	4
6526	1
6527	1
6528	1
6529	3
6530	4
6531	1
6532	1
6533	1
6534	6
6535	2
6536	3
6537	2
6538	4
6539	2
6540	3
6541	1
6542	5
6544	2
6545	2
6546	4
6547	3
6548	2
6549	1
6551	3
6552	1
6553	2
6555	2
6556	3
6557	2
6558	3
6559	2
6560	3
6561	5
6562	2
6563	1
6564	2
6565	2
22949	1
6566	2
6567	3
6568	2
6569	1
6570	1
6571	3
6572	2
6574	1
6577	3
6578	3
6579	2
6580	1
6581	1
6582	2
6583	6
6584	2
6585	3
6587	3
6589	4
6590	1
6591	4
6592	2
6593	1
22977	1
6594	4
6596	3
6597	1
6598	4
6599	1
6600	1
6601	5
6602	3
6603	3
6604	3
6605	2
6606	4
22990	1
6607	5
6608	1
6609	1
6610	1
6611	3
6613	2
6614	1
6616	4
6618	2
6619	2
6620	1
6621	2
6622	2
6623	5
6624	3
6625	3
6626	2
6627	1
6628	4
6630	1
6631	3
6633	4
6635	3
6637	7
6638	1
6639	3
6640	1
6641	2
6642	1
6643	1
6644	2
6645	4
6646	3
6647	3
6648	2
6649	2
6650	3
6651	1
6652	4
6653	1
6654	2
6655	1
6656	1
6657	3
6659	1
6660	2
6662	3
6663	2
6664	3
6665	4
6666	3
6667	2
23051	1
6668	1
6669	1
23053	1
6670	2
6671	2
6673	2
6674	4
6675	3
6676	3
6677	5
6678	1
6679	3
6680	1
6681	4
6683	2
6684	2
6685	3
6686	2
6687	3
6688	2
6689	2
6691	2
6693	3
6694	1
6695	5
6696	2
6697	3
6699	3
6700	2
6701	1
6702	2
6704	2
6705	3
6707	1
6708	4
6709	1
6710	5
6713	5
6714	3
6715	2
6716	1
6717	2
6718	2
6719	1
6721	3
6723	1
6724	1
6725	1
6726	2
6727	1
6728	2
6729	4
6731	3
6732	1
6733	3
6734	2
6735	3
6736	3
6737	2
6738	3
6739	2
6740	4
6741	3
6742	2
6743	1
6744	1
6745	7
6746	3
6747	1
6748	2
6750	2
6751	2
6752	3
6753	4
6754	1
6755	1
6756	2
6757	5
6758	2
6759	2
6760	2
6761	3
6762	1
6763	4
6764	3
6765	1
6766	3
6767	1
6768	2
6770	2
6771	3
6772	2
6773	1
6774	1
6775	2
6776	1
23160	1
6777	2
6778	3
6779	1
6780	3
6781	2
6782	3
6783	2
6784	2
6785	2
6786	2
6787	3
6791	4
6792	3
6793	3
6794	1
6795	1
6796	4
23180	1
6797	3
6798	4
6799	2
6800	5
6801	2
6802	4
6803	5
6804	3
6805	4
6807	5
6808	4
6809	2
6810	2
6813	1
23198	1
6815	2
6816	5
6817	2
6818	2
6819	3
6820	5
6821	1
6822	3
6823	3
6824	1
6825	4
6826	3
6827	3
6828	2
6829	2
6830	1
6831	2
6832	1
6833	1
6834	3
6835	4
6836	1
6837	1
6839	4
6840	3
6841	2
6842	6
6843	7
6844	1
6845	2
6846	4
6847	1
6848	1
6849	3
6850	2
6851	2
6852	3
6853	2
6854	6
6855	3
6856	4
6857	1
6858	4
6859	3
6860	1
6861	2
6862	2
6863	1
6865	2
6866	2
6867	2
6868	1
6869	2
6870	2
6871	1
6872	2
6873	2
6875	3
6876	3
6878	2
6879	1
6880	3
6881	1
6882	1
6884	3
6885	4
6886	1
6887	5
6888	1
6889	2
6890	3
6891	1
6892	2
6893	3
6894	1
6896	1
6897	5
6898	2
6899	4
6900	4
6901	4
6902	6
6903	2
6904	1
6905	1
6906	3
6907	1
6908	4
6909	1
6910	4
6911	2
6912	4
6913	5
6915	3
6916	1
6918	2
6919	3
6920	2
6921	2
6923	2
6924	1
6925	2
6927	1
6928	4
6929	1
6930	1
6931	2
6932	1
6933	5
6934	3
6935	2
6936	2
6937	3
6940	4
6941	2
6942	2
6943	3
6944	1
6945	1
6946	1
6947	3
6948	1
6949	3
6950	1
6951	2
6952	3
6953	3
6954	3
6955	3
6956	2
6957	1
6958	2
6959	3
6961	2
6963	1
6964	1
6965	4
6966	2
6967	1
6968	1
6969	2
6970	4
6971	1
6972	1
6973	3
6974	5
6975	4
6976	1
6977	2
6978	2
6979	2
6980	2
6981	2
6982	1
6983	2
6984	2
6985	1
6986	4
23370	1
6987	3
6988	3
6989	5
6990	2
6992	2
6993	2
6994	5
6995	4
6997	1
6998	2
6999	1
7000	1
7001	3
7002	3
7003	1
7004	7
7006	2
7007	1
7008	2
7009	1
7010	5
7011	1
7012	1
7013	1
7014	5
7016	3
7017	1
7019	4
7020	3
7021	1
7022	3
7023	1
7024	1
7025	1
7026	2
7027	1
7028	1
7029	6
7030	1
7031	6
7032	3
7033	3
7034	1
7036	4
7037	1
7038	1
7039	5
7040	1
7041	4
7042	2
7043	3
7044	1
7045	2
7046	3
7047	4
7048	1
7049	1
7050	2
7051	2
7052	2
7054	2
7055	1
7056	2
7057	2
7058	2
7059	2
7060	2
7061	2
7062	2
7063	2
7064	2
7065	2
7066	3
7067	4
7068	4
7069	1
7070	2
7071	3
7072	2
7073	1
7075	2
7076	1
7077	4
7078	3
7079	3
7080	1
7081	2
7082	2
7083	1
7084	2
7085	1
7086	3
7087	1
7089	2
7090	1
7091	2
23476	1
7092	4
7094	2
7095	4
7098	1
7099	2
7101	2
7102	2
7103	2
7104	2
7105	1
7106	5
7107	1
7108	1
7109	4
7110	2
7111	2
7112	1
7113	2
7114	4
7115	2
7116	3
7118	2
7119	1
23504	1
7121	2
7122	1
7124	1
7125	1
7126	2
7127	2
7128	4
7129	3
7130	2
7132	2
7134	1
7135	1
7136	5
7137	2
7138	1
7139	2
7140	2
7141	1
7142	1
7143	1
7144	5
7145	3
7146	1
7147	2
7148	3
7149	3
7150	5
7151	1
7152	1
7153	3
7155	3
7156	2
7157	3
7158	2
7159	2
7160	2
7162	2
7163	2
7164	2
7165	1
7166	2
7167	3
7168	1
7169	1
7170	3
7172	3
7173	1
7174	4
7175	1
7176	1
7177	3
7178	4
7179	3
7182	1
7183	1
7184	1
7185	2
7186	1
7187	1
7189	2
7190	1
7191	1
7192	2
7193	2
7194	1
7195	3
7196	2
7197	2
7198	3
7199	1
7200	4
7201	2
7202	2
7203	2
7204	1
7205	2
7206	3
7207	2
7208	1
7209	3
7210	1
7211	1
7212	1
7214	3
7215	2
7216	1
7217	2
7218	2
7219	3
7220	2
7222	3
7223	3
7224	1
7225	2
7226	1
7227	2
7228	1
7229	3
7230	2
7231	1
7232	2
7234	4
7235	1
7236	1
7237	2
7238	1
23622	1
7239	1
7241	2
7243	4
7245	2
7246	2
7247	2
23631	1
7249	4
7251	1
7253	1
7255	2
7257	2
7258	2
7259	6
7260	2
7261	2
7263	2
7264	1
7265	1
7266	4
7267	2
7271	3
7272	1
7273	1
7274	2
7275	2
7276	1
7277	2
7278	3
7279	2
7280	5
7282	1
7283	4
7284	1
7285	2
7286	1
7287	3
7288	1
7289	2
7290	2
7291	3
7292	1
7293	1
7295	4
7296	4
7297	1
7298	1
7299	3
7300	1
7301	1
7302	2
7303	2
7305	3
7306	3
7307	1
7308	1
7309	1
7311	3
7312	1
7313	2
7314	1
7315	3
7316	3
7317	2
7318	1
7319	3
7320	2
7321	1
7322	3
7324	2
7325	2
7326	1
7328	1
7329	1
7330	4
7331	1
7334	3
7335	3
7336	3
7337	2
7338	2
7339	3
7341	1
23726	1
7342	3
23727	1
7343	1
7344	2
23729	1
23730	1
7346	1
23731	1
23732	1
7349	2
23733	1
7350	1
23734	1
7351	4
23735	1
7352	4
23736	1
7353	3
7355	1
7356	4
7357	2
7358	2
7359	2
7360	6
7361	5
7362	3
7363	3
7364	3
7365	1
7366	1
23750	1
7367	5
7368	3
7369	1
7370	3
7371	3
7373	1
7376	1
7378	3
7379	2
7380	6
7381	1
7383	1
7384	1
7385	3
23770	1
7387	1
7388	3
23772	1
7389	3
7390	2
7391	2
7392	2
7393	2
23779	1
7395	1
7396	3
7397	3
7398	2
7399	2
7400	2
7401	2
23785	1
7403	4
7404	2
7406	2
7407	2
7408	3
7409	4
23793	1
7410	3
7411	2
7412	2
7413	1
7414	3
23798	1
7415	2
7416	2
7417	1
7418	1
7419	1
7420	2
7421	1
7422	1
7423	1
7424	1
7425	3
7426	3
7427	2
7429	4
7431	2
7432	1
7433	2
7434	4
7435	4
7436	1
7437	1
7438	1
7439	3
7440	3
23825	1
7441	1
7442	7
23826	1
7443	1
7444	1
7445	2
7446	1
7447	3
23831	1
23832	1
23833	1
7449	1
23834	1
7450	1
7451	1
23835	1
7452	2
23836	1
7453	4
23837	1
23838	1
7454	2
23839	1
7455	1
7456	2
23840	1
23841	1
7458	2
23842	1
23843	1
7460	1
23844	1
23845	1
7461	1
23846	1
23847	1
7463	1
7465	1
7466	4
7467	1
7468	1
7469	3
7470	4
7474	1
7475	2
7476	3
7477	1
7478	5
7480	2
7482	1
7483	3
7484	3
7486	2
7487	2
7489	1
7490	1
7491	1
7492	2
7493	1
7494	4
7495	2
7496	2
7497	4
7498	2
7499	1
7500	1
7501	4
7503	2
7505	2
7507	2
7508	2
7509	1
7510	2
23894	1
7512	1
7513	1
7514	1
7515	1
7516	6
7517	1
7519	1
7520	2
7521	1
7522	2
7523	1
7524	3
7525	3
7526	2
7527	2
7528	2
7529	1
7530	2
7531	2
7533	2
7534	3
23918	1
7535	1
23919	1
7536	2
7537	1
23922	1
7539	4
7540	2
7541	5
7542	2
7543	1
7544	2
7545	3
7546	2
7547	2
7549	2
7550	1
7551	2
7552	1
7555	1
7556	1
7558	4
7559	2
23943	1
7560	1
7561	3
7563	1
7564	2
7565	1
7567	2
7568	2
7569	2
7570	3
7571	1
7572	2
7573	3
7574	1
7575	1
23959	1
7576	3
7577	2
7578	1
7579	2
7580	2
7581	2
7582	2
23967	1
7585	1
7586	1
7587	3
7588	1
7589	2
7590	3
7591	2
23976	1
7592	1
7593	1
7594	2
7595	1
7596	1
7597	2
7598	4
7599	1
7600	3
7601	3
7602	2
7603	2
7604	2
7605	3
7606	3
7607	1
7608	4
7609	1
7611	1
7613	1
7615	2
7616	1
7617	1
7618	3
7620	1
7621	1
7622	3
7623	2
7624	1
7626	3
7627	3
7628	1
7629	2
7631	3
7632	3
7633	2
7634	2
7635	2
7636	1
7637	2
7639	1
7640	5
7641	1
7643	1
7644	1
7645	3
7646	1
7647	2
7648	2
7649	2
7651	1
7653	3
7655	2
7657	1
7658	1
7660	1
7662	1
24046	1
7663	4
7665	3
7666	2
7667	3
7668	4
7670	1
7671	2
7672	3
7674	2
7676	1
7678	1
7679	1
7680	2
7682	2
7683	2
7684	1
7685	2
7686	1
7687	5
7688	1
7689	1
7690	1
7691	1
7692	1
7693	1
7697	1
7698	1
24082	1
7699	4
7702	2
7704	2
7705	1
7706	1
7707	3
7708	1
7709	3
7710	3
7711	3
7712	4
7713	1
7714	2
7715	2
7716	1
7717	2
7718	6
7720	1
7721	2
7722	4
7724	1
7726	1
7727	3
7729	2
7730	2
7731	2
7732	1
7733	1
7735	1
7736	2
7737	1
7738	1
7739	1
7740	1
7741	2
7742	1
7744	1
7745	2
7746	1
7748	3
7749	1
7751	2
7752	1
7753	1
7754	1
24138	1
7755	2
7756	2
7757	3
7758	1
7759	2
7760	1
7762	3
7763	3
24147	1
7764	1
7765	1
7766	1
7767	1
7768	4
7769	4
7770	2
7771	2
7772	1
24156	1
7775	2
7776	1
7777	1
7778	3
7779	1
7782	1
7783	2
7784	2
7785	1
7786	2
24171	1
7787	1
7789	1
7790	2
7791	1
7793	3
7795	1
7796	2
7797	2
7798	1
7799	6
7800	1
7801	2
7802	2
7803	2
7804	1
7806	1
7807	1
7808	3
7809	2
7811	2
7812	3
7813	1
7815	2
7816	1
7817	3
7818	1
7819	3
7820	1
7821	1
24205	1
7822	3
7824	3
7825	3
7827	3
7828	2
7829	3
7830	2
7831	2
7833	2
7834	1
7835	1
7837	2
7838	3
7841	3
7842	2
7843	3
7844	4
7845	1
7850	1
7852	1
7853	1
7854	3
7855	2
7856	2
7857	2
7858	2
7859	1
7860	3
7862	3
7863	2
7865	1
7866	3
7867	2
7868	3
7869	2
7870	4
7871	2
7872	1
7873	3
7875	2
7876	3
7877	3
7880	1
7881	2
7882	1
7883	2
7886	1
7890	4
7892	2
7893	2
7894	2
7895	3
7896	4
7897	1
7898	1
7899	2
7900	3
7904	2
7905	2
7907	1
7909	3
7910	1
7911	6
7913	3
7914	2
7915	2
7916	1
7917	1
7918	1
7919	1
7920	1
7921	2
7922	2
7923	2
7924	4
7926	4
7928	3
7929	1
7930	1
7931	2
7932	1
7933	1
7934	2
7935	1
7936	2
7937	2
7939	1
7941	2
7942	1
7943	2
7945	1
7946	1
7949	1
7950	1
7951	2
7952	3
7953	2
7954	2
7955	1
7956	2
7957	1
7959	3
7960	1
7962	1
7963	1
7966	2
7967	3
7968	2
24352	1
7970	2
7971	2
7972	3
7973	2
7974	3
7975	1
7977	3
7978	1
7979	3
7980	3
7981	2
7982	1
7983	1
7984	1
7985	2
7986	2
7988	1
7989	1
7990	3
7991	4
7994	5
7996	2
7997	2
7999	1
8001	2
24385	1
8002	2
8003	2
8004	1
8005	1
8006	1
8007	1
8009	1
8010	1
8011	1
8012	2
8013	2
8014	3
8015	1
8016	1
8017	3
8019	2
8021	3
8022	4
8023	2
8024	1
8026	2
8028	2
8029	3
8030	2
8031	2
8032	3
8033	2
8034	3
8035	1
8036	2
8038	1
8039	2
8040	1
8041	2
24425	1
8042	1
8043	2
8044	1
8045	1
8046	3
8048	1
8049	2
8051	3
8052	1
8053	1
8054	2
8056	2
8057	1
8059	2
8060	4
8061	1
8062	5
8063	3
8064	2
8067	1
8068	1
8071	2
8073	1
8075	1
8077	2
8078	2
8080	4
8081	1
8082	1
8083	2
8084	4
8086	1
8087	2
8088	2
8089	1
8090	1
8092	2
8093	3
8094	2
8095	1
8096	1
8097	1
8098	1
8099	3
8100	2
8101	2
8103	3
8104	1
8105	1
8106	2
8107	3
8108	2
8109	1
8110	1
8111	2
8112	1
8113	2
8114	1
8115	1
8116	3
8117	2
8120	2
8121	1
8123	2
8124	2
8125	4
8126	1
8127	2
8128	1
8129	2
8131	2
8133	1
8136	1
8137	1
8138	3
8139	1
8140	3
8141	3
8143	1
8144	2
8145	2
8146	2
8147	1
8148	1
8150	2
8151	2
8152	1
8154	2
8156	1
8159	2
8161	3
8165	1
8166	2
8167	1
8168	1
8169	2
8170	3
8172	2
8173	1
8174	1
8175	1
8176	1
8177	2
8178	1
8180	2
8181	3
8182	1
8183	2
24567	1
8184	2
8187	2
8188	2
24572	1
8190	1
8191	3
8193	1
8194	1
8195	3
8196	3
8198	1
8199	2
8200	2
8201	1
8202	2
8203	2
8204	2
8205	1
8206	1
8208	1
8209	1
8210	1
8212	1
8215	2
8217	2
8218	2
8219	3
8220	1
8221	2
8222	2
24606	1
8223	1
8224	2
8226	2
8227	1
8228	2
8230	2
8232	2
8233	2
8234	1
8235	1
8236	1
8238	2
8239	1
8240	2
8241	1
8242	1
8243	2
8245	1
8246	1
8248	2
8249	1
8250	1
8251	2
8252	1
8253	2
8254	3
8255	3
8257	2
8262	3
8264	1
8265	2
8267	3
8268	1
8269	2
8270	1
8272	2
8273	1
8274	1
8275	1
8277	3
8278	2
8279	1
8280	3
8284	2
8286	1
8287	1
8288	2
8289	3
8290	3
8291	1
8292	1
8294	1
8295	3
8296	2
8297	1
8299	4
8300	1
8301	3
8304	2
8305	1
8307	2
8308	1
8309	2
8310	2
8311	1
8312	1
8313	1
24697	1
8314	3
8315	3
8316	2
8317	1
8319	3
8320	1
8321	4
8324	1
8325	1
8327	2
24713	1
8330	3
8333	3
8334	2
8335	1
8336	1
8337	2
8338	2
8339	2
8342	1
8343	2
8345	1
8346	2
8348	1
8349	1
8351	2
8353	1
8354	1
8355	2
8356	3
8357	1
8358	1
8359	4
8360	1
8361	2
8362	1
8363	2
8364	1
8365	1
8366	2
8367	3
8368	2
8370	1
8371	1
8372	2
8375	1
8379	1
8380	1
8381	1
8383	2
8384	2
8385	3
8387	1
8388	1
8389	1
8390	2
8391	1
8392	1
8393	3
8394	1
8397	2
8398	4
8399	1
8401	2
8403	1
8404	1
8406	4
8408	1
8409	1
8410	1
8411	2
8413	1
8419	1
8421	1
8422	2
8423	1
8426	1
8427	2
8428	3
8429	1
8430	2
8431	1
8432	1
8435	1
8437	1
8438	5
8440	2
8441	1
8442	1
8444	2
8445	3
8446	1
8447	1
8448	2
8449	4
8450	1
8451	3
8452	2
8453	1
8454	1
8455	1
8456	3
8457	2
8458	1
8459	2
8462	1
8464	1
8465	1
8466	1
8467	2
8468	2
8469	4
8471	1
8472	1
8474	2
8475	1
8476	1
8477	2
8478	1
8479	1
8480	1
8481	2
8482	2
8484	1
8485	2
8487	2
8489	1
8491	1
8494	3
8496	2
8497	1
8498	2
8499	1
8500	1
8501	1
8502	1
8503	2
8504	1
8505	1
8506	2
8510	1
8513	2
8515	2
8516	2
8518	1
8520	1
8523	2
8524	2
8526	1
8527	2
8528	2
8529	1
8531	1
8532	2
8533	1
8534	1
8536	1
8539	1
8540	2
8544	1
8545	1
8546	1
8549	1
8550	1
8553	4
8554	1
8558	3
8559	1
8561	3
8562	2
8563	1
8564	1
24948	1
8565	1
8567	1
8568	2
8570	1
8573	2
8575	1
8576	3
8578	2
8579	3
8581	1
8582	1
8583	1
8584	2
8585	1
8588	3
8589	1
8591	1
8593	3
8595	1
8597	3
8598	1
8601	3
8603	1
8604	2
8606	1
8608	1
8610	1
8612	2
8614	2
8615	1
8616	2
8617	1
8618	1
8619	1
8620	2
8621	2
8622	3
8623	1
8626	3
8628	1
8629	1
8630	3
8631	1
8632	1
8633	1
8634	2
25018	1
8635	3
8637	1
8639	1
8640	2
8642	1
8643	1
8644	1
8645	1
8646	3
8650	1
8653	1
8655	1
8656	2
8657	1
8658	1
8659	1
8660	1
8661	1
8662	1
8663	1
8665	2
8666	1
8667	1
8668	1
8670	3
8671	1
8672	1
8673	3
8674	1
8675	1
8678	1
8679	1
8681	2
8682	2
8684	1
8689	1
8690	2
8691	1
8694	4
8695	1
8698	5
8699	2
8701	1
8702	1
8703	1
8704	2
8706	1
8707	1
8709	2
8712	1
8713	1
8714	1
8717	2
8718	2
8719	1
8720	3
8721	3
8723	2
8725	4
8726	1
8727	3
8728	2
8729	1
8730	1
8731	2
8732	3
8733	2
8736	1
8738	2
8739	1
8740	1
8741	1
8742	3
8743	2
8744	1
8745	1
8746	3
8752	3
8753	2
8755	2
8757	2
8759	1
8761	2
8763	1
8764	1
8768	1
8769	1
8770	1
8771	1
8774	2
8775	2
8778	1
8779	2
8780	1
8781	1
8783	2
8785	1
8786	1
8787	2
8788	1
8791	4
8794	3
8796	2
8798	2
8799	1
8800	2
8804	2
8805	1
8806	1
8807	3
8808	2
8809	3
8811	1
8812	2
8813	4
8814	1
8816	2
8817	2
8818	1
8819	1
8822	2
8823	4
8824	1
8826	3
8828	1
8829	2
8830	1
8832	1
8833	1
8834	1
8836	1
8837	1
8838	1
8839	2
8840	1
8841	1
8842	1
8843	2
8844	1
8845	1
8846	3
8848	3
8849	1
8851	2
8852	2
8853	4
8855	1
8856	1
8860	1
8863	1
8864	1
8865	1
8867	1
8871	2
8872	1
8873	1
8874	2
8877	1
8878	1
8880	1
8881	1
8882	1
8883	1
8884	2
8885	1
8887	1
8889	2
8890	1
8891	1
8894	2
8895	2
8897	2
8898	1
8899	1
8901	1
8903	3
8904	1
8905	1
8906	2
8908	1
8909	2
8910	1
8911	3
8912	1
8913	1
8914	1
8915	2
8916	2
8917	1
8918	2
8919	2
8923	1
8924	2
8926	3
8927	2
8928	1
8930	2
8933	1
8934	1
8935	3
8937	1
8938	2
8939	1
8940	4
8941	3
8942	3
8943	2
8944	2
8945	1
8946	1
8947	1
8949	2
8951	1
8952	3
8953	3
8954	1
8955	3
8956	1
8957	1
8958	2
8959	1
8960	1
8963	1
8964	1
8965	2
8968	1
8969	2
8970	3
8973	1
8974	1
8977	1
8978	1
8979	1
8980	2
8981	1
8982	1
8984	2
8985	1
8986	1
8988	1
8989	2
8990	1
8991	1
8992	1
8993	1
8996	2
8999	1
9000	1
9001	3
9002	2
9003	1
9004	2
9010	3
9012	2
9013	4
9015	1
9017	1
9019	1
9020	3
9021	2
9022	3
9023	3
9024	2
9025	1
9027	2
9028	1
9029	1
9030	3
9031	1
9032	1
9034	1
9035	2
9036	2
9038	1
9040	1
9042	1
9044	2
9045	1
9047	2
9048	1
9050	2
9051	1
9053	5
9054	1
9055	2
9056	5
9057	2
9058	2
9059	2
9063	1
9064	3
9065	1
9066	1
9068	1
9071	2
9072	1
9075	1
9076	1
9079	1
9082	4
9083	1
9084	4
9085	1
9086	2
9088	2
9089	2
9091	1
9092	1
9093	1
9094	1
9095	2
9097	1
9098	2
9100	2
25484	1
9101	1
9102	1
9103	2
9106	1
9108	3
9109	2
9110	3
9113	2
9118	1
9119	1
9120	1
9125	1
9126	1
9131	2
9132	2
9133	1
9135	2
9137	1
9138	1
9139	1
9140	3
9141	2
9142	1
9144	1
9146	1
9148	1
9150	1
9151	1
9153	2
9154	1
9155	1
9156	4
9157	1
9158	2
9159	1
9160	1
9161	1
9162	1
9163	1
9164	2
9165	1
9167	2
9169	2
9170	1
9171	3
9172	1
9173	1
9174	3
9175	1
9176	1
9178	1
9179	1
9180	1
9181	2
9182	2
9184	2
9185	1
9186	2
9187	3
9188	2
9190	1
9191	1
9193	1
9195	1
9196	1
9197	1
9198	2
9199	1
9200	1
9202	3
9203	1
9205	3
9208	1
9211	2
9214	2
9215	1
9217	2
9220	1
9222	1
9223	2
9225	1
9226	1
9227	1
9228	1
9230	1
9231	1
9234	1
9235	1
9236	1
9237	2
9238	1
9239	1
9240	1
9241	1
9249	1
9252	2
9254	1
9258	1
9259	1
9261	2
9262	2
9263	1
9264	2
9265	2
9266	2
9267	2
9269	2
9274	1
9275	1
9276	3
9278	1
9279	1
9280	1
9281	1
9282	1
9283	1
9284	1
9285	1
9286	1
9287	3
9289	1
9291	3
9292	1
9294	1
9297	2
9298	2
9299	1
9300	2
9301	2
9304	1
9305	1
9307	2
9310	1
9311	2
9313	2
9314	1
9316	2
9317	2
9322	1
9325	1
9326	1
9330	1
9331	1
9332	1
9333	2
9334	1
9335	1
9336	1
25722	1
9339	2
9341	1
25725	1
9343	2
9344	1
9345	1
9346	1
9347	1
9348	2
9349	2
9350	1
9352	4
9353	1
9355	1
9356	1
9359	2
9360	1
9361	1
9364	1
9366	2
9367	1
9368	1
9369	2
9370	2
9371	1
9372	2
9377	1
9378	1
9380	1
9381	1
9382	2
25768	1
9385	1
9386	2
9388	1
9389	1
9392	1
9395	2
9399	1
9400	1
9401	1
9402	1
9403	1
9404	2
9407	1
9409	1
9412	2
9414	1
9415	1
9418	1
9419	2
9420	1
9421	1
9422	1
9425	2
9426	1
9428	1
9429	2
9430	1
9431	2
9432	2
9435	1
9436	1
9439	1
9440	1
9441	1
9442	1
9443	1
9445	1
9446	2
9449	1
9452	1
9453	1
9454	2
9457	2
9458	1
9459	1
9460	2
9462	3
9465	1
9470	2
9471	1
9472	3
9474	1
9475	1
9476	1
9477	1
9478	1
9480	1
9481	1
9484	1
9485	1
9486	2
9487	4
9488	1
9489	3
9490	1
9491	3
9492	2
9493	1
9494	1
9495	1
9497	1
9499	2
9500	2
9504	1
9505	1
9506	1
9508	1
9512	2
9513	3
9514	1
9515	2
9517	2
9518	1
9520	1
9521	1
9524	1
9530	2
9533	2
9534	1
9537	2
9538	4
9539	1
9540	2
9544	1
9545	1
9546	1
9548	1
9549	1
9550	1
9552	1
9554	1
9555	2
9558	2
9559	2
9566	1
9572	1
9575	1
9576	1
9577	1
9579	1
9580	2
9581	1
9582	2
9583	1
9585	1
9586	1
9588	1
9592	1
9594	1
9595	1
9597	1
9600	2
9601	2
9604	1
9605	1
9606	1
9608	2
9610	1
9613	1
9614	1
9615	1
9619	1
9624	1
9625	1
9626	1
9628	2
9630	1
9631	1
9633	3
9636	1
9637	2
9639	1
9642	1
9644	2
9645	1
9648	1
9649	1
9651	1
9652	1
9654	1
9656	2
9658	3
9659	2
9660	2
9661	1
9662	1
9663	1
9665	1
9666	2
9667	1
9670	3
9675	1
9676	3
9680	1
9685	2
9687	1
9689	1
9692	1
9694	1
9697	2
9700	1
9701	1
9702	1
9705	1
9706	2
9710	3
9712	1
9713	1
9716	1
9717	1
9718	1
9720	1
9722	1
9725	1
9726	1
9729	1
9730	1
9733	2
9734	1
9736	1
9737	1
9741	2
9744	4
9754	1
9755	1
9756	3
9759	1
9762	2
9763	3
9767	1
9768	1
9769	1
9771	3
9772	2
9773	1
9774	1
9775	1
9778	4
9780	2
9781	1
9782	1
9783	1
9786	1
9787	2
9789	1
9790	2
9791	2
9795	1
9797	1
9798	1
9799	1
9801	3
9802	1
9803	1
9804	2
9806	2
9807	1
9809	1
9813	1
9814	1
9815	1
9816	2
9819	1
9823	2
9824	1
9825	2
9826	1
9827	1
9829	1
9832	1
9834	1
9836	1
9837	1
9839	1
9841	1
9845	1
9850	1
9852	1
9854	2
9855	1
9856	3
9858	1
9860	3
9861	1
9863	1
9865	1
9868	1
9869	2
9872	2
9874	2
9879	1
9884	1
9885	2
9887	1
9889	1
9890	1
9891	1
9894	1
9897	3
9901	2
9903	1
9904	1
9907	1
9910	1
9914	2
9918	3
9933	1
9934	3
9935	2
9939	1
9941	4
9942	1
9943	2
9944	1
9945	1
9946	2
9950	1
9951	2
9952	1
9953	2
9955	1
9957	1
9960	1
9963	1
9964	1
9967	1
9968	1
9970	2
9973	1
9977	2
9980	2
9981	1
9983	1
9984	2
9986	2
9994	1
9995	1
9996	1
9998	1
9999	1
10001	1
10003	1
10005	1
10006	2
10007	3
10009	1
10010	1
10014	1
10020	1
10023	1
10025	1
10027	1
10030	1
10034	1
10035	1
10037	1
10038	1
10040	2
10041	1
10042	2
10044	1
10045	2
10046	1
10049	3
10050	1
10051	1
10053	1
10054	2
10056	4
10060	1
10066	1
10068	1
10070	1
10071	1
10072	2
10073	1
10075	2
10076	1
10078	1
10084	3
10085	1
10087	1
10088	3
10091	1
10093	1
10097	1
10099	1
10100	1
10101	2
10105	1
10112	1
10115	1
10117	1
10118	1
10119	1
10120	1
10121	1
10122	1
10127	1
10129	1
10133	1
10134	2
10136	1
10137	2
10138	1
10141	1
10142	1
10144	1
10146	2
10148	1
10153	2
10157	2
10160	1
10161	2
10166	1
10168	2
10174	1
10175	1
10177	2
10178	2
10181	1
10182	1
10183	1
10185	1
10186	1
10187	2
10188	1
10191	1
10193	1
10195	1
10196	2
10198	1
10202	1
10203	2
10206	1
10208	1
10209	1
10210	1
10213	1
10214	1
10216	1
10225	2
10230	1
10231	1
10232	1
10233	1
10234	1
10237	2
10240	1
10243	1
10245	2
10249	2
10251	2
10256	1
10257	1
10258	1
10259	1
10261	2
10262	1
10267	1
10269	1
10272	2
10273	1
10274	1
10275	1
10277	1
10278	1
10280	1
10286	2
10287	2
10290	1
10291	1
10292	1
10295	2
10296	1
10298	1
10299	1
10300	1
10308	1
10309	1
10310	2
10311	2
10312	1
10313	1
10316	2
10322	2
10323	2
10326	1
10327	1
10328	1
10332	2
10334	1
10335	1
10344	1
10349	1
10352	1
10355	2
10361	1
10363	1
10365	1
10366	1
10369	1
10370	2
10374	1
10375	1
10376	1
10380	1
10381	1
10386	1
10390	2
10393	1
10394	1
10395	1
10396	1
10398	2
10399	3
10400	2
10401	1
10402	2
10403	3
10404	1
10405	1
10406	1
10411	1
10415	2
10417	1
10422	1
10424	1
10425	1
10428	1
10429	1
10435	1
10440	1
10445	3
10448	1
10453	1
10454	1
10455	2
10457	1
10458	2
10463	1
10464	1
10470	2
10471	2
10477	2
10484	1
10487	1
10494	2
10495	1
10496	1
10498	1
10501	1
10504	1
10505	1
10506	1
10508	1
10514	1
10516	1
10518	1
10519	3
10521	1
10524	1
10526	1
10528	1
10531	2
10543	1
10544	1
10546	1
10548	1
10554	1
10555	3
10556	1
10558	1
10560	1
10563	1
10570	1
10571	1
10572	1
10573	1
10578	1
10581	3
10583	2
10586	1
10589	1
10592	1
10595	1
10596	1
10597	1
10604	1
10609	1
10611	2
10612	1
10614	1
10615	1
10619	1
10621	1
10622	1
10623	1
10624	2
10628	1
10629	1
10637	1
10639	1
10646	1
10650	1
10652	1
10653	1
10654	1
10655	3
10657	1
10670	1
10671	1
10674	2
10677	1
10679	2
10682	1
10683	2
10684	1
10685	1
10686	1
10688	3
10690	1
10694	1
10697	1
10698	1
10699	1
10707	1
10709	1
10710	1
10711	2
10713	1
10714	1
10717	1
10718	1
10719	3
10723	1
10727	1
10729	1
10733	3
10742	1
10743	1
10744	1
10747	1
10748	1
10749	1
10750	1
10752	1
10771	1
10775	1
10778	1
10779	1
10780	1
10787	1
10801	1
10806	1
10807	1
10810	1
10817	2
10821	2
10825	1
10827	1
10829	1
10831	1
10834	1
10835	2
10836	1
10837	1
10838	2
10841	1
10849	1
10851	3
10852	1
10856	1
10858	1
10864	1
10868	1
10869	1
10872	2
10874	1
10875	1
10881	1
10883	1
10886	1
10887	1
10888	1
10893	1
10894	1
10895	1
10897	1
10898	1
10899	2
10900	1
10901	1
10903	2
10905	1
10907	2
10908	1
10910	1
10921	2
10922	1
10923	2
10924	1
10928	2
10929	1
10932	1
10933	3
10940	1
10943	1
10947	1
10948	1
10950	2
10952	1
10955	1
10956	1
10964	1
10965	1
10970	1
10972	2
10973	1
10974	1
10977	1
10981	1
10982	1
10983	1
10984	2
10987	1
10990	1
10993	1
10994	1
10995	2
10996	1
11002	1
11006	2
11013	1
11016	1
11018	1
11022	1
11024	2
11025	1
11029	1
11030	1
11031	1
11033	1
11034	1
11037	1
11043	1
11048	1
11050	1
11053	1
11054	1
11056	1
11057	1
11058	1
11068	1
11071	1
11072	2
11073	1
11074	1
11077	3
11079	1
11080	1
11081	1
11091	1
11095	1
11099	1
11103	1
11106	2
11109	2
11110	1
11111	2
11117	1
11120	2
11129	1
11130	1
11140	3
11148	1
11149	1
11150	2
11151	1
11152	2
11157	2
11165	1
11166	1
11167	1
11176	1
11177	1
11182	1
11183	1
11184	3
11186	1
11187	1
11188	1
11190	1
11193	2
11199	2
11201	1
11203	1
11212	1
11215	1
11216	1
11227	1
11228	2
11229	1
11232	1
11236	1
11239	1
11240	1
11243	1
11244	1
11245	1
11247	1
11250	1
11258	1
11261	1
11273	1
11280	1
11285	1
11292	1
11293	1
11299	1
11302	1
11307	1
11313	1
11315	1
11317	1
11320	1
11323	1
11330	1
11331	1
11332	1
11341	1
11342	1
11351	2
11355	1
11360	2
11362	1
11369	2
11375	1
11378	1
11380	1
11381	1
11382	1
11387	4
11390	1
11393	1
11395	1
11396	1
11399	1
11414	2
11416	1
11417	1
11420	1
11422	1
11423	2
11424	1
11426	1
11427	2
11429	1
11431	1
11432	1
11438	1
11439	1
11451	1
11452	1
11458	1
11459	1
11461	1
11466	1
11467	1
11469	1
11471	2
11478	1
11485	2
11486	1
11487	1
11488	1
11490	1
11493	1
11494	1
11495	1
11499	1
11511	1
11515	1
11517	1
11519	1
11521	2
11529	1
11530	1
11532	1
11533	2
11537	1
11540	1
11548	1
11549	1
11551	2
11559	1
11560	1
11562	1
11564	1
11567	2
11574	1
11578	1
11583	1
11586	1
11587	1
11589	1
11590	2
11594	2
11598	1
11600	1
11602	1
11606	1
11613	1
11614	2
11618	1
11620	1
11628	1
11629	1
11631	2
11634	1
11635	1
11638	2
11658	1
11661	1
11663	1
11664	2
11682	1
11683	1
11689	1
11694	1
11696	1
11701	1
11702	1
11705	1
11715	1
11723	1
11724	1
11733	1
11738	1
11740	1
11742	1
11744	1
11747	1
11749	1
11750	1
11751	2
11756	1
11759	1
11762	1
11771	1
11779	1
11780	1
11781	1
11784	1
11786	1
11794	3
11795	1
11799	1
11804	1
11809	1
11811	1
11812	1
11817	1
11818	1
11823	1
11826	1
11829	1
11831	1
11835	1
11837	1
11839	1
11841	1
11846	1
11848	1
11852	1
11854	1
11856	2
11862	1
11864	3
11866	1
11872	2
11875	1
11877	1
11882	1
11884	1
11885	1
11886	1
11887	1
11893	1
11894	1
11897	2
11903	1
11904	1
11905	2
11906	1
11909	1
11913	1
11916	2
11917	1
11918	2
11921	1
11922	1
11935	1
11940	1
11954	1
11956	1
11961	1
11966	1
11967	1
11972	1
11983	1
11993	1
11994	1
11997	1
12001	2
12002	1
12008	1
12015	2
12018	1
12023	1
12041	1
12043	1
12044	1
12045	1
12052	1
12053	1
12056	1
12060	1
12079	1
12080	1
12093	1
12094	1
12095	1
12096	1
12100	1
12110	1
12116	1
12117	1
12121	1
12122	2
12124	1
12125	1
12127	1
12130	1
12138	1
12140	2
12146	1
12150	3
12157	1
12158	1
12159	2
12160	2
12162	1
12163	1
12166	1
12175	1
12176	1
12177	1
12186	1
12192	1
12194	2
12195	1
12211	1
12212	1
12230	2
12233	1
12235	1
12238	1
12239	1
12242	1
12243	1
12246	1
12254	1
12257	1
12263	1
12270	1
12278	1
12279	1
12282	1
12297	2
12304	1
12309	1
12312	1
12321	1
12327	1
12329	1
12330	1
12340	1
12341	2
12342	4
12344	1
12346	1
12349	1
12350	1
12354	2
12358	1
12365	1
12366	1
12369	2
12370	1
12390	1
12398	1
12405	2
12412	1
12420	1
12431	1
12432	1
12456	1
12471	2
12476	1
12482	1
12483	1
12486	1
12488	1
12489	1
12492	1
12496	2
12498	2
12502	1
12518	1
12519	1
12528	2
12542	1
12548	1
12549	1
12558	1
12559	3
12566	1
12573	1
12581	1
12582	1
12590	1
12597	1
12599	1
12603	1
12610	1
12625	1
12626	1
12640	2
12642	1
12644	2
12653	1
12659	1
12662	1
12666	1
12668	1
12670	1
12679	2
12686	1
12688	1
12689	1
12710	1
12719	1
12720	2
12735	1
12737	2
12740	1
12747	1
12748	1
12749	1
12775	1
12776	1
12778	1
12787	1
12788	1
12791	1
12804	1
12809	1
12811	1
12815	1
12833	1
12837	1
12839	1
12840	1
12842	1
12853	1
12859	1
12864	1
12868	1
12887	1
12897	1
12903	1
12919	1
12925	1
12927	1
12932	1
12941	1
12948	1
12961	1
12964	1
12965	1
12969	1
12970	1
12979	1
12995	1
12997	1
13002	1
13007	2
13012	1
13016	2
13019	1
13022	1
13033	1
13036	1
13037	1
13041	1
13045	1
13051	1
13064	1
13071	1
13077	1
13079	1
13085	2
13090	1
13094	1
13095	1
13096	1
13106	1
13117	1
13118	1
13121	1
13131	1
13133	2
13152	1
13156	1
13167	1
13171	1
13173	1
13182	1
13188	1
13194	1
13199	1
13206	1
13214	1
13217	1
13226	1
13229	1
13232	1
13237	1
13238	1
13239	1
13240	1
13242	1
13244	1
13246	1
13247	1
13251	1
13257	1
13259	1
13267	1
13273	1
13280	1
13281	1
13287	1
13290	1
13300	1
13305	1
13306	1
13311	1
13320	1
13326	1
13338	1
13341	2
13365	1
13369	1
13381	1
13384	1
13385	1
13393	1
13415	1
13418	1
13421	1
13427	1
13443	1
13444	2
13450	1
13475	1
13486	1
13492	1
13493	2
13495	1
13502	1
13508	1
13514	1
13525	1
13546	1
13553	1
13554	1
13569	1
13571	1
13583	1
13586	1
13592	1
13595	1
13598	1
13604	1
13613	1
13614	1
13616	1
13634	2
13636	2
13644	1
13650	1
13656	1
13660	1
13680	1
13682	1
13700	1
13706	1
13713	1
13715	2
13727	1
13731	1
13737	1
13740	1
13753	1
13775	1
13777	1
13783	1
13788	1
13794	1
13814	1
13821	1
13822	1
13828	1
13835	1
13847	1
13850	1
13858	1
13868	1
13876	1
13885	1
13888	1
13907	1
13912	1
13914	1
13922	2
13953	1
13954	1
13955	1
13959	1
13985	1
13992	1
13996	1
14017	2
14042	1
14043	1
14044	1
14059	1
14061	1
14073	1
14081	1
14082	1
14083	1
14087	1
14125	1
14133	1
14156	1
14170	1
14185	1
14188	1
14204	1
14208	1
14211	1
14217	1
14218	1
14226	1
14227	1
14245	1
14250	1
14252	1
14253	1
14269	1
14272	1
14274	1
14279	1
14282	1
14285	1
14304	1
14306	1
14316	1
14318	1
14319	1
14326	2
14332	1
14348	1
14352	1
14353	1
14358	1
14364	1
14365	1
14366	1
14387	2
14394	1
14398	1
14406	1
14417	1
14424	1
14434	1
14439	1
14448	1
14450	1
14452	1
14468	1
14469	1
14480	1
14484	1
14488	1
14521	1
14538	1
14553	1
14565	1
14581	1
14589	1
14591	2
14601	1
14607	1
14618	1
14644	1
14657	1
14659	1
14662	1
14671	1
14676	1
14677	2
14681	1
14686	2
14695	1
14702	1
14704	1
14718	1
14721	1
14749	1
14750	1
14754	1
14773	1
14790	1
14793	1
14798	1
14812	1
14827	1
14828	1
14839	1
14843	2
14862	2
14863	1
14877	1
14882	1
14892	1
14899	1
14910	1
14921	1
14929	1
14942	1
14949	1
14953	1
14959	2
14967	1
14969	1
14974	2
14979	1
14983	1
14988	1
14991	1
14992	1
14998	1
15012	1
15016	1
15034	1
15037	1
15045	1
15069	1
15070	1
15110	1
15114	1
15115	1
15121	1
15122	1
15127	1
15129	1
15137	1
15152	1
15155	1
15158	1
15163	1
15179	1
15204	1
15238	1
15241	1
15255	1
15257	1
15262	1
15265	1
15267	1
15280	1
15284	1
15292	1
15301	2
15305	1
15321	1
15322	1
15357	1
15362	1
15367	1
15376	1
15378	1
15385	1
15427	1
15438	1
15447	1
15456	1
15457	1
15473	1
15478	1
15488	1
15493	1
15500	2
15509	1
15524	1
15541	1
15557	1
15591	1
15604	1
15617	1
15621	1
15622	1
15638	1
15640	1
15645	1
15647	1
15676	2
15677	1
15680	1
15693	1
15694	1
15699	1
15707	2
15708	2
15710	1
15712	1
15717	1
15734	1
15743	1
15744	1
15769	1
15772	1
15777	1
15797	1
15804	1
15812	1
15826	1
15828	1
15829	1
15835	1
15853	1
15856	1
15862	1
15870	1
15871	1
15885	1
15918	1
15923	1
15926	1
15944	1
15957	1
15970	1
15974	1
15981	1
15987	1
15990	1
15993	1
15994	1
16031	1
16044	1
16062	2
16068	1
16072	1
16073	1
16086	2
16093	1
16104	1
16110	1
16121	1
16125	1
16132	1
16135	1
16142	1
16147	1
16154	1
16161	1
16177	1
16203	1
16211	1
16229	1
16233	1
16255	1
16264	1
16266	1
16270	1
16273	1
16293	1
16298	1
16331	1
16335	2
16343	1
