1	5
2	6
3	8
4	8
5	2
6	8
7	7
8	4
9	4
10	9
11	4
12	13
13	6
14	6
15	14
16399	1
16	8
17	9
18	7
19	5
20	6
21	9
22	4
16406	1
23	9
24	6
25	6
16409	1
26	2
16410	1
27	6
28	9
29	11
30	4
31	5
32	4
33	5
34	5
35	9
36	6
37	9
38	5
39	11
40	6
41	3
16425	1
42	3
43	6
44	6
45	5
46	6
47	4
48	3
49	7
50	5
51	5
52	6
53	1
54	6
55	7
56	10
57	8
58	7
16442	1
59	5
60	5
61	6
62	6
63	7
64	4
65	3
66	5
67	6
68	6
69	6
70	5
16454	1
71	2
72	4
73	5
74	5
75	6
76	7
16460	1
77	2
78	4
79	7
80	5
81	6
82	5
83	3
84	5
85	4
86	3
87	4
88	6
89	4
90	4
91	5
16475	1
92	7
16476	1
93	11
94	4
95	3
96	3
98	7
99	8
100	4
101	4
16485	1
102	8
103	7
104	3
105	4
106	4
107	4
108	4
109	2
110	5
111	3
112	6
113	6
114	7
115	4
116	4
117	8
118	4
119	5
120	3
121	3
122	6
123	2
124	4
125	2
126	4
127	2
128	4
129	7
130	6
131	10
132	2
133	5
134	3
135	4
136	2
137	4
16521	1
138	2
139	6
140	3
141	5
142	9
143	4
144	5
145	4
146	4
147	3
148	1
149	6
150	3
151	4
152	6
153	1
154	4
156	9
16540	1
157	6
158	7
159	5
160	7
161	3
162	6
163	7
164	5
16548	1
165	2
166	7
167	3
16551	2
16552	1
168	5
169	3
170	4
171	2
172	7
173	4
174	4
175	7
176	5
177	4
178	5
179	6
180	2
16564	1
181	2
182	1
183	5
184	2
16568	1
185	1
186	4
187	3
188	5
189	1
190	1
191	6
192	3
193	4
194	2
195	2
196	2
197	7
198	11
199	1
200	1
201	4
202	2
203	4
16587	1
204	7
205	3
206	5
207	4
208	4
209	5
210	3
211	3
212	9
213	4
214	4
215	2
16599	1
216	4
217	3
218	2
219	9
220	3
221	5
222	3
223	7
224	2
225	5
226	2
227	10
228	4
229	7
230	2
231	2
232	5
233	2
234	8
235	8
236	2
237	5
238	6
239	6
240	3
241	3
242	7
243	4
244	6
245	4
246	6
247	2
248	2
249	2
250	4
251	5
16635	1
252	8
253	7
254	7
255	2
256	5
257	4
258	2
259	6
260	4
261	2
262	5
263	3
264	6
265	6
266	4
267	3
268	4
269	5
270	4
271	8
272	7
273	3
274	7
16658	1
275	5
276	9
277	4
278	4
279	3
280	4
281	7
16666	1
282	5
283	5
284	5
285	1
286	1
287	5
288	4
289	5
16673	1
290	4
291	1
293	4
294	3
295	4
296	4
297	8
16681	1
298	7
299	4
300	2
301	2
302	4
303	4
304	3
305	4
306	9
307	2
308	2
309	2
310	5
311	6
312	6
313	9
314	2
315	3
16699	1
316	4
317	2
318	4
16702	1
319	4
320	7
321	1
322	5
323	5
324	5
325	3
326	2
327	6
328	4
329	8
330	5
331	2
332	2
333	4
334	3
335	3
336	6
337	5
338	1
339	5
340	4
341	7
342	8
343	6
344	2
345	10
346	3
347	2
348	4
349	8
350	4
351	7
352	6
353	5
354	3
355	4
356	5
357	6
358	4
359	8
360	1
361	1
362	7
16746	1
363	6
364	7
365	3
366	5
367	6
368	3
369	7
370	3
371	6
372	6
373	3
374	5
375	3
376	8
377	3
378	5
379	8
380	5
381	6
382	3
383	7
384	4
385	3
386	7
387	6
388	1
389	5
390	3
391	4
392	8
393	2
394	3
395	8
396	4
397	3
398	6
399	7
16783	1
400	7
401	4
402	4
403	5
404	5
405	1
406	8
16790	1
407	4
408	5
409	6
410	9
411	7
412	6
413	6
414	3
415	2
416	4
417	7
418	5
419	4
420	2
421	3
422	4
423	3
424	3
425	6
426	6
427	8
16811	1
428	4
429	6
430	5
16814	1
431	3
432	4
433	7
434	2
435	8
436	4
437	4
438	3
439	4
440	3
441	2
442	7
443	2
444	2
445	3
446	2
447	6
448	2
449	5
450	2
451	4
452	4
453	3
454	8
455	3
456	7
457	6
458	6
16842	1
459	4
460	7
461	8
462	6
463	3
464	3
465	7
466	7
467	1
468	1
469	4
470	7
471	10
16855	1
472	7
473	4
474	4
475	4
476	2
477	3
478	3
479	4
480	3
16864	1
481	3
482	8
483	5
484	6
485	6
486	8
16870	1
487	4
488	4
489	4
490	4
491	7
16875	1
492	4
493	2
494	3
495	4
496	5
16880	1
497	1
498	3
499	4
500	4
501	3
502	4
16886	1
503	4
504	11
505	4
506	7
508	8
509	7
510	4
511	3
512	3
513	3
514	4
16898	1
515	3
516	2
16900	1
517	2
518	7
519	3
520	7
521	4
522	5
523	1
524	6
525	2
526	2
527	4
528	5
529	5
16913	1
530	4
16914	1
531	2
532	4
16916	1
533	4
16917	1
534	4
535	6
536	3
537	3
538	1
539	5
16923	1
540	3
541	6
542	5
543	1
544	3
545	6
546	1
547	3
548	3
549	5
550	6
551	7
16935	1
552	4
553	2
554	1
555	5
16939	1
556	4
557	4
558	5
16942	1
559	6
560	6
561	2
16945	1
562	7
563	4
16947	1
564	7
565	2
566	6
567	4
568	9
569	9
570	3
571	3
16955	2
572	5
573	7
574	8
575	5
576	1
577	5
578	6
16962	1
579	6
580	4
581	3
582	6
583	3
584	3
585	5
16969	1
586	6
587	5
588	3
589	4
590	2
591	2
592	3
593	4
594	5
595	2
596	3
597	4
599	6
600	3
601	7
602	2
603	3
604	4
605	4
606	8
16990	1
607	6
608	5
16992	1
609	4
610	2
16994	1
611	6
612	4
613	4
614	8
615	6
616	2
617	4
618	4
619	3
620	4
621	4
622	3
623	1
624	4
625	2
626	9
627	2
628	9
17013	1
629	6
630	2
631	1
17015	1
632	4
633	4
634	2
635	2
636	4
637	5
638	7
639	2
640	4
641	6
642	8
643	3
644	4
645	2
646	2
647	3
648	6
649	4
650	2
651	7
652	6
653	2
654	6
655	4
656	7
657	7
658	6
659	8
660	6
661	4
662	2
663	5
664	2
665	1
666	2
667	3
668	3
17052	1
669	4
670	4
671	8
672	4
673	2
674	6
675	2
676	5
677	2
678	1
679	1
680	4
681	6
17065	1
682	3
683	3
684	7
685	4
686	5
687	5
688	5
689	2
690	3
691	4
693	1
17077	1
694	5
695	8
696	1
697	5
698	3
699	7
700	3
701	3
702	5
703	7
17087	1
704	4
705	6
706	2
707	6
708	5
709	2
710	2
711	3
712	8
17096	1
713	3
714	2
715	6
716	3
717	5
718	5
719	6
720	6
721	5
722	4
723	4
724	1
725	5
726	5
727	4
17111	1
728	2
729	3
730	4
731	6
732	5
733	5
734	2
735	2
736	3
737	1
738	2
739	5
17124	1
740	3
741	7
742	3
743	6
744	2
745	6
746	7
17131	1
747	6
748	5
749	2
750	3
751	4
752	4
753	2
754	3
755	3
756	4
758	3
759	5
760	4
761	1
762	2
763	2
764	6
765	5
766	6
767	3
768	1
769	1
770	4
771	3
772	4
773	2
774	8
17158	1
775	5
776	4
777	3
17161	1
778	1
779	2
780	8
781	8
782	2
783	1
784	3
785	3
786	1
787	8
788	5
789	4
790	4
791	4
792	1
793	4
794	3
17179	1
795	4
796	4
797	4
798	3
799	6
17183	1
800	3
801	3
802	5
803	2
804	6
805	1
806	2
807	5
809	4
810	5
17194	1
811	5
17196	1
812	3
813	3
814	2
815	4
816	5
817	3
17201	1
819	5
820	4
821	5
822	4
17206	1
824	3
825	2
826	3
827	1
828	5
829	2
830	3
831	3
832	7
833	6
834	3
835	6
836	3
17220	1
837	5
838	1
839	1
840	5
841	3
842	2
843	7
844	1
845	4
846	1
847	5
848	5
849	5
850	3
851	1
852	3
853	3
854	2
855	2
856	3
857	4
858	5
859	6
860	8
861	2
862	5
863	4
864	5
865	3
866	1
867	4
868	9
869	2
870	7
871	2
872	1
17257	1
873	3
874	4
875	4
876	3
877	2
878	4
879	2
880	6
881	3
882	4
17266	1
883	3
885	1
886	6
887	5
888	6
889	1
890	2
891	2
892	4
893	3
895	5
896	4
897	1
898	2
899	3
900	1
901	7
902	3
903	3
904	1
905	6
906	3
907	4
908	5
909	1
17293	1
910	4
911	4
912	2
913	4
914	4
917	3
918	3
919	4
920	2
921	3
922	4
923	3
924	3
925	3
926	6
927	2
17311	1
928	4
929	2
930	5
931	2
932	2
933	4
934	5
935	3
936	3
937	5
17321	1
938	5
939	1
941	3
942	4
943	2
17327	1
944	2
945	9
946	3
947	3
948	3
949	5
950	2
951	1
17335	1
952	4
953	3
954	3
955	1
956	1
957	4
958	3
959	2
960	6
961	2
962	4
963	2
964	3
965	2
966	1
967	3
968	3
969	4
970	1
17354	1
971	1
972	5
973	2
974	3
17358	1
975	3
976	5
977	5
17361	1
978	1
979	4
980	4
981	2
982	2
983	1
984	3
985	3
986	6
987	1
988	3
989	2
990	2
991	2
17375	1
992	7
17376	1
993	3
994	2
995	2
996	6
997	2
998	2
999	2
1000	2
1001	3
1002	2
1003	3
1004	3
1005	6
1006	5
17390	1
1007	3
1008	4
1010	3
1011	4
1012	1
1013	5
17397	1
1014	1
1015	4
1016	5
1017	7
1018	4
1019	3
1020	2
1021	3
1022	2
1023	2
1024	2
17408	1
1025	3
1026	3
1027	3
1028	3
1029	7
1031	5
1032	4
1033	6
1034	6
1035	1
1036	1
1038	4
17422	1
1039	5
1041	1
1042	3
1043	3
1044	7
1045	4
1046	5
1047	1
1048	2
1049	7
1050	2
1051	2
1052	5
1053	2
1054	2
1055	5
1056	3
1057	2
1058	3
1059	2
1060	4
1061	2
1062	5
1063	5
1064	4
1065	3
1066	5
17450	1
1067	3
1068	2
1069	4
1071	3
1073	2
1074	4
17458	1
1075	2
1076	3
17460	1
1077	4
1078	2
1079	1
1080	3
1081	3
1082	7
1083	3
1084	7
1085	1
1086	5
17470	1
1088	3
1089	2
1090	1
1091	3
1093	2
1094	1
1095	5
1096	2
1097	5
1098	4
1099	1
17484	1
1101	5
1102	3
17486	1
1103	2
1104	4
1105	3
1106	4
1107	3
17491	1
1108	5
1109	4
1110	5
1111	4
1112	4
1113	8
1114	3
1115	4
1116	1
1117	5
17502	1
1118	1
1119	4
17503	1
1120	5
1121	1
1122	1
1123	5
1124	3
1125	2
1126	6
1127	5
1129	2
1130	4
1131	2
1132	3
1133	1
1134	2
1135	1
1136	2
1137	3
1138	2
1139	2
1140	2
1142	4
1143	2
1144	6
1145	3
1146	2
1147	7
1148	7
1149	5
17533	1
1150	7
1151	5
1152	2
1153	7
1154	8
1155	3
1156	2
1157	4
1158	5
1159	2
1160	2
1162	6
1163	3
1164	2
1165	2
1166	7
1167	3
1168	4
1169	4
1170	2
1171	1
1172	2
1173	4
1175	3
1177	4
1178	1
1179	3
17563	1
1180	3
1181	4
1182	2
1183	4
1184	4
1185	3
1186	1
1187	4
1188	3
1189	2
17573	1
1190	1
1191	5
1192	1
1193	2
1194	3
1195	2
17579	1
1196	2
1197	2
17581	1
1198	1
1199	1
1200	7
1201	3
1202	4
1203	6
1204	3
1205	2
1206	3
1207	6
1208	1
1209	4
1210	4
1211	5
1212	4
1213	5
1214	4
17599	1
1215	1
1216	3
1217	4
1218	2
1219	2
1220	2
1221	1
1223	3
1224	4
1225	7
1226	4
17611	1
1227	5
1228	5
1229	1
1230	5
1231	3
1232	5
1233	4
1234	2
1235	2
1236	3
1237	5
1238	6
1240	3
1241	1
1242	2
1243	5
1244	3
1245	6
1246	2
1247	2
1248	3
1249	3
1250	2
17634	1
1251	3
1253	4
1254	1
1255	3
1256	3
1257	2
1259	3
1260	4
1261	5
1262	3
1263	1
1264	2
1265	2
1266	9
1267	2
1268	3
1269	3
1270	2
1271	5
1272	1
1273	2
1274	3
1275	4
1276	4
1277	5
1278	2
1280	3
1281	5
1282	1
1283	3
1284	3
1285	1
1286	2
1287	3
17671	1
1288	1
1289	6
1290	3
1291	3
1292	1
1293	3
17677	1
1295	1
1296	3
1297	2
1298	2
1299	4
1300	1
1301	3
1302	6
17686	1
1303	3
1304	1
1305	3
1306	3
1307	1
1308	3
1309	2
1310	4
1311	2
1312	5
17696	1
1313	4
17697	1
1314	4
1315	5
1316	3
1317	4
1318	4
1319	4
1320	2
1321	3
1322	1
1323	5
1324	4
1325	3
1326	3
17710	1
1327	4
1328	3
1329	2
17713	1
1331	3
1332	5
1333	2
1334	4
1335	4
1336	3
1337	3
1338	5
1339	6
1340	3
1341	5
1342	2
1343	3
1344	3
1345	2
1346	4
1347	6
1348	2
1349	2
1351	3
1352	3
1353	6
1354	3
1355	9
17739	1
1356	2
1357	3
1358	3
1359	1
1360	5
1361	2
1362	5
17746	1
1363	2
1364	1
1365	1
1366	1
1367	5
1368	2
1369	4
17753	1
1370	1
1371	1
1372	2
1373	5
1374	1
1375	1
1376	2
1377	2
1378	5
1379	2
1380	2
1381	2
1382	2
1383	2
1384	6
17769	1
1385	2
1386	4
1387	2
1389	1
1390	4
17774	1
1391	3
1392	3
1393	1
1394	1
1395	2
1396	2
1397	6
1398	5
1399	3
1400	3
1401	4
1402	4
1403	2
1404	2
1405	1
1406	6
17790	1
1407	6
1409	3
1410	4
1411	1
1412	2
1413	6
1414	4
17798	1
1415	3
1416	3
1417	1
1418	2
1419	3
1420	4
1421	4
1422	6
1423	5
17807	1
1424	1
1425	5
1426	3
1427	3
1428	2
1429	3
1430	3
1431	4
1432	1
1433	1
1434	3
1435	5
1436	5
1437	1
1438	4
17822	1
1439	1
1440	5
1441	4
1442	4
1443	3
1445	4
17829	1
1446	4
1447	4
1448	5
1449	4
1450	4
1451	2
1452	4
1453	5
1454	2
1455	5
1456	1
1458	4
1459	2
1460	3
1461	2
1462	4
1463	3
1464	5
1465	4
1466	5
1467	2
1468	3
1469	5
1470	3
17854	1
1471	4
1472	1
1473	3
1474	3
1475	6
1476	4
1477	1
1479	5
1480	3
1482	3
1483	1
1484	4
1485	2
1486	2
1487	2
1488	8
1489	1
1490	1
1491	2
1492	2
1493	2
17877	1
1494	6
1495	4
1496	3
1497	3
1498	5
1499	2
1500	4
1501	2
1502	6
17886	1
1503	2
1504	3
17888	1
1505	5
1507	1
1508	3
1509	4
1510	2
1511	3
1512	2
1513	5
1514	2
1515	5
1516	2
1517	1
1518	2
1519	6
1520	2
1521	7
1522	1
1523	3
1524	5
1525	5
1526	2
1527	6
1528	5
1529	2
1530	7
1531	3
17915	1
1532	5
1533	7
1534	1
17918	1
1535	3
1536	4
1537	4
1538	1
1540	1
1541	3
1542	1
1543	4
17927	1
1544	3
1545	3
1547	3
1548	3
17932	1
1549	3
1550	1
1551	1
1552	4
1553	3
1554	3
1555	2
1556	9
1557	2
1558	3
1560	3
17944	1
1561	5
1562	6
1563	3
1564	6
1565	6
1566	2
1567	3
1568	3
1569	3
1570	2
1571	3
1572	4
1574	2
1575	2
17959	1
1576	2
1577	5
1578	1
1579	2
1580	6
1581	6
1582	4
17966	1
1584	4
1585	4
1586	4
17970	1
1587	3
1588	2
1589	3
17973	1
1590	5
1591	4
1592	5
1594	4
1595	4
1597	7
17981	1
1598	5
17982	1
1599	3
1600	5
1601	6
1602	5
1603	6
1604	2
1605	9
1607	4
1608	2
17992	1
1609	3
1610	3
1611	1
1612	4
1613	4
1614	5
1615	7
1616	6
1617	3
1618	7
1619	3
18004	1
1620	1
1621	1
1622	5
1623	3
18008	1
1624	2
1625	5
1626	4
1627	3
1628	2
1629	6
1630	3
18014	1
1631	8
1632	5
1633	1
1634	5
1635	3
1637	5
1638	4
1639	7
1640	3
1641	4
1642	5
1643	3
18027	1
1644	5
1645	2
1646	4
1647	4
1648	3
1649	5
18033	1
1650	7
1651	3
18035	1
1652	2
1653	4
1654	2
1655	5
18040	1
1656	1
1657	3
1658	3
1659	4
1660	5
1661	4
1662	4
1663	2
1664	3
1665	2
1667	3
1668	3
1669	2
1670	3
1671	3
1672	4
1673	3
1674	2
18058	1
1675	4
18059	1
1676	3
1677	1
1678	6
18062	1
1679	3
1680	5
1681	2
18065	1
1682	5
1683	5
18068	1
1684	4
1685	2
1686	6
1687	6
1688	2
1689	2
1690	7
1691	1
1692	7
1693	6
1694	1
1695	7
1696	2
1697	8
1698	2
1699	2
1700	1
1701	4
1702	2
1703	8
1704	4
1705	5
1706	5
1708	2
1709	5
1710	4
1711	1
1712	4
1713	7
1714	3
1715	7
1717	2
1718	3
18103	1
1719	3
1720	4
1721	2
1722	5
1723	8
1724	1
1725	5
1726	4
1727	3
1728	3
1729	3
1730	4
18114	1
1732	5
18116	1
1733	3
1734	4
18118	1
1735	4
1736	3
1737	5
1738	3
1740	4
1741	3
18125	1
1742	3
1743	4
1744	3
1745	3
1746	4
1747	6
1748	7
1749	1
1750	1
1751	2
1752	5
1753	2
1754	2
1756	3
1757	4
1758	2
1759	4
1760	5
1761	5
1762	1
1763	7
1764	7
1765	2
1766	8
1767	3
1768	1
1769	4
1770	1
1771	5
1772	6
1773	2
1774	6
1775	2
1776	3
1777	2
1778	4
1779	4
1780	7
1781	4
1782	5
1783	3
1784	9
1785	2
1786	4
1787	4
1788	4
18173	1
1789	4
1790	5
1791	3
1792	4
1793	4
1794	6
1795	2
1796	3
1797	4
1798	6
1799	4
1800	3
1801	5
1802	5
1803	3
1804	1
1805	5
1806	4
1807	3
1808	5
1809	1
1810	4
18194	1
1811	3
1812	2
1813	4
1814	6
1815	3
18199	1
1816	4
1817	6
1818	6
1819	3
1820	3
1821	2
18205	1
18206	1
1822	3
1823	2
18207	1
1824	6
1825	6
1826	3
1827	7
1828	1
1829	2
1830	9
1831	4
1832	4
1833	1
1834	4
1835	4
1836	5
1837	1
1838	2
1839	3
18223	1
1840	5
1841	1
1842	5
1843	4
1844	8
18229	1
1845	3
1846	2
1847	7
1848	4
1849	4
1850	6
1851	3
1852	5
1853	1
1854	8
1855	4
1856	7
1857	4
1858	9
1859	6
1860	7
1861	3
1862	5
1863	1
1864	6
1865	5
1866	3
18250	1
1867	4
1868	4
1869	4
1870	1
1871	1
1872	5
1873	4
1874	6
1875	5
1876	1
1877	2
1878	5
1879	4
1880	2
1881	6
1882	1
1883	2
1884	7
1885	4
18269	1
1886	1
1887	6
1888	3
1889	2
1890	6
1891	4
1892	7
1893	4
18278	1
1894	2
1895	5
18280	1
1896	1
1897	5
1898	4
1899	2
1900	2
1901	3
1902	2
1903	3
1904	5
1905	7
1906	4
1907	3
1908	6
1909	4
1910	2
1911	4
1912	2
1913	4
1914	2
1915	3
1916	4
1917	4
1918	2
1919	6
1920	4
1921	4
1922	3
1923	4
1924	3
1925	1
1926	2
1927	6
1928	3
1929	3
1930	3
1931	3
1932	2
1933	3
1934	2
1935	5
1936	3
1937	6
1938	2
1939	6
1940	3
1941	2
18325	1
1942	3
1943	3
18327	1
1944	7
1945	5
1946	5
1947	5
1948	1
1949	2
1950	3
1951	5
1952	3
1953	2
1954	7
1955	1
1956	3
1957	3
1958	8
1959	4
1960	5
1961	5
1962	3
1964	3
1965	3
1966	6
1967	8
1968	4
18353	1
1969	2
1970	2
1971	5
1972	4
1973	4
1974	6
1975	1
1976	3
1977	2
18361	1
1978	5
1979	1
1980	1
1981	4
1982	1
1983	2
1984	3
1985	3
18369	1
1986	6
1987	4
1988	6
1989	5
1990	3
1991	6
1992	4
1993	5
1994	3
18378	1
1995	3
1996	2
1997	2
18382	1
1998	4
1999	5
2000	5
2001	9
2002	5
2003	4
2005	2
2006	5
2007	5
2008	5
2009	3
2010	5
2011	1
2012	1
18397	1
2013	1
2014	5
2015	5
2016	5
2017	4
2018	7
2019	2
2020	4
2021	6
2022	4
2023	2
2024	2
2025	1
2026	1
2027	3
2028	3
2029	1
18414	1
2030	2
2031	5
2032	5
2033	2
2034	3
2035	2
2036	4
18420	1
2037	3
2039	2
2040	5
2041	1
2042	4
2044	2
2045	8
2046	8
2047	4
2048	4
2049	2
2050	4
2051	5
2052	4
2053	4
2054	4
2055	4
2056	5
2058	3
2059	6
2060	2
2061	5
2062	4
2063	4
2064	5
18448	1
18449	1
2065	2
2066	3
2067	5
2068	4
2069	4
18454	1
2070	2
2071	3
2072	5
2073	4
2074	7
2075	6
2076	5
2077	3
2078	3
2079	4
18464	1
2081	6
2082	4
2083	4
2084	3
2085	6
2086	5
2087	7
2088	2
2089	5
2090	4
2091	6
2092	4
2093	6
2094	8
2095	3
2096	4
2097	2
2098	2
2099	5
2100	3
2101	2
2102	7
2103	4
2104	5
2105	4
2106	3
2107	6
2108	5
2109	2
2110	3
2111	6
2112	4
2113	3
2114	9
2115	5
2116	4
2117	3
18501	1
2118	3
2119	4
2120	2
2121	2
2122	1
2123	9
18507	1
2124	2
2125	4
2126	3
2127	3
2128	5
2129	4
2130	3
2131	3
2132	3
2133	5
2134	6
2135	7
2136	3
2137	3
2138	3
2139	6
18524	1
2140	5
2141	3
2142	5
2143	3
2144	5
2145	2
2146	8
2147	4
2148	1
2149	3
2150	4
2151	3
2152	3
2153	4
2155	2
2156	8
2157	5
2158	3
2159	2
2160	5
2161	2
2162	3
2163	5
2164	1
2165	4
2166	5
2167	1
2168	3
2169	1
2170	2
2172	6
2173	5
2174	1
2175	4
2176	5
2177	4
18561	1
2178	2
2179	5
2180	3
18564	1
2181	1
2182	4
2183	3
2184	5
2185	2
2186	9
2187	2
18571	1
2188	3
2189	7
2190	5
18574	1
2191	2
2192	5
2193	3
2194	1
2195	2
2196	1
2198	5
2200	4
2201	3
2202	1
2203	4
2204	4
2205	3
2206	2
2207	4
2208	6
2209	3
2210	2
18594	1
2211	3
18595	1
2212	3
2213	4
2214	5
2215	4
2216	1
2217	5
2218	4
2219	1
2220	6
2221	5
2222	4
2223	5
2224	3
2225	2
2227	2
18612	2
2228	4
2229	5
2230	8
2231	5
18615	1
2232	3
2233	4
2234	6
2235	4
2236	1
2237	5
2238	2
18622	1
2239	4
2240	3
2241	2
18625	1
2242	2
2243	4
2244	3
18628	1
2245	2
18630	1
2246	8
2247	6
2248	5
2249	6
2250	1
2251	1
2252	6
2253	5
2254	5
18638	1
2255	2
2256	2
2257	1
2258	4
2259	1
2260	3
2261	4
2262	3
2263	4
2264	2
2265	3
2266	1
2267	3
2268	5
2269	6
2270	3
2271	2
2272	2
2273	4
2274	3
2275	3
2276	3
2277	2
2278	7
2280	4
2281	4
2282	2
18666	1
2283	4
2284	3
18668	1
2285	2
2286	2
2287	2
2288	7
2289	5
2290	6
2291	3
2292	4
2293	2
2294	5
2295	1
2296	3
18680	1
2297	3
2298	1
2299	5
2300	7
2301	4
2302	2
2303	3
18687	1
2304	3
2305	4
2306	7
2307	4
2309	2
2310	4
2311	2
2312	5
2313	4
2314	3
2315	2
2316	3
2317	7
2318	4
2319	2
2320	3
2321	1
2322	3
2323	1
2324	1
2325	5
2327	2
2328	6
2329	5
18713	1
2330	4
2331	6
2333	2
2334	3
2335	5
2336	5
18720	1
2337	5
18721	1
2338	2
2339	2
18723	1
2340	4
2341	8
2342	3
2343	2
2344	4
18728	1
2345	3
18729	1
2346	4
18730	1
2347	4
18733	1
2349	2
2350	2
2351	2
2352	1
2353	2
2354	2
2355	2
2356	4
2357	6
18741	1
2358	10
2359	1
2360	4
2361	3
2362	2
2363	2
18748	1
2364	6
2365	3
2366	3
2367	2
2368	2
2369	5
2370	2
2371	5
2372	1
2373	3
2374	3
18758	1
2375	2
2376	4
2378	4
2379	4
2380	8
2381	6
2382	6
18766	1
2383	7
2384	6
2385	7
2386	3
2387	8
18771	1
18772	1
2388	4
2389	6
2390	4
2391	2
2392	3
2393	3
2394	5
2395	2
2396	2
2397	5
2398	5
2399	6
2400	3
2401	1
2402	3
2403	8
2404	2
2405	4
2406	6
2407	5
2408	4
18792	1
2409	3
2410	5
2411	1
2412	2
2413	4
18797	1
2414	4
18798	1
2415	4
2416	4
2417	1
2418	4
2419	1
2420	1
2421	1
2422	3
2423	3
2424	3
2425	5
2426	2
2427	2
2428	4
2429	2
2430	3
2431	4
2433	6
2434	5
2435	1
2436	3
2437	2
2438	4
2439	2
2440	3
2442	1
2443	4
2444	2
2445	6
2446	4
2447	3
2448	4
2449	5
2450	7
2451	2
2452	3
2453	4
2454	4
18838	1
2455	4
2456	2
2457	6
2458	1
18842	1
2459	7
2460	3
2461	3
18845	1
2462	1
2463	3
2464	5
2465	4
2466	6
2467	2
2468	1
2469	2
2470	2
2471	4
2472	6
2473	4
2474	3
18859	1
2475	1
2476	1
2477	4
2478	3
2479	7
2480	6
2481	5
2482	7
2483	3
2484	2
2485	3
2486	4
18870	1
2487	1
2489	7
2490	3
2491	3
2492	4
2493	3
2494	2
2495	4
18880	1
2496	5
2497	3
2498	2
2499	2
2500	4
2501	2
2502	4
2504	3
2505	4
2506	5
2507	1
18892	1
2509	5
2510	3
2511	3
18895	1
2512	3
2513	4
2514	2
2515	3
2516	4
2517	2
2518	5
18902	1
18903	1
2519	4
2520	3
2521	5
2522	4
2523	2
2524	5
2525	5
18909	1
2527	5
2528	7
2529	11
2530	4
2531	1
2532	3
2533	5
2534	2
2535	2
2536	2
2537	6
18921	1
2538	4
18922	2
2539	7
2540	4
2541	4
2542	5
2543	10
2544	2
2545	4
2546	1
2547	2
2548	5
2549	1
2550	4
2551	2
2552	4
2553	4
2554	3
18938	1
2555	2
2556	1
2557	5
2558	7
2559	4
18943	1
2560	8
2561	6
2562	7
2563	3
2564	8
18948	1
2565	4
2566	5
2567	3
2568	4
2569	3
2570	2
2572	4
2573	2
2574	3
2575	1
2576	3
18960	1
2577	7
2578	6
2579	2
2580	5
2581	4
2582	1
2583	2
2584	1
2585	4
2586	3
2587	1
2588	3
2589	1
2590	2
2591	5
18976	1
2592	5
2593	3
2594	6
2595	4
2596	4
18980	2
2597	3
2598	4
2599	7
18984	1
2600	3
2601	5
2602	2
2603	2
2604	8
2605	4
2606	8
2607	5
2608	6
2609	1
2610	2
2611	5
2612	2
2613	3
2614	1
2615	2
2616	1
2617	3
2618	8
2619	1
2620	8
2621	2
2622	5
2623	1
2624	6
2625	2
2626	4
2627	3
2628	2
2629	3
2630	3
2631	4
2632	6
2633	4
2634	4
2635	2
2636	2
2637	4
19021	1
2638	2
2639	3
2640	8
2641	5
2642	2
2643	4
2644	2
2645	5
2646	5
2647	3
2648	4
2649	4
2650	1
19035	1
2651	4
2652	2
19036	1
2653	4
2654	6
2655	1
2656	3
2657	6
2658	4
2659	2
2660	3
2661	5
2662	2
19046	1
2663	4
19047	1
2664	3
2665	3
2667	5
2668	5
19052	1
2669	7
2670	4
2671	5
2672	2
2673	1
2674	7
2675	6
2676	4
2677	3
2678	1
2679	6
2680	5
2681	6
19065	1
2682	4
2683	6
2684	3
2685	2
2686	1
2687	1
2688	4
2689	3
2690	2
2691	5
2692	4
2693	4
19078	1
2694	2
2695	7
2696	5
2697	2
2698	3
19083	1
2699	3
2700	4
2701	5
2702	3
19086	1
2703	3
2704	4
2705	4
2706	3
19091	1
2707	1
2708	2
2709	4
2710	3
2711	3
2712	4
2713	3
2714	3
19098	1
2715	2
2716	5
2717	2
2718	2
2719	3
2720	5
2721	4
2722	2
2723	6
2724	2
2725	3
2726	1
2727	2
2728	3
2729	3
2730	4
2731	3
2732	2
2733	2
19117	1
2734	2
19118	1
2735	6
2736	6
2737	2
2738	2
2739	3
19123	1
2740	3
19126	1
2742	1
2744	3
2745	1
2746	6
2747	3
2748	2
2749	6
19133	1
2750	4
2751	3
2752	5
2753	2
2754	6
2755	2
19139	1
2756	3
2757	2
2758	2
2759	4
2760	6
2761	2
2762	4
2763	3
2764	1
2765	2
2766	4
2767	4
2768	5
2770	3
2771	5
2772	2
19156	1
2773	6
2774	3
19158	1
2775	3
19159	1
19160	1
2776	2
2777	4
2778	4
2779	4
2780	2
2781	5
2782	3
2783	1
2784	4
2785	1
2786	3
2787	3
2788	4
2789	3
2790	6
2791	6
2792	3
2793	2
2794	5
2795	5
2796	2
2797	8
2798	3
2799	5
19183	2
2800	1
2801	1
2802	4
2803	1
2804	3
2805	2
2806	3
2807	2
2808	3
2809	2
2810	3
2811	5
19195	1
2812	2
2813	4
2814	6
19198	1
2815	4
2816	4
19201	1
2817	5
2818	4
2819	8
2820	2
2821	1
2822	1
2823	3
2824	2
2825	2
19209	1
2826	2
2828	7
2829	1
2830	2
19214	1
2831	3
2832	2
2833	6
2834	2
2835	4
2836	6
2837	1
2838	1
2839	1
2840	3
19225	1
2841	6
2842	1
2844	2
2845	2
19229	1
2846	4
2847	4
2848	5
2849	3
19234	1
2850	2
2851	2
2852	3
2853	3
2854	3
2855	4
2856	5
2857	1
2858	2
2859	4
19243	1
2860	1
2861	1
2862	5
2863	5
19247	1
2864	2
2865	4
2866	5
19250	1
2867	4
2868	2
2869	2
2870	2
2871	1
2873	1
2874	2
2875	5
2876	6
19260	1
2877	3
2878	2
2879	2
2881	3
2882	4
19266	2
19267	1
2883	6
2884	4
2886	4
2887	4
2888	3
2889	3
2891	4
2892	1
19277	1
2893	2
2894	3
2895	2
2897	4
2898	2
2899	3
2900	2
2901	2
2902	5
2903	2
2904	2
2905	4
2906	5
2908	5
2909	3
2910	5
2911	2
2912	3
2913	3
2914	2
2915	6
2916	4
2917	1
2918	2
2920	5
2921	3
2922	4
2923	3
19307	1
2924	3
2925	5
2926	5
2927	3
2928	1
2929	2
2930	3
2931	3
2932	3
2933	2
2934	6
2935	2
2936	6
2937	3
2938	2
2939	4
2940	2
2941	2
2942	4
2943	8
2944	3
2945	1
2947	2
2948	4
19332	1
2949	3
2950	2
2951	2
2952	4
2953	4
2954	2
2955	4
2956	3
19340	1
19341	1
2957	4
2958	1
2959	3
2960	1
2961	3
2962	1
19346	1
2963	5
2964	4
2965	1
2966	2
2967	5
19351	1
2968	5
2969	2
2970	5
2971	3
2972	4
2973	4
2974	4
2975	4
2976	7
2977	3
2979	3
2980	6
19364	1
2981	2
2982	5
2983	3
2984	3
2985	3
2986	4
2987	2
19372	1
2989	4
2990	2
2991	5
2992	1
2993	3
19378	1
2994	2
19379	1
2995	1
2996	6
2997	6
2998	4
2999	1
3000	3
3001	6
19385	1
3002	1
3003	2
3005	2
3006	4
3007	4
3008	5
3009	6
3010	3
3011	5
19395	1
3012	3
3013	1
3014	3
3015	3
19399	1
3016	2
3017	1
3018	4
3019	1
3020	5
3021	6
3022	4
3023	2
3024	4
3025	3
3026	4
19411	1
3027	1
3028	1
3029	2
3030	3
3031	1
3032	4
3033	4
19417	1
3034	2
3035	3
3036	2
19420	1
3037	4
3038	4
3039	5
3040	2
3041	6
3042	5
3043	8
3044	7
3045	2
3046	4
19430	1
3047	8
3048	5
3049	4
3050	4
3051	4
3052	2
3053	4
3054	2
3055	4
3056	2
3057	5
3058	3
3059	4
3060	2
19444	1
3061	2
3062	6
19447	1
3063	3
3064	4
3065	4
3066	2
3067	4
3068	5
19452	1
3069	1
3070	7
19454	1
19455	1
3071	2
3072	2
3073	1
3074	2
3075	7
3076	6
3077	3
3078	3
3079	3
19463	1
3080	4
3081	5
3082	5
3083	5
3084	2
3085	6
3086	2
19470	1
3087	6
3088	1
3089	4
3090	3
19474	1
3091	3
3092	2
3093	2
3094	3
3095	3
19479	1
3096	3
3097	2
3098	4
3099	2
3100	2
3101	4
19485	1
3102	3
19486	1
3103	3
3104	4
19488	1
3105	4
3106	2
3107	3
3108	1
3109	6
3110	9
19494	2
3112	2
3113	4
3114	4
3115	1
19500	1
3116	3
3117	1
3118	4
3120	3
3121	4
3122	3
19506	2
3123	2
19507	1
3124	2
3125	2
3126	4
3127	5
3128	7
3129	4
3130	4
3131	4
3132	5
3133	2
3134	4
3135	3
3136	4
3137	2
3138	2
3139	5
3140	7
3141	2
19525	1
3142	1
3143	1
3144	4
3145	2
3146	2
3147	4
3148	2
3149	4
3150	3
3151	4
3152	2
3153	2
3154	3
3155	3
3156	2
3157	4
3158	2
3159	6
3160	3
19544	1
3161	5
3162	4
19546	1
3163	4
3164	2
3165	4
3166	6
3167	1
3168	3
3169	1
3170	1
3171	2
3172	2
3173	2
3174	5
3175	2
19560	1
3177	3
3178	4
3179	2
3180	2
3181	1
3182	4
3183	2
3185	2
3186	3
3187	2
3188	6
3190	3
3191	2
3192	2
3193	2
3194	4
3195	2
3196	3
3197	3
3198	6
3199	1
3200	2
3201	1
19585	1
3202	2
19586	1
3203	4
3204	4
3205	1
3206	4
3207	5
3208	1
19592	1
3209	1
19594	1
3210	5
3211	1
3212	4
19596	1
3213	2
3214	8
3215	3
19600	1
3217	1
3218	3
3219	5
3220	4
3221	2
3222	1
19607	1
3224	2
3225	1
3226	2
3227	6
3228	6
3229	2
3230	2
3231	2
3232	3
3233	4
3234	4
3235	1
3236	3
3237	1
3238	5
19622	1
3239	2
3240	2
3241	5
3243	2
3244	1
3245	8
3246	1
3247	3
3248	2
3249	7
3250	1
3251	2
3252	1
19637	2
3253	1
3254	3
3255	1
19639	2
3256	3
3257	2
3258	2
19642	1
3259	4
3260	2
3261	4
3262	2
3263	2
3264	3
3265	4
19649	1
3266	3
3267	4
3268	4
3269	4
3270	5
3271	1
3272	4
3273	1
3274	6
3275	7
3276	4
19660	1
3277	3
3278	4
3279	2
3280	1
3281	3
19665	1
3282	3
3283	3
19668	1
3284	1
3285	1
3286	2
3287	3
3288	3
3289	4
3290	4
19674	1
3291	4
3292	3
19677	1
3293	6
3294	3
3295	8
3296	3
3297	3
3298	2
3299	2
3300	1
3301	1
3302	5
19686	1
3303	1
3305	3
3306	2
3307	4
3308	3
3309	5
19693	1
3310	4
3311	1
3312	6
3313	3
3314	5
3315	2
3316	2
19700	2
3317	3
19701	1
3318	1
3319	2
3320	3
3321	4
3322	2
3323	4
3324	1
3325	5
3326	3
3327	1
19712	1
3329	2
3330	3
3331	2
3332	2
3333	5
19717	2
3334	2
3335	1
3336	5
3337	3
3338	2
3339	1
3340	1
3341	5
3342	3
19728	1
3344	6
3345	3
3346	3
3347	2
3348	2
3349	1
3350	3
3351	5
3352	6
3353	7
19737	1
3354	4
19738	1
19739	2
3355	3
3356	2
19740	1
3357	1
3358	5
19742	1
3359	6
3360	2
3361	3
3362	2
19747	1
3363	1
3364	3
3365	1
3366	2
3367	4
3368	6
3369	3
3370	4
3371	2
19755	1
3372	5
3373	2
3374	6
3375	2
3376	1
3377	4
3378	3
3379	1
3380	6
3381	2
3383	3
3384	2
3385	4
3386	1
3387	1
3388	4
3389	2
3390	4
3392	2
19776	1
3393	4
19777	1
3394	3
3395	3
3396	7
3397	1
3398	6
3399	5
3400	3
3401	5
3402	1
19786	1
3403	6
3404	5
3405	1
3406	2
3407	4
3408	5
3409	3
19794	1
3410	1
3411	7
3412	1
3413	2
3414	5
3415	6
3416	2
3417	1
3418	2
3419	5
3420	1
19804	1
3421	2
3422	4
3423	4
3424	2
3425	3
19809	1
3426	5
3428	1
3429	2
3430	4
19814	1
3431	1
3432	1
3433	1
3434	2
3435	6
3436	1
3437	2
19821	1
3438	5
3439	3
3440	2
3441	7
3442	2
3443	2
3444	2
3445	6
3447	6
3448	3
3449	1
3450	5
3451	2
3452	2
3453	2
3454	4
3455	3
3457	1
3458	2
3459	4
3460	3
3461	2
3462	4
3463	3
3464	2
3465	2
3466	1
3468	2
3469	3
3470	2
3472	1
19856	1
3473	4
19857	1
3474	2
3475	4
3476	3
19860	1
3477	1
3478	4
19862	1
3480	4
3481	1
3482	2
3483	4
3484	3
3485	2
3486	5
3487	3
3488	5
3489	4
3490	6
3491	3
3492	4
3493	2
19878	1
3494	1
3495	4
19879	1
3496	1
3497	5
3498	4
3500	3
19884	1
3501	2
3502	3
3503	3
3504	3
3505	4
3506	1
3507	3
3508	3
3509	4
19894	1
3510	2
3511	4
19896	1
3513	2
3514	4
3515	2
3516	1
19901	1
3517	4
3518	4
3519	2
3520	6
19905	2
3521	1
3522	6
3523	5
3524	2
19908	1
3525	4
3526	7
3527	3
3528	1
3529	5
3530	7
3531	4
3532	4
3533	2
3534	2
3535	5
3536	3
3537	4
3538	3
3539	2
3540	7
3541	4
19925	1
3542	1
3543	2
3544	3
3545	5
3546	1
3547	1
19932	1
3548	1
3549	2
3550	6
3551	1
3552	1
3553	1
19938	1
3554	3
3555	2
3556	2
3557	1
3558	4
3559	2
3560	4
19944	1
3561	6
3562	5
3563	1
3564	7
3565	5
3566	4
3567	3
3568	3
3569	3
3570	7
19954	1
3571	6
19955	1
3572	2
3573	1
3574	4
3575	2
3576	3
19961	1
3577	4
3578	3
19963	1
3579	1
3580	1
3581	3
3582	2
3583	1
3584	2
3585	1
3586	4
3587	4
3588	3
3589	3
3590	2
3591	2
3592	3
3593	4
3594	8
3595	6
19980	1
3596	4
3597	2
3598	4
3599	4
3600	3
3601	5
3602	3
3603	3
3604	3
3605	3
3606	2
3607	5
3608	1
3610	1
3611	2
3612	3
19996	1
3613	2
3614	4
3615	2
3616	5
3617	8
3618	2
3619	1
3620	5
3621	1
3622	3
20006	1
3623	2
3624	4
3625	1
20009	1
3626	4
3627	2
3628	2
3629	3
20013	2
20014	1
3630	1
3631	5
3632	1
3633	3
20018	1
3634	3
3635	2
3636	4
3637	2
3638	3
20022	2
20023	1
3639	4
3640	5
3641	5
3642	3
20026	1
3643	2
3644	4
3645	3
3646	6
20030	1
3647	1
3648	3
3650	4
3651	1
3652	4
3653	2
3655	3
3656	3
3657	2
3658	2
3659	2
3660	2
3661	4
3662	1
3663	5
20047	1
3664	3
3665	2
3666	4
20050	1
3667	2
3668	3
20052	1
3669	3
3670	2
3671	5
3672	4
3673	1
3674	6
3675	1
3676	2
3677	3
3678	2
20062	1
3679	8
3680	6
3681	7
3682	2
3684	2
3685	5
3686	6
3687	1
3688	1
3689	4
3690	4
20076	1
3692	2
20077	2
3693	2
3694	1
3695	2
3698	1
3699	4
3700	1
3701	1
3702	3
3703	4
3704	6
3705	3
20090	1
3706	4
3707	4
3709	1
3710	3
3711	2
3712	2
3713	4
3714	6
3715	6
3716	3
3717	2
3718	3
20102	1
3719	3
20103	1
3720	1
3721	4
20105	1
3722	1
3723	3
3724	3
3725	2
3726	3
3727	3
3728	2
3729	4
3730	5
3731	3
20115	1
3732	1
20116	1
20117	1
3733	2
3734	6
3735	2
3736	5
20120	1
3737	2
3738	3
3739	4
3740	4
3741	5
3742	2
20126	1
3743	3
3744	2
3745	3
20129	1
20130	1
3746	4
20131	1
3747	1
3749	2
3750	3
3751	2
3752	3
20137	1
3753	4
3754	4
20138	1
3755	5
3756	5
3757	3
3758	6
3759	1
3760	3
3761	5
3762	3
20147	1
3763	4
3764	4
3765	1
3766	1
3767	5
3768	1
3769	2
3770	2
3771	2
3773	4
3774	3
3775	3
20159	1
3776	2
3777	9
3778	2
3779	3
3780	2
3781	5
3782	2
20166	1
3783	2
3784	5
20169	1
3786	2
3787	5
3788	1
3789	3
3790	4
3791	5
20175	1
3792	4
3793	6
3794	3
3795	6
3796	6
20180	1
20181	1
3797	3
3798	4
3799	1
3800	2
3801	4
3802	5
3803	6
3804	2
3805	5
3806	9
3807	3
3808	3
20193	1
3809	5
3810	3
3811	5
3812	6
3813	3
3814	2
20199	1
3815	4
3816	5
3817	6
3818	4
3819	3
3820	1
3821	3
3822	1
20206	1
3823	2
3824	5
20208	1
3825	2
20209	1
3826	4
20210	2
3827	3
3828	1
3829	5
3830	4
3831	4
3832	4
20216	1
3833	4
3834	2
3835	3
3836	4
3837	1
3838	2
3839	2
3840	4
3841	2
20225	1
3842	3
3843	6
3844	1
3845	2
3846	4
3847	1
3848	9
20232	1
3849	4
3850	2
3851	3
3852	3
3853	1
3854	6
3855	5
3856	7
3857	5
20241	1
3858	2
3859	3
3860	3
3861	4
3862	2
3863	3
3865	1
3866	2
20250	2
3867	2
3868	3
3869	7
3870	3
3871	3
3872	5
3873	3
3874	2
3875	4
3876	3
3877	5
3878	5
3879	3
20263	1
3880	3
3881	3
3882	2
20266	1
3883	6
3884	2
3885	4
20269	1
3886	4
3887	2
3888	2
3889	2
3890	5
3891	4
20276	1
3893	7
3894	6
20278	1
3895	3
3896	1
3897	2
20281	1
3898	3
20282	1
3899	5
3900	1
3901	2
3902	2
3903	4
3904	7
3905	5
3906	3
3907	4
3908	1
3909	3
3911	6
3912	6
3913	3
3914	3
20298	1
3915	2
3916	3
3917	3
3919	2
3920	1
3922	1
20306	1
3925	3
3926	7
3927	1
3928	3
20312	1
3929	2
3930	1
20315	2
3931	3
3932	4
3933	6
3934	3
20318	2
3935	2
20319	1
3936	4
3937	7
3938	1
3939	3
3940	5
3941	2
3942	4
3943	5
3945	4
3946	3
3947	1
20332	1
3949	3
3950	4
20334	2
3951	3
20335	1
3952	2
3953	1
3954	4
20338	1
3955	2
3956	2
20340	1
3957	5
3958	2
3959	5
20343	1
3960	2
3961	4
3962	2
3963	1
3964	3
20348	2
3965	2
20350	2
3966	1
3967	7
3968	4
3969	2
3970	2
3971	4
20356	1
3972	2
3973	5
3974	1
3975	2
3976	3
3977	3
3978	6
3979	6
3980	4
20365	1
3981	3
3982	1
3983	4
3984	5
3985	6
3986	2
3987	3
3988	3
20372	1
3989	7
3990	3
3991	3
3992	3
3993	2
3994	2
3995	3
3996	3
3997	4
3998	4
20383	1
3999	1
4000	5
4001	1
4002	6
4003	3
4004	3
20388	1
4005	3
4006	1
4007	1
4008	1
20393	2
4009	1
4010	2
4011	1
4012	6
4014	2
20398	1
4015	5
4016	4
4017	2
4018	3
20403	1
4020	1
4021	1
20406	1
4022	4
4023	3
4024	6
4025	5
20409	1
4027	2
4028	1
4029	5
4030	5
4031	3
4032	4
4033	1
4034	2
4035	2
4036	3
20421	1
4037	1
4038	2
4039	2
4040	2
20424	1
4041	1
4042	2
20427	1
4043	1
4044	3
4045	6
20430	1
4047	2
4048	3
4049	7
4050	3
4051	1
4052	3
4053	4
20437	1
4054	2
4055	4
20439	1
4056	5
4057	1
4058	2
4059	2
4060	5
4061	4
4062	1
20447	1
4063	1
4064	3
4065	4
20449	1
4066	4
4067	3
4068	2
4069	5
4070	4
20455	1
4071	1
20456	1
4072	5
4073	5
4074	1
4075	5
4076	2
4077	7
20461	1
4078	8
4079	3
4080	3
20464	1
4081	2
20466	1
4082	1
4083	5
4084	2
4085	6
4086	2
4087	2
4088	4
20472	1
4089	3
4091	5
4092	2
4093	5
20477	2
4094	3
4095	5
4096	3
4097	3
20482	1
4098	1
4099	3
20483	1
4100	2
4101	4
4102	3
20487	1
4103	4
4104	2
4105	2
4106	2
4107	1
4108	1
20492	1
20493	1
4109	3
4110	4
4111	3
4112	2
20496	1
4113	3
4114	4
4115	1
4116	1
4117	9
4118	2
4119	3
4120	6
20504	1
4121	5
4122	4
4123	3
4124	4
20508	1
20509	1
4125	1
4126	2
4127	4
4128	3
20512	1
20513	1
4129	3
4130	3
4131	1
20516	2
4132	4
4133	1
4134	3
4135	6
4136	6
4137	3
4138	6
4139	1
4140	3
4141	4
20525	1
4142	2
20526	1
4143	3
20528	1
4144	1
4145	6
4146	5
4147	3
4148	2
4149	4
4150	3
4151	5
4152	2
20536	3
4153	2
20537	1
4154	5
4155	5
4157	2
20542	1
4158	3
4159	3
4160	2
20544	2
4161	5
4162	5
20547	1
4163	4
4164	2
20548	1
4165	5
4166	2
4167	3
4168	1
20552	1
4169	1
4170	3
20554	1
4171	3
20556	2
4172	3
4173	2
20557	1
4174	4
4175	1
20559	1
4176	2
4177	3
20561	1
4178	8
20563	1
4179	2
4180	5
4181	3
20566	1
4182	7
4183	4
4184	1
20568	1
4185	2
20569	1
4186	2
20570	1
4187	1
4188	2
4189	3
4190	2
4192	5
4193	4
20577	1
4194	1
4195	2
4196	2
4197	3
4198	3
4199	2
4200	1
4201	4
4202	1
4203	4
4204	3
4205	4
4206	3
4207	6
4208	3
20592	1
4209	2
20593	1
4210	1
20594	1
4211	2
4212	3
20596	1
4213	3
4214	4
4215	5
4216	3
4217	2
4218	3
4219	4
20603	1
4220	1
4221	6
20605	1
4222	2
4223	5
20607	1
4224	1
20608	1
4226	3
4227	3
4228	4
4229	1
4230	2
4231	7
20615	1
20616	2
4232	3
4233	2
4234	1
4235	3
4236	4
4237	4
4239	3
4240	1
4241	3
4242	3
4243	3
4244	3
4245	2
4246	7
4247	4
4248	3
4249	1
4250	1
4251	2
4252	5
20637	3
4253	3
4254	5
4255	2
4256	4
4257	2
20642	1
4258	4
4259	5
4260	2
4261	2
20645	1
4262	4
4263	4
4264	1
4265	4
4266	5
4267	1
4268	8
20652	1
4270	1
4271	2
4272	4
4273	4
4274	5
4275	3
4276	1
20660	1
4277	4
4278	2
20663	1
4279	2
4280	2
4281	2
4282	3
4283	1
4284	2
20668	2
4285	1
4286	4
4287	2
4288	3
20673	1
4291	4
4292	3
4293	1
4294	2
4296	4
20680	1
4297	4
4298	3
4299	1
4300	4
4301	3
4302	3
4303	2
4304	1
20688	1
4305	2
20689	1
20690	1
4306	2
4307	5
20692	1
4308	4
4309	2
20694	1
4310	1
4311	3
20696	1
4312	2
4313	5
20697	1
4315	3
20700	1
4316	2
4317	2
4318	5
4319	3
4320	7
20705	2
4321	1
4322	2
4323	2
20708	1
4324	1
4325	4
4326	3
4327	2
4328	5
4329	6
4330	1
4331	2
4332	1
4333	3
20717	1
20718	1
4334	1
4335	4
4336	3
4337	2
4339	3
4340	2
4343	3
20728	2
4344	4
4345	4
20729	1
4346	3
4347	3
20732	1
4348	3
4349	2
20733	1
4350	4
4351	2
4352	2
4353	3
20737	1
4354	2
20738	1
4355	4
4356	4
4357	3
20741	1
4358	4
4359	3
4360	4
4361	3
4362	3
4363	3
20747	1
4364	1
20749	2
4366	1
4367	3
4368	4
4369	2
20753	1
4370	3
20754	1
4371	6
4372	2
4373	3
4374	1
20759	1
4375	2
4376	6
4377	2
4378	3
20762	1
4379	6
4380	3
4381	3
4382	1
4383	4
4384	2
4385	3
4386	4
4388	4
4389	3
4390	4
4391	2
20775	1
4392	2
4393	1
4394	2
4395	5
20780	1
4396	3
4397	2
20782	1
4398	2
4399	1
20784	1
4400	3
4401	3
20785	1
4402	4
4403	4
4404	3
4405	3
20789	1
4406	1
4407	2
4408	1
4409	2
4410	2
4411	3
4412	2
4413	1
4414	1
4415	2
20800	1
4416	2
4417	2
20802	1
4418	2
4419	3
4420	4
20804	1
4421	6
20807	1
4423	1
4424	2
4425	5
4426	5
20810	1
4427	4
4428	3
4429	4
4430	5
4431	2
4432	2
20816	2
4433	4
4434	2
4435	5
4436	3
20821	1
4438	4
4440	1
4441	5
20825	1
4442	4
4443	2
4444	2
4445	1
20829	1
4446	2
4447	2
20832	1
4448	2
4449	5
4450	3
4451	1
4452	3
4453	2
4454	2
4455	1
4456	1
4457	5
4458	4
20843	1
4459	1
4460	4
20844	1
4461	2
4462	4
4463	4
4464	3
4465	6
4466	3
4467	2
4468	1
20852	2
4469	5
20854	1
4470	3
4471	5
4472	5
4473	5
4474	2
4475	2
20859	1
4476	3
4478	2
4479	5
4480	4
4481	1
4483	4
20867	1
4484	5
4485	2
20870	1
4487	2
4488	3
4489	3
20873	1
4490	2
4491	3
4492	3
20876	1
4493	2
20877	1
4494	1
4495	4
4496	4
4497	2
4498	4
4499	1
4500	4
4501	2
4502	2
20886	1
4503	3
4504	5
20888	1
4505	3
4506	1
4507	1
4508	3
4509	4
4510	4
20895	1
4511	3
4512	2
4513	1
4514	4
4515	4
4516	2
4517	3
4518	5
4519	4
20903	1
4520	3
4521	2
4522	2
4523	2
20909	1
4526	1
4527	1
4528	1
4529	3
4530	2
4531	4
20916	2
4532	2
4533	2
4534	2
4535	4
4536	4
4537	2
4538	1
4539	3
20923	1
4540	3
4541	2
4542	2
4543	2
4544	2
4545	3
4546	6
20930	1
4547	6
4548	2
4549	1
4550	4
4551	4
4552	2
4553	5
20938	1
20939	1
4555	4
4556	4
4557	5
4558	3
4559	3
4560	3
4561	1
20946	1
4562	4
4563	5
20947	1
4564	1
20948	1
4565	2
20950	2
4566	3
4567	4
4568	1
4569	4
4570	4
4571	2
20956	1
4573	5
20957	1
4574	2
20958	1
4575	2
4576	3
4577	2
20962	1
4578	3
4579	5
4580	4
4581	5
4582	5
20966	1
4583	1
4584	2
4585	3
4586	3
20970	2
4587	1
4588	3
4589	2
4590	1
4591	6
4592	1
4593	4
4594	5
4595	2
4596	4
4597	1
4598	2
20982	1
4599	4
4600	3
4601	5
4602	1
4603	2
4604	3
20988	2
4605	3
4606	2
4607	1
20991	1
4608	3
4609	4
4610	3
4611	1
4612	2
20997	1
4613	4
20998	1
4614	2
4615	3
4616	4
4617	4
4618	1
4619	6
4620	5
4621	1
4623	1
4624	5
4625	4
4626	3
21010	1
4627	8
4628	6
4629	6
4630	6
4631	6
4632	9
4633	8
4634	6
21018	1
21019	1
4635	4
4636	5
4637	3
4638	6
21022	1
4639	3
4640	3
4641	6
4642	3
21027	1
4643	3
4644	4
4645	5
4646	3
4647	8
21031	1
4648	1
21032	1
4649	2
4650	3
4651	2
4652	1
21036	1
4653	1
4654	3
21038	1
4655	2
4656	2
4657	4
4658	3
21042	1
4659	1
4660	2
4661	3
4662	5
21046	1
4663	1
21047	1
4664	4
4665	4
4666	2
4667	1
4668	3
21052	1
4669	3
4670	4
4671	3
4672	3
4673	4
4674	3
4675	2
4676	4
21061	1
4677	2
4678	2
4679	2
4681	1
4682	4
4683	5
4684	3
4685	4
4686	3
21070	1
4687	3
4688	4
4689	4
21073	1
4690	4
4691	3
4692	4
21076	1
4693	1
4694	2
4695	1
4696	7
4697	4
4698	2
21082	1
4699	1
4700	4
4701	1
4702	7
4703	3
4704	3
4705	5
4706	2
4707	2
4708	2
4709	1
4711	2
4712	2
4713	7
4714	6
4715	3
4716	3
21100	2
21101	1
21102	1
4719	2
4720	2
4721	3
21105	2
21106	2
4722	1
4723	2
4724	1
21108	1
21109	1
4725	3
4726	2
4727	2
21111	1
21112	1
4728	4
21113	1
4729	3
4730	1
21115	1
4731	2
4732	1
4733	4
4734	10
21118	1
4735	3
4736	1
21120	1
4737	5
21122	1
4738	1
4739	4
21123	1
4740	3
4741	3
21125	1
4742	1
4743	4
21129	1
4745	2
4746	2
4747	2
4748	1
4749	3
4750	2
21134	1
4751	1
4752	2
4753	3
4754	2
4755	1
4757	1
4758	1
4760	6
21144	1
4761	4
4762	2
21146	1
4763	1
4764	2
4765	4
4766	4
4767	4
4768	1
4769	2
4770	3
4771	3
4772	1
4773	3
21158	1
4774	2
4775	7
4776	3
4777	2
4778	3
4779	2
4780	4
4781	1
21165	1
4782	2
4783	1
21167	1
4784	2
4785	4
4786	2
4787	3
4788	1
4789	4
4790	4
4791	1
4792	4
21176	1
4793	3
4794	5
4795	4
21180	1
4796	2
4797	2
4798	2
4799	3
21183	1
4800	2
4801	2
4802	3
4804	6
4805	7
4806	2
4807	1
21191	1
4808	6
21193	1
4809	4
4810	7
4811	8
21196	1
4812	1
4814	2
21199	1
4815	1
21200	1
4816	3
4817	4
4818	2
4819	5
4820	4
4821	2
4822	4
4823	4
21207	1
4824	5
4825	3
21209	1
4826	2
4827	6
4828	5
4830	1
4831	3
21215	1
4832	1
4833	3
4834	2
21218	1
4835	5
4836	2
4837	5
4838	2
4839	1
4841	2
4842	1
4843	3
21227	1
4844	3
4845	4
4846	5
4847	1
4848	4
4849	2
4850	3
4851	5
4852	3
4853	2
4854	1
4855	5
4856	3
4857	3
4858	1
4859	4
4860	4
4861	4
4862	2
4863	1
4864	1
4866	1
21251	1
4867	1
4868	5
4869	6
4870	2
4871	1
4872	5
4873	5
21257	1
4874	2
21258	1
4875	4
4876	3
4877	2
4878	4
4879	3
21263	1
4880	4
21264	1
4881	3
4882	3
4883	4
4884	4
21269	1
4885	2
4886	1
21270	1
4887	3
21271	1
4888	2
4889	1
4890	5
4891	2
4892	4
4893	3
4894	2
4895	1
4896	5
4897	3
21281	2
4898	3
4899	5
4900	2
4901	4
4902	1
4903	4
4904	2
4905	4
4906	5
4907	1
21291	1
4908	5
4909	2
21293	1
4910	1
4912	4
21297	2
4914	2
4915	4
4916	2
4917	3
4919	3
21303	1
4920	3
4921	4
21305	1
4922	3
4924	2
21308	1
4925	1
4927	3
4928	5
4929	1
4930	3
4931	1
21315	1
4932	4
4933	7
4934	3
21319	1
4936	2
4937	3
4938	2
4939	2
4940	2
4941	2
4943	1
4944	7
4945	3
4946	5
4947	4
4948	1
4949	2
21334	1
4950	1
4951	5
21335	1
4952	2
21336	1
4953	1
4954	2
4955	2
4957	3
4958	1
4959	3
4960	5
4961	1
4962	6
4963	2
4964	1
4965	5
21350	1
4966	1
4967	3
4968	4
4969	3
4970	2
4971	3
21355	2
4972	2
21357	1
4974	2
4975	3
4976	4
21360	1
4977	1
4978	3
21362	1
4979	2
4980	3
4981	1
4983	2
4984	5
4985	3
4986	2
4987	3
4988	4
4989	2
4990	5
4991	2
4992	3
4993	1
4994	2
4995	2
4996	2
4997	2
4998	2
21382	1
4999	4
5000	2
21385	1
5001	1
5002	4
5003	5
5004	2
5005	2
5006	2
21390	1
5007	3
5008	2
21392	1
21393	2
5009	1
5010	2
5011	3
5012	1
5014	5
5015	1
5017	2
5018	3
5019	2
5020	3
5021	4
5022	3
5024	3
5025	3
5026	3
5027	1
5028	2
5029	1
5030	3
5031	1
21416	1
5032	1
5033	3
5035	2
5036	1
5037	4
5038	2
21422	1
5040	1
5041	5
5042	1
21426	1
5043	3
21427	1
5044	2
5045	4
5046	1
5047	3
5048	2
5049	6
5050	2
5051	3
5052	5
5053	4
5054	4
5055	2
5056	1
5057	5
5058	3
5059	4
21443	1
5060	3
5061	5
5062	1
5063	5
5064	6
21448	1
5065	4
5066	1
21450	1
5067	4
5068	2
5069	2
5070	3
5071	6
5072	2
5073	2
5074	5
5075	5
5076	1
5077	2
5078	3
5079	4
5080	3
21464	1
5081	2
5082	3
5083	2
5084	3
5085	2
5086	5
5087	5
5089	4
5090	1
5091	2
21476	1
5092	2
5093	2
5095	1
5096	1
5098	1
5099	2
5100	3
5101	2
5102	3
21486	1
21487	1
5103	3
5104	3
5105	4
5106	2
5107	3
5108	4
5109	1
5111	3
5113	5
5114	3
5115	5
5116	4
5117	3
5118	5
5119	1
21504	1
5120	2
5121	3
5122	2
5123	6
5124	2
5126	3
5127	2
5128	2
5129	3
5130	2
5131	1
5132	1
5133	2
5134	3
5135	3
5136	2
5137	4
5138	5
5139	3
5140	1
5141	2
21525	1
5142	2
5143	3
21527	1
5144	2
5145	4
5146	2
5147	3
5148	2
21532	1
5149	5
5150	4
5151	2
21536	1
5153	2
5154	3
21538	1
5155	4
5156	3
5157	2
21541	1
5158	2
5159	1
21543	1
5160	2
5162	3
5163	1
5164	2
5165	2
5166	2
5167	1
5168	2
5169	3
5170	4
5171	2
5172	4
5173	2
5174	3
5175	1
5176	1
5177	4
5178	3
5179	2
5180	3
5181	3
5182	1
5183	3
5184	2
21568	1
5185	2
5187	3
5188	3
21572	1
5189	1
21573	1
5190	4
5191	2
21575	1
5192	3
5193	1
5194	3
5195	2
5196	2
5197	4
5198	3
5199	2
5200	3
5201	2
21585	1
5202	5
5203	6
5204	4
5205	3
5206	2
5207	1
5208	3
5209	1
5210	1
5211	5
5212	4
5213	2
5214	1
5215	1
5216	4
5218	2
5219	1
5220	3
5221	2
5222	5
5223	5
5224	2
5225	5
5227	2
21611	1
5229	3
5230	2
21615	1
5231	2
21616	1
5232	3
5233	4
5234	2
5235	5
5236	1
5237	1
5238	2
5239	2
5240	3
5241	1
5242	3
5243	1
5244	1
5245	1
5246	2
5247	2
5248	2
21632	1
5249	1
5251	4
5252	4
5253	1
5254	3
5255	2
5256	3
5257	4
21641	1
5258	4
5259	2
5260	1
5261	5
5262	1
5263	2
5264	2
5265	4
5266	3
5267	4
5268	4
5269	4
21653	1
5270	5
5271	6
21655	1
5272	3
21656	1
5273	2
5274	3
5275	2
5276	5
5277	3
5279	1
5280	3
5281	2
5282	5
5283	2
21667	1
5285	2
5286	1
21670	1
5287	5
5288	1
5290	1
5291	3
5292	3
21676	1
5293	1
5294	2
5295	2
5296	1
21680	1
5297	2
5298	2
5300	4
21684	1
5302	3
5304	3
5305	5
5307	3
5309	2
5310	1
21694	1
5311	5
5312	2
21696	1
5314	1
5316	3
5317	4
21701	1
5318	5
5319	4
5320	2
5321	3
5322	1
5323	2
21707	1
5324	1
5325	2
5326	2
5327	2
5328	3
5329	3
5330	3
5332	2
5333	2
5334	2
5335	2
5336	5
5337	1
5338	3
5339	1
5340	4
5341	3
5342	4
5344	2
5346	3
5347	2
5348	1
5349	2
5350	7
5351	2
5352	3
5353	2
21737	1
5354	3
5355	2
5357	4
5358	2
5359	1
5360	4
5361	1
5362	1
5363	4
5364	1
5365	3
5366	3
5367	1
5368	6
5369	3
5371	4
5372	2
5373	1
5374	2
5375	1
21760	1
5376	1
5377	2
21762	1
5379	2
5381	2
5383	2
5384	1
5385	2
5386	3
21770	1
5387	6
5388	4
5389	2
5390	2
5391	3
5393	3
5394	2
5395	3
5396	2
5397	3
5398	1
5399	1
5400	3
5401	3
5402	3
5404	1
5405	2
5406	3
5407	1
5408	1
5409	7
5410	6
5411	4
5412	1
21796	1
5413	5
5414	6
5415	2
5416	3
5417	2
5418	1
5419	3
21804	1
5420	2
5422	8
5423	2
5424	1
5426	3
5427	4
5428	2
5429	5
5430	1
5431	1
5432	1
21816	1
5433	4
5434	5
5435	3
5436	3
5437	4
21821	1
5438	2
5440	1
5441	2
5442	2
5443	3
5444	2
5445	5
5446	5
5447	2
5448	2
21832	1
5449	2
21833	1
5452	5
5453	1
5454	3
5455	4
5456	2
5457	1
5458	1
5459	2
5460	1
5462	3
5463	2
5464	3
5465	4
5466	1
5467	3
21851	1
5468	2
5469	1
5470	1
21854	1
5471	2
5472	1
5473	1
5475	2
5476	1
21860	1
5477	1
5478	2
5479	6
5480	1
5481	2
5482	1
5483	1
5484	3
5485	3
5486	6
5487	5
5488	3
5489	1
5490	2
5491	2
5492	2
5493	2
5494	2
5495	2
5497	3
5498	5
5499	2
5501	3
5502	3
5503	2
5504	4
5505	1
5506	2
5507	4
5508	2
5509	5
21893	1
5510	2
5511	2
5512	4
5513	3
5514	1
21899	1
5515	4
5516	3
5517	3
5518	1
5519	4
5520	2
5521	4
5522	2
5523	1
5525	5
5526	3
5527	3
5528	3
5529	2
5530	1
5531	3
5532	1
5533	1
5534	1
5535	3
21919	1
5536	2
21920	1
5537	2
21923	1
5540	2
5541	3
21925	1
5542	3
5543	1
5544	2
5545	2
5546	5
5548	2
5550	4
5551	2
5552	2
5553	4
5554	1
5555	4
5556	3
5557	3
5558	1
5560	1
5561	5
5562	3
5563	2
5564	6
5565	1
5566	2
5567	4
5568	3
5569	2
5571	6
5572	2
5573	3
5574	2
5575	2
5576	1
5577	3
5578	1
5579	4
21963	1
5580	1
5581	1
5582	4
5583	2
5584	2
5585	2
5586	4
5587	1
5588	1
5589	4
5590	1
5591	2
5592	3
5593	1
5594	4
5595	1
5596	1
5597	5
5598	1
5600	4
5601	3
5602	1
5604	3
5605	2
5606	2
5607	1
5608	7
5609	2
5611	3
5613	2
5615	1
5616	2
5617	2
5618	3
5619	4
5620	7
5621	1
5622	4
5623	3
22008	1
5624	3
5625	2
5626	4
5627	4
22012	1
5630	5
5631	4
5632	3
5633	5
5635	2
5637	1
5638	2
5639	3
5640	1
5641	1
5643	3
5644	2
5645	6
5646	2
5647	3
5649	2
5650	2
5651	2
5652	1
5653	4
5654	2
5655	2
22040	1
5657	1
5658	4
5659	2
5661	1
5662	3
5663	2
5664	1
5665	3
22049	1
5666	1
22051	1
5668	1
5669	4
5670	3
5671	2
5672	1
5673	2
22058	1
5674	3
5675	1
5676	3
5677	7
5678	3
22062	1
5680	1
5681	3
5682	1
5683	4
5684	2
5685	1
5686	3
5687	3
5688	3
5689	1
5690	3
5691	4
5692	5
5693	3
5694	1
5695	3
5696	3
5697	1
5699	3
5700	1
22086	1
5703	1
5704	1
5706	3
5707	1
5708	2
5709	1
5711	2
5712	2
5713	3
5714	2
5716	5
5717	4
5718	3
5720	2
5721	2
5722	3
5723	2
5724	1
5725	2
5726	2
22110	2
5727	2
5728	2
5729	1
5730	2
5731	3
5732	3
5733	2
5734	2
5735	6
5736	3
5737	5
5738	2
5740	5
5741	2
5742	3
5743	2
5744	1
5745	1
5746	1
22131	1
5748	3
5749	1
5750	5
5751	2
5752	3
5753	2
5754	1
5755	4
5756	2
5757	1
5758	4
5759	1
5760	3
5761	3
5762	2
22146	1
5764	2
5765	4
5766	2
5767	1
5768	5
5769	3
5770	3
5771	2
5773	1
5774	5
5775	1
5776	3
5778	1
5779	1
5781	4
5782	2
5784	2
22168	1
5785	2
5786	3
5787	3
5788	1
22173	1
5789	2
5790	4
5791	3
5792	2
5793	1
5794	4
5795	3
5796	1
5797	2
5798	3
5799	1
22183	1
5800	5
5801	2
5802	3
5803	2
5804	3
5805	3
5806	2
5807	3
5808	2
5809	4
5810	1
22195	1
5811	3
5812	3
5813	2
22197	1
5814	4
5815	2
22199	1
5816	2
5817	1
5818	2
5819	2
5820	2
5821	1
5822	1
5823	1
5824	2
5825	6
5826	4
22210	1
5827	1
5828	2
5829	1
5830	2
5831	4
5832	3
5833	1
5834	2
5835	4
5836	2
5837	3
22221	1
5838	2
5839	2
5840	4
5841	5
5842	5
5843	3
22227	1
5844	2
5845	5
5846	3
5847	4
5848	3
5849	1
5850	1
5852	3
5853	2
5854	2
22239	1
5855	1
5856	3
5857	2
5858	3
5859	1
5860	3
5861	2
5862	2
5863	2
5864	2
5865	1
5867	5
5868	1
5870	1
5871	3
5872	1
5873	1
5874	3
5875	4
5876	2
5878	2
5879	3
5880	2
5881	3
5882	2
5883	1
5885	3
5886	3
22270	1
5887	2
5888	3
5889	1
5890	1
5891	2
5892	1
5893	1
5894	4
5895	1
5897	3
5898	5
5899	2
22283	1
5900	1
5901	4
5903	2
5904	4
5905	3
22289	1
5906	2
5907	2
5909	2
5910	3
5911	1
22295	1
5912	5
5913	1
5914	1
22298	1
5915	2
5917	2
5918	3
5919	1
5920	1
5921	5
5922	1
5923	1
5924	1
5925	1
5926	4
5927	4
5928	1
22313	1
5930	3
5932	4
5934	3
5935	2
5936	3
5937	2
5938	4
22322	1
5939	1
22324	1
5940	1
5942	3
5943	3
5944	4
5945	2
5946	2
5947	1
5948	1
5949	9
5950	1
5951	3
5952	4
5953	2
5954	2
5955	5
5957	1
5959	2
5960	1
5961	3
5962	2
5963	4
5964	2
5965	2
5966	1
5967	2
5970	3
5971	4
5972	1
5973	5
5974	3
5975	1
5978	3
5979	2
22363	1
5980	3
5981	2
5982	1
5983	1
5984	1
5985	2
5986	2
5987	4
5988	2
5989	4
5990	3
5992	1
5993	5
5994	2
5995	4
22381	1
5998	1
5999	2
6001	2
6002	2
22386	1
6003	1
6004	3
6005	1
22390	1
6007	1
6008	2
6009	1
6010	1
6011	2
6012	3
6013	2
6014	1
22398	1
6015	1
6016	4
6017	1
6019	1
6020	2
6021	1
6022	2
6023	2
6024	4
6025	4
6026	2
6027	1
6030	2
6031	2
6032	1
6033	3
6035	1
6036	2
6039	1
6040	4
6041	2
22425	1
6042	3
6044	1
6046	5
6048	1
6049	4
6050	3
6051	4
6052	2
6053	3
6054	3
6055	2
6056	2
6057	3
6058	1
6059	1
6061	2
6062	3
6063	1
22447	1
6064	3
6065	2
6066	3
6067	5
6068	1
6069	4
6070	4
6071	3
6072	1
6073	4
6074	3
6075	2
6076	1
6077	4
6078	7
6079	2
6081	1
6082	5
6083	2
6084	2
6085	1
6086	2
6087	4
6089	3
6090	3
6091	2
6092	3
6093	3
6094	2
6095	1
6097	3
6098	3
6099	3
6100	2
6101	1
6102	2
22487	1
6104	5
6105	3
6106	3
22490	1
6107	1
6108	1
6109	1
6110	4
6111	1
6112	2
6113	1
6114	4
6115	4
6116	4
6119	2
6120	1
6121	4
6123	1
6124	4
6125	1
6126	3
6127	1
6128	1
6129	3
6130	2
6131	2
6132	5
6133	1
6134	3
6136	4
22520	1
6138	2
6139	4
6140	3
6141	2
6142	2
6143	1
6145	1
6146	3
6147	2
6148	3
6149	4
22534	1
6151	2
6152	3
6153	3
6156	4
6157	1
6158	1
6159	2
6160	1
6161	2
6162	2
6164	7
6165	3
6166	3
6168	1
6169	3
6170	2
6171	2
6172	1
6173	2
6174	2
6176	3
6177	2
6178	4
6179	2
6180	3
6181	3
6182	2
6183	1
6184	1
22568	1
6185	3
6186	4
6187	2
6188	2
6189	2
6190	2
6192	3
6193	2
6195	3
6196	3
6197	3
22581	1
6198	4
6199	4
6200	2
6201	1
6202	1
6203	2
6204	1
6205	2
6206	2
6207	2
6208	2
6209	3
6210	1
6211	1
6213	3
6214	2
6215	3
22599	1
6216	1
6217	3
6218	1
6219	1
6220	1
6221	3
6222	3
6223	2
6224	2
6225	2
6226	3
6227	1
6228	2
6229	1
6231	2
6232	2
6233	1
6234	3
6235	2
6236	1
6238	1
6239	3
6240	3
6241	1
6243	2
6244	3
6245	1
6246	2
6247	1
6248	2
6249	2
6250	2
6251	2
6252	1
6253	7
6255	1
6256	2
6257	2
6258	1
6259	2
6260	2
6261	2
6262	2
6265	2
6266	3
6267	1
6268	1
6269	3
6270	2
6271	3
6272	3
6273	1
6274	3
22658	1
6275	2
6276	1
6277	2
6278	1
6280	2
6281	1
6283	2
6284	1
6285	1
6286	2
22670	1
6287	2
6288	2
6289	3
6290	3
6291	2
6292	1
6293	1
6294	3
6295	5
6296	1
6297	2
6299	3
6301	1
6302	4
6303	1
6304	2
6305	4
6306	2
6307	2
6309	2
6310	1
6311	2
6312	2
6313	1
6315	4
6316	1
6317	3
6318	4
6319	3
6320	3
6321	1
6322	2
6323	2
6324	2
6327	3
6328	2
6329	4
6330	1
6332	2
6333	4
6335	1
6336	3
6338	4
6339	1
6340	1
6341	5
6342	1
6344	2
6346	3
6347	3
6348	5
6350	1
6351	3
6352	2
6353	2
6354	1
6355	1
6356	3
6357	1
6358	3
6361	5
6362	3
6363	2
6364	3
6365	3
6366	2
6367	2
6368	3
6369	2
6370	3
6371	3
6372	1
6374	2
6375	3
6376	3
6377	4
6378	3
6379	1
22763	1
6380	1
6381	2
6382	4
6383	5
6384	1
6385	4
22769	1
6386	2
6387	2
6388	4
6389	1
6390	1
6391	1
6392	3
6393	1
6394	1
6395	3
6396	2
6398	2
6399	2
6400	1
6401	1
6402	1
6404	2
6405	2
6406	3
6407	1
6409	1
6410	3
6411	6
6412	2
6413	2
6414	2
6415	3
6417	1
6418	2
6419	7
6420	1
6421	4
6423	2
6424	1
6425	1
6426	5
6427	4
6428	2
6429	1
6430	1
6431	1
6432	3
6433	1
6436	2
6438	2
6439	5
6440	1
6441	4
6442	2
6443	2
6444	2
6445	1
6446	1
6447	3
6448	3
6449	3
6450	3
6451	1
6452	2
6453	4
6454	1
6455	5
6456	5
6457	3
6458	3
6459	2
6460	1
6461	4
6465	3
6466	1
6467	3
6468	1
6469	2
6470	5
6471	2
22856	1
6473	2
6474	2
6475	1
6476	2
6477	1
6479	2
6480	2
6482	2
6483	1
6484	1
6485	3
6487	2
6488	3
6489	4
22873	1
6490	2
6491	4
6493	1
6494	1
6498	2
6499	1
6501	2
6503	1
6504	2
6505	2
6506	2
6507	1
6508	1
6509	2
6510	2
6511	1
6512	2
6513	2
6514	1
6515	3
6516	1
6520	2
6521	2
6522	1
6524	2
6525	1
6526	3
22910	1
6527	1
6528	1
6530	4
6531	2
6532	3
6533	5
6534	2
6535	1
6536	1
6538	1
6539	3
6540	1
22925	1
6542	4
6544	3
6545	1
6547	4
6550	4
6551	3
6552	1
6553	1
6555	1
6556	4
6557	2
6559	3
6560	1
6561	1
6562	2
6563	1
6564	4
22948	1
6565	3
6566	2
6567	2
6568	1
6569	3
6571	1
6572	2
6573	1
6574	2
6576	1
6577	3
6580	4
6584	3
6585	1
6586	1
6587	1
6589	3
6590	4
6591	1
6594	1
6595	3
6596	2
6597	2
6599	2
6600	3
6602	1
6603	3
6605	3
6606	3
22990	1
6607	1
6608	1
6609	5
6613	3
6614	3
6615	2
6616	3
6617	1
6618	1
6619	2
6622	3
6623	1
6624	3
6626	2
6627	1
6628	3
6629	1
6630	3
6631	1
6632	1
6633	2
6634	1
6635	1
6636	1
6637	1
6638	1
6639	1
6641	1
6642	3
6643	3
6644	1
6645	5
6646	4
6647	1
6648	1
6650	3
6651	1
6652	2
6653	1
6654	1
6656	1
6657	1
6658	2
6660	5
6661	1
6662	1
6663	2
6664	1
6665	1
6666	5
6667	2
6668	4
6670	2
6672	3
6673	2
6674	1
6675	2
6676	2
6677	2
6678	2
6679	3
6680	2
6681	2
6682	2
6684	4
6685	3
23069	1
6686	2
6688	1
6689	1
6690	1
6691	2
6693	1
6695	1
6697	2
6698	1
6700	1
6701	5
6703	2
6704	1
6705	3
6706	3
6707	1
6708	4
6709	2
6710	4
23094	1
6711	1
6712	1
6714	1
6715	4
6717	1
6719	2
6720	2
6721	2
6722	2
6723	1
6724	3
6725	3
6726	2
6727	1
6728	2
6729	3
6730	2
6733	2
6734	2
6735	3
6736	2
6737	5
6738	1
6739	2
6740	2
6741	2
6742	1
6743	1
6745	4
6746	1
6747	2
6748	1
6749	1
6751	2
6752	2
6753	3
6755	4
6757	1
6758	1
6760	2
6761	1
6762	3
6763	1
6764	2
6765	5
6766	1
6768	3
6769	2
6774	1
6775	2
6776	1
6778	2
6779	2
6781	2
23166	1
6782	1
6783	2
6784	1
6785	1
6786	1
6787	2
6788	1
6789	2
6790	2
6791	1
6792	2
6793	2
6794	2
6795	2
6796	2
6797	2
6798	1
6799	2
6800	3
6801	2
6802	2
6803	4
6804	1
6806	1
6807	2
6808	3
6809	1
6811	1
6812	1
6813	1
6814	1
6815	1
6816	2
6819	1
6820	1
6821	1
6822	1
6823	1
6824	1
6826	3
6827	1
6828	4
6829	2
6830	2
6831	3
6834	1
6835	2
6836	1
6837	4
6839	5
6841	1
6843	1
6844	1
6846	1
6847	3
6848	2
6851	3
6852	1
6853	2
6854	2
6855	1
6857	3
6859	1
6860	3
6862	1
6863	2
6864	1
6865	2
6866	1
6868	1
6869	3
6871	3
6872	3
6873	2
6874	1
6875	1
6877	4
6878	3
6879	1
6880	2
6881	2
6882	2
6883	1
6884	2
6885	4
6886	1
6887	3
6888	2
6890	1
6891	5
6893	4
6895	3
23281	1
6897	1
6898	1
6900	3
6901	3
6902	1
6903	3
6904	2
6905	2
6908	1
6909	2
6911	1
6914	2
6915	1
6916	1
6917	1
6918	1
6919	2
6920	4
6921	3
6922	2
6923	4
6924	1
6926	2
6927	3
6928	1
6929	1
6930	3
6931	1
6932	1
6933	2
6934	1
6935	1
6936	1
6937	3
6938	1
6940	1
6942	3
6943	3
6944	2
6946	1
6947	5
6948	3
6949	1
6951	2
6952	1
23337	1
6954	2
6955	2
6957	3
6958	2
6959	2
6960	1
6961	2
6962	2
6965	2
6967	3
6969	2
6971	1
6972	1
6973	2
6974	2
6976	2
6977	2
6978	2
6979	2
6981	1
6982	3
6983	1
6984	2
6985	1
6987	1
6988	2
6989	2
6990	1
6991	1
6992	3
6993	2
6994	3
6995	3
6996	1
6997	2
6998	1
6999	1
7001	1
7002	1
7003	2
7004	1
23388	1
7005	2
7006	2
7007	3
7009	1
7010	1
7011	1
7012	3
7013	1
7015	1
7016	2
7017	6
7018	1
7019	1
7020	2
7021	3
7022	2
7023	1
7025	1
7026	1
7028	1
7029	2
7030	3
7031	1
7033	1
23417	1
7034	1
7035	3
7038	2
7040	1
7041	2
7042	2
7046	1
7047	2
7050	3
7051	2
7052	2
7053	1
7055	1
7056	1
7057	1
7058	1
7059	1
7061	1
7062	1
7063	3
7064	2
7066	1
7067	2
7068	1
7069	1
7070	2
7071	1
7072	2
7073	3
7074	4
7075	2
7076	1
7077	1
7078	1
7079	6
7080	2
7085	1
7086	2
7087	3
7088	3
7089	3
7090	1
7091	2
7092	3
7093	1
7094	2
7095	1
23479	1
7096	3
7097	3
7098	4
7099	1
7100	2
7103	3
7104	1
7105	3
7106	3
7107	1
7109	1
7110	1
7111	1
7113	1
7114	1
7115	1
23500	1
7118	2
23503	1
7120	2
7121	1
7122	2
7124	1
7125	1
7126	5
7127	2
7128	5
7130	4
7131	2
7133	3
7134	2
7135	1
7136	1
7137	1
7138	2
7139	2
7140	3
7141	1
7142	1
7144	1
7145	4
7146	2
7147	4
7148	4
7149	2
7150	2
7152	2
7153	3
7154	3
7156	1
7158	2
7160	2
7161	1
7162	1
7164	3
7165	1
7166	1
7168	2
7169	3
7170	1
7172	2
7174	1
7175	2
7176	2
7177	1
7178	2
7179	1
7180	2
7181	1
7182	1
7183	5
7184	1
7188	3
7189	2
7190	2
7192	1
7195	1
7196	2
7198	4
7199	3
7202	3
7203	2
7204	2
7205	5
7206	4
7207	2
23591	1
7208	2
23593	1
7209	5
7210	4
7211	1
7212	2
7213	1
7214	2
7215	1
7216	2
7217	4
7220	2
7222	3
7223	1
7224	1
7225	1
7226	2
7227	3
7228	4
7229	2
7230	2
7231	1
7232	3
7233	2
7234	2
7235	3
7236	1
7238	1
23622	1
7239	1
7240	2
23625	1
7241	1
7245	1
7246	1
7247	2
7248	1
7249	2
7251	1
7252	1
7255	2
7257	1
7258	1
7259	3
7260	2
7261	1
7262	2
7263	2
7265	1
7267	3
7269	3
7270	2
7272	1
7273	2
7274	3
7275	1
7276	2
7277	2
7279	1
7280	2
7284	2
7285	1
7286	1
7289	2
7290	2
7291	1
7292	2
7296	1
7297	3
7299	1
7300	2
7301	1
7302	2
7303	1
7304	2
7305	3
7306	1
7308	1
7310	2
7311	1
7312	3
7314	3
7315	2
7317	1
7318	1
7319	2
7320	2
7321	1
7322	2
7324	1
7325	2
7326	1
7328	2
7330	2
7331	2
7332	2
7333	1
7334	2
7335	1
7337	1
7339	1
7340	1
7341	1
23726	1
7342	1
23727	1
7343	1
7345	1
23729	1
7346	3
23730	1
7347	1
23731	1
7348	1
23732	1
23733	1
7350	1
23734	1
23735	1
7352	3
23736	1
7353	2
7355	1
7357	1
7358	4
7359	2
7360	4
7361	2
7362	1
7364	1
7365	2
7366	2
23750	1
7367	1
7368	2
7371	1
7372	1
7373	1
7374	1
7376	2
7378	2
7384	1
7385	3
23770	1
7386	1
7388	1
23772	1
7389	1
7390	1
7391	2
7392	1
7393	3
7394	2
23779	1
7395	2
7396	3
7398	5
7400	1
23785	1
7401	1
7402	1
7404	1
7405	2
7408	3
7409	1
23793	1
7410	1
7414	1
23798	1
7415	2
7416	1
7418	1
7419	2
7420	2
23805	1
7423	2
7424	1
7425	2
7426	1
7427	3
23813	1
7429	2
7431	3
7432	3
7433	3
7434	4
7435	2
7436	1
7437	3
7438	1
7439	2
7440	1
7441	3
23826	1
7443	1
23827	1
7444	3
7445	3
23831	1
7447	1
7448	3
23832	1
23833	1
7449	2
23834	1
23835	1
7451	1
23836	1
7453	2
23837	1
7454	3
23838	1
23839	1
7456	1
23840	1
7457	3
23841	1
23842	1
7458	1
7459	1
23843	1
23844	1
23845	1
7462	1
23846	1
23847	1
7464	1
7466	1
7467	1
7468	1
7470	1
7471	3
7473	1
7474	2
7476	2
7477	1
7478	4
7479	2
7480	1
7481	1
7482	1
7483	1
7484	1
7485	1
7486	2
7487	3
7489	1
23876	1
7493	4
7494	2
7495	1
7496	1
7497	1
7498	1
7499	3
7500	2
7501	1
7502	2
7504	2
7505	1
7506	1
7508	1
7509	3
23894	1
7510	1
7512	2
7515	2
7516	3
7517	2
7519	2
7522	1
7523	1
7526	2
7528	2
7529	1
7533	2
23918	1
7535	1
23919	1
7536	1
7537	2
7538	2
7539	1
7540	1
7542	1
7543	2
23927	1
7545	2
7547	2
7548	2
7549	1
7552	2
7555	1
7556	1
7558	1
23943	1
7561	1
7562	2
7564	6
7565	1
7566	1
7572	1
7573	1
23959	1
7578	1
7579	3
7580	2
7581	2
7582	1
7583	1
23967	1
7584	3
7585	1
7586	2
7587	4
7590	2
7591	2
7592	3
23976	1
7593	1
7594	1
7595	2
7596	2
7597	3
7598	1
7599	1
7600	2
7602	1
7605	2
7606	1
7607	1
7608	3
7609	1
7610	2
7611	2
7614	2
7615	1
7616	2
7619	2
7620	2
7621	1
7622	1
7623	1
7624	1
7625	2
7626	1
7627	1
7628	1
7629	1
7630	3
7631	2
7636	1
7637	3
7639	1
7640	1
7641	2
7642	1
7643	2
7644	1
7646	1
7647	4
7649	2
7652	2
7655	2
7656	1
7657	3
7658	1
7659	3
7661	3
7664	2
7665	1
7666	2
7667	2
7668	2
7669	5
7670	2
7674	1
7675	3
7676	2
7677	1
7678	1
7683	1
7684	2
7685	1
7686	1
7687	1
7688	3
7691	1
7695	2
7697	3
24082	1
7701	2
7703	3
7704	1
7705	2
7706	2
7707	3
7708	4
7709	3
7710	1
7713	1
7714	1
7715	2
7716	2
7717	1
7718	2
7719	1
7720	1
7722	1
7724	1
7727	1
7728	1
7731	1
7732	1
7733	1
7734	1
24120	1
7736	1
7737	1
7738	1
7739	2
7744	2
7747	2
7748	1
7750	2
7751	1
7753	2
24138	1
7754	1
7756	2
7757	1
7760	1
7761	1
7762	1
24147	1
7764	2
7765	2
7766	1
7768	1
7769	1
7771	3
24156	1
7772	1
7774	1
7775	1
7776	1
7777	1
7778	2
7779	1
7780	3
7781	1
7784	3
7785	1
7787	1
7788	2
7789	4
7790	1
7791	2
7792	3
7794	2
7797	1
7798	1
7799	1
7802	3
7803	1
7804	2
7806	2
7808	1
7810	2
7811	1
7812	1
7814	1
7815	1
7818	3
7820	1
24205	1
7823	1
7824	1
7825	2
7826	1
7827	2
7828	1
7829	2
7830	2
7831	1
7832	1
7835	1
7837	1
7840	3
7842	2
7844	2
7845	1
7847	1
7848	3
7849	2
7850	2
7851	2
7852	1
7853	1
7854	2
7858	1
7860	2
7861	1
7864	2
7865	1
7866	1
7868	1
7870	2
7873	1
7875	1
7876	3
7877	1
7879	1
7880	1
7881	1
7884	1
7887	1
7888	3
7890	1
7891	1
7892	1
7893	1
7894	1
7896	1
7897	3
7898	1
7900	1
7901	1
7902	2
7903	2
7904	1
7905	1
7907	1
7908	1
7909	2
7911	3
7912	2
7915	2
7916	1
7917	4
7918	1
7919	1
7920	1
7922	3
7923	2
7924	3
7925	1
7928	1
7929	1
7934	1
7935	1
7937	1
7938	1
7939	3
7940	1
7941	1
7942	2
7944	1
7946	1
7947	1
7948	3
24334	1
7952	1
7953	1
7958	1
7959	1
7961	1
7962	3
7965	1
7966	1
7967	1
7968	2
7971	2
7974	1
7975	2
7978	1
7980	1
24365	1
7981	1
7985	1
24373	1
7991	1
7995	3
7999	1
8000	1
8003	1
8004	1
8005	1
8008	2
8009	1
8010	1
8011	1
8012	1
8013	2
8015	1
8016	2
8017	2
8018	1
8019	2
8020	1
8021	3
8023	1
8025	2
8026	1
8027	2
8028	1
8029	2
8030	1
8034	2
8036	1
8037	1
8038	1
8041	3
8042	1
8043	1
8044	1
8045	1
8048	1
8049	1
8050	3
8052	1
8053	2
8054	2
8055	1
8057	2
8061	3
8063	1
8064	1
8066	2
8067	1
8068	1
8069	3
8070	2
24456	1
8075	1
8076	1
8077	2
8078	2
8080	3
8081	1
8082	3
8085	1
8087	1
8089	2
8090	2
8091	2
8092	3
8093	2
8094	1
8098	5
8100	1
8101	1
8102	3
8103	1
8107	1
8108	1
8109	2
8110	3
8111	3
8112	1
8113	2
8114	3
8117	1
8121	2
8122	2
8123	2
8125	1
8126	1
8128	4
8129	1
8130	1
8133	1
8134	2
8135	1
8136	1
8137	1
8138	1
8140	2
8142	1
8143	1
8148	1
8149	1
8151	1
8152	2
8153	1
8154	3
8156	2
8157	1
8158	3
8163	1
8164	1
8166	2
8168	1
8173	1
8174	1
8175	2
8176	3
8177	2
8178	1
8179	1
8182	1
24567	1
8183	1
8185	1
8188	1
24572	1
8189	1
8192	1
8194	1
8195	1
8198	2
8201	1
8202	3
8203	1
8206	1
8211	1
8212	2
8213	2
8214	2
8217	2
8218	1
8224	1
8227	1
8231	1
8232	1
8234	4
8239	1
8240	2
24624	1
8241	2
8247	2
8249	1
8250	1
8251	1
8252	2
8253	1
8254	2
8256	4
8257	1
8258	1
8260	2
8261	1
8262	1
8263	1
8264	1
8266	2
8267	1
8269	1
8270	1
8273	2
8274	1
8280	1
8282	2
8283	2
8284	3
8285	1
8286	2
8288	1
8291	1
8292	2
8293	2
8294	1
8295	1
8296	1
8298	1
8299	1
8300	2
8301	2
8302	2
8303	2
8306	2
8307	1
8309	2
8310	1
8312	1
8313	1
24697	1
8316	2
8318	2
8324	1
8325	2
8327	2
8328	1
24713	1
8330	1
8331	2
8332	2
8333	1
8334	2
8335	2
8337	1
8338	1
8339	1
8341	1
8342	4
8346	1
8348	1
8354	2
8356	1
8357	1
8359	3
8363	1
8364	3
8365	1
8372	1
8373	5
8374	1
8376	1
8377	1
8378	1
8379	1
8380	1
8381	2
8383	1
8385	2
8386	1
8387	2
8388	1
8389	2
8391	2
8397	1
8398	2
8400	2
8401	1
8402	1
8403	1
8404	1
8406	1
8411	1
8412	4
8415	1
24799	1
8419	1
8421	2
8422	1
8425	1
8427	2
8428	1
8430	2
8431	1
8432	1
8433	1
8436	4
8438	2
8439	1
8440	1
8441	1
8444	1
8445	1
8448	2
8449	1
8450	4
8451	1
8452	1
8454	1
8456	2
8458	2
8461	2
8462	1
8466	1
8467	1
8470	1
8471	2
8473	2
8474	2
8476	2
8477	1
8478	2
8479	1
8482	1
8486	2
8487	1
8492	1
8493	2
8494	2
8495	3
8496	1
8497	2
8499	1
8501	2
8502	2
8503	1
8510	1
8511	1
8513	1
8517	1
8518	2
8519	1
8525	2
8527	1
8528	1
8530	2
8532	1
8533	2
8535	1
8536	3
8537	1
8539	2
8542	1
8543	3
8544	2
8545	2
8546	1
8547	3
8552	2
8553	2
8554	1
8555	1
8558	1
8559	1
8561	1
8562	1
8563	1
24948	1
8566	1
8568	1
8571	2
8572	1
8573	1
8575	1
8576	1
8580	3
8581	1
8582	1
8583	1
8586	1
8587	1
8589	1
8590	1
8591	1
8592	1
8597	2
8599	2
8601	2
8604	2
8605	3
8606	1
8608	2
8613	1
8614	1
8617	1
8619	2
8622	2
8624	1
8625	2
8626	4
8627	1
8628	1
8631	3
8632	1
8633	1
25018	1
8635	1
8637	1
8645	1
8647	1
8648	2
8649	2
8650	3
8651	3
8654	1
8655	2
8657	2
8658	2
8659	1
8660	2
8661	1
8662	2
8664	1
8665	1
8666	1
8668	1
8669	3
8670	1
8672	2
8674	1
8675	3
8676	1
8678	2
8683	1
8688	1
8692	2
8693	1
8698	1
8700	1
8701	1
8702	3
8703	1
8706	1
8707	1
8708	1
8709	2
8710	1
8711	1
8713	2
8714	1
8716	1
8720	1
8721	2
8722	4
8723	1
8726	1
8727	1
8729	2
8733	2
8734	1
8738	1
8739	4
8742	1
8743	1
8744	1
8746	1
8747	2
8748	2
8751	1
8752	2
8755	1
8756	1
8757	2
8759	1
8760	2
8761	2
8762	1
8763	2
8765	2
8768	2
8770	1
8774	2
8778	1
8783	1
8784	1
8785	4
8786	1
8788	1
8790	1
8791	1
8792	3
8794	1
8795	1
8797	1
8798	1
8799	1
8801	2
8802	1
8803	1
8804	1
8807	2
8810	1
8811	3
8812	1
8816	1
8822	1
8824	1
8826	1
8828	2
8831	1
8834	1
8835	1
8836	2
8838	1
8839	2
8842	2
8844	1
8847	2
8849	1
8854	2
8855	1
8858	1
8860	2
8861	2
8862	1
8864	3
8866	1
8867	1
8870	1
8873	1
8874	1
8875	2
8877	4
8878	1
8879	2
8881	2
8883	2
8884	2
8888	1
8890	2
8894	3
8895	1
8897	1
8900	1
8901	2
8903	1
8904	2
8905	1
8906	3
8907	1
8908	1
8910	1
8912	1
8913	2
8914	1
8915	1
8917	1
8918	1
8920	1
8922	1
8923	1
8924	3
8926	1
8927	1
8929	2
8931	2
8933	2
8936	2
8938	1
8940	3
8943	1
8946	1
8947	4
8948	2
8950	1
8955	1
8960	1
8967	2
8969	1
8972	1
8975	1
8976	1
8977	1
8978	1
8979	1
8981	1
8982	1
8983	2
8985	2
8987	1
8990	1
8991	1
8992	1
8995	1
8998	1
8999	1
9000	1
9001	1
9006	1
9007	1
9008	1
9009	1
9012	3
9013	1
9015	1
9016	1
9021	1
9025	1
9030	1
9031	1
9032	2
9035	2
9036	1
9037	3
9038	2
9040	1
9041	1
9043	1
9047	2
9051	1
9054	1
9055	1
9056	2
9057	1
9058	1
9060	1
9061	1
9064	1
9067	1
9068	1
9070	1
9071	2
9073	1
9074	2
9075	2
9080	2
9082	1
9086	3
9088	1
9089	2
9091	1
9092	3
9093	1
9097	1
9099	1
25484	1
9106	1
9107	2
9108	2
9109	2
9112	1
9118	1
9122	1
9123	3
9124	1
9126	1
9128	2
9130	1
9132	1
9134	2
9140	1
9143	1
9144	1
9146	1
9147	2
9149	1
9150	1
9158	1
9159	1
9161	2
9163	2
9164	1
9165	1
9166	1
9167	1
9168	1
9171	1
9172	1
9173	1
9174	1
9175	2
9176	2
9179	1
9182	5
9183	2
9184	1
9185	1
9186	2
9187	1
9189	1
9191	1
9200	1
9202	1
9203	1
9204	1
9206	2
9207	1
9208	1
9214	1
9218	2
9219	2
9221	1
9222	1
9224	1
9226	1
9228	1
9229	1
9231	1
9232	1
9233	1
9235	2
9237	1
9238	1
9243	1
9250	1
9253	1
9256	1
9257	2
9258	1
9260	1
9267	1
9274	3
9275	1
9278	3
9279	1
9280	1
9281	1
9282	1
9283	1
9284	1
9286	2
9287	1
9288	1
9289	1
9292	1
9293	2
9294	1
9296	1
9297	1
9301	2
9306	1
9310	2
9313	3
9314	2
9318	1
9319	1
9322	2
9323	1
9325	1
9328	1
9335	1
9336	1
9338	3
25722	1
9339	1
25725	1
9342	2
9343	2
9344	1
9345	1
9350	1
9352	1
9356	1
9359	1
9360	2
9362	1
9365	1
9366	2
9367	2
9370	1
9371	1
9372	1
9375	1
9376	1
9378	2
9379	2
9380	1
9381	1
9382	3
9383	2
25768	1
9385	2
9388	1
9390	1
9391	2
9392	1
9393	1
9395	2
9396	1
9399	1
9400	1
9403	2
9405	1
9407	2
9410	1
9411	1
9413	2
9414	2
9415	1
9416	1
9422	1
9424	1
9426	2
9427	1
9428	1
9432	1
9435	1
9437	1
9438	1
9439	2
9441	1
9446	1
9448	1
9449	1
9450	1
9453	1
9454	2
9456	1
9457	1
9459	1
9462	1
9463	1
9464	1
9467	1
9468	1
9469	1
9474	2
9476	1
9479	2
9488	5
9489	2
9490	3
9491	1
9492	1
9496	2
9498	2
9500	1
9502	1
9503	1
9505	2
9507	1
9508	2
9515	1
9516	1
9520	1
9521	1
9522	1
9525	1
9530	2
9531	1
9532	1
9535	2
9536	1
9538	2
9544	1
9545	1
9548	1
9549	1
9551	1
9552	1
9554	1
9555	1
9557	1
9558	2
9561	1
9569	1
9571	2
9572	3
9577	1
9578	2
9579	1
9580	3
9581	2
9585	2
9592	1
9593	1
9595	1
9597	2
9604	2
9605	2
9607	1
9609	1
9612	1
9613	1
9617	1
9618	1
9620	2
9621	1
9624	1
9626	1
9627	2
9628	1
9629	1
9632	1
9639	1
9641	1
9644	1
9647	1
9648	2
9651	1
9652	1
9654	1
9655	2
9657	1
9658	1
9659	1
9660	3
9667	3
9668	1
9669	1
9670	1
9672	1
9673	1
9675	1
9676	1
9677	1
9678	1
9680	2
9682	1
9687	1
9691	1
9695	1
9696	1
9698	1
9699	2
9701	1
9704	1
9706	1
9710	2
9711	3
9712	3
9716	4
9723	1
9724	2
9732	1
9733	1
9736	1
9737	1
9739	1
9740	2
9741	1
9742	1
9746	2
9748	1
9754	3
9756	2
9758	1
9760	2
9761	1
9767	1
9768	1
9770	1
9772	1
9776	2
9779	1
9781	1
9785	1
9792	2
9794	1
9796	1
9797	1
9802	1
9803	2
9806	3
9808	1
9810	1
9816	1
9818	1
9821	2
9822	1
9823	1
9824	1
9827	1
9830	2
9831	2
9832	2
9834	2
9835	1
9839	1
9840	1
9847	1
9851	1
9861	1
9864	1
9868	2
9869	1
9877	1
9879	2
9882	1
9884	1
9885	1
9889	1
9893	2
9896	1
9897	2
9898	1
9900	1
9901	1
9902	1
9903	1
9904	1
9907	2
9910	1
9911	1
9912	1
9913	1
9918	1
9924	1
9928	2
9929	1
9930	2
9935	1
9937	1
9941	1
9942	1
9945	1
9952	1
9968	1
9969	1
9971	1
9978	1
9979	1
9981	2
9983	1
9987	1
9990	1
9991	2
9992	1
9995	1
10005	1
10007	1
10009	1
10010	1
10016	1
10028	1
10030	1
10032	1
10036	1
10037	1
10039	1
10042	2
10043	1
10044	1
10049	2
10050	2
10056	2
10057	2
10059	1
10060	1
10063	2
10065	2
10069	1
10074	2
10075	2
10076	1
10083	1
10084	1
10085	1
10087	1
10088	1
10091	1
10094	1
10097	1
10098	1
10101	1
10102	1
10105	1
10107	2
10108	1
10110	1
10111	1
10113	2
10114	1
10117	1
10119	1
10121	2
10125	1
10127	1
10129	1
10131	1
10133	1
10134	2
10135	1
10137	2
10141	3
10143	1
10144	2
10148	1
10150	1
10157	2
10159	1
10160	2
10161	2
10162	1
10163	2
10165	2
10166	1
10167	1
10169	1
10170	1
10171	1
10172	1
10175	2
10178	1
10179	1
10184	3
10187	1
10189	2
10191	1
10195	1
10201	2
10214	2
10215	1
10223	1
10226	1
10227	1
10228	1
10229	1
10233	1
10237	1
10239	1
10240	3
10243	1
10249	2
10252	1
10257	1
10258	1
10261	1
10264	1
10265	1
10266	1
10268	1
10269	1
10274	1
10278	1
10279	1
10281	3
10282	3
10284	1
10285	1
10287	1
10290	4
10295	1
10296	1
10299	3
10301	1
10303	1
10310	1
10311	1
10312	1
10315	2
10317	1
10321	3
10322	1
10323	1
10324	2
10325	1
10329	1
10331	1
10336	1
10337	1
10352	1
10357	1
10358	1
10367	2
10369	1
10370	1
10372	1
10375	1
10376	1
10378	1
10380	1
10382	1
10383	2
10388	1
10392	1
10395	1
10396	1
10398	1
10399	2
10400	2
10406	1
10407	2
10408	1
10410	1
10412	1
10416	2
10418	2
10419	1
10423	1
10428	1
10429	1
10431	1
10442	1
10443	1
10444	1
10446	1
10447	1
10451	1
10455	1
10456	1
10458	1
10459	1
10461	1
10465	1
10470	1
10471	1
10476	1
10478	1
10483	1
10485	1
10488	1
10495	2
10496	1
10502	1
10503	1
10505	1
10507	2
10508	1
10511	1
10515	2
10518	1
10520	1
10525	1
10526	1
10530	1
10533	1
10535	1
10538	2
10540	2
10541	1
10543	1
10544	1
10545	4
10546	2
10550	1
10554	2
10556	1
10557	1
10560	1
10563	1
10564	1
10569	1
10572	1
10576	1
10578	1
10580	1
10581	1
10585	1
10586	1
10587	1
10591	1
10592	1
10594	1
10595	1
10599	2
10600	1
10603	1
10604	1
10606	1
10612	1
10618	1
10623	1
10624	1
10628	1
10629	1
10631	1
10632	1
10635	2
10636	1
10639	1
10641	2
10645	1
10647	1
10651	1
10653	2
10658	1
10659	1
10661	1
10663	1
10668	1
10670	1
10673	2
10676	1
10677	1
10700	1
10706	1
10709	1
10715	1
10717	2
10721	1
10722	1
10726	1
10728	1
10729	3
10732	1
10733	1
10734	2
10742	1
10751	1
10752	1
10756	1
10757	1
10760	1
10762	2
10766	1
10771	1
10772	3
10785	1
10786	2
10787	1
10793	1
10794	1
10796	1
10800	1
10801	1
10802	1
10807	2
10810	1
10822	1
10823	1
10826	1
10830	1
10835	1
10844	1
10845	1
10852	1
10854	4
10857	1
10859	2
10862	2
10863	2
10864	1
10867	1
10873	1
10882	1
10885	2
10888	1
10889	1
10892	1
10894	2
10895	1
10898	1
10902	1
10903	1
10915	1
10921	1
10922	2
10923	1
10925	1
10928	1
10929	1
10932	1
10935	1
10936	1
10938	1
10944	1
10947	1
10948	1
10949	1
10953	1
10958	2
10959	1
10965	1
10968	2
10975	1
10976	1
10977	1
10981	1
10985	1
10987	1
10993	2
10999	1
11002	3
11012	1
11014	1
11016	1
11021	1
11022	1
11023	2
11025	1
11028	1
11029	2
11036	3
11043	1
11045	1
11048	1
11051	1
11052	1
11054	1
11059	1
11060	2
11066	1
11067	1
11069	3
11074	3
11075	1
11081	1
11085	1
11087	2
11091	1
11098	1
11103	1
11106	1
11107	1
11110	1
11115	1
11123	1
11126	2
11128	1
11131	1
11135	1
11140	1
11145	1
11150	1
11155	1
11159	1
11163	1
11174	1
11181	1
11183	2
11184	1
11187	1
11189	1
11190	1
11192	1
11193	2
11195	2
11197	1
11200	1
11202	1
11204	1
11205	1
11208	2
11211	2
11213	1
11219	1
11220	1
11224	1
11226	1
11232	1
11234	1
11244	2
11254	2
11255	2
11257	1
11258	1
11265	1
11274	1
11280	2
11294	1
11295	1
11296	1
11299	2
11300	1
11302	1
11304	1
11306	1
11309	1
11312	1
11313	1
11315	1
11321	1
11323	1
11340	2
11342	2
11344	1
11353	2
11354	1
11360	1
11364	1
11369	1
11383	1
11385	1
11387	2
11400	2
11402	1
11403	1
11407	2
11409	1
11411	2
11416	1
11423	1
11426	1
11427	1
11430	2
11431	1
11435	1
11436	1
11442	2
11445	1
11446	1
11455	1
11459	1
11465	1
11467	1
11469	1
11470	1
11473	1
11474	2
11478	1
11486	1
11492	1
11493	1
11494	1
11499	1
11500	1
11503	1
11512	1
11517	2
11527	1
11528	1
11531	1
11536	1
11538	1
11540	1
11545	1
11548	1
11549	1
11551	1
11552	1
11555	1
11559	1
11560	1
11562	1
11570	1
11572	1
11573	1
11574	1
11577	1
11578	2
11580	1
11581	1
11582	2
11584	2
11585	1
11587	1
11590	1
11591	1
11598	1
11602	1
11605	1
11606	1
11607	1
11617	1
11619	2
11621	1
11624	1
11628	1
11639	1
11640	1
11646	1
11647	2
11648	1
11651	1
11655	1
11661	1
11662	1
11665	1
11666	1
11674	1
11676	1
11678	2
11681	2
11686	1
11688	1
11689	1
11691	1
11696	1
11712	1
11714	3
11715	1
11718	1
11727	1
11728	2
11731	1
11732	1
11733	2
11735	1
11737	1
11738	1
11745	2
11746	1
11751	1
11755	1
11764	1
11766	1
11771	1
11773	2
11774	1
11779	1
11780	1
11782	1
11785	1
11787	1
11791	1
11805	1
11809	1
11814	2
11817	1
11820	1
11821	1
11823	1
11824	1
11830	1
11831	1
11832	1
11833	1
11837	1
11838	1
11843	1
11845	1
11849	1
11854	1
11856	1
11859	1
11860	1
11861	1
11866	1
11869	1
11884	1
11891	1
11903	1
11905	1
11918	1
11921	1
11923	1
11930	1
11937	1
11939	2
11941	1
11943	1
11946	1
11950	1
11957	1
11958	1
11960	1
11961	1
11968	1
11970	1
11977	1
11981	1
11983	1
11991	1
11992	1
12002	1
12007	1
12009	1
12010	1
12011	1
12014	1
12016	1
12019	1
12025	1
12031	1
12035	1
12039	1
12049	1
12058	1
12061	1
12078	2
12079	1
12082	1
12093	1
12102	1
12113	1
12121	1
12124	1
12128	1
12129	1
12131	1
12145	1
12168	2
12175	1
12178	1
12191	1
12195	1
12197	1
12198	1
12206	1
12213	1
12215	1
12219	1
12220	1
12224	1
12235	1
12236	1
12242	1
12249	2
12250	1
12256	1
12272	1
12273	1
12275	1
12286	1
12288	1
12297	1
12316	1
12324	1
12337	1
12338	1
12339	1
12340	1
12341	1
12350	1
12358	1
12362	3
12368	2
12371	1
12376	1
12380	1
12396	1
12398	1
12405	2
12406	1
12407	1
12416	1
12417	2
12419	1
12422	1
12429	1
12435	1
12442	1
12446	1
12451	2
12455	1
12459	1
12475	1
12496	1
12497	1
12500	1
12508	2
12510	1
12512	1
12522	1
12525	1
12535	1
12540	1
12545	1
12549	1
12558	1
12559	1
12564	1
12567	1
12571	1
12572	2
12588	1
12589	1
12595	1
12609	1
12612	1
12613	1
12618	1
12619	1
12620	1
12623	1
12624	2
12625	2
12633	1
12639	1
12647	2
12648	1
12652	2
12668	1
12670	1
12671	1
12678	1
12685	1
12688	1
12691	1
12699	1
12723	1
12729	1
12738	1
12751	1
12755	1
12762	1
12764	1
12765	1
12773	1
12783	1
12788	1
12813	1
12817	1
12825	1
12831	1
12837	1
12840	1
12843	2
12849	1
12855	1
12860	2
12864	1
12868	1
12874	1
12882	1
12887	2
12892	1
12898	2
12904	1
12905	1
12906	1
12909	2
12917	1
12924	1
12925	1
12926	1
12939	1
12946	1
12953	1
12995	1
12997	2
13002	1
13007	1
13011	1
13017	1
13021	1
13025	1
13027	1
13036	1
13042	1
13043	1
13048	1
13051	1
13057	1
13063	1
13075	1
13081	1
13089	2
13095	1
13099	1
13115	1
13132	1
13136	1
13138	1
13140	1
13144	1
13145	1
13153	1
13160	2
13161	1
13162	2
13171	1
13178	1
13182	1
13188	1
13196	1
13213	1
13214	1
13233	2
13240	1
13249	3
13251	1
13266	1
13270	1
13271	1
13274	1
13299	1
13304	1
13311	1
13312	1
13317	1
13334	1
13339	2
13347	1
13351	1
13361	1
13362	1
13375	1
13382	1
13400	1
13404	1
13407	1
13409	1
13417	1
13426	1
13428	1
13429	1
13448	1
13451	1
13465	1
13468	1
13480	2
13485	1
13486	1
13488	1
13502	1
13505	1
13513	1
13527	1
13528	1
13530	1
13535	1
13544	1
13554	1
13555	1
13556	1
13561	2
13562	1
13569	1
13587	1
13618	1
13628	1
13634	1
13641	1
13647	1
13655	1
13676	1
13677	1
13685	1
13686	1
13690	1
13695	1
13700	1
13706	1
13716	1
13719	1
13724	1
13737	1
13741	1
13757	1
13780	1
13788	1
13792	1
13793	1
13806	1
13807	1
13823	1
13827	1
13835	1
13841	1
13843	1
13857	1
13861	2
13863	1
13912	1
13931	1
13933	1
13934	1
13935	1
13937	1
13939	1
13947	1
13950	1
13953	1
13968	1
13969	2
13978	1
13979	1
13983	1
13991	2
13992	1
14002	1
14020	1
14021	1
14025	1
14052	1
14057	1
14068	1
14074	2
14077	1
14087	1
14088	1
14094	1
14108	1
14112	1
14136	1
14140	1
14141	1
14148	1
14156	1
14161	1
14191	1
14195	1
14199	1
14209	1
14214	1
14230	1
14234	1
14235	1
14240	1
14241	1
14256	1
14265	1
14271	1
14272	1
14290	1
14306	1
14308	1
14325	1
14327	1
14329	1
14340	1
14346	1
14347	2
14361	1
14391	1
14395	1
14403	1
14406	1
14410	1
14415	1
14428	1
14433	1
14438	1
14439	1
14440	1
14441	1
14443	1
14445	1
14450	1
14455	2
14458	1
14481	1
14484	1
14493	1
14494	3
14506	1
14507	2
14512	1
14524	1
14528	1
14530	1
14535	1
14541	1
14547	1
14550	1
14553	1
14566	1
14587	1
14599	1
14613	1
14618	1
14629	1
14643	1
14649	1
14650	1
14652	1
14667	1
14677	1
14678	1
14687	1
14712	1
14716	2
14725	1
14733	1
14734	1
14739	1
14749	1
14761	1
14765	1
14772	1
14793	1
14794	1
14796	1
14822	1
14826	1
14848	1
14853	1
14858	1
14860	1
14862	2
14863	1
14866	1
14868	1
14873	1
14875	1
14893	1
14909	1
14941	1
14961	1
14970	1
14977	1
14983	1
14985	1
14993	1
15006	1
15013	1
15016	1
15025	1
15030	1
15034	1
15050	1
15052	1
15054	1
15062	1
15065	2
15066	1
15069	2
15070	1
15084	1
15102	1
15111	1
15114	1
15136	1
15147	1
15148	1
15149	1
15150	1
15157	1
15170	2
15190	2
15193	1
15195	1
15197	1
15217	1
15225	1
15237	2
15239	1
15264	1
15266	1
15271	1
15275	1
15276	1
15284	2
15287	1
15294	1
15310	1
15313	1
15322	1
15332	1
15339	1
15349	2
15355	1
15358	1
15380	1
15386	1
15394	1
15397	1
15400	1
15404	1
15432	1
15433	1
15438	1
15441	1
15448	1
15455	1
15464	1
15472	1
15474	1
15480	1
15487	1
15488	1
15500	1
15521	1
15523	1
15527	1
15530	1
15544	1
15556	1
15563	1
15573	1
15579	1
15585	1
15588	1
15591	1
15596	1
15617	1
15622	1
15629	1
15638	1
15640	1
15675	1
15676	1
15678	1
15693	1
15702	1
15709	1
15713	1
15717	1
15720	1
15728	1
15742	1
15745	1
15758	1
15770	1
15771	1
15772	1
15795	2
15801	1
15823	1
15829	1
15839	1
15840	1
15853	1
15859	1
15862	1
15871	1
15878	1
15900	2
15920	1
15935	1
15946	2
15949	1
15956	1
15964	1
15966	1
15967	1
15971	1
15973	1
15981	1
16000	1
16016	1
16026	1
16044	1
16048	1
16055	1
16073	2
16091	1
16093	2
16096	1
16100	1
16111	2
16118	1
16119	1
16139	1
16146	1
16164	1
16167	1
16170	2
16184	1
16191	1
16202	1
16215	1
16233	1
16235	1
16263	1
16284	1
16295	1
16303	1
16325	1
16328	1
16329	1
16333	1
16345	1
16352	1
16361	1
16377	2
