1	1
2	3
4	2
5	1
6	2
7	1
8	1
9	1
10	2
11	2
12	1
13	1
15	2
16	2
18	1
19	1
20	2
21	3
22	1
23	4
24	1
25	1
27	1
28	1
29	1
30	1
31	3
32	4
33	2
34	2
35	2
36	1
38	1
39	1
40	1
41	2
42	2
44	1
45	3
47	1
48	3
49	4
52	5
53	1
54	1
55	1
59	6
60	3
63	1
64	1
65	2
66	3
68	2
73	1
74	2
75	2
76	1
77	1
78	2
79	2
80	3
81	1
82	4
83	3
84	1
85	3
86	1
87	2
88	1
89	1
90	3
91	2
92	1
93	2
97	1
98	4
99	1
100	2
101	3
102	3
103	1
104	1
105	2
107	2
108	1
109	2
110	2
114	3
115	2
118	1
119	2
121	5
123	1
124	1
125	5
126	1
127	2
128	4
129	2
130	1
132	2
133	2
134	4
135	2
136	2
137	1
138	2
140	4
141	1
143	2
144	2
148	4
150	1
152	2
154	1
155	1
156	2
157	1
159	1
160	2
162	1
163	1
164	2
166	3
167	1
170	1
171	1
172	2
173	1
175	2
176	2
177	1
178	4
179	3
180	2
182	4
183	2
184	4
185	2
186	1
187	1
188	1
189	1
191	2
192	1
193	2
194	2
195	2
197	2
198	1
199	1
200	3
202	6
203	2
204	2
205	2
206	4
208	2
209	3
210	1
211	2
212	1
213	1
214	2
216	3
217	2
218	1
220	2
221	3
222	3
224	1
225	1
226	2
227	1
228	5
229	2
231	1
232	2
233	3
234	2
235	2
236	2
237	4
238	3
239	1
240	5
241	1
242	1
244	1
245	6
246	3
247	2
248	1
250	1
251	3
252	1
253	1
255	3
256	1
258	1
259	2
260	4
261	4
263	2
265	1
267	1
268	1
269	1
270	2
274	2
275	2
276	3
277	2
278	1
279	4
280	1
281	1
283	2
284	2
285	4
286	1
287	1
288	1
289	1
291	3
292	2
293	1
295	2
296	1
297	1
298	1
300	1
301	3
302	1
303	2
304	3
305	2
306	2
307	1
309	3
310	3
312	1
313	2
314	2
316	1
317	1
318	1
319	2
320	3
321	2
322	1
323	3
326	5
327	2
328	1
329	1
331	1
332	2
333	1
334	2
335	1
336	2
337	1
339	1
340	6
342	2
343	3
344	2
345	3
346	3
347	1
348	6
349	5
350	4
351	2
352	3
353	1
354	3
355	2
356	1
357	4
358	1
359	2
360	1
361	1
362	2
363	1
365	5
366	2
367	2
369	1
370	2
371	2
373	1
374	2
375	4
376	1
377	1
378	1
379	1
380	1
381	1
382	2
383	3
384	4
385	1
386	1
387	2
389	2
390	2
391	1
392	1
393	1
394	2
395	3
396	2
397	3
399	4
400	2
401	3
402	1
403	1
404	1
406	5
407	4
408	1
409	2
410	3
411	4
412	5
413	1
414	1
415	2
416	6
417	3
419	1
421	2
422	2
423	2
424	2
425	1
426	4
427	3
430	1
431	2
432	2
434	2
435	1
436	2
437	1
439	1
440	1
441	1
442	1
443	3
444	2
445	1
447	1
448	4
449	1
452	2
453	4
454	2
456	3
457	5
458	2
459	4
461	4
462	4
463	1
464	1
465	1
466	1
467	3
468	2
469	1
470	6
471	2
472	4
474	3
475	1
476	2
478	1
479	2
480	1
481	1
482	1
483	3
484	1
485	1
487	3
488	5
489	1
492	5
493	1
494	1
495	1
496	3
497	2
498	1
499	4
501	1
502	1
503	1
504	1
505	1
506	2
507	4
508	1
509	2
510	4
511	2
512	3
513	1
514	1
515	2
516	1
518	2
519	2
520	2
521	1
522	2
523	1
524	2
526	3
527	2
529	1
530	1
533	1
534	1
535	2
536	2
538	3
539	2
541	2
542	4
546	2
547	2
549	1
550	1
551	2
552	1
553	2
554	2
556	3
557	1
558	2
559	2
560	3
561	1
562	4
563	3
565	4
566	3
571	1
572	3
573	1
574	1
575	1
576	1
577	1
578	1
579	7
581	2
582	3
583	1
584	2
585	2
586	2
587	1
588	2
589	2
590	1
591	5
592	1
594	4
595	1
596	2
597	1
598	1
601	4
602	2
604	1
605	2
606	3
607	1
608	1
609	1
610	2
611	1
612	3
613	1
614	1
615	3
616	1
617	1
618	2
620	2
621	1
623	2
625	5
626	1
627	2
628	2
629	1
630	5
631	2
632	4
633	2
634	3
636	1
637	1
639	1
640	2
641	1
642	3
643	2
644	2
645	2
647	5
648	2
649	1
650	2
651	1
652	2
653	1
654	3
655	1
656	1
658	1
659	3
660	1
661	2
662	1
663	3
664	3
667	1
668	2
669	3
670	2
672	2
673	1
674	1
675	2
676	3
677	5
678	3
679	2
680	2
681	1
682	3
683	2
684	3
685	2
686	3
687	4
688	2
689	2
690	4
691	2
692	1
694	2
695	2
696	1
697	4
698	4
699	2
700	1
701	4
702	3
703	2
704	2
705	2
706	4
707	1
708	1
709	1
710	3
711	1
712	2
713	3
714	1
715	1
716	3
717	2
719	1
720	1
721	3
722	2
723	1
724	1
725	1
726	2
727	1
728	1
729	2
730	5
732	2
733	1
735	1
736	2
737	2
738	3
739	1
740	3
741	2
742	2
743	2
744	1
745	1
746	2
748	1
749	1
750	1
752	2
753	3
754	1
755	3
756	1
757	3
759	1
762	1
763	2
764	4
765	1
767	1
768	4
769	1
771	4
772	2
773	1
775	4
776	3
778	3
779	1
780	1
781	2
782	2
783	2
784	2
785	1
786	5
788	2
790	1
791	2
792	1
793	2
795	1
796	4
797	1
798	4
799	1
800	1
801	1
802	1
803	1
807	3
808	1
810	4
811	4
812	2
814	2
816	1
817	2
818	1
819	2
820	1
821	3
822	3
823	1
825	3
826	3
827	2
829	3
830	3
831	4
832	2
833	2
834	1
836	5
837	2
838	2
839	2
840	1
841	2
842	1
843	3
844	3
845	1
846	1
848	3
849	3
850	2
851	1
852	1
853	1
855	3
856	2
857	2
860	2
861	1
862	1
863	1
866	1
867	1
869	2
870	1
875	1
877	1
878	1
879	1
880	2
882	4
884	2
885	2
886	3
887	1
888	1
890	1
892	2
893	3
894	1
895	4
897	2
898	3
900	1
901	1
902	1
903	3
904	1
905	5
906	1
907	2
908	1
909	4
910	1
911	2
912	2
913	1
915	1
916	1
918	1
919	3
920	2
921	2
922	1
923	1
924	1
925	2
926	4
928	6
929	2
930	1
931	2
932	3
933	1
934	3
936	4
937	2
939	2
941	1
942	2
943	1
944	4
948	1
950	1
951	1
952	1
954	3
955	1
957	1
958	1
959	2
960	4
961	1
962	4
963	2
964	2
965	2
967	1
969	6
970	3
972	1
975	2
976	1
977	2
978	1
979	3
980	2
981	1
982	3
983	3
985	2
986	1
987	2
990	2
991	2
992	2
994	2
995	3
996	3
997	1
998	1
999	2
1000	2
1001	1
1002	1
1003	2
1006	2
1007	2
1008	2
1009	2
1010	2
1011	1
1012	2
1013	2
1014	2
1015	3
1016	1
1017	1
1018	3
1019	1
1020	1
1022	1
1023	3
1024	5
1025	3
1026	1
1027	1
1028	5
1029	1
1030	1
1033	5
1034	1
1037	1
1039	2
1040	2
1042	1
1043	3
1044	3
1045	1
1047	3
1048	1
1050	2
1051	7
1053	5
1054	1
1055	1
1058	2
1060	1
1061	4
1062	1
1063	6
1064	1
1065	1
1066	1
1067	2
1068	2
1069	2
1070	1
1071	1
1072	4
1073	3
1075	3
1076	3
1077	3
1078	3
1079	1
1080	5
1081	2
1082	2
1083	2
1084	2
1086	2
1088	1
1089	2
1090	1
1091	2
1092	2
1093	1
1094	3
1095	2
1096	2
1097	1
1098	2
1099	2
1101	2
1102	5
1103	5
1104	2
1105	3
1106	1
1107	1
1108	3
1109	2
1110	6
1111	2
1112	3
1113	3
1114	2
1116	2
1117	1
1118	3
1119	4
1120	1
1121	1
1123	3
1126	3
1127	2
1128	4
1129	3
1130	1
1131	2
1132	3
1134	3
1135	4
1136	2
1137	3
1138	2
1139	4
1142	4
1143	2
1144	3
1145	6
1146	3
1147	1
1148	4
1149	3
1150	2
1151	3
1154	3
1155	1
1156	3
1157	1
1158	2
1160	1
1161	1
1162	2
1163	1
1164	7
1165	3
1166	3
1167	1
1168	1
1169	1
1170	2
1171	2
1172	2
1173	4
1174	3
1176	2
1177	4
1178	3
1179	5
1180	2
1181	3
1182	2
1185	3
1186	2
1187	2
1188	2
1189	1
1190	3
1191	1
1192	1
1193	3
1194	2
1195	2
1196	2
1197	1
1198	2
1199	5
1200	3
1201	1
1202	2
1203	3
1204	2
1205	1
1206	3
1207	4
1208	1
1209	2
1211	2
1212	2
1213	1
1214	1
1215	2
1216	2
1217	5
1218	2
1219	2
1220	1
1221	4
1222	3
1223	4
1224	2
1225	2
1226	1
1227	1
1228	1
1229	5
1230	1
1231	2
1232	1
1233	1
1234	1
1235	1
1236	3
1237	1
1238	4
1239	1
1240	5
1241	2
1242	4
1243	1
1244	4
1246	2
1247	1
1248	2
1249	5
1250	2
1251	3
1252	1
1254	1
1255	4
1256	2
1257	1
1258	2
1259	3
1260	2
1261	2
1262	1
1263	3
1264	1
1265	3
1266	2
1267	2
1268	1
1270	2
1271	1
1272	8
1273	4
1274	1
1275	3
1276	3
1277	1
1278	2
1279	5
1280	3
1281	2
1282	1
1284	2
1285	1
1286	1
1287	2
1288	4
1289	2
1291	2
1292	1
1293	2
1294	1
1295	3
1296	2
1298	1
1299	1
1300	1
1301	3
1302	3
1303	1
1304	1
1305	3
1306	1
1308	1
1310	3
1313	3
1314	1
1315	2
1316	1
1317	1
1318	3
1319	1
1320	3
1321	2
1322	5
1323	1
1324	1
1325	1
1326	2
1327	1
1328	2
1330	3
1331	1
1332	1
1333	2
1334	2
1335	2
1336	2
1337	2
1338	3
1339	2
1341	1
1342	3
1343	3
1344	3
1346	1
1347	3
1348	2
1349	2
1350	2
1354	3
1355	2
1356	8
1357	1
1358	2
1359	1
1360	2
1361	1
1363	2
1364	2
1365	1
1366	1
1368	4
1369	2
1370	2
1371	4
1372	1
1374	4
1375	2
1376	3
1377	2
1378	2
1380	1
1381	3
1382	2
1383	1
1384	5
1385	2
1386	1
1387	2
1388	4
1389	3
1390	1
1391	1
1392	4
1393	3
1394	1
1395	3
1396	2
1397	4
1398	3
1399	4
1400	1
1401	1
1402	2
1403	2
1405	2
1407	6
1408	3
1409	4
1410	4
1411	2
1413	1
1414	1
1415	4
1416	1
1417	1
1419	1
1420	6
1421	4
1422	3
1423	6
1424	1
1425	4
1426	3
1427	1
1428	1
1430	1
1431	1
1432	1
1433	2
1434	2
1435	4
1436	2
1438	1
1439	2
1440	3
1441	2
1442	1
1443	3
1444	6
1445	1
1447	2
1448	2
1449	1
1452	2
1453	3
1454	2
1455	1
1456	2
1457	4
1458	1
1460	2
1461	1
1462	2
1463	3
1464	3
1465	2
1466	2
1468	2
1469	2
1471	3
1472	1
1474	4
1475	4
1476	2
1477	4
1478	2
1479	1
1481	2
1482	1
1483	2
1484	2
1487	1
1488	2
1489	1
1490	2
1493	1
1494	4
1495	1
1496	1
1497	3
1498	2
1499	3
1500	2
1501	4
1502	1
1503	1
1504	1
1505	1
1506	2
1507	2
1508	2
1509	1
1511	1
1512	1
1513	1
1514	1
1515	4
1517	1
1518	3
1519	1
1520	2
1521	2
1522	2
1524	2
1525	2
1527	2
1528	4
1531	2
1532	2
1533	4
1534	4
1535	3
1538	2
1539	1
1540	1
1543	1
1544	1
1545	1
1546	3
1547	2
1549	2
1550	2
1554	1
1555	1
1557	1
1558	2
1559	1
1560	2
1561	1
1562	3
1563	2
1564	3
1565	1
1566	3
1567	2
1568	5
1569	1
1570	1
1571	2
1573	3
1574	1
1575	5
1576	1
1577	2
1578	2
1579	1
1580	2
1582	1
1584	4
1585	3
1587	2
1589	3
1590	2
1593	1
1594	3
1596	1
1597	2
1598	2
1599	2
1600	2
1601	1
1602	1
1603	2
1604	1
1605	1
1608	3
1609	2
1610	2
1611	1
1612	3
1613	4
1615	1
1616	2
1617	3
1618	1
1620	1
1621	1
1625	1
1626	3
1627	3
1628	1
1629	3
1630	1
1631	4
1632	3
1633	1
1635	4
1636	2
1637	1
1638	5
1639	5
1640	1
1641	2
1643	2
1645	3
1646	2
1647	3
1648	1
1649	1
1650	1
1651	1
1652	1
1654	2
1655	2
1656	1
1657	4
1658	2
1659	2
1660	1
1661	3
1662	1
1663	2
1664	3
1665	1
1666	1
1667	5
1668	2
1669	2
1670	1
1672	1
1673	1
1675	1
1676	3
1677	2
1678	1
1680	2
1681	1
1682	4
1683	1
1684	2
1685	1
1686	1
1687	3
1688	2
1690	1
1691	1
1692	1
1693	3
1694	2
1695	3
1698	2
1699	4
1700	2
1701	2
1703	2
1704	2
1705	5
1706	1
1708	1
1709	3
1710	2
1711	1
1712	2
1713	1
1714	1
1715	2
1716	1
1717	4
1718	1
1719	1
1720	1
1723	2
1724	1
1726	1
1727	2
1728	2
1730	1
1731	1
1733	2
1734	1
1735	2
1737	4
1738	2
1740	2
1741	3
1743	1
1744	1
1745	2
1747	1
1748	2
1749	1
1750	1
1751	1
1753	1
1754	2
1755	2
1756	2
1757	1
1758	3
1759	4
1760	1
1761	2
1762	2
1763	1
1764	4
1765	3
1766	1
1767	3
1768	2
1769	2
1770	1
1771	2
1772	2
1773	3
1774	3
1776	1
1777	1
1778	1
1780	3
1781	2
1782	5
1783	2
1784	2
1786	3
1788	1
1790	1
1792	2
1793	1
1795	2
1796	2
1797	1
1798	2
1800	2
1802	1
1803	2
1804	1
1806	2
1807	2
1808	3
1809	1
1813	1
1815	3
1816	2
1817	5
1818	1
1819	2
1821	4
1822	5
1823	2
1824	4
1826	3
1827	3
1829	2
1830	2
1831	1
1832	2
1834	1
1835	2
1836	1
1838	2
1839	2
1841	1
1842	2
1843	2
1844	1
1845	1
1846	1
1847	1
1848	2
1849	4
1850	3
1851	1
1852	1
1853	6
1854	1
1856	2
1857	4
1858	2
1859	2
1862	2
1864	2
1866	2
1867	3
1868	1
1869	1
1870	3
1871	2
1872	2
1873	1
1874	2
1875	2
1876	1
1877	1
1878	3
1880	2
1881	1
1882	2
1884	3
1885	2
1886	3
1887	1
1889	3
1890	2
1891	1
1895	1
1896	1
1897	4
1898	2
1899	1
1900	2
1901	1
1902	2
1903	2
1906	1
1907	3
1908	2
1909	1
1910	1
1912	5
1913	1
1914	5
1915	3
1916	1
1917	6
1919	1
1920	2
1921	1
1923	2
1926	2
1927	1
1928	2
1929	3
1930	1
1931	2
1932	1
1933	2
1934	3
1935	1
1936	2
1937	1
1938	2
1940	3
1941	1
1942	4
1943	3
1944	4
1945	3
1946	2
1947	1
1948	3
1949	2
1951	4
1952	1
1953	2
1954	3
1956	1
1957	4
1958	1
1960	1
1961	2
1962	1
1963	2
1964	1
1966	1
1967	1
1970	3
1971	1
1973	3
1974	1
1975	3
1976	1
1977	2
1978	2
1979	1
1982	1
1983	1
1984	3
1985	4
1986	2
1987	2
1988	1
1989	1
1990	7
1991	2
1992	1
1994	1
1995	2
1996	3
1998	2
1999	2
2000	1
2001	3
2002	3
2003	2
2004	2
2005	1
2006	3
2007	1
2008	4
2009	2
2010	2
2011	2
2013	5
2014	2
2016	2
2017	1
2018	1
2020	3
2021	1
2023	1
2024	2
2025	3
2026	1
2027	1
2029	1
2030	1
2032	2
2033	5
2034	4
2035	2
2036	2
2037	3
2038	1
2039	3
2040	3
2041	1
2042	1
2044	4
2045	2
2047	1
2048	1
2049	3
2050	3
2051	2
2052	2
2053	2
2054	2
2056	3
2057	2
2058	1
2059	1
2060	1
2061	2
2062	3
2064	2
2065	1
2066	1
2067	3
2068	1
2070	1
2071	3
2073	2
2074	3
2075	3
2076	1
2077	1
2078	3
2079	5
2080	4
2082	2
2083	1
2085	4
2087	3
2088	1
2089	1
2090	4
2091	3
2092	2
2093	2
2094	1
2095	1
2096	2
2097	3
2098	2
2099	2
2100	2
2101	1
2102	2
2103	4
2104	2
2106	1
2107	1
2108	2
2109	2
2110	2
2111	1
2112	1
2114	1
2115	1
2116	1
2117	2
2119	3
2122	1
2123	2
2124	1
2125	2
2127	1
2128	1
2129	1
2130	3
2131	1
2132	1
2133	1
2136	1
2137	2
2138	2
2140	1
2141	2
2142	2
2143	1
2144	2
2145	2
2146	1
2147	1
2148	3
2149	1
2150	1
2154	7
2155	2
2156	2
2157	1
2158	1
2159	1
2160	1
2161	1
2162	2
2163	3
2164	1
2165	1
2166	3
2167	1
2168	4
2169	2
2170	1
2171	2
2172	2
2174	2
2176	1
2177	4
2178	2
2179	2
2180	1
2182	3
2184	2
2185	6
2186	4
2187	1
2188	3
2189	1
2190	1
2192	1
2193	1
2194	4
2195	3
2196	2
2197	3
2198	1
2199	3
2200	1
2201	3
2202	1
2205	2
2206	3
2207	1
2208	1
2209	2
2210	3
2211	2
2212	2
2213	2
2215	2
2217	2
2218	4
2220	2
2221	3
2222	3
2223	2
2224	2
2226	1
2227	1
2229	1
2231	2
2232	2
2235	2
2236	1
2237	2
2238	1
2239	4
2240	1
2241	1
2242	1
2243	2
2244	1
2245	2
2246	1
2247	1
2248	4
2250	4
2251	1
2252	2
2253	3
2254	3
2257	1
2258	2
2259	2
2260	1
2261	2
2262	2
2263	2
2264	4
2266	1
2267	2
2268	2
2269	3
2270	1
2272	2
2274	1
2275	2
2276	1
2278	1
2279	5
2280	2
2283	3
2285	1
2286	2
2287	3
2288	1
2290	4
2293	2
2294	1
2296	2
2297	1
2298	1
2299	2
2300	1
2302	1
2303	6
2304	5
2305	1
2307	1
2308	1
2309	1
2310	2
2311	5
2312	1
2313	2
2314	2
2315	3
2316	1
2317	1
2318	3
2319	1
2320	2
2321	2
2322	3
2324	2
2325	3
2326	2
2327	2
2328	3
2329	1
2330	2
2331	2
2332	2
2333	1
2334	1
2335	2
2337	1
2338	1
2340	2
2341	3
2342	4
2343	4
2344	1
2345	2
2346	5
2347	1
2350	1
2351	5
2352	2
2353	2
2354	4
2355	1
2356	1
2357	2
2359	3
2360	2
2361	1
2362	1
2363	1
2364	1
2366	2
2367	1
2368	1
2371	1
2373	2
2375	3
2376	2
2377	2
2378	3
2379	3
2380	2
2381	3
2382	1
2383	1
2384	2
2385	4
2386	3
2388	1
2389	2
2391	2
2393	2
2394	1
2395	2
2396	1
2397	2
2398	1
2399	1
2400	2
2401	1
2403	3
2404	1
2405	4
2407	1
2408	2
2410	1
2411	2
2412	2
2413	2
2414	2
2415	2
2417	4
2418	1
2419	1
2420	1
2422	4
2424	4
2426	1
2427	1
2428	1
2429	1
2430	2
2431	2
2432	2
2433	2
2434	2
2435	1
2436	3
2437	5
2438	3
2439	1
2440	2
2441	1
2443	1
2444	2
2445	1
2446	1
2447	1
2448	5
2450	1
2451	2
2452	1
2453	1
2454	1
2455	1
2457	4
2458	1
2459	1
2460	1
2461	5
2462	1
2463	4
2464	1
2465	1
2466	1
2467	3
2468	2
2469	3
2470	2
2471	5
2472	2
2473	2
2474	2
2475	1
2476	2
2477	3
2478	4
2479	1
2481	4
2483	1
2484	2
2485	2
2486	3
2488	4
2489	2
2490	4
2491	2
2492	1
2493	4
2494	2
2495	2
2496	3
2497	1
2499	1
2500	3
2501	2
2502	1
2504	3
2505	3
2506	1
2507	3
2508	3
2510	2
2511	2
2512	1
2513	1
2514	2
2515	2
2516	2
2517	4
2521	4
2522	5
2523	2
2525	1
2526	2
2527	3
2528	3
2529	4
2530	2
2531	1
2532	5
2533	1
2534	2
2535	4
2536	1
2537	2
2538	2
2539	3
2540	1
2541	1
2542	1
2544	4
2545	4
2546	1
2547	4
2548	2
2550	4
2552	3
2553	2
2554	3
2555	1
2556	4
2557	2
2559	2
2561	2
2562	2
2563	2
2565	1
2566	2
2568	3
2569	1
2570	2
2571	2
2572	3
2573	3
2574	3
2575	2
2576	3
2578	4
2579	2
2580	5
2581	2
2582	1
2584	2
2585	4
2586	2
2587	2
2588	1
2590	4
2591	1
2592	2
2593	2
2594	5
2596	2
2597	3
2598	1
2599	1
2600	1
2603	2
2604	1
2605	2
2606	1
2607	2
2608	1
2609	1
2610	3
2611	2
2612	1
2613	1
2614	3
2615	1
2616	2
2618	2
2619	2
2620	2
2621	1
2622	3
2623	4
2624	2
2625	3
2626	4
2627	3
2628	1
2629	1
2630	3
2631	1
2632	2
2633	1
2634	3
2635	2
2636	1
2638	4
2639	5
2640	3
2641	4
2642	2
2644	2
2645	1
2647	1
2648	2
2649	1
2650	2
2651	4
2652	1
2653	1
2656	2
2657	1
2658	2
2659	1
2660	3
2661	3
2663	2
2664	1
2665	2
2666	1
2667	4
2668	3
2669	1
2670	1
2671	1
2672	3
2673	2
2674	2
2675	3
2676	1
2677	1
2678	3
2679	1
2680	2
2681	3
2682	1
2683	6
2685	1
2686	1
2687	1
2688	2
2689	2
2690	5
2691	3
2692	1
2693	4
2694	2
2695	2
2696	1
2697	1
2698	1
2699	6
2700	1
2701	2
2703	1
2704	1
2705	3
2706	3
2707	1
2708	2
2709	1
2710	2
2712	1
2713	2
2714	1
2715	1
2716	1
2719	4
2720	2
2721	4
2722	3
2723	1
2724	1
2725	4
2726	2
2728	1
2729	1
2730	1
2731	1
2732	1
2733	2
2735	3
2736	1
2738	2
2739	1
2741	1
2742	5
2743	1
2744	1
2745	2
2746	4
2747	2
2748	1
2749	2
2750	2
2752	2
2753	1
2754	3
2755	2
2756	2
2757	2
2758	1
2759	1
2760	3
2761	1
2762	3
2763	4
2765	3
2766	1
2767	3
2768	3
2769	6
2770	2
2771	1
2772	1
2773	2
2774	4
2775	1
2776	4
2778	2
2779	2
2780	1
2781	2
2782	5
2784	3
2785	1
2787	4
2788	3
2789	2
2790	3
2791	3
2793	2
2794	1
2795	2
2796	1
2797	2
2798	1
2801	2
2802	1
2803	1
2804	4
2805	3
2806	1
2807	3
2808	3
2810	1
2811	2
2813	1
2815	2
2816	3
2819	2
2820	1
2821	3
2822	2
2823	2
2825	2
2826	2
2827	1
2828	3
2829	1
2830	2
2833	4
2834	2
2835	3
2837	1
2838	3
2839	1
2840	2
2841	1
2843	1
2844	2
2845	1
2846	1
2847	2
2849	1
2850	1
2852	3
2856	2
2857	1
2858	1
2859	2
2860	2
2861	2
2862	1
2863	5
2864	3
2869	2
2871	2
2872	1
2873	3
2874	1
2875	1
2876	2
2877	1
2878	1
2879	2
2880	3
2881	2
2882	1
2883	3
2884	1
2885	3
2887	1
2889	3
2890	1
2891	2
2892	2
2893	2
2895	1
2896	2
2898	1
2899	2
2900	1
2902	3
2903	1
2904	1
2906	4
2907	1
2908	3
2909	3
2910	1
2913	1
2914	3
2915	1
2916	2
2917	4
2919	2
2922	2
2923	2
2924	2
2925	5
2927	3
2928	2
2929	3
2930	1
2931	2
2932	2
2933	2
2934	3
2935	2
2937	1
2938	1
2939	1
2940	4
2941	2
2942	3
2943	2
2946	1
2947	1
2948	2
2950	1
2951	2
2952	2
2954	1
2955	4
2956	2
2957	1
2959	3
2961	1
2963	4
2964	1
2965	1
2966	2
2967	1
2968	1
2969	4
2970	1
2971	2
2972	3
2973	2
2974	3
2975	3
2976	4
2977	3
2978	4
2979	2
2980	6
2981	3
2982	1
2983	2
2985	1
2987	1
2988	2
2989	2
2990	3
2991	2
2992	1
2993	3
2994	3
2995	1
2996	3
2997	1
2998	1
2999	1
3001	2
3002	3
3003	2
3004	2
3005	1
3006	1
3007	2
3008	2
3009	1
3010	3
3011	1
3012	1
3013	1
3014	4
3015	1
3017	2
3018	3
3019	3
3020	4
3021	1
3022	1
3023	3
3024	3
3027	3
3029	2
3030	1
3031	3
3032	1
3034	3
3035	1
3037	3
3038	2
3039	4
3040	1
3041	1
3042	1
3043	2
3044	1
3045	2
3046	2
3047	3
3048	4
3050	2
3051	3
3052	1
3053	4
3056	1
3057	1
3058	1
3059	2
3062	1
3064	1
3066	2
3067	1
3068	1
3069	1
3070	1
3071	5
3072	2
3073	3
3075	3
3077	2
3079	1
3081	1
3082	2
3083	3
3084	1
3085	3
3087	1
3088	2
3090	1
3091	1
3092	2
3094	1
3096	1
3098	3
3101	4
3102	2
3103	1
3104	4
3105	1
3106	1
3108	1
3110	3
3111	1
3112	2
3113	1
3114	1
3115	3
3116	2
3117	2
3118	2
3120	1
3122	3
3123	3
3124	2
3125	2
3126	2
3127	1
3128	1
3129	3
3130	1
3131	1
3132	1
3133	2
3134	1
3135	3
3136	3
3137	1
3138	2
3139	2
3140	2
3141	2
3142	4
3143	2
3144	3
3145	3
3146	1
3147	1
3148	1
3149	3
3150	3
3152	4
3153	2
3154	2
3155	1
3156	2
3157	1
3158	1
3159	2
3161	1
3162	4
3163	3
3165	2
3166	1
3167	2
3168	3
3171	1
3172	2
3173	3
3174	1
3175	3
3176	2
3178	1
3179	1
3183	3
3184	2
3185	1
3186	2
3187	1
3188	2
3190	1
3191	1
3192	1
3194	2
3196	4
3198	1
3199	1
3200	1
3201	1
3202	1
3203	2
3204	2
3205	1
3206	2
3207	2
3208	2
3209	2
3210	1
3211	1
3212	3
3213	1
3215	2
3217	3
3219	3
3220	2
3221	1
3222	5
3223	2
3224	5
3225	2
3226	1
3227	2
3229	3
3230	1
3231	2
3232	3
3233	1
3234	1
3235	1
3237	2
3238	1
3239	1
3240	2
3241	1
3242	3
3244	3
3245	1
3246	1
3247	1
3248	2
3249	1
3250	2
3251	1
3252	4
3253	5
3254	2
3255	5
3257	3
3258	2
3259	3
3260	3
3262	1
3264	1
3265	2
3266	3
3267	1
3268	1
3269	1
3270	2
3271	1
3272	2
3273	1
3274	4
3276	3
3277	4
3278	2
3279	3
3280	1
3282	2
3283	2
3284	2
3286	1
3287	1
3288	3
3290	3
3294	2
3295	1
3296	1
3298	1
3299	1
3300	3
3301	1
3302	1
3303	1
3304	1
3305	1
3306	1
3307	3
3308	2
3309	1
3310	1
3312	3
3313	2
3314	1
3315	1
3316	3
3318	6
3320	1
3321	4
3322	2
3323	2
3326	1
3327	1
3328	4
3331	3
3333	1
3334	2
3335	3
3336	6
3337	2
3338	2
3339	1
3340	3
3342	1
3344	1
3345	1
3346	4
3348	1
3349	1
3350	1
3351	1
3352	1
3353	3
3354	3
3355	2
3356	2
3357	1
3358	1
3360	5
3363	3
3364	1
3366	1
3367	3
3369	2
3370	2
3371	1
3372	1
3373	1
3374	1
3375	3
3376	2
3377	2
3379	2
3383	3
3384	1
3385	5
3386	3
3388	2
3389	2
3390	1
3391	2
3392	2
3393	1
3395	3
3396	3
3397	1
3398	5
3399	2
3400	1
3401	1
3402	2
3403	4
3404	1
3406	2
3407	4
3408	4
3410	1
3415	2
3416	2
3417	1
3418	2
3419	2
3420	1
3421	1
3422	4
3423	1
3425	1
3426	4
3427	5
3429	2
3430	2
3431	2
3432	2
3433	1
3434	1
3435	1
3436	4
3437	2
3438	1
3439	1
3440	2
3441	2
3443	2
3444	1
3445	1
3446	3
3447	3
3449	1
3450	2
3451	2
3452	2
3455	1
3456	1
3457	2
3458	1
3460	1
3462	3
3464	2
3466	2
3467	1
3468	2
3469	3
3470	1
3471	1
3473	2
3475	2
3476	1
3478	2
3480	1
3481	4
3482	2
3483	4
3484	1
3485	2
3486	3
3487	1
3488	2
3489	3
3490	3
3491	2
3492	4
3493	1
3494	1
3495	3
3496	2
3497	2
3498	4
3499	1
3500	3
3502	1
3503	3
3504	3
3505	1
3506	1
3507	3
3508	2
3509	4
3510	1
3512	1
3513	2
3514	1
3515	4
3517	3
3518	2
3519	1
3520	1
3521	3
3522	2
3523	1
3524	3
3525	1
3526	2
3527	1
3528	3
3529	3
3531	1
3533	2
3534	2
3535	2
3536	1
3538	2
3539	2
3540	3
3541	2
3542	2
3543	1
3545	2
3546	1
3547	2
3549	2
3550	1
3551	1
3552	1
3554	1
3555	1
3556	1
3557	1
3558	1
3561	3
3562	2
3563	1
3564	2
3566	1
3568	5
3569	1
3570	6
3571	1
3572	1
3574	3
3575	1
3576	2
3578	2
3579	1
3580	2
3581	3
3582	1
3583	1
3584	3
3585	2
3586	2
3588	2
3589	1
3590	2
3592	1
3593	3
3594	1
3595	2
3596	1
3597	4
3598	1
3599	1
3601	3
3602	6
3603	4
3604	1
3605	2
3606	1
3607	1
3608	1
3609	1
3610	1
3611	4
3612	2
3613	2
3614	1
3615	2
3616	3
3618	1
3619	3
3620	2
3621	1
3622	1
3625	1
3626	2
3627	1
3629	1
3630	2
3631	1
3632	4
3633	2
3635	4
3636	2
3637	1
3638	1
3639	3
3640	3
3641	1
3642	1
3643	4
3644	1
3645	3
3646	1
3648	1
3649	2
3650	1
3651	1
3652	1
3653	3
3654	1
3655	3
3656	1
3657	3
3658	2
3659	2
3660	1
3661	1
3662	1
3663	4
3666	2
3667	3
3668	1
3670	1
3671	2
3672	3
3673	2
3676	1
3677	2
3678	4
3681	1
3682	2
3683	1
3684	1
3686	3
3687	2
3688	2
3689	2
3690	1
3691	1
3692	3
3693	1
3694	1
3695	1
3696	2
3698	2
3699	2
3701	3
3702	1
3703	2
3705	2
3706	1
3707	2
3708	1
3709	1
3713	2
3714	4
3715	4
3716	1
3717	4
3719	5
3720	4
3721	1
3722	3
3723	2
3724	2
3726	2
3727	2
3728	1
3729	5
3731	2
3732	2
3733	1
3734	3
3735	3
3737	2
3738	2
3739	2
3740	1
3741	1
3742	2
3743	1
3744	1
3745	3
3747	3
3748	3
3750	2
3751	1
3752	5
3753	5
3755	1
3757	2
3758	6
3759	1
3760	2
3761	2
3763	4
3764	1
3765	4
3766	3
3767	4
3769	3
3771	2
3773	4
3774	1
3776	2
3777	3
3780	1
3781	3
3782	2
3783	1
3785	2
3786	2
3787	1
3789	3
3790	1
3791	2
3792	4
3793	3
3798	2
3799	2
3800	2
3801	2
3802	1
3804	4
3805	4
3806	1
3807	3
3808	3
3810	1
3811	1
3812	1
3813	2
3814	2
3815	1
3816	2
3817	1
3818	2
3819	4
3820	3
3822	1
3823	2
3824	3
3826	2
3827	3
3828	2
3829	2
3830	2
3831	1
3832	1
3833	1
3835	2
3836	1
3837	1
3838	1
3839	3
3840	1
3841	1
3842	1
3843	1
3844	1
3847	2
3848	1
3849	4
3851	1
3852	3
3853	3
3855	1
3856	2
3857	2
3858	2
3859	1
3860	2
3861	2
3862	2
3863	2
3865	1
3866	2
3867	2
3868	2
3869	1
3870	4
3871	1
3873	1
3874	3
3876	1
3878	1
3879	2
3880	3
3881	2
3882	10
3884	2
3885	3
3887	1
3888	3
3889	2
3890	1
3891	1
3892	3
3893	1
3894	1
3895	4
3898	1
3900	2
3901	3
3902	3
3903	1
3905	1
3906	1
3909	1
3910	1
3911	3
3913	1
3916	3
3917	3
3920	1
3921	1
3922	3
3924	1
3925	2
3926	2
3927	5
3928	2
3931	2
3932	1
3933	1
3934	2
3937	1
3938	1
3939	1
3941	1
3942	1
3945	1
3946	3
3949	2
3950	1
3951	1
3952	1
3954	3
3955	1
3956	4
3957	2
3958	2
3960	3
3961	2
3962	1
3963	3
3965	1
3966	1
3967	4
3968	1
3969	2
3970	2
3971	2
3972	1
3973	1
3974	1
3975	2
3978	2
3979	1
3980	2
3982	1
3983	3
3984	2
3985	3
3986	3
3987	2
3988	2
3990	3
3991	3
3992	2
3995	2
3996	3
3997	1
3999	3
4000	2
4001	1
4002	2
4003	2
4004	1
4005	1
4006	2
4007	1
4008	1
4012	1
4013	4
4014	2
4015	1
4016	3
4017	2
4020	3
4021	3
4022	3
4023	2
4024	3
4025	1
4026	2
4027	2
4028	1
4029	1
4030	1
4032	2
4034	1
4035	1
4036	2
4037	3
4038	2
4039	5
4042	1
4043	2
4044	1
4045	2
4046	2
4047	1
4049	1
4050	3
4051	2
4052	3
4053	1
4055	1
4056	1
4057	1
4058	4
4059	5
4060	2
4062	2
4063	1
4065	1
4066	2
4067	2
4069	3
4070	2
4071	1
4072	2
4073	2
4074	1
4075	1
4076	2
4077	4
4079	1
4080	1
4081	2
4082	2
4083	2
4084	2
4085	1
4086	1
4087	4
4088	1
4089	2
4090	4
4091	3
4092	4
4093	2
4094	1
4095	1
4096	2
4098	2
4099	1
4100	1
4101	1
4102	4
4103	1
4105	3
4108	2
4110	1
4111	3
4113	2
4114	1
4115	3
4116	1
4117	5
4118	2
4119	1
4120	2
4121	1
4123	2
4124	1
4125	3
4126	1
4127	1
4128	3
4129	4
4130	1
4131	2
4132	2
4133	2
4134	1
4135	2
4136	2
4137	1
4138	3
4139	3
4140	2
4141	1
4142	4
4143	1
4144	1
4145	2
4147	2
4148	2
4149	3
4150	4
4151	2
4152	2
4153	4
4154	2
4155	4
4157	3
4158	3
4159	2
4161	2
4163	2
4166	2
4167	2
4169	1
4171	2
4172	1
4173	3
4174	3
4175	1
4176	3
4178	1
4179	1
4180	2
4182	1
4183	2
4184	2
4186	4
4187	2
4188	3
4189	3
4190	3
4191	3
4192	1
4193	1
4195	4
4196	2
4197	1
4199	2
4200	2
4201	2
4202	3
4203	1
4204	1
4205	1
4206	1
4207	1
4210	2
4211	1
4213	4
4214	1
4215	4
4216	3
4217	2
4218	1
4219	1
4220	3
4221	2
4222	3
4223	1
4224	1
4226	3
4227	3
4229	2
4230	4
4231	1
4232	3
4233	3
4234	2
4236	2
4237	1
4239	3
4241	3
4242	1
4243	1
4244	1
4245	1
4246	3
4247	2
4248	2
4249	1
4250	1
4251	2
4252	4
4255	2
4256	2
4257	2
4258	1
4259	1
4260	2
4261	2
4262	1
4263	2
4264	1
4265	2
4266	1
4267	3
4268	3
4269	2
4272	2
4273	1
4274	2
4278	2
4279	2
4281	2
4283	1
4284	1
4285	1
4286	3
4287	1
4288	2
4289	3
4290	1
4291	3
4292	1
4293	3
4294	1
4295	3
4296	5
4298	1
4299	2
4300	3
4301	1
4304	1
4305	2
4307	1
4308	3
4309	4
4310	1
4312	1
4314	2
4315	1
4316	2
4317	1
4319	3
4320	4
4322	1
4325	4
4327	3
4329	1
4330	2
4331	3
4332	3
4333	3
4334	1
4335	4
4336	1
4338	2
4339	2
4343	1
4344	1
4345	2
4346	2
4347	3
4348	1
4349	1
4351	1
4353	2
4354	1
4355	1
4356	2
4357	3
4358	2
4360	2
4362	1
4363	1
4364	2
4366	2
4367	1
4369	2
4370	1
4371	1
4372	5
4373	1
4375	3
4376	1
4377	2
4378	2
4380	2
4381	3
4382	3
4383	1
4384	2
4386	2
4387	3
4388	2
4390	4
4392	1
4393	2
4395	1
4396	3
4398	3
4399	5
4400	2
4401	2
4402	1
4404	2
4405	1
4407	1
4408	2
4409	2
4410	4
4411	1
4412	4
4413	2
4414	1
4415	1
4416	3
4417	1
4418	1
4419	2
4420	1
4421	1
4422	2
4423	2
4426	1
4427	3
4428	3
4429	1
4430	1
4431	3
4432	2
4433	1
4434	4
4436	1
4437	1
4439	2
4440	1
4441	5
4442	1
4443	1
4444	3
4446	1
4447	2
4448	1
4450	2
4451	2
4452	2
4453	1
4454	1
4456	2
4457	2
4459	4
4460	2
4461	1
4464	2
4465	1
4466	4
4467	2
4469	2
4470	4
4473	3
4474	3
4478	2
4480	2
4481	2
4482	1
4483	3
4484	2
4485	1
4487	3
4488	2
4489	2
4490	2
4491	6
4492	3
4493	3
4496	2
4497	2
4498	2
4499	3
4500	4
4501	2
4502	2
4503	4
4504	2
4505	2
4506	2
4507	2
4509	2
4510	2
4511	1
4512	1
4515	1
4516	1
4517	3
4518	4
4519	2
4520	3
4521	1
4523	2
4524	4
4525	1
4526	2
4529	3
4530	2
4531	2
4532	2
4533	1
4534	1
4535	1
4536	4
4538	1
4539	1
4540	2
4541	3
4542	2
4543	2
4544	2
4545	1
4547	1
4548	1
4549	5
4550	2
4551	3
4552	5
4553	3
4555	1
4556	4
4557	1
4558	1
4559	2
4561	1
4562	2
4563	3
4564	2
4565	1
4566	4
4567	2
4568	4
4570	2
4571	4
4572	2
4574	1
4575	2
4576	1
4579	2
4580	3
4581	5
4582	3
4583	3
4584	2
4585	1
4586	1
4587	1
4588	8
4589	2
4590	1
4591	3
4593	2
4594	2
4596	2
4597	3
4598	5
4599	6
4600	1
4601	2
4603	2
4604	1
4605	1
4606	2
4607	2
4608	3
4609	1
4610	5
4612	2
4613	1
4614	1
4616	2
4617	5
4618	2
4619	4
4620	2
4621	3
4622	9
4623	30
4624	3
4625	3
4626	3
4627	4
4628	5
4629	3
4630	1
4631	6
4632	2
4633	1
4634	2
4635	4
4636	1
4637	2
4638	3
4639	1
4640	1
4641	1
4642	3
4644	3
4645	2
4646	3
4647	1
4648	1
4650	1
4651	3
4654	4
4655	2
4656	3
4657	4
4658	1
4659	3
4660	3
4661	3
4662	2
4663	1
4664	3
4665	3
4666	1
4667	2
4668	2
4669	3
4670	3
4671	2
4672	2
4673	1
4674	1
4675	2
4676	3
4677	1
4678	3
4679	2
4680	1
4681	1
4682	1
4683	2
4684	1
4685	2
4686	2
4687	4
4688	4
4689	1
4691	2
4692	1
4693	2
4694	1
4695	3
4696	2
4697	1
4698	1
4699	6
4700	2
4701	1
4702	3
4703	3
4704	4
4705	4
4706	1
4708	1
4709	1
4710	1
4711	4
4712	1
4713	4
4714	3
4715	1
4716	2
4717	1
4720	1
4721	1
4722	1
4723	1
4724	3
4725	1
4727	4
4728	3
4729	5
4730	3
4731	2
4732	1
4733	3
4734	2
4736	3
4738	1
4739	1
4740	2
4741	2
4742	2
4743	2
4748	2
4750	1
4751	3
4752	1
4754	3
4755	2
4756	3
4757	3
4758	2
4759	4
4762	2
4763	2
4764	3
4765	2
4766	6
4767	2
4768	1
4769	3
4770	2
4771	2
4772	3
4773	1
4774	2
4775	2
4778	1
4779	1
4780	4
4781	3
4782	1
4783	4
4785	2
4786	3
4787	3
4789	3
4790	3
4792	3
4793	1
4794	2
4795	2
4796	1
4797	1
4798	4
4800	1
4801	2
4802	3
4803	2
4804	1
4805	2
4806	4
4807	4
4809	2
4810	1
4811	1
4812	2
4813	2
4815	1
4816	3
4817	2
4818	1
4819	1
4820	1
4821	1
4822	4
4823	3
4824	2
4825	1
4826	1
4827	2
4828	3
4829	1
4830	1
4831	3
4832	1
4833	1
4834	1
4835	1
4837	1
4838	2
4839	1
4843	2
4844	1
4846	3
4847	1
4848	2
4849	2
4850	1
4851	1
4852	2
4853	2
4854	1
4855	1
4856	1
4857	3
4859	4
4860	1
4861	2
4862	1
4863	1
4864	1
4865	1
4867	2
4868	4
4869	2
4870	1
4871	2
4874	2
4876	4
4877	1
4878	1
4879	2
4881	3
4882	1
4883	2
4885	5
4886	1
4887	3
4889	2
4891	2
4892	3
4893	3
4894	2
4895	4
4899	2
4900	3
4901	5
4902	2
4903	3
4904	2
4905	2
4906	2
4907	1
4908	3
4909	2
4910	1
4911	3
4912	2
4913	4
4914	2
4916	2
4917	2
4918	2
4919	1
4920	1
4921	1
4922	1
4923	3
4924	2
4925	2
4926	1
4929	3
4930	4
4931	5
4932	5
4933	2
4934	1
4937	3
4938	2
4939	1
4940	3
4942	2
4943	1
4944	3
4945	4
4946	1
4947	1
4948	2
4949	3
4950	1
4951	3
4952	1
4953	2
4954	3
4955	2
4956	2
4957	2
4958	2
4959	2
4960	3
4961	1
4962	2
4963	2
4966	2
4967	4
4968	1
4969	1
4970	2
4971	3
4972	1
4973	3
4974	3
4976	2
4977	2
4978	2
4979	4
4980	2
4982	3
4983	1
4984	2
4985	2
4986	1
4987	4
4988	1
4989	1
4990	3
4992	2
4993	4
4995	3
4996	3
4997	3
4998	4
4999	3
5000	4
5001	1
5003	4
5005	4
5006	1
5007	1
5008	1
5009	2
5010	6
5011	3
5012	3
5013	3
5015	3
5017	4
5018	2
5021	2
5023	2
5024	1
5025	1
5026	2
5027	1
5029	1
5030	2
5031	2
5032	2
5033	5
5034	1
5036	3
5037	1
5039	2
5040	2
5041	4
5042	4
5043	3
5044	2
5045	2
5046	1
5047	2
5048	2
5049	4
5050	2
5051	1
5053	1
5054	3
5058	1
5059	2
5061	2
5062	2
5063	1
5064	2
5066	3
5067	4
5068	4
5069	4
5071	2
5072	2
5073	1
5074	2
5075	2
5076	3
5077	3
5078	2
5079	5
5080	2
5081	1
5082	3
5083	3
5084	2
5085	2
5086	4
5089	1
5090	3
5091	1
5092	1
5093	3
5094	5
5095	2
5096	1
5097	1
5098	1
5099	2
5100	3
5101	1
5102	3
5103	1
5104	2
5105	3
5106	1
5107	3
5108	3
5109	5
5110	4
5111	1
5112	3
5113	2
5114	3
5115	1
5116	3
5117	2
5118	3
5120	2
5121	1
5123	1
5125	2
5126	1
5127	1
5130	1
5131	3
5132	2
5133	1
5134	2
5135	1
5136	3
5137	3
5138	2
5139	2
5140	2
5141	1
5142	4
5143	2
5144	1
5146	3
5148	2
5149	2
5150	2
5151	2
5152	2
5153	3
5154	3
5155	2
5156	4
5157	2
5158	3
5160	1
5161	1
5162	4
5163	3
5165	2
5167	2
5168	1
5169	2
5170	5
5171	3
5172	1
5173	1
5174	3
5176	3
5177	6
5179	1
5180	1
5181	4
5182	5
5183	4
5184	2
5185	3
5186	2
5187	3
5188	2
5189	3
5190	1
5191	2
5192	3
5193	3
5194	1
5195	1
5196	5
5197	3
5198	1
5200	4
5201	3
5202	1
5203	1
5204	4
5207	2
5209	3
5210	4
5211	2
5212	3
5213	1
5214	2
5215	4
5216	4
5217	3
5219	5
5220	1
5222	1
5224	4
5225	3
5226	3
5227	4
5228	4
5229	1
5230	1
5231	4
5232	1
5233	2
5234	1
5235	2
5236	1
5237	4
5238	2
5239	5
5240	1
5241	1
5242	3
5243	1
5244	4
5245	1
5246	3
5247	3
5249	2
5250	1
5251	2
5252	1
5253	1
5254	2
5255	2
5256	2
5258	3
5259	2
5260	1
5261	3
5262	2
5263	1
5264	1
5265	3
5266	1
5267	1
5268	2
5269	2
5270	2
5271	1
5272	1
5273	1
5274	2
5275	2
5276	3
5277	4
5279	2
5280	3
5281	4
5282	5
5283	3
5284	2
5285	3
5286	1
5288	2
5289	1
5290	1
5291	2
5293	3
5294	2
5295	1
5296	3
5297	2
5299	4
5300	5
5302	1
5303	1
5305	5
5307	4
5308	4
5309	3
5310	3
5311	2
5313	1
5314	1
5315	3
5316	3
5317	3
5318	2
5319	2
5320	2
5322	1
5323	1
5325	1
5327	1
5328	4
5329	1
5330	2
5331	2
5334	4
5335	3
5336	2
5337	4
5338	2
5340	4
5343	3
5344	1
5345	2
5346	1
5347	1
5349	1
5350	5
5352	2
5353	1
5354	3
5357	3
5358	3
5359	1
5361	2
5362	2
5363	1
5364	1
5366	3
5367	2
5369	2
5370	1
5371	2
5372	2
5373	1
5374	2
5375	4
5376	3
5377	5
5379	3
5380	1
5381	1
5383	2
5384	1
5385	1
5386	3
5387	1
5388	2
5389	2
5391	2
5392	1
5394	3
5395	1
5396	4
5397	2
5398	2
5400	4
5401	2
5402	4
5403	2
5404	2
5405	2
5406	2
5407	2
5408	2
5409	1
5410	2
5412	2
5413	1
5414	1
5415	1
5416	1
5417	3
5418	1
5419	1
5420	2
5421	4
5422	3
5423	1
5425	3
5426	4
5427	1
5429	1
5430	1
5431	2
5432	1
5433	3
5434	3
5435	2
5436	2
5437	1
5438	2
5439	2
5440	2
5441	3
5443	5
5444	1
5445	2
5446	3
5447	3
5448	1
5449	3
5450	1
5451	2
5452	2
5453	3
5454	2
5455	2
5456	3
5457	3
5458	1
5459	3
5460	2
5461	5
5462	1
5463	3
5464	2
5466	3
5467	2
5468	5
5469	4
5470	1
5472	5
5473	6
5474	2
5475	2
5476	1
5477	2
5478	4
5479	3
5480	3
5481	3
5482	1
5483	4
5484	2
5485	1
5486	1
5487	2
5488	1
5489	6
5490	1
5491	3
5492	3
5493	2
5494	2
5495	6
5496	1
5497	3
5498	2
5499	1
5500	2
5501	1
5502	4
5504	1
5505	2
5506	4
5508	1
5509	2
5510	1
5511	4
5514	6
5515	2
5516	6
5517	1
5518	1
5519	3
5521	1
5522	1
5523	2
5524	2
5525	3
5527	2
5528	7
5529	2
5531	8
5533	1
5534	1
5535	2
5536	2
5537	1
5539	1
5540	3
5542	1
5543	2
5546	1
5547	2
5548	1
5549	1
5550	1
5553	1
5554	1
5555	1
5557	3
5558	1
5559	4
5560	1
5561	5
5562	1
5563	5
5564	1
5565	3
5566	3
5567	1
5568	4
5569	5
5570	4
5571	1
5572	3
5573	3
5574	2
5575	3
5577	2
5578	1
5579	1
5580	2
5581	1
5582	2
5583	3
5584	1
5585	2
5586	2
5587	3
5588	1
5589	5
5590	1
5591	1
5593	2
5594	1
5595	2
5597	3
5598	1
5599	5
5600	3
5601	2
5602	4
5603	2
5604	3
5605	1
5607	2
5608	2
5609	3
5611	2
5612	3
5613	2
5615	3
5616	2
5617	2
5619	4
5620	2
5621	5
5622	3
5623	3
5624	3
5625	3
5626	1
5627	1
5628	3
5629	2
5630	1
5631	2
5632	1
5633	2
5634	3
5635	1
5636	5
5637	4
5638	3
5639	3
5640	3
5641	1
5642	2
5643	3
5644	2
5645	2
5647	1
5648	1
5650	4
5653	3
5654	2
5655	1
5656	6
5657	2
5658	2
5659	3
5660	3
5661	2
5662	1
5663	2
5666	2
5668	2
5669	1
5671	3
5672	1
5673	3
5675	4
5676	4
5677	3
5678	2
5680	1
5681	2
5682	6
5683	1
5684	3
5686	3
5687	4
5688	2
5689	2
5690	1
5691	3
5693	2
5694	2
5696	3
5697	2
5698	2
5699	2
5700	3
5701	3
5702	2
5703	1
5704	3
5705	3
5706	3
5707	1
5709	1
5711	7
5713	1
5715	2
5716	2
5717	5
5719	1
5720	4
5721	2
5722	1
5723	2
5724	2
5725	1
5726	2
5727	3
5728	1
5729	2
5730	1
5731	3
5732	1
5733	1
5735	3
5736	1
5737	1
5738	2
5740	2
5741	3
5742	1
5743	1
5744	1
5745	2
5746	3
5747	4
5748	2
5749	1
5751	1
5752	2
5753	4
5754	1
5756	1
5758	1
5760	1
5761	1
5762	1
5763	2
5764	4
5765	3
5766	4
5767	2
5768	5
5769	2
5770	2
5771	3
5773	1
5774	2
5775	1
5776	1
5777	1
5778	1
5781	2
5783	3
5785	3
5786	2
5787	3
5788	3
5789	1
5791	2
5792	1
5793	2
5794	1
5795	2
5796	2
5798	1
5799	2
5800	3
5801	3
5802	2
5803	2
5804	2
5805	1
5806	4
5807	1
5808	2
5809	2
5810	3
5811	1
5812	2
5814	4
5815	5
5816	1
5817	4
5819	1
5820	3
5821	1
5823	4
5824	3
5825	2
5826	1
5827	3
5828	1
5830	1
5831	3
5832	2
5833	1
5834	3
5835	1
5836	2
5837	3
5838	1
5839	2
5841	1
5842	1
5843	9
5844	4
5845	1
5846	1
5848	2
5849	1
5850	1
5851	4
5852	2
5853	2
5854	2
5856	2
5857	2
5858	2
5859	1
5860	1
5861	4
5862	3
5863	2
5864	2
5865	2
5867	1
5868	1
5869	4
5870	3
5871	1
5872	2
5873	3
5874	2
5875	2
5876	3
5877	4
5878	1
5879	1
5880	2
5881	1
5882	5
5883	3
5884	3
5886	2
5887	2
5889	4
5890	2
5891	4
5892	4
5894	2
5895	1
5896	2
5897	4
5900	1
5901	1
5902	1
5903	3
5904	2
5905	2
5906	2
5907	3
5908	3
5909	2
5910	1
5911	3
5912	1
5914	2
5915	1
5916	3
5917	2
5918	4
5919	2
5920	3
5921	5
5922	4
5923	3
5924	1
5928	1
5930	1
5932	1
5933	2
5934	4
5935	1
5936	2
5937	3
5938	1
5940	1
5941	2
5942	1
5943	2
5944	3
5945	3
5947	4
5948	3
5949	3
5951	1
5952	4
5953	4
5954	3
5955	1
5957	2
5958	2
5959	3
5960	3
5961	1
5962	1
5963	5
5964	4
5965	2
5967	3
5968	2
5970	1
5972	1
5973	2
5974	1
5975	1
5976	1
5977	3
5978	2
5979	3
5980	1
5981	2
5982	1
5983	1
5984	3
5986	2
5988	3
5989	4
5990	4
5992	1
5993	7
5995	1
5996	2
5997	2
5998	4
5999	2
6001	2
6002	1
6003	4
6004	2
6005	2
6006	1
6007	1
6008	3
6009	2
6011	1
6012	5
6013	1
6015	3
6016	4
6017	1
6018	2
6019	2
6020	1
6021	5
6022	1
6023	1
6024	2
6025	3
6026	1
6027	3
6028	1
6029	2
6030	1
6031	3
6032	2
6034	3
6035	2
6036	2
6037	1
6038	2
6039	1
6040	1
6041	2
6042	4
6043	2
6044	1
6045	4
6046	1
6047	3
6048	1
6049	2
6050	1
6051	2
6052	3
6053	2
6054	2
6055	2
6056	1
6057	2
6058	1
6059	1
6060	4
6061	2
6062	3
6063	3
6064	3
6065	2
6066	1
6067	1
6068	1
6069	2
6071	2
6072	4
6073	1
6075	2
6076	2
6077	1
6078	2
6079	7
6080	1
6081	2
6082	3
6084	4
6085	2
6087	3
6088	4
6089	3
6090	2
6091	3
6092	2
6093	4
6095	1
6096	1
6097	5
6098	3
6100	2
6101	2
6103	1
6104	3
6105	2
6106	1
6107	2
6108	1
6109	3
6110	2
6111	3
6112	3
6113	1
6115	3
6116	3
6117	2
6118	2
6119	2
6120	1
6121	5
6122	2
6123	5
6124	2
6125	5
6126	5
6127	1
6128	2
6129	1
6130	1
6131	1
6132	5
6133	2
6134	5
6135	3
6137	1
6138	4
6139	1
6140	2
6141	1
6142	4
6143	3
6144	2
6145	3
6146	3
6147	2
6149	2
6150	2
6151	3
6152	4
6153	3
6154	3
6156	4
6158	1
6159	4
6160	4
6161	3
6162	3
6163	1
6165	2
6166	3
6167	3
6168	2
6169	1
6170	2
6171	4
6172	3
6174	1
6175	1
6176	1
6177	2
6178	3
6179	1
6181	1
6182	2
6183	4
6184	6
6185	4
6186	5
6188	1
6191	2
6192	2
6193	1
6194	3
6195	4
6196	3
6198	2
6199	3
6200	1
6201	4
6202	2
6203	1
6205	4
6206	4
6207	2
6209	2
6210	2
6211	3
6213	3
6214	3
6215	3
6216	7
6217	2
6218	2
6219	3
6220	1
6221	4
6222	1
6223	2
6224	6
6225	2
6227	1
6228	2
6229	1
6230	7
6231	5
6232	4
6233	2
6234	1
6235	2
6236	2
6237	2
6239	1
6240	1
6242	1
6243	2
6244	4
6245	3
6246	2
6247	2
6248	1
6249	3
6250	1
6251	1
6252	3
6253	4
6254	3
6257	1
6259	1
6260	3
6261	4
6262	1
6263	3
6264	1
6267	3
6268	4
6269	1
6270	1
6271	3
6272	1
6273	2
6275	3
6276	2
6277	1
6278	1
6279	3
6280	1
6281	3
6282	3
6283	4
6284	2
6285	3
6286	2
6287	5
6288	2
6289	2
6290	2
6292	2
6294	2
6295	1
6296	1
6297	3
6298	2
6299	1
6300	2
6301	2
6302	4
6303	3
6304	4
6305	5
6307	1
6308	2
6309	3
6310	3
6311	2
6312	6
6313	2
6314	1
6315	3
6317	3
6318	2
6319	2
6320	1
6321	3
6322	2
6323	2
6324	1
6325	5
6326	1
6327	5
6328	1
6330	5
6331	1
6332	4
6333	2
6334	4
6335	2
6336	5
6337	2
6338	2
6339	1
6340	2
6342	3
6344	1
6345	2
6346	4
6347	2
6348	4
6349	1
6351	2
6352	1
6353	3
6354	2
6355	5
6356	1
6358	1
6359	3
6360	5
6361	1
6363	1
6364	1
6365	2
6366	4
6367	1
6368	1
6369	2
6370	2
6371	2
6372	1
6373	2
6374	1
6375	2
6376	1
6377	3
6378	3
6379	2
6380	1
6381	4
6382	1
6383	3
6384	3
6385	5
6386	2
6387	1
6388	1
6389	3
6390	1
6391	1
6392	2
6393	1
6394	2
6396	3
6397	1
6398	1
6399	3
6402	2
6403	4
6404	3
6405	2
6406	1
6407	2
6409	1
6410	2
6411	3
6413	1
6414	1
6415	3
6416	3
6417	4
6418	3
6419	2
6420	2
6421	4
6422	4
6423	1
6424	1
6425	5
6426	1
6427	3
6428	2
6429	1
6430	3
6431	3
6432	2
6433	4
6435	1
6436	3
6437	2
6438	3
6439	4
6440	1
6441	3
6443	2
6444	3
6445	1
6446	3
6447	4
6448	3
6449	1
6450	1
6451	1
6452	3
6453	3
6455	3
6456	4
6457	1
6458	2
6459	4
6460	2
6461	1
6462	3
6463	3
6464	3
6465	4
6466	3
6467	2
6468	3
6469	1
6470	3
6471	3
6472	1
6473	4
6474	2
6476	2
6477	2
6478	2
6479	1
6480	1
6481	4
6482	2
6483	3
6484	2
6485	2
6486	5
6487	2
6488	5
6489	1
6490	5
6491	4
6492	2
6493	2
6494	1
6495	2
6496	1
6497	1
6499	4
6500	2
6501	3
6502	3
6503	3
6504	2
6505	2
6506	3
6508	5
6510	3
6511	3
6512	3
6513	2
6515	1
6516	2
6517	3
6518	3
6520	3
6521	3
6522	1
6523	2
6524	3
6525	4
6527	2
6528	3
6529	1
6530	2
6531	2
6532	1
6534	2
6535	2
6536	1
6537	2
6538	1
6539	5
6540	2
6542	3
6543	1
6544	2
6546	2
6548	2
6549	3
6550	4
6551	1
6552	1
6553	1
6554	2
6555	3
6556	1
6558	2
6559	1
6560	1
6561	3
6562	3
6563	2
6564	3
6565	3
6566	1
6567	4
6570	1
6571	1
6572	2
6573	2
6574	5
6575	1
6576	5
6577	4
6578	1
6579	3
6581	1
6582	1
6583	2
6584	2
6585	2
6586	2
6587	1
6588	5
6589	5
6590	1
6591	3
6592	1
6593	3
6595	2
6596	1
6597	4
6598	1
6599	2
6600	3
6602	1
6603	2
6605	2
6606	2
6607	2
6608	2
6609	1
6610	2
6612	2
6613	2
6614	1
6616	1
6617	2
6618	1
6620	2
6621	4
6623	1
6624	6
6626	3
6627	2
6628	2
6629	1
6630	1
6631	4
6632	2
6633	2
6634	1
6635	2
6636	2
6637	2
6639	3
6640	1
6641	6
6642	3
6643	2
6644	3
6645	1
6646	3
6647	3
6648	2
6649	2
6650	2
6651	2
6653	3
6654	2
6655	3
6656	1
6657	3
6659	2
6660	6
6662	1
6663	1
6664	2
6665	1
6666	3
6667	1
6668	2
6669	2
6670	2
6671	1
6672	2
6674	1
6675	3
6676	7
6677	2
6678	1
6679	1
6680	2
6681	2
6682	2
6683	3
6684	2
6687	2
6688	5
6689	3
6690	3
6691	2
6694	4
6696	3
6697	1
6698	2
6699	3
6700	3
6701	2
6702	2
6703	3
6704	1
6705	1
6707	3
6708	3
6709	2
6710	3
6711	3
6712	2
6713	4
6714	2
6715	1
6716	2
6717	3
6718	4
6719	1
6720	2
6721	2
6722	7
6723	5
6725	5
6726	1
6727	2
6728	3
6729	3
6730	2
6731	2
6732	3
6735	2
6736	1
6737	2
6738	3
6740	3
6741	7
6743	2
6744	2
6745	2
6746	3
6747	2
6748	1
6749	2
6751	2
6752	1
6753	2
6754	2
6755	3
6756	1
6757	3
6758	3
6759	1
6761	2
6762	3
6763	1
6764	1
6766	3
6768	1
6769	1
6770	2
6771	1
6772	1
6773	1
6774	3
6775	2
6776	1
6779	3
6780	3
6781	2
6782	2
6783	3
6784	4
6786	5
6788	3
6789	1
6790	1
6791	1
6792	2
6793	4
6795	1
6796	4
6799	4
6800	1
6801	2
6802	2
6803	2
6805	3
6806	2
6807	2
6808	1
6809	2
6810	3
6811	1
6813	2
6814	4
6816	1
6817	1
6818	2
6819	2
6820	3
6821	2
6822	1
6823	3
6824	3
6825	2
6826	2
6827	3
6828	3
6829	1
6830	2
6831	2
6832	3
6833	1
6834	3
6835	4
6836	4
6837	1
6839	2
6840	2
6841	1
6842	3
6843	2
6844	3
6846	6
6848	1
6849	2
6850	2
6851	3
6852	2
6853	1
6854	1
6855	1
6856	1
6857	3
6859	2
6860	2
6862	2
6863	2
6865	5
6866	3
6868	2
6869	1
6870	2
6871	3
6872	3
6873	1
6875	1
6876	2
6877	2
6878	3
6879	4
6880	3
6881	3
6882	3
6883	3
6884	2
6885	2
6886	2
6887	4
6888	2
6890	1
6891	1
6892	3
6893	4
6897	4
6898	3
6902	2
6903	1
6904	2
6905	1
6906	2
6907	2
6908	1
6909	1
6911	2
6912	1
6913	2
6914	4
6915	4
6916	3
6918	1
6919	5
6920	2
6921	1
6923	5
6924	2
6925	3
6926	3
6927	1
6928	5
6930	4
6931	2
6932	2
6933	2
6934	1
6935	1
6936	1
6937	2
6938	3
6939	2
6940	3
6941	1
6942	3
6943	1
6944	2
6945	3
6946	2
6947	2
6948	2
6949	3
6950	2
6951	3
6952	2
6953	3
6954	2
6955	3
6956	1
6958	2
6959	3
6960	5
6961	1
6962	4
6963	2
6964	1
6965	2
6967	1
6968	1
6969	1
6970	2
6971	2
6972	1
6973	5
6974	2
6975	4
6976	3
6977	2
6978	2
6979	3
6980	1
6981	2
6982	2
6983	4
6984	3
6985	3
6986	3
6987	2
6988	2
6989	3
6990	1
6991	3
6993	3
6994	4
6995	7
6996	1
6997	3
6998	4
6999	1
7000	5
7001	3
7002	1
7004	3
7005	3
7006	1
7007	1
7008	2
7009	3
7010	1
7011	1
7012	5
7013	1
7014	6
7016	1
7017	2
7018	2
7019	4
7021	1
7022	3
7023	1
7024	1
7025	3
7026	1
7027	2
7029	2
7030	1
7031	5
7033	2
7034	2
7035	1
7037	5
7038	5
7039	1
7040	4
7041	2
7042	4
7043	5
7044	1
7046	1
7047	3
7048	1
7049	1
7050	5
7051	3
7052	2
7053	1
7054	1
7055	5
7056	2
7057	1
7058	2
7059	1
7060	2
7061	1
7062	3
7063	2
7064	3
7065	2
7066	3
7067	1
7069	1
7072	2
7073	2
7074	2
7075	4
7076	1
7077	4
7078	2
7079	2
7080	1
7081	1
7082	5
7083	4
7085	4
7086	3
7087	3
7088	1
7090	2
7091	4
7092	3
7093	2
7094	2
7095	2
7097	2
7098	2
7099	3
7100	2
7102	3
7104	2
7107	2
7108	4
7109	3
7110	1
7111	1
7113	1
7114	1
7115	2
7116	1
7117	2
7118	3
7119	2
7120	1
7121	3
7122	2
7123	1
7124	1
7125	1
7127	1
7128	1
7129	2
7130	3
7131	1
7132	2
7133	2
7135	2
7136	2
7137	1
7138	2
7139	2
7140	1
7142	1
7143	3
7144	1
7146	2
7147	2
7148	2
7149	3
7151	1
7152	1
7153	2
7155	2
7156	1
7157	3
7158	1
7159	1
7160	2
7161	3
7162	2
7163	1
7164	3
7165	1
7166	1
7167	4
7168	2
7169	1
7170	2
7171	3
7172	2
7173	5
7174	2
7175	5
7176	1
7177	2
7178	2
7179	1
7180	1
7181	4
7183	4
7184	1
7185	2
7186	1
7187	2
7188	1
7189	2
7190	1
7191	5
7193	3
7194	1
7195	5
7196	2
7197	2
7198	2
7200	4
7201	4
7202	3
7203	1
7204	1
7205	1
7206	4
7207	1
7208	1
7209	3
7210	5
7211	1
7212	3
7214	4
7215	3
7217	4
7218	3
7219	2
7220	4
7221	2
7222	3
7223	2
7224	2
7225	3
7228	1
7231	1
7232	1
7233	4
7234	4
7235	2
7236	3
7237	1
7239	2
7240	2
7241	1
7242	1
7243	2
7244	4
7245	4
7246	1
7247	3
7248	2
7249	1
7250	3
7251	1
7252	1
7253	1
7254	3
7255	3
7256	3
7257	2
7258	2
7259	1
7260	1
7262	2
7263	1
7264	3
7265	2
7266	2
7267	3
7269	1
7272	2
7273	2
7274	1
7275	2
7276	2
7277	2
7280	2
7281	3
7282	1
7283	2
7284	2
7285	1
7286	2
7287	3
7288	3
7289	3
7290	3
7293	2
7294	1
7295	3
7296	2
7297	2
7298	2
7299	1
7300	1
7301	4
7303	1
7304	2
7305	1
7306	2
7307	1
7308	6
7309	3
7310	2
7311	2
7312	4
7313	1
7314	1
7315	2
7316	1
7317	3
7318	3
7320	3
7321	2
7322	4
7323	1
7324	3
7327	2
7328	5
7329	3
7330	2
7331	3
7332	4
7333	1
7334	1
7336	1
7338	4
7339	1
7340	3
7341	1
7342	3
7343	2
7344	1
7345	1
7346	3
7347	1
7350	3
7353	1
7354	1
7355	1
7356	1
7357	2
7358	4
7359	1
7360	2
7361	2
7362	3
7363	2
7365	3
7366	3
7367	1
7368	3
7369	1
7370	2
7371	1
7372	1
7373	4
7376	5
7377	3
7378	3
7379	1
7380	4
7381	3
7382	4
7384	2
7385	3
7386	2
7387	1
7388	3
7389	1
7390	1
7391	3
7393	2
7394	3
7395	2
7396	4
7397	2
7398	5
7399	2
7400	4
7402	3
7403	5
7404	1
7405	2
7406	3
7407	4
7408	5
7409	6
7410	4
7411	3
7412	4
7413	3
7414	1
7415	3
7416	4
7417	3
7419	4
7420	2
7421	2
7422	7
7423	1
7424	1
7425	1
7426	2
7427	2
7428	2
7429	3
7430	2
7431	1
7432	1
7434	2
7436	1
7437	1
7438	2
7439	5
7440	5
7441	1
7442	2
7443	1
7444	1
7445	1
7446	4
7447	3
7448	3
7449	1
7451	1
7452	4
7453	3
7454	2
7455	1
7456	1
7457	6
7458	4
7459	2
7461	1
7462	1
7463	2
7464	1
7465	4
7466	3
7467	2
7468	3
7469	3
7470	1
7471	3
7472	1
7473	1
7474	3
7476	2
7477	1
7478	3
7479	4
7480	2
7481	5
7482	4
7483	1
7484	1
7485	4
7486	1
7487	4
7488	1
7489	5
7490	1
7491	1
7492	3
7493	3
7494	1
7496	1
7497	1
7498	1
7499	1
7500	1
7501	3
7502	1
7503	2
7504	2
7506	2
7507	3
7508	5
7509	1
7513	1
7514	2
7515	1
7516	4
7518	3
7520	1
7521	2
7522	2
7523	2
7524	1
7525	4
7526	1
7527	1
7528	3
7529	1
7530	2
7531	6
7532	2
7534	1
7535	1
7536	1
7537	1
7538	5
7539	3
7540	2
7541	2
7542	1
7543	3
7544	1
7545	2
7546	2
7547	4
7548	1
7549	4
7550	4
7551	1
7552	1
7553	1
7555	2
7556	4
7557	1
7558	4
7559	2
7561	1
7562	2
7563	3
7564	2
7566	3
7567	1
7568	4
7569	2
7570	4
7571	3
7572	2
7573	2
7574	1
7575	1
7577	4
7579	2
7580	2
7581	2
7582	1
7583	1
7584	1
7585	1
7586	3
7587	3
7588	4
7589	3
7590	3
7591	3
7592	2
7593	5
7594	3
7595	1
7596	4
7598	3
7599	3
7601	2
7603	2
7604	1
7605	2
7606	3
7607	5
7608	6
7609	3
7610	1
7611	1
7612	1
7613	3
7614	5
7615	1
7616	1
7618	1
7620	3
7621	2
7622	1
7623	1
7624	2
7625	1
7626	2
7627	1
7628	2
7629	1
7631	2
7632	2
7633	2
7635	3
7636	3
7637	3
7638	1
7639	2
7640	1
7641	2
7642	2
7643	3
7644	1
7645	1
7646	1
7647	4
7648	3
7649	1
7651	1
7652	5
7653	3
7654	2
7655	2
7656	2
7657	3
7658	2
7659	1
7660	3
7661	3
7662	1
7664	3
7665	2
7666	1
7667	1
7668	3
7669	2
7670	1
7672	1
7673	3
7674	1
7675	1
7676	4
7677	5
7678	4
7679	3
7680	2
7681	1
7682	2
7683	2
7684	6
7685	2
7686	2
7687	2
7688	2
7689	2
7690	1
7691	1
7692	1
7695	5
7696	2
7697	1
7700	1
7701	2
7702	3
7703	2
7704	1
7705	2
7709	1
7710	2
7711	1
7714	1
7715	1
7716	2
7717	2
7718	5
7719	3
7720	3
7721	3
7722	1
7724	3
7725	1
7727	1
7728	4
7729	1
7730	2
7731	2
7732	1
7734	1
7735	1
7736	2
7737	3
7738	2
7739	2
7740	3
7741	1
7742	2
7743	2
7744	4
7745	1
7746	2
7747	1
7748	1
7749	5
7750	1
7753	4
7755	1
7756	1
7757	2
7758	2
7759	1
7760	2
7761	2
7762	1
7764	2
7765	3
7766	3
7767	1
7768	3
7769	1
7770	3
7771	6
7773	2
7774	2
7775	6
7776	3
7777	3
7778	3
7780	1
7781	2
7782	2
7783	3
7784	1
7785	2
7786	1
7787	4
7788	2
7789	3
7790	6
7792	2
7793	3
7794	4
7795	2
7796	2
7797	1
7798	2
7799	3
7801	2
7802	1
7803	1
7804	2
7805	2
7806	1
7807	4
7808	3
7810	1
7811	2
7812	4
7814	5
7815	2
7816	4
7817	1
7818	2
7820	6
7822	2
7823	1
7824	1
7825	4
7826	1
7827	1
7828	2
7830	1
7831	2
7832	3
7833	3
7834	2
7835	2
7836	2
7837	2
7838	1
7840	2
7841	1
7842	1
7843	1
7844	1
7845	1
7846	4
7847	2
7848	3
7849	1
7850	2
7851	1
7852	4
7853	3
7857	4
7858	1
7859	1
7862	3
7864	3
7865	3
7866	2
7867	1
7868	4
7869	4
7870	3
7871	3
7873	4
7874	4
7875	3
7876	5
7877	2
7878	2
7879	3
7880	2
7881	3
7882	1
7884	2
7885	1
7888	2
7889	2
7890	3
7892	4
7893	2
7894	1
7895	1
7896	3
7898	3
7899	1
7900	2
7901	1
7902	4
7903	2
7904	2
7905	2
7907	2
7908	4
7909	2
7911	1
7912	1
7913	1
7914	2
7915	3
7917	5
7918	2
7919	2
7920	2
7921	2
7923	3
7924	5
7925	1
7927	2
7928	4
7929	1
7930	2
7933	1
7934	3
7935	3
7936	2
7937	1
7938	2
7939	2
7940	1
7943	1
7944	2
7945	3
7946	2
7947	4
7948	2
7949	2
7950	2
7951	3
7952	2
7954	2
7955	3
7956	2
7957	2
7958	1
7961	3
7962	1
7963	1
7964	1
7965	1
7966	2
7967	1
7968	1
7969	2
7971	1
7972	2
7973	3
7977	2
7978	3
7979	3
7981	1
7982	6
7983	2
7984	1
7985	3
7986	3
7987	1
7988	4
7989	1
7990	3
7992	2
7994	3
7996	2
7997	2
7998	1
7999	1
8000	1
8001	3
8002	1
8003	3
8004	1
8005	1
8007	3
8009	1
8010	2
8011	2
8013	1
8014	1
8015	2
8016	1
8017	2
8018	1
8019	1
8020	3
8021	3
8022	2
8023	1
8024	2
8026	1
8027	1
8028	3
8029	2
8030	3
8031	1
8032	1
8033	1
8035	3
8036	2
8039	3
8042	4
8044	2
8045	1
8046	1
8047	2
8048	4
8049	3
8050	1
8051	1
8055	4
8056	4
8057	2
8058	2
8059	1
8061	4
8063	1
8064	2
8066	2
8067	3
8068	3
8069	3
8070	3
8071	1
8072	2
8073	3
8074	1
8076	1
8077	2
8078	1
8079	3
8080	3
8082	1
8084	2
8086	1
8087	2
8088	5
8089	1
8090	1
8091	1
8092	2
8093	2
8094	2
8095	2
8096	2
8097	2
8098	1
8099	1
8100	1
8101	1
8102	1
8103	1
8105	3
8106	1
8107	3
8109	1
8111	3
8112	1
8113	2
8114	2
8115	1
8116	2
8117	4
8119	3
8122	2
8123	3
8124	1
8125	4
8126	2
8127	3
8128	2
8129	3
8130	4
8131	2
8133	1
8134	1
8135	4
8136	2
8137	2
8138	3
8139	1
8140	1
8141	1
8142	2
8143	2
8144	1
8145	1
8147	3
8148	1
8149	1
8150	2
8151	1
8152	1
8153	1
8154	1
8155	2
8156	2
8157	2
8158	2
8159	2
8160	2
8161	2
8163	1
8164	1
8165	1
8167	1
8168	1
8169	2
8170	2
8171	1
8172	4
8173	1
8175	4
8177	2
8180	1
8181	2
8182	1
8183	1
8184	2
8186	1
8187	1
8188	3
8189	4
8190	1
8191	2
8193	1
8194	2
8195	5
8196	4
8197	2
8198	2
8199	2
8200	2
8201	6
8202	1
8203	3
8204	2
8205	3
8206	2
8208	2
8210	1
8211	2
8213	3
8214	4
8216	1
8218	2
8219	4
8221	1
8223	2
8224	2
8226	2
8227	4
8228	1
8229	2
8230	2
8231	5
8233	5
8234	2
8235	1
8236	4
8239	4
8240	4
8241	5
8242	1
8243	1
8244	3
8246	2
8251	2
8252	2
8253	2
8254	3
8255	1
8256	1
8257	3
8259	1
8260	2
8261	2
8262	2
8263	1
8264	1
8265	3
8266	1
8268	1
8269	2
8270	2
8271	1
8272	1
8273	1
8274	2
8275	3
8276	2
8277	3
8279	1
8280	3
8281	1
8282	3
8283	1
8284	2
8285	2
8288	1
8289	1
8290	3
8291	1
8293	1
8294	2
8295	2
8296	1
8297	2
8298	1
8299	3
8300	3
8301	3
8302	3
8303	3
8304	3
8305	2
8306	1
8307	1
8308	1
8309	2
8310	2
8311	3
8312	4
8313	1
8314	1
8315	2
8317	1
8318	1
8319	2
8322	1
8323	1
8326	1
8327	1
8329	1
8330	2
8331	3
8333	2
8334	2
8335	3
8336	3
8338	4
8339	2
8340	1
8341	1
8342	4
8343	3
8344	2
8345	3
8346	1
8347	1
8349	1
8350	3
8351	4
8353	1
8354	3
8355	3
8356	4
8357	1
8360	2
8361	2
8362	2
8363	3
8364	3
8365	2
8366	2
8368	3
8370	2
8371	1
8372	1
8374	2
8375	1
8376	3
8377	2
8378	3
8380	1
8381	1
8382	1
8383	4
8384	1
8387	1
8388	4
8389	6
8390	3
8391	4
8392	3
8394	1
8395	2
8396	2
8398	2
8399	3
8400	4
8401	4
8403	1
8404	1
8405	2
8406	1
8407	4
8408	2
8409	3
8410	3
8411	1
8412	1
8414	2
8415	2
8416	2
8417	3
8418	1
8419	3
8420	1
8421	2
8422	2
8423	1
8424	2
8426	2
8427	1
8428	3
8429	3
8430	1
8431	2
8433	1
8434	1
8435	5
8436	1
8438	1
8439	2
8440	2
8441	2
8444	1
8446	2
8447	1
8449	4
8450	1
8451	2
8452	1
8453	3
8454	1
8455	2
8456	2
8457	1
8458	2
8460	2
8461	2
8463	1
8464	2
8465	3
8466	1
8467	4
8470	2
8471	2
8472	2
8473	4
8474	2
8475	3
8476	3
8477	3
8478	1
8480	2
8482	2
8484	1
8485	1
8486	3
8487	3
8488	1
8489	2
8491	1
8492	1
8493	2
8495	3
8496	2
8498	1
8499	2
8500	2
8501	1
8503	1
8505	2
8506	2
8507	3
8508	4
8509	1
8511	1
8513	5
8514	2
8515	3
8516	2
8517	1
8519	2
8520	2
8522	1
8523	4
8524	3
8525	1
8526	5
8527	5
8528	2
8529	3
8532	3
8533	1
8534	2
8535	3
8536	1
8537	3
8538	2
8539	1
8540	2
8542	2
8544	5
8545	1
8546	3
8547	4
8548	3
8549	2
8554	1
8555	4
8556	2
8557	1
8558	3
8560	4
8561	4
8562	3
8563	1
8564	1
8565	2
8566	2
8567	3
8568	1
8569	4
8570	2
8571	1
8572	2
8574	1
8575	3
8576	1
8577	3
8580	1
8581	3
8582	2
8583	1
8584	2
8585	1
8586	2
8587	2
8588	4
8589	1
8590	1
8591	1
8592	1
8593	2
8594	2
8595	1
8597	4
8598	1
8599	3
8600	1
8601	2
8602	3
8605	4
8606	1
8608	2
8609	2
8610	2
8611	3
8612	2
8613	5
8614	1
8616	1
8617	1
8618	2
8619	4
8620	4
8622	4
8624	1
8625	4
8626	1
8628	1
8629	1
8630	3
8631	1
8633	1
8634	1
8636	4
8637	4
8638	2
8639	3
8640	6
8641	4
8642	2
8643	1
8644	3
8645	3
8646	2
8647	2
8648	1
8649	1
8650	4
8651	1
8652	2
8653	2
8656	3
8657	1
8658	2
8659	1
8660	3
8661	2
8662	1
8664	2
8665	1
8666	1
8667	1
8668	2
8669	2
8670	1
8671	2
8672	1
8673	4
8674	4
8675	5
8676	2
8677	2
8678	1
8679	2
8680	4
8682	2
8683	2
8684	1
8685	4
8688	2
8689	4
8691	2
8692	1
8693	2
8694	3
8695	4
8696	2
8697	3
8699	1
8700	1
8702	1
8705	1
8706	5
8707	1
8708	2
8709	3
8710	3
8711	2
8712	2
8713	1
8714	1
8715	2
8717	1
8718	1
8719	3
8720	2
8721	1
8722	1
8723	1
8724	2
8726	2
8727	1
8728	2
8731	1
8732	2
8733	1
8734	1
8735	1
8736	2
8738	1
8739	3
8740	2
8741	4
8742	2
8743	2
8745	1
8747	2
8749	2
8750	2
8752	2
8754	2
8756	2
8757	2
8758	2
8760	3
8763	3
8764	3
8765	3
8766	2
8767	2
8768	1
8772	3
8774	2
8776	1
8777	1
8778	2
8780	1
8781	3
8782	2
8783	2
8784	2
8786	2
8787	3
8789	2
8790	4
8791	1
8792	2
8793	1
8794	1
8795	1
8797	2
8800	1
8801	1
8803	2
8804	1
8805	1
8806	1
8807	2
8809	2
8810	1
8811	2
8812	2
8813	2
8814	1
8815	1
8816	2
8818	2
8820	2
8821	1
8822	2
8824	1
8825	2
8827	2
8831	4
8832	1
8833	1
8834	3
8835	3
8836	1
8837	2
8838	1
8839	2
8840	1
8842	1
8843	2
8844	1
8845	3
8846	3
8847	3
8848	2
8849	2
8851	4
8855	2
8856	1
8857	1
8858	2
8859	4
8860	1
8861	1
8862	1
8863	3
8864	5
8865	1
8867	2
8868	1
8869	1
8870	1
8871	1
8873	1
8874	2
8875	1
8876	3
8877	2
8878	3
8879	1
8881	3
8882	1
8884	1
8885	4
8886	1
8887	1
8888	2
8889	1
8890	1
8891	1
8892	4
8893	2
8895	1
8897	1
8898	1
8899	2
8900	1
8901	3
8902	1
8903	1
8904	1
8905	2
8906	2
8907	1
8908	1
8909	1
8910	3
8911	1
8912	1
8913	2
8914	1
8915	5
8917	1
8918	2
8919	2
8920	1
8921	2
8924	4
8925	1
8927	2
8928	1
8929	1
8931	2
8932	3
8933	5
8934	3
8936	2
8938	2
8939	1
8940	4
8941	1
8942	1
8943	1
8944	4
8945	1
8946	1
8947	3
8948	1
8949	1
8950	1
8953	1
8954	2
8955	3
8956	5
8957	3
8958	3
8959	2
8960	3
8961	1
8963	3
8965	1
8966	1
8967	1
8968	2
8969	2
8970	6
8971	2
8972	2
8974	2
8975	3
8976	3
8978	1
8979	2
8980	2
8982	5
8984	1
8985	2
8986	2
8987	2
8988	1
8989	1
8990	4
8992	3
8993	1
8994	4
8995	2
8996	2
8997	4
8998	1
8999	1
9000	2
9001	4
9003	1
9004	1
9005	6
9006	1
9007	2
9010	2
9011	1
9012	1
9013	4
9014	3
9015	3
9016	2
9017	4
9018	4
9020	1
9021	2
9022	3
9024	4
9026	1
9027	1
9028	4
9031	3
9032	3
9033	1
9034	1
9035	1
9036	1
9037	2
9039	2
9040	1
9041	1
9042	2
9043	4
9044	4
9045	1
9046	2
9047	1
9049	2
9050	2
9051	2
9052	1
9053	4
9054	1
9055	3
9056	4
9057	3
9058	3
9059	3
9061	2
9063	2
9064	2
9065	1
9066	3
9067	2
9068	2
9069	2
9070	4
9071	4
9072	1
9073	1
9074	1
9075	4
9077	4
9078	2
9080	1
9081	2
9082	4
9084	2
9085	1
9086	2
9088	2
9089	3
9090	2
9091	2
9092	2
9093	1
9094	1
9095	1
9096	1
9097	2
9098	2
9100	2
9101	1
9102	1
9103	2
9104	3
9105	2
9106	1
9107	4
9108	1
9109	4
9110	2
9111	2
9112	2
9113	2
9114	3
9115	1
9116	1
9118	2
9119	3
9121	3
9122	5
9124	1
9125	2
9128	1
9129	1
9130	2
9131	1
9132	1
9133	1
9134	3
9135	1
9136	2
9137	1
9138	7
9139	3
9141	1
9142	3
9144	2
9145	1
9148	4
9150	4
9151	4
9152	1
9153	1
9154	4
9155	1
9156	2
9157	3
9158	1
9159	1
9160	1
9161	1
9162	2
9163	1
9165	1
9166	3
9167	1
9168	1
9169	2
9170	3
9171	3
9172	1
9173	1
9174	2
9176	3
9177	3
9178	2
9179	3
9181	1
9182	2
9183	2
9184	1
9185	2
9186	1
9187	2
9189	1
9190	2
9191	2
9192	1
9193	1
9194	1
9195	2
9197	1
9198	2
9200	3
9201	1
9203	4
9204	2
9205	2
9206	1
9207	1
9208	3
9209	2
9210	1
9211	2
9212	1
9213	2
9214	1
9216	2
9218	1
9220	3
9221	2
9222	1
9223	1
9224	1
9225	2
9226	2
9227	1
9228	1
9229	2
9230	4
9231	2
9232	2
9233	1
9234	1
9235	2
9236	2
9237	5
9238	2
9239	1
9240	1
9241	2
9242	2
9243	1
9244	3
9246	1
9248	1
9249	1
9252	2
9253	1
9254	3
9255	4
9257	2
9258	2
9261	1
9262	3
9263	2
9264	1
9265	1
9266	4
9267	1
9268	1
9269	1
9270	1
9271	2
9272	2
9273	1
9274	2
9275	2
9276	5
9277	4
9278	2
9279	3
9280	2
9282	4
9283	1
9284	1
9286	3
9287	2
9288	1
9289	2
9291	2
9292	1
9293	2
9294	1
9296	3
9298	2
9299	1
9301	1
9302	1
9304	3
9305	3
9306	1
9307	3
9308	1
9309	2
9310	1
9311	2
9312	1
9313	2
9315	1
9316	2
9317	2
9318	2
9320	2
9321	2
9323	2
9324	5
9325	1
9327	1
9328	1
9330	3
9331	1
9332	2
9333	3
9336	3
9337	2
9338	2
9339	3
9341	2
9342	1
9343	2
9344	2
9345	2
9347	3
9348	2
9350	3
9351	2
9352	2
9353	2
9354	4
9355	3
9356	1
9357	4
9358	3
9359	1
9360	2
9362	4
9364	2
9365	3
9366	5
9367	1
9368	2
9369	1
9370	4
9371	3
9373	2
9374	2
9375	3
9376	3
9377	2
9378	2
9380	2
9381	3
9382	1
9384	1
9385	1
9386	2
9387	1
9388	3
9390	4
9391	1
9392	6
9393	3
9394	2
9395	2
9397	3
9401	1
9404	2
9405	2
9406	3
9407	3
9408	1
9409	2
9411	1
9412	2
9413	2
9414	2
9415	1
9416	2
9418	1
9419	2
9420	2
9421	2
9423	1
9424	1
9425	2
9427	5
9428	1
9429	4
9430	3
9432	1
9433	3
9434	4
9435	1
9437	1
9438	1
9441	1
9444	2
9445	3
9446	1
9449	2
9450	1
9452	3
9454	3
9455	1
9459	1
9460	2
9461	1
9462	2
9463	1
9464	1
9465	3
9466	4
9467	1
9468	1
9469	1
9470	3
9471	3
9472	3
9473	2
9474	5
9476	2
9477	1
9478	4
9479	2
9480	2
9481	7
9482	4
9485	3
9486	2
9488	3
9489	3
9490	3
9491	3
9492	2
9493	1
9494	4
9495	2
9496	1
9497	4
9498	2
9499	1
9500	3
9501	2
9502	3
9503	2
9505	1
9506	1
9507	1
9509	1
9510	1
9512	2
9515	1
9516	1
9519	1
9520	1
9521	1
9522	1
9523	3
9524	3
9525	3
9526	1
9528	1
9529	2
9530	2
9532	1
9534	2
9536	2
9537	2
9538	1
9540	1
9541	2
9542	2
9543	2
9545	2
9546	2
9547	4
9548	4
9549	1
9550	3
9551	2
9552	2
9553	2
9554	4
9555	2
9556	2
9557	1
9558	3
9559	2
9561	2
9562	1
9564	3
9566	2
9567	3
9569	3
9570	1
9571	1
9572	2
9573	3
9575	3
9576	1
9578	4
9580	2
9581	1
9582	1
9583	2
9584	6
9585	1
9586	1
9587	1
9589	3
9590	1
9593	1
9594	2
9595	2
9596	1
9597	2
9598	1
9599	5
9600	2
9603	2
9604	3
9605	3
9606	2
9607	3
9608	1
9609	1
9610	5
9611	2
9612	3
9614	2
9615	1
9617	3
9618	3
9621	4
9622	2
9623	1
9624	3
9625	1
9626	1
9627	2
9629	1
9630	2
9631	2
9633	3
9634	2
9636	2
9637	3
9638	1
9639	2
9642	3
9643	1
9644	2
9645	1
9646	2
9648	3
9649	2
9650	1
9651	1
9654	1
9656	1
9657	1
9658	3
9659	3
9660	3
9662	6
9664	3
9665	2
9666	4
9667	4
9668	2
9669	3
9670	1
9671	1
9672	6
9673	4
9675	1
9676	4
9678	1
9679	1
9681	2
9682	1
9683	2
9684	3
9685	1
9686	1
9687	1
9688	6
9689	3
9690	2
9691	1
9692	1
9695	1
9696	3
9698	3
9699	2
9700	2
9701	2
9702	2
9704	2
9705	2
9707	2
9708	1
9709	2
9712	1
9713	2
9714	5
9715	2
9716	2
9717	2
9719	4
9721	1
9722	2
9723	1
9724	3
9725	1
9726	3
9727	1
9728	1
9729	2
9730	3
9731	1
9732	2
9733	2
9734	2
9736	1
9737	2
9738	2
9739	2
9740	1
9742	1
9743	2
9744	1
9745	2
9746	1
9747	2
9748	1
9749	1
9750	4
9752	1
9754	1
9755	1
9756	6
9757	1
9758	2
9759	1
9760	1
9761	1
9762	2
9763	1
9764	1
9765	2
9766	1
9767	4
9768	2
9769	3
9770	2
9771	3
9773	1
9774	5
9775	1
9776	6
9778	2
9779	2
9780	3
9782	4
9783	1
9785	1
9786	2
9788	2
9790	2
9791	3
9794	2
9795	1
9796	2
9798	3
9799	3
9800	2
9801	2
9802	2
9803	2
9805	3
9807	3
9808	1
9809	2
9810	2
9811	3
9812	2
9813	3
9814	4
9815	2
9816	3
9817	1
9818	1
9819	2
9820	3
9821	2
9822	2
9823	2
9824	2
9826	4
9827	4
9829	2
9830	1
9831	3
9832	1
9833	1
9835	1
9836	2
9837	2
9838	1
9839	1
9840	2
9841	2
9842	1
9843	1
9844	1
9848	1
9849	3
9850	2
9851	2
9852	1
9853	1
9854	4
9855	1
9856	1
9857	3
9858	2
9859	1
9860	5
9861	2
9862	5
9863	2
9864	4
9865	1
9867	3
9868	1
9871	3
9873	1
9875	2
9876	2
9877	5
9878	3
9879	3
9880	1
9881	1
9884	1
9885	3
9886	3
9887	2
9888	2
9889	3
9891	1
9892	1
9893	1
9894	2
9895	2
9896	2
9897	2
9898	4
9899	1
9900	1
9901	4
9902	1
9903	1
9904	2
9905	5
9906	1
9907	3
9908	2
9910	2
9911	1
9912	6
9913	2
9916	3
9918	2
9920	2
9921	2
9922	1
9924	1
9926	6
9928	3
9929	2
9930	1
9931	3
9932	1
9934	1
9936	2
9937	1
9938	2
9939	4
9940	1
9941	2
9942	4
9943	1
9944	2
9945	2
9946	1
9947	1
9948	1
9949	2
9950	1
9951	2
9952	2
9953	2
9956	3
9957	1
9958	1
9959	2
9960	1
9961	1
9962	1
9963	1
9964	1
9965	1
9966	2
9967	2
9968	3
9970	1
9971	2
9974	2
9975	2
9976	2
9977	1
9978	2
9979	2
9982	2
9983	1
9985	1
9986	2
9987	2
9990	4
9991	2
9992	1
9993	1
9994	1
9995	2
9996	2
9997	1
9998	4
9999	2
10000	2
10001	1
10002	2
10003	2
10004	2
10005	3
10006	3
10007	1
10008	1
10009	2
10010	1
10012	1
10013	1
10014	1
10016	2
10017	2
10018	4
10020	1
10021	2
10022	3
10023	3
10026	2
10027	1
10029	1
10030	3
10031	1
10032	1
10033	2
10034	2
10035	2
10036	1
10037	1
10038	4
10039	1
10040	1
10041	3
10042	2
10043	2
10044	1
10045	3
10046	4
10047	1
10048	2
10049	3
10050	1
10052	1
10053	1
10054	2
10055	2
10056	1
10057	1
10058	1
10059	1
10060	1
10061	3
10062	3
10066	2
10067	2
10068	5
10069	1
10070	1
10071	1
10072	1
10074	1
10076	2
10078	1
10079	1
10080	3
10081	1
10082	1
10083	1
10084	1
10085	1
10087	1
10088	3
10089	2
10090	1
10091	1
10092	3
10093	1
10094	2
10095	1
10096	2
10098	1
10099	1
10102	5
10103	2
10105	1
10106	2
10107	3
10108	4
10110	2
10112	1
10113	4
10114	3
10115	1
10116	2
10117	3
10119	1
10120	4
10123	3
10124	2
10125	2
10126	1
10127	2
10128	2
10129	3
10132	1
10133	1
10135	2
10138	1
10139	2
10141	3
10142	2
10145	1
10146	1
10147	3
10148	1
10149	3
10150	3
10151	1
10152	1
10153	1
10154	1
10155	1
10156	2
10158	3
10159	1
10161	2
10163	2
10164	1
10165	2
10166	4
10167	1
10168	1
10169	2
10170	3
10171	1
10172	3
10173	1
10174	4
10176	2
10178	1
10179	2
10180	1
10181	2
10182	1
10183	2
10185	1
10186	1
10187	1
10189	1
10191	3
10192	1
10194	2
10195	2
10196	1
10197	3
10198	2
10199	1
10201	1
10202	2
10203	1
10204	1
10205	3
10206	3
10208	3
10209	2
10210	1
10212	2
10217	1
10220	1
10221	1
10222	1
10225	1
10226	3
10227	1
10228	3
10229	2
10231	2
10232	5
10234	1
10235	1
10236	2
10237	1
10238	3
10239	4
10240	1
10243	1
10244	2
10249	3
10250	1
10251	1
10252	1
10253	2
10254	1
10255	1
10256	2
10257	1
10258	2
10259	2
10260	1
10261	1
10262	4
10263	2
10264	1
10265	2
10266	2
10267	2
10268	2
10269	2
10270	1
10271	1
10272	1
10274	2
10275	3
10276	1
10277	2
10278	1
10279	2
10280	3
10281	4
10282	1
10283	3
10284	2
10285	2
10286	2
10287	4
10288	1
10289	2
10290	3
10291	1
10293	2
10294	1
10295	1
10296	1
10297	2
10298	2
10299	3
10300	1
10301	3
10302	5
10304	2
10306	2
10309	2
10312	4
10313	2
10314	1
10315	2
10316	3
10317	2
10318	2
10319	4
10320	2
10321	3
10323	1
10324	1
10325	2
10326	1
10327	5
10328	2
10329	2
10331	2
10334	1
10335	1
10336	1
10337	3
10339	1
10341	1
10342	1
10344	5
10345	1
10346	1
10347	3
10349	1
10350	2
10351	2
10352	1
10355	1
10356	1
10357	2
10359	2
10360	1
10362	1
10365	3
10366	1
10367	2
10368	1
10369	2
10370	3
10371	3
10372	2
10373	1
10374	2
10375	1
10376	1
10377	3
10378	2
10380	2
10381	2
10382	2
10383	1
10384	2
10385	1
10386	3
10387	1
10388	2
10391	2
10392	2
10393	1
10394	2
10395	3
10396	1
10397	1
10398	2
10399	3
10400	4
10401	4
10402	2
10403	1
10404	2
10406	1
10408	1
10409	3
10410	1
10411	1
10412	1
10413	1
10414	1
10415	3
10417	2
10419	1
10421	2
10422	6
10423	3
10424	2
10425	1
10426	2
10427	2
10428	2
10429	2
10431	2
10432	3
10434	2
10436	3
10437	8
10438	1
10439	2
10440	3
10442	1
10443	1
10445	1
10447	4
10448	2
10449	1
10450	3
10451	2
10452	4
10454	1
10455	2
10459	1
10460	3
10461	2
10462	1
10463	3
10464	2
10465	1
10466	1
10467	1
10469	1
10470	3
10471	1
10472	1
10473	1
10474	3
10475	2
10476	2
10477	3
10478	2
10479	2
10480	2
10481	2
10482	5
10483	2
10484	2
10485	2
10486	2
10487	1
10488	2
10489	2
10490	3
10492	1
10493	2
10495	2
10496	3
10497	1
10498	3
10500	1
10502	2
10503	3
10504	1
10505	2
10506	1
10507	4
10509	2
10510	6
10511	2
10512	2
10513	2
10514	1
10516	1
10517	5
10518	2
10519	4
10520	2
10521	3
10523	2
10526	1
10527	3
10528	3
10529	3
10530	3
10531	2
10532	2
10533	3
10534	3
10535	2
10536	1
10537	5
10538	2
10539	2
10540	1
10541	2
10542	1
10543	1
10544	1
10545	1
10546	1
10547	1
10548	2
10549	1
10550	3
10551	6
10552	2
10553	1
10554	7
10556	4
10557	1
10558	1
10559	1
10560	1
10561	2
10562	2
10563	1
10564	4
10565	2
10566	2
10567	5
10569	1
10570	2
10571	1
10572	2
10573	3
10574	3
10575	4
10576	2
10578	2
10579	3
10581	1
10582	4
10584	3
10585	2
10586	3
10589	1
10590	3
10591	1
10592	1
10593	2
10594	1
10595	3
10596	4
10597	3
10598	2
10599	2
10600	1
10601	1
10602	3
10603	3
10604	1
10605	1
10606	1
10607	2
10608	2
10610	2
10611	4
10614	6
10616	2
10617	1
10618	2
10619	2
10620	2
10622	2
10623	3
10625	2
10626	1
10627	1
10628	1
10629	1
10630	1
10631	2
10632	1
10633	3
10634	2
10637	1
10638	3
10639	3
10640	2
10641	3
10642	1
10643	2
10644	4
10645	5
10646	1
10648	1
10649	1
10650	1
10651	2
10652	3
10654	3
10655	4
10656	2
10657	1
10658	1
10659	1
10660	2
10661	3
10662	2
10663	1
10664	1
10665	1
10666	3
10667	2
10668	3
10669	2
10670	1
10671	3
10672	1
10673	3
10675	1
10676	1
10677	1
10678	2
10679	3
10680	1
10681	1
10682	3
10684	4
10685	1
10686	1
10687	2
10688	1
10689	2
10691	4
10692	3
10693	1
10694	2
10695	2
10697	1
10698	3
10699	4
10700	3
10701	2
10702	2
10703	1
10704	2
10705	1
10706	2
10707	1
10708	1
10709	4
10710	1
10711	1
10712	1
10714	2
10716	1
10717	2
10718	3
10719	1
10720	1
10721	1
10722	5
10723	3
10724	2
10725	3
10726	2
10727	2
10728	2
10729	4
10730	1
10732	1
10733	2
10734	1
10735	4
10736	2
10737	2
10739	1
10741	1
10742	1
10743	2
10745	1
10746	2
10747	4
10748	2
10749	1
10750	1
10751	1
10752	1
10754	2
10755	2
10756	2
10757	2
10758	1
10759	1
10760	2
10761	5
10762	1
10764	6
10765	3
10766	1
10767	2
10768	3
10769	2
10770	2
10771	1
10772	1
10774	1
10775	2
10776	5
10778	1
10780	1
10782	1
10783	2
10785	2
10786	1
10787	2
10790	3
10791	2
10792	1
10795	4
10796	2
10797	1
10800	1
10801	4
10802	1
10803	1
10804	1
10805	1
10806	1
10807	2
10809	3
10810	5
10811	2
10812	2
10813	2
10814	3
10816	2
10817	1
10818	2
10819	2
10820	2
10821	1
10822	1
10823	2
10824	2
10825	1
10826	1
10827	3
10829	2
10830	3
10831	2
10832	3
10833	2
10834	1
10835	5
10836	1
10838	1
10839	2
10840	4
10841	3
10842	2
10843	4
10844	1
10845	1
10846	1
10847	4
10848	3
10849	2
10850	2
10851	2
10852	1
10854	5
10855	1
10858	2
10859	3
10860	3
10861	4
10864	1
10865	1
10866	2
10867	3
10868	2
10870	2
10871	3
10874	3
10876	3
10877	2
10878	1
10879	3
10880	2
10881	1
10882	1
10883	3
10885	1
10886	3
10887	2
10889	2
10890	1
10891	2
10892	1
10893	1
10894	3
10896	3
10898	1
10899	3
10900	3
10901	2
10903	1
10904	1
10905	2
10906	2
10908	3
10909	2
10911	4
10912	3
10913	1
10914	1
10915	3
10916	1
10918	2
10919	2
10922	1
10923	3
10924	1
10925	3
10926	2
10927	3
10928	2
10929	2
10930	2
10931	3
10932	1
10933	2
10934	3
10937	5
10938	3
10939	2
10940	2
10941	1
10944	2
10945	1
10946	4
10947	1
10948	1
10949	3
10950	3
10952	4
10953	2
10954	1
10955	1
10957	1
10959	1
10961	1
10962	2
10963	2
10964	1
10965	4
10966	2
10967	2
10968	1
10969	2
10970	1
10971	3
10972	2
10973	2
10974	4
10976	1
10978	1
10979	2
10980	1
10981	1
10982	2
10983	6
10985	4
10986	1
10987	1
10988	1
10989	3
10990	2
10992	1
10993	2
10994	2
10996	1
10997	5
10998	1
10999	1
11002	2
11003	1
11005	4
11007	1
11008	2
11009	2
11010	2
11014	4
11015	2
11016	1
11018	1
11019	1
11020	2
11022	3
11023	1
11026	2
11027	2
11028	4
11030	1
11031	1
11032	3
11034	2
11035	1
11038	4
11039	3
11040	3
11041	1
11042	3
11043	8
11044	4
11045	3
11046	3
11047	2
11048	1
11049	1
11050	3
11051	3
11053	6
11054	1
11055	3
11057	1
11058	4
11059	4
11060	1
11061	2
11062	1
11063	1
11065	3
11066	1
11067	1
11070	2
11071	1
11072	1
11073	2
11074	2
11075	3
11076	3
11077	5
11078	1
11079	1
11080	3
11082	2
11083	1
11085	1
11087	2
11088	1
11090	1
11091	1
11093	1
11094	1
11095	2
11096	1
11097	3
11099	3
11100	4
11101	1
11102	1
11103	1
11104	1
11105	1
11107	2
11109	1
11110	1
11111	2
11112	2
11114	1
11115	4
11117	2
11119	1
11120	1
11121	4
11122	2
11124	2
11126	2
11127	1
11128	1
11130	4
11131	1
11132	1
11133	3
11134	4
11135	2
11137	1
11139	4
11140	2
11141	1
11142	2
11145	1
11146	2
11147	2
11148	1
11149	2
11150	3
11152	3
11153	1
11154	3
11156	2
11157	1
11158	1
11159	1
11160	2
11161	2
11162	3
11163	2
11164	1
11165	3
11168	1
11169	1
11170	3
11171	1
11172	2
11173	1
11174	3
11177	1
11178	1
11180	2
11181	1
11182	1
11183	2
11184	1
11185	2
11186	1
11189	1
11191	1
11192	3
11193	1
11194	1
11195	2
11196	2
11197	1
11198	1
11201	1
11202	5
11203	2
11204	1
11205	2
11206	2
11207	1
11208	4
11209	4
11210	1
11211	1
11212	2
11213	6
11214	1
11216	3
11217	1
11218	2
11219	2
11220	2
11221	1
11222	3
11223	2
11224	2
11225	4
11226	1
11227	1
11228	5
11229	1
11231	2
11232	2
11233	1
11234	3
11237	2
11238	2
11239	2
11241	1
11242	2
11243	3
11244	1
11245	1
11246	1
11247	4
11248	1
11249	1
11250	3
11251	3
11252	3
11253	2
11254	1
11256	2
11257	2
11258	2
11259	3
11260	1
11263	1
11264	1
11265	3
11266	1
11267	4
11268	1
11269	1
11270	1
11271	1
11272	3
11273	2
11274	1
11277	1
11279	2
11280	2
11282	3
11284	2
11286	2
11287	2
11288	3
11289	2
11291	2
11292	2
11293	2
11294	1
11296	1
11297	4
11298	3
11299	1
11300	1
11301	2
11302	3
11303	2
11304	2
11305	3
11306	1
11307	2
11308	1
11309	3
11313	3
11314	1
11316	2
11317	1
11318	1
11319	2
11321	2
11322	4
11323	4
11324	1
11325	1
11327	4
11328	2
11329	1
11331	3
11332	2
11333	2
11334	1
11335	3
11336	2
11337	1
11338	2
11339	1
11340	2
11342	1
11343	2
11344	3
11345	2
11346	1
11347	1
11348	1
11349	1
11350	1
11351	3
11352	1
11355	3
11357	3
11358	1
11359	1
11360	3
11362	1
11364	4
11365	3
11366	1
11368	4
11369	1
11370	1
11371	1
11372	3
11374	1
11375	2
11376	1
11377	4
11378	2
11379	3
11380	2
11381	3
11382	3
11383	2
11384	1
11385	1
11386	3
11387	2
11388	2
11390	1
11391	1
11392	2
11395	1
11396	2
11398	1
11399	3
11400	2
11402	1
11403	2
11405	1
11406	2
11407	3
11409	2
11410	1
11411	3
11412	1
11414	1
11415	3
11416	1
11417	2
11418	2
11419	2
11421	2
11422	5
11423	1
11424	3
11425	1
11426	1
11427	2
11428	4
11430	2
11433	2
11435	1
11437	2
11438	1
11440	5
11441	1
11442	1
11443	1
11444	2
11445	3
11447	1
11448	1
11450	1
11451	1
11453	1
11454	2
11455	4
11456	1
11457	2
11458	1
11459	3
11460	6
11461	2
11462	5
11463	1
11465	2
11466	1
11467	2
11469	1
11471	2
11472	3
11473	1
11474	3
11478	2
11479	3
11480	3
11481	2
11482	1
11483	2
11484	2
11486	1
11489	3
11490	2
11491	5
11492	1
11494	2
11495	2
11496	4
11497	2
11498	1
11499	1
11500	1
11501	2
11502	1
11503	2
11505	5
11506	1
11507	3
11508	2
11509	1
11511	1
11512	2
11513	1
11514	3
11515	1
11516	7
11518	1
11519	3
11520	2
11521	2
11522	1
11523	1
11524	4
11525	1
11526	2
11527	2
11528	5
11529	1
11530	2
11531	4
11533	3
11534	1
11535	1
11536	1
11537	1
11538	2
11539	1
11540	5
11541	1
11542	2
11543	1
11546	2
11547	2
11548	5
11549	4
11551	1
11552	1
11553	1
11554	1
11555	2
11556	2
11557	2
11559	2
11560	2
11562	2
11563	1
11565	4
11566	1
11567	2
11568	2
11570	2
11572	1
11574	1
11575	1
11576	5
11578	1
11579	3
11580	1
11581	1
11582	2
11584	4
11585	2
11587	1
11590	2
11591	1
11592	2
11593	1
11596	1
11597	2
11598	4
11599	3
11600	2
11601	2
11602	2
11603	1
11605	3
11606	2
11608	2
11609	2
11610	3
11612	5
11614	3
11616	1
11617	1
11618	2
11620	2
11621	2
11622	1
11623	2
11624	2
11625	1
11626	1
11627	3
11629	1
11630	5
11631	3
11632	3
11633	1
11635	3
11636	2
11637	1
11638	5
11639	2
11641	2
11642	1
11643	4
11644	2
11645	2
11648	6
11649	1
11650	1
11651	1
11652	2
11653	2
11655	1
11656	1
11657	1
11658	5
11659	2
11660	1
11661	1
11662	1
11663	6
11664	2
11665	2
11666	2
11667	4
11668	2
11669	1
11670	4
11671	2
11672	2
11673	1
11674	6
11675	1
11676	3
11677	3
11678	2
11679	1
11680	2
11681	1
11682	2
11683	3
11685	1
11686	1
11687	2
11688	1
11690	2
11692	4
11693	1
11694	2
11695	1
11696	3
11697	1
11698	2
11699	1
11700	1
11702	1
11704	2
11706	1
11707	1
11709	2
11710	3
11713	2
11714	3
11715	2
11716	1
11717	3
11718	1
11719	1
11720	3
11721	6
11722	1
11724	2
11725	1
11726	3
11727	2
11732	1
11735	1
11736	2
11737	1
11738	1
11739	3
11740	1
11742	1
11743	1
11744	6
11745	1
11746	1
11747	2
11748	1
11750	2
11752	1
11753	2
11754	2
11755	1
11756	1
11757	1
11759	1
11760	2
11762	3
11764	2
11766	2
11768	4
11769	2
11770	3
11771	2
11772	1
11773	2
11775	4
11776	4
11777	1
11778	4
11779	1
11781	2
11782	4
11783	4
11784	2
11785	4
11786	3
11787	1
11788	1
11789	1
11790	2
11792	2
11793	1
11794	2
11795	2
11796	3
11799	1
11800	2
11801	2
11802	2
11803	1
11804	3
11805	1
11806	1
11807	1
11809	2
11811	1
11812	2
11815	3
11817	3
11818	2
11820	1
11821	1
11822	1
11824	1
11825	1
11826	2
11827	1
11828	3
11829	1
11830	1
11831	1
11832	1
11833	1
11834	2
11835	1
11837	2
11838	1
11840	3
11842	2
11843	2
11844	3
11845	2
11846	3
11847	1
11848	1
11849	1
11850	1
11851	1
11853	2
11854	2
11856	2
11857	1
11858	1
11860	1
11861	1
11862	2
11863	1
11864	1
11865	1
11866	2
11867	2
11868	1
11869	2
11871	1
11872	3
11873	2
11874	1
11875	2
11877	2
11879	1
11880	1
11881	3
11882	2
11883	5
11884	1
11887	2
11888	3
11889	1
11890	2
11893	1
11894	1
11895	1
11896	5
11897	1
11898	2
11900	4
11901	1
11902	5
11903	1
11904	1
11905	2
11906	6
11907	1
11908	2
11909	1
11910	1
11911	1
11913	3
11915	1
11916	2
11917	2
11918	2
11921	2
11923	1
11924	2
11925	1
11926	1
11928	2
11929	2
11930	2
11931	4
11932	2
11933	2
11934	3
11935	2
11936	1
11938	1
11939	2
11940	1
11942	1
11943	1
11944	3
11945	1
11946	2
11947	1
11948	1
11951	5
11952	3
11953	2
11956	3
11957	1
11958	1
11961	2
11963	2
11964	2
11965	5
11966	1
11967	4
11968	2
11971	3
11972	3
11973	2
11975	2
11976	1
11977	2
11978	2
11979	1
11981	1
11982	1
11984	1
11985	2
11986	2
11987	2
11988	1
11990	4
11991	1
11993	4
11995	3
11996	1
11998	2
11999	1
12001	2
12003	1
12004	1
12005	3
12006	1
12008	1
12010	1
12011	3
12013	1
12015	1
12016	3
12018	1
12019	2
12020	1
12021	1
12022	2
12023	1
12024	1
12026	2
12028	1
12029	2
12032	1
12033	1
12034	2
12035	2
12037	2
12038	1
12039	5
12040	3
12043	1
12044	2
12045	5
12048	4
12049	2
12050	1
12051	4
12052	2
12053	1
12054	2
12055	2
12056	1
12057	1
12059	1
12060	1
12061	1
12062	2
12064	3
12065	1
12067	2
12068	5
12069	2
12070	1
12071	1
12072	2
12073	2
12074	2
12075	1
12076	4
12077	2
12078	2
12079	1
12080	1
12082	1
12083	3
12084	3
12085	3
12086	3
12087	1
12088	3
12089	2
12090	1
12091	1
12092	3
12093	2
12094	1
12095	3
12096	2
12097	2
12099	1
12100	1
12101	1
12103	1
12104	1
12105	2
12106	1
12108	2
12110	1
12111	2
12112	1
12113	2
12114	4
12116	1
12117	1
12118	2
12120	1
12121	3
12122	1
12123	1
12124	1
12125	1
12126	3
12127	1
12128	4
12129	1
12130	1
12131	2
12132	2
12133	3
12134	1
12135	3
12136	1
12137	3
12138	1
12139	2
12140	1
12141	1
12143	3
12144	1
12145	1
12146	1
12147	3
12148	1
12149	2
12150	3
12151	1
12152	3
12153	2
12154	3
12155	1
12158	3
12160	3
12161	1
12162	2
12164	3
12165	1
12166	2
12167	1
12168	1
12169	2
12171	1
12172	2
12173	1
12174	2
12176	1
12177	2
12178	3
12179	1
12180	3
12181	3
12182	1
12183	1
12185	1
12186	2
12188	1
12189	3
12190	2
12191	1
12192	1
12194	2
12195	2
12197	2
12198	1
12201	3
12202	2
12203	1
12204	2
12206	1
12207	1
12208	2
12209	4
12211	1
12212	3
12213	1
12214	5
12215	2
12216	3
12219	1
12220	1
12221	1
12224	2
12225	2
12226	2
12227	1
12228	1
12229	4
12232	2
12233	1
12234	1
12235	1
12236	2
12237	1
12240	2
12241	5
12245	1
12246	1
12247	2
12248	1
12249	2
12250	1
12251	2
12252	2
12253	5
12254	3
12255	1
12256	1
12258	1
12259	1
12260	1
12262	3
12263	1
12265	3
12266	2
12267	1
12268	2
12269	2
12270	2
12272	2
12275	1
12276	1
12277	2
12279	2
12280	6
12281	1
12282	3
12283	2
12285	1
12287	1
12288	3
12290	1
12291	1
12292	2
12293	2
12298	1
12299	3
12300	1
12301	3
12305	1
12306	5
12309	1
12310	3
12311	1
12313	1
12314	2
12315	1
12316	2
12317	2
12318	1
12319	4
12320	2
12321	1
12322	1
12323	2
12325	1
12326	3
12327	2
12329	2
12331	1
12332	5
12334	2
12336	1
12337	2
12338	1
12341	1
12343	1
12344	1
12345	4
12347	1
12348	1
12350	2
12351	1
12352	1
12353	2
12354	2
12355	1
12356	1
12357	2
12358	1
12361	1
12362	3
12363	1
12366	2
12367	3
12368	1
12371	1
12372	5
12373	1
12374	2
12375	1
12376	1
12377	2
12379	1
12380	1
12382	6
12384	2
12389	1
12390	1
12391	2
12392	3
12393	3
12394	2
12396	1
12397	5
12398	2
12399	3
12400	2
12401	2
12402	3
12404	2
12405	2
12407	1
12408	1
12409	2
12410	3
12411	1
12412	1
12413	3
12414	2
12416	3
12417	3
12418	2
12419	1
12421	2
12423	5
12424	2
12425	1
12426	2
12428	1
12430	2
12431	2
12433	1
12434	1
12436	1
12437	3
12441	2
12442	1
12443	1
12444	2
12445	2
12446	1
12447	2
12449	1
12450	2
12452	1
12453	4
12454	2
12455	1
12456	1
12458	1
12459	4
12460	5
12461	1
12462	2
12463	2
12464	1
12465	2
12466	2
12467	2
12469	1
12470	4
12471	5
12472	1
12474	1
12475	1
12476	2
12477	1
12478	4
12480	2
12482	2
12483	1
12484	4
12485	1
12487	1
12488	1
12489	3
12490	5
12492	1
12493	1
12494	1
12495	2
12496	1
12498	1
12499	1
12500	4
12503	2
12504	3
12506	1
12507	3
12508	2
12509	2
12510	1
12511	1
12512	2
12513	1
12514	2
12515	3
12516	4
12517	2
12518	3
12519	1
12520	2
12521	1
12524	4
12525	1
12526	4
12527	2
12528	2
12530	4
12533	2
12534	1
12535	2
12536	2
12538	2
12539	2
12540	1
12541	2
12542	3
12543	1
12544	1
12545	2
12547	1
12548	1
12549	3
12551	1
12552	1
12553	1
12554	2
12555	4
12556	2
12557	1
12558	1
12559	1
12561	2
12563	1
12565	4
12567	1
12568	4
12570	1
12571	1
12572	1
12574	1
12575	2
12576	2
12577	2
12578	1
12579	2
12580	2
12581	2
12583	1
12585	1
12586	1
12587	1
12588	2
12589	1
12590	3
12592	1
12594	3
12595	1
12596	2
12597	1
12598	1
12601	2
12602	2
12603	1
12605	1
12610	3
12611	3
12613	1
12617	2
12618	3
12619	4
12620	3
12621	1
12622	2
12623	1
12624	1
12625	3
12626	4
12628	2
12629	1
12630	1
12631	1
12633	4
12634	2
12636	1
12637	1
12640	3
12641	3
12642	1
12643	2
12644	2
12645	3
12646	3
12648	1
12649	1
12651	1
12653	1
12654	1
12655	2
12657	1
12658	1
12659	1
12660	2
12661	3
12662	2
12663	3
12664	2
12665	1
12666	2
12667	1
12669	2
12670	1
12671	2
12672	3
12673	2
12675	2
12676	2
12677	1
12678	1
12679	2
12680	3
12681	3
12682	1
12683	1
12684	3
12685	2
12686	5
12688	4
12689	2
12690	4
12691	3
12694	1
12695	2
12696	1
12697	2
12698	2
12701	1
12702	2
12703	1
12705	2
12706	1
12708	3
12710	2
12711	3
12712	1
12713	1
12715	1
12716	1
12718	2
12719	1
12721	2
12723	1
12725	1
12726	3
12730	1
12731	1
12732	1
12733	2
12734	3
12735	2
12739	1
12741	1
12742	1
12743	2
12744	3
12746	1
12748	1
12749	2
12750	1
12751	4
12753	2
12756	1
12757	1
12758	1
12759	1
12760	3
12761	1
12762	1
12764	2
12765	1
12766	2
12767	1
12768	3
12769	2
12770	1
12771	1
12772	1
12774	3
12776	2
12777	2
12778	1
12780	2
12781	4
12782	4
12783	2
12784	1
12785	2
12788	2
12791	3
12792	1
12793	4
12794	2
12795	2
12796	1
12798	1
12800	2
12801	5
12803	1
12804	3
12805	2
12806	3
12807	1
12811	1
12812	2
12813	3
12814	3
12815	2
12816	2
12818	1
12821	1
12823	2
12824	2
12825	1
12826	3
12827	2
12828	2
12829	3
12831	1
12832	1
12833	4
12834	1
12835	1
12836	3
12837	1
12842	2
12843	1
12846	3
12847	3
12849	3
12850	1
12852	1
12853	2
12854	1
12857	1
12858	4
12861	1
12862	5
12864	2
12865	1
12866	1
12867	2
12868	1
12869	1
12870	1
12871	1
12872	3
12873	1
12874	3
12875	1
12877	5
12878	2
12879	1
12880	1
12881	3
12882	1
12885	2
12886	1
12888	2
12889	1
12890	5
12891	3
12892	1
12894	1
12895	2
12896	1
12897	1
12898	5
12899	1
12901	3
12904	1
12905	1
12906	2
12907	1
12909	2
12910	1
12911	2
12912	1
12913	1
12914	1
12916	1
12917	1
12918	2
12921	2
12923	1
12924	1
12925	1
12926	3
12927	1
12928	3
12930	2
12932	1
12933	3
12934	1
12936	1
12938	3
12939	2
12941	1
12943	1
12945	3
12946	1
12947	1
12948	1
12952	1
12953	2
12955	2
12956	1
12958	1
12959	1
12960	1
12961	2
12962	2
12963	1
12964	1
12965	1
12966	3
12972	2
12974	1
12975	1
12977	3
12979	4
12980	2
12981	3
12982	1
12983	2
12984	1
12985	1
12986	1
12987	3
12988	3
12989	2
12990	1
12991	1
12992	1
12993	1
12994	2
12996	3
12997	3
12998	1
13000	1
13001	1
13002	2
13003	2
13004	2
13005	3
13006	1
13007	2
13008	1
13009	1
13010	3
13012	1
13016	1
13017	1
13019	1
13020	1
13021	2
13023	2
13025	1
13027	5
13028	3
13029	3
13032	4
13033	1
13034	1
13035	1
13036	2
13038	2
13040	2
13041	2
13043	1
13045	3
13046	1
13047	3
13049	1
13050	2
13051	2
13056	1
13057	2
13059	1
13060	4
13061	5
13063	1
13064	1
13065	1
13067	1
13068	1
13069	3
13070	2
13071	3
13073	1
13075	3
13076	1
13077	2
13081	3
13082	1
13083	2
13084	2
13086	1
13089	1
13090	2
13091	1
13092	3
13093	1
13094	1
13096	1
13097	1
13098	3
13100	2
13101	1
13102	2
13103	1
13104	4
13106	2
13107	2
13111	2
13112	1
13113	2
13114	1
13115	1
13116	1
13117	1
13119	2
13120	4
13122	2
13123	1
13124	2
13125	3
13126	1
13127	2
13128	2
13129	3
13130	3
13131	1
13133	1
13137	1
13139	3
13140	3
13142	1
13143	1
13145	2
13146	2
13147	1
13148	1
13150	2
13152	1
13153	1
13154	1
13155	3
13157	2
13159	1
13160	4
13161	1
13163	1
13164	2
13165	1
13166	1
13169	1
13170	1
13171	1
13173	2
13175	1
13177	2
13179	1
13180	1
13181	1
13182	1
13184	1
13186	1
13187	1
13188	1
13191	1
13193	1
13195	1
13197	3
13198	1
13199	1
13200	1
13202	2
13204	4
13205	3
13207	1
13211	1
13213	1
13214	2
13216	1
13217	3
13218	2
13219	1
13220	1
13222	1
13223	1
13224	1
13227	1
13229	5
13230	1
13231	2
13232	1
13235	1
13236	3
13237	1
13238	1
13239	2
13240	3
13241	1
13244	1
13246	1
13247	2
13248	2
13249	1
13252	2
13253	1
13255	2
13256	2
13258	1
13259	1
13260	1
13261	1
13263	1
13264	3
13265	1
13267	1
13268	1
13269	2
13271	3
13273	3
13275	2
13276	2
13278	1
13279	1
13280	3
13283	1
13284	2
13288	1
13289	1
13290	1
13292	3
13293	1
13294	1
13295	3
13296	1
13297	1
13298	1
13299	1
13302	2
13303	1
13304	1
13305	2
13307	2
13308	1
13309	1
13310	2
13312	2
13313	1
13314	2
13315	1
13316	5
13317	2
13318	2
13319	3
13320	2
13323	2
13324	1
13325	1
13327	1
13328	2
13329	1
13330	2
13332	1
13334	1
13335	2
13336	1
13337	1
13339	1
13342	2
13343	1
13344	1
13345	1
13346	1
13347	2
13348	3
13349	1
13352	1
13353	1
13355	3
13356	2
13358	1
13359	2
13360	1
13361	1
13363	1
13364	1
13365	1
13366	3
13367	2
13368	2
13369	1
13370	1
13373	1
13375	3
13376	6
13377	2
13378	2
13380	2
13382	3
13383	3
13384	1
13385	2
13387	1
13389	5
13390	1
13391	1
13392	1
13393	1
13394	1
13395	1
13396	1
13397	2
13398	1
13400	2
13402	1
13403	1
13404	1
13406	2
13407	2
13408	1
13409	1
13411	2
13412	2
13414	2
13416	1
13417	1
13419	1
13420	1
13423	1
13424	3
13426	3
13427	1
13429	1
13431	1
13433	3
13434	3
13435	2
13436	2
13437	1
13438	2
13439	1
13444	1
13445	2
13447	1
13448	1
13449	1
13450	1
13451	2
13453	1
13458	2
13460	2
13461	1
13462	2
13463	1
13465	4
13467	1
13468	1
13469	2
13471	1
13473	1
13474	1
13475	1
13476	3
13478	1
13480	1
13481	1
13482	3
13485	2
13486	5
13489	2
13493	1
13495	1
13496	2
13497	1
13498	1
13500	3
13502	1
13505	1
13507	1
13508	1
13509	1
13510	1
13511	2
13512	2
13513	1
13514	1
13515	1
13517	1
13518	1
13519	3
13520	1
13521	2
13522	1
13523	3
13525	2
13526	1
13527	2
13528	2
13531	1
13533	1
13534	3
13535	1
13536	1
13537	1
13538	1
13541	1
13542	1
13544	2
13546	1
13548	1
13549	2
13551	1
13552	1
13553	2
13554	2
13555	1
13558	3
13559	1
13561	2
13563	1
13564	1
13570	1
13571	1
13573	2
13577	2
13578	1
13579	1
13581	2
13582	1
13583	1
13584	1
13585	1
13587	1
13591	1
13592	4
13594	2
13595	3
13596	2
13598	3
13599	1
13602	1
13604	2
13606	2
13607	1
13609	1
13612	1
13613	1
13616	1
13618	3
13621	2
13622	1
13624	1
13626	1
13629	1
13631	1
13633	1
13634	1
13635	1
13636	1
13637	4
13638	1
13641	2
13642	1
13645	2
13646	3
13649	4
13651	1
13652	1
13653	1
13654	2
13655	1
13656	1
13657	1
13658	1
13660	1
13661	1
13662	2
13663	4
13664	3
13667	1
13668	1
13670	1
13671	1
13672	1
13675	1
13677	1
13682	2
13683	1
13684	2
13685	2
13686	2
13687	1
13689	1
13690	1
13692	3
13693	1
13695	3
13697	1
13698	1
13699	3
13702	1
13703	1
13704	1
13705	1
13707	2
13708	1
13709	1
13710	3
13715	1
13716	4
13717	2
13718	1
13719	4
13720	2
13722	1
13725	2
13726	2
13731	2
13732	1
13733	1
13734	1
13737	3
13738	2
13740	1
13742	1
13745	2
13746	1
13749	2
13750	1
13752	1
13754	1
13755	2
13756	1
13758	2
13761	1
13762	1
13766	1
13767	2
13768	1
13769	2
13770	2
13771	3
13773	1
13774	2
13776	3
13777	2
13782	2
13784	1
13786	4
13788	1
13789	1
13792	1
13793	3
13794	1
13797	1
13798	2
13799	1
13800	1
13801	1
13802	2
13803	1
13804	2
13805	1
13807	2
13808	1
13809	2
13810	3
13811	1
13812	2
13814	2
13815	2
13819	1
13820	2
13821	1
13824	2
13825	3
13827	2
13830	1
13831	3
13832	1
13834	2
13835	3
13839	1
13840	2
13842	1
13847	1
13848	3
13849	1
13850	1
13857	2
13858	1
13860	1
13863	1
13864	1
13866	1
13867	1
13868	1
13869	3
13871	1
13872	1
13873	1
13875	1
13876	1
13879	1
13881	1
13882	1
13883	1
13884	2
13886	2
13887	2
13889	2
13890	2
13892	1
13893	2
13896	1
13899	2
13901	3
13902	1
13906	1
13907	1
13908	1
13909	1
13911	2
13912	1
13913	4
13916	1
13918	1
13923	1
13925	1
13926	1
13927	1
13929	1
13931	1
13932	1
13934	1
13935	1
13936	3
13937	1
13938	1
13943	2
13944	2
13946	1
13947	2
13949	1
13951	1
13952	1
13956	1
13957	1
13958	1
13959	1
13960	1
13961	1
13963	2
13966	1
13967	1
13968	1
13969	1
13973	1
13976	4
13982	1
13983	1
13984	1
13985	2
13986	1
13987	2
13989	1
13990	1
13991	1
13992	2
13993	1
13995	2
13997	1
13998	1
13999	2
14002	1
14004	2
14009	3
14014	1
14016	1
14017	1
14021	1
14024	1
14025	1
14026	2
14027	1
14028	1
14030	1
14031	2
14033	1
14034	1
14039	2
14040	1
14041	1
14042	1
14043	1
14044	2
14045	2
14046	1
14047	1
14050	1
14051	2
14052	1
14053	2
14054	1
14058	1
14059	2
14061	4
14062	1
14064	3
14065	1
14069	2
14071	1
14072	1
14073	3
14074	1
14075	1
14076	1
14077	2
14081	2
14083	2
14084	1
14085	1
14086	2
14087	1
14089	2
14090	1
14091	2
14092	1
14093	1
14096	2
14097	3
14098	1
14099	1
14100	1
14101	4
14102	1
14103	1
14106	1
14110	1
14112	2
14113	1
14115	1
14116	2
14117	1
14118	1
14120	1
14123	1
14125	1
14126	2
14127	2
14128	3
14129	1
14132	1
14133	1
14134	1
14139	1
14140	3
14141	2
14142	1
14143	1
14144	1
14147	1
14148	1
14152	1
14154	1
14155	2
14156	4
14158	1
14159	1
14160	2
14161	1
14163	3
14164	3
14166	3
14168	1
14170	1
14173	1
14174	2
14175	4
14177	1
14178	1
14180	1
14181	1
14183	1
14184	2
14185	1
14186	1
14187	1
14189	2
14190	1
14193	1
14199	1
14200	1
14201	1
14202	1
14204	3
14206	2
14207	1
14211	1
14213	2
14215	1
14216	1
14217	2
14220	2
14221	2
14223	2
14224	1
14226	1
14227	1
14228	1
14230	1
14231	2
14232	1
14235	1
14236	1
14237	1
14238	1
14241	3
14242	2
14245	1
14246	2
14247	2
14253	1
14254	3
14255	1
14256	2
14257	1
14259	1
14261	1
14264	1
14266	1
14268	1
14269	1
14273	1
14275	1
14276	1
14277	2
14279	1
14280	1
14282	1
14283	4
14284	1
14287	2
14289	1
14290	1
14291	1
14292	1
14294	3
14299	1
14301	2
14302	1
14304	1
14305	2
14306	2
14307	1
14308	2
14309	1
14311	2
14314	1
14315	1
14316	1
14317	1
14318	2
14323	2
14324	1
14330	2
14331	1
14332	3
14334	1
14335	3
14338	1
14339	3
14340	1
14342	2
14343	1
14344	1
14345	1
14346	1
14347	2
14348	1
14349	1
14352	1
14353	1
14354	2
14355	2
14356	4
14357	3
14358	1
14360	2
14362	1
14363	1
14365	1
14368	1
14369	1
14370	3
14372	1
14373	1
14374	1
14375	1
14378	2
14379	2
14380	1
14382	1
14385	1
14386	2
14387	1
14391	3
14392	1
14393	1
14395	2
14396	1
14397	1
14400	1
14407	1
14412	1
14413	1
14415	1
14416	1
14417	2
14418	1
14420	1
14423	1
14426	1
14427	3
14428	1
14429	1
14435	1
14440	2
14441	1
14442	2
14443	1
14444	1
14446	1
14447	2
14454	2
14455	1
14457	1
14458	1
14459	1
14461	1
14463	2
14468	1
14469	1
14471	2
14472	2
14477	2
14479	1
14480	2
14481	2
14485	1
14486	1
14487	1
14488	1
14493	1
14495	1
14497	1
14498	2
14501	1
14502	2
14503	1
14506	2
14509	3
14511	1
14513	1
14514	2
14515	3
14518	1
14520	1
14521	2
14523	3
14524	2
14525	3
14528	1
14529	1
14530	2
14531	1
14532	1
14535	1
14543	1
14545	1
14546	1
14549	1
14550	1
14553	1
14556	2
14561	2
14564	1
14567	3
14570	1
14572	3
14573	1
14576	2
14579	2
14580	1
14582	1
14583	3
14585	1
14586	1
14588	2
14591	2
14593	3
14599	2
14601	1
14602	2
14604	1
14606	3
14607	1
14610	1
14613	1
14617	2
14618	1
14619	2
14620	1
14623	1
14624	1
14629	2
14632	1
14633	1
14634	1
14635	2
14637	1
14638	2
14639	1
14640	2
14642	2
14643	1
14646	2
14648	1
14649	2
14651	2
14653	1
14654	1
14655	1
14657	2
14659	2
14663	1
14664	1
14665	1
14666	2
14667	3
14672	1
14674	2
14677	1
14678	2
14679	1
14682	3
14683	1
14685	1
14686	2
14691	1
14695	2
14698	1
14700	2
14701	2
14703	1
14704	1
14709	2
14711	2
14712	2
14713	3
14715	3
14716	3
14717	2
14718	3
14719	1
14720	1
14722	1
14728	1
14729	1
14730	2
14731	1
14735	3
14736	1
14741	2
14742	2
14743	1
14745	2
14746	1
14747	2
14748	3
14749	2
14752	2
14754	1
14755	1
14756	1
14757	1
14759	2
14761	1
14762	1
14763	2
14766	1
14767	1
14772	1
14776	1
14779	2
14781	2
14782	1
14785	1
14787	1
14788	1
14790	1
14793	1
14794	1
14795	1
14798	2
14801	2
14803	1
14804	1
14807	2
14808	1
14809	1
14810	3
14811	1
14812	1
14813	1
14814	4
14823	1
14824	3
14826	1
14827	2
14828	1
14830	3
14831	2
14833	2
14835	1
14837	1
14840	1
14841	2
14842	1
14845	2
14847	1
14848	2
14849	1
14850	1
14851	1
14852	1
14854	1
14855	1
14856	1
14857	1
14859	2
14860	1
14862	3
14863	2
14865	1
14866	1
14872	2
14873	1
14874	1
14875	2
14878	2
14883	1
14888	2
14890	1
14891	1
14893	1
14898	1
14905	1
14906	3
14908	1
14909	2
14910	1
14911	2
14912	1
14913	2
14914	1
14915	1
14917	2
14918	1
14920	1
14925	1
14926	1
14927	1
14930	1
14931	1
14934	2
14935	1
14937	1
14940	1
14942	1
14943	1
14944	1
14945	1
14947	2
14948	1
14950	2
14951	2
14952	2
14953	2
14955	1
14959	1
14961	1
14962	1
14963	1
14965	2
14966	1
14967	1
14970	1
14971	2
14974	2
14975	1
14977	1
14979	2
14981	2
14982	1
14985	1
14986	1
14987	1
14988	1
14989	1
14992	3
14997	1
14999	1
15001	1
15002	2
15011	1
15013	2
15015	2
15018	1
15019	2
15020	1
15021	2
15025	1
15027	1
15030	1
15038	1
15042	1
15044	2
15049	1
15056	1
15057	1
15058	1
15059	1
15060	2
15061	1
15063	1
15065	1
15066	1
15068	1
15069	2
15072	1
15075	1
15076	1
15090	1
15091	2
15092	2
15095	1
15096	2
15100	1
15101	1
15105	1
15107	1
15108	1
15109	1
15110	1
15112	2
15113	1
15115	2
15116	1
15119	1
15120	1
15121	3
15122	2
15123	1
15127	1
15129	1
15130	2
15131	2
15132	1
15136	1
15138	1
15141	1
15142	1
15144	3
15145	1
15146	1
15148	1
15149	1
15151	1
15152	1
15154	2
15156	1
15157	1
15158	1
15160	1
15162	2
15166	1
15167	1
15168	1
15170	1
15172	1
15175	2
15176	1
15178	1
15182	1
15184	1
15185	1
15190	2
15191	1
15192	1
15194	1
15195	1
15196	1
15198	1
15200	1
15204	1
15205	1
15206	1
15209	1
15210	1
15212	1
15213	1
15217	1
15218	1
15221	1
15223	1
15225	2
15227	2
15231	4
15233	1
15234	1
15237	1
15238	1
15244	1
15246	1
15247	3
15252	3
15253	1
15255	1
15258	1
15259	1
15263	1
15264	2
15267	3
15269	1
15270	2
15271	1
15274	1
15275	1
15276	1
15277	1
15279	1
15283	1
15284	1
15287	1
15289	1
15291	2
15292	2
15294	2
15298	1
15299	1
15302	1
15304	2
15305	1
15308	2
15311	1
15312	1
15313	1
15315	1
15319	2
15320	1
15321	1
15323	1
15330	1
15332	1
15335	1
15338	1
15339	1
15344	1
15345	1
15351	1
15352	1
15353	2
15354	2
15357	1
15360	1
15361	1
15363	1
15364	1
15365	1
15367	1
15375	3
15376	1
15383	1
15384	1
15388	1
15392	1
15393	3
15394	1
15396	1
15397	1
15401	1
15403	1
15405	2
15410	1
15412	2
15413	1
15417	1
15419	2
15420	1
15423	1
15427	1
15429	1
15433	2
15434	2
15435	1
15438	1
15443	1
15449	1
15453	1
15457	1
15458	1
15459	1
15461	2
15466	1
15468	2
15472	1
15479	1
15482	1
15484	1
15486	3
15490	1
15491	1
15492	2
15494	1
15496	1
15498	2
15500	1
15501	1
15503	1
15507	1
15510	1
15514	1
15515	1
15521	1
15524	1
15528	1
15530	1
15532	1
15533	1
15538	1
15539	1
15541	1
15544	1
15547	1
15554	2
15560	1
15562	2
15563	1
15567	1
15569	1
15573	1
15578	1
15579	2
15580	1
15581	1
15582	1
15583	1
15596	1
15597	1
15598	1
15599	2
15600	1
15603	1
15605	1
15607	1
15608	1
15609	2
15610	1
15616	1
15617	1
15622	1
15628	2
15631	1
15633	1
15634	2
15636	2
15638	1
15641	1
15642	1
15643	1
15649	1
15652	1
15653	1
15655	1
15657	1
15660	1
15672	1
15674	1
15677	1
15681	1
15682	1
15683	1
15684	1
15685	2
15691	1
15695	1
15696	1
15699	4
15705	1
15706	1
15707	1
15717	1
15718	2
15720	1
15724	1
15726	2
15730	1
15731	1
15732	1
15737	1
15738	1
15742	1
15743	1
15744	1
15745	1
15748	1
15749	1
15750	1
15751	1
15752	2
15759	2
15763	1
15765	2
15769	1
15770	1
15772	1
15773	3
15774	2
15778	1
15781	1
15784	1
15785	1
15788	1
15790	2
15791	1
15793	1
15796	1
15804	2
15805	1
15806	1
15811	2
15812	2
15813	2
15815	2
15816	1
15818	2
15820	1
15829	1
15833	1
15834	1
15837	2
15838	1
15839	1
15840	1
15842	1
15845	1
15846	1
15848	1
15849	1
15853	1
15854	1
15855	1
15862	1
15865	1
15867	1
15871	1
15876	1
15879	2
15884	1
15890	1
15893	2
15898	1
15899	2
15904	2
15906	2
15909	1
15913	1
15915	1
15919	2
15921	1
15922	1
15925	1
15926	1
15927	1
15929	1
15931	1
15934	1
15942	1
15945	1
15949	2
15951	1
15952	1
15954	2
15955	1
15956	2
15958	2
15959	1
15960	2
15963	1
15969	1
15973	1
15975	1
15979	1
15990	1
15991	1
15992	1
15993	1
15997	3
15999	2
16000	2
16002	1
16004	1
16005	2
16006	2
16007	1
16016	1
16021	1
16025	1
16026	1
16032	1
16035	1
16041	1
16046	1
16052	2
16054	1
16055	1
16067	2
16072	1
16075	2
16077	2
16084	1
16088	1
16089	1
16091	2
16093	1
16095	1
16097	1
16099	1
16101	1
16102	2
16116	1
16123	1
16124	1
16125	1
16130	1
16136	1
16138	2
16141	1
16144	1
16147	1
16148	1
16149	1
16150	1
16156	1
16159	1
16161	1
16164	2
16171	1
16174	1
16177	1
16182	1
16188	1
16190	1
16192	1
16195	1
16197	1
16198	1
16200	1
16201	1
16206	1
16207	1
16209	1
16213	1
16223	1
16225	1
16226	1
16231	1
16232	2
16237	2
16241	1
16244	1
16245	2
16247	1
16248	1
16252	1
16254	2
16255	2
16257	1
16260	2
16266	1
16267	1
16268	1
16270	1
16272	1
16274	1
16278	1
16280	1
16281	1
16282	1
16287	1
16290	1
16292	2
16296	1
16299	1
16303	1
16304	1
16306	3
16313	1
16317	4
16318	1
16319	2
16326	1
16334	1
16336	1
16342	1
16346	1
16350	2
16352	1
16354	2
16372	1
16382	1
16390	1
16394	1
16396	1
16400	1
16404	1
16409	1
16415	1
16416	1
16418	1
16419	1
16420	1
16423	1
16426	1
16427	1
16429	1
16430	1
16433	1
16434	2
16441	1
16447	1
16449	1
16457	1
16464	1
16470	1
16471	1
16473	1
16475	1
16480	1
16481	1
16482	1
16483	2
16487	1
16490	1
16491	1
16492	1
16498	3
16504	1
16506	1
16507	1
16509	1
16510	1
16512	1
16513	1
16516	1
16527	1
16528	1
16539	1
16546	1
16549	1
16550	1
16551	2
16557	1
16559	1
16561	1
16563	2
16564	1
16568	1
16571	1
16580	1
16581	1
16586	1
16593	1
16594	3
16595	2
16609	2
16613	1
16623	1
16625	1
16629	1
16630	1
16631	1
16634	1
16646	1
16649	1
16650	1
16657	1
16664	1
16671	1
16677	1
16687	1
16704	1
16705	2
16709	1
16719	1
16722	1
16727	1
16732	1
16735	1
16736	1
16738	1
16740	1
16743	1
16746	1
16747	1
16751	1
16752	1
16756	1
16757	1
16761	1
16762	1
16767	1
16768	1
16769	1
16775	2
16776	1
16787	1
16790	1
16792	1
16799	1
16806	1
16807	1
16809	1
16812	1
16813	1
16823	1
16826	1
16830	1
16831	1
16835	1
16837	1
16838	2
16844	1
16853	2
16855	1
16856	1
16857	1
16867	2
16870	1
16871	1
16879	1
16882	1
16888	1
16900	1
16901	1
16903	1
16907	2
16912	1
16921	1
16924	1
16926	1
16930	1
16936	1
16939	1
16940	1
16943	1
16944	1
16945	1
16947	1
16951	1
16954	2
16955	2
16967	1
16969	1
16970	1
16972	1
16979	1
16983	1
16986	1
16987	1
16994	2
16997	1
16998	1
16999	2
17002	1
17007	1
17013	1
17014	2
17016	1
17019	2
17025	1
17027	1
17034	1
17043	1
17045	1
17046	1
17049	1
17052	1
17054	2
17063	1
17065	1
17071	1
17081	1
17085	1
17086	1
17088	1
17094	1
17095	2
17097	1
17104	1
17106	1
17112	3
17116	2
17118	1
17120	3
17123	1
17125	1
17126	1
17127	2
17129	2
17132	1
17133	1
17138	1
17144	1
17152	1
17157	1
17158	1
17166	1
17168	1
17170	1
17172	1
17174	1
17175	1
17177	1
17178	1
17179	1
17186	1
17187	1
17189	1
17190	1
17194	1
17196	1
17202	1
17203	1
17204	1
17206	1
17209	1
17211	1
17214	1
17218	1
17221	2
17226	1
17229	3
17230	1
17235	1
17244	2
17245	1
17247	1
17248	1
17249	1
17254	1
17255	1
17257	1
17258	1
17262	1
17263	1
17267	1
17269	1
17270	1
17271	2
17274	1
17276	1
17277	3
17283	1
17285	1
17286	1
17287	1
17289	1
17292	1
17295	1
17302	1
17305	1
17306	1
17308	1
17313	1
17316	1
17317	2
17320	1
17321	1
17339	1
17346	1
17349	2
17352	1
17356	4
17361	1
17362	1
17364	1
17365	1
17368	1
17370	1
17373	1
17378	2
17386	1
17392	1
17393	1
17395	1
17401	2
17404	1
17406	2
17408	1
17409	1
17411	1
17414	1
17415	1
17416	1
17419	1
17422	1
17424	1
17426	1
17427	1
17428	2
17430	1
17431	1
17432	1
17433	1
17434	1
17435	1
17440	1
17443	1
17444	1
17447	1
17450	1
17454	1
17461	1
17462	1
17466	2
17471	1
17473	1
17474	1
17475	1
17480	1
17483	2
17488	1
17491	1
17492	2
17495	1
17497	1
17499	1
17501	1
17502	1
17504	1
17507	1
17510	3
17511	2
17515	1
17516	1
17520	2
17521	1
17522	1
17524	1
17525	1
17526	1
17528	1
17531	1
17533	2
17535	2
17537	2
17541	1
17545	1
17547	1
17551	1
17552	1
17553	1
17554	2
17556	2
17558	1
17561	1
17562	1
17563	1
17566	1
17568	1
17569	4
17570	1
17571	1
17573	1
17574	2
17576	3
17579	4
17582	3
17584	1
17586	1
17589	1
17592	1
17595	1
17596	1
17599	1
17601	1
17605	1
17606	1
17607	1
17609	1
17610	2
17612	1
17613	1
17614	2
17615	1
17617	1
17619	2
17620	1
17622	1
17624	1
17625	1
17626	1
17627	2
17634	1
17636	1
17637	1
17639	1
17640	1
17641	1
17643	1
17645	1
17646	1
17650	1
17651	1
17652	1
17653	1
17654	1
17659	1
17661	1
17663	1
17664	1
17665	1
17666	1
17667	1
17670	1
17671	1
17672	1
17673	1
17675	2
17677	1
17680	1
17681	2
17683	1
17685	2
17686	1
17695	1
17702	1
17704	2
17706	1
17708	2
17710	1
17715	1
17717	1
17724	1
17725	2
17726	1
17727	1
17734	1
17738	1
17740	1
17743	1
17747	3
17749	1
17753	1
17754	1
17756	2
17758	2
17760	1
17761	1
17762	1
17765	2
17766	1
17767	1
17768	1
17771	1
17773	1
17774	1
17775	1
17776	1
17786	2
17788	1
17789	2
17790	1
17791	1
17793	1
17794	1
17795	1
17796	1
17797	2
17798	1
17800	1
17802	2
17808	4
17811	1
17815	1
17816	1
17821	1
17826	1
17827	1
17829	2
17832	1
17833	1
17836	1
17837	2
17838	1
17839	1
17842	1
17843	2
17845	1
17847	1
17849	1
17851	1
17853	1
17854	2
17855	2
17862	2
17863	1
17864	2
17865	3
17866	1
17870	1
17873	1
17875	1
17877	2
17878	2
17882	1
17883	1
17892	1
17893	1
17895	1
17896	1
17900	2
17904	1
17905	1
17907	2
17908	1
17909	1
17910	1
17911	1
17912	1
17917	2
17918	2
17919	1
17920	1
17921	1
17927	1
17929	1
17930	1
17933	1
17934	1
17936	2
17937	3
17938	1
17943	1
17945	1
17947	1
17948	1
17950	1
17953	1
17955	1
17958	1
17960	1
17964	1
17965	1
17972	1
17974	1
17975	1
17977	1
17978	1
17979	1
17982	1
17985	1
17988	1
17989	1
17992	1
17994	1
17996	1
17997	1
17998	1
18000	2
18010	1
18011	1
18012	1
18020	1
18022	1
18025	1
18027	1
18031	1
18032	2
18035	1
18036	1
18037	1
18038	1
18039	1
18040	1
18042	1
18044	1
18045	1
18047	1
18049	1
18050	1
18053	2
18055	1
18061	1
18062	1
18066	1
18068	1
18071	1
18073	2
18079	1
18082	2
18084	1
18091	1
18101	1
18103	1
18111	1
18113	1
18114	1
18120	1
18121	1
18123	1
18124	1
18126	1
18130	1
18131	1
18133	1
18141	2
18146	1
18148	3
18151	1
18152	2
18156	1
18158	1
18162	1
18176	1
18178	2
18179	1
18182	1
18184	1
18187	1
18190	1
18192	1
18197	1
18202	1
18204	1
18213	1
18216	1
18226	1
18228	1
18231	1
18235	1
18238	1
18240	1
18249	1
18274	1
18279	1
18285	1
18288	2
18290	1
18293	2
18296	1
18300	1
18306	1
18308	1
18315	2
18323	1
18330	1
18333	1
18335	1
18336	1
18337	1
18344	1
18347	1
18351	1
18358	1
18360	1
18362	1
18365	1
18367	2
18369	1
18380	1
18381	2
18389	1
18390	1
18394	1
18404	1
18408	1
18416	1
18419	1
18422	1
18424	1
18428	2
18431	1
18432	1
18437	2
18442	1
18445	1
18447	1
18459	1
18466	1
18467	1
18470	1
18471	2
18475	1
18477	1
18479	1
18491	2
18511	1
18516	1
18520	1
18526	1
18532	1
18538	1
18542	2
18543	1
18546	1
18553	1
18562	2
18563	1
18565	1
18573	1
18574	1
18581	1
18586	1
18592	1
18594	1
18595	1
18600	1
18603	1
18607	1
18609	2
18618	1
18631	2
18638	1
18639	1
18644	1
18649	1
18652	1
18659	1
18663	1
18666	1
18667	2
18668	1
18682	1
18687	1
18690	2
18694	2
18697	1
18698	1
18700	1
18702	1
18703	2
18704	1
18707	1
18715	1
18717	1
18719	1
18726	1
18731	1
18755	1
18760	1
18763	1
18767	1
18770	1
18772	1
18775	1
18801	1
18811	1
18817	2
18842	1
18848	1
18857	1
18859	1
18868	1
18873	1
18877	1
18886	1
18894	1
18898	2
18912	1
18916	1
18918	1
18921	1
18922	1
18924	1
18929	1
18932	1
18933	1
18935	1
18936	1
18940	1
18950	1
18956	1
18960	1
18966	1
18974	1
18998	1
19001	1
19005	1
19011	1
19012	1
19017	1
19019	1
19024	1
19025	1
19034	1
19040	1
19045	1
19046	1
19062	1
19074	1
19094	1
19098	1
19141	1
19157	1
19193	1
19247	1
19283	1
19302	1
19317	1
19319	1
19321	1
19325	1
19346	2
19360	1
19404	1
19452	1
19472	1
19479	1
19508	1
19515	2
19521	1
19556	1
19567	1
19582	1
19584	1
19585	1
19598	1
19694	1
19695	1
19704	1
19717	1
19730	2
19732	1
19746	1
19789	1
19842	1
19850	1
19879	1
19887	2
19911	1
19917	1
19920	1
19934	1
19954	1
19966	1
20027	1
20072	1
20087	1
20089	1
20098	1
20124	1
20133	1
20158	1
20185	1
20220	1
20224	1
20243	1
20250	1
20258	1
20263	1
20266	1
20297	1
20383	1
20388	1
20417	1
20447	1
20477	1
20502	1
20532	1
20536	1
20554	1
20589	1
20593	1
20682	1
20734	1
20737	1
20738	1
20744	1
20764	1
20783	1
20788	1
20818	1
20821	1
20860	1
20906	1
20931	1
20935	1
20949	1
20952	1
20993	1
21001	1
21015	1
21030	1
21044	1
21045	1
21073	1
21092	1
21264	1
21295	1
21333	1
21460	1
21482	1
21504	1
21525	1
21526	1
21527	1
21534	1
21549	1
21550	1
21589	1
21625	1
21636	1
21654	1
21655	1
21659	1
21674	1
21699	1
21708	1
21799	1
21934	1
21962	1
22034	2
22035	1
22050	1
22053	1
22068	1
22091	1
22184	1
22196	1
22292	1
22371	2
22430	1
22539	1
22635	1
22796	1
22930	1
22977	1
23028	1
23036	1
23077	1
23103	1
23129	1
23402	1
23471	1
23545	1
23567	1
23589	1
23591	1
23623	1
23647	1
23673	1
23726	1
23727	1
23729	1
23730	1
23731	1
23732	1
23733	1
23734	1
23735	1
23736	1
23750	1
23770	1
23772	1
23778	1
23779	1
23785	1
23793	1
23798	1
23826	1
23831	1
23832	1
23833	1
23834	1
23835	1
23836	1
23837	1
23838	1
23839	1
23840	1
23841	1
23842	1
23843	1
23844	1
23845	1
23846	1
23847	1
23860	1
23894	1
23899	1
23904	1
23918	1
23919	1
23943	1
23959	1
23967	1
23973	1
23976	1
24082	1
24138	1
24147	1
24156	1
24205	1
24218	1
24401	1
24405	1
24567	1
24572	1
24596	1
24697	1
24713	1
24948	1
25018	1
25180	1
25484	1
25722	1
25725	1
25768	1
