1	104
2	55
3	39
4	31
5	35
16389	1
6	30
7	41
8	20
9	22
10	30
11	27
12	35
13	35
16397	1
14	38
16398	1
15	39
16	31
17	32
16401	1
18	27
19	34
20	30
21	28
22	25
23	28
16408	1
24	11
25	24
26	25
27	26
16411	1
28	23
29	25
30	15
31	27
32	20
16416	1
33	28
16417	1
34	33
35	24
36	26
16420	1
37	24
38	33
39	25
16423	1
40	23
41	33
42	31
43	17
44	25
45	22
16429	1
46	21
16430	1
47	19
16431	2
48	27
49	28
50	29
16434	1
51	28
52	23
53	34
54	20
55	15
16439	1
56	22
57	19
58	21
59	29
60	28
61	29
16445	1
16446	1
62	28
16447	1
63	23
16448	2
64	18
65	23
66	26
67	20
68	30
69	25
70	19
71	26
72	21
73	26
74	19
75	20
16459	1
16460	1
76	18
77	24
78	21
16462	1
79	19
16463	1
80	24
81	22
16465	1
16466	1
82	27
83	23
84	21
85	23
16469	1
86	17
16470	2
87	16
88	17
89	30
90	12
16474	1
91	11
16475	1
92	9
16476	1
93	23
16477	1
94	21
95	15
96	8
97	11
98	18
99	13
16483	1
100	14
101	16
102	11
103	18
104	17
105	18
106	21
16491	1
107	22
108	15
109	13
110	24
111	21
112	12
113	12
114	9
115	13
116	15
117	19
16501	1
118	13
119	14
120	11
16504	1
121	13
122	14
123	9
124	7
16508	1
125	12
16509	1
126	13
127	11
128	13
16512	1
129	13
130	13
131	10
132	7
133	7
134	8
135	10
16520	1
136	10
137	10
16521	1
138	13
16522	1
139	10
140	13
141	9
142	9
143	12
144	15
145	10
146	1
147	14
148	11
149	7
150	11
151	3
152	9
153	8
154	9
16539	1
155	4
156	3
16540	1
157	10
158	6
159	6
160	15
16544	1
161	9
162	10
163	4
164	10
165	8
166	8
16551	1
167	5
168	5
169	4
16554	1
170	11
171	6
172	6
16556	1
173	7
174	9
16558	1
175	13
176	7
177	4
178	9
179	7
180	6
16564	1
181	7
182	6
183	6
184	11
16568	1
185	12
16569	1
186	7
187	7
188	12
189	2
190	7
191	8
192	7
16576	1
193	6
194	4
195	10
196	2
197	4
198	12
16582	1
199	9
200	7
201	6
202	7
16586	1
203	8
204	9
16588	1
205	6
206	8
207	5
208	7
209	7
16593	1
210	6
211	5
16596	1
212	5
213	8
214	5
215	6
16599	1
216	3
217	8
218	4
219	5
16603	1
220	5
221	5
222	5
223	9
224	6
225	11
226	8
227	9
228	6
229	8
230	5
231	5
232	9
16616	1
16617	1
233	6
234	7
235	6
236	4
237	8
16621	2
238	9
239	7
240	7
241	7
242	2
243	5
16628	2
244	7
245	5
246	9
247	5
248	4
249	5
250	6
251	8
252	10
253	6
254	7
255	9
256	12
257	4
258	5
259	6
16643	1
260	7
16644	1
261	7
262	6
16646	2
263	10
264	8
265	6
266	6
267	9
268	4
269	4
270	5
271	7
272	8
273	7
16658	1
274	5
275	11
276	6
16660	1
277	4
278	5
279	8
280	7
281	8
282	12
283	9
284	8
285	6
16669	1
286	2
16670	1
287	2
288	5
289	8
16673	1
290	5
16675	2
291	7
292	4
293	5
294	8
295	8
16679	1
296	5
297	5
298	8
299	5
300	6
301	2
302	8
303	5
304	9
305	3
306	3
307	5
308	7
309	3
310	4
311	4
16695	1
312	5
313	5
314	2
315	3
316	5
317	1
318	4
16702	1
319	4
320	7
16704	1
321	7
16705	1
322	6
323	1
16707	1
324	6
16708	1
325	3
16709	1
326	3
327	5
328	10
329	6
16714	2
330	5
331	7
332	8
333	2
334	4
16718	1
335	4
336	6
337	4
338	8
339	4
340	4
341	8
342	3
16726	1
16727	1
343	2
344	6
345	4
346	6
347	6
348	7
349	8
350	4
351	7
16736	1
353	4
354	9
355	5
356	4
357	2
358	1
16742	1
359	9
16743	1
360	4
16745	1
361	3
362	4
363	7
364	4
16748	1
365	2
366	4
367	4
368	5
16752	1
369	3
370	3
371	1
372	6
373	6
374	5
375	9
376	3
377	7
378	4
16762	1
379	3
380	2
16764	1
381	4
16765	1
382	4
383	4
384	1
385	4
386	2
387	5
388	10
390	3
391	3
16776	1
392	3
393	4
16778	1
394	4
395	3
396	5
397	5
398	8
399	9
400	2
16784	1
401	5
402	2
403	5
404	3
405	5
406	5
407	3
408	6
16792	1
409	5
410	4
16794	1
411	3
412	8
16797	2
413	5
414	3
415	5
416	9
417	4
418	4
419	2
420	5
421	1
422	8
16806	1
423	9
16807	1
424	2
425	1
426	3
427	3
428	1
16813	1
429	3
430	1
16814	1
431	3
432	1
16817	1
433	1
434	4
435	4
436	3
437	4
438	1
439	5
440	8
441	2
442	6
443	2
16827	1
444	5
445	6
446	5
447	3
448	4
449	7
16833	1
450	4
451	3
16835	1
452	6
453	1
454	2
16838	1
16839	2
455	3
456	2
457	5
458	2
459	1
460	5
461	4
462	4
463	2
464	2
465	5
16849	1
466	8
467	2
468	5
469	5
16853	1
470	6
471	8
472	4
473	7
16857	1
474	5
16858	1
475	6
476	2
477	7
478	5
479	6
480	7
16865	2
481	4
482	4
483	8
484	4
485	3
486	7
487	3
488	10
489	5
490	9
491	4
16875	1
492	9
493	3
494	7
495	5
496	4
497	5
498	5
16882	1
16883	1
499	5
16884	1
500	7
501	3
502	6
16886	1
503	5
504	5
505	6
506	7
507	5
508	5
509	2
510	8
511	5
512	6
513	6
16897	1
514	4
515	6
516	8
517	10
518	7
16903	2
519	8
520	13
521	6
522	6
523	7
16907	1
524	7
525	10
526	7
527	8
528	6
529	7
530	9
16914	1
531	14
532	3
533	6
534	3
535	7
16919	1
536	9
537	3
538	5
539	5
16924	1
540	1
541	7
542	8
543	3
544	6
545	5
546	9
547	8
548	9
16933	1
549	6
550	7
551	10
552	3
553	13
554	3
555	4
556	12
557	9
558	3
559	7
560	5
561	7
562	3
16946	1
563	13
16947	1
564	7
565	12
16950	1
566	6
567	9
568	7
569	7
570	8
571	3
572	7
573	12
574	11
575	10
576	6
577	5
578	11
579	7
580	5
16964	1
581	7
16965	1
582	8
583	10
584	15
585	8
586	8
587	13
588	8
16972	1
589	6
590	9
591	10
592	7
593	4
594	10
595	6
596	6
597	8
598	9
599	8
600	12
601	8
602	7
603	11
604	8
605	8
606	13
607	5
608	13
16992	1
609	7
16993	1
610	12
16994	2
611	9
612	3
613	5
614	11
615	9
616	6
617	8
618	12
619	8
620	9
621	10
622	9
623	9
17007	1
624	8
625	14
626	6
17010	1
627	4
628	10
629	10
17013	1
630	13
631	10
632	5
17016	1
633	13
634	6
635	6
636	8
637	10
638	7
17022	1
639	10
17023	1
640	8
641	15
642	14
643	11
644	9
645	9
646	7
17031	1
647	2
648	9
649	10
650	14
651	9
652	8
653	9
17037	1
654	6
655	4
656	4
657	7
658	9
17042	1
659	5
660	8
661	9
662	10
17046	1
663	8
664	9
665	11
666	7
667	15
668	11
669	13
670	8
671	4
17055	1
672	8
673	7
674	12
675	8
676	7
677	6
678	9
17062	1
679	7
17064	1
680	11
681	19
682	10
683	8
684	7
685	6
686	7
687	8
688	8
689	12
690	9
691	6
692	8
693	11
17077	1
694	10
695	11
696	8
697	11
698	9
699	10
700	15
701	8
702	11
703	7
704	5
705	5
706	5
707	10
708	7
709	12
17093	1
710	7
711	13
712	9
17096	1
713	6
714	4
715	11
716	5
717	14
718	7
17102	1
719	9
17103	1
720	10
721	8
722	10
723	14
724	8
725	12
17109	1
726	8
727	13
728	11
729	9
730	14
731	5
732	7
733	9
734	9
735	11
736	6
737	10
738	14
17122	1
739	15
740	8
741	7
742	11
743	10
744	7
745	6
746	7
747	5
748	7
749	10
750	8
751	7
752	9
753	8
754	10
755	12
756	5
757	13
758	14
759	12
17143	1
760	4
761	9
762	8
17147	1
763	10
764	5
17148	1
765	3
766	5
767	9
768	9
769	4
770	9
771	9
17155	1
772	13
773	10
774	15
775	11
776	6
777	8
17161	1
778	9
17162	1
779	12
780	6
781	7
17165	1
782	6
17166	1
783	9
784	6
785	10
786	3
787	15
788	7
789	7
790	7
791	8
792	13
793	6
794	8
795	6
17180	1
796	10
797	9
798	7
17182	1
799	7
800	10
801	9
802	5
803	6
804	8
805	7
806	7
17190	1
807	6
808	12
809	9
810	11
811	7
812	11
813	5
814	6
17199	1
815	10
816	9
817	9
818	7
819	7
17203	1
820	11
821	5
822	7
823	5
824	8
825	10
826	8
827	6
828	5
829	5
17214	1
830	1
831	7
17215	1
832	5
833	9
834	10
835	10
836	8
837	8
838	6
17222	1
839	6
840	9
17225	1
841	8
842	6
843	10
844	9
845	9
846	8
847	9
848	10
17232	1
17233	1
849	9
850	5
851	12
852	5
853	7
17237	1
854	12
855	10
856	5
857	6
858	6
859	11
860	8
861	5
862	5
863	7
17247	1
864	5
865	9
866	10
867	5
868	5
869	7
870	8
17254	2
871	4
872	11
873	13
874	9
875	7
876	4
877	8
17261	1
878	7
879	7
880	5
881	7
882	8
17266	1
883	5
884	6
17268	1
885	10
17269	1
886	5
17271	1
887	8
888	12
17272	1
889	6
890	8
17274	1
891	8
892	8
893	6
894	7
895	8
896	2
897	3
898	8
899	10
900	3
901	6
902	9
903	6
904	7
905	11
906	3
907	9
908	9
17292	1
909	6
910	3
911	9
912	4
913	9
17297	1
914	7
17298	1
915	10
916	3
917	7
918	6
919	5
920	6
17304	1
921	3
922	10
923	6
924	6
925	11
926	6
927	8
928	7
929	4
930	8
931	8
17315	1
932	7
933	11
934	8
935	8
17319	1
936	14
17320	1
937	5
938	9
939	3
940	11
941	5
942	6
943	10
944	7
945	10
946	3
947	10
948	6
949	10
950	6
951	9
952	7
953	5
954	8
955	8
956	4
17340	2
957	7
958	10
959	6
960	7
961	11
17345	1
962	6
963	10
964	6
965	2
966	11
967	6
968	7
969	5
17354	2
970	3
971	5
972	7
973	6
974	2
975	10
976	8
977	8
978	3
17362	2
979	10
980	6
981	8
982	8
983	10
984	5
17368	1
985	4
17369	1
986	11
987	6
988	9
989	6
990	6
991	5
17375	1
992	5
993	7
994	4
995	6
996	9
997	4
998	6
17382	1
999	8
1000	9
1001	7
1002	8
1003	5
1004	6
1005	7
1006	9
1007	6
1008	9
1009	7
1010	9
17394	1
1011	3
1012	5
1013	7
1014	8
1015	4
17399	1
1016	6
1017	8
1018	12
1019	6
17403	1
1020	15
1021	6
17405	1
1022	6
1023	9
1024	13
17408	1
1025	9
1026	6
1027	7
1028	5
1029	8
1030	11
1031	8
1032	6
1033	14
1034	8
1035	7
1036	4
1037	9
1038	10
1039	4
1040	6
1041	7
1042	5
1043	3
1044	6
1045	9
1046	4
1047	10
1048	5
1049	8
17433	1
1050	7
1051	7
1052	6
1053	14
1054	9
1055	5
1056	12
17441	1
1057	9
1058	5
1059	9
17443	1
1060	8
1061	6
1062	5
1063	9
1064	7
1065	6
1066	9
1067	10
1068	8
1069	4
1070	12
1071	6
1072	8
1073	12
1074	6
1075	9
1076	4
1077	3
1078	6
1079	6
17463	1
1080	5
1081	2
1082	7
1083	7
1084	13
1085	9
1086	5
1087	4
1088	6
17472	1
1089	4
1090	5
1091	5
1092	6
1093	6
1094	6
1095	6
1096	8
1097	10
1098	12
17482	1
1099	11
1100	4
1101	6
1102	10
1103	7
1104	5
1105	11
1106	3
1107	8
1108	7
17492	1
1109	11
17493	1
1110	7
1111	6
1112	7
1113	10
17497	1
1114	6
17499	1
1115	5
1116	9
1117	4
1118	3
1119	9
17503	1
1120	11
1121	6
17505	1
1122	8
1123	6
1124	9
17508	1
1125	7
1126	8
1127	4
1128	7
1129	4
1130	4
1131	13
1132	12
1133	5
1134	6
1135	6
1136	5
1137	5
1138	10
17523	1
1139	9
1140	7
17524	1
1141	6
1142	3
1143	9
1144	7
1145	2
1146	4
1147	5
1148	7
1149	6
1150	5
1151	12
1152	6
1153	4
1154	6
17538	1
1155	6
17539	1
1156	7
1157	11
1158	10
1159	8
1160	9
1161	7
1162	7
1163	11
1164	5
1165	8
1166	13
1167	15
1168	6
1169	7
1170	9
1171	7
1172	10
1173	6
1174	7
1175	6
1176	11
1177	11
1178	6
1179	9
1180	6
1181	11
1182	11
1183	9
1184	6
1185	7
17569	2
1186	6
1187	7
17571	1
1188	12
1189	7
1190	10
1191	5
1192	6
1193	8
1194	9
1195	9
17579	1
1196	8
1197	7
1198	9
1199	10
1200	9
1201	5
1202	3
1203	11
1204	7
1205	10
1206	4
1207	6
1208	10
1209	8
1210	6
1211	9
1212	9
1213	11
17597	1
1214	4
1215	9
1216	10
1217	6
1218	9
1219	5
17603	1
1220	4
1221	6
1222	19
1223	11
1224	4
1225	6
1226	7
17610	1
1227	6
1228	9
1229	15
1230	3
17614	1
1231	11
1232	7
1233	5
1234	6
1235	12
1236	14
1237	4
1238	8
1239	4
17623	1
1240	8
1241	9
1242	7
1243	6
1244	10
1245	9
1246	10
1247	13
1248	5
1249	9
1250	8
1251	10
17635	1
1252	10
1253	5
1254	14
1255	10
1256	7
17640	1
1257	7
1258	7
1259	8
1260	11
17644	2
1261	6
1262	12
1263	10
1264	11
1265	4
1266	5
1267	8
1268	14
1269	7
17653	1
1270	10
1271	7
1272	12
1273	7
17657	1
1274	9
1275	5
1276	9
1277	10
1278	10
1279	6
1280	9
1281	7
1282	7
17666	1
1283	5
1284	7
1285	10
1286	6
1287	9
1288	6
1289	8
1290	11
1291	6
1292	13
1293	6
1294	8
1295	10
1296	10
1297	8
1298	11
1299	10
1300	8
1301	7
1302	5
1303	7
1304	8
1305	9
1306	8
1307	9
1308	11
1309	14
17693	1
1310	10
1311	8
1312	4
1313	10
1314	10
1315	7
1316	8
1317	15
1318	7
1319	7
1320	15
1321	7
1322	8
1323	12
1324	12
1325	1
1326	8
1327	3
1328	6
1329	11
17713	1
1330	5
1331	10
1332	9
1333	11
1334	13
1335	9
1336	9
1337	9
1338	13
1339	9
1340	8
1341	11
1342	10
1343	18
1344	12
1345	7
1346	11
1347	11
1348	14
17732	1
1349	7
1350	10
1351	9
1352	4
1353	11
1354	8
1355	9
1356	14
17741	1
1357	10
1358	1
1359	17
1360	8
1361	10
1362	7
1363	7
1364	5
17748	1
1365	9
1366	10
1367	8
17751	1
1368	12
1369	10
1370	7
1371	12
1372	9
1373	7
1374	7
1375	13
1376	14
1377	10
1378	6
17762	1
1379	9
1380	9
1381	6
1382	13
1383	7
1384	8
1385	7
1386	10
1387	10
1388	11
17772	1
1389	5
1390	7
1391	7
1392	14
1393	11
1394	13
1395	3
1396	8
1397	10
1398	10
1399	9
1400	5
1401	9
1402	13
17786	1
1403	5
1404	7
1405	9
1406	11
1407	9
1408	10
1409	5
1410	6
1411	10
1412	9
1413	5
1414	15
1415	10
1416	10
1417	9
1418	6
1419	9
1420	7
1421	9
1422	16
1423	11
1424	8
1425	10
1426	10
1427	8
1428	6
1429	5
1430	11
1431	13
1432	9
1433	8
1434	11
17818	2
1435	5
17819	1
1436	5
1437	8
1438	3
1439	9
1440	13
1441	14
17826	1
1442	10
1443	7
1444	8
1445	5
17829	1
1446	9
1447	9
1448	8
1449	9
1450	6
1451	6
1452	9
1453	14
1454	12
17838	1
1455	12
1456	9
1457	3
17841	1
1458	15
17842	1
1459	9
1460	7
1461	9
1462	15
1463	11
1464	10
1465	4
1466	5
1467	9
17851	1
1468	8
1469	9
1470	8
1471	7
1472	9
1473	10
1474	10
1475	8
1476	7
1477	13
1478	9
1479	11
17863	1
1480	11
1481	7
1482	8
1483	9
1484	2
17868	1
1485	9
1486	13
17870	1
1487	3
17871	1
1488	5
1489	9
1490	8
1491	11
1492	11
17876	1
1493	9
1494	9
1495	6
1496	16
1497	12
1498	9
1499	13
1500	9
1501	4
1502	7
1503	12
1504	4
1505	6
1506	8
1507	5
1508	12
1509	13
1510	5
1511	8
1512	11
1513	8
1514	9
1515	8
1516	11
1517	6
1518	7
1519	11
1520	12
1521	6
1522	10
1523	8
1524	16
1525	12
1526	9
1527	4
1528	8
1529	13
1530	6
1531	12
1532	14
1533	5
1534	6
1535	5
1536	10
1537	7
17921	1
1538	6
1539	13
17924	1
1540	7
1541	6
1542	11
17926	1
1543	11
17927	1
1544	9
17928	1
1545	4
1546	9
1547	4
1548	9
1549	3
1550	11
1551	7
1552	7
1553	6
1554	8
17938	1
1555	8
1556	10
1557	5
1558	12
1559	6
1560	9
1561	10
1562	12
1563	7
1564	10
1565	9
1566	13
1567	5
1568	9
1569	8
1570	12
1571	8
17955	2
1572	7
1573	9
1574	9
1575	10
1576	7
1577	11
1578	5
1579	9
1580	15
1581	5
17965	1
1582	7
1583	4
1584	4
1585	10
1586	9
1587	11
17971	1
1588	10
17972	1
1589	13
1590	9
1591	9
1592	4
1593	11
1594	8
1595	9
1596	8
1597	7
1598	6
1599	5
1600	11
1601	17
1602	7
1603	11
1604	5
1605	7
1606	6
1607	6
1608	9
1609	9
1610	11
1611	12
1612	6
1613	4
1614	8
1615	12
17999	1
1616	8
18000	1
1617	9
1618	12
1619	7
1620	8
1621	8
1622	7
1623	5
1624	7
1625	5
1626	4
1627	6
1628	14
1629	6
18013	1
1630	10
1631	13
1632	5
1633	3
1634	8
1635	8
1636	7
1637	10
1638	9
1639	9
1640	9
1641	4
1642	5
1643	5
1644	7
1645	3
18029	1
1646	5
1647	4
1648	11
1649	10
1650	4
1651	4
1652	7
1653	9
1654	3
1655	6
1656	13
1657	7
1658	6
1659	8
18043	1
1660	8
1661	8
1662	5
1663	10
18047	1
1664	5
1665	8
1666	10
1667	7
1668	5
18052	1
1669	12
1670	4
1671	9
1672	7
1673	9
1674	10
1675	7
1676	4
18060	1
1677	9
1678	5
1679	6
1680	6
1681	5
1682	9
1683	6
18067	1
1684	5
1685	8
1686	7
1687	13
1688	5
1689	9
18073	1
1690	5
1691	11
1692	10
1693	9
1694	5
1695	6
1696	7
1697	6
1698	1
1699	6
1700	5
1701	5
1702	7
1703	12
18087	1
1704	8
1705	7
1706	12
18091	1
1707	7
1708	8
1709	10
1710	4
1711	8
1712	5
18096	1
1713	5
1714	6
1715	8
1716	10
1717	6
1718	5
1719	10
1720	8
1721	11
1722	10
1723	8
1724	9
1725	9
1726	11
1727	7
1728	6
1729	5
1730	5
1731	6
1732	8
1733	12
1734	10
1735	7
1736	8
1737	4
1738	12
1739	2
1740	7
1741	9
1742	8
1743	11
1744	6
1745	4
1746	2
1747	5
1748	8
1749	12
1750	4
18134	1
1751	5
18135	1
1752	4
1753	10
1754	6
1755	5
1756	7
1757	7
1758	8
1759	5
1760	6
1761	3
1762	6
1763	7
1764	14
1765	6
1766	6
1767	7
1768	11
1769	13
1770	11
18154	2
1771	6
18155	1
1772	10
1773	6
1774	8
1775	8
1776	6
1777	11
1778	8
18162	1
1779	8
1780	6
1781	11
1782	4
1783	6
1784	12
1785	10
1786	6
1787	9
1788	5
18172	1
1789	7
18173	2
1790	7
1791	8
1792	8
1793	8
18177	1
1794	6
1795	11
1796	9
1797	7
1798	10
1799	8
1800	6
1801	10
1802	10
1803	10
1804	5
1805	7
1806	2
1807	8
1808	5
18192	1
18193	1
1809	8
1810	7
1811	14
1812	7
1813	8
1814	7
18199	1
1815	8
1816	6
1817	6
1818	6
1819	4
1820	10
1821	7
1822	4
18206	1
1823	14
1824	12
1825	8
1826	3
1827	7
1828	6
18212	1
1829	8
1830	13
1831	7
18215	1
1832	4
1833	6
1834	7
1835	9
1836	4
1837	5
1838	8
1839	8
1840	3
1841	8
1842	10
1843	12
1844	3
1845	6
1846	7
1847	16
18231	1
1848	7
1849	6
1850	4
1851	3
1852	6
1853	4
1854	9
1855	5
1856	4
1857	10
1858	3
1859	6
1860	6
1861	1
1862	7
18246	1
1863	6
1864	11
1865	3
1866	6
1867	7
1868	4
1869	10
1870	4
1871	7
1872	12
1873	6
1874	12
18258	1
1875	8
1876	3
1877	10
1878	8
1879	6
18263	1
1880	4
1881	9
1882	3
1883	5
1884	8
1885	7
1886	8
1887	11
1888	5
1889	11
1890	4
1891	7
1892	4
1893	9
1894	4
1895	2
1896	14
1897	16
1898	5
1899	8
1900	5
1901	6
1902	4
1903	6
1904	10
1905	5
1906	8
1907	5
1908	3
18292	1
1909	3
1910	8
1911	8
1912	7
1913	8
1914	4
1915	6
1916	4
1917	6
1918	4
1919	7
1920	6
1921	7
1922	5
1923	3
1924	7
1925	4
1926	9
1927	8
18311	1
1928	6
1929	4
1930	4
1931	6
1932	6
1933	2
1934	5
1935	7
1936	6
1937	8
1938	8
1939	6
1940	3
1941	9
1942	8
1943	6
18327	1
1944	5
1945	5
1946	5
1948	6
1949	8
1950	3
1951	11
1952	8
1953	5
1954	5
1955	8
1956	4
1957	6
1958	6
1959	9
1960	5
1961	12
1962	2
1963	7
1964	5
1965	8
1966	5
1967	4
1968	4
1969	5
1970	5
1971	7
18355	1
1972	2
18356	1
1973	4
1974	9
1975	6
1976	7
1977	2
1978	5
1979	7
1980	11
1981	9
1982	6
1983	2
1984	6
1985	3
1986	8
1987	4
1988	4
1989	6
1990	4
18375	1
1991	9
1992	4
18377	1
1993	2
1994	7
18378	1
1995	4
1996	3
1997	5
1998	8
1999	6
2000	2
2001	4
2002	9
2003	4
2004	5
2005	3
2006	2
2007	7
2008	8
2009	7
2010	5
2011	4
2012	2
18396	1
2013	6
2014	8
2015	2
2016	5
2017	2
2018	5
2019	4
18403	1
2020	7
2021	12
2022	3
2023	4
2024	6
2025	7
2026	8
2027	3
2028	5
2029	4
2030	3
2032	3
2033	8
2034	5
2035	4
2036	6
18421	1
2037	7
2038	4
2039	5
2040	6
2041	9
2042	5
2043	9
2044	6
2045	4
2046	4
2047	11
2048	5
2049	8
2050	2
2051	7
2052	6
2053	7
2054	5
2055	4
2056	6
2057	4
2058	7
2059	2
2060	3
2061	3
2062	4
2063	3
2064	6
2065	1
2066	5
2067	1
2068	6
2069	5
2070	7
2071	11
2072	5
2073	4
2074	5
2075	8
2076	3
2077	5
2078	6
2079	4
2080	9
2081	1
2082	7
2083	5
2084	10
2085	6
2086	5
2087	6
2088	5
2089	2
2090	4
2091	3
2092	5
2093	8
2094	2
2095	1
2096	8
2097	3
2098	3
2099	7
2100	7
2101	4
2102	3
2103	5
2104	5
2105	6
2106	7
2107	3
2108	7
2109	4
2110	5
2111	5
2112	4
2113	3
2114	6
2115	3
2117	7
2118	15
2119	2
2120	2
2121	7
2122	7
2123	3
2124	4
2125	4
2126	1
2127	3
2128	7
2129	3
2130	9
2131	7
2132	5
2133	6
2134	1
2135	9
2136	6
2137	5
2138	2
2139	5
2140	7
2141	4
2142	4
2143	8
2144	8
2145	1
2146	3
2147	6
2148	4
2149	2
2150	7
2151	6
2152	6
2153	6
2154	5
2155	4
2156	9
2157	4
2158	5
2159	7
2160	3
2161	5
2162	4
2163	2
2164	14
2165	5
2166	3
2167	4
2168	7
2169	7
2170	7
2171	3
2172	4
2173	4
2174	3
2175	2
2176	7
2177	5
2178	3
2179	3
2180	3
2181	8
2182	4
2183	6
2184	5
2185	6
2186	9
2187	5
2188	6
2189	4
2190	6
2191	3
2192	2
2193	5
2194	3
2195	4
2196	6
2197	6
2198	11
2199	5
2200	2
2201	4
18585	1
2202	4
2203	3
2204	10
2205	6
2206	4
2207	6
2208	5
2209	5
2210	3
2211	7
2212	4
2213	5
2214	11
2215	5
2216	6
18600	1
2217	4
2218	3
2219	8
2220	4
2221	3
2222	4
2223	5
2224	6
2225	3
2226	4
2227	9
2228	5
2229	6
2230	3
2231	7
2232	5
2233	3
2234	2
2235	5
2236	2
2237	5
2238	3
2239	4
2240	3
2241	8
2242	3
2243	2
2244	5
2245	3
2246	3
2247	3
2248	2
2249	4
18633	1
2250	4
2251	3
2252	5
18636	1
2253	3
2254	5
18638	1
2255	3
2256	6
2257	7
2258	7
2259	4
2260	6
2261	4
2262	6
2263	7
2264	3
2265	6
2266	8
2267	4
2268	2
2269	3
2270	3
2271	4
2272	5
2273	4
2274	5
18659	1
2275	5
2276	2
2277	5
2278	6
2279	6
2280	4
2281	5
2282	6
2283	10
2284	5
2285	6
2286	5
2287	5
2288	4
2289	2
18673	2
2290	4
2291	4
2292	4
2293	5
2294	3
2295	4
2296	4
2297	3
2298	6
2299	1
2300	7
2301	6
2302	6
2303	4
2304	6
2305	9
2306	3
2308	1
2309	7
2310	4
2312	7
2313	4
2314	6
2315	8
2316	7
2317	3
18701	1
2318	4
2319	4
2320	7
2321	5
2322	3
2323	2
2324	1
2325	6
2326	7
2327	5
2328	7
2329	4
2330	8
2331	4
2332	2
2333	4
2334	4
2335	6
2336	5
2337	2
2338	5
2339	9
2340	1
2341	2
2342	4
2343	4
2344	2
2345	7
2346	6
2347	4
2348	7
2349	6
2350	5
2351	3
2352	1
2353	3
2354	5
2355	2
2356	6
2357	6
2358	1
2359	5
2360	2
2361	4
2362	2
2363	5
2364	3
2365	1
2366	8
2368	7
2369	5
2370	1
2371	4
2372	6
2373	4
2375	3
2376	2
2377	3
2378	2
2379	3
2380	5
2381	1
2382	3
2383	3
2384	4
2385	3
2387	9
2388	5
2390	4
2391	7
2392	3
2393	2
2394	1
2395	2
2396	6
2397	4
2398	4
2399	8
2400	5
2401	2
2402	8
2403	6
2404	3
2405	4
2406	2
2407	1
2408	3
2409	7
2410	5
2411	3
18795	1
2412	2
2413	2
2414	3
2415	6
2416	4
2417	5
2418	3
2419	3
2420	3
2421	4
2422	9
2423	2
2424	6
2425	4
2427	5
2428	2
2429	3
2430	6
2431	6
2432	1
2433	5
2434	5
2435	8
2436	7
2437	2
2438	4
2439	5
2440	4
2441	5
2442	5
2443	3
2444	4
2445	10
2446	4
2447	2
2448	3
2449	4
2450	6
2451	5
2452	3
18836	1
2453	1
2454	3
2455	4
2456	1
2457	5
2458	7
18842	1
2459	3
2460	4
2461	2
2462	1
2463	4
2464	4
2465	4
2466	2
2467	10
2468	4
2469	4
2470	4
2471	2
2472	4
2473	6
2474	3
2475	4
2476	3
2477	1
2478	7
2479	5
2480	3
2481	2
2482	4
2483	4
2485	6
2486	6
2487	3
2488	3
2490	2
2492	3
2493	12
2494	4
2495	1
2496	5
2497	3
2498	3
2499	3
2500	4
2501	3
2503	5
2504	1
2505	2
2506	4
2507	1
2508	2
2509	5
2510	4
2511	3
2512	2
2513	5
2514	2
2515	4
2516	3
2517	5
2518	5
2519	1
2520	2
2521	2
2522	3
2523	3
2524	4
2525	6
2526	4
2527	2
2528	2
2529	3
2530	3
2531	6
2532	2
2533	2
2534	1
2535	2
2536	6
2537	1
2538	8
2539	5
2540	3
2541	3
2542	3
2543	3
2544	5
2545	2
18929	1
2546	2
2547	4
2548	3
2549	4
2550	3
2551	3
2552	3
2553	5
2554	5
2555	6
2556	6
2557	2
2558	5
2559	2
2560	3
2561	5
2562	3
2563	1
2565	4
2566	4
2567	2
2568	2
2569	1
2570	1
2572	6
2573	3
2574	2
2575	4
18959	1
2576	3
2577	2
2578	4
2579	6
2580	1
2581	2
2582	3
2583	4
2584	4
2585	3
18969	1
2586	2
2587	4
2588	5
2589	2
2590	6
2591	4
2592	3
2593	4
2594	4
2596	5
2597	1
2598	2
2599	5
2600	4
2601	4
2602	2
2603	2
2604	3
2605	4
2606	3
2607	2
2608	3
2609	3
2610	3
2611	7
18995	1
2612	1
2613	5
2614	5
2615	4
2616	2
2617	1
2618	2
2619	4
2620	3
2621	1
2622	2
19006	1
2623	1
2624	6
2625	7
2626	4
2627	3
2628	8
2629	4
2630	3
2631	2
2632	5
2633	4
2634	7
2635	3
2636	1
2637	5
2638	3
19022	1
2639	2
2640	1
2641	6
2642	4
2643	1
2644	2
2645	3
2646	1
2647	1
2648	3
2649	1
2650	1
2651	1
2652	2
2653	1
2654	3
2655	1
2656	4
2658	3
2659	4
2660	1
2661	3
2662	6
2663	2
19047	1
2664	7
2666	6
2667	3
2668	2
2669	6
2670	1
2671	5
2672	1
2673	1
2674	3
2675	2
2676	1
2677	4
2678	2
2679	3
2680	2
2681	3
2682	2
2683	2
2684	2
2685	4
2686	3
2687	7
2688	2
2689	2
2690	4
2691	3
19075	1
2692	4
2693	5
2694	1
2695	6
2696	2
2697	4
2698	6
2699	2
2700	5
2701	3
2702	4
2703	1
2704	1
2705	2
2706	3
2707	3
2708	3
2709	3
2710	1
2711	1
2712	3
2713	6
2714	3
2715	3
2716	1
2717	3
2718	1
2719	2
2720	1
2722	2
2723	3
2724	4
2725	4
2726	8
2727	1
2728	4
2729	6
2730	3
2731	3
2732	6
2733	3
2734	1
2735	3
2736	1
2738	3
2739	3
2740	4
2741	1
2742	2
2743	2
2744	5
2745	2
2746	2
2747	2
2748	1
2749	4
2750	4
2751	2
2752	2
2753	2
2754	3
2755	4
2756	5
2757	2
2758	2
2759	5
2760	4
2761	2
2762	4
2763	1
2764	3
2765	2
2766	2
2767	1
2768	3
2769	2
19153	1
2770	1
2771	5
2772	4
2773	4
2774	1
2775	2
2776	4
2777	1
2778	6
2779	1
2780	5
2781	1
2783	2
2784	4
19168	1
2785	3
2786	4
2787	1
2788	3
2789	5
2790	7
2791	4
2792	1
2793	1
2794	3
2795	3
2797	3
2798	4
2799	4
2800	4
2801	3
2802	4
2803	4
2804	2
2805	1
2806	2
2807	1
2808	3
2809	2
2810	2
2812	5
2813	4
19197	1
2814	3
2815	2
2816	1
2817	4
2818	3
2819	4
2821	4
2822	1
2823	1
2824	2
2825	6
2826	4
2827	4
2828	1
2829	2
2830	1
2831	1
2832	4
2833	3
2834	4
2835	1
19219	1
2836	1
2837	1
2838	3
2839	2
2840	2
2841	3
2842	3
2843	2
2844	2
2845	2
2846	2
2847	2
2848	1
2850	2
2851	5
2852	2
2853	3
2854	3
2855	1
2856	1
2857	3
2858	4
2859	2
2860	2
2862	2
2863	3
2864	2
2866	3
2867	3
2868	3
2869	3
2870	1
2872	2
2873	2
2874	4
2875	3
2876	2
2877	1
2878	1
2879	2
2880	6
2881	1
2882	2
2883	7
2884	1
2885	3
2886	4
2887	3
2888	1
2890	1
2891	3
2892	3
2893	1
2894	1
2895	2
2896	2
2897	3
2898	2
2899	2
2900	5
2901	2
2902	3
2903	1
2904	3
2905	3
2906	1
2907	1
2909	4
2910	4
2911	3
2912	4
19296	1
2913	1
2914	2
2915	3
2917	6
2918	2
2919	5
2920	1
2922	2
2923	1
2924	1
2925	2
2926	1
2927	1
2928	2
2929	1
2930	2
2931	1
2932	1
2933	5
2934	2
2935	3
2936	6
2937	1
2938	1
2939	3
2940	4
2941	1
2942	3
2943	1
2944	4
2945	4
2946	1
2947	2
2948	4
2949	3
2950	3
19335	1
2952	2
2953	1
2954	3
2955	5
2956	2
2957	3
2958	1
2959	2
2960	4
2961	2
2962	4
2963	4
2964	3
2965	2
2966	1
2967	2
2968	2
2970	1
2971	4
2972	1
2973	1
2974	3
2975	1
2976	1
2977	1
2978	3
2979	2
2980	5
2981	4
2982	1
2983	2
2984	2
2985	2
2986	4
2987	1
2989	3
2990	1
2991	2
2992	1
2993	2
2994	2
2995	1
2996	3
2997	1
2998	4
3000	3
3001	3
3002	1
3003	3
3006	1
3007	2
3008	3
3009	4
3010	1
3011	3
3012	1
3013	2
3014	1
3015	1
3016	4
3017	1
3018	1
19403	1
3020	4
3021	2
3022	6
3023	3
3024	2
3025	3
3027	1
3029	1
3030	4
3031	1
3032	2
3033	1
3035	2
3036	2
3037	2
3038	1
3039	1
3040	3
19424	1
3041	2
3042	4
3043	3
3044	1
3045	2
3046	1
3047	2
3048	3
3049	2
3050	2
3051	4
3052	1
3053	4
3055	2
3056	2
3058	2
3059	4
3060	2
3061	3
3062	1
3063	2
3064	1
3067	3
3068	1
3069	2
3070	1
3071	2
3072	1
3073	3
3074	3
3075	1
3076	6
3077	4
3078	1
3079	2
3080	2
3081	1
3082	1
19468	1
3084	1
3085	2
3086	3
3088	1
3089	3
3090	4
3091	2
3092	2
3093	3
3094	1
3095	1
3096	4
3097	1
3098	4
3099	2
3100	3
3101	1
3102	2
3103	3
3104	1
3105	4
3106	6
3108	1
3109	4
3111	3
3112	6
3113	1
3114	3
3115	3
3116	1
3117	2
3118	2
3119	3
3121	2
3123	2
3124	4
3125	1
3126	4
3127	1
3128	2
3130	2
3131	3
3132	3
3133	2
3134	2
3135	4
3136	2
3137	1
3138	2
3139	2
3140	2
3142	5
3143	2
3144	1
3146	2
3147	2
3148	6
3149	2
3150	3
3151	3
3153	3
3154	3
3157	3
19541	1
3159	1
3160	2
3162	1
3163	5
3164	3
3165	2
3166	3
3168	3
3169	3
3170	2
3171	2
3173	6
3175	1
3177	1
3178	1
3179	1
3180	2
3182	3
3183	1
3184	1
3185	2
3186	2
3187	1
3188	3
3190	2
3191	2
3192	1
3194	3
3195	2
3196	2
3198	1
3199	4
19583	1
19584	1
3200	4
3201	3
3202	3
3203	2
3204	4
3207	1
3208	3
3209	5
3211	2
3212	1
3214	1
3216	1
3217	1
3218	2
3220	4
3221	3
3222	3
3223	1
3224	3
3225	2
3226	3
3227	1
3228	3
3230	2
3231	2
3233	1
3234	1
3236	2
3237	2
3238	1
3239	1
3240	2
3241	3
3242	1
3244	5
3245	1
3246	3
3248	2
3250	2
3251	2
3252	4
3254	2
3255	1
3256	3
3257	3
19641	1
3258	1
3259	1
3260	1
3261	1
3262	2
3265	2
3266	1
3268	1
3271	3
3272	1
3273	2
3274	2
3275	2
3276	1
3277	1
3279	1
3280	1
3281	3
3282	2
3283	5
3284	4
3285	3
3286	2
3288	2
3290	3
3292	1
3293	2
3296	1
3297	2
3298	3
3301	1
3303	1
3304	1
3306	4
3307	3
3308	3
3311	4
3312	1
3313	2
3314	1
3315	2
3316	4
3317	4
3319	1
3321	2
3322	2
3323	3
3324	1
3325	2
3330	3
3332	2
3333	3
3334	3
3335	3
3336	3
3338	3
19723	1
3339	3
3340	1
3341	4
3342	2
3343	2
3344	1
3345	3
3348	3
3349	1
3350	2
3351	1
3353	2
3354	2
3355	1
3356	2
3357	1
3359	1
3360	2
3361	3
3362	1
3363	3
3366	2
3367	2
3369	4
3370	1
3371	1
3372	2
3373	1
3374	3
3376	1
3377	1
3379	2
3380	3
3381	3
3382	1
3383	1
3385	1
3386	3
3387	3
3388	1
3389	1
3391	1
3392	1
3394	1
3395	2
3396	4
3397	1
3399	1
3402	3
3403	1
3404	1
3406	1
3407	3
3408	3
3409	1
3410	3
3412	1
3413	3
3414	3
3415	1
3416	2
19801	1
3417	3
3418	1
3419	4
3420	2
19804	1
3421	1
3422	2
3423	1
3425	1
3426	2
3427	1
3428	1
3429	3
3432	2
3433	1
3434	2
3435	1
3437	1
3438	3
3439	1
3440	5
3441	2
3442	2
3444	2
3445	1
3446	2
3447	2
3451	1
3453	1
3454	1
3455	1
19839	1
3456	1
3458	2
3460	1
3462	2
3463	2
3464	6
3465	1
3466	1
3467	1
3468	2
3469	2
3470	2
3471	2
3472	1
3473	3
3474	3
3475	3
3476	1
3479	1
3480	2
3481	3
3485	3
3486	1
3487	5
3489	1
3490	1
3491	1
3492	1
3494	1
3497	3
3498	3
3499	1
3501	2
3502	1
3503	2
3504	3
3505	3
3506	1
3508	1
3509	1
3510	1
3511	3
3512	3
3513	2
3514	2
3515	3
3516	2
3519	1
3520	3
3521	2
3522	2
3523	4
3525	2
19909	1
3526	4
3527	5
3528	4
3529	1
3530	2
3531	4
3533	2
3535	1
3536	3
3537	2
3538	2
3539	3
3540	4
3543	2
3545	3
3548	3
3549	1
3551	1
3552	3
3553	1
3554	3
3556	1
3557	2
3558	5
3559	1
3560	2
3561	1
3562	2
3565	1
3566	1
3567	2
3568	2
3569	4
19954	1
3570	2
3571	1
3573	1
3574	2
3575	2
19960	1
3577	1
3578	3
3579	4
3580	3
3581	1
3582	1
3584	1
3588	1
3589	1
3590	1
3591	2
3593	1
3594	1
3595	1
3597	1
3598	4
3599	3
3600	3
3601	1
3602	3
3603	1
3605	1
3607	2
3608	1
3609	1
3612	2
3613	1
3614	2
3615	2
3616	1
3617	3
3619	2
3620	1
3621	1
3623	1
3624	1
3626	3
3627	1
3628	1
3629	1
3630	1
3632	2
3634	1
3635	2
3636	4
3638	1
3639	1
3640	2
3641	4
3642	1
3643	1
3644	1
3645	1
3646	2
3648	1
3651	2
3652	2
3653	3
3654	1
3655	2
3658	3
3661	4
3662	2
3663	2
20048	1
3664	2
3665	2
3667	3
3669	3
3671	3
3672	1
3673	2
3674	1
3675	1
20063	1
3679	2
3680	1
3681	1
3683	1
3684	1
3685	1
3686	1
3689	3
3690	1
3691	1
3693	2
3694	2
3695	1
3696	2
3697	3
3698	2
3699	1
3700	1
3701	1
3704	3
3705	2
3706	1
3707	1
3709	2
3710	1
3711	2
3713	2
3715	2
3716	1
3717	1
3718	1
3719	1
3721	1
3724	1
3725	2
3726	2
3727	1
3728	3
3729	6
3730	1
3731	3
3732	1
3733	2
3734	2
3735	1
3736	2
3739	4
3741	1
3742	1
3744	1
3745	1
3747	1
3749	2
3750	1
3751	1
3752	1
3753	1
3754	2
3756	2
3757	1
3759	2
3761	2
3762	1
3765	2
3766	1
3767	1
3768	1
3769	1
3771	2
3772	1
3773	1
3774	2
3775	1
3777	2
3778	1
3779	3
3782	1
3783	2
3785	3
3786	2
3787	1
3788	1
3789	2
3790	1
3791	1
3792	3
3793	2
3795	2
3796	1
3797	2
3798	2
3800	1
3801	2
3802	3
3803	2
3805	2
3806	1
3808	2
3809	1
3810	3
3811	2
3812	1
3813	2
3815	2
3819	1
3820	3
3821	1
3822	4
3824	3
3825	1
3826	1
3827	2
3828	2
3829	1
3830	1
3833	2
3834	1
3836	1
3837	1
3839	2
3840	3
3841	2
3843	1
3844	1
3845	1
3846	4
3847	2
3848	2
3849	2
3851	1
3852	3
3854	1
3855	3
3856	1
3858	2
3862	1
3864	2
3865	1
3867	4
3868	3
3871	1
3872	1
3873	3
3875	1
3876	3
20263	1
3879	2
3880	1
3881	3
3883	2
3884	1
3885	2
3886	1
3887	2
3888	1
3890	2
3891	4
3894	1
3897	1
3898	2
3899	1
3901	1
3903	1
20288	1
3906	3
3908	1
3912	1
3913	2
3914	3
3916	1
3918	3
3919	1
3920	1
3921	1
20307	1
3923	2
3924	2
3925	1
3929	1
3930	2
3931	1
3932	1
3934	1
3935	1
20319	1
3937	1
3938	1
3942	1
3943	1
3944	1
3946	2
3947	1
3948	1
3949	1
3953	1
3955	3
3956	2
3957	2
3959	1
3960	2
3961	1
3963	3
3964	2
3965	1
3966	1
3967	1
3970	2
3971	3
3972	2
3973	1
3974	2
3975	1
3976	1
3980	1
3981	2
3982	2
3983	1
3985	1
3986	2
3987	1
3990	2
3995	1
3997	3
3998	1
3999	2
4000	3
4001	1
4003	1
4004	2
4007	1
4008	1
4009	1
4010	2
4012	1
4014	2
4015	1
4019	2
4020	1
4022	3
4027	1
4029	1
4030	4
4031	1
4032	2
4034	2
4035	1
4036	2
4037	1
4042	2
4044	1
4045	2
4046	1
20432	1
4048	1
4049	2
4051	1
4053	2
4056	2
4057	2
4058	2
4059	1
4061	2
4062	1
4063	3
4064	1
4066	2
4067	1
4068	1
4070	1
4071	1
4072	1
4083	1
4084	2
4085	1
4086	1
4088	1
4089	2
4092	1
4093	1
4094	1
4095	3
4097	2
4099	2
4104	1
4107	1
4108	1
4109	1
4110	1
4111	2
20495	1
4112	1
4117	1
4118	2
4120	1
4121	1
4123	2
4124	2
4126	2
4128	3
4129	1
4130	2
4131	1
4133	1
4136	1
4137	3
4140	1
4142	1
4143	1
4146	3
4148	1
4151	2
4154	2
4156	1
4157	1
4158	1
4159	3
4160	1
20545	1
4163	1
4165	1
4171	2
4174	3
4176	1
4178	1
4179	2
4180	2
4181	1
4182	1
4186	1
4189	1
4192	2
4193	1
4196	1
4198	2
4199	1
4200	1
4201	2
4203	2
4204	3
4205	1
4208	3
4210	1
4212	2
4213	2
4214	1
4215	3
20599	1
4217	1
4218	1
4222	2
20606	1
4223	2
4224	1
4226	2
4227	1
4228	1
4230	2
4232	1
4233	1
4234	1
4235	1
4236	2
4237	1
4243	3
4246	1
4249	1
4251	1
4256	1
4259	1
4266	1
4267	1
4268	1
4270	3
4274	1
4275	2
4276	2
4279	1
4280	1
4284	1
4285	2
4286	1
4288	1
4290	1
4291	2
4294	2
4295	1
4296	1
4298	2
4299	1
4303	1
4305	2
4307	1
4309	3
4312	2
4313	1
4318	1
4320	2
4323	1
4324	1
4326	2
4327	1
4328	1
4329	1
4332	2
4333	2
4335	1
4336	1
4337	1
4342	2
4343	2
4344	1
4345	2
4347	1
4348	2
4349	2
4351	2
4352	1
4353	1
4354	2
4355	2
4357	1
4358	1
4367	1
4369	1
4370	1
4375	1
4376	1
4378	2
4379	1
4380	2
4381	1
4382	1
4383	1
4384	2
4386	2
4387	4
4388	1
4390	2
4391	2
20776	1
4395	2
20780	1
4396	1
4398	1
4399	1
20784	1
4400	1
4403	1
20787	1
4410	2
4418	1
4419	2
4420	1
4421	1
4428	1
4429	1
4430	1
4435	1
4438	4
4439	2
4440	2
4443	2
4447	1
4453	1
4454	2
4456	3
4459	1
4463	1
4466	2
4468	1
4471	3
4479	2
4480	1
4481	1
4484	1
4485	2
4486	1
4488	1
4490	1
4491	3
4493	2
4495	2
4498	3
4502	1
4503	1
4504	1
4505	1
4506	1
4508	1
4509	2
4510	1
4511	1
4512	1
4513	1
4514	1
4515	1
4517	2
4519	2
4520	2
4521	1
4522	1
4524	1
4527	1
4530	1
4532	1
4533	2
4536	1
4537	1
4539	3
4544	1
4550	1
4551	1
4556	1
4560	1
4562	2
4564	2
4565	1
4567	1
4568	2
4569	1
4571	1
4574	2
4575	3
4577	2
4578	1
4579	3
4580	1
4584	4
4585	1
4588	3
4590	1
4591	1
4592	3
4593	1
4594	2
4595	3
4596	3
4598	4
4599	2
4600	3
4601	5
4603	1
20987	1
4604	1
4605	1
4606	1
4607	2
4611	1
4612	1
4614	2
4615	2
4616	1
21001	1
4617	1
4619	1
4620	1
4621	1
4624	2
4625	1
4626	1
4627	2
4628	5
4629	6
4630	3
4631	5
4632	5
4633	5
4634	5
4635	4
4636	2
4637	2
4638	2
4639	6
4640	3
4641	1
4643	2
4645	2
4646	2
4647	1
4648	1
4650	1
4651	1
4655	1
4660	1
4665	1
4667	1
4671	1
4672	3
4673	1
4675	2
4676	1
4678	1
4680	2
4681	3
4683	1
4684	1
4685	4
4686	1
4688	1
4691	1
4692	1
4693	1
4695	1
4697	1
4698	1
4699	1
4702	2
4703	1
4705	1
4706	2
4707	2
4708	1
4710	1
4713	1
4714	1
4717	1
4719	1
4720	1
4723	1
4730	1
4731	2
4733	2
4734	1
4741	2
4742	1
4743	1
4744	1
4746	1
4749	1
4751	1
4752	2
4753	1
4755	2
4756	1
4758	1
4759	1
4760	1
4761	1
4764	1
4766	1
4769	1
4770	2
4771	1
4774	1
4775	1
4778	1
4784	1
4785	1
4787	2
4789	1
4791	1
4793	1
4798	1
4801	1
4807	1
4809	1
4810	2
4812	2
4813	1
4817	1
4822	2
4823	1
21208	1
4826	1
21210	1
4828	2
4830	1
4831	2
4832	1
4833	1
4834	1
4835	2
4837	1
4839	1
4840	3
4841	1
4845	1
4846	1
4847	1
4848	2
4849	1
4850	1
4851	1
4854	1
4855	2
4856	1
4860	1
4862	2
4863	1
4864	1
4865	1
4866	1
4868	1
4872	1
4873	1
4876	1
4879	1
4880	1
4882	2
4884	1
4887	1
4893	1
4894	1
4895	1
4898	1
4899	1
21284	1
4901	3
4903	1
4906	1
4909	1
4914	2
4919	1
4920	3
4921	1
4922	1
4923	1
4925	1
4927	1
4929	1
4930	1
4931	1
4937	1
4938	1
4943	1
4944	1
4950	2
4952	1
4953	1
4958	1
4959	1
4961	2
4964	2
4965	1
4966	1
4967	1
4970	1
4972	1
4973	2
4974	3
4975	1
4978	1
4980	2
4982	1
4985	3
4988	4
4991	1
4996	1
4997	1
4999	2
5001	1
5004	3
5008	1
5010	1
5011	2
5014	1
5016	2
5020	1
5021	1
5023	1
5024	1
5026	1
21410	1
5028	3
5029	1
5031	1
5035	1
5039	1
5042	1
5043	1
5048	2
5049	1
5050	1
5055	1
5059	1
5063	1
5068	1
5071	1
5073	1
5075	1
5078	1
5079	1
5080	2
5081	1
5085	3
5086	1
5088	1
5095	1
5101	2
5102	1
5115	1
5116	1
5118	1
5119	1
5120	1
5123	1
5125	1
5126	1
5127	1
5129	1
5135	1
5136	2
5137	1
5138	1
5143	1
21528	1
5146	1
5147	2
5157	2
5159	2
5160	1
5161	1
5163	1
5164	1
5165	1
5166	2
5169	3
5170	1
5172	1
5183	1
5184	1
5185	1
5188	1
21575	1
5191	2
5194	1
5199	1
5201	1
5202	2
5204	1
5205	1
5212	2
5214	1
5215	1
5216	1
5217	1
5218	1
5219	2
5220	1
5221	1
5222	1
5223	1
5234	1
21618	1
5236	1
5237	2
5240	1
5248	2
5250	1
5251	1
5255	1
5259	3
5264	1
5266	1
5267	1
5268	2
5273	1
5276	1
5277	1
5279	1
5281	1
5282	2
5288	1
5295	3
21680	1
5297	1
5301	1
5302	1
5303	1
5304	1
5307	1
5309	1
5310	1
5311	1
5312	1
5313	1
5316	2
5321	1
5325	1
5331	1
5334	1
5337	1
5340	2
5350	1
5353	2
5358	1
5359	1
5360	1
5361	1
5373	1
5377	1
5378	1
5379	1
5382	2
5383	1
5384	3
5385	2
5389	1
5392	1
5395	1
5397	1
5398	1
5401	1
5408	1
5412	1
5419	1
5421	1
5422	1
5423	1
5424	1
5426	1
5428	1
5430	1
5435	1
5436	1
5439	1
5441	3
21827	1
5448	1
5449	2
5453	1
5454	1
5457	1
5458	2
21843	1
5460	1
5464	1
5468	1
5470	1
5473	1
5480	1
5484	1
5487	1
5488	1
5489	1
5492	1
5496	1
5499	1
5500	1
5502	2
5503	1
5505	1
5508	1
5509	1
5511	1
5514	1
5516	1
5518	1
5519	1
5525	1
5527	1
5529	1
5530	1
5532	3
5533	1
5534	3
5538	1
5545	1
5546	1
5548	3
5551	1
5552	2
5555	1
5558	2
5562	1
5565	1
21950	1
5567	1
5568	1
5572	1
5578	1
5580	1
5582	1
5585	1
5587	1
5592	1
5601	2
5604	1
21993	1
5612	1
5618	1
5621	1
5629	1
5631	1
5641	1
5642	2
5643	1
5644	1
5646	2
5651	1
5655	1
22041	1
5663	2
5665	1
5667	1
5668	1
5669	1
5672	1
5673	1
5674	1
5677	1
5680	1
5681	1
5682	1
5687	1
5688	2
5692	1
5694	1
5697	3
5702	2
5707	1
5709	1
5711	1
5712	1
5713	1
5715	1
22100	1
5718	2
5719	1
5720	1
22111	1
5729	3
5731	1
5736	1
5737	1
5739	1
5740	1
5741	1
5745	2
5746	2
5750	1
5753	1
5760	2
5761	1
5762	1
5763	1
5765	1
5766	1
5769	1
5771	1
5774	1
22159	1
5776	2
5796	1
22180	1
5797	2
5799	1
5801	1
5802	1
5806	1
5809	1
5811	1
5817	2
5819	2
5822	1
5825	1
5826	1
5827	1
5835	1
5837	1
5838	1
5839	1
5843	1
5846	1
5847	1
5855	1
5857	1
5859	2
5860	1
5866	1
5869	1
5872	1
5874	2
5879	1
5880	1
5882	1
5884	1
5888	1
5891	1
5892	1
5896	1
5897	1
5900	2
5903	1
5905	1
5906	1
5907	1
5910	1
5918	1
5919	1
5920	1
5921	2
5926	1
5927	1
5929	1
5931	1
5934	2
5935	2
5937	1
5944	2
5948	2
5949	2
5952	2
5959	2
5960	1
5964	1
5966	1
5969	1
5970	1
5972	1
5973	1
5974	2
5975	2
5978	2
5987	1
5988	1
5990	1
5991	1
5992	1
5994	1
5995	2
5996	1
5998	1
6003	2
6013	1
6019	1
6020	2
6022	1
6027	1
6032	1
6033	1
6034	1
6038	2
6040	1
6041	1
6043	1
22430	1
6048	1
6050	1
6051	1
6068	1
6072	1
6075	1
6077	1
6080	1
6082	1
6088	1
22475	1
6093	1
6098	1
6099	1
6101	2
6112	1
6114	1
6115	1
6118	1
6123	1
6125	1
6130	1
6134	1
6135	1
6136	1
6137	1
6142	1
6143	1
6146	2
6147	1
6149	1
6154	1
6159	1
6163	1
6169	2
6172	1
6175	1
6180	1
6183	2
6185	2
6187	1
6189	1
22573	1
6190	1
6194	1
6195	1
6196	1
6198	2
6201	1
6203	1
6206	1
6209	1
6210	1
6212	1
6214	1
6216	1
6220	1
6223	1
6227	1
6228	1
6230	1
6235	1
6238	1
6240	1
6242	1
6243	1
6244	1
6245	1
6246	1
6247	1
6248	1
6251	2
6252	1
6260	1
6262	1
6265	1
6272	1
6273	1
6276	1
6279	1
6280	1
6282	1
6283	1
6284	1
6285	2
6287	1
6289	2
6297	1
6300	1
6302	1
6303	1
6304	1
6305	1
6309	1
22698	1
6314	1
6316	1
6324	1
6327	1
6332	1
6333	1
6334	1
6335	1
6339	3
6340	1
6344	1
6346	1
6351	1
6355	1
6361	1
6363	1
6366	1
6367	1
6368	1
6369	1
6370	2
6372	1
6374	1
6375	1
6378	1
6380	1
6383	1
6384	1
6388	2
6389	1
6392	1
6393	1
6394	1
6395	1
6396	2
6397	1
6398	1
6399	1
6400	1
6401	1
6402	1
6404	1
6407	1
6408	1
6410	1
6418	1
6419	1
6420	1
6421	1
6423	2
6428	1
6430	1
6436	1
6437	1
6452	2
6453	1
6455	1
6457	1
6459	1
6463	1
6464	1
6465	1
6471	1
6473	1
6474	1
6476	1
6478	1
6481	1
6484	1
6488	1
6490	1
6491	1
6492	1
6498	1
6504	1
6507	1
6510	1
6513	1
6514	1
6516	1
6519	1
6521	1
6522	1
6527	1
6534	3
22920	1
6537	1
6539	1
6540	1
6541	1
6548	1
6551	1
6553	1
6554	1
6556	2
6560	1
6561	1
6567	1
6570	1
6572	1
6574	3
6579	1
6580	1
6587	1
6589	1
6590	1
6591	1
6595	1
6596	1
6598	2
6601	1
6603	4
6613	1
6621	1
6622	1
6623	1
6627	1
6628	1
6635	1
6639	1
6640	1
6642	1
6645	2
6655	1
6657	2
6659	1
6663	2
6669	1
6676	1
6677	2
6681	1
6684	1
6688	1
6693	1
6695	1
6696	1
6701	2
6703	1
6704	1
23094	1
6712	2
6713	1
6714	1
6716	1
6719	1
6722	1
6725	2
6727	1
6729	2
6731	1
6734	1
6735	1
23123	1
6746	1
6747	1
6751	1
6753	1
6755	1
6757	1
6761	1
6763	1
6765	1
6767	1
6772	1
6775	1
6778	1
6779	1
6781	2
6782	2
6785	1
6790	1
6797	1
6802	2
6803	1
6805	1
6809	1
6811	2
6812	1
6815	1
6816	1
6819	1
6823	1
6829	1
6833	2
23218	1
6834	1
6835	1
6836	1
6840	1
6841	1
6843	2
6847	1
6848	1
6851	1
6854	1
6855	1
6861	1
6863	1
6866	1
6867	1
6869	1
6870	1
23255	1
6877	1
6879	2
6882	2
6888	2
6889	2
6890	1
23281	1
6897	1
6898	1
6899	3
6906	1
6910	1
6915	2
6921	1
6923	2
6924	1
6927	1
6933	1
6937	1
6942	1
6946	1
6949	3
6954	1
23342	1
6960	1
6977	1
6984	1
6985	1
6986	1
6987	1
6989	1
6991	1
6994	2
6995	3
6997	1
7000	2
7003	1
7004	1
7008	1
7010	2
7013	2
7017	1
7018	1
7020	2
7022	1
7024	3
7029	1
7031	1
7036	1
7046	1
7048	1
7051	1
7052	1
7054	1
7056	1
7058	2
7060	1
7061	1
7062	1
7063	2
7068	1
7070	1
7073	1
7075	1
7078	1
7079	1
7097	1
7098	1
7104	1
7110	1
7112	1
7115	1
7118	2
7120	1
7121	1
7124	1
7126	1
7127	1
7129	2
7131	1
7135	1
7136	1
7137	1
7144	1
7147	1
7149	1
7152	2
7153	1
7155	1
7162	1
7164	1
7166	2
7170	2
7171	2
7172	1
7176	1
7177	1
7179	1
7181	1
7184	1
7198	1
7199	1
7200	2
7201	2
7204	1
7206	1
7208	1
7209	1
7210	1
7218	1
7219	1
7227	1
7233	1
7234	2
7236	1
7259	1
7261	1
7262	1
7267	1
23656	1
7273	2
23659	1
7282	1
7287	1
7288	1
7290	1
7291	1
7292	1
7293	1
7294	1
7299	2
7304	1
7309	2
7311	1
7312	2
7315	2
7319	1
7322	1
7323	1
7324	1
7328	1
7330	1
7335	1
7339	2
23726	1
7342	1
23727	1
7344	1
23729	1
23730	1
7346	1
23731	1
23732	1
23733	1
23734	1
23735	1
23736	1
7353	2
7358	2
7359	1
7364	1
7365	1
23750	1
7374	2
7378	1
7380	1
7383	1
7385	2
23770	1
7386	1
23772	1
7389	1
7391	1
7392	1
7393	1
23779	1
7396	2
7397	1
7401	1
23785	1
7408	1
23793	1
23798	1
23799	1
7416	1
7420	2
7421	1
7423	1
7426	1
7429	1
7431	1
23816	1
7434	1
7441	1
23826	1
7446	1
23831	1
23832	1
23833	1
23834	1
23835	1
7451	1
23836	1
23837	1
7453	1
7454	1
23838	1
23839	1
23840	2
23841	1
23842	1
7458	1
23843	1
23844	1
23845	1
23846	1
23847	1
7465	1
7482	1
7483	1
7485	1
7493	1
7496	1
7497	1
7499	1
7500	2
7505	1
7507	1
23894	1
7516	2
7518	1
7520	1
7521	1
7531	3
7533	1
23918	1
7534	1
7535	1
23919	1
7546	2
7547	1
7548	1
7549	1
7550	1
7551	1
7552	1
7556	1
7561	1
7562	1
7565	1
7566	1
7567	1
7570	1
7573	2
23959	1
7576	2
7578	1
7579	1
23967	1
7584	1
7586	2
7590	1
23976	1
7592	1
7593	1
7600	1
7606	1
7611	1
24000	1
7629	1
7630	1
7633	1
7634	1
7635	1
7636	1
7637	1
7643	1
24028	1
7647	1
7649	1
7651	1
7652	1
7655	1
7656	1
7666	1
7682	2
7683	1
24070	1
7690	1
7691	1
7694	1
7696	1
7697	1
24082	1
7700	1
7707	1
7712	1
7717	3
7718	2
7720	1
7727	1
7732	2
7739	1
7740	1
7745	1
24138	1
7754	1
7759	1
7760	1
7761	1
24147	1
7764	1
7765	2
7768	1
7771	2
7772	2
24156	1
7776	2
7778	1
7781	1
7783	1
7786	1
7791	1
7798	1
7799	1
7800	1
7803	1
7805	1
7808	1
7812	1
7818	1
7820	1
24205	1
7829	1
7830	1
7831	1
7837	1
7839	1
7840	1
7842	1
7844	1
7847	1
7853	1
7858	1
7860	1
7861	1
7862	1
7864	1
7867	1
7868	1
7873	2
7875	1
24261	1
7877	1
7880	1
7881	1
7884	1
7885	1
7886	1
7890	1
7892	2
7894	1
7896	1
7900	1
7902	3
7903	2
7908	1
7911	1
7920	1
7922	1
7924	1
7926	1
7928	1
7930	1
7932	1
7940	1
7946	1
7947	2
7952	1
7953	1
7955	2
7956	2
7958	1
7969	1
7972	2
7973	1
7978	1
7995	1
7998	1
8003	1
8007	1
8009	1
8010	1
8014	1
8016	1
8021	1
8023	1
8029	1
8030	1
8032	1
8035	1
8038	1
8041	1
8044	1
8045	1
8054	1
8060	1
8061	1
8067	1
8076	2
8078	1
8080	1
8086	2
8088	1
8094	1
8096	2
8098	1
8099	1
8100	1
8101	1
8105	1
8107	2
8111	1
8115	1
8116	1
8117	1
8126	1
8135	1
8136	1
8138	1
8139	1
8140	1
8143	1
8145	1
8146	1
8152	1
24543	1
8160	1
8162	1
8167	3
8168	1
8177	1
8181	1
24567	1
8184	1
24572	1
8195	1
8198	1
8199	1
8200	1
8202	2
24587	1
8207	1
8210	1
8213	1
8215	1
8216	1
8222	2
8234	1
8239	2
8240	1
8241	1
8246	1
8248	1
8254	1
8256	1
8262	1
8264	1
8273	1
8274	1
8276	1
8290	1
8292	1
8293	1
8297	1
8299	1
8304	1
8311	1
24697	1
8315	1
8317	1
8328	1
8329	2
24713	1
8330	2
8341	1
8348	2
8353	1
8354	1
8359	2
8370	1
8376	1
8392	1
8395	1
8397	1
8403	1
8406	1
8422	1
8429	1
8442	1
8444	1
8457	1
8461	1
8464	1
8466	1
8475	1
8476	1
8484	1
8491	1
8493	1
8495	3
8497	1
8505	1
8508	1
8517	1
8524	1
8532	1
8533	1
8538	1
8542	1
8551	2
8554	1
8555	1
8557	1
24948	1
8591	1
8597	2
8609	1
8610	1
8611	1
8626	1
8629	1
8630	1
25018	1
8634	1
8641	1
8642	1
8647	1
8649	1
8651	1
8652	1
8654	1
8655	1
8657	1
8658	1
8663	1
8664	1
8666	1
8669	1
8680	1
8685	2
8688	2
8694	3
8698	2
8700	1
8701	1
8703	1
8706	1
8707	1
8711	1
8713	1
8715	2
8716	2
8719	1
8725	1
8733	1
8738	1
8739	1
8752	1
8760	1
8765	1
8768	2
8770	2
8775	1
8780	1
8782	1
8793	1
8795	1
8807	1
8813	1
8819	1
8820	1
8825	1
8833	1
8834	1
8838	1
8850	1
8851	1
8856	1
8857	1
8859	1
8861	1
8866	1
8879	2
8884	1
8886	1
8888	1
8889	1
8895	1
8900	1
8903	1
8906	1
8909	1
8912	1
8915	1
8921	1
8927	1
8940	1
8942	2
8947	1
8955	1
8960	2
8961	1
8975	1
8977	1
8981	1
8985	1
8987	1
8991	2
8997	1
9001	1
9005	2
9008	1
9016	1
9025	1
9033	2
9036	1
9047	1
9050	2
9055	1
9056	1
9059	1
9066	1
9071	2
9081	2
9086	1
9088	1
9099	1
25484	1
9105	1
9110	1
9122	1
9123	3
9125	1
9130	1
9131	1
9135	1
9150	1
9154	1
9158	1
9159	1
9166	1
9169	1
9171	3
9174	1
9177	1
9179	1
9181	2
9182	1
9203	1
9209	2
9211	1
9215	1
9217	1
9223	2
9226	2
9234	1
9256	1
9267	1
9272	1
9279	1
9281	1
9286	1
9287	1
9289	1
9290	1
9291	1
9306	1
9309	1
9310	1
9315	1
9319	2
9327	1
9333	1
25722	1
25725	1
9343	1
9345	1
9356	1
9358	1
9361	1
9368	1
9381	2
25768	1
9384	1
9390	1
9399	1
9400	1
9403	1
9406	1
9407	1
9423	1
9426	1
9428	1
9431	1
9432	1
9435	1
9438	1
9439	1
9446	1
9447	1
9459	1
9482	2
9486	1
9488	1
9493	1
9496	1
9499	1
9500	1
9518	1
9530	1
9535	1
9544	1
9552	1
9555	1
9557	2
9560	1
9568	2
9579	1
9580	1
9601	2
9604	1
9607	1
9609	1
9610	1
9613	1
9617	1
9618	1
9625	1
9630	1
9643	1
9645	1
9657	1
9663	1
9673	1
9676	1
9680	1
9683	1
9684	1
9685	1
9687	1
9691	1
9695	1
9698	2
9711	1
9727	1
9733	1
9741	1
9743	1
9746	1
9751	1
9759	1
9765	1
9768	1
9780	1
9784	1
9792	1
9796	1
9809	1
9813	1
9821	1
9835	1
9843	1
9844	1
9868	1
9897	1
9898	1
9901	2
9907	1
9911	1
9926	1
9935	1
9936	1
9939	1
9942	1
9954	1
9955	1
9959	1
9960	1
9962	1
9963	1
9970	1
9971	1
9978	1
9984	1
9989	1
9991	1
9993	1
9996	1
10004	1
10005	1
10006	1
10007	1
10011	1
10013	1
10051	1
10056	1
10058	1
10062	1
10065	1
10068	1
10078	2
10087	1
10090	1
10115	1
10118	1
10122	1
10138	1
10139	1
10147	1
10151	1
10172	1
10173	1
10174	2
10179	1
10187	1
10189	1
10205	2
10212	1
10222	1
10231	1
10240	1
10248	1
10249	1
10252	1
10255	1
10260	1
10274	1
10287	1
10292	1
10294	1
10308	1
10323	1
10325	1
10339	1
10351	1
10352	1
10369	1
10380	1
10383	1
10400	1
10402	1
10415	1
10423	2
10425	1
10432	1
10434	1
10447	1
10454	1
10473	1
10492	1
10493	1
10505	1
10506	1
10510	1
10514	1
10534	1
10537	1
10543	1
10549	1
10556	1
10562	1
10563	1
10580	1
10581	1
10582	1
10592	1
10597	1
10599	1
10617	1
10622	1
10628	1
10630	2
10631	1
10633	1
10634	1
10639	1
10640	1
10641	1
10650	1
10651	1
10660	1
10662	1
10665	1
10666	1
10669	1
10672	1
10674	1
10682	1
10687	1
10694	1
10700	1
10710	1
10715	1
10720	1
10736	1
10737	1
10738	1
10740	1
10750	1
10757	1
10774	1
10775	1
10777	1
10778	1
10785	1
10792	1
10798	1
10802	1
10814	2
10827	1
10828	1
10833	1
10839	1
10855	1
10857	1
10858	1
10862	1
10867	1
10873	1
10879	1
10882	1
10898	1
10902	1
10920	1
10925	1
10934	1
10938	1
10939	1
10956	1
10961	1
10965	1
10968	1
10970	1
10975	1
10976	1
10977	1
10981	1
10983	1
10996	1
11004	1
11012	2
11013	1
11024	1
11035	1
11036	1
11045	1
11064	1
11068	1
11069	1
11075	1
11076	1
11078	1
11081	1
11086	1
11097	1
11098	1
11099	1
11103	1
11104	1
11109	1
11111	1
11120	2
11121	1
11126	1
11171	1
11178	1
11181	1
11184	1
11188	1
11193	1
11197	1
11201	1
11202	1
11204	1
11205	1
11209	1
11217	1
11225	1
11229	1
11230	1
11231	1
11233	1
11237	1
11247	1
11255	1
11259	1
11280	2
11283	2
11288	1
11302	1
11311	1
11316	2
11320	1
11327	1
11334	1
11335	1
11338	1
11340	1
11342	1
11343	1
11354	1
11357	1
11366	1
11370	1
11371	1
11373	1
11386	1
11390	1
11391	1
11393	1
11407	1
11415	1
11420	2
11424	1
11425	2
11431	1
11435	1
11446	1
11450	1
11461	1
11494	1
11505	2
11508	1
11510	1
11526	1
11527	1
11532	1
11533	1
11545	1
11549	1
11553	1
11562	1
11564	1
11569	1
11572	2
11574	1
11579	1
11585	1
11587	1
11589	1
11607	1
11627	1
11628	1
11637	1
11647	1
11672	1
11675	1
11686	1
11704	1
11713	1
11724	1
11729	1
11737	1
11739	1
11741	1
11743	1
11761	1
11766	1
11778	2
11801	1
11806	2
11812	1
11813	1
11818	1
11825	1
11831	1
11832	2
11846	1
11850	1
11853	1
11854	1
11861	1
11863	1
11865	1
11868	1
11877	1
11894	1
11897	1
11900	1
11909	1
11915	1
11921	1
11925	2
11926	1
11934	1
11935	1
11951	1
11955	1
11961	1
11966	1
11970	1
11975	1
11976	2
12013	1
12027	1
12034	1
12035	1
12040	1
12043	1
12044	1
12047	2
12054	1
12058	1
12064	1
12065	1
12068	1
12072	1
12098	1
12122	1
12133	1
12134	1
12136	1
12141	1
12150	2
12163	1
12177	1
12190	1
12193	1
12200	1
12202	1
12204	1
12205	1
12211	1
12212	1
12213	1
12214	1
12224	1
12235	1
12244	1
12263	1
12264	1
12273	1
12275	1
12277	1
12284	1
12285	1
12292	1
12294	1
12301	1
12309	1
12311	1
12314	1
12318	1
12320	1
12325	1
12328	1
12329	1
12336	1
12340	1
12342	1
12350	1
12358	3
12360	1
12366	1
12370	1
12390	2
12392	1
12399	1
12402	1
12411	1
12417	1
12419	1
12424	1
12430	1
12434	1
12444	1
12447	1
12454	1
12458	1
12468	1
12469	1
12474	1
12477	1
12504	1
12506	1
12512	1
12519	1
12524	1
12527	1
12528	1
12540	1
12556	1
12559	1
12564	1
12575	1
12577	1
12578	1
12582	1
12590	1
12616	1
12618	1
12645	1
12665	1
12671	1
12690	1
12691	1
12692	1
12696	1
12704	1
12711	1
12742	1
12747	1
12749	1
12769	1
12775	1
12788	2
12789	1
12804	1
12817	1
12824	1
12830	1
12837	1
12840	2
12848	1
12862	1
12864	1
12876	1
12879	1
12896	1
12906	1
12908	1
12916	1
12917	1
12920	1
12930	1
12939	1
12946	1
12949	1
12951	1
12954	1
12970	1
13002	1
13005	1
13006	1
13007	2
13008	1
13025	1
13033	1
13043	1
13046	1
13051	1
13066	1
13071	1
13086	1
13089	1
13093	1
13105	1
13109	1
13112	1
13119	1
13135	1
13146	1
13151	1
13155	1
13162	1
13168	2
13171	1
13175	1
13179	1
13182	1
13190	1
13203	1
13207	1
13214	1
13217	1
13239	1
13240	1
13252	1
13257	1
13263	1
13267	1
13268	1
13274	1
13275	1
13288	1
13289	1
13300	1
13312	1
13315	1
13322	1
13323	1
13325	1
13330	1
13333	1
13346	1
13350	2
13361	1
13364	1
13369	1
13370	1
13379	1
13385	1
13388	1
13393	1
13407	1
13411	1
13412	1
13423	1
13439	1
13441	1
13443	1
13450	1
13484	1
13486	1
13491	1
13504	1
13505	1
13515	1
13528	1
13532	1
13544	1
13550	1
13554	1
13559	1
13561	1
13568	1
13577	1
13584	2
13594	1
13602	1
13609	1
13618	1
13621	1
13634	1
13640	1
13653	1
13669	1
13681	1
13699	1
13705	1
13707	1
13716	1
13723	1
13731	1
13742	1
13763	1
13765	1
13766	1
13783	1
13788	1
13791	1
13807	1
13811	1
13836	1
13849	1
13855	1
13858	2
13859	1
13876	1
13906	1
13909	1
13910	1
13912	1
13919	1
13924	1
13941	1
13949	1
13952	1
13972	1
13979	2
13985	1
13995	1
14000	1
14030	2
14038	1
14047	1
14063	1
14064	1
14067	2
14080	1
14095	1
14110	1
14128	1
14133	1
14142	1
14156	1
14166	1
14182	1
14183	1
14184	1
14190	1
14193	1
14208	1
14209	2
14227	2
14230	1
14240	2
14243	1
14246	1
14247	1
14254	1
14255	1
14260	1
14270	1
14273	1
14278	1
14281	1
14282	1
14283	1
14291	1
14305	1
14306	1
14319	1
14325	2
14327	1
14330	1
14363	1
14372	1
14375	1
14390	1
14393	2
14394	1
14409	1
14417	2
14433	1
14441	1
14458	1
14471	1
14473	1
14478	1
14480	1
14481	1
14486	1
14490	1
14505	1
14506	1
14518	1
14520	1
14525	1
14528	1
14529	1
14541	1
14542	1
14556	1
14563	1
14574	2
14575	1
14584	1
14600	1
14610	1
14626	1
14630	1
14638	1
14648	3
14657	2
14659	1
14664	1
14669	1
14671	1
14673	1
14676	1
14683	1
14684	1
14688	1
14690	1
14691	2
14693	1
14699	1
14712	1
14718	2
14724	2
14725	2
14726	1
14733	1
14738	1
14755	1
14761	1
14788	1
14798	2
14800	1
14801	1
14802	1
14809	1
14814	2
14816	2
14821	2
14826	1
14829	1
14836	1
14839	1
14840	1
14857	1
14858	3
14862	1
14863	1
14865	1
14866	1
14871	1
14876	1
14879	2
14881	1
14882	1
14889	1
14890	1
14899	1
14900	1
14903	1
14908	1
14911	1
14914	1
14917	1
14921	1
14925	1
14926	1
14937	1
14940	1
14942	1
14943	1
14944	2
14947	1
14953	1
14959	1
14961	1
14969	1
14972	1
14976	1
14978	1
14999	1
15002	1
15003	1
15004	1
15009	1
15013	1
15015	1
15016	1
15030	1
15039	1
15041	1
15042	1
15043	1
15047	1
15050	2
15053	2
15063	1
15067	1
15070	1
15075	1
15090	2
15109	1
15114	1
15129	1
15137	1
15141	1
15148	1
15149	1
15152	1
15153	1
15156	1
15158	1
15162	1
15163	1
15165	1
15179	2
15180	1
15184	1
15189	1
15194	1
15198	1
15201	1
15202	1
15206	1
15207	1
15220	1
15229	1
15243	1
15248	1
15252	1
15254	1
15255	1
15266	1
15269	1
15277	2
15281	1
15290	1
15294	1
15298	2
15302	1
15307	1
15310	1
15312	1
15314	2
15326	1
15328	1
15335	1
15339	1
15345	1
15348	2
15349	2
15353	1
15360	1
15374	1
15376	1
15386	1
15389	1
15402	1
15408	1
15410	1
15413	1
15415	1
15416	1
15417	1
15421	1
15432	2
15438	1
15450	1
15453	1
15456	1
15461	1
15462	1
15467	1
15469	1
15473	1
15476	1
15478	1
15482	1
15491	1
15494	1
15495	1
15506	1
15507	1
15516	1
15518	1
15527	1
15529	1
15530	1
15531	1
15534	1
15537	1
15539	1
15548	1
15553	1
15554	1
15556	1
15557	1
15561	1
15571	1
15578	1
15582	1
15602	1
15603	1
15607	1
15608	1
15609	1
15611	1
15617	1
15620	1
15624	1
15627	1
15629	1
15630	1
15634	1
15635	1
15636	1
15637	1
15642	1
15645	1
15646	1
15650	1
15654	1
15660	1
15667	1
15683	1
15690	1
15694	1
15702	1
15703	1
15714	1
15719	1
15722	1
15732	2
15733	1
15739	1
15742	1
15743	1
15745	1
15755	1
15756	2
15760	1
15769	1
15773	1
15774	1
15776	1
15779	1
15780	2
15785	1
15789	1
15795	1
15800	1
15811	1
15816	2
15822	1
15823	1
15825	1
15829	1
15830	1
15835	2
15853	1
15855	1
15858	3
15867	1
15871	1
15872	1
15875	1
15876	1
15879	1
15886	1
15892	1
15901	1
15906	1
15910	1
15912	2
15920	2
15931	1
15937	2
15944	1
15945	1
15951	1
15956	1
15957	1
15959	1
15965	1
15968	1
15979	2
15984	1
15990	1
15997	1
15999	1
16000	1
16003	1
16004	1
16005	1
16014	1
16021	2
16023	1
16029	1
16039	1
16042	2
16047	2
16049	2
16050	1
16062	1
16079	1
16081	1
16085	1
16088	1
16090	1
16097	1
16111	2
16117	1
16125	2
16138	1
16139	3
16142	1
16146	1
16154	1
16156	1
16158	1
16169	1
16177	1
16178	1
16182	1
16190	2
16191	1
16201	1
16203	1
16204	1
16205	1
16214	1
16216	1
16217	1
16231	1
16232	1
16233	1
16234	1
16244	1
16249	1
16260	1
16261	1
16264	1
16268	1
16271	1
16276	1
16278	2
16281	1
16291	1
16299	1
16304	1
16307	1
16311	1
16314	1
16318	1
16321	1
16326	1
16328	1
16336	1
16342	1
16344	1
16345	1
16347	1
16355	1
16365	1
16366	1
16369	2
16374	1
16376	1
16381	1
