1	5
2	5
3	1
16387	1
4	3
16389	1
6	4
7	1
8	4
16392	2
9	4
10	5
11	4
12	6
13	4
14	2
16398	1
16	3
17	5
18	6
19	2
20	2
21	2
22	5
23	2
24	2
25	2
16409	1
26	6
27	3
28	3
16412	1
29	5
30	4
31	6
32	3
33	6
34	3
35	3
36	6
16420	1
37	6
38	6
16422	1
39	3
16423	1
40	6
41	1
42	6
16426	1
43	3
44	3
45	3
16429	1
46	1
16430	1
47	3
48	4
49	5
50	8
51	7
52	5
53	2
54	11
55	7
56	3
58	4
16443	2
59	1
60	5
61	4
62	1
63	4
64	4
65	7
66	8
67	3
68	2
69	2
16453	1
16454	1
70	5
71	2
72	8
73	4
74	6
75	9
76	5
16460	1
77	2
78	2
79	5
80	4
81	2
82	3
84	5
85	5
16469	1
86	5
87	1
16471	1
88	12
89	2
90	3
16474	1
91	2
16475	2
92	4
93	6
94	3
95	4
96	2
97	4
98	1
99	5
16483	1
100	1
101	4
102	5
103	1
104	5
105	2
106	2
16490	1
107	2
108	4
109	7
110	6
112	3
113	4
114	6
115	8
116	8
16500	1
117	5
118	7
119	4
120	4
121	2
122	3
123	5
124	2
125	2
16509	1
126	4
127	6
128	2
129	3
130	6
131	8
16515	1
132	6
133	2
134	4
135	6
136	5
137	7
138	7
139	8
140	4
141	4
142	6
143	8
16528	1
144	1
145	6
146	3
147	4
148	5
149	3
150	6
151	4
152	5
153	4
154	2
155	3
156	4
157	4
16541	1
158	5
16542	1
159	3
160	2
16544	1
161	1
162	3
163	3
164	6
165	7
166	2
167	1
16551	2
168	1
169	8
16553	1
170	2
171	2
172	4
173	5
174	3
16558	1
175	7
176	6
177	2
178	2
179	4
180	5
181	4
182	6
183	6
184	4
185	6
186	5
187	4
188	4
189	4
190	6
191	4
192	2
193	5
194	2
195	1
16580	1
196	5
197	4
198	3
16582	1
199	1
200	5
201	2
202	5
203	4
204	3
205	8
16589	1
206	5
207	4
208	7
209	3
210	5
211	5
212	3
213	4
214	5
215	4
216	3
217	2
218	3
16602	1
219	4
220	2
16605	1
221	5
16606	1
222	5
223	7
224	4
225	2
16609	1
226	1
227	3
228	2
229	6
230	1
231	2
232	3
233	2
234	6
235	2
236	9
237	2
16621	1
238	5
16623	2
239	7
240	4
16624	1
241	3
242	1
243	5
16627	1
244	2
245	6
246	4
247	5
248	4
249	5
250	6
251	6
252	1
16636	1
253	2
16637	1
254	6
255	2
256	3
16640	1
257	4
258	7
259	5
260	6
16644	1
261	3
262	7
16646	1
263	6
264	4
265	2
266	3
267	5
268	1
16652	1
269	4
270	4
271	5
272	2
16656	1
273	8
274	4
275	4
276	4
277	5
278	3
279	3
280	10
16664	1
281	1
16665	1
282	3
283	2
284	3
285	8
286	5
287	4
288	2
289	5
290	2
292	4
293	5
16678	1
295	3
296	3
297	5
298	5
299	3
300	6
301	7
302	3
303	3
304	4
16688	1
16689	1
306	6
307	2
308	7
309	1
310	4
311	5
16695	1
312	5
16696	1
313	2
314	4
315	2
316	3
317	4
16701	1
318	4
319	4
320	4
16704	1
321	4
16705	1
322	3
323	1
16707	1
16708	2
324	2
325	6
326	5
327	3
328	5
16712	1
329	3
330	2
331	1
332	1
16716	1
333	2
16717	1
16718	1
334	4
335	6
336	2
337	7
338	7
339	3
340	3
341	5
342	3
343	4
344	3
345	2
346	5
347	3
348	5
16732	1
349	4
350	5
351	3
352	2
353	3
355	3
16739	1
356	6
357	5
358	5
359	3
360	2
361	2
362	3
363	5
364	5
365	2
366	3
367	3
368	2
369	2
370	5
16755	2
371	4
372	3
373	4
374	4
375	3
16759	1
376	1
377	1
378	4
380	5
381	7
382	7
383	3
384	2
385	6
386	5
387	4
16771	1
388	3
389	5
16773	1
390	4
391	1
392	7
394	3
16778	1
395	7
396	6
16781	2
397	5
398	1
399	4
400	1
402	1
403	5
404	4
16789	1
405	3
406	5
407	2
16791	1
408	1
409	4
410	3
411	3
412	7
413	4
414	1
415	3
16799	2
416	5
417	3
418	3
419	1
420	5
421	5
422	3
16806	1
423	4
424	2
425	5
426	1
427	5
16811	1
428	1
429	1
430	2
431	6
432	1
16816	2
433	5
434	8
435	3
436	4
437	3
16822	1
438	2
439	2
440	6
441	4
442	4
443	1
444	2
445	3
446	9
447	2
448	3
449	1
450	2
451	3
452	1
16836	1
453	4
454	5
16838	1
455	3
456	4
457	2
16842	1
458	2
459	2
460	1
461	3
462	2
463	2
16847	1
464	3
16848	1
465	4
466	6
467	6
468	3
469	5
470	4
471	3
16855	1
472	3
16856	1
473	4
474	4
475	3
16859	1
476	5
477	1
478	5
479	4
480	3
481	8
482	3
483	3
484	8
485	6
486	2
487	2
488	7
489	1
490	3
491	3
492	1
493	4
494	8
495	3
16879	1
496	3
497	3
16881	1
16882	1
498	4
499	4
500	4
501	1
16885	1
502	1
16886	1
503	2
504	2
505	4
506	4
507	6
508	4
509	4
510	6
16894	1
511	4
512	2
513	1
514	5
515	5
16899	2
516	6
517	2
518	1
519	4
520	4
16904	1
521	3
16905	1
522	1
523	5
524	3
525	4
16909	1
526	5
527	3
528	3
529	6
530	6
531	5
16916	1
532	4
533	4
534	6
535	7
16919	1
536	1
537	4
16921	1
538	2
16922	1
539	6
540	3
541	1
542	4
543	4
544	1
16928	1
545	1
546	3
547	4
548	3
549	5
550	5
551	2
552	2
553	1
554	2
555	3
556	2
557	4
558	3
559	2
560	3
16944	2
561	3
562	6
563	3
16947	1
564	3
16948	1
16950	1
567	1
568	3
569	1
16953	1
570	2
571	5
572	3
573	5
574	3
575	3
576	5
577	4
16962	1
578	2
579	6
16963	1
580	6
581	3
582	5
16966	1
583	3
16967	1
584	1
585	4
586	3
587	5
588	5
589	2
590	7
591	6
592	4
593	6
594	5
16978	1
595	3
596	4
597	7
598	10
16983	1
599	7
600	5
601	4
602	1
603	2
16987	1
604	4
605	3
606	2
16990	1
607	1
608	4
16993	2
609	4
16994	1
611	1
16995	1
612	3
613	4
614	4
16998	1
615	2
616	3
617	4
17001	1
618	6
619	4
620	4
17005	1
621	3
622	3
624	5
17008	1
625	4
17009	2
626	2
627	2
628	6
17013	1
629	3
630	1
631	1
632	7
17016	1
17017	1
633	4
634	6
17019	1
636	2
17020	1
637	2
638	2
639	3
640	2
641	3
642	4
643	4
644	1
17029	1
645	4
646	4
647	5
648	1
649	2
650	8
651	4
652	5
653	4
654	2
655	7
656	6
657	4
658	1
17042	1
659	5
660	4
661	5
662	5
663	8
664	8
665	4
666	7
667	3
17052	1
668	5
669	3
670	1
671	1
672	2
673	4
674	5
17058	1
675	4
676	9
677	3
679	1
680	2
681	3
682	2
17066	1
683	1
684	2
685	5
686	3
687	4
17071	1
688	5
689	2
690	3
691	4
692	2
693	3
17077	1
694	5
695	4
696	3
697	1
17081	2
698	3
699	4
700	7
701	4
702	1
703	4
704	2
17088	1
705	6
706	3
707	2
708	3
709	5
710	4
17094	1
711	4
712	3
713	3
17097	1
714	6
17098	1
715	6
716	4
717	5
718	5
17102	1
719	1
720	3
721	1
722	3
17106	1
17107	1
723	2
724	4
17109	1
725	4
726	3
727	2
728	2
729	4
730	6
731	4
732	6
733	6
734	5
17118	1
735	1
736	2
737	2
17121	1
738	2
739	3
740	4
17124	1
741	2
742	2
743	4
744	4
17128	1
745	4
746	6
747	3
17132	2
748	1
749	1
750	2
751	4
752	7
753	3
754	3
755	1
756	2
757	3
758	4
759	5
17143	1
760	4
762	2
17147	1
763	2
764	2
765	5
17149	1
17150	1
766	4
767	1
768	1
769	6
17153	1
770	4
17154	2
771	2
772	5
17156	1
773	1
17157	1
774	1
775	8
17159	1
776	2
777	2
17161	1
778	3
779	3
780	2
17164	1
781	3
782	3
17166	1
783	2
784	4
785	4
786	3
17170	1
787	8
788	2
789	2
790	3
791	4
17175	1
792	2
793	1
17177	1
794	1
17178	1
795	1
796	4
797	1
798	1
799	2
800	3
801	4
17186	1
802	1
803	2
804	4
805	5
806	1
807	3
808	2
809	6
810	3
811	1
17195	1
812	4
813	2
814	3
815	3
816	2
817	2
818	3
17202	2
819	2
820	4
821	6
822	3
823	8
824	5
825	3
826	4
17210	1
827	3
828	3
17212	1
829	3
17213	1
17214	1
830	4
831	2
832	3
17216	1
833	2
834	7
835	3
836	4
837	6
838	4
839	3
840	3
841	3
842	3
843	5
844	4
845	6
846	5
847	3
17232	1
848	5
849	2
850	3
17234	1
851	3
17235	1
852	3
853	3
854	3
17238	1
855	5
857	3
17241	1
858	4
17242	1
859	3
860	3
861	3
862	3
863	2
864	1
865	3
866	4
17250	1
868	4
869	4
870	3
871	6
872	3
873	1
874	2
17259	2
875	4
876	4
17260	1
877	1
878	4
879	1
880	4
881	1
17265	1
882	4
883	3
885	5
886	1
887	5
888	2
889	1
890	2
891	4
892	4
17276	1
893	2
894	2
895	2
896	3
897	6
898	1
899	4
900	5
901	4
902	5
17286	2
903	1
904	3
905	1
906	4
907	6
908	1
909	5
910	8
912	1
913	4
17297	1
915	4
916	1
17301	2
917	1
918	1
919	3
920	3
921	3
922	2
923	4
924	1
17309	1
926	4
927	6
928	7
929	1
17313	1
930	2
932	3
933	3
934	2
935	4
936	3
17320	1
17321	2
937	4
938	3
939	3
940	2
941	2
942	6
943	2
944	3
945	1
947	5
948	2
17332	1
949	4
17333	1
950	7
17334	1
951	3
952	3
953	2
954	5
17339	2
955	2
956	3
957	2
958	4
959	3
961	4
962	4
963	2
964	1
965	5
966	4
967	1
968	3
969	2
970	4
971	5
17355	1
973	3
974	7
975	1
976	1
977	2
978	2
979	2
980	5
17364	1
983	3
984	4
985	3
17369	1
986	3
987	1
988	6
17373	1
989	2
990	6
991	5
17376	1
992	3
993	2
994	4
17378	1
995	4
996	5
17381	1
997	1
998	2
999	2
1000	3
1001	2
1002	1
1003	2
1004	1
17388	1
1005	3
1007	1
1008	2
1009	5
1010	3
17394	1
1011	4
1012	2
1013	5
1014	2
1015	5
1016	4
1017	4
17402	1
1018	2
1019	2
1020	3
1021	2
1022	4
1023	3
1024	2
17408	3
1025	2
1026	2
1027	2
17411	1
1028	6
1031	1
17415	1
1032	1
17416	1
1033	2
1034	6
1035	1
1036	1
1037	1
1038	3
1039	3
1040	5
1041	2
1042	6
1043	3
1044	1
1045	1
1046	2
17430	1
1047	1
1048	2
17432	1
1049	5
1050	2
1051	3
1052	3
1053	5
1054	2
1055	1
1056	2
1057	4
17441	1
1058	3
17442	1
1059	3
1060	2
1061	2
1062	1
1063	1
1064	3
17448	1
1065	3
17449	1
1066	3
1067	4
1068	3
1069	5
1070	2
1071	2
1072	4
1073	1
17457	1
1074	1
1075	2
1076	6
1077	2
1078	1
17463	1
1079	2
1080	3
1081	4
1082	3
1083	2
17467	1
1084	4
1085	2
1086	2
17471	1
1087	1
1088	4
17472	1
1089	5
1090	4
17474	1
1091	1
1092	2
1093	3
1094	2
17478	1
1095	4
1096	2
1097	5
1098	2
1099	3
1100	2
1101	3
1102	1
1103	2
1104	1
1105	3
1106	2
17490	1
1107	3
17491	2
1108	2
1109	6
1110	5
1111	6
1112	3
1113	3
17497	1
1114	2
1115	6
1116	2
1117	4
1118	3
17502	1
1119	2
17503	1
1120	1
1121	3
17505	1
1122	2
1123	4
17507	1
1124	4
17508	1
1125	2
1126	1
1128	1
1130	3
1131	2
1132	1
1133	2
17519	3
1135	2
1136	1
1137	1
1138	3
1139	3
17523	1
1140	5
17524	1
1141	4
1142	3
1143	7
1144	4
1145	4
1146	2
1147	2
1148	3
1149	3
1151	2
1152	3
1153	6
1154	1
1155	3
17539	2
1156	5
1157	4
1158	3
1159	3
1160	1
1161	5
1162	1
1163	2
17547	2
1164	1
1165	1
1166	2
1167	1
1168	6
17552	1
17554	1
1170	4
17555	1
1172	2
1173	2
1174	3
1175	5
1176	2
1177	1
17562	1
1179	1
1180	4
1181	5
1182	3
1183	1
1184	4
1185	3
1186	1
1187	3
17571	1
1188	2
1189	6
1190	2
1191	1
1192	1
1193	3
1194	2
1195	5
17579	1
1196	3
1197	2
1198	2
1199	1
1200	3
17584	1
1201	2
1202	4
1203	2
1204	1
1206	4
1207	2
1208	3
1209	2
17593	1
1210	3
1211	2
1212	1
1213	3
1214	2
1215	3
17599	1
1216	4
1217	2
17601	1
1218	3
17602	1
1219	5
1220	1
1221	1
1222	3
1223	1
1226	3
1227	2
1228	2
1229	2
1230	3
1232	5
1233	2
1234	4
1236	1
1237	1
1238	5
1239	4
1240	1
1241	3
1242	1
1243	4
1244	3
17628	1
1245	1
17629	1
1246	3
17631	1
1249	4
1250	1
1251	2
1252	7
1253	1
1254	1
1255	1
1256	2
1257	2
1258	4
1259	4
1260	3
1262	2
17646	1
17647	1
1263	7
1265	1
1266	3
1267	2
17651	1
1268	6
1270	4
1271	3
1272	2
1273	1
17657	1
1274	4
17658	1
1275	3
1276	4
1277	1
1278	3
1279	2
1280	2
1281	2
17665	1
1282	3
1283	4
17668	1
1284	2
1285	2
1286	5
1287	2
1288	5
1289	4
1290	4
1291	1
1292	3
1293	1
1294	1
17678	1
1295	1
1296	5
1297	1
1298	3
1299	2
1300	1
1301	6
1302	4
17686	1
1303	3
17687	1
1304	3
17688	1
1305	4
17689	1
1306	3
1308	2
1309	1
1310	1
1311	3
1312	6
1313	5
1314	3
1315	4
1316	4
1317	2
1318	2
1319	1
17703	1
1320	2
1321	2
1322	3
1323	4
17708	1
1324	2
17709	1
1325	5
1326	5
17710	1
1327	1
1328	6
1329	2
17713	1
1330	3
1331	5
1332	2
1333	2
1334	2
1335	2
17719	1
1336	3
1337	2
1338	5
1340	1
1341	3
1342	3
1343	1
1344	3
1346	3
1347	1
1348	2
1349	4
1350	2
17734	1
1351	1
1352	4
17736	1
1353	1
1354	4
1355	2
1357	4
1358	2
17742	1
1359	1
1360	2
17744	1
1361	4
17745	1
1362	4
1363	1
1364	3
1365	2
1367	4
1368	3
17753	1
1369	4
1370	2
1372	2
1373	1
1374	3
1375	3
1376	3
1377	4
1378	2
1379	3
1380	4
1381	4
1382	5
1383	2
17767	1
1384	3
17768	2
1385	2
17769	1
1386	1
1387	4
1388	1
1389	2
1390	1
1391	5
17775	1
1392	3
1393	3
1394	7
1395	4
17779	1
1396	7
1397	2
1398	3
1399	2
1400	1
1401	4
1402	4
1403	3
17787	1
1404	2
1405	2
1406	3
1407	1
17791	1
1408	3
1409	4
1410	2
1411	3
1412	2
1413	2
1414	1
1415	3
1416	2
1417	4
1418	3
17802	1
1419	3
1420	4
1421	1
1422	1
1423	4
1424	2
1425	1
1426	1
1427	2
1428	2
1429	2
17814	1
1431	4
1433	2
1434	5
1435	1
1436	3
1437	4
1438	2
1439	4
17824	2
1440	2
1441	2
1442	5
1443	2
1444	1
1445	4
1446	1
1447	2
1449	3
17833	1
17834	1
1450	3
1451	3
1452	4
1454	1
17838	1
1455	3
1456	3
1457	2
1458	5
1459	4
17843	1
1460	6
17844	1
1461	1
1462	1
1463	3
17847	1
1464	2
1465	4
1466	2
17850	1
1467	4
1468	2
1469	2
1470	3
17855	1
1471	1
1472	2
17858	1
1474	3
1475	4
1476	2
1477	2
1478	4
1479	2
1481	1
17865	1
1482	3
1483	4
17868	1
1484	1
1486	4
1487	2
1488	3
1490	2
1491	3
17875	1
1492	2
1493	4
1494	4
1496	4
1497	6
1498	6
1499	5
1500	1
1501	1
1502	3
1503	3
1504	3
1505	1
1506	2
17890	1
17891	1
1507	2
17892	1
1508	2
1509	1
1510	1
1511	4
17895	1
1512	3
1513	5
1514	2
17898	1
1515	1
1516	2
1517	1
1518	2
1519	3
1520	2
1521	2
1523	1
1524	3
1525	2
17909	2
1527	1
17913	1
1529	3
1531	1
1533	2
1534	1
1535	2
1536	2
1537	2
1538	1
1539	5
1540	1
1541	2
1542	1
1543	1
17927	1
1544	1
1545	4
1546	5
1547	5
1548	5
1549	1
17933	1
1550	3
17934	1
1551	6
1553	1
1554	1
1555	2
1556	1
1557	3
1558	3
1559	1
1560	5
1561	8
1562	3
1563	5
1564	3
1565	4
1566	5
1567	3
1568	1
17952	1
1569	4
17954	1
1572	4
1573	3
1575	1
17959	1
1576	4
1578	5
1579	2
1580	4
1581	1
1582	5
17966	2
1583	3
1584	3
1585	2
1586	2
1587	2
17971	1
1589	4
1590	4
1591	3
17976	2
1592	3
1594	2
1596	6
1597	3
1598	3
1599	2
1600	4
1601	4
1602	1
1603	2
17987	1
1605	2
1606	2
17990	1
1607	3
1608	2
1609	2
1611	1
1613	3
1614	5
1615	1
1616	3
1617	2
1618	5
1619	2
1620	6
1621	2
1622	2
1623	5
18008	1
1624	5
1625	2
1626	2
18011	1
1627	2
1628	1
1629	2
18013	1
1630	2
1631	1
1632	5
1633	4
1634	4
1635	4
1636	1
18021	1
1638	2
1639	4
1640	1
18024	1
1641	3
18025	1
1642	1
1643	3
18027	1
1645	3
1646	2
1647	5
1649	1
1650	2
1651	4
1652	3
1653	4
1654	4
18038	1
1655	5
1656	2
1657	4
1658	2
1659	1
1660	3
1661	2
1662	1
1663	4
1664	2
1665	4
1666	1
18051	1
1667	2
1669	1
1670	1
1671	2
1672	4
1673	2
1674	5
18058	1
1675	1
18059	1
1676	6
1677	2
1678	6
1679	3
1680	3
1681	3
1682	4
1683	2
1684	2
1686	2
1687	2
1688	3
1689	3
1690	3
1691	1
1692	2
1693	5
1694	2
18078	1
1695	2
1696	1
1697	1
18081	1
1699	1
1700	4
18085	2
1701	2
1702	1
1703	4
1704	2
1705	2
1706	3
1708	3
1709	4
1710	4
1711	1
1712	3
18096	1
1713	3
18098	1
1714	1
1715	3
1716	2
18100	1
1717	2
18101	1
1718	3
1719	4
1720	2
1721	5
1722	1
1723	4
1724	2
1725	3
1726	3
1727	2
1728	1
18113	1
1729	6
1730	2
1731	4
1732	3
1733	3
1734	2
1735	3
1736	1
1737	2
1738	4
18122	1
1739	3
1740	1
1741	1
1742	1
1744	2
1745	6
1746	3
18131	1
1747	1
1748	2
1749	1
1750	3
1751	1
1752	3
18137	1
1753	2
1754	2
1755	1
1756	2
1757	2
1758	5
1759	2
1760	3
1761	4
1762	1
1763	2
1764	6
1765	4
18149	1
18150	1
1766	2
1767	1
1768	4
1769	3
1770	2
18154	1
1771	5
1772	2
1773	2
18157	1
1774	2
1775	5
18159	1
1776	2
18160	1
1777	1
1778	2
1780	4
1782	1
1783	3
1784	2
1786	1
1787	7
1788	2
1789	6
1790	2
1791	2
1792	3
1793	1
1794	5
1795	6
1796	2
1798	4
1799	1
1800	1
1801	1
1802	1
1803	1
1804	2
1805	1
1806	1
1807	4
1808	2
18193	1
1809	1
1810	3
1811	3
1812	2
1815	1
1816	6
1817	5
1819	4
1820	2
1821	3
1822	4
18206	1
1823	2
1824	4
1825	5
1826	4
1827	1
1828	3
18212	1
18213	1
1830	4
1831	2
1832	2
1833	1
1834	3
1835	1
1836	1
1837	1
1838	6
1839	6
1840	2
1841	1
1842	3
1843	2
1844	2
1845	3
1846	2
1847	2
1848	4
1849	4
1851	5
1852	4
1854	3
1855	4
1856	6
1857	7
1858	3
1859	2
18243	1
1861	3
1862	5
1863	7
1864	1
1865	3
1866	3
1868	2
1869	3
18253	1
1870	3
1871	2
1872	3
1873	2
1874	3
1875	3
1876	1
1877	1
1878	1
18262	2
1879	4
18263	1
18264	1
1881	3
1882	4
1883	2
1884	5
1885	1
1886	2
1887	5
1888	2
1889	2
1890	2
1891	1
1892	1
1893	2
1894	4
1896	3
18280	1
1897	2
1898	2
1899	1
1900	4
1901	4
1902	1
1903	2
1904	4
1905	5
1906	3
18290	1
1907	2
1908	4
1909	4
1910	4
1911	4
1914	6
1915	4
1916	4
18300	1
1917	3
1918	2
1919	2
1920	1
1921	4
1922	7
1924	2
1925	2
1926	3
18310	1
1927	4
1928	2
1929	1
1930	3
1931	4
1932	1
1933	2
1934	5
1935	4
1937	2
1938	4
1939	5
1940	5
18324	1
1941	2
1942	2
1943	4
1944	3
1945	5
1946	4
1947	1
1948	1
1949	2
1950	2
18334	1
1951	4
1952	3
1953	1
1954	2
1955	2
1956	4
1957	1
1958	3
18342	1
1959	1
1960	2
1961	1
1962	4
1963	2
1964	2
1965	4
1966	3
1967	1
1968	2
1969	8
1970	3
1971	1
1972	3
1973	1
1974	3
18358	1
1975	2
1976	5
1977	2
1978	3
1979	3
1980	5
1981	3
1982	5
1983	1
1984	4
1985	3
1986	3
18370	1
1987	6
1988	6
1989	1
1990	1
1991	2
1992	4
1993	5
1994	3
1996	3
18380	1
1997	2
1999	3
2000	2
2001	3
2002	7
2003	1
2004	5
2005	4
18389	1
2006	2
2007	1
2008	2
18392	1
2009	2
2010	1
2011	5
2012	3
2013	1
2014	3
2015	2
2016	3
18400	1
2018	2
2019	5
18403	1
2020	4
2021	2
2022	5
18406	1
2023	3
2024	1
18409	1
2026	4
2027	1
2028	1
2029	5
2030	1
2031	5
2033	2
2034	4
2035	2
2036	5
2037	1
2038	2
2039	5
2040	1
2041	3
2042	4
2043	5
2044	3
2045	3
2046	4
18431	2
2047	1
2048	2
2049	4
2050	4
2051	1
18436	1
2052	4
2053	3
18437	1
2054	3
2055	1
2056	3
2057	5
2058	3
2059	4
2060	2
2061	6
2062	2
2063	5
2064	2
2065	2
2067	2
2068	1
2069	3
2070	1
2071	2
18455	1
2072	2
2074	5
2075	3
2076	2
2077	3
2078	4
2080	1
2081	6
2082	1
2083	2
2084	4
2085	4
2086	2
2087	2
2088	4
2089	1
2090	2
2091	1
2092	1
2093	1
2094	4
2095	1
2096	2
2097	2
18481	1
18482	1
2098	3
2099	2
2100	5
2101	4
2102	5
2103	1
2104	3
2105	1
2106	4
2107	4
2108	2
2109	3
2110	3
2111	2
2112	2
2113	3
2114	3
2115	3
2116	5
2117	3
2118	2
2119	4
2120	3
2121	4
2123	2
2124	4
2126	6
2127	1
2128	3
2129	5
2130	1
2131	5
2132	2
2133	2
2134	5
2135	5
2136	1
2137	2
2138	2
2139	4
2140	3
2141	5
18526	1
2143	3
18527	1
2144	3
2145	7
2146	4
2147	2
2148	2
2149	2
2150	3
2151	2
2152	4
2153	1
18538	1
2155	7
2156	4
2157	5
2158	3
2159	2
2160	4
2161	4
2162	3
2163	3
2164	2
2165	2
2166	3
2167	4
2168	4
2169	3
2170	2
2171	3
2172	3
2173	5
2174	1
2175	4
2176	3
2177	4
2178	4
2179	3
2180	3
2181	3
2182	7
2183	3
2184	3
2185	2
2186	4
2187	2
2188	2
2189	4
2190	1
2191	1
2192	1
2193	3
2194	1
18578	2
2195	2
2196	7
2197	2
2198	2
2199	1
2200	2
2202	4
2203	3
2204	1
2205	5
2206	5
2207	6
2208	2
2209	1
2210	1
2211	3
2212	3
2213	3
2214	3
2215	6
2216	2
18601	2
2217	4
2218	6
2219	2
2220	1
2221	1
2222	3
18606	1
2223	2
18607	1
2224	4
2225	8
18609	1
2226	2
2227	4
2228	3
2229	3
2230	5
2232	5
2233	2
2234	1
2235	2
2236	2
2237	4
2238	2
2240	1
2241	5
2242	5
2243	3
2244	4
2245	6
2246	3
2247	4
2248	4
2249	3
2250	2
2251	3
2252	1
2253	2
2254	2
2255	4
2256	1
2258	2
2259	6
2260	3
2261	3
2262	1
2263	2
2264	5
2265	3
2266	8
2267	1
2269	3
2270	2
2271	4
2272	2
2273	2
2274	5
2275	4
18659	1
2276	2
2277	6
2278	4
2279	5
2280	2
2281	1
2282	3
2283	6
2284	1
2285	6
2286	4
2287	3
2288	1
2289	3
18673	1
2290	4
2291	3
2292	2
2293	4
18677	1
2294	4
2295	3
2296	1
2297	1
2298	1
2299	4
2300	3
2301	3
2302	4
2303	2
2304	2
2305	6
2306	2
2307	4
2308	3
2309	1
18693	1
2310	3
2311	5
2312	3
2313	3
2314	4
2315	1
2316	8
2317	2
2318	2
2319	3
2320	1
2321	1
18705	2
2322	1
2323	5
2324	1
2326	5
2327	7
2328	7
2329	3
2330	4
2331	2
18715	1
2332	1
2333	2
2334	4
2335	4
2336	1
2337	2
2338	4
2339	1
2340	6
2341	1
2342	5
2343	2
2344	3
2345	5
18730	1
2346	3
2347	2
2348	7
2349	3
2350	2
2351	7
2352	3
2353	7
2354	3
2355	4
2356	3
2357	1
2358	4
2359	6
2360	1
2361	4
2362	2
2363	3
2364	4
2365	6
2366	4
2367	3
2368	3
18752	1
2369	1
2370	4
2371	4
2372	4
2373	1
2374	4
2375	3
2376	2
2377	4
18761	1
2378	4
2379	3
2381	1
2382	4
2383	4
2384	1
18768	1
2385	3
2386	2
2387	4
2388	2
2389	3
2390	1
2391	5
2392	2
2393	2
2394	1
2395	1
2396	1
2397	4
2398	1
2399	4
2400	4
2401	3
2402	1
2403	4
2404	3
2405	1
2406	3
2407	8
2408	3
2409	7
2410	5
2411	2
18795	1
2412	4
2413	3
2414	3
2415	2
2416	2
2417	6
2418	4
2419	3
2420	2
2421	7
2422	5
2423	5
2424	4
2425	6
2426	1
2427	2
18812	1
2428	2
2429	4
2430	4
18814	1
2431	5
2432	2
2433	5
2434	4
2435	1
2436	4
18820	1
2437	3
2438	3
2439	3
2440	6
2441	5
18825	1
2442	3
2443	4
2444	6
2446	3
2447	2
2448	1
2449	1
2450	4
2451	4
2452	3
2453	3
2454	5
2455	1
2456	3
2457	3
18842	1
2458	1
2459	3
2460	3
2461	7
2463	4
2464	4
2465	1
2466	6
18851	1
2467	3
2468	5
2469	2
2470	1
2471	4
2472	4
18856	1
2473	4
2474	2
2475	2
2476	1
2477	3
2478	2
2479	2
2480	3
2481	4
2482	1
2484	4
2485	5
2486	2
2487	1
2488	1
2489	4
2490	4
2491	2
2492	3
2493	4
2494	3
2495	4
2497	6
2498	4
2499	4
2500	6
2501	2
2502	1
2503	8
2504	4
2505	3
2506	3
2507	5
2508	4
2510	5
2511	2
2512	2
2513	4
2514	6
2515	3
2516	3
2517	3
2518	5
2519	3
2520	1
2521	6
2522	4
2523	3
2524	7
2525	5
2526	4
2527	3
18911	1
2528	3
2529	1
2530	4
2531	6
2532	2
2533	1
2534	4
18918	1
2535	5
2536	5
2537	4
2538	2
2539	8
2541	2
2542	3
2543	8
18927	1
2544	3
2545	4
2546	4
2547	1
2548	3
2549	2
2550	5
2551	9
2552	4
2553	4
2554	4
2555	4
2556	5
2557	7
2558	5
2559	4
2560	6
2561	7
2562	1
2563	6
2564	5
2565	7
2566	2
2567	2
2568	1
2569	6
2570	7
2571	4
2572	4
2573	2
2574	3
2575	5
2576	5
2578	4
2579	4
2580	4
2582	4
2583	3
2584	3
2586	2
2587	2
2588	3
2589	4
2590	3
2591	6
2592	3
2593	6
2594	1
2595	2
2596	5
2597	3
2598	4
2599	6
2600	2
2601	3
18985	1
2602	5
2603	4
2604	2
2605	2
2606	1
2607	4
2608	6
2609	2
2610	4
2611	3
2612	3
2613	6
2614	4
2615	1
2616	4
2617	3
2618	4
2619	7
2620	2
2621	5
2622	2
2623	1
2624	3
2625	2
2626	2
2627	3
2628	3
19012	1
2629	3
2630	3
2631	1
2632	2
2633	5
2634	1
2635	3
2636	2
19020	1
2637	4
2638	2
2639	3
2640	3
2641	6
2642	5
2643	5
2644	8
2645	5
2646	4
2647	5
2648	4
2649	2
2650	4
2651	3
2653	2
2654	1
2655	6
2656	5
2657	9
2658	3
2659	3
19043	1
2660	3
2661	3
2662	3
2663	4
2664	6
2665	3
2666	2
2667	2
2668	3
2669	1
2670	2
2671	4
2672	2
2673	4
2674	2
2675	5
19060	1
2676	1
2677	5
2678	3
2679	4
2680	3
2682	6
2683	2
2684	3
2685	6
2686	8
2687	4
2688	1
2689	4
2690	4
2691	5
2692	3
19076	1
2693	2
2694	4
2695	3
2696	3
2698	2
2699	6
2700	2
2701	1
2702	3
2703	2
19087	1
2704	2
2705	4
2706	4
2707	4
2708	2
2709	3
2710	2
19096	1
2712	1
2713	1
2715	4
2716	3
2717	2
2718	2
2719	2
2720	3
2721	1
2722	1
2723	7
2724	5
2725	3
2726	3
2727	3
2728	1
2729	3
2730	1
2731	1
2732	7
2733	6
19117	1
2734	4
2735	3
2736	3
19120	1
2737	4
2738	2
2739	1
2740	1
2741	3
2742	2
2743	4
2744	5
2745	4
2746	5
2747	3
2748	4
2749	2
2750	5
2751	4
2752	1
2754	3
2755	4
2756	5
2757	3
2758	7
19142	1
2759	2
2760	5
19144	1
2761	5
2762	1
2763	3
19147	1
2764	3
2765	1
2766	3
2767	4
2768	3
19152	1
2769	3
2770	2
2771	2
2772	4
2773	7
2774	7
2775	3
2776	4
2777	5
2778	8
2779	1
2780	1
2781	4
19166	1
2782	1
2783	4
2784	1
2785	1
2786	4
2787	4
2788	2
2789	2
2790	4
2791	1
2792	3
2793	3
2794	3
2795	4
2796	2
2797	3
2798	3
2799	4
2800	3
19184	1
2801	3
2802	3
2803	2
2804	6
2805	2
2806	5
2807	4
2808	4
2809	6
2810	4
2811	2
2812	3
2813	4
2814	5
19198	1
2815	4
19199	1
2816	4
2817	1
2818	3
2819	1
2820	4
2821	2
2822	2
2823	6
2824	6
2825	4
19209	1
2826	6
2827	2
2828	7
19212	1
2829	3
2830	6
2831	2
2832	5
2833	6
19217	2
2834	4
2835	3
19219	1
2836	1
2837	4
19221	1
2838	4
2839	5
2840	4
2841	3
2842	4
19226	1
2843	3
2844	7
2845	7
2846	2
2847	5
2848	5
2849	4
2850	5
2851	1
2852	4
2854	6
2855	5
2856	4
2857	4
2858	3
2859	3
2860	6
2861	6
2862	5
2863	1
19247	1
2864	6
2865	6
2866	3
2867	4
2868	2
2869	5
2870	4
2871	1
2872	4
2873	5
2874	4
19258	1
2875	2
2876	5
2877	6
2878	4
2879	6
19263	1
2880	4
2881	7
2882	4
2883	3
2884	5
2885	6
2886	7
2887	1
2888	2
2889	4
2890	1
2891	1
2892	1
2893	3
2894	3
2895	11
2896	1
2897	1
2898	7
2899	5
2900	5
2901	1
2902	3
2903	6
2904	1
2905	3
2906	1
2907	3
2908	3
2909	8
2911	11
19295	1
2912	2
2913	5
2914	2
2915	3
2916	7
2917	2
2918	5
2919	3
2920	1
2921	2
2922	3
2923	1
2924	7
2925	3
2926	6
2927	3
19311	1
2929	4
2930	2
2931	1
2932	1
2933	2
2934	4
2935	4
2936	3
2937	5
2938	2
2939	8
2940	3
2941	1
2942	4
2943	3
19328	1
2944	3
2945	1
2946	2
2947	3
2948	6
2949	3
2950	1
2951	7
2952	3
2953	1
2954	4
2955	5
2956	1
2957	2
2958	5
2959	3
19343	1
2960	5
2961	4
2962	4
2963	2
2964	5
2965	1
2966	6
2967	5
2968	5
2969	6
2970	2
2971	7
19355	1
2972	6
2973	3
2974	1
2975	7
2976	3
2977	2
2978	3
2979	2
2980	3
2981	1
2982	3
2983	2
19367	1
2984	6
2985	8
2986	4
2987	4
2988	3
2989	1
2990	5
2991	2
2992	1
19376	1
2993	4
2994	3
2995	1
2996	2
2997	5
2998	2
2999	3
3000	4
3001	2
3002	2
3003	2
3005	2
3006	3
3007	3
3008	3
3009	5
3010	3
3011	4
3012	1
3013	7
19397	1
3014	6
3015	1
3016	4
3017	6
3018	5
3019	6
3020	4
3021	4
3022	2
3023	5
3024	2
3025	5
19409	1
3026	2
3027	5
19412	1
3028	2
3029	2
3030	6
3031	3
3032	5
3033	3
3034	3
3035	2
19419	1
3036	2
3037	8
3038	1
3040	1
3041	7
3042	3
3043	5
3045	4
3046	3
3047	7
3048	3
3049	5
3050	5
19434	1
3051	3
3052	5
3053	5
3054	2
3055	3
3056	7
3057	5
3058	3
3059	3
3060	3
3061	4
3062	6
3063	6
3064	5
3065	3
3066	2
3067	1
3068	6
3069	4
3070	5
3071	1
3072	5
3073	2
3074	2
3075	1
3076	1
3077	3
3078	4
3079	5
3080	2
3081	5
3082	3
3083	1
3084	1
3085	1
3086	4
3087	4
3088	1
3089	2
3090	2
3091	5
3092	6
19477	1
3093	1
3094	8
3095	4
3096	4
3098	3
3099	2
3101	8
19485	1
3102	3
3103	8
19487	1
3104	7
19488	1
3105	1
3106	5
3107	5
3109	3
3110	6
3111	5
3112	2
3113	4
3114	2
3115	1
3116	4
3117	3
3118	1
3119	3
3120	4
3121	4
3122	2
3123	4
3124	5
3125	4
3126	5
19510	1
3127	3
3128	2
3129	5
3130	6
3131	3
3132	6
3133	1
3134	3
3135	2
3136	2
3137	2
3138	4
3139	4
3140	3
3141	3
3142	5
3143	1
3144	4
3145	4
3146	6
3147	5
3148	2
3149	4
3150	5
3151	3
3152	5
3153	6
3154	7
3155	2
3156	1
3157	2
3158	4
3159	4
3160	2
3161	10
3162	6
3163	5
3164	4
19548	1
3165	3
3166	6
3167	4
3168	3
3169	2
3170	4
19554	1
3171	1
3172	4
3173	4
3174	4
19558	1
3175	1
3176	6
3177	2
3178	4
3179	10
3180	3
3181	4
3182	2
3183	4
3184	5
3185	3
3186	5
3187	3
3188	3
3189	1
3190	2
19574	1
3191	3
3192	1
3193	2
3194	9
3195	1
3196	2
3197	2
3198	2
3199	2
3200	6
3201	3
3202	3
3203	3
3204	4
19588	1
3205	5
19589	1
3206	5
3207	8
3208	3
3209	5
3210	6
3211	5
3212	2
3214	4
3215	1
3216	4
3217	6
3218	6
3220	1
3221	5
3222	1
3223	3
3224	4
3225	4
3226	4
3227	4
3228	6
3229	3
3230	5
3231	7
3232	3
3233	3
3234	4
3235	4
3236	6
3237	3
3238	4
3239	3
3240	3
3241	4
3242	6
3243	5
3244	4
3245	4
3246	4
3247	5
3248	3
3249	5
3250	4
3251	4
3252	6
3253	3
3254	2
3255	7
3256	3
3257	3
3258	1
3259	1
3260	3
3261	5
3262	8
3263	6
3264	1
3265	6
3266	3
3267	5
3268	10
3269	2
3270	4
3271	3
3272	5
3273	5
3274	3
3275	4
3277	4
3278	3
19662	1
3279	2
3280	2
3281	1
3282	1
3283	3
3284	4
3285	4
3286	2
3287	6
3288	3
3289	3
3290	2
3291	4
3292	4
3293	6
3294	2
3295	6
3296	1
3297	4
3298	2
3299	6
3300	2
3301	1
3302	4
3303	5
3304	6
3305	4
3306	1
3307	3
3308	4
3309	2
3310	2
3311	2
3312	4
19697	1
3314	5
3315	3
3316	7
3317	3
3318	6
3319	2
3320	5
3321	8
3322	7
3323	2
3324	5
3325	3
19709	1
3326	2
3327	4
19711	2
3328	5
3329	4
3330	4
19714	1
3331	2
3332	2
3333	1
3334	5
3336	3
3337	3
19721	1
3339	1
3340	4
3341	6
3342	3
3343	2
3344	6
3345	3
3346	5
3347	6
3348	4
3349	3
3350	5
3351	6
3352	1
3353	3
3354	4
3355	3
3356	4
3357	4
19741	1
3358	2
3359	4
3360	4
3361	3
3363	3
3364	5
3365	3
3366	2
3367	4
3369	4
3370	2
3371	7
3372	3
19756	1
3373	4
3374	3
3375	7
3376	3
3377	4
3378	6
3379	6
3380	3
3381	1
3382	2
3383	6
3384	6
3385	6
3386	3
3387	4
3388	2
3389	7
3390	4
3391	4
3392	5
3393	6
3394	5
3395	3
3396	2
3397	6
3398	8
3399	3
3400	7
3401	3
3402	5
3403	6
3405	5
3406	4
3407	2
3408	1
3409	3
19793	1
3410	4
3411	6
3412	2
3413	6
3414	6
3415	3
3416	4
3417	2
3419	5
3420	2
3421	2
3422	10
19807	1
3423	1
3424	3
3425	1
3426	5
3427	3
3428	7
3429	4
3430	5
3431	1
3432	2
3433	3
3434	3
3435	2
19819	1
3436	3
3437	3
3438	7
3439	3
3440	5
3441	3
3442	7
3443	5
3444	2
3445	3
3446	2
3447	4
3448	7
3449	5
3450	3
19835	1
3451	3
3452	4
3453	5
3454	3
3455	4
3456	2
3457	2
3458	8
3459	3
3460	10
3461	4
19845	1
3462	6
3463	1
19847	1
3464	6
3465	6
3466	2
3467	2
3468	4
3470	4
3471	2
19855	1
3472	6
3473	4
3474	2
3475	4
3476	1
3477	3
3478	4
3479	3
3480	3
3481	3
3482	5
3483	2
3484	5
3485	1
3486	2
3488	6
3489	5
19875	1
3491	1
3492	5
3493	4
3494	6
3495	4
3496	3
3497	5
3498	4
3499	2
3500	4
3501	3
3502	3
3503	3
19887	1
3504	2
3505	4
19889	1
3506	2
3507	1
3508	1
3509	6
3510	4
3511	1
3512	8
3513	2
3514	2
3515	7
3516	3
3517	3
3518	3
3519	2
19903	1
3520	6
3521	3
3522	4
3523	9
3524	3
3525	4
3526	5
3527	4
3528	3
3529	3
3530	3
3531	2
3532	3
3533	6
3534	4
3535	1
3536	4
3537	3
3538	2
3539	6
3540	4
3541	4
3542	5
3543	2
3545	1
3546	5
3547	5
3548	3
3550	4
3551	2
3552	5
3553	7
3554	3
3555	4
3556	3
3557	2
3558	7
3559	1
3560	6
3561	4
3562	5
3563	2
3564	4
3565	1
3566	2
3567	1
3568	4
3569	2
3570	5
3571	2
3572	7
3573	7
3574	4
3575	2
3576	3
3577	5
19961	1
3578	1
3579	7
3580	5
3581	7
19965	1
3582	1
3583	5
3584	4
3585	3
3586	3
3587	6
3588	6
3589	6
3590	3
3591	4
3592	4
3593	4
3594	4
3595	4
3596	5
3598	6
3599	1
3600	2
3601	3
3602	1
19986	1
3603	6
3604	3
3605	1
3606	3
3607	2
3608	4
3609	7
3610	9
3611	3
3612	3
3613	3
3614	4
3615	2
3616	5
3617	5
3618	4
3619	5
20003	1
3620	2
3621	2
3622	8
3623	1
3624	1
3625	4
3626	2
3627	2
3628	2
3629	7
3630	5
3631	3
3632	1
3633	5
3634	5
3635	2
20019	1
3636	3
3637	1
3638	1
3639	2
20023	1
3640	4
3641	5
3642	2
20026	1
3643	1
3644	4
3645	5
3646	3
3647	2
3648	3
3649	4
3650	2
3651	6
3652	3
3653	3
3654	3
3655	1
3656	1
3657	6
3658	7
3659	2
3660	2
3661	3
3662	4
3663	4
3664	2
3665	3
3666	2
3667	2
3668	2
3669	2
3670	2
3671	2
3672	3
3673	5
3674	2
3675	3
3676	7
3677	4
3678	3
20062	1
3679	3
3680	4
3682	4
3683	4
3684	3
3685	2
3686	3
3687	2
3688	5
3689	5
3690	5
3691	5
3692	2
3693	5
3694	5
20078	1
3695	5
3696	4
3697	4
3698	1
3699	4
3700	2
3701	3
3702	2
3703	3
3704	5
3705	1
3707	4
3708	3
3709	2
3710	2
3711	3
3712	4
3713	2
3714	4
3716	6
3717	3
3718	3
3719	4
3720	4
3721	2
3722	2
3723	4
3724	6
3725	3
3726	2
3727	2
3728	4
3729	7
3730	4
3731	6
3732	4
3733	1
3734	4
3735	4
3736	2
3737	6
3738	5
3739	2
3740	5
3741	3
3742	1
3743	6
3744	2
3745	9
3746	4
3747	3
3748	3
3749	3
20133	1
3750	5
20134	2
3751	4
3752	4
3753	1
3754	4
3755	4
3756	5
3757	2
3758	3
3759	4
3760	3
3761	5
3762	5
3763	4
3764	3
20148	1
3765	5
20149	1
3766	11
3767	2
3768	1
3769	2
3770	4
3771	3
3772	5
3773	2
3774	2
3775	3
3776	6
3777	8
3778	5
3779	5
3780	4
3781	2
3782	4
3783	6
3784	4
3785	3
3786	1
3787	4
3788	2
3789	2
20173	1
3790	5
3791	1
3792	2
3793	7
3794	1
3796	6
3797	2
3798	1
3799	3
20183	1
3800	5
3801	2
3802	6
20186	1
3803	1
3804	4
3805	5
3806	4
3807	3
3808	2
3809	8
3810	3
3811	7
3812	4
3813	3
3814	5
3815	6
3816	1
3817	3
3818	3
3819	4
3820	4
3821	1
3822	3
3823	3
3824	3
3825	4
3826	3
3827	3
3828	2
3829	3
3830	5
3831	2
3832	3
3833	6
3834	4
3835	1
3836	5
3837	2
3838	2
3839	3
3840	6
20224	1
3841	3
3842	4
3843	5
3844	3
3845	3
3846	4
3847	3
3848	4
3849	3
3850	1
3851	8
20235	1
3852	6
3853	1
3854	4
3855	3
3857	4
3858	2
3859	4
3860	4
3861	3
3862	4
3863	3
3864	7
3865	4
3866	4
3867	2
3868	1
3869	2
3870	5
3871	4
3872	2
3873	3
3874	2
3875	3
3876	5
3877	5
3878	2
3879	1
20263	1
3880	2
3881	4
3882	2
3883	2
3884	2
3885	4
3886	3
3887	4
3888	4
3889	6
3890	5
3891	5
3892	2
3893	2
3894	4
3895	6
3896	3
3897	1
3898	4
3899	3
20283	1
3900	5
3901	4
3902	4
3903	6
3904	4
3905	3
3906	2
3907	2
3908	7
3909	5
3910	3
3911	1
3912	3
3913	5
3914	2
3915	4
3916	5
3917	3
3918	2
3919	7
3920	4
3921	9
3922	4
3923	8
3924	2
3925	2
3926	4
3927	1
3928	3
3929	4
3930	1
3931	3
20316	1
3932	1
3933	1
3934	3
3935	5
3936	2
3937	2
3938	7
20323	1
3940	3
3941	4
3942	3
3944	2
3945	6
3946	5
3947	4
3948	5
20332	1
3949	5
3950	4
3951	5
3952	2
3953	4
3954	2
3955	4
3956	4
3957	2
3958	5
3959	6
3960	7
3961	2
3962	2
3963	5
3964	1
3965	2
3966	3
20351	1
3967	2
3968	5
3969	4
3970	1
3971	6
3972	7
3973	1
3974	4
3975	3
3976	6
3977	4
3978	5
3979	3
3980	3
3981	3
3982	2
3983	4
3984	5
3985	2
3986	7
3987	2
3988	6
3989	5
3990	5
3991	4
3993	7
3994	2
3996	2
3997	2
3998	4
3999	2
4000	2
4001	3
4002	3
4003	1
4004	3
4005	4
4006	3
4007	4
4008	9
4009	5
4010	8
4011	3
4012	1
4013	5
4014	2
4015	3
4016	2
4017	1
4018	3
4019	3
4020	4
4021	2
4022	5
4023	5
4024	2
4025	2
4026	8
4027	3
4028	3
4029	4
4030	6
4031	3
4032	3
4033	3
4034	1
4035	4
4036	6
4037	4
4038	2
4039	2
4040	3
4041	2
4042	2
4043	3
4044	4
4045	2
4046	3
4047	3
4048	3
4049	2
4050	2
4051	6
4053	2
4054	2
4055	2
4056	1
4057	2
4058	2
4059	3
4060	2
4061	3
4062	3
4063	4
4064	1
4065	6
4066	3
4067	4
4068	2
4069	5
4070	6
4071	1
4072	8
4073	4
4074	4
4075	3
4076	6
4077	1
4078	2
4079	5
4080	5
4081	2
4082	2
4084	2
4085	3
4086	5
4087	3
4088	1
4089	1
4090	4
4091	3
4092	2
4093	2
4094	3
4095	4
4096	4
4097	2
4098	2
4099	2
4100	4
4101	6
4102	3
4103	2
4104	5
4105	2
20489	1
4106	3
4107	3
4108	1
4109	4
4110	3
4111	1
4113	3
4114	8
4115	2
4116	2
4117	6
4118	1
4119	5
4120	2
4121	3
4122	4
4123	4
4124	8
4125	9
4126	3
4127	2
4128	5
4129	2
4130	3
4131	3
4132	2
4133	3
4134	3
4135	1
4136	5
4137	8
4138	1
4139	2
4140	5
4141	5
4142	1
4143	4
4144	8
4145	2
4146	5
4147	5
4148	3
4149	5
4150	2
4151	6
4152	3
4153	4
4154	3
4155	1
4156	6
4157	6
4158	3
4159	2
4160	2
4161	3
4162	2
4163	1
4164	2
4165	4
4166	1
4167	2
4168	3
4169	3
4170	1
4171	6
4172	2
4173	5
20557	1
4174	8
4175	3
20559	1
4176	2
4177	1
4178	5
4179	8
4180	5
4181	3
4182	4
4183	6
4184	5
4185	3
4186	3
4187	3
4188	5
4189	5
4190	10
4191	5
4192	3
4193	4
4194	3
4195	7
4196	2
4197	6
4198	2
4199	2
4200	2
4201	4
4202	1
4203	2
4204	6
4205	5
4206	1
4207	5
4208	4
4209	2
4210	5
4211	6
4212	1
4213	1
4214	3
4215	5
4216	4
4217	2
4218	4
4219	1
4220	3
4221	5
4222	4
4223	2
4224	3
4225	5
4227	7
4228	3
4229	3
4230	4
4231	2
4232	6
4233	2
4235	1
4236	1
4237	5
20621	1
4238	4
4239	6
4240	5
4241	4
4242	4
4243	1
4244	4
4245	5
4246	4
4247	5
4248	2
4249	3
4250	1
4251	8
4252	1
4253	2
4254	4
4255	2
4256	2
4257	2
4259	5
4260	3
4261	3
4262	2
4263	5
4264	2
4265	3
4266	2
4267	2
4268	3
4269	8
4270	3
4271	1
4272	2
4273	2
4274	4
4276	4
4277	2
4278	1
4279	8
4280	7
4281	7
4282	2
4283	5
4284	2
4285	3
4286	1
4287	7
4288	1
4289	3
4290	3
4291	5
4292	7
4293	4
4294	3
4295	5
4296	1
4297	1
4298	4
4299	3
4300	3
4301	5
20685	1
4302	4
4303	3
4304	5
4306	3
4307	5
4308	6
4309	4
4310	3
4311	1
4312	3
4313	3
4314	5
4315	9
4316	2
4317	7
4318	6
4319	1
4320	4
4321	4
20705	1
4322	4
4323	3
4324	2
4325	5
4326	5
4327	2
4328	2
4329	3
4330	2
4331	4
4332	5
4333	1
4334	4
4335	2
20719	1
4336	5
4337	2
20721	1
4338	2
4339	2
4341	1
4342	1
4343	2
4344	4
4345	7
4346	4
4347	2
4348	4
4349	9
4350	2
4351	9
4352	6
4353	3
20737	1
4354	5
4355	3
4356	3
4357	7
4358	5
20742	1
4359	2
4360	3
4361	4
4362	2
4363	3
4364	4
4365	2
4366	8
4367	5
4368	3
4369	1
4370	5
4371	4
4372	4
4373	1
4374	4
4375	5
4376	2
4377	4
4378	4
4379	3
4380	6
20764	1
4381	5
4382	3
4383	2
4384	2
4385	2
4386	2
4387	3
4388	1
4389	6
4390	3
4391	8
4392	3
4393	2
4394	3
4395	1
4396	1
4397	4
4398	2
4399	6
4400	3
20784	1
4401	2
4402	1
4403	4
4404	1
4405	3
4406	1
4407	3
4408	4
4409	2
4410	2
4411	3
4412	2
4413	3
4414	1
4415	1
4416	6
4417	3
4418	6
4419	4
4420	5
4421	1
4422	3
4423	3
4424	1
4425	1
4426	1
4427	2
4428	2
4429	8
4430	1
20814	1
4431	6
4432	4
4433	3
4435	1
4436	2
4437	4
4438	3
4439	2
4440	5
4441	3
4442	5
4443	9
20827	1
4444	5
4445	3
4446	4
4447	5
4448	4
4449	5
4450	1
4451	2
4452	5
4453	1
4455	6
4456	4
4457	3
4458	4
4459	4
4460	3
4461	3
4462	3
20846	1
4463	9
4464	2
20848	1
4465	3
4466	2
4467	4
4468	2
4469	1
4470	2
4471	5
4472	5
4473	1
4474	2
4475	3
20859	1
4476	2
4477	1
4478	7
4479	3
4480	2
4481	3
4482	3
20866	1
4483	4
20867	1
4484	4
4485	3
4486	6
4487	3
4488	2
4489	1
4490	4
4491	2
4492	1
4493	2
4494	3
20878	1
4495	4
4496	5
4497	3
4498	1
4499	5
4500	2
4501	3
20885	1
4502	6
4503	1
4504	5
4505	2
4506	4
4507	3
4508	2
4509	3
4510	8
4511	4
4512	3
4513	3
4514	3
20899	1
4515	2
4516	2
4517	4
4518	4
4519	2
4520	4
4521	6
4522	6
4523	3
4524	2
4525	1
4526	3
4527	5
4528	2
4529	2
4530	2
4531	3
4533	3
4534	2
4535	4
4537	1
20921	1
4538	2
4539	5
4540	1
4541	4
4543	4
4544	6
4545	1
4546	3
4547	5
4548	3
4549	4
20933	2
4550	4
4551	9
4552	2
4553	1
4554	4
4555	1
4556	2
4557	2
4558	2
4559	2
4560	1
4561	1
4562	3
4563	6
4564	1
4565	3
4567	4
4568	1
20952	1
4569	4
4570	7
4571	3
4572	1
4573	2
4574	2
4575	1
4576	6
4577	4
4578	5
20962	1
4579	7
4580	4
4581	4
4582	4
4583	4
4584	2
4585	1
4586	3
4587	3
4588	1
4589	6
4590	3
4591	6
4592	6
4593	3
4594	3
4595	5
4596	2
20980	1
4597	3
4598	2
4599	2
4600	4
4601	5
4602	3
4603	4
4605	2
4606	3
4607	3
4608	3
4609	2
4610	4
4611	3
4612	3
4613	4
4614	2
4615	3
4616	2
4617	5
4618	2
4619	2
4620	3
4621	4
4622	4
4623	5
4624	3
4625	2
4626	2
4627	4
21011	1
4628	7
4629	7
4630	12
4631	7
4632	9
4633	7
4634	5
4635	9
4636	4
4637	4
4638	7
21022	1
4639	4
4640	4
4641	4
4642	1
4643	4
21027	1
4644	3
4645	3
4646	2
4647	6
4648	7
4649	3
4650	2
4652	5
4653	2
4655	5
4656	2
4657	2
4658	4
4660	3
4661	1
4662	3
4663	7
4664	6
4665	5
4666	2
4668	1
4669	1
4670	3
21054	1
4671	2
4672	3
4673	2
4674	3
4675	3
4677	3
4678	4
4679	1
4680	6
4681	5
4682	6
4683	4
4684	2
4685	3
4686	4
21071	1
4688	3
4689	4
4690	1
4691	1
4692	6
4693	4
4694	1
4695	4
4696	3
4697	1
4698	5
4699	5
4700	2
4701	3
4702	6
4703	6
4704	4
4705	2
4706	6
4707	3
4708	7
4710	5
21094	1
4711	1
4712	1
4713	2
4714	2
4715	4
4716	6
4717	3
4718	2
4719	4
4720	2
4721	3
4722	2
4723	1
4724	2
4725	5
4726	2
4727	5
4728	1
4729	5
4730	6
21114	1
4731	2
4732	5
4733	4
4734	4
4735	1
4736	1
4737	4
4738	1
4739	2
21123	1
4740	8
4741	7
4742	3
4744	2
4745	3
4746	4
4747	1
4748	3
4749	2
4750	3
4751	4
4752	3
4753	4
4754	3
4755	6
4756	1
4757	4
4758	4
4759	3
4760	3
4761	6
4762	3
4763	5
4764	4
4765	3
4766	4
4767	2
4768	3
21152	1
4769	2
4770	2
4771	2
4772	5
4773	2
21157	1
4774	2
4775	2
4776	3
4777	4
4778	1
4779	7
4780	4
4781	1
4782	5
4783	4
4784	5
4785	3
4786	1
4787	2
4788	3
4789	4
4790	3
4791	4
4792	6
4793	3
4794	1
4795	1
4796	3
4797	4
4798	3
4799	3
4801	8
4802	6
4803	4
4804	2
4805	2
4806	4
4807	6
4808	5
4809	2
4810	4
4811	1
4812	2
21196	1
4813	4
4814	1
4815	3
4816	4
4817	1
4818	4
4819	2
4820	2
4821	1
4822	1
4823	4
4825	3
4826	3
4827	3
4828	4
4829	2
4830	4
4831	1
4832	3
4833	4
4834	4
4835	1
4836	3
4837	4
4838	3
4839	3
4840	4
4842	1
4843	4
4844	4
4845	4
4846	4
4847	4
4848	5
4850	2
4851	3
4852	4
4853	7
4854	3
4855	2
4856	5
4857	6
4858	5
4859	2
21244	1
4860	1
4861	4
4862	6
4863	6
4864	2
21248	1
4865	1
4866	1
4867	4
4868	3
4869	1
4870	3
4871	2
4873	3
4874	1
21258	1
4875	4
4876	2
4877	7
4878	1
4879	2
4880	2
4881	2
4882	5
4883	1
4884	3
4885	3
4886	3
4887	1
4888	1
4889	5
4890	2
4891	3
4892	6
4893	4
4894	4
4895	5
4896	2
4897	3
4898	3
21282	1
4899	4
4900	6
4901	2
4902	3
4903	4
4904	5
21289	1
4905	1
4906	4
4907	2
4908	7
4909	3
4910	4
4911	1
4912	4
4914	3
4915	6
4916	3
4917	4
4918	1
4919	3
4920	4
4921	4
4922	2
4923	4
4924	3
4925	2
4926	1
4927	6
4928	1
4929	3
4930	1
4931	3
4932	4
21316	1
4933	2
4934	3
4935	3
4936	5
4937	1
4938	2
4939	3
4940	2
4941	1
4942	4
4943	4
4944	2
4945	2
4946	3
4947	1
4948	3
4949	9
4950	1
4951	2
4952	2
4953	3
4954	1
4955	3
4956	4
4957	5
4958	3
4960	2
4961	3
4963	3
4964	3
4965	3
4966	2
4967	4
4968	7
4970	1
4971	4
4972	1
4973	1
4974	4
4975	3
4976	4
4977	4
4978	5
4979	8
4980	2
4981	3
4982	3
4983	4
4985	6
4986	6
4987	2
4988	3
4989	4
4990	2
4991	2
4992	2
4993	3
4994	5
4995	1
4996	3
4997	4
4998	3
4999	3
5000	2
5001	2
5002	2
5003	1
5004	3
5005	2
5006	6
5007	1
5008	1
5009	2
5010	2
5011	3
5012	4
5013	4
5014	4
5015	4
5016	4
5017	3
5018	3
5019	2
5020	7
5021	4
5022	4
5023	1
5025	6
5026	1
5028	1
5029	3
5030	2
5031	1
5032	2
5033	2
5034	2
5035	1
5036	6
5037	4
21422	1
5038	4
5039	3
5040	3
5041	4
5042	5
5044	2
5045	3
5046	2
5047	1
5048	4
5049	1
5050	1
5051	2
5052	1
5054	3
5055	4
5056	2
5057	2
5058	5
5059	2
5060	2
5061	3
5062	5
5063	4
5064	2
5065	2
5066	3
5067	5
5068	3
5069	4
5070	2
5071	3
5072	6
5073	4
5074	6
5075	3
5076	2
5077	4
5078	2
5079	3
5080	1
5081	2
5082	3
5083	2
5084	4
5085	9
5086	1
5087	7
5088	1
5089	6
5090	3
5091	2
5092	2
5094	1
5095	3
5096	3
5097	5
5098	6
5099	4
5100	4
5101	4
5102	4
5103	2
5104	5
5105	1
5106	2
5107	3
5108	4
5109	6
5110	3
5111	6
5112	1
5113	1
5114	2
5115	1
5116	3
5117	3
5118	1
5119	1
5120	2
5121	4
21506	1
5122	2
5123	8
5124	2
5125	2
5126	4
5127	3
5128	3
5129	2
5130	3
5131	8
5132	2
5133	3
5134	4
5135	4
5136	3
5137	2
21521	1
5138	2
5139	2
5140	2
5141	4
5142	2
5144	3
5145	2
5146	4
21530	1
5147	7
5148	5
5149	3
5150	3
5151	4
5152	5
5153	4
5154	4
5155	6
5156	1
5157	4
5158	2
5159	2
5160	2
5161	2
5162	3
5163	3
21547	1
5164	1
21549	1
5165	3
5166	1
5167	1
5168	4
5169	1
5170	7
5171	3
5172	4
5173	2
5174	4
5175	6
5176	3
5177	4
21561	1
21562	1
5178	1
5179	2
5180	1
5181	2
21565	1
5182	3
5183	1
5184	5
5185	6
5186	1
5187	3
5188	3
5189	2
5190	2
5191	1
5193	5
5194	3
5195	1
5196	5
5197	2
5198	2
5199	3
5200	1
5201	2
5202	3
5203	2
5204	3
5205	2
5206	3
5207	6
5208	1
5209	4
5210	1
5211	3
5212	4
5213	3
5214	1
5216	1
5217	4
5218	2
5219	3
5220	4
5221	4
5222	4
5223	6
5224	4
5226	2
5228	2
5230	2
5231	6
5233	6
5234	2
5235	8
5236	4
5238	3
5239	3
5240	1
5241	2
21625	1
5242	4
5243	5
5244	4
5245	1
5246	4
5247	3
5248	6
5249	1
5250	2
5251	3
5252	1
5253	2
5254	3
5255	3
5256	2
5258	3
5259	3
5260	2
5261	5
5262	1
5263	5
5264	3
5265	4
5266	2
5267	3
5268	2
5269	2
5271	7
5273	3
5274	1
5275	2
5276	3
5277	6
5278	3
5279	4
5281	2
5282	2
5283	2
5284	4
5285	4
5286	2
5287	2
5288	4
5289	2
5290	2
5291	6
5292	2
5293	5
5294	2
5295	3
5296	4
5298	2
5299	4
5300	1
5301	6
5302	2
5303	3
5304	4
5305	3
5306	1
5307	2
5308	3
5309	3
5310	3
5311	5
5312	3
5313	3
5314	4
5315	3
5316	4
5317	2
5318	3
5319	1
5320	2
5321	2
5322	2
5323	1
5324	1
5326	3
21710	1
5327	5
5328	4
5329	2
5331	2
5332	2
5333	3
5334	3
5335	2
5336	1
5337	6
5338	1
5339	2
5340	6
5341	2
5342	1
5343	5
5344	5
5345	5
5346	1
5347	4
5348	4
5349	3
5350	4
5351	3
5352	4
5353	2
5354	1
5355	1
5356	4
5357	2
5358	1
5359	4
5360	1
5361	1
5362	1
5363	1
5364	3
5365	2
5366	3
5367	1
5368	1
5370	2
5371	5
5372	1
5373	3
5374	3
5375	3
5376	4
5377	3
5378	2
5380	2
5381	3
5382	2
5383	2
5384	4
5385	4
5387	1
5388	5
5389	1
5390	3
5391	2
21776	1
5392	2
5393	3
5394	4
5395	3
5396	5
5397	2
5398	4
5399	1
5400	3
5401	6
5403	5
5404	2
5405	2
5406	1
5407	3
21791	1
5408	2
21793	1
5410	2
5411	3
5412	4
5413	5
5414	3
5415	1
5416	3
5417	4
5418	3
5419	7
5420	2
5421	3
5422	3
5423	3
5424	2
5425	2
5426	3
5427	3
5428	2
5429	4
5430	6
5431	4
5432	1
5433	3
5434	3
5435	8
5437	1
5438	2
5439	2
5440	4
5441	4
5442	1
5443	2
5445	5
5447	3
5448	4
5449	2
5450	4
5451	2
5452	1
5453	5
5454	9
5455	4
5456	4
21841	1
5457	1
5458	2
5459	3
5460	7
5462	4
5463	3
5464	1
5465	3
5466	1
5467	1
5468	3
5469	4
5470	2
5471	1
5472	8
5473	2
5474	1
5475	3
5476	1
5477	3
5478	5
5479	2
5480	4
5481	1
5482	4
5483	6
5484	5
5485	2
5486	2
5487	1
5488	4
5490	1
5491	3
5492	3
5493	3
5494	2
5495	1
5496	3
5497	2
5498	2
5499	4
5501	5
5502	4
5503	3
5504	1
5506	1
5507	3
5508	3
5509	2
5510	2
5511	2
21895	1
5512	7
5513	1
5514	3
5515	1
5517	3
5518	6
5519	2
5520	1
5521	2
5522	3
5523	2
5524	2
5525	4
5526	6
5528	2
5529	4
5530	2
5532	2
5534	1
5536	2
5537	2
5538	2
21922	1
5539	1
5540	4
5541	2
5542	2
5544	1
5545	2
21929	1
5546	4
5548	1
5549	1
5550	4
5551	4
5552	2
5553	3
5554	5
5556	2
5557	4
5558	4
5559	3
5560	4
5561	4
5562	1
5563	2
5564	2
5565	4
21950	1
5567	6
5569	5
5570	1
5571	3
5572	1
5573	4
5574	3
5575	2
5576	4
5577	1
5578	2
5580	7
5581	2
5582	1
5583	2
5584	3
5585	6
5586	3
5587	2
5588	2
5589	5
5590	2
5591	1
5592	7
5593	3
5594	4
21979	1
5595	1
5596	1
5597	3
5598	3
5601	2
5602	3
5603	7
5604	2
5605	2
5606	3
5607	2
5608	5
5609	2
5610	4
21994	1
5612	3
5613	2
5614	1
5615	2
5616	3
5617	6
5618	1
5619	2
5620	3
5621	2
5622	4
5623	3
5624	4
22008	1
5625	3
5626	3
5627	3
5628	7
5629	2
5630	5
5631	4
5632	6
5633	1
5634	2
5635	3
5636	4
5637	2
5639	2
5640	3
5641	3
5642	4
5643	4
5644	1
5645	1
22029	1
5646	3
5647	3
5648	5
5649	2
5650	1
5652	1
5653	4
5654	3
5655	3
22039	1
5656	4
5657	2
5658	3
5659	3
5660	5
5661	2
22045	1
5662	4
5663	6
5664	5
5665	2
5666	4
5667	2
5668	4
5669	5
5670	1
5671	4
5672	6
5673	5
5674	1
5675	3
5676	1
5677	1
5678	2
5679	4
5680	2
5681	3
5682	4
5683	1
5684	2
5685	5
5686	3
5688	1
5689	1
5690	2
5691	4
5692	3
5693	2
5694	4
5695	1
5696	4
5697	2
5698	4
5700	4
5701	3
5702	1
5703	3
5705	2
5706	3
5707	1
5708	7
5709	3
5711	4
5712	1
5713	4
5714	4
5716	4
22100	1
5717	3
5718	4
5719	2
5720	1
5721	2
5722	1
5723	1
5724	5
5725	4
5726	2
5727	3
22111	1
5728	2
22112	1
5729	5
5730	3
5731	2
5732	5
5733	2
5734	2
5735	1
5736	3
5737	4
5738	2
5739	3
5740	2
5741	1
5742	3
5743	1
5744	3
5745	2
5746	4
5747	6
5748	2
5749	1
5750	3
5751	2
5752	2
5753	5
5754	1
5755	2
5756	1
5757	1
5758	2
5759	4
5761	3
5762	3
5763	2
5764	3
5765	3
5766	3
5767	2
5768	5
5769	4
5770	4
5771	4
5772	1
5773	4
5774	3
5775	2
5776	2
5777	4
5779	2
5780	1
5781	4
5782	1
5784	3
5785	2
5786	3
5787	2
5789	3
5790	4
5791	3
5792	3
5793	2
5794	5
5795	2
5796	7
5797	3
5798	4
5799	5
5800	5
5801	2
5802	1
5803	4
5804	2
5805	4
5806	6
5807	4
5808	4
5809	2
5810	2
5812	1
5813	3
5814	3
5815	2
5816	1
5817	1
5818	1
5820	6
5821	3
5822	2
22206	1
5823	1
5825	2
5826	3
5827	1
5828	3
5829	3
5830	5
5831	5
5832	3
5833	3
5834	2
5835	1
5836	2
5837	3
5838	2
5839	3
5840	1
5841	2
22226	1
5842	1
5843	5
5844	8
5845	3
5846	2
5847	3
5848	3
5849	5
5850	3
5851	3
5852	4
5853	2
5854	4
5855	3
5856	3
5857	1
5859	2
5860	4
5861	3
5862	2
5863	2
5864	2
5865	1
5866	3
5867	3
5868	4
5869	3
5870	4
5871	1
5872	3
5873	3
5875	4
5876	1
5877	2
5878	4
5880	3
5881	4
22265	1
5882	5
5883	3
5884	4
5887	2
5888	3
5889	3
5890	5
5891	1
22275	1
5892	3
5893	2
5894	1
5896	1
5897	4
5899	4
5900	2
5901	3
5902	2
5903	2
5904	2
5905	1
5906	3
5907	5
22292	1
5908	1
5909	2
5911	5
5912	2
5913	1
22297	1
5914	2
5915	5
5916	1
5917	2
5918	4
5919	4
5920	2
5921	3
5922	1
5924	3
5925	3
5926	5
5927	2
5929	1
5930	1
5931	2
5932	6
5933	3
5934	3
5935	1
5937	4
5938	2
5939	1
5940	2
5941	3
5942	1
5943	6
5944	3
5945	5
5946	1
5947	3
5948	3
22332	1
5949	3
5950	5
5951	2
5952	4
5953	3
22337	1
5954	4
5955	2
5956	2
5957	1
5958	4
5959	3
5960	1
5961	1
5962	3
5963	3
5964	3
5965	2
5966	1
5967	1
5968	5
5969	2
5970	5
5971	2
22355	1
5972	1
5973	2
5974	2
5975	2
5976	3
22360	1
5977	2
22361	1
5978	2
5979	2
5980	1
5982	2
5983	1
5984	2
5986	2
5987	2
5988	2
5989	2
5990	1
5991	1
22375	1
5992	4
5993	2
5994	2
5995	2
5997	1
5999	1
6001	1
6002	1
6004	4
22388	1
6005	2
6006	4
6007	2
6008	1
6009	3
6010	1
6011	3
6012	2
6013	4
6014	1
6015	4
6016	4
6017	1
6018	2
6019	2
6020	3
6021	3
6022	2
6023	1
6024	1
6025	4
6026	5
6027	6
6028	1
6029	1
6030	2
6032	2
6033	3
6034	2
6035	3
6036	2
6037	4
6038	3
6039	2
6040	1
6041	2
6042	1
6043	4
6044	1
6045	2
6046	2
6048	4
6049	3
6050	7
6051	2
6052	3
6053	4
6054	2
6055	3
6056	1
6057	2
6058	3
6059	1
6060	2
6061	1
6062	1
6063	5
6064	4
6066	3
6068	2
6069	2
6070	3
6071	2
6072	3
6073	1
6074	5
6075	3
6076	2
6077	4
6078	5
6079	4
6080	2
6081	1
6082	3
6084	1
6086	2
6087	3
6088	4
6089	1
6090	4
6091	2
6092	5
6093	2
6094	3
6095	2
6096	5
6097	1
6099	1
6100	3
6101	2
6102	2
6103	4
6104	2
6105	3
6106	1
6107	5
6108	4
6110	2
6111	4
6112	1
6113	1
6114	3
6115	3
6116	1
6117	4
6118	2
6120	3
6121	1
6122	3
6123	4
6124	1
6125	4
6126	3
6127	2
6128	3
6129	2
6131	3
6132	3
6133	3
6134	5
6136	2
6137	4
6138	4
6139	2
6140	3
6141	5
6142	4
6144	3
6146	1
6147	2
6148	1
6150	1
6151	1
6152	3
6153	4
6154	3
6155	1
6156	2
6157	2
6159	4
6160	3
6161	1
6162	1
6164	3
6165	7
6166	3
6167	3
6168	2
6169	6
6170	4
6171	1
6172	2
6173	3
6174	3
6175	1
6176	7
6177	2
6178	3
6179	4
6180	5
6181	4
6182	4
6183	3
6184	4
6185	2
6186	6
6188	2
6189	1
6192	2
6193	1
6196	2
6197	3
6198	2
6199	4
6200	1
6201	5
6202	3
6203	4
6204	3
6205	1
6206	2
6207	2
6208	2
6209	3
6210	2
6211	3
6212	2
6213	2
6214	1
6216	3
6217	1
6218	3
6219	2
6220	1
6222	4
6223	1
6224	1
6225	2
6226	1
6227	1
6228	2
6230	3
6231	2
6232	3
6233	5
6235	1
6236	1
6237	5
6238	2
6239	1
6240	1
6241	2
6242	3
6243	1
6244	1
6245	3
6246	3
6247	3
6248	3
6249	2
6250	6
6251	2
6252	3
6253	4
6254	2
6255	1
6256	2
6257	1
6258	2
6260	1
6261	1
6262	3
6263	1
6264	2
6265	5
6266	2
6267	2
6268	1
6269	5
6270	1
6271	1
6272	1
6273	4
6274	1
6276	1
6278	3
6279	3
6280	3
6281	2
6282	1
6283	2
6284	1
6285	2
6286	4
6287	1
6288	4
6289	1
6290	3
6291	3
6292	1
6293	1
6294	1
6295	3
6296	2
6297	5
6298	2
6299	3
6300	2
6303	1
6304	1
6305	2
6306	3
6307	2
6308	2
6310	1
6311	5
6312	3
6313	2
6314	4
6316	3
6317	1
6318	1
6319	6
6320	1
6322	4
6323	1
6324	1
6325	2
6326	5
6327	6
6328	3
6329	2
6330	1
6331	1
6332	1
6333	3
6334	2
6335	2
6336	2
6337	3
6338	2
6339	2
6340	4
6341	3
6343	5
6344	1
6345	1
6346	4
6347	2
6348	5
6349	3
6350	4
6351	1
6353	6
6354	2
6355	4
6356	4
6357	5
6358	2
6359	3
6360	5
6361	1
6362	1
6363	2
6364	1
6366	1
6367	4
6368	2
6369	2
6370	1
6371	6
6372	1
6373	1
6374	3
6376	4
6377	2
6378	7
6379	5
6380	5
6381	1
6382	3
6383	2
6384	1
6385	4
6386	1
22770	1
6387	3
6388	3
6389	1
6390	4
6391	2
6392	2
6393	1
6394	2
6395	5
6396	2
6398	1
6399	2
6400	2
6401	3
6402	3
6403	2
6404	2
22788	1
6405	2
6406	1
6407	3
6408	1
6409	2
6410	4
6411	2
6412	1
6413	4
6415	3
6416	3
6417	1
6418	4
6419	1
6420	2
6421	2
6422	3
6423	2
6424	4
6425	3
6426	3
6427	3
6428	1
6429	1
6430	3
6431	2
6432	3
6433	3
6434	4
6435	2
6436	4
6437	2
6438	3
6439	1
6440	1
6441	3
6442	5
6444	1
6445	2
6446	3
6447	3
6448	2
6449	4
6450	1
6451	2
6452	4
6453	3
6454	1
6455	1
6456	1
6457	1
6458	2
6459	2
6460	2
6461	1
6462	1
6463	2
6464	3
6465	6
6466	3
6467	3
6468	2
6469	2
6470	4
6472	5
6473	3
6474	2
6475	2
6476	1
6477	1
6478	1
6479	4
6480	2
6481	2
6482	3
6483	2
6484	2
6485	3
6486	2
6487	1
6488	2
6490	2
6491	3
6492	2
6493	2
6494	2
6495	3
6496	2
6497	4
6498	1
6499	1
6500	1
6502	3
6503	2
6504	2
6505	2
6506	1
6508	2
6509	1
6510	3
6511	3
6512	2
6513	3
6514	1
6515	1
6516	6
6518	4
22903	1
6519	1
6521	2
6522	4
6523	3
6526	4
6527	1
6528	2
6529	2
6530	1
6531	1
6532	2
6533	3
6534	1
22919	1
6535	3
6538	2
6539	3
6540	1
6541	1
6542	1
6543	2
6544	1
6545	2
6546	1
6548	3
6550	1
6551	4
6552	1
6553	2
6554	2
6555	1
6556	3
6557	1
6559	3
6561	6
6562	2
6563	2
6564	1
6566	2
6567	2
6568	1
6569	1
6570	1
6571	5
6572	4
6573	1
6574	3
6575	4
6576	3
6578	3
6579	3
6580	1
6581	3
6582	2
6583	2
6584	3
6585	1
6586	2
6587	1
6588	2
6589	2
6590	2
6591	2
6592	1
6593	4
6594	1
6596	1
6597	2
6598	7
6599	2
6600	3
6601	1
6602	2
6603	5
6604	1
6606	1
6607	1
6608	4
6609	1
6610	6
6611	1
6613	1
6614	2
6615	2
23000	1
6616	1
6617	2
6618	1
6619	2
6620	1
6621	3
6623	4
6624	3
6625	2
6626	2
6627	3
6628	4
6629	1
6630	5
6631	1
6633	3
6634	1
6635	2
6636	2
6637	3
6638	3
6639	4
6640	1
6641	3
6642	2
6643	1
6644	1
6645	5
6646	4
6647	1
6648	4
6650	3
6651	4
6652	1
6653	2
6655	2
6656	2
6657	1
6658	4
6659	2
6660	2
6662	1
6663	4
6664	1
6665	1
6666	2
6668	3
6669	2
6670	1
6672	2
6673	2
6674	1
6675	1
6676	1
6677	3
6679	2
6680	4
23064	1
6681	2
6682	1
6683	2
6685	2
6686	4
6687	2
6688	5
6689	2
6690	3
6691	1
6693	2
6694	2
6695	1
6696	5
6697	1
6698	2
6699	1
6700	3
6701	2
6702	4
6704	2
6705	2
6706	3
6707	1
6708	2
6709	2
6710	1
23094	1
6711	1
6712	2
6713	1
6714	1
6716	1
6718	3
6719	5
6721	1
6722	3
6723	4
6724	2
6725	2
6726	2
6727	4
6728	1
6729	3
6730	5
6731	2
6732	2
6733	1
6734	2
6735	4
6736	2
6737	1
6738	1
6739	1
6740	3
6741	3
6743	1
6744	1
6745	3
6746	2
6749	1
6750	3
23134	1
6751	1
6752	1
6753	1
6754	2
6755	2
6756	1
6758	6
6759	3
6760	1
6761	1
6762	2
6763	4
6764	2
6765	1
6766	1
6767	3
6768	1
6769	2
6770	4
6772	1
6773	1
6774	4
6775	2
6776	3
6778	1
6779	2
6780	2
6782	2
6784	2
6785	2
6787	5
6788	4
6789	3
6790	3
6791	1
6792	3
6793	1
6794	3
6795	4
6796	1
6799	2
6800	1
6801	4
23186	1
6802	2
6803	1
6804	6
6805	2
6806	1
6807	1
6808	2
6809	3
6810	1
6811	2
6812	1
6813	2
6814	3
6815	5
6816	3
6817	1
6818	1
6819	1
6821	4
6822	2
6823	5
6824	2
6825	3
6827	1
6828	2
6830	1
6831	1
6833	1
23217	1
6834	4
6835	2
6836	1
6837	1
6838	2
6839	2
6840	1
6841	6
6842	2
6844	1
6845	1
6846	3
6847	1
6850	1
6851	2
6852	2
6853	2
6854	3
6855	3
6856	2
6857	3
6860	1
6861	2
6863	1
6864	1
6865	3
6866	2
6867	1
6868	1
6869	2
6870	5
6871	3
6872	2
6873	2
6874	1
6875	3
6877	3
6878	2
6880	1
6881	2
6882	2
6883	1
6884	1
6885	2
6887	1
6888	2
6889	1
6890	4
6891	2
6892	1
6893	2
6894	2
6895	1
6896	4
6897	1
6898	3
6899	1
6900	1
6901	1
6902	1
6903	1
6904	2
6905	2
6906	1
6909	1
6910	1
6911	3
6912	6
6914	4
6915	2
6917	2
6918	2
6921	2
6923	1
6924	1
6925	3
6926	1
6927	1
6928	1
6929	2
6930	3
6931	1
6932	1
6933	1
6935	4
6936	2
6937	3
6939	2
6940	1
6942	1
6943	1
6944	2
6947	2
6948	1
6949	2
6951	5
6952	2
6953	2
6954	4
6956	3
6958	5
6959	3
6960	2
6961	2
6964	2
6965	3
6966	1
6967	3
6968	2
6969	3
6970	4
6972	1
6973	2
6974	4
6975	4
6976	2
6977	2
6978	2
6979	2
6980	1
6981	1
6982	3
6983	2
6984	4
6985	4
6986	3
6987	1
6988	1
6989	4
6990	1
6991	1
6992	2
6994	3
6995	4
6996	1
6998	3
6999	2
7000	2
7001	3
7002	2
7004	3
7005	2
7006	3
7008	1
7009	2
7011	2
7012	1
7013	1
7014	1
7015	3
7016	3
7017	3
7018	1
7019	1
7020	2
7021	2
7022	1
7023	4
7024	2
7025	1
7027	3
7028	3
7030	3
7031	3
7032	1
7033	1
7034	2
7035	1
7036	1
7037	2
7038	3
7039	3
7041	3
7043	1
7044	4
7045	3
7046	2
7048	1
7049	1
7050	2
23435	1
7051	1
7052	3
7053	2
7054	1
7056	2
7058	3
7059	1
7060	1
7061	2
7062	2
7063	2
7064	2
7065	2
7066	1
7067	2
7068	4
7069	1
7070	4
7071	4
7072	1
7073	1
7074	1
7075	1
7076	1
7077	1
7078	1
7079	4
7080	1
7081	2
7082	2
7083	2
7084	4
7085	3
7087	1
7089	4
7090	1
7093	6
23477	1
7095	3
7096	1
7097	4
7098	2
7099	1
7101	2
7102	1
7104	2
7105	2
7106	4
7107	4
7108	3
7109	1
7110	4
7111	1
7112	3
7113	2
7114	1
7115	1
7116	3
7117	1
7118	3
7119	3
7120	2
7121	1
7122	1
7123	4
7124	1
7125	2
7126	3
7127	4
7128	1
7129	2
7130	2
7131	1
7132	4
7134	1
7135	1
7136	2
7137	1
7138	3
7140	2
7141	3
7142	2
7144	3
7145	2
7146	1
7147	3
7148	1
7149	1
7150	3
7151	3
7152	3
7155	4
7156	2
7157	3
7158	3
7160	2
7161	1
7162	2
7163	2
7164	2
7165	1
7166	3
7167	2
7168	2
7169	2
7170	2
7172	2
7173	3
7174	4
7175	2
7176	1
23560	1
7177	1
7178	1
7179	3
7180	1
7181	2
7182	3
7183	3
7184	3
7186	1
7188	1
7189	2
7190	1
7191	1
7192	1
7193	1
7194	2
7195	2
7197	1
7198	2
7200	1
7202	2
7203	1
7205	2
7206	2
7209	2
7210	4
7211	3
7212	2
7213	4
7215	2
7217	3
7218	1
7221	1
7222	4
7223	3
7224	2
7225	2
7227	3
7228	5
7229	1
7231	1
7233	3
7234	1
7235	2
7236	1
7237	1
7238	1
7239	3
7240	5
7241	3
7242	1
7243	2
7247	2
7249	3
7250	1
7251	3
7252	1
7253	1
7254	1
7255	1
7256	1
7257	2
7258	2
7259	3
7260	1
7261	1
7262	1
7263	2
7265	1
7266	4
7267	4
7269	1
7270	1
7271	2
7272	1
7275	6
7276	1
7277	1
7278	2
7279	2
7280	3
7281	2
7282	2
7283	2
7285	1
7287	2
7288	2
7290	2
7292	2
7294	2
7295	2
7296	2
7297	1
7298	2
7299	2
7300	3
7301	1
7302	2
7303	5
7305	1
7306	2
7307	2
7308	1
7309	1
7310	2
7311	2
7312	1
7313	1
7314	5
7315	3
7317	1
7320	3
7321	1
7323	1
7324	1
7327	2
7328	2
7329	1
7330	2
7331	4
7332	1
7333	1
7334	2
7335	1
7336	1
7337	4
7338	4
7339	3
7340	2
7341	4
23726	1
7343	1
23727	1
7344	3
7345	1
23729	1
7346	3
23730	1
7347	2
23731	1
23732	1
7349	2
23733	1
7350	2
23734	1
7351	3
23735	1
7352	1
23736	1
7353	1
7354	3
7356	2
7357	2
7358	2
7359	1
7361	2
7362	1
7363	2
7364	2
7365	2
7366	1
23750	1
7367	2
7368	1
7369	1
7371	3
7372	3
7373	1
7375	3
7376	3
7377	3
7378	1
7379	3
7380	1
7381	3
7382	3
7383	1
7385	2
23770	1
7387	3
7388	2
23772	1
7389	2
7391	2
7393	2
7394	1
23779	1
7396	1
7397	1
7398	1
7399	3
7400	2
7401	2
23785	1
7402	1
7403	2
7404	1
7405	1
7408	2
7409	1
23793	1
7410	1
7412	2
7413	1
7414	3
23798	1
7415	1
7416	2
7417	2
7420	3
7421	1
7422	2
7423	2
7424	1
7425	1
7426	3
7427	1
7428	2
7429	1
7430	2
7431	1
7432	3
7434	1
7435	1
7436	3
7437	2
7438	2
7439	3
7441	3
7442	2
23826	1
7443	3
7445	1
7446	2
23830	1
23831	1
23832	1
7448	1
7449	1
23833	1
7450	1
23834	1
23835	1
7452	2
23836	1
23837	1
23838	1
7455	3
23839	1
7456	1
23840	1
23841	1
7458	1
23842	1
7459	3
23843	1
7460	2
23844	1
23845	1
7461	4
7462	2
23846	1
7463	1
23847	1
7464	3
7465	2
7467	1
7468	1
7471	1
7472	2
7473	2
7474	2
7475	3
7476	1
7480	2
7482	1
7483	1
7484	2
7485	1
7488	1
7489	3
7490	2
7491	3
7493	4
7494	1
7495	1
7496	1
7498	5
7499	1
7500	1
7501	2
7503	3
7505	1
7506	2
7508	1
7510	2
23894	1
7511	1
7512	1
7513	2
7515	2
7516	2
7517	1
7518	4
7520	1
7526	2
7527	1
7529	1
7530	1
7531	2
7533	3
23918	1
7535	2
23919	1
7536	2
7537	2
7538	1
7541	2
7544	1
7546	5
7547	1
7548	1
7549	1
7550	2
7551	1
7552	2
7554	3
7555	4
7556	1
7557	1
7559	3
7560	2
7561	1
7562	1
7564	3
7567	1
7568	1
7569	1
7570	1
7571	3
7572	1
7573	3
7574	2
7575	2
23959	1
7577	1
7578	2
7579	5
7580	1
7581	1
7582	1
23967	1
7583	1
7585	2
7586	3
7587	3
7589	3
7590	3
7591	2
7592	2
23976	1
7593	1
7594	1
7598	1
7599	1
7600	2
7601	1
7602	3
7603	1
7605	4
7606	2
7607	3
7608	1
7609	1
7610	2
7611	2
7613	1
7614	2
7615	2
7616	3
7618	2
7620	1
7621	1
7622	1
7624	3
7626	5
7627	1
7628	3
7629	3
7630	2
7632	2
7635	1
7636	2
7637	3
7638	1
7639	4
7641	1
7642	2
7643	2
7644	1
7645	3
7646	1
7647	3
7648	3
7649	3
7650	2
7652	5
7653	1
7654	2
7657	1
7659	2
7661	3
7664	1
7665	1
7666	4
7667	2
7669	1
7670	1
7671	2
7672	1
7673	2
7674	2
7675	2
7676	1
7677	2
7678	2
7679	3
7680	2
7681	1
7683	2
7685	2
7686	2
7688	2
7689	2
7691	1
7692	7
7693	1
7695	1
7696	2
7697	2
7698	1
24082	1
7700	1
7701	1
7703	2
7704	1
7705	1
7706	1
7707	1
7708	1
7709	1
7710	2
7712	1
7713	2
7714	4
7715	3
7716	1
7717	4
7718	2
7720	3
7722	1
7723	1
7724	1
7725	1
7729	2
7730	1
7731	2
24115	1
7732	1
7733	1
7734	1
7735	2
7736	4
7738	3
7739	2
7740	2
7741	2
7742	1
7743	1
7744	1
7746	1
7747	2
7748	2
7749	1
7750	1
7754	2
24138	1
7755	2
7758	1
7759	2
7761	2
7762	1
7763	2
24147	1
7764	3
7768	4
7769	2
7771	3
24156	1
7772	1
7773	1
7774	4
7775	1
7777	1
7778	3
7780	3
7781	2
7782	1
7784	1
7786	3
7787	2
7788	1
7790	1
7791	3
7792	2
7793	3
7794	1
7795	1
7799	2
7801	1
7803	3
7806	2
7807	1
7809	3
7812	2
7813	1
7814	1
7815	1
7816	1
7817	2
7819	2
7820	1
24205	1
7821	1
7822	2
7823	1
7825	1
7826	1
7827	3
7828	3
7829	2
7831	1
7836	3
7838	1
7839	1
7840	1
7841	2
7842	1
7844	1
7845	1
7847	1
7848	2
7849	1
7850	3
7852	2
7853	2
7856	1
7858	1
7859	3
7860	2
7861	1
7862	2
7863	3
7864	1
7865	2
7866	1
7867	1
7868	2
7869	1
7871	2
7872	1
7873	2
7874	2
7877	1
7879	1
7880	1
7881	1
7882	1
7883	1
7884	1
7885	1
7886	1
7887	1
7888	1
7891	2
7892	3
7893	1
7894	1
7895	1
7896	1
7897	2
7898	1
7900	5
7901	1
7902	2
7903	1
7904	4
7905	1
7906	2
7911	1
7913	2
7914	1
7915	2
7916	1
7921	1
7923	2
7924	1
7927	1
7928	1
7930	1
7932	1
7933	1
7935	5
7936	4
24320	1
7937	1
7940	1
7941	1
7942	3
7943	2
7944	1
7948	1
24332	1
7949	2
7950	1
7951	4
7956	2
7958	2
7959	1
7960	3
7962	2
7964	1
7965	1
7967	4
7971	1
7973	1
7974	4
7975	2
7976	2
7978	2
7979	4
7980	4
7983	1
7986	1
7987	1
7989	3
7991	1
7992	1
7993	1
7994	1
7996	1
7998	1
8000	1
8001	1
8002	3
8003	2
8006	1
8007	3
8008	1
8011	1
8012	3
8013	1
8014	1
8016	2
8017	1
8020	1
8021	3
8022	4
8023	1
8025	1
8026	2
8028	1
8029	2
8033	1
8036	1
8037	1
8038	2
8039	1
8040	1
8042	2
8043	3
8044	1
8045	2
8046	1
8047	1
8048	2
8049	1
8050	1
8051	1
8052	1
8053	1
8055	1
8056	1
8057	3
8058	1
8059	4
8061	1
8062	1
8063	2
8065	1
8066	2
8068	3
8069	1
8070	1
8071	2
8074	1
8079	3
8080	4
8081	3
8083	1
8084	2
8085	2
8086	2
8089	3
8091	1
8092	1
8093	1
8095	4
8096	2
8097	2
8098	2
8099	1
8102	3
8106	1
8107	1
8108	1
8110	2
8112	1
8113	1
8115	2
8116	2
8117	3
8119	1
8121	1
8123	1
8124	1
8125	2
8126	2
8127	1
8128	2
8129	1
8130	1
8131	1
8132	1
8133	2
8135	1
8138	1
8139	1
8140	2
8143	2
8144	1
8147	1
8155	1
8157	2
8158	1
8159	1
8161	1
8162	1
8163	1
8166	1
8167	1
8169	3
8170	1
8171	3
8172	2
8173	3
8176	2
8177	1
8179	1
8180	2
8181	3
8182	2
24567	1
8184	2
8185	1
8187	1
8188	1
24572	1
8189	1
8190	1
8192	1
8193	2
8194	2
8195	1
8196	1
8197	3
8198	1
8200	2
8201	3
8202	1
8204	1
8205	1
8206	3
8208	1
8210	2
8211	3
8213	1
8214	1
8215	2
8216	2
8217	3
8218	1
8220	1
8221	1
8222	1
8223	1
8224	1
8225	1
8226	3
8227	2
8228	1
8230	1
8231	2
8232	1
8234	3
8236	1
8238	1
8239	1
8240	2
8241	1
8242	2
8244	2
8245	2
8246	1
8250	1
8252	3
8253	1
8255	2
8261	1
8262	2
8263	1
8264	2
8265	1
8266	2
8267	1
8268	2
8269	2
8270	1
8274	2
8277	1
8279	1
8284	2
8285	2
8286	1
8293	3
24677	1
8294	1
8295	1
8297	1
8300	1
8302	3
8303	1
8304	1
8305	1
8308	2
8309	1
8311	1
8312	1
24697	1
8314	1
8318	3
8319	2
8322	1
8323	2
8324	2
8326	2
8327	2
8328	1
8329	3
24713	1
8330	2
8331	1
8333	1
8334	1
8335	2
8336	2
8337	1
8338	1
8339	1
8340	2
8346	1
8350	3
8351	1
8353	1
8354	1
8357	1
8358	2
8359	1
8360	2
8365	1
8366	2
8368	3
8369	1
8370	1
8372	2
8374	1
8375	1
8378	1
8379	1
8381	1
8382	1
8383	3
8384	1
8387	2
8389	1
8390	1
8393	1
8394	1
8395	1
8396	3
8398	1
8399	1
8400	1
8401	1
8402	2
8404	1
8406	1
8407	2
8408	2
8409	1
8411	1
8412	3
8415	1
8418	1
8420	1
8422	4
8426	1
8428	1
8430	3
8433	1
8435	2
8436	1
8438	1
8439	2
8440	2
8446	1
8451	1
8452	3
8453	2
8454	2
8455	1
8456	1
8460	3
8461	1
8462	1
8463	1
8464	1
8466	1
8468	3
8469	1
8471	1
8472	1
8473	1
8474	1
8475	1
8476	1
8483	2
8484	2
8485	1
8487	1
8488	1
8491	1
8494	2
8497	1
8498	1
8499	1
8500	1
8503	1
8504	1
8505	2
8507	2
8508	1
8509	1
8511	1
8512	1
8516	1
8517	2
8519	1
8521	3
8522	2
8524	1
8526	1
8528	1
8529	1
8530	2
8531	1
8532	1
8535	3
8537	1
8539	1
8542	1
8543	1
8545	1
8546	2
8547	1
8550	2
8551	1
8556	1
8557	1
8558	1
8559	1
8560	2
8562	1
24948	1
8567	2
8568	1
8569	2
8570	1
8571	2
8574	2
8576	2
8577	2
8579	2
8582	1
8583	1
8584	1
8585	1
8586	1
8590	1
8592	1
8597	3
8598	2
8601	1
8604	2
8605	2
8607	1
8608	1
8609	2
8611	1
8613	1
8615	2
8616	1
8618	1
8619	1
8620	1
8621	1
8624	1
8625	1
8626	1
8627	1
8628	1
8629	1
8631	2
8632	2
8633	1
25018	1
8635	2
8636	1
8637	1
8640	1
8642	1
8644	1
8646	1
8649	3
8651	2
8655	2
8656	3
8657	1
8658	1
8660	1
8663	1
8664	1
8665	1
8666	1
8667	1
8668	1
8671	3
8672	1
8673	1
8678	2
8680	1
8681	1
8682	2
8684	1
8686	1
8688	1
8689	1
8690	2
8691	1
8692	1
8694	2
8695	1
8699	1
8700	1
8701	2
8702	1
8704	3
8705	1
8706	3
8707	1
8708	1
8710	3
8711	4
8712	1
8713	1
8715	1
8717	2
8718	1
8719	1
8722	1
8724	2
8725	1
8726	3
8727	4
8728	1
8730	2
8732	1
8733	2
8735	1
8737	1
8739	1
8740	1
8743	1
8744	1
8745	1
8750	1
8751	1
8752	1
8753	1
8755	2
8757	1
8763	2
8764	1
8765	1
8766	1
8768	2
8770	2
8771	1
8772	1
8775	1
8776	1
8777	1
8778	1
8779	2
8781	1
8782	1
8784	1
8785	2
8786	1
8787	1
8790	2
8791	3
8793	1
8794	1
8795	1
8797	1
8798	3
8801	1
8805	2
8807	1
8808	1
8809	1
8810	1
8811	1
8814	2
8815	2
8819	1
8821	2
8825	1
8826	1
8829	1
8830	3
8831	1
8835	4
8840	1
8841	1
8845	3
8846	1
8851	1
8852	1
8853	1
8856	1
8859	1
8860	1
8866	1
8867	1
8868	2
8870	1
8878	2
8879	1
8881	2
8882	1
8883	1
8885	1
8891	1
8894	1
8898	1
8899	1
8901	1
8902	1
8903	1
8906	1
8907	1
8917	1
8919	1
8920	3
8922	1
8924	1
8925	1
8927	2
8928	1
8929	1
8932	2
8935	2
8936	1
8937	1
8938	1
8939	4
8940	1
8941	2
8942	4
8943	2
8946	1
8949	1
8950	2
8955	1
8960	1
8962	1
8963	1
8964	1
8965	2
8966	1
8968	1
8969	1
8970	2
8973	1
8974	1
8975	1
8979	1
8981	1
8984	1
8985	1
8988	1
8994	1
8995	1
8999	1
9001	1
9002	5
9004	1
9005	2
9007	2
9008	3
9010	3
9013	2
9014	1
9015	2
9016	1
9017	1
9018	1
9019	1
9022	2
9023	2
9024	1
9025	1
9027	1
9028	1
9029	1
9030	1
9034	1
9036	2
9039	4
9040	1
9041	1
9043	2
9045	2
9047	1
9050	1
9053	1
9054	3
9055	1
9056	2
9057	1
9059	1
9060	1
9067	2
9068	2
9071	1
9072	1
9078	1
9079	1
9080	1
9082	2
9083	1
9084	2
9085	1
9086	1
9087	1
9090	1
9092	1
9093	1
9095	2
9097	1
9099	1
25484	1
9100	1
9103	1
9105	3
9109	1
9110	1
9113	1
9116	2
9117	1
9118	1
9120	1
9121	1
9123	1
9124	1
9125	1
9126	2
9127	1
9128	1
9129	1
9131	2
9132	1
9137	1
9141	1
9143	1
9144	1
9145	2
9149	1
9151	3
9153	1
9154	2
9156	1
9157	1
9159	1
9161	1
9162	1
9163	1
9164	1
9165	2
9167	1
9168	1
9171	1
9173	1
9178	1
9179	2
9181	1
9182	1
9183	1
9184	1
9185	1
9186	1
9187	1
9190	1
9191	1
9192	1
9193	1
9194	1
9195	1
9196	1
9197	1
9199	1
9200	1
9201	1
9202	1
9203	2
9205	1
9207	1
9213	2
9214	1
9215	1
9218	1
9219	2
9221	1
9225	1
9232	1
9234	2
9238	1
9239	1
9243	1
9244	1
9245	4
9248	1
9251	2
9252	1
9254	2
9256	1
9257	2
9260	1
9261	1
9266	1
9267	1
9269	1
9270	1
9272	1
9275	1
9276	1
9280	2
9281	2
9283	1
9287	1
9288	1
9289	3
9290	2
9291	1
9292	1
9293	1
9296	1
9297	1
9305	1
9307	1
9310	1
9311	1
9312	2
9313	1
9314	1
9315	1
9320	1
9321	1
9324	1
9329	1
9332	1
9335	1
9336	1
25722	1
25725	1
9343	2
9351	1
9354	1
9355	1
9357	2
9358	1
9359	1
9360	1
9361	2
9362	1
9363	1
9365	1
9367	2
9370	1
9372	1
9373	1
9374	2
9375	1
9377	1
9378	2
9381	2
9384	1
25768	1
9388	1
9390	3
9391	1
9393	1
9394	1
9395	1
9397	1
9399	1
9400	1
9401	2
9408	1
9415	1
9416	1
9420	1
9421	1
9424	1
9425	2
9427	1
9428	2
9429	1
9430	1
9433	1
9435	1
9437	1
9439	2
9441	1
9442	2
9446	1
9455	2
9457	1
9458	1
9459	1
9460	1
9461	1
9462	1
9463	1
9464	1
9465	2
9466	1
9468	3
9469	2
9472	1
9473	2
9476	1
9479	1
9480	1
9481	1
9482	1
9485	1
9488	1
9491	2
9493	1
9499	1
9500	2
9501	2
9503	2
9504	1
9505	1
9508	1
9509	1
9512	2
9513	2
9515	2
9522	1
9529	1
9530	1
9537	1
9538	1
9541	2
9544	1
9546	1
9548	1
9550	1
9552	1
9553	1
9555	1
9557	1
9558	1
9560	1
9562	1
9563	1
9564	1
9565	1
9568	1
9569	1
9577	1
9580	1
9582	1
9583	1
9584	1
9585	3
9589	1
9590	2
9593	2
9596	2
9599	1
9600	2
9604	1
9606	1
9609	1
9612	1
9613	2
9614	1
9615	3
9618	2
9626	1
9629	2
9635	1
9636	1
9638	1
9641	1
9643	1
9644	1
9645	1
9647	1
9654	1
9657	1
9659	1
9660	1
9662	2
9664	1
9666	1
9674	1
9676	1
9683	1
9685	1
9686	1
9694	1
9695	1
9699	3
9700	1
9701	1
9705	1
9708	1
9710	1
9713	1
9715	1
9716	1
9718	1
9722	1
9723	2
9724	1
9725	1
9726	1
9729	1
9730	1
9732	1
9733	1
9735	1
9737	1
9739	1
9741	1
9745	1
9747	1
9753	2
9756	1
9760	1
9766	1
9767	1
9769	2
9772	2
9776	2
9778	1
9785	2
9787	1
9788	1
9789	2
9790	1
9791	1
9793	1
9796	1
9799	1
9802	2
9803	1
9805	1
9806	1
9808	1
9810	4
9812	1
9813	2
9814	3
9815	1
9817	2
9819	1
9820	1
9822	1
9824	1
9830	1
9833	1
9834	1
9838	1
9842	1
9843	1
9845	2
9846	1
9847	1
9848	1
9854	1
9857	2
9858	2
9861	1
9862	1
9863	1
9864	1
9865	1
9872	1
9875	1
9876	1
9882	1
9886	1
9891	2
9892	1
9895	1
9897	1
9899	1
9901	1
9903	1
9904	2
9905	2
9907	1
9911	1
9914	2
9916	1
9919	1
9922	1
9924	1
9926	1
9930	1
9934	1
9935	4
9937	1
9939	1
9941	1
9953	1
9954	1
9956	2
9959	1
9964	2
9967	2
9974	1
9975	1
9977	2
9978	1
9981	1
9982	1
9985	1
9986	1
9987	1
9991	1
9997	1
10000	1
10001	1
10006	1
10010	1
10015	1
10016	2
10017	1
10018	2
10020	1
10022	1
10024	1
10027	1
10031	1
10035	1
10036	1
10037	2
10040	1
10048	1
10049	1
10051	1
10053	2
10054	1
10056	2
10058	2
10062	2
10063	1
10073	1
10075	1
10087	2
10092	1
10093	1
10100	1
10107	1
10109	1
10110	1
10112	1
10113	1
10115	2
10117	1
10118	1
10120	1
10122	2
10126	1
10132	2
10133	1
10134	1
10137	2
10141	1
10143	1
10146	1
10151	1
10152	1
10153	1
10162	1
10168	1
10169	1
10171	1
10174	1
10175	1
10176	1
10183	2
10184	1
10189	1
10194	1
10195	1
10203	3
10207	1
10208	1
10211	1
10212	2
10213	1
10217	1
10220	1
10225	1
10227	1
10228	1
10233	1
10246	1
10247	1
10250	1
10251	1
10257	1
10261	1
10262	1
10263	1
10265	1
10266	2
10272	1
10273	1
10276	1
10286	1
10287	1
10299	1
10301	1
10302	1
10304	2
10306	1
10309	1
10312	2
10313	1
10319	1
10320	1
10323	1
10335	1
10342	1
10343	1
10347	1
10348	1
10351	1
10357	1
10359	1
10360	1
10361	1
10368	2
10372	1
10378	1
10382	1
10384	1
10387	1
10388	2
10390	1
10391	1
10393	1
10398	1
10399	1
10400	1
10401	1
10404	1
10405	1
10408	1
10409	1
10410	1
10415	1
10418	1
10421	1
10422	1
10424	1
10426	2
10432	1
10433	1
10434	1
10439	1
10447	2
10450	1
10452	1
10455	1
10456	1
10460	1
10461	1
10472	1
10485	1
10486	2
10488	1
10489	1
10490	1
10496	1
10505	1
10510	1
10513	1
10517	1
10520	1
10524	1
10529	1
10533	1
10534	2
10539	1
10540	1
10543	1
10551	1
10552	1
10554	1
10557	1
10563	1
10567	1
10573	1
10574	1
10579	1
10580	1
10583	1
10584	2
10585	2
10588	2
10593	1
10594	2
10595	1
10597	1
10600	1
10603	1
10606	2
10612	1
10616	1
10622	1
10623	1
10624	1
10626	1
10629	1
10631	1
10632	3
10635	1
10639	1
10641	1
10643	2
10647	1
10652	1
10654	1
10656	1
10657	1
10663	1
10669	1
10671	1
10674	1
10677	1
10681	2
10682	1
10688	1
10689	1
10696	1
10697	1
10699	1
10703	1
10722	1
10731	1
10733	2
10740	3
10742	1
10751	1
10760	1
10772	1
10775	1
10776	1
10778	1
10793	1
10799	1
10802	1
10815	1
10816	2
10821	2
10825	1
10828	2
10833	1
10835	2
10851	1
10852	2
10854	1
10855	1
10860	1
10867	1
10868	1
10869	1
10870	1
10874	1
10876	1
10880	1
10900	1
10902	1
10905	1
10915	1
10917	1
10918	1
10919	1
10925	1
10926	1
10929	1
10930	1
10931	1
10932	1
10934	1
10935	1
10949	1
10952	2
10954	2
10955	1
10963	1
10973	1
10977	2
10978	1
10981	1
10983	3
10984	1
10987	1
10989	1
10992	1
10997	1
11004	2
11007	2
11010	1
11012	1
11017	1
11018	1
11020	2
11023	1
11029	2
11030	2
11034	1
11047	1
11052	1
11053	1
11058	1
11066	1
11068	1
11071	1
11074	1
11076	1
11080	2
11085	1
11087	1
11088	1
11096	2
11103	1
11111	3
11119	1
11122	1
11123	1
11124	1
11128	2
11129	1
11131	1
11135	1
11141	1
11149	2
11152	1
11156	2
11160	1
11166	2
11179	1
11181	1
11188	1
11193	1
11197	1
11198	1
11200	1
11205	1
11207	1
11209	1
11211	1
11215	2
11226	1
11236	1
11237	1
11243	1
11249	1
11250	1
11253	3
11255	2
11258	1
11261	1
11262	2
11267	1
11277	1
11280	2
11282	1
11285	1
11286	2
11288	1
11300	1
11302	2
11315	1
11317	2
11320	1
11323	1
11325	1
11330	1
11331	1
11339	1
11345	1
11354	1
11358	1
11361	1
11363	1
11365	1
11370	1
11375	1
11382	1
11385	1
11390	1
11398	2
11402	2
11412	1
11419	1
11420	1
11421	1
11422	1
11432	1
11435	1
11437	2
11440	1
11441	1
11450	1
11469	1
11478	1
11479	1
11497	1
11502	1
11504	2
11508	1
11510	2
11512	2
11514	1
11515	1
11539	1
11540	1
11545	1
11553	1
11559	1
11561	1
11564	1
11567	1
11572	1
11573	1
11585	1
11586	1
11596	1
11604	1
11610	1
11622	1
11624	1
11625	1
11632	1
11634	1
11635	2
11649	1
11651	1
11664	1
11674	1
11678	1
11679	1
11686	1
11689	1
11696	1
11704	1
11716	1
11724	1
11729	1
11730	1
11731	1
11739	1
11748	1
11762	1
11766	1
11767	1
11776	1
11778	1
11780	1
11784	1
11785	1
11788	1
11791	1
11793	1
11799	1
11802	1
11805	1
11807	1
11811	1
11831	1
11836	1
11837	1
11839	1
11860	1
11867	1
11879	1
11901	1
11904	1
11910	1
11912	1
11921	1
11922	1
11923	1
11925	1
11929	2
11931	1
11934	1
11943	1
11945	1
11950	1
11953	3
11963	1
11964	1
11980	1
11983	1
11987	1
11988	1
11993	1
11999	1
12011	1
12017	1
12026	1
12030	1
12034	1
12048	1
12052	1
12053	1
12057	1
12064	1
12074	1
12079	1
12080	1
12081	1
12093	1
12094	2
12100	1
12105	1
12109	1
12114	1
12118	1
12122	1
12134	1
12135	1
12144	1
12147	1
12151	1
12154	1
12166	1
12168	1
12175	1
12180	1
12185	1
12204	1
12216	1
12225	1
12235	1
12239	1
12242	1
12244	1
12258	1
12260	1
12262	1
12271	1
12273	1
12274	1
12280	1
12285	1
12293	1
12304	1
12306	1
12308	1
12313	1
12328	3
12331	1
12342	1
12346	1
12350	1
12353	1
12358	1
12359	1
12362	1
12363	2
12370	1
12372	1
12381	1
12391	2
12407	1
12409	1
12418	1
12423	1
12427	1
12437	1
12442	1
12444	1
12448	1
12456	1
12458	2
12488	2
12497	1
12498	1
12509	1
12514	1
12523	1
12529	1
12540	1
12544	2
12556	1
12558	2
12559	2
12564	1
12576	1
12577	1
12584	1
12585	1
12586	1
12589	1
12596	1
12600	1
12603	1
12613	1
12614	1
12623	1
12624	1
12628	1
12629	1
12648	1
12651	1
12654	1
12658	1
12660	2
12666	1
12695	1
12700	1
12704	1
12714	1
12735	1
12740	1
12749	1
12753	1
12760	1
12765	1
12767	1
12768	1
12772	1
12779	1
12781	1
12789	1
12808	1
12811	1
12819	1
12821	1
12823	1
12827	1
12828	3
12841	1
12845	1
12857	1
12863	1
12869	1
12886	1
12894	1
12904	1
12908	1
12911	1
12913	1
12919	1
12920	1
12922	1
12924	1
12927	1
12948	1
12950	1
12957	1
12964	1
12967	1
12969	1
12970	1
12972	1
12977	1
12979	1
12981	1
12984	2
13002	1
13007	1
13013	1
13024	1
13029	1
13034	1
13039	1
13041	1
13046	1
13047	1
13052	1
13061	1
13063	1
13068	1
13071	2
13077	1
13092	1
13103	1
13108	1
13115	1
13116	1
13119	1
13131	1
13139	1
13144	1
13157	1
13158	1
13165	1
13171	1
13182	2
13183	1
13192	1
13196	1
13202	1
13208	1
13209	1
13214	1
13228	1
13240	1
13248	1
13251	1
13252	1
13253	1
13258	1
13261	1
13266	1
13271	1
13286	1
13288	1
13289	1
13305	1
13316	1
13321	1
13337	1
13339	1
13344	1
13361	2
13362	1
13367	2
13373	1
13378	1
13396	1
13398	1
13409	1
13431	1
13442	1
13446	1
13451	1
13454	1
13467	1
13470	1
13475	1
13486	1
13515	1
13517	1
13544	1
13548	1
13550	1
13554	1
13556	2
13561	1
13565	1
13576	1
13578	1
13593	1
13602	1
13609	1
13612	1
13625	1
13626	1
13634	1
13640	1
13644	1
13661	1
13673	1
13676	1
13679	1
13690	1
13692	1
13704	1
13709	1
13711	1
13730	1
13732	1
13739	1
13742	1
13743	2
13752	1
13753	1
13754	1
13768	1
13775	1
13791	1
13808	1
13810	1
13811	1
13812	1
13820	1
13825	1
13835	1
13838	1
13847	1
13860	1
13861	1
13863	1
13868	1
13870	2
13873	1
13875	1
13878	1
13888	1
13890	1
13891	1
13898	1
13900	1
13904	1
13905	1
13910	1
13912	1
13918	1
13940	1
13947	2
13964	1
13991	1
13996	1
14000	1
14005	2
14013	1
14017	1
14026	1
14030	1
14032	1
14039	1
14040	1
14041	1
14047	1
14057	1
14070	1
14079	1
14082	1
14084	1
14096	1
14104	1
14109	1
14111	1
14114	1
14120	1
14123	1
14128	1
14144	1
14146	1
14147	2
14149	1
14152	1
14154	1
14155	1
14156	2
14168	2
14171	1
14189	1
14191	1
14197	1
14198	1
14201	1
14204	1
14208	1
14209	1
14211	1
14214	1
14217	1
14224	1
14271	1
14285	1
14290	2
14295	1
14296	1
14300	1
14301	1
14309	1
14313	2
14328	1
14330	1
14352	2
14353	1
14395	1
14397	1
14402	1
14407	1
14408	1
14422	1
14433	2
14452	1
14453	1
14469	1
14473	1
14483	1
14487	1
14491	1
14495	1
14496	1
14530	1
14532	1
14538	1
14549	1
14559	1
14563	1
14564	1
14585	1
14588	1
14593	1
14616	1
14632	1
14635	1
14639	1
14656	1
14679	1
14688	1
14718	1
14729	1
14733	1
14745	1
14747	1
14757	1
14768	1
14769	1
14772	1
14786	1
14793	1
14795	1
14804	1
14818	2
14839	1
14845	1
14849	1
14853	1
14854	1
14859	1
14861	1
14862	1
14863	1
14875	1
14876	1
14883	1
14888	1
14890	1
14895	1
14896	1
14910	1
14925	2
14936	1
14941	1
14946	2
14947	1
14948	2
14952	1
14955	1
14961	1
14973	1
14981	1
14996	1
15013	1
15014	2
15016	1
15017	1
15024	1
15025	2
15028	1
15030	1
15038	1
15042	1
15048	2
15049	1
15054	3
15059	1
15076	1
15082	1
15087	1
15090	1
15110	1
15134	1
15135	2
15137	1
15141	2
15147	1
15153	1
15154	1
15163	1
15176	1
15179	1
15186	1
15187	1
15194	1
15202	1
15218	1
15227	1
15229	1
15239	1
15243	1
15247	1
15249	1
15252	2
15255	1
15256	1
15257	2
15259	1
15260	1
15263	1
15265	1
15269	1
15271	1
15275	1
15288	1
15293	1
15305	1
15308	2
15310	1
15315	1
15319	1
15321	1
15322	1
15325	1
15330	2
15333	1
15344	1
15349	2
15352	1
15362	1
15378	1
15379	1
15383	1
15385	1
15397	1
15399	1
15401	1
15403	1
15409	1
15410	2
15415	1
15422	1
15425	1
15439	1
15440	1
15442	1
15453	1
15455	1
15456	1
15458	1
15459	1
15469	1
15475	2
15476	1
15483	2
15486	1
15490	1
15491	1
15492	1
15497	2
15509	2
15518	2
15522	1
15528	2
15529	1
15532	1
15534	1
15537	1
15551	1
15560	1
15565	1
15578	1
15579	1
15580	1
15582	1
15585	1
15598	1
15599	2
15603	1
15607	1
15617	1
15619	2
15622	1
15633	1
15634	1
15635	1
15649	2
15657	1
15658	1
15661	1
15663	1
15665	1
15666	1
15667	1
15672	1
15677	1
15680	1
15685	1
15687	1
15696	1
15697	1
15699	1
15705	1
15708	1
15710	1
15716	1
15723	1
15733	1
15734	1
15739	1
15755	1
15756	1
15757	1
15759	1
15766	1
15768	1
15771	1
15774	1
15783	1
15785	1
15786	2
15787	1
15790	1
15794	3
15796	1
15797	1
15810	1
15825	2
15829	1
15830	1
15831	1
15832	1
15838	2
15847	1
15857	1
15861	1
15864	1
15865	2
15866	1
15871	1
15875	1
15882	2
15884	1
15892	1
15899	2
15907	1
15910	2
15916	1
15919	1
15931	1
15934	1
15941	1
15945	1
15946	1
15957	1
15961	1
15973	1
15975	2
15978	2
15983	1
15984	1
15985	1
15986	1
15989	1
15992	1
15994	1
15997	1
16002	3
16010	1
16014	1
16018	1
16024	1
16028	1
16036	1
16037	1
16044	1
16047	2
16049	1
16055	1
16056	1
16062	1
16065	1
16076	1
16085	1
16086	1
16090	1
16095	1
16101	1
16116	1
16118	1
16124	1
16130	1
16131	1
16132	1
16135	1
16146	1
16149	1
16150	1
16151	1
16155	1
16157	1
16161	1
16163	1
16165	1
16166	1
16167	1
16168	2
16172	1
16173	1
16175	1
16176	1
16177	1
16193	1
16197	1
16198	1
16200	1
16204	1
16208	1
16212	1
16213	1
16225	1
16232	1
16234	1
16235	1
16239	2
16242	1
16249	1
16251	1
16258	1
16261	2
16263	1
16269	1
16273	1
16276	1
16278	1
16286	1
16288	1
16289	1
16291	1
16292	2
16294	1
16296	2
16300	1
16305	1
16316	1
16319	1
16322	1
16325	2
16328	1
16330	1
16331	1
16339	1
16340	1
16341	1
16344	1
16347	1
16353	1
16355	1
16358	1
16363	1
16366	1
16373	1
16375	1
