1	8
2	13
3	5
4	7
5	4
6	9
7	8
8	12
9	9
10	5
16394	1
11	9
12	7
13	5
14	8
16399	1
15	8
16	8
16400	1
17	11
18	4
19	8
20	7
16404	1
21	3
22	8
23	9
24	13
25	6
26	7
27	3
28	10
29	7
16413	1
30	6
31	4
32	11
33	7
34	8
35	10
36	16
37	6
38	14
39	10
40	5
41	7
16425	1
42	8
16426	1
43	13
16427	1
44	8
45	7
46	11
47	5
48	14
49	10
50	9
51	14
52	14
53	7
54	4
55	10
56	8
57	8
16441	1
58	7
59	8
60	6
61	7
62	4
63	11
16447	1
64	5
16448	1
65	11
66	5
67	8
68	14
69	5
70	13
71	10
72	7
73	6
74	5
75	7
76	8
16460	1
77	6
78	7
79	8
16463	1
80	8
81	12
82	7
83	9
16467	1
84	10
85	11
86	9
87	4
88	8
89	8
90	8
16474	1
91	9
16475	2
16476	1
92	7
93	13
16477	1
94	9
95	7
96	6
97	8
98	6
99	7
16483	1
100	8
101	7
102	8
16486	1
103	6
104	9
105	4
106	6
107	9
16491	1
108	6
109	8
110	5
111	2
112	4
113	9
16497	1
114	7
115	6
116	6
117	4
118	11
16502	1
119	9
16503	1
120	8
121	7
122	7
16506	1
123	10
124	14
125	10
126	5
16510	1
127	5
128	11
16512	1
129	3
16513	1
130	7
131	7
132	3
133	8
134	7
135	7
16519	1
136	8
137	5
138	11
139	6
16523	1
140	10
141	5
142	9
143	3
144	6
145	11
16529	1
146	5
147	14
148	8
149	12
150	8
151	4
16535	1
152	4
153	3
154	11
16538	1
155	8
16539	1
156	5
157	3
158	6
159	5
160	7
16544	1
161	2
162	6
163	8
164	4
165	9
166	3
167	11
168	7
169	10
170	3
171	8
172	6
173	8
174	6
16558	1
175	9
176	5
177	7
178	4
179	2
180	10
181	6
182	4
183	4
184	3
185	5
186	8
187	14
188	6
189	5
190	7
191	9
192	3
193	13
194	3
195	8
196	6
197	5
16581	1
198	7
199	4
200	5
201	3
202	5
203	2
204	5
205	7
16589	1
206	2
207	10
208	5
209	5
210	6
211	4
212	3
213	5
214	3
215	5
16600	1
216	7
217	5
218	7
219	5
220	3
221	8
222	8
223	4
224	5
225	9
226	9
227	6
228	6
229	9
230	3
231	3
16615	1
232	6
16616	1
233	3
234	3
235	9
236	6
237	10
238	2
239	7
240	7
241	4
242	4
243	7
244	4
16628	2
245	4
246	4
247	4
248	7
16632	1
249	6
16633	2
250	7
251	7
252	8
253	8
254	7
255	3
256	4
257	7
258	4
259	6
260	2
261	8
262	5
263	9
16647	1
16648	1
264	5
265	8
266	8
267	8
268	4
269	7
270	8
16654	1
271	12
16655	2
272	6
273	4
274	8
275	5
276	7
277	6
16661	1
278	6
279	1
280	2
281	4
282	6
283	4
284	8
285	4
286	3
287	6
288	4
289	7
16673	1
290	6
291	2
292	6
293	2
294	7
295	5
16679	1
296	8
297	5
298	5
299	3
16683	1
300	5
301	9
302	2
303	7
304	6
305	6
16689	1
306	9
307	2
16691	2
308	7
16692	1
309	7
16693	1
310	8
311	6
312	5
313	3
314	1
315	3
316	4
317	2
318	1
319	8
320	5
321	3
322	6
323	5
16707	1
324	2
325	4
326	7
327	5
328	5
329	3
330	7
331	5
332	3
333	6
334	4
335	9
336	4
337	4
338	7
16722	1
339	8
340	3
341	7
342	8
343	5
344	5
16728	1
345	3
346	6
347	5
348	5
349	5
350	4
351	9
352	5
353	3
354	6
355	3
356	6
357	3
358	7
16742	1
359	7
360	6
361	4
16745	1
362	3
363	2
364	8
365	9
366	3
367	5
16751	1
368	10
369	7
370	3
371	5
372	5
373	4
374	1
375	2
376	7
377	4
378	1
379	5
16763	1
380	7
381	6
382	7
383	4
384	5
385	6
386	3
387	5
388	10
389	7
16774	1
390	4
391	1
392	4
393	5
16777	1
394	5
395	7
396	3
397	6
398	5
16782	1
399	6
400	6
401	2
402	9
403	6
16787	2
404	8
405	4
406	5
16790	2
407	8
408	6
409	3
410	3
411	5
412	7
16796	1
413	8
414	4
415	5
416	4
417	6
16801	1
418	6
419	6
420	7
421	6
422	6
423	6
16807	1
424	7
16808	1
425	6
426	7
427	5
428	5
16812	2
429	3
16813	1
430	6
431	1
432	7
433	7
434	7
16818	1
435	11
436	2
437	3
438	4
439	5
440	4
441	5
442	3
16826	1
443	8
444	4
445	2
16829	1
446	4
447	6
448	3
449	8
450	8
451	3
16835	1
453	6
454	5
455	4
456	7
457	6
458	3
459	5
460	8
461	3
462	6
463	4
16848	1
464	9
465	2
466	4
467	5
16851	1
468	7
16852	1
469	2
470	7
471	4
472	5
473	8
474	5
475	3
476	5
477	3
478	5
479	3
480	3
481	3
482	4
483	1
484	6
485	6
486	6
487	5
488	6
489	3
490	8
491	1
492	6
493	8
16877	2
494	8
495	4
496	6
497	2
498	3
499	5
500	4
501	6
502	8
503	4
504	5
505	1
506	2
507	7
508	2
509	5
510	4
511	3
512	2
16896	1
513	1
514	2
515	1
516	5
517	8
16901	1
518	2
519	4
520	6
521	6
16905	1
522	4
523	3
524	3
525	3
526	4
527	5
528	6
529	3
530	8
16914	1
531	1
533	2
16917	1
534	3
535	2
536	6
537	2
538	6
539	6
540	2
541	5
542	6
543	2
16928	1
544	6
545	3
546	1
547	2
16931	1
16932	1
548	2
549	3
550	7
551	5
552	8
553	8
554	6
555	7
16939	1
556	2
557	6
558	4
559	3
560	2
561	2
562	3
563	8
564	6
565	4
566	5
567	3
16951	2
568	4
569	4
570	5
571	5
572	1
573	2
574	5
575	4
576	3
577	5
578	2
579	4
580	3
581	5
582	3
583	3
584	4
585	5
586	5
588	2
589	5
590	1
591	5
592	3
593	8
594	2
16978	1
595	6
596	2
597	2
598	4
599	2
600	4
601	2
602	6
603	4
604	3
605	7
606	4
607	3
608	2
609	3
16993	1
610	3
16994	1
611	4
612	3
613	4
614	3
615	1
616	2
617	4
618	5
619	5
620	4
621	6
17005	1
622	4
623	2
624	2
625	2
626	2
627	5
628	4
17013	1
629	6
630	3
631	4
632	5
634	5
635	5
636	1
637	1
638	2
639	1
17023	1
640	3
641	7
642	3
643	2
17027	1
644	6
645	3
646	9
647	7
648	3
649	4
650	4
651	8
652	5
653	3
654	5
655	5
656	6
17040	1
657	5
658	4
17042	1
659	9
660	7
17044	1
661	1
662	2
663	3
664	4
665	5
666	1
667	3
668	4
17052	1
669	3
670	5
671	5
672	4
673	3
674	4
675	3
676	4
677	2
678	5
679	1
680	2
681	7
682	4
683	3
684	1
685	1
686	3
687	2
688	1
689	6
690	4
691	5
692	6
693	4
694	3
695	4
696	5
697	2
698	2
699	3
700	5
701	2
702	5
703	6
17087	1
704	3
705	2
707	1
708	3
709	4
710	1
17094	1
711	5
712	4
713	4
714	1
715	3
716	5
717	4
718	3
17102	1
719	2
720	2
721	2
722	7
723	3
724	4
725	3
726	2
727	3
728	6
729	2
730	5
731	2
732	5
733	4
734	4
735	5
736	2
737	2
738	6
739	6
740	3
741	4
742	3
743	5
744	1
745	2
746	7
747	4
748	4
749	4
750	6
751	2
752	3
753	1
754	4
755	2
756	4
757	7
758	4
759	3
760	4
17144	1
761	4
762	2
763	6
764	5
765	3
766	5
767	6
768	4
769	3
770	3
771	2
772	3
773	7
774	4
775	5
776	4
777	5
778	6
779	3
780	2
781	1
782	4
783	4
784	6
785	10
786	4
787	2
788	7
789	9
790	4
791	8
792	7
793	3
794	4
795	2
796	4
797	6
798	4
799	4
800	3
801	4
802	2
803	5
804	4
805	3
806	6
807	7
808	5
809	8
810	3
811	5
812	1
813	5
814	9
815	9
816	5
817	5
818	6
819	1
820	5
821	2
822	7
823	3
824	1
825	4
826	1
827	4
828	7
829	8
830	3
831	5
832	5
833	2
834	1
835	3
836	3
837	3
838	3
839	3
840	3
841	3
842	5
843	4
844	3
845	2
846	2
847	7
848	2
849	4
850	8
17234	1
851	5
852	2
853	4
854	5
855	5
856	2
857	7
858	5
859	2
860	3
17244	1
861	1
862	7
863	3
864	4
865	3
866	6
867	4
868	4
869	1
870	2
872	6
873	4
874	4
875	2
17259	1
876	6
877	6
878	6
879	5
880	6
881	7
882	1
883	9
884	4
885	3
886	4
17270	1
887	6
888	2
889	3
890	8
891	5
892	5
893	2
894	3
895	6
896	3
897	5
898	3
899	1
900	1
901	1
902	3
903	3
904	3
905	2
906	6
907	3
908	4
909	3
910	3
911	4
912	6
913	4
914	5
915	2
916	7
17300	1
918	1
919	8
920	4
921	2
922	3
923	5
924	3
925	4
926	3
927	5
928	3
929	4
930	3
931	1
932	3
933	3
934	7
935	4
936	3
937	3
938	6
939	5
940	2
941	3
942	3
943	3
17327	1
944	2
945	3
946	6
947	7
948	5
949	5
950	4
951	4
952	7
953	8
954	8
955	5
956	3
957	1
17341	1
958	6
959	1
960	2
961	6
17345	2
962	4
963	5
964	1
965	1
966	4
967	2
968	2
969	4
970	3
971	4
972	2
973	2
974	7
975	4
976	4
977	4
978	4
979	3
980	4
981	2
982	1
983	4
984	8
985	4
986	1
987	6
988	4
989	7
990	7
991	3
992	8
17376	1
993	6
994	5
995	4
996	5
997	1
998	5
999	4
1000	2
1001	2
1002	3
1003	4
1004	4
1005	4
1006	2
1007	3
1008	3
1009	2
1010	4
1011	1
1012	3
1013	2
1014	2
1015	2
1016	2
1017	2
1018	8
1019	3
1020	7
1021	8
17405	1
1022	5
1023	1
1024	5
17408	1
1025	3
1026	3
1027	1
1028	4
1029	10
1030	2
1031	8
1032	3
1033	9
1034	2
1035	2
1036	3
1037	5
1038	2
1039	7
1040	7
1041	4
1042	7
1043	5
1044	3
1045	3
1046	1
1047	4
1048	4
1049	3
1050	3
1051	6
17435	2
1052	6
1053	6
1054	3
1055	3
1056	2
1057	5
1058	5
1059	5
1060	5
1061	2
1062	7
1063	1
1064	7
1065	6
1066	2
1067	2
1068	4
1069	5
1070	2
1071	3
1072	3
1073	3
1074	3
1075	2
1076	4
1077	5
1078	2
17462	1
1079	6
1080	6
1081	6
1082	5
1083	2
1084	6
1085	3
1086	3
1087	2
1088	7
1089	4
1090	1
1091	9
1092	2
1093	3
1094	5
1095	4
1096	2
1098	4
1099	8
1100	8
1101	5
1102	4
1103	8
1104	4
1105	5
1106	3
1107	3
1108	7
1109	5
1110	2
1111	2
1112	6
1113	3
1114	1
1115	2
1117	3
1118	6
1119	4
1121	7
1122	3
1123	4
1124	5
1125	2
1126	5
1127	7
1128	1
1129	3
17513	1
1130	6
1131	3
1132	7
1133	3
1134	4
1135	2
1136	4
17520	1
1137	2
1138	2
1139	6
1140	3
1141	2
17525	1
1142	2
1143	2
1144	3
1145	7
1146	3
1147	1
1148	6
1149	7
1150	6
1151	3
1152	6
1153	3
1154	1
1156	2
1157	3
1158	7
1159	5
1160	1
1161	4
1162	5
1163	3
1164	3
1165	2
1166	6
1167	5
1168	2
1169	5
1170	5
1172	3
17556	1
1173	2
1174	4
1175	4
1176	2
1177	4
1178	6
1179	4
1180	5
1181	5
1182	4
1183	2
1184	3
1185	1
1186	2
1187	4
1188	3
1189	3
1190	3
1191	3
1192	6
1193	6
1194	3
1195	3
17579	1
1196	3
1197	2
1198	5
1199	4
1200	3
1201	2
1202	6
1203	4
1204	6
1205	4
1206	3
1207	6
1209	2
1210	5
1211	4
1212	5
1213	5
1214	3
1215	2
1216	5
1217	3
1218	2
1219	3
1220	5
1221	3
1222	2
1223	2
17608	1
1224	3
1225	3
1226	3
1227	5
1228	4
1229	3
1230	3
1231	6
1232	7
1233	6
1234	3
1235	3
1236	5
1237	4
1238	2
1239	4
1240	3
17624	1
1241	1
1242	2
1243	3
1244	3
1245	3
1246	4
1247	3
1248	3
1249	6
1250	6
1251	3
1252	2
1253	2
1254	2
1255	5
1256	4
1257	4
1258	2
1259	2
1260	2
1261	3
1263	2
1264	1
1265	5
1266	2
1267	4
17651	1
1268	4
1269	3
1270	4
1271	4
1272	2
1273	5
1274	6
17658	1
1275	5
1276	6
1277	6
1278	3
1279	4
1280	6
1281	3
1282	3
1283	6
1284	4
1285	7
1286	2
1287	7
1288	1
1289	4
1290	6
1292	2
1293	4
1294	4
1295	2
1296	3
1297	5
1298	4
1299	1
1300	4
1301	3
1302	3
1303	3
1304	5
1305	5
1306	4
17690	1
1307	4
1308	5
1309	2
1311	5
1312	6
1313	2
1314	2
1315	7
1316	4
1317	2
1318	4
1319	4
1320	2
1321	2
1322	2
1323	1
1324	2
1325	4
1326	5
1327	5
1328	4
1329	2
1330	1
1331	5
1332	3
1333	2
1334	2
1335	4
1336	5
1337	4
1338	6
1339	3
1340	5
1341	2
1342	1
1343	4
1344	3
1345	1
1346	4
1347	7
1348	3
1349	3
1350	9
1351	4
1352	1
1353	1
1354	1
1355	1
1356	4
1357	7
1358	1
1359	3
1360	6
1361	1
1362	3
1363	8
1364	3
1365	1
1366	3
1367	4
1368	3
1369	2
1370	3
1371	4
1372	4
1373	5
1374	5
1375	2
1376	4
1377	1
1378	2
1379	4
1380	4
1381	4
1382	4
1383	1
1384	4
17768	1
1385	6
1386	7
1387	6
17771	1
1388	4
1389	4
1390	3
1391	8
1392	5
1393	4
1394	3
1395	5
1396	3
1397	5
1398	1
1399	3
1400	6
1401	9
1402	4
1403	3
1404	3
1405	6
1406	8
1407	3
1408	3
1409	5
1410	6
1411	6
1412	4
1413	2
1414	3
1415	4
1416	5
1417	4
1418	7
1419	6
1420	6
1421	4
1422	4
1423	3
1424	2
1425	5
1426	2
1427	4
1429	5
1430	3
1431	4
1432	2
17816	1
1433	3
1434	4
1435	4
1436	4
1437	2
1439	8
1440	5
1441	4
1442	1
1443	7
1444	6
1445	4
1446	5
1447	3
1448	1
1449	4
1450	2
1451	3
1452	4
1453	4
1454	6
1455	2
1456	5
1457	4
1459	5
1460	4
1461	5
1463	1
1464	8
1465	2
1466	1
1467	4
1468	5
1469	6
1470	2
1471	3
1472	3
1473	4
1474	3
1475	4
1476	5
1477	5
1478	6
1479	7
1480	1
1481	5
1482	3
1483	6
17867	1
1484	6
1485	2
1486	4
1487	3
1488	6
1489	6
1490	8
1491	5
17875	1
1492	1
1493	6
1494	3
1495	2
17879	1
1496	5
1497	6
1498	2
1499	3
1500	2
1501	1
1502	4
1503	6
1504	6
1505	3
1506	3
1507	4
1508	6
1509	1
1510	7
1511	3
1512	4
1513	3
1514	4
1515	4
1516	6
1517	3
1518	3
1519	2
1520	4
1521	3
1522	3
1523	2
1524	4
1525	5
1526	3
1527	8
1528	4
1529	3
1530	2
1531	9
1532	7
1533	8
17918	1
1535	3
1536	1
1537	3
1538	5
1539	6
1540	3
1541	6
1542	3
1543	3
1544	3
1545	3
1546	4
1547	5
1548	2
1549	1
1550	4
1551	2
1552	7
1553	5
1555	4
1556	5
1557	3
1558	5
1560	4
1561	5
1562	3
1563	4
1564	2
1565	5
1566	10
1567	5
1568	6
1569	5
1570	4
1571	5
1572	6
1573	8
1574	4
1575	6
1576	6
1577	6
1578	2
1579	3
1580	5
1581	4
1582	3
1583	2
17967	1
1584	6
1585	3
1586	2
1587	3
17971	1
1588	6
17972	1
1589	4
1590	6
17974	1
1591	11
1592	4
1593	6
1594	8
1595	3
1596	6
1597	3
1598	6
1599	4
1600	3
1601	3
1602	7
1603	2
1604	3
1605	5
1606	5
1607	1
1608	4
1609	4
1610	1
1611	3
1612	4
1613	6
1614	1
1615	3
1616	7
1617	4
1618	5
1619	3
1620	3
1621	6
1622	1
1623	4
1624	2
1625	8
1626	4
1627	4
1628	7
1629	3
1630	4
1632	4
1633	4
1634	2
1635	3
1636	8
1637	2
1638	4
1639	3
1640	5
1641	5
1642	4
1643	3
1644	4
18028	1
1645	5
1646	5
1647	5
1648	3
1649	3
1650	8
1651	2
1652	3
1653	5
1654	4
1655	5
18039	1
1656	2
1657	3
18041	1
1658	5
1659	2
1660	1
1661	3
1662	5
1663	7
1664	2
1665	3
1666	7
1667	4
1668	3
1669	4
1670	1
1671	6
1672	6
1673	6
1674	2
18058	1
1675	6
1676	3
1677	5
1678	12
1679	6
1680	4
1681	5
1682	4
1683	2
1684	5
1685	7
1686	4
1687	6
1688	5
1689	2
1690	3
1691	2
1692	3
1693	5
1694	4
1695	2
1696	2
1697	4
1698	4
1699	2
1700	5
1701	6
1702	2
1703	6
1704	6
1705	8
1706	5
1707	6
1708	7
1709	7
1710	2
1711	4
1712	6
1713	4
1714	6
1715	3
1716	1
1717	5
1718	3
1719	1
1720	5
1721	9
1723	6
1724	1
1725	5
1726	4
1727	2
1728	1
1729	6
1730	9
1731	9
1732	5
1733	4
1734	4
1735	5
1736	7
1737	5
1738	5
1739	3
1740	5
1741	4
1742	2
1743	5
1744	6
1745	3
1746	5
1747	6
1748	2
1749	7
1750	5
1751	1
1752	5
1753	1
1754	3
1755	3
1756	3
1757	1
1758	6
1759	7
18143	1
1761	1
18145	1
1762	2
1763	4
1764	2
1765	3
1766	2
1767	8
1768	6
1769	4
18153	1
1770	2
18154	1
1771	7
1772	1
1773	6
1774	5
1775	6
1777	6
1778	3
1779	3
1780	6
1781	2
18165	1
1782	9
1783	6
1784	5
1785	5
1786	2
1787	2
1788	2
1789	7
1790	9
1791	4
1792	3
1794	3
1795	5
1796	5
1797	2
1798	3
1799	3
1800	4
1801	6
1802	5
1803	3
1804	3
1805	4
1806	4
1807	5
1808	3
1809	8
1810	7
1811	3
1812	2
1813	3
1814	2
1815	3
1816	7
1817	4
1818	8
1819	3
1821	6
1822	4
1823	3
1824	3
1825	2
1826	5
1827	4
1828	5
1829	4
1830	4
1831	3
1832	6
1833	5
1834	4
1835	5
1836	2
1837	6
1838	8
1839	5
1840	2
1841	5
1842	6
1843	4
1844	2
1845	7
1846	7
1847	4
1848	4
1849	5
18233	1
1850	4
1851	6
1852	5
1853	2
1854	1
1855	7
1856	3
1857	3
1858	4
1859	3
1860	5
1861	3
1862	7
1863	3
1864	8
1866	3
1867	3
1868	7
1869	3
1870	3
1872	1
1873	2
1874	3
1875	5
1876	2
1877	9
1878	1
1879	6
1880	1
1881	5
1882	6
1883	5
1884	4
1885	1
1886	4
1887	8
1888	5
1889	8
1890	3
1891	4
1892	7
1893	9
1894	6
1895	2
1896	4
1897	2
1898	9
1899	5
1900	4
1901	4
1902	2
1903	6
1904	4
1905	8
1906	3
1907	4
1908	8
1909	4
1910	8
1911	8
1912	4
1913	6
1914	4
1915	5
1916	6
1917	5
1918	6
1919	5
1920	6
1921	2
1922	1
1923	5
1924	5
1925	1
1926	3
1927	5
1928	8
1929	2
1930	3
1931	5
1932	4
1933	2
1934	6
1935	7
1936	7
1937	2
1938	4
1939	3
1940	5
1941	5
1942	5
1943	4
1944	7
1945	5
1946	7
1947	4
1948	2
1949	4
1950	10
1951	3
1952	6
1953	3
1954	6
1955	3
1956	3
1957	1
1958	2
1959	8
1960	5
1961	3
1962	1
1963	3
1964	6
1965	1
1966	7
1967	5
1968	6
1969	2
1970	5
1971	4
1972	8
1973	7
1974	5
1975	5
1976	2
1977	6
1978	2
1979	7
1980	1
1981	5
1982	3
1983	3
1984	4
18368	1
1985	5
1986	8
1987	3
1988	8
1989	8
1990	5
1991	6
1992	5
1993	7
1994	8
1995	1
1996	9
1997	10
1998	5
1999	4
2000	4
2001	5
2002	4
2003	9
2004	6
2005	4
2006	6
2007	4
2008	3
2009	3
2010	3
2011	6
2012	15
2013	6
2014	6
2015	2
2016	4
2017	5
2019	4
2020	8
2021	7
2022	4
2023	3
2024	9
2025	4
2026	10
2027	6
2028	4
2029	3
18413	1
2030	9
2031	7
2032	3
2033	8
2034	6
2035	8
2036	5
2037	1
18421	1
2038	7
2039	4
2040	8
2041	5
2042	8
2043	2
2044	9
2045	8
2046	3
2047	5
2048	3
2049	6
18434	1
2050	4
2051	4
2052	8
2053	5
2054	6
2055	5
2056	6
2057	7
2058	4
2059	4
2060	3
2061	5
18445	1
2062	5
2063	1
2064	2
2065	7
2066	3
2067	6
2068	2
2069	2
2071	6
2072	7
2073	3
2074	2
2075	7
2076	2
2077	4
2078	5
2079	6
2080	7
2081	4
2082	10
2083	4
2084	6
2085	8
2086	3
2087	6
2088	4
2089	2
2090	5
2091	3
2092	5
2093	2
2094	12
2095	5
2096	8
2097	1
2098	2
2099	3
2100	5
2101	3
2102	4
2103	4
2104	5
2105	6
2106	3
2107	3
2108	8
2109	7
18493	1
2110	2
2111	4
2112	5
2113	2
2114	8
2115	7
2116	6
2117	5
2118	1
2119	7
2120	7
2121	5
2122	6
2123	6
2124	5
2125	4
2126	7
2127	3
2128	4
2129	3
2130	2
2131	4
2132	3
2133	4
2134	4
18518	1
2135	6
2136	6
2137	5
2138	5
2139	5
2140	2
2141	2
2142	4
2143	5
2144	6
2145	7
2146	6
2147	5
2148	3
2149	5
2150	6
2151	6
2152	7
2153	3
2154	2
2155	5
2156	7
2157	5
2158	6
2159	10
2160	5
18544	1
2161	8
2162	3
2163	4
2164	2
2165	4
2166	3
2167	4
2168	6
2169	4
2170	6
2171	5
2172	4
2173	3
2174	7
2175	3
2176	7
18560	1
2177	3
18561	1
2178	6
2179	7
2180	4
2181	8
2182	1
2183	9
2184	10
2185	8
2186	7
18570	1
2187	7
2188	7
2189	4
2190	2
2191	5
2192	5
2193	7
2194	8
2195	3
2196	8
2197	5
2198	2
2199	2
2200	8
2201	3
2202	4
2203	5
2204	5
2205	4
2206	7
2207	5
2208	4
2209	3
2210	1
2211	4
2212	5
2213	5
2214	4
2215	5
2216	5
2217	6
2218	4
2219	4
2220	2
2221	3
2222	2
2223	6
2224	2
2225	5
2226	5
2227	4
2228	6
2229	5
2230	2
2231	11
2232	7
2233	1
2234	9
2235	5
2236	5
2237	7
2238	7
2239	4
2240	9
2241	2
2242	5
2243	4
18627	1
2244	7
2245	5
2246	7
2247	5
2248	4
2249	4
2250	4
2251	6
2252	6
2253	5
2254	4
2255	7
2256	7
2257	4
2258	8
2259	5
2260	6
2261	4
2262	6
2263	4
2264	2
2265	6
2266	7
2267	6
2268	3
2269	5
2270	4
2271	7
2272	5
2273	3
2274	6
2275	5
2276	3
2277	5
2278	10
2279	4
2280	4
2281	5
2282	7
2283	5
2284	1
2285	4
2286	3
2287	5
2288	7
2289	6
2290	4
2291	7
2292	5
2293	4
2294	3
2295	5
2296	7
2297	6
2298	6
2299	8
2300	7
2301	5
2302	6
2303	1
2304	3
2305	5
2306	4
2307	2
2308	7
18692	1
2309	7
2310	5
2311	2
2312	1
2313	3
2314	3
2315	1
2316	6
2317	3
2318	4
2319	7
2320	7
2321	6
2322	4
2323	3
2324	5
2325	6
18709	1
2326	6
2327	5
2328	9
2329	7
2330	5
2331	4
2332	5
2333	3
2334	5
2335	2
2336	6
2337	5
2338	4
2339	3
2340	6
2341	4
2342	10
2343	3
2344	3
2345	7
2346	7
18730	1
2347	4
2348	8
2349	5
18733	1
2350	4
2351	7
2352	7
2353	6
2354	4
2355	6
2356	4
2357	4
2358	3
2359	6
2360	5
2361	7
2362	6
2363	8
2364	4
2365	5
2366	7
2367	1
2368	7
2369	3
2370	6
2371	7
2372	3
2373	6
2374	4
2375	6
2376	1
2377	3
2378	3
2379	4
2380	5
2381	4
2382	5
2383	11
2384	2
2385	4
2386	5
2387	2
2388	3
2389	6
2390	2
2391	4
2392	3
2393	4
2394	10
2395	3
2396	6
2397	3
2398	4
2399	7
2401	9
2402	5
2403	6
2404	6
2406	4
2407	5
2408	5
2409	1
2410	5
2411	5
2412	2
2413	7
2414	6
2415	7
2416	7
2417	3
2418	3
2419	3
2420	2
2421	6
2422	6
2423	8
2424	5
2425	4
2426	2
2427	3
2428	5
2429	4
2430	6
2431	7
2432	5
2433	5
2434	3
2435	1
2436	3
2437	5
2438	1
2439	6
2440	3
2441	5
2442	3
2443	4
2444	4
2445	1
18829	1
2446	6
2447	6
2448	5
18832	1
2449	2
2450	2
2451	5
2452	8
2453	4
2454	6
2455	5
18839	1
2456	6
2457	7
2458	5
18842	1
2459	5
2460	9
2461	7
2462	3
2463	2
2464	6
2465	6
2466	1
2467	5
2468	3
2469	7
2470	2
2471	3
2472	8
18856	1
2473	3
2474	2
2475	4
2476	6
2477	7
2478	5
2479	3
2480	9
2481	3
2482	8
2483	5
2484	5
2485	3
2486	2
2487	3
2488	9
2489	6
2490	5
2491	4
2492	8
2493	7
2494	6
2495	6
2496	3
2497	6
2498	7
2499	3
2500	1
2501	3
2502	3
2503	3
18888	1
2505	2
2506	2
2507	7
2508	5
2509	3
2510	4
2511	7
2512	8
2513	5
2514	6
2515	6
2516	4
2517	3
2518	2
2519	1
2520	3
18904	1
2521	7
2522	6
2523	5
2524	3
18908	1
2525	2
2526	4
2527	5
2528	7
2529	6
2530	8
2531	2
18915	1
2532	4
2533	1
2534	5
2535	2
2536	4
2537	7
2538	3
2539	4
2540	4
2541	7
2542	2
2543	4
2544	5
18929	1
2545	3
2546	8
2547	3
2548	5
2549	5
2550	4
2551	5
2552	4
2553	5
2554	3
2555	9
2556	1
2557	3
2558	3
2559	5
2560	9
2561	3
18945	1
2562	4
2563	4
2564	5
2565	2
2566	5
2567	10
2568	4
2569	9
2570	4
18955	1
2571	2
2572	4
2573	3
2574	5
2575	2
2576	7
2577	5
2578	9
2579	2
2580	8
18964	1
2581	8
2582	3
2583	5
2584	8
2585	3
2586	4
2587	8
2588	4
18972	1
2589	5
2590	7
2591	4
2592	5
2593	4
2594	8
2595	2
2596	3
2597	4
2598	4
2599	7
2600	3
2601	3
18985	1
2602	4
2603	4
2604	1
2605	2
2606	10
2607	2
2608	5
2609	2
2610	6
2611	5
2612	6
2613	4
2614	4
2615	6
2616	5
2617	5
2618	3
2619	3
2620	4
2621	3
2622	5
2623	5
2624	6
2625	4
2626	5
2627	8
2628	3
2629	2
2630	9
2631	6
2632	6
2633	2
2634	4
2635	3
2636	3
2637	6
2638	7
2639	5
2640	6
2641	8
2642	6
2643	11
2644	3
2645	5
2646	3
2647	5
2648	4
2649	5
2650	5
2651	5
2652	2
2653	4
2654	6
2655	8
2656	3
2657	3
2658	7
2659	6
2660	6
2661	7
2662	6
2663	8
2664	10
2665	3
2666	7
2667	7
2668	2
2669	6
2670	2
2671	3
2672	4
2673	5
2674	4
2675	4
2676	5
2677	5
2678	5
2679	2
2680	4
2681	3
2682	4
19066	1
2683	4
2684	4
2685	5
2686	3
2687	6
2688	5
2689	2
2690	2
19075	1
2691	4
2692	2
2693	5
2694	6
2695	3
2696	1
2697	4
2698	2
2699	6
2700	2
2701	2
2702	2
2703	6
2704	2
2705	3
2706	7
2707	5
2708	2
2709	7
2710	4
2711	6
2712	8
2713	5
2714	3
2715	2
2716	8
2717	7
2718	8
2719	4
2720	12
2721	8
2722	5
2723	2
2724	5
2725	3
2726	7
2727	7
2728	6
2729	5
2730	5
19114	1
2731	3
2732	8
2733	6
2734	4
19118	1
2735	5
19119	1
2736	10
2737	3
2738	1
2739	3
2740	4
2741	3
2742	8
2743	6
2744	3
2745	2
2746	7
2747	7
2748	4
2749	2
2750	3
2751	3
2752	1
2753	5
19137	1
2754	5
2755	4
2756	2
2757	6
2758	8
2759	1
2760	4
2761	4
2762	5
2763	5
2764	6
2765	7
2766	7
2767	4
19151	1
2768	6
2769	6
2770	7
2771	4
2772	4
2773	6
2774	5
2775	6
2776	1
2777	3
2778	3
2779	6
2780	2
19164	1
2781	4
2782	3
2783	4
2784	4
2785	9
2786	6
2787	6
2788	1
2789	6
2790	3
2791	4
2792	6
2793	3
2794	2
2795	1
2796	3
2797	4
19181	1
2798	5
2799	5
2800	6
2801	4
19185	2
2802	6
2803	5
2804	5
2805	5
2806	4
2807	6
2808	4
2809	4
2810	3
2811	8
2812	5
2813	6
19197	1
2814	5
2815	6
2816	4
2817	4
2819	3
2820	5
2821	6
2822	4
2823	2
19207	1
2824	2
2825	3
2826	3
2827	1
2828	1
2829	5
2830	4
2831	2
19215	1
2832	3
2833	2
2834	3
2835	5
2836	7
2837	6
2838	7
2839	5
19223	1
2840	4
2841	3
2843	5
2844	3
2845	3
2846	6
2847	3
2848	7
2849	4
2850	5
2851	7
2852	6
2853	8
2855	9
2856	3
2857	5
2858	7
2859	2
2860	1
2861	6
2862	3
19246	1
2863	2
2864	3
2865	6
2866	6
2867	2
2868	10
2869	3
2870	5
2871	2
2872	4
2873	3
2874	4
2875	6
2876	6
2877	9
2878	6
2879	4
2880	9
2881	7
2882	6
2883	2
2884	7
2885	5
2886	4
2887	2
2888	8
2889	2
2890	6
2891	4
2892	2
2893	4
2894	4
2895	5
2896	4
2897	3
2898	7
2899	4
2900	7
2901	6
2902	4
19286	1
2903	1
2904	6
2905	3
2906	7
2907	4
2908	3
2909	3
2910	3
2911	3
2912	5
2913	3
2914	5
2915	1
2916	1
2917	8
2918	2
2919	3
2920	1
2921	6
2922	4
2923	5
2924	6
2925	6
2926	8
2927	5
2928	6
2929	4
2930	5
2931	4
2932	1
2933	4
2934	4
2935	3
2936	2
2937	4
2938	6
2939	4
2940	8
2941	4
2942	5
2943	10
2944	2
2945	8
2946	4
2947	2
2948	4
2949	3
2950	2
2951	4
2952	6
2953	6
2954	5
2955	3
2956	9
2957	9
2958	3
2959	4
19343	1
2960	6
2961	4
2962	8
2963	1
2964	4
2965	3
2966	6
2967	7
2968	1
2969	7
2970	3
2971	2
2972	5
2973	7
2974	2
2975	2
2976	1
2977	3
2978	8
2979	4
2980	1
2981	5
2982	1
2983	3
2984	5
2985	3
2986	6
2987	5
2988	6
2989	6
2990	5
2991	5
2992	3
2993	1
2994	2
2995	3
2996	4
2997	8
2998	6
2999	2
3000	3
3001	3
3002	5
3003	3
3004	2
19388	1
3005	6
3006	1
3007	3
3008	2
3009	2
3010	4
3011	5
3012	5
3013	5
19397	1
3014	3
3015	4
3016	6
3017	3
3018	4
3019	4
3020	2
3021	4
19405	1
3022	2
3023	4
3024	3
3025	6
3026	3
3028	4
3029	4
3030	4
3031	7
19416	1
3032	4
3033	6
3034	5
3035	1
3036	6
3037	4
3038	1
3039	5
3040	1
3041	2
3042	5
3043	2
3044	6
19428	1
3045	1
3046	3
3047	5
3048	5
3049	3
3050	4
3051	5
3052	2
3053	6
3054	6
3055	5
3056	4
3057	3
3058	3
3059	6
3060	3
3061	3
3062	3
3063	4
3064	5
3065	2
3066	2
3067	6
3068	4
19452	1
3069	6
3070	3
3071	2
3072	4
3073	10
3074	3
3075	8
3076	3
3077	7
3078	1
3079	4
3080	5
3081	5
3082	1
3083	2
3084	3
3085	4
3086	3
3087	6
3088	3
3089	5
3090	3
3091	3
3092	7
3093	3
3094	4
3095	2
3096	4
3097	2
3098	7
3099	6
3100	3
3101	5
3102	7
3103	4
3104	7
3105	3
3106	6
3107	2
3108	6
3109	2
3110	3
3111	6
3112	2
3113	3
3114	6
3115	2
19499	1
3116	2
3117	2
3118	5
3119	4
3120	2
3121	4
3122	6
3123	3
3124	4
3125	4
3126	6
3127	5
3128	4
3129	3
3130	3
3131	6
3132	2
3133	4
3134	4
3135	5
3136	4
3137	6
3138	4
3139	4
3140	3
3141	5
3142	3
3143	4
3144	5
3145	2
3146	4
3147	4
3148	4
3149	2
3150	6
3151	6
3152	3
3153	6
3154	6
3155	3
3156	6
3157	5
3158	4
3159	4
3160	3
3161	5
3162	4
3163	6
3164	3
3165	2
3166	5
3167	6
3168	5
3169	5
3170	1
3171	2
3172	3
19556	1
3173	5
3174	6
3175	2
3176	4
3177	3
3178	5
3179	2
3181	6
3182	3
3183	7
19567	1
3184	1
3185	6
3186	3
3187	5
3188	6
3189	5
3190	5
3191	5
3192	4
3193	3
3194	5
3195	6
3196	2
3197	2
3198	5
3199	6
3200	4
3201	8
3202	7
3203	1
3204	5
3205	3
3206	2
3207	8
3208	6
3209	4
3211	5
3212	3
3213	5
3214	3
3215	3
3216	4
3217	3
3218	1
3219	5
3220	7
3221	2
3222	1
3223	6
3224	2
3225	5
3226	5
3227	5
3228	2
3229	3
3230	4
3231	1
3232	3
3233	5
3234	5
3235	9
3236	4
3237	3
3238	5
3239	4
3240	3
3241	3
19625	1
3242	2
3243	4
3244	4
3245	2
3246	5
3247	5
3248	3
3249	6
3250	1
3251	5
19635	1
3252	6
3253	2
3254	2
3255	6
3256	3
3257	6
3258	3
3259	4
3260	7
3261	2
19645	1
3262	5
3263	3
3264	2
3265	4
3266	3
3267	7
3268	5
3269	4
3270	3
3271	10
3272	4
3273	4
3274	1
3275	2
3276	5
3277	3
3278	1
3279	4
3280	5
3281	8
3282	4
3283	5
3284	2
3285	2
3286	1
3287	3
3288	2
3289	4
3290	3
3291	6
3292	6
3293	3
19677	1
3294	4
3295	4
3296	4
3297	3
3298	5
3299	3
3300	3
3301	3
3302	2
3303	1
3304	4
3305	4
3306	2
3307	1
19691	1
3308	2
3309	1
3310	2
19694	1
3311	4
3312	5
3313	4
3314	4
3315	5
3316	2
3317	3
3318	4
3319	5
3320	6
3321	2
3322	1
3324	8
3325	5
3326	5
19711	1
3327	6
3328	4
3329	3
3330	4
3331	2
3332	3
19716	1
3333	3
3334	8
3335	3
3336	8
3337	2
3338	7
3339	2
3340	3
3341	7
3342	2
3343	1
3344	3
3345	3
3346	3
3347	5
3348	2
3350	4
3351	2
3352	5
3353	4
3354	3
19738	1
3355	5
3356	3
3357	5
3358	4
3359	4
3360	3
3361	5
3362	2
3363	2
3364	2
3365	4
3366	3
3367	7
3368	2
3369	5
19753	1
3370	2
3371	7
19755	1
3372	6
3373	4
3374	4
3375	7
3376	2
3377	5
3378	5
3379	3
3380	1
3381	3
3382	5
3383	2
3384	4
3385	2
3386	2
19770	1
3387	5
3388	3
3389	3
3390	2
3391	3
3392	2
3393	3
3394	3
3395	3
3396	1
3397	7
3398	1
19783	1
3399	1
3400	4
3401	1
3402	5
3403	3
3404	5
3405	3
3406	4
3407	4
3408	8
3409	5
3410	4
3411	2
3413	5
3414	7
3415	6
3416	6
19801	1
3417	1
3418	1
3419	3
3420	2
3421	3
3422	1
3423	3
3424	3
3425	7
3426	5
3427	3
3428	2
3429	4
3430	3
3431	4
3432	4
3433	6
3434	3
3435	2
3436	4
3437	4
19821	1
3438	2
3439	4
3440	2
19824	1
3441	7
3442	3
3443	2
3444	2
3445	4
3446	7
3447	1
3448	4
3449	8
3450	3
3451	5
3452	4
3453	2
3454	6
3455	3
3456	5
3457	2
3458	2
19842	1
3459	3
3460	1
3461	6
3462	9
3463	1
3464	5
3465	1
3466	5
3468	3
3469	4
3470	4
3471	2
3472	3
3473	3
3474	5
3475	1
3476	7
3477	11
3478	4
3479	4
3480	6
3481	3
3482	5
3483	2
3484	3
3485	3
3486	3
3487	4
19871	1
3488	4
3489	3
3490	7
19875	1
3491	4
3492	2
3493	9
3494	4
3495	5
3496	4
3497	4
3498	3
3499	2
3501	7
3502	6
3503	3
3504	3
3505	1
3506	3
3507	1
19892	1
3508	4
3509	4
3510	5
3511	1
3512	4
3513	6
3514	1
3515	4
3516	2
3517	1
3518	3
3519	3
3520	3
3521	3
3522	2
3523	1
3524	4
3525	2
3526	6
3527	1
3528	3
3529	3
3530	6
3531	1
3532	3
3533	4
3535	2
3536	2
19920	1
3537	1
3538	3
3539	5
3540	2
3541	6
3542	2
3543	5
3544	3
3545	4
3546	2
3547	2
3548	7
3549	3
3550	3
3551	2
3552	2
3553	2
3554	2
3555	4
3556	1
3557	6
3558	6
3559	5
3560	3
3561	3
3562	7
3563	1
3564	3
3565	3
3566	6
3567	3
3568	1
3569	3
3570	5
3571	4
3572	2
3573	7
3574	5
3575	1
3576	5
3577	2
3578	6
3579	2
3580	3
3581	5
3582	3
3583	1
19967	1
3584	2
3585	8
3586	1
3588	2
3589	4
3590	4
19974	1
3591	5
3592	3
3593	5
3594	4
19978	1
3595	4
3596	5
3597	7
19981	1
3598	4
3599	3
3600	2
3601	5
3602	5
3603	1
3604	5
3605	4
3606	5
3607	5
3608	7
3609	3
3610	4
3611	1
3612	1
3613	2
19997	1
3614	4
19998	1
3615	2
3616	2
3617	6
3618	3
3619	3
3621	3
3622	3
3624	3
3625	3
3626	3
20011	1
3627	1
3628	2
3629	3
20013	1
3630	6
3631	1
3632	2
3634	4
3635	3
3636	3
3638	5
3639	5
20023	1
3640	1
3641	4
3642	5
3643	3
3644	1
3645	7
3646	3
3647	4
3648	4
3649	3
3650	3
3651	7
3652	5
3653	3
3654	2
3655	4
3656	3
3657	2
3658	1
20043	1
3659	1
3660	9
3661	6
3662	3
3663	2
3664	4
3665	2
3666	4
3667	3
3668	4
3669	1
3670	6
3671	2
3672	2
3673	4
3674	1
3675	6
3676	3
3677	3
3678	6
3679	2
3680	2
3681	7
3682	5
3683	4
3684	3
3685	2
3686	4
3687	2
20071	1
3688	1
3689	1
3690	4
20074	1
3692	4
20076	1
3693	8
3694	3
3695	5
3696	5
3697	1
3698	1
3699	2
3700	1
3701	3
20085	2
3702	4
3703	3
3704	2
3705	2
3706	1
3707	4
3708	3
3709	1
3710	6
3711	6
3712	3
3713	3
3714	5
3715	6
3716	4
3717	1
3718	4
3719	7
3720	2
3721	3
3722	4
3723	4
3724	7
3725	3
3726	4
3727	6
3728	1
3729	2
3731	5
3732	2
3733	4
3734	2
3735	3
3736	3
3737	4
3739	5
3740	1
3741	2
3742	2
3743	4
3744	6
3745	4
3746	2
3747	2
3748	5
3749	2
3750	1
3751	1
3752	2
3753	2
3754	2
3755	5
20139	1
3756	3
3757	4
3758	8
3759	2
3760	4
3761	7
3762	1
3763	4
3764	6
3765	6
3766	3
3767	4
3768	2
3769	4
3770	5
3771	3
3772	2
3773	4
3774	3
3775	5
3776	3
3777	2
3778	4
3779	1
3780	1
3781	5
3782	5
3783	3
3784	1
3785	5
3786	3
3787	2
3788	3
3789	2
3790	1
3791	3
3792	5
3793	1
3794	2
3795	2
3796	5
3797	4
3798	3
3799	2
3800	1
3801	7
3802	1
3803	6
3804	2
3805	5
3806	3
3807	4
3808	4
3809	2
3810	1
3811	2
3812	2
3813	1
3814	6
3815	3
3816	5
3817	1
3818	1
3819	2
3820	1
3821	2
3822	2
3823	5
3824	2
3825	4
3826	4
3827	4
3828	4
3829	3
3830	6
3831	3
3832	1
3833	4
3834	2
3835	6
3836	2
3838	3
3839	2
3840	2
3841	6
3842	2
3843	3
3844	6
3845	1
3846	4
3847	4
3848	3
3849	4
3850	3
3851	6
3852	2
3853	3
3854	4
3855	3
3856	2
3857	3
3858	2
3859	2
3860	4
3861	3
3862	5
3863	5
3864	2
3865	1
3866	2
3867	1
3868	3
3869	1
3870	1
3871	1
3872	3
3873	3
3874	3
3875	4
3876	1
3877	3
3878	6
3879	3
20263	1
3880	3
3881	1
3882	3
3884	3
3885	1
3886	3
3887	3
3888	6
3889	3
3890	7
3892	3
3893	6
3894	7
3895	3
3896	3
20280	1
3897	2
3898	5
3899	5
3900	1
3901	2
3902	4
3903	3
3904	2
3905	5
3906	4
3907	3
3908	1
3909	6
3910	2
3911	7
3912	3
3913	1
3914	2
3915	3
3916	8
3917	6
3918	4
3919	2
3920	4
20304	1
3921	2
3922	3
3923	5
3924	3
3925	5
3926	2
3927	4
3928	1
20313	1
3930	2
3931	10
3932	7
3933	1
3934	1
3935	4
3936	1
3937	12
3938	3
3940	2
3941	6
3942	3
3943	2
3944	5
3945	2
3946	8
3947	4
20332	1
3948	2
3949	4
3950	2
3951	7
3952	1
3953	3
3954	5
3955	2
3956	3
3958	2
3959	2
3960	3
3961	4
3962	5
3964	3
3965	2
3966	4
3967	2
3968	1
3969	5
3970	6
3971	4
3972	1
3973	8
3974	4
3975	4
3976	4
3977	1
3978	4
3979	2
3980	5
3981	1
3982	1
3983	4
3984	5
3987	5
3988	5
3989	3
3990	3
3991	2
3992	4
3993	2
3994	2
3995	4
3996	2
3997	2
20381	1
3998	7
20382	1
3999	3
20383	1
4000	2
4001	1
4002	4
4003	2
4004	4
4005	4
4006	6
4007	3
4008	2
4009	5
4010	2
4011	5
4012	1
4013	2
4014	2
4015	1
4016	5
4017	5
4018	3
4019	5
4020	2
4021	3
4022	1
4023	5
4024	2
4025	3
4026	4
4027	4
4028	5
4029	1
4030	1
4031	2
4032	5
4033	2
4034	2
4035	6
4036	3
4037	4
4038	2
4039	1
4040	2
4041	4
4042	1
4043	2
4044	3
4045	5
4046	2
4047	1
4048	1
4050	2
4051	1
4053	3
4054	7
4055	1
20440	1
4056	1
4057	3
4058	5
4059	2
4060	4
4061	2
4062	4
4063	5
4064	2
4065	2
4066	2
4067	1
4068	1
4069	3
4070	3
4071	2
4072	3
4073	2
4074	1
4075	7
4076	2
4077	1
4078	4
4079	2
4080	3
4081	6
4082	3
4083	2
4084	1
4085	3
4086	1
4087	1
4088	3
4089	3
4090	3
4092	5
4093	3
4094	4
4095	3
4096	3
4097	5
4099	4
4100	3
4101	4
4102	2
4103	1
4104	1
4105	4
4106	6
4107	4
4108	6
4109	3
4110	2
4111	6
4112	3
4113	4
20497	1
4114	1
4115	1
4116	2
4117	4
4118	9
4119	3
4120	1
4121	1
4122	4
4123	2
4124	1
4125	3
4126	2
4127	5
4128	4
4129	3
4130	2
4131	1
4132	6
4133	2
4134	4
4135	3
4136	1
4137	1
4138	5
4139	1
4140	5
4141	6
4142	1
4143	5
4144	1
4145	2
4146	1
4147	3
4148	4
4149	6
4150	2
4151	1
4152	4
4153	1
4155	2
4156	2
4157	4
4158	2
4159	3
4160	5
4161	3
4162	1
4163	2
4164	4
4165	2
4166	3
4167	3
4168	2
4169	4
4170	2
4171	2
4172	3
4173	2
4174	4
4175	3
4176	2
4177	7
4178	4
4179	1
4180	3
4181	2
4182	2
4183	5
4184	5
4185	5
4186	2
4187	5
4188	4
4189	1
4190	4
4191	4
4192	1
4193	2
4194	5
4195	3
4196	4
4197	3
4198	6
4199	4
20584	1
4200	1
4201	7
4202	3
4203	3
4204	2
4205	3
4206	2
4207	4
4208	3
4209	3
4210	3
4211	3
4212	2
4213	1
4214	1
4215	2
4216	2
4217	4
4218	6
4219	2
4220	3
4221	1
4222	3
4223	2
4224	5
4225	4
4226	5
4227	1
4228	3
4230	5
4231	1
4232	1
4235	3
4236	3
4237	2
4238	2
4239	1
4241	2
4242	1
4243	3
4244	3
4245	2
20629	1
4246	3
4247	3
4248	1
4249	1
4251	7
4252	4
4253	1
4254	7
4255	2
4256	2
4257	3
4258	5
4259	1
4260	1
4261	1
4262	2
20646	1
4265	1
4266	5
4267	2
4268	5
4269	6
4270	3
4271	1
4272	1
4273	5
4274	5
4275	4
4276	2
4277	1
4278	5
4279	2
4280	3
4281	6
4282	3
4283	1
4284	1
4285	1
4286	1
4287	2
4288	1
4289	3
4290	4
4291	2
4292	3
4293	2
4295	5
4296	1
4297	2
4298	3
4299	1
4300	3
4301	1
4303	5
4304	4
4305	5
4306	5
4307	7
4308	1
4309	2
4310	3
4311	3
4313	1
4314	1
4315	4
4316	5
4317	4
4319	3
4320	3
4321	2
4322	3
4323	2
4324	7
4325	1
4326	2
4327	1
4328	3
4329	1
4330	2
4331	5
4332	4
4333	5
4334	5
4335	1
4336	2
4337	2
4338	1
4339	5
4340	2
4341	4
4342	2
4343	3
4344	3
4345	2
4346	2
4347	1
4348	2
4349	5
4350	2
4351	2
4352	2
4353	4
4354	5
4355	4
4356	2
4357	2
4358	5
4360	3
4361	5
4362	1
4363	1
4364	4
4365	3
20749	1
4366	3
4367	5
4368	4
4369	3
4370	1
4371	4
4372	4
4373	2
4374	1
4375	2
4376	2
4378	2
4381	4
4382	2
4383	3
4384	2
4385	4
4386	1
4387	3
4388	3
4389	2
4390	3
4391	1
4392	5
4393	1
4394	3
4395	4
4396	1
4397	4
4398	2
4399	3
20783	1
4400	3
4402	4
4403	3
4406	3
4407	4
4408	4
4409	3
4410	2
4411	2
4412	2
4413	2
4414	3
4415	4
4417	9
4418	2
4419	1
20803	1
4420	7
4421	4
4423	2
4424	4
4425	3
4426	4
4427	4
4428	4
4429	1
4430	7
4431	2
4432	5
20817	1
4433	2
4434	5
4435	5
4436	3
4437	6
4438	2
4439	3
4440	2
20824	1
4442	1
4443	4
4444	5
4445	5
4446	2
4447	2
4448	1
4449	5
4450	2
4451	1
20836	1
4452	5
4453	2
4454	3
4455	3
4456	4
4457	2
4458	3
4459	1
4460	2
4461	4
4463	5
4464	2
4465	3
4466	3
4467	5
4468	3
4469	3
4470	4
4472	3
4473	3
4474	2
4475	3
4476	1
4477	5
4479	3
4480	1
4481	5
4482	2
4483	5
4484	6
4485	4
4486	2
4488	3
4489	1
4490	3
4491	4
4492	2
4493	2
4494	4
4495	3
4496	4
4497	2
4498	4
4499	2
4501	1
4502	2
4503	5
4504	2
4505	2
4506	2
4507	2
20891	1
4508	2
4510	2
4511	2
4512	6
4513	3
4514	1
4515	2
4516	2
4517	1
4518	3
4519	3
4520	4
4521	4
4522	5
20906	1
4523	3
4524	1
4525	5
4526	3
4527	1
4528	4
4529	5
4530	3
4531	5
4532	6
4533	1
4534	1
4535	2
4536	2
4538	3
4539	5
4540	6
4541	1
4542	1
4543	3
4544	2
4546	2
4547	2
4548	3
4549	2
4550	1
4551	4
4552	2
4553	3
4554	3
4555	8
4556	5
4557	4
4558	2
4559	2
4560	2
4562	1
4563	1
4564	2
4565	2
4566	3
4567	4
20951	1
4568	4
4569	2
4570	2
4571	1
4572	1
4573	2
4574	8
4575	1
20959	1
4576	2
4577	4
4578	3
4579	1
4580	4
4581	4
4582	2
4583	1
4584	2
4586	3
4587	2
4588	3
4589	3
4590	4
4591	2
4592	3
4593	1
4594	6
4595	2
4596	3
4597	4
4598	1
4599	4
4600	4
4601	2
4602	3
20986	1
4603	2
4604	5
4605	2
4606	3
4607	5
4608	1
4609	2
4610	1
20995	1
4611	5
4612	1
4613	4
4614	4
4615	3
4616	3
4617	2
4618	1
4619	3
21003	1
4621	2
4622	2
4623	3
4624	6
4625	3
4626	2
4627	7
4628	7
4629	8
4630	8
4631	6
4632	5
4633	7
4634	6
4635	4
4636	6
4637	5
4638	5
4639	6
4640	1
4641	4
4642	1
4643	7
4644	2
4645	1
4646	4
4647	2
4648	1
4649	4
4650	7
4651	2
4653	1
4654	3
21038	1
4655	3
4656	4
4657	2
4658	4
4659	2
4660	3
4661	2
4662	2
4663	1
4665	2
4666	2
4667	3
4669	1
4670	6
4671	2
4672	3
4673	1
21057	1
4674	1
4675	4
4676	4
4677	3
4678	4
4679	4
4680	4
4681	2
4682	3
4683	4
4684	4
4685	2
4688	2
4689	3
4690	2
4691	3
21075	1
4692	3
4693	4
4694	1
4695	1
4696	1
4697	3
4698	1
4699	2
4700	2
4701	2
4702	2
4703	2
4704	2
4705	5
4706	1
4707	2
4708	2
4709	3
4710	3
4711	1
21095	1
4712	2
4713	1
4714	4
4715	3
4716	4
4717	3
4718	1
4720	5
4721	2
4722	3
4723	4
4724	2
4725	2
4726	1
4727	2
4728	5
4729	2
4730	1
4731	1
4732	5
4733	1
4734	2
4735	1
4736	2
4738	2
4739	3
4740	3
4741	3
21125	1
4742	1
4743	1
4744	5
4745	1
4746	2
4747	3
4748	2
4749	2
4750	1
4751	1
4752	4
4753	5
4754	1
4755	1
4756	2
4758	1
4759	2
4760	2
4761	3
4762	1
4763	3
4765	2
4766	6
4767	1
4768	2
4769	4
4770	3
4771	2
4772	2
4773	5
4774	2
4775	3
4776	2
4778	2
4779	2
4780	2
4781	1
4782	1
21166	1
4783	2
4784	2
4785	1
4786	3
4787	2
4788	3
4789	1
4790	3
21174	1
4791	1
4792	2
4793	2
4794	3
4795	3
4796	2
4797	6
4798	3
4800	2
4801	5
4802	1
4803	1
4804	1
4806	2
4807	1
4808	1
4809	2
4810	1
21194	1
4812	2
4813	3
4814	2
4815	1
4816	1
21201	1
4818	2
4819	2
4820	5
4821	2
4822	3
4823	2
4824	2
4825	2
4826	1
4827	4
4828	4
4829	2
4830	4
4831	2
4832	3
4834	2
4835	4
4836	2
4837	1
4838	1
4839	1
4840	3
4841	2
4842	2
21227	1
4843	2
4844	2
4845	4
4846	1
4847	2
4848	3
4849	4
4850	3
4852	3
4853	3
4854	1
4855	1
4856	4
21240	1
4857	4
4858	3
4859	2
4860	1
21244	1
4862	3
4863	1
4864	3
4865	4
4866	1
4868	2
4869	1
4870	2
4871	2
4872	4
4873	1
4874	3
4875	5
4876	4
4877	5
4878	2
21262	1
4879	1
4880	5
4882	4
4883	2
4884	6
4885	2
4886	5
4887	2
4888	2
4889	4
4890	1
4891	1
4893	2
4894	1
4895	4
4896	1
4897	1
4901	2
4902	1
4903	3
4904	2
4905	1
4906	2
4907	4
4908	6
4909	6
4910	1
4911	4
4912	2
4914	3
4917	3
4918	2
4919	4
4920	1
4921	1
4922	5
4923	1
4925	1
4926	3
4928	5
4929	1
4930	1
4931	2
4932	5
4933	1
4934	3
4935	5
4936	2
4937	2
4939	1
4940	2
4941	3
4942	1
4943	5
4944	4
4945	1
4946	2
4947	7
4948	7
4949	2
4950	1
4952	4
4953	3
4954	3
4955	4
4956	2
4957	1
4958	1
4959	1
4961	2
4962	1
4963	1
4964	2
4965	5
4966	1
4967	3
4968	1
4969	3
4970	1
4971	3
4972	1
4973	2
4974	2
4975	1
4976	6
4977	3
4979	2
4980	5
4981	3
4982	2
4983	1
4984	3
4985	1
4986	2
4987	1
4988	1
4989	3
4991	5
4992	2
4993	1
4994	5
4995	1
4996	6
4997	1
4998	1
4999	2
5000	1
5001	1
5002	4
5003	1
5004	3
5005	3
5006	1
5007	2
5008	1
21392	1
5009	6
5010	2
5011	1
5013	2
5014	3
5015	2
5016	5
5017	2
5018	2
5019	3
5021	1
5022	5
5023	2
5024	2
5025	5
5026	3
5027	3
5028	3
5029	2
5030	4
5031	1
5032	1
5033	1
5034	1
5035	3
5036	1
5037	2
5038	3
5039	1
5040	1
5041	4
5042	1
5043	1
5044	3
5045	2
5046	1
5047	2
5048	1
5050	1
5052	3
5053	5
5054	2
5056	1
5057	1
5058	1
5059	3
5061	4
5062	1
5063	2
5064	6
5065	4
5066	1
5067	1
5068	2
5069	1
5070	2
5071	1
5073	3
5074	2
5075	2
5076	4
5077	2
5078	3
5079	2
5080	4
5081	3
5082	2
5083	3
5084	3
5085	3
5086	1
5087	2
5088	3
5089	6
5091	5
5092	1
5093	2
5094	2
5095	2
5096	2
5097	2
5098	2
5099	1
5100	3
5101	2
5102	2
5103	4
5104	4
5105	2
5106	3
5107	1
5109	1
5110	1
5112	2
5113	1
5116	1
5117	4
5118	3
5119	1
5120	3
5121	3
5122	1
5123	2
5124	1
5125	4
5126	1
5127	2
5128	2
5129	4
5130	1
5131	1
5132	2
5133	2
5134	1
5135	3
5136	1
5137	1
5138	3
5141	1
5142	3
5143	1
5145	2
5146	5
5147	4
5148	2
5149	3
5150	3
5152	2
5153	1
5154	1
5155	5
5156	2
5157	2
5158	3
5159	4
5160	1
5161	3
5162	5
5164	3
5165	3
5166	2
21550	1
5167	1
5168	1
5169	4
5170	1
5171	1
5172	1
5173	3
5174	2
5175	6
5176	3
5177	3
5178	3
5179	1
5180	3
5181	4
21565	1
5182	2
5183	2
5184	4
5185	2
5186	5
5187	1
5188	1
5189	1
5190	1
5191	1
5193	1
5194	1
5195	2
5196	3
5197	2
5198	3
5199	1
5200	3
5201	1
5203	6
5204	1
5205	2
5206	5
5208	6
5209	1
5210	2
5211	1
5212	3
5213	1
5214	4
5215	4
5216	2
5217	3
5218	2
5219	5
5220	1
5222	3
5224	2
5225	1
5227	1
5228	3
5229	3
5231	2
5232	6
5233	1
5234	6
5235	4
5236	1
5237	2
5239	1
5240	2
21624	1
5241	3
21626	1
5243	1
5244	4
5245	1
5246	2
5247	3
5248	1
5249	2
5252	2
5253	3
5254	3
5255	3
5256	1
5257	2
5259	1
5260	1
5261	2
5262	1
5263	1
5264	2
5265	3
5266	2
5267	2
5268	5
5270	1
5271	1
5273	1
5274	2
5275	2
5276	3
5277	1
5278	1
5279	2
5280	3
5281	3
5282	6
5283	3
5285	1
5286	3
5287	1
5289	3
5290	2
5291	2
5294	4
5295	1
5297	2
5300	2
5301	3
5302	1
5303	3
5304	2
5306	1
5307	2
5308	3
5310	1
5311	2
5312	4
5313	1
5314	2
5315	1
5316	1
5319	1
5320	1
5322	1
5323	3
5325	4
5326	1
5327	2
5328	1
5329	1
5331	1
21715	1
5332	2
5333	1
5334	2
5335	2
5336	2
5338	3
5339	2
5340	1
5341	1
5342	1
5343	1
5344	2
21728	1
5345	5
5347	3
5349	3
5350	1
5351	1
5352	2
5353	2
5354	1
5356	4
5357	2
5359	3
5360	2
5361	1
5362	3
5363	4
5364	2
5365	1
5366	2
5370	1
5371	2
5372	4
5373	1
5374	5
5375	1
5376	1
5377	2
5378	2
5379	1
5380	1
5381	2
5383	2
5384	2
5385	3
5386	1
5387	3
5388	1
5389	2
5390	5
5391	1
5392	2
5393	1
5394	1
5396	1
5397	1
5398	1
5399	2
5400	1
5401	5
5402	1
5403	3
5404	3
5405	3
5407	2
5408	1
5410	2
5411	2
5412	2
5414	3
5415	5
5416	4
5417	2
5418	1
5419	2
5420	4
5421	1
5422	3
5424	1
5425	2
5426	4
21810	1
5427	2
5428	1
5429	4
5431	1
5432	2
5433	2
5434	4
5435	2
5436	1
5437	1
5438	1
5439	3
5440	2
5441	3
5442	2
5444	3
5445	5
5446	2
5448	2
5450	1
5452	2
5453	2
5454	2
5456	2
5457	3
5458	1
5460	1
5461	2
5462	3
5464	4
5465	1
5467	2
5468	2
5473	1
5474	1
5475	1
5476	1
5477	1
5478	3
5479	1
5480	2
5482	1
5483	6
5484	1
5485	3
5487	2
5488	1
5489	2
5490	3
5491	2
5492	1
5493	2
5494	2
5495	1
5496	2
5497	1
5498	2
5499	4
5500	1
5501	1
5502	1
5503	1
5504	3
5505	2
5506	2
5507	1
5508	4
5509	1
5510	2
5511	2
5512	3
5513	1
5514	3
5515	1
5516	3
5517	1
5518	2
5519	2
5520	1
5521	2
5522	2
5523	2
5524	1
5525	3
5526	1
5527	1
5528	1
5529	1
5531	2
5533	3
5534	3
5535	2
5536	4
5537	3
5538	3
5539	1
5540	2
5544	1
5545	1
5546	1
5547	2
5548	2
5549	1
5550	2
5552	1
5553	3
5555	1
5557	3
5558	1
5559	4
5560	2
5562	1
5563	1
5564	1
5565	2
5566	2
5570	1
5572	4
5573	1
5574	7
5575	1
5576	2
5578	3
5579	3
5580	1
5582	2
5583	1
5584	2
5585	3
5586	1
5587	2
5589	6
5590	5
5591	1
5592	3
5593	2
5594	1
5595	2
5596	1
5597	1
21982	1
5598	1
5599	1
5600	1
5601	3
5602	1
21987	1
5606	1
5607	2
5608	4
5610	1
5611	5
5612	1
5613	1
5614	2
5615	1
5616	1
5617	2
5618	2
5619	1
5620	3
5621	1
5625	2
5626	3
5627	2
5630	1
5631	1
5632	3
5633	2
5635	4
5636	2
5638	2
5639	4
5640	2
5641	2
5642	4
5643	3
5644	6
5645	1
5649	1
5650	1
5652	1
5653	1
5654	1
5656	1
5657	2
5658	1
5659	1
5660	1
5661	2
5662	1
5664	3
5665	2
5666	5
5667	1
5668	3
5670	2
5671	3
5672	2
5674	1
5675	3
5676	2
5679	2
5680	2
5681	2
5682	2
22067	1
5684	6
5685	2
5687	2
5688	2
5689	1
5690	1
5691	2
5692	3
5694	5
5696	2
5698	3
5699	4
5700	1
5701	2
5702	1
5703	2
5704	2
5705	1
5706	4
5708	2
5709	3
5710	2
5711	2
5712	3
5713	1
5715	2
5716	1
5717	2
5718	2
5719	1
5721	1
5722	2
5724	2
5725	1
5726	1
5727	2
5728	2
22112	1
5729	2
5730	3
5733	2
5734	2
5735	4
5736	2
5737	2
5738	1
5740	3
5741	2
5742	2
5745	1
5746	3
5747	2
5748	2
5750	1
5752	3
5753	2
5754	2
5755	4
5756	1
5757	1
5758	2
5760	3
5761	2
5762	1
5763	4
5764	3
5765	3
5767	4
5769	1
5771	1
5772	1
5773	2
5774	1
5775	2
5776	1
5777	1
5778	2
5779	2
5780	1
5782	2
5783	3
5784	4
5786	2
5787	1
5788	2
5789	2
5790	1
5791	2
5792	1
5793	2
5796	2
5797	3
5798	2
5799	1
5800	3
5801	3
5802	1
5803	1
5804	1
5805	1
5806	4
5807	4
5808	1
5812	2
5814	3
5815	2
5817	1
5818	1
5819	2
5820	3
5822	2
5823	3
5825	1
5826	2
5829	1
5830	1
5831	2
5833	3
5834	1
5835	1
5836	2
5838	3
5839	4
5840	1
5841	1
5842	1
5843	3
5844	2
5845	2
5846	1
5847	2
5848	1
5849	2
5852	3
5853	3
5855	3
5856	3
5857	2
5858	3
5859	2
5860	3
5861	1
5862	2
5863	1
5864	3
5865	1
5867	2
5868	2
5869	2
5871	4
5873	2
5874	3
5875	2
5876	2
5879	2
5882	3
5883	5
5884	2
22268	1
5885	5
5886	2
5888	3
5889	1
5890	2
5891	3
5892	2
5894	1
5895	2
5896	2
5897	1
5900	1
5901	2
5902	2
5903	2
5904	1
5906	2
5909	1
5910	2
5911	1
5912	2
5913	2
5914	2
5915	2
5916	4
5917	3
5918	1
5919	1
5920	1
5921	3
5922	5
5923	2
5924	2
5926	2
5927	3
5929	1
5931	1
5932	1
5933	3
5934	1
5935	3
5936	3
5937	1
5938	1
5939	3
5940	2
5941	1
5942	1
5944	2
5946	2
5948	1
5949	3
5950	1
5951	1
5952	2
5955	2
5958	1
5959	3
5960	3
5961	1
5963	2
5964	2
5965	1
5966	1
5968	2
5969	4
5970	1
5971	2
5972	3
5974	5
5975	1
5976	1
5978	1
5979	4
5980	1
22364	1
5981	2
5982	1
5983	1
5984	1
5985	1
5986	2
5987	1
5988	1
5989	3
5991	3
5992	2
5993	4
5994	1
5995	2
5996	2
5997	2
5998	3
5999	2
6000	2
6002	3
6003	3
6005	2
6006	2
6007	1
6008	1
6009	2
6010	3
6011	2
6012	3
6013	1
6014	3
6015	1
6016	1
6019	4
6021	2
6022	3
6023	1
6024	1
6025	2
6026	1
6027	1
6028	1
6030	2
6031	1
6033	2
6034	1
6035	1
6036	2
6037	3
6038	1
6041	1
6042	1
6044	2
6046	1
6047	1
6048	3
6049	2
6050	3
6051	1
6052	4
6054	2
6055	1
6056	2
6058	2
6059	2
6060	1
6061	1
6062	3
6063	1
6064	2
6066	1
6067	3
6068	2
6069	2
6071	1
6072	1
6073	1
6074	2
6075	3
6076	1
6077	1
6080	1
6081	3
6082	3
6084	2
6085	8
6086	4
6087	1
6088	1
6090	1
6091	1
6092	1
6095	2
6098	2
6100	1
6101	2
6102	1
6103	3
6104	1
6107	1
6108	1
6109	3
6110	2
6112	3
6113	1
6114	5
6115	3
6116	3
6117	1
6118	2
6119	1
6120	2
6122	2
6124	1
6125	2
6126	1
6127	2
6128	4
6129	2
6130	1
6131	1
6133	2
6134	2
6135	1
6137	1
6138	2
6139	1
6140	3
6141	2
6142	4
6143	2
6144	1
6145	2
6147	1
6148	1
6149	4
6150	2
6151	1
6152	2
6153	1
6154	1
6155	1
6156	3
6157	1
6158	2
6160	2
6162	1
6164	2
6165	2
6166	1
6168	1
6169	3
6170	2
6171	4
6172	1
6173	1
6174	5
6175	4
6176	1
6177	1
6179	1
6181	1
6182	1
6183	2
6185	1
6187	1
6188	1
6189	2
6190	1
6192	1
6193	1
6194	2
6195	1
6196	2
6197	2
6198	2
6199	1
6201	1
6202	3
6203	4
22587	1
6206	1
6208	1
6209	1
6211	2
6212	1
6213	1
6214	1
6215	2
6216	2
6220	1
6221	3
6222	2
6223	4
6224	1
6225	1
6226	1
6227	1
6228	3
6230	1
6232	1
6234	1
6235	2
6236	2
6237	1
6238	2
6239	1
6240	2
6242	1
6244	1
6245	1
6246	1
6248	1
6249	1
6250	2
6251	1
6252	2
6254	2
6255	1
22641	1
6259	1
6260	1
6262	3
6263	3
6264	1
6265	2
6266	1
6268	2
6269	2
6270	1
6271	1
6272	1
6273	1
6274	2
6275	1
6276	1
6277	1
6278	2
6279	1
6282	1
6283	3
6285	1
6286	1
6288	2
6290	1
6291	1
6293	1
6295	1
6297	1
6298	1
6299	2
6300	1
6301	1
6302	1
6304	1
6305	2
6306	2
6307	2
6308	1
6310	1
6312	1
6313	1
6314	3
6315	2
6316	1
6319	2
6323	3
6325	1
6327	1
6328	1
6329	1
6330	1
6331	1
6332	1
6333	2
6334	1
6335	1
6336	3
6338	3
6339	1
6340	1
6342	2
6343	1
6345	2
6347	2
6349	3
6351	1
6352	1
6353	1
6354	1
6355	1
6357	1
6358	1
22742	1
6359	2
6360	2
6361	1
6362	4
6363	3
6364	1
6366	2
6367	1
6372	1
6374	1
6375	2
6376	3
6377	1
6379	1
6380	1
6381	1
6382	2
6383	1
6384	2
6386	3
6387	2
6388	1
6391	1
6393	2
6395	4
6396	3
6397	2
6398	2
6399	3
6402	1
6405	2
6406	2
6407	1
6408	1
6413	1
6414	1
6415	1
6418	1
6419	4
6420	2
6422	1
6423	2
6427	1
6429	2
6430	4
6431	1
6432	2
6433	2
6435	2
6436	1
6437	2
6438	1
6439	1
6441	4
6443	1
6444	2
6447	2
6449	1
6451	4
6452	1
6453	1
6454	2
6455	2
6456	1
6460	1
6461	1
6462	1
6464	1
6465	2
6466	2
6469	3
6473	1
6474	2
6475	1
6476	1
6477	2
6478	4
6479	1
6482	1
6484	1
6485	3
6488	1
6489	1
6491	1
6492	2
6493	2
6496	2
22881	1
6497	1
6498	1
6500	1
6501	1
6504	2
6505	1
6506	3
6507	2
6508	3
6509	1
6510	2
6511	1
6512	1
6513	1
6515	1
6516	3
6517	1
6519	2
6521	3
6522	1
6524	1
6525	2
6526	1
6527	2
6528	1
6530	1
6531	1
6533	1
22919	1
6536	2
6538	2
6539	2
6541	1
6542	1
6543	2
6544	1
6546	1
6548	1
6549	3
6550	1
6551	1
6552	4
6553	1
6555	2
6556	1
6557	4
6561	5
6564	1
6566	1
6567	3
6569	1
6570	1
6572	1
6574	1
6576	1
6579	1
6580	1
22964	1
6581	2
6584	1
6585	1
6586	2
6587	2
22972	1
6589	3
6591	3
6592	3
6594	1
6595	1
6596	1
6598	1
6601	2
6602	1
6603	3
6605	1
22990	1
6608	1
6611	1
6612	2
6614	3
6615	1
6618	1
6619	2
6620	1
6622	1
6623	1
6626	3
6628	2
6629	3
6630	1
6633	1
6635	1
6637	1
6638	1
6639	2
6641	1
6642	1
6644	1
6645	2
6646	2
6648	1
6649	1
6652	1
6657	1
6659	4
6662	1
6663	3
6664	1
6665	2
6666	1
6668	1
6669	1
6670	3
6671	3
6672	1
6674	1
6675	1
6677	2
6678	1
6680	2
6681	1
6682	1
6688	1
6690	1
6691	3
6693	3
6694	1
6695	1
6698	1
6699	1
6700	1
6702	1
6707	2
6708	1
6709	2
6710	3
6713	2
6716	1
6718	2
6719	1
6722	1
6723	1
6724	1
6726	2
6727	2
6729	1
6730	1
6732	2
6733	1
6738	2
6739	3
6742	1
6743	3
6744	1
6745	1
6748	1
6751	1
6752	1
6753	2
6755	1
6758	1
6759	2
6761	1
6762	1
6765	3
6767	1
6769	1
6770	1
6771	2
6775	3
6777	1
6779	1
6780	1
6782	1
6783	1
6784	2
6786	2
6788	3
6789	1
6790	2
6791	2
6792	1
23176	1
6794	1
6795	1
6796	1
6797	1
6799	1
6801	1
6802	2
6804	1
6806	1
6809	2
6810	1
6811	4
6813	1
6815	1
6816	2
6820	3
6821	1
6823	1
6824	1
6825	1
6828	2
6832	2
6833	3
6835	2
6836	1
6838	2
6843	1
6845	2
6846	1
6848	1
6849	2
6851	2
6852	3
6853	1
6854	1
6856	1
6857	1
6858	2
6859	1
6861	2
6862	1
6864	1
6866	1
6869	1
6873	2
6874	1
6876	1
6878	1
6879	4
6880	1
6881	1
6882	2
6884	2
6888	3
6890	1
6891	1
6893	2
6894	1
6895	2
6897	2
6898	3
6899	1
23288	1
6905	1
6906	2
6907	1
6908	1
6910	1
6911	1
6912	2
6913	2
6915	1
6918	1
6921	2
6924	2
6925	1
6926	2
6930	2
6933	3
6934	1
6937	1
6940	1
6941	1
6943	2
6944	1
6945	2
6947	2
6948	1
6949	1
6952	1
6954	1
6956	1
6957	1
6962	3
6963	2
6965	1
6970	1
6972	2
6973	3
6975	1
6976	1
6977	1
6978	3
6979	1
6980	1
6983	1
6984	3
6986	1
6987	2
6989	1
6990	2
6991	2
6994	1
6995	1
6997	1
7000	3
7004	3
7007	2
7008	1
7010	1
7012	1
7014	1
7016	1
7017	1
7018	2
7019	2
7020	1
7023	1
7026	1
7027	1
7030	1
7034	2
7035	2
7038	1
7039	2
7040	1
7041	2
7044	3
7046	1
7049	2
7052	1
7057	1
7058	1
7060	1
7062	2
7063	1
7064	2
7066	2
7068	1
7070	1
7072	3
7075	2
7076	1
7078	1
7079	3
7082	1
7084	2
7088	1
7090	1
7098	2
7099	3
7100	2
7101	2
7102	1
7103	2
7104	4
7105	1
7109	1
7110	1
7115	1
7118	2
7119	1
7122	1
7125	1
7129	1
7130	2
7133	4
7136	2
7138	2
7139	2
7141	1
7142	2
7144	2
7145	1
7146	1
7147	2
7148	1
7153	1
7156	2
7159	2
7161	1
7162	1
7163	1
7166	1
7167	1
7168	1
7170	3
7172	1
7173	2
7174	1
7176	1
7177	1
7178	1
7179	1
7180	1
7182	2
7184	1
7186	1
7187	1
7188	1
7189	1
7190	1
7191	1
7193	3
7194	1
7196	1
23581	1
7198	2
7199	2
7203	1
7205	1
7206	2
7207	1
7208	1
7209	1
7210	1
7211	1
7212	2
7213	1
7214	1
7217	2
7220	1
7221	2
7223	1
7225	3
7227	2
7230	1
7231	2
7232	1
7233	1
7234	1
7235	1
7237	1
7240	2
7242	1
7243	1
7244	1
7246	1
7248	1
7249	2
7250	1
7253	2
7255	1
7256	2
7259	4
7263	1
7264	1
7270	1
7271	3
7272	2
7274	2
7277	1
7281	1
7282	1
7284	1
7286	4
7290	1
7295	2
7297	1
7301	1
7303	1
7304	1
7305	2
7306	1
7309	3
7310	1
7311	1
7315	4
7316	2
7317	1
7319	2
7320	3
7323	1
7324	1
7325	1
7326	1
7327	2
7330	1
7331	1
7334	2
7338	1
7339	2
23726	1
23727	2
23729	1
23730	1
7346	1
23731	1
7348	1
23732	1
23733	1
23734	1
23735	1
7352	1
23736	1
7353	3
7354	1
7355	1
7356	1
7358	1
7359	1
7361	1
7362	1
7364	3
7366	1
23750	1
7370	1
7373	1
7375	1
7377	1
7378	3
7380	1
7382	3
7384	2
7385	3
23770	1
7386	1
7388	1
23772	1
23776	1
7393	1
7394	1
7395	1
23779	1
7397	1
7400	2
23785	1
7403	1
7406	1
7408	2
23793	1
7411	1
7412	1
7413	2
23798	1
7414	1
7418	2
7419	1
7420	1
23806	1
7423	1
7424	2
7425	1
7426	2
7427	1
7428	1
7429	1
7430	1
7431	1
7432	1
7433	1
7434	1
7438	1
7439	1
23825	1
23826	1
7444	3
7445	2
7446	2
7447	1
23831	1
23832	1
7449	1
23833	1
23834	1
7451	1
23835	1
23836	1
23837	1
23838	2
7454	1
7455	2
23839	1
7456	1
23840	1
23841	1
23842	1
7458	1
23843	1
23844	1
7461	2
23845	1
23846	1
23847	1
7467	2
7469	1
7474	1
7475	1
23864	1
7483	1
23867	1
7484	1
7486	1
7488	1
7490	4
7492	1
7496	1
7498	1
23884	1
7500	1
7503	1
7504	1
23894	1
7510	1
7511	1
7513	1
7514	2
7516	1
7517	1
7518	2
7519	1
7520	1
7521	1
7522	2
7526	2
7527	2
7528	1
7529	1
7530	1
23918	1
7535	1
23919	1
7537	1
7540	2
7543	1
7547	2
7548	2
7549	1
23934	1
7552	1
7558	1
7561	2
7562	1
7563	1
7565	2
7566	1
7573	3
23959	1
7579	1
23967	1
7585	1
7586	1
7588	4
7590	2
7591	1
23976	1
7592	1
7596	1
7599	2
7602	1
7604	1
7605	1
7606	2
7608	1
7609	2
7611	3
7613	2
7618	1
7621	2
7623	1
7625	1
7628	1
7631	1
7638	1
7639	1
7641	1
7643	1
7647	3
7649	1
7655	2
7658	2
7659	1
7662	1
7663	1
7666	1
7667	1
7668	1
7671	1
7673	1
7677	1
7678	1
7680	1
24065	1
7683	2
7685	1
7687	2
7689	2
7690	1
7694	2
7695	1
7696	1
7697	2
7698	1
24082	1
7699	1
7701	1
24089	1
7705	1
7706	2
7708	1
7710	1
7711	1
7713	2
7714	3
7717	1
7718	1
7721	1
7723	1
7724	1
7725	1
7726	1
7730	1
7733	3
7734	1
7739	1
7741	2
7743	1
7744	1
7745	1
7746	1
7748	2
7749	2
7752	2
7754	1
24138	1
7755	1
7757	1
7758	2
7762	1
24147	1
7765	1
7766	3
7767	1
7768	1
7769	1
7770	2
7771	4
7772	2
24156	1
7774	2
7780	1
7781	1
7783	1
7785	1
7786	1
7791	1
7794	2
7795	1
7801	1
7802	1
7803	1
7806	1
24191	1
7809	1
7810	1
7813	1
7814	2
7816	1
7817	2
7820	1
7821	2
24205	1
7822	3
7827	1
7834	1
7838	3
7843	1
7844	1
7846	1
7848	1
7851	1
7855	1
7857	1
7858	1
7860	1
7862	2
7863	1
7865	1
7866	2
7868	3
7870	1
7876	1
7877	2
7879	1
7880	2
7882	2
7883	1
7885	1
7886	1
7888	2
7892	1
7893	1
7895	1
7900	1
7903	1
7909	2
7911	1
7913	1
7917	1
7919	1
7921	2
7924	1
7926	1
7930	2
7933	2
7934	2
7936	1
7941	1
7942	1
7946	2
7947	1
7948	1
7949	1
7956	2
7959	1
7962	1
7969	1
7970	1
7971	1
7976	1
7978	1
7980	1
7989	1
7991	1
7994	1
7996	1
7998	1
7999	2
8001	1
8008	1
8009	1
8011	1
24397	1
8013	1
8016	3
8021	2
8022	1
8025	1
8027	1
8033	1
24419	1
8039	2
8040	1
8044	1
8045	1
8047	1
8049	1
8050	2
8051	2
8054	1
8059	1
8060	2
8063	1
8064	1
8065	4
8073	1
8076	1
8078	1
8080	2
24466	1
8087	1
8090	1
8091	1
8092	1
8094	1
8096	1
8099	1
8102	1
8104	1
8106	1
8107	1
8110	1
8111	1
8114	1
8117	2
8119	1
8121	1
8125	1
8136	1
8137	1
8139	1
8140	1
8144	1
8145	2
8147	1
8149	1
8150	1
8152	1
8153	1
8154	1
8156	2
8157	3
8158	2
8163	1
8169	1
8172	1
8177	1
8178	1
8180	1
8181	1
8183	1
24567	1
8186	1
8187	1
24572	1
8189	1
8191	1
8193	1
8194	2
8195	1
8198	1
8200	1
8203	1
8204	1
8207	2
8211	1
8212	1
8217	1
8223	1
8225	1
8228	1
8231	1
8232	1
8233	1
8234	3
8238	1
8239	1
8240	2
8242	2
8243	1
8245	1
8248	2
8252	2
8255	2
8259	1
8260	1
8261	1
8262	2
8263	1
8266	1
8269	1
8271	3
8272	1
8274	1
8279	1
8285	1
8291	2
8292	1
8295	1
8296	1
8303	2
8304	1
8307	2
8308	1
8311	1
24697	1
8314	1
8318	2
8321	1
8327	2
24713	1
8330	1
8333	2
8335	1
8337	1
8342	2
8346	1
8347	1
8352	2
8353	2
8355	2
8360	1
8361	1
8363	1
8364	1
8367	1
8368	1
8371	1
8372	1
8375	1
8379	1
8381	2
8382	1
8383	1
8387	1
8388	1
8390	1
8391	1
8393	1
8394	2
8399	1
8401	2
8402	1
8404	1
8407	1
8414	1
8420	2
8421	1
8422	1
8433	1
8435	1
8441	1
8444	1
8445	1
8448	1
8456	2
8460	1
8461	1
8468	1
8473	1
8474	1
8476	1
8478	1
8480	2
8482	3
8486	2
8487	1
8489	1
8490	1
8498	1
8500	1
8501	1
8505	1
8509	1
8522	1
8523	1
8526	1
8530	1
8532	1
8533	1
8537	1
8541	1
8543	1
8544	2
8550	1
8551	1
8554	1
8559	1
8562	1
24948	1
8564	1
8566	1
8571	2
24955	1
8572	1
8574	1
8576	1
8577	1
8579	1
8589	1
8591	1
8593	1
8594	3
8595	3
8597	3
8599	3
8600	2
8606	1
8608	1
8610	1
8613	1
8615	1
8617	1
8618	1
8619	1
8622	1
8625	1
25018	1
8638	2
8644	2
8645	2
8646	1
8649	1
8664	1
8666	2
8672	1
8674	1
8678	3
8679	1
8683	1
8684	1
8685	1
8688	1
8690	1
8695	1
8697	1
8699	1
8700	1
8702	1
8703	1
8711	1
8713	1
8719	1
8720	2
8724	1
8728	1
8732	1
8733	1
8734	1
8738	1
8739	1
8743	1
8744	2
8745	1
8746	1
8747	1
8751	1
8752	1
8758	1
8759	1
8760	2
8763	1
8764	1
8768	1
8770	2
8771	1
8773	1
8775	1
8776	1
8779	1
8781	1
8782	1
8785	2
8793	1
8795	1
8800	1
8806	1
8811	1
8819	2
8823	1
8824	2
8827	1
8830	1
8836	1
8837	1
8838	1
8840	1
8848	2
8849	1
8850	1
8854	1
8862	2
25246	1
8863	2
8865	1
8870	1
8873	1
8877	1
8879	2
8880	1
8885	1
8892	1
8894	1
8898	2
8900	1
8906	1
8908	2
8910	1
8917	2
8920	1
8927	1
8936	1
8940	1
8951	1
8961	1
8966	1
8967	1
8968	1
8980	1
8984	1
8985	3
8988	1
8991	1
8994	1
8995	2
9001	2
9010	1
9011	1
9013	1
9015	1
9022	1
9023	1
9027	1
9035	1
9036	2
9041	1
9043	2
9044	1
9045	1
9048	1
9049	1
9051	1
9056	2
9058	1
9059	1
9060	1
9061	1
9065	1
9067	2
9068	2
9071	2
9077	1
9078	1
9079	1
9080	1
9081	1
9083	1
9085	1
9089	1
9090	1
9092	1
9093	1
9094	1
9097	1
25484	1
9105	1
9111	2
9114	1
9115	1
9118	1
9129	1
9131	1
9132	1
9136	1
9138	1
9141	1
9142	1
9149	1
9150	1
9171	1
9173	1
9177	1
9179	2
9181	1
9182	1
9189	2
9193	2
9194	2
9200	1
9203	1
9212	1
9215	1
9219	1
9221	1
9225	1
9228	1
9231	1
9232	1
9236	1
9242	2
9243	1
9245	1
9248	1
9253	1
9256	1
9257	1
9262	1
9265	1
9267	1
9273	1
9279	1
9281	3
9289	1
9292	1
9295	1
9297	1
9299	1
9307	1
9311	1
9312	1
9317	1
9318	1
9319	1
9321	1
9323	1
9330	1
9331	1
9334	1
9338	1
25722	1
9341	1
25725	1
9343	1
9345	1
9346	1
9348	1
9350	1
9356	1
9357	1
9362	1
9365	1
9366	1
9368	1
9369	1
9376	1
9377	1
9381	1
9382	3
25768	1
9389	1
9391	1
9393	1
9394	1
9395	1
9401	1
9403	1
9413	1
9415	2
9429	1
9435	1
9437	1
9438	1
9446	2
9447	1
9455	1
9456	1
9461	1
9465	1
9476	1
9477	1
9478	1
9481	2
9489	1
9490	2
9496	1
9499	1
9500	2
9502	2
9504	1
9506	1
9513	2
9515	1
9519	1
9525	1
9530	1
9541	1
9560	1
9571	1
9573	1
9577	1
9579	1
9580	1
9590	1
9600	2
9609	1
9615	1
9619	1
9620	1
9623	1
9624	1
9628	1
9629	1
9630	1
9631	1
9644	1
9652	1
9660	1
9661	1
9664	1
9665	1
9669	1
9672	2
9678	2
9679	1
9680	1
9689	1
9696	1
9704	1
9707	1
9709	1
9719	1
9722	1
9725	1
9726	1
9727	1
9738	1
9739	2
9741	1
9748	2
9750	2
9753	1
9754	1
9759	1
9765	1
9772	1
9774	1
9775	1
9783	1
9784	1
9787	1
9789	1
9791	1
9793	1
9800	1
9805	1
9814	1
9817	1
9819	2
9828	1
9830	3
9831	1
9834	1
9839	1
9845	1
9848	1
9852	1
9858	2
9861	1
9866	1
9868	1
9874	1
9875	1
9883	1
9889	3
9899	1
9902	2
9903	1
9923	1
9928	1
9929	1
9930	1
9931	1
9934	1
9935	1
9942	1
9952	1
9954	1
9966	1
9967	1
9970	1
9975	1
9980	1
10003	1
10008	1
10020	1
10039	1
10040	1
10044	1
10050	1
10051	2
10052	1
10056	1
10060	1
10067	1
10070	1
10076	1
10083	1
10086	1
10089	1
10093	1
10106	1
10111	1
10116	1
10134	1
10149	1
10155	1
10158	1
10160	1
10165	1
10169	2
10170	1
10171	2
10177	1
10179	1
10194	1
10195	1
10205	1
10206	1
10212	1
10215	1
10222	1
10224	1
10225	1
10227	1
10229	1
10237	1
10260	1
10262	1
10273	2
10278	1
10290	1
10299	1
10300	1
10303	1
10306	1
10312	2
10317	1
10321	1
10329	1
10330	1
10331	1
10337	1
10341	1
10347	1
10348	1
10350	1
10354	1
10356	1
10363	1
10367	1
10370	1
10378	1
10385	1
10413	1
10418	1
10420	1
10423	1
10424	1
10435	1
10439	1
10442	1
10445	1
10447	1
10465	1
10466	1
10471	1
10472	1
10480	1
10488	1
10494	1
10498	1
10500	1
10506	1
10515	1
10549	2
10552	1
10556	2
10560	1
10570	1
10576	1
10581	1
10582	1
10583	1
10589	1
10592	1
10596	1
10605	1
10606	1
10607	1
10612	1
10613	1
10614	1
10620	1
10622	1
10623	1
10624	1
10631	1
10634	1
10635	1
10636	1
10639	1
10652	1
10653	1
10657	1
10662	1
10663	1
10665	3
10669	1
10670	2
10671	1
10680	1
10683	1
10684	1
10689	2
10690	1
10692	1
10698	1
10700	1
10701	1
10704	1
10706	1
10709	1
10712	1
10715	1
10716	1
10717	1
10718	1
10723	1
10726	1
10728	1
10729	1
10739	1
10748	1
10751	1
10754	1
10756	2
10758	1
10761	1
10762	1
10764	2
10765	1
10769	1
10775	1
10777	1
10778	1
10780	2
10787	1
10791	1
10796	1
10812	1
10824	1
10838	1
10850	1
10854	1
10864	1
10868	1
10872	1
10874	1
10875	1
10877	1
10885	1
10892	1
10903	1
10912	1
10920	1
10921	1
10922	3
10939	1
10944	1
10947	1
10955	1
10960	1
10963	1
10966	1
10970	1
10977	1
10986	3
10988	1
10993	2
10995	2
11000	1
11002	1
11014	1
11027	1
11030	1
11040	1
11043	1
11049	2
11055	1
11063	1
11065	1
11074	1
11094	1
11114	1
11134	1
11135	1
11139	1
11143	1
11151	1
11171	1
11177	1
11183	1
11184	1
11195	1
11197	1
11199	2
11204	1
11205	1
11218	1
11221	1
11234	1
11250	1
11258	1
11274	1
11280	2
11287	1
11288	1
11309	1
11311	1
11318	1
11327	1
11328	1
11329	1
11336	1
11342	1
11355	1
11363	1
11368	1
11369	1
11371	1
11375	1
11396	1
11400	1
11402	1
11408	1
11410	1
11424	1
11431	2
11432	1
11435	1
11441	2
11443	1
11458	1
11472	1
11474	1
11483	1
11488	1
11491	1
11492	1
11498	1
11500	1
11511	1
11513	1
11515	1
11518	1
11519	1
11530	1
11543	1
11545	1
11548	1
11556	1
11559	1
11560	1
11574	1
11576	1
11591	2
11607	1
11608	1
11609	1
11611	1
11620	1
11631	1
11634	1
11635	1
11641	1
11657	1
11659	1
11662	1
11666	1
11667	1
11673	1
11674	1
11677	2
11686	1
11697	1
11698	1
11699	1
11700	1
11707	1
11709	1
11712	1
11717	1
11728	1
11739	1
11744	1
11752	1
11753	1
11761	1
11769	1
11782	1
11791	1
11806	1
11812	1
11815	1
11817	1
11828	1
11830	1
11831	1
11881	1
11884	1
11887	1
11889	1
11891	1
11893	1
11908	2
11910	1
11912	1
11913	1
11915	1
11921	2
11923	1
11931	2
11956	1
11976	1
11990	1
12000	1
12006	1
12018	1
12032	1
12033	1
12042	1
12049	1
12054	2
12055	1
12069	1
12073	1
12081	1
12084	1
12087	1
12104	1
12117	1
12120	1
12122	1
12127	1
12154	1
12159	1
12160	2
12162	1
12166	1
12171	1
12172	1
12176	1
12178	1
12190	1
12196	1
12204	1
12207	1
12228	1
12232	1
12235	1
12243	1
12244	1
12248	1
12256	1
12262	2
12273	1
12279	1
12281	1
12282	1
12299	1
12307	1
12320	1
12324	1
12333	1
12334	1
12338	1
12341	1
12347	1
12350	1
12352	1
12355	1
12358	2
12361	2
12371	1
12380	1
12394	1
12397	1
12402	1
12411	2
12423	1
12426	1
12435	1
12440	1
12441	2
12442	1
12443	1
12446	1
12455	1
12464	2
12470	1
12474	1
12480	1
12482	1
12488	1
12502	1
12539	2
12540	1
12552	1
12553	1
12559	1
12560	1
12583	1
12586	1
12595	1
12598	1
12600	1
12606	1
12607	1
12612	1
12613	1
12620	1
12621	1
12623	1
12624	1
12625	2
12629	1
12634	1
12636	1
12639	1
12643	1
12645	1
12653	3
12657	1
12659	1
12660	1
12666	1
12673	1
12677	1
12693	1
12695	1
12701	1
12716	1
12717	1
12719	1
12729	1
12734	1
12757	1
12778	1
12785	1
12795	1
12801	1
12816	1
12819	1
12820	1
12833	1
12835	1
12850	1
12858	1
12859	1
12860	1
12861	1
12874	1
12876	1
12892	1
12901	1
12906	1
12916	1
12918	1
12946	1
12963	1
12965	1
12968	1
12981	1
12996	1
12998	1
13002	1
13007	1
13011	1
13014	1
13015	1
13018	1
13034	1
13038	1
13050	1
13062	1
13068	2
13072	2
13073	2
13074	1
13078	1
13084	1
13085	1
13087	1
13089	1
13090	1
13094	1
13111	2
13124	1
13126	1
13134	1
13141	1
13148	1
13166	1
13168	1
13169	1
13171	1
13180	1
13182	1
13183	1
13192	1
13197	1
13213	1
13214	1
13227	1
13235	1
13237	1
13240	1
13254	1
13255	1
13262	1
13272	1
13275	1
13281	1
13285	1
13289	1
13297	1
13298	1
13311	1
13339	1
13360	1
13374	1
13384	1
13392	1
13405	1
13436	1
13444	1
13462	1
13486	1
13506	1
13511	2
13520	1
13522	1
13531	2
13537	1
13540	1
13544	1
13554	1
13555	1
13561	1
13573	1
13580	1
13586	1
13600	1
13610	1
13619	2
13634	1
13643	1
13652	1
13677	1
13680	1
13702	2
13713	1
13742	2
13744	1
13748	1
13750	1
13751	1
13753	1
13766	1
13774	1
13801	1
13806	1
13820	1
13830	1
13831	1
13834	1
13842	1
13844	1
13848	1
13850	1
13855	1
13860	1
13866	1
13869	1
13882	1
13906	1
13912	1
13922	1
13925	1
13931	1
13934	1
13955	1
13973	1
13981	1
13987	1
13995	2
14021	1
14036	1
14040	1
14057	1
14064	1
14075	1
14078	1
14079	1
14092	1
14110	1
14118	1
14122	1
14137	1
14140	1
14150	1
14152	1
14156	1
14159	1
14160	1
14161	1
14164	1
14165	1
14166	1
14171	1
14172	1
14174	1
14182	1
14186	1
14188	1
14192	1
14201	1
14203	1
14206	1
14211	1
14212	1
14226	1
14233	1
14234	1
14246	1
14248	1
14254	1
14255	1
14258	1
14260	1
14263	1
14264	1
14269	1
14271	1
14275	1
14284	1
14290	1
14294	1
14298	1
14299	1
14302	1
14305	1
14312	1
14313	2
14328	1
14335	2
14337	1
14346	1
14348	1
14357	1
14360	1
14363	1
14367	1
14369	1
14374	1
14379	1
14385	1
14388	1
14389	1
14390	1
14396	1
14398	2
14400	1
14401	1
14402	1
14403	1
14404	1
14405	1
14406	1
14409	2
14410	1
14415	1
14420	1
14422	1
14427	2
14428	1
14435	1
14442	1
14443	1
14445	1
14449	1
14451	1
14455	1
14456	1
14470	1
14471	1
14474	2
14476	1
14494	2
14512	1
14513	1
14515	1
14526	1
14529	1
14535	1
14539	1
14547	1
14553	1
14558	1
14561	1
14565	2
14570	2
14575	1
14586	1
14587	2
14591	1
14593	1
14597	1
14598	1
14600	1
14601	2
14605	1
14608	1
14610	1
14614	1
14616	1
14620	1
14625	1
14626	1
14627	1
14628	1
14630	1
14635	2
14636	1
14639	1
14642	1
14650	1
14651	1
14659	2
14663	1
14666	1
14671	2
14673	1
14676	1
14678	1
14682	1
14692	1
14702	1
14703	1
14709	2
14710	2
14715	1
14719	2
14722	1
14723	1
14724	1
14734	1
14737	1
14738	1
14740	2
14741	1
14745	1
14751	1
14753	1
14765	1
14769	1
14771	1
14772	2
14774	1
14776	2
14780	2
14782	1
14786	1
14802	1
14805	4
14806	2
14810	1
14814	1
14820	1
14825	1
14829	1
14830	1
14833	1
14838	1
14845	1
14847	1
14858	1
14859	1
14860	1
14862	2
14863	1
14866	1
14867	1
14870	1
14874	1
14878	1
14881	1
14887	1
14888	2
14889	2
14890	1
14891	1
14901	2
14913	1
14919	2
14925	2
14927	1
14931	1
14932	1
14935	1
14939	1
14940	1
14942	3
14943	1
14944	1
14945	1
14946	1
14947	1
14948	1
14949	1
14953	1
14956	1
14958	1
14960	3
14961	1
14963	1
14966	1
14968	1
14969	1
14971	1
14974	1
14977	2
14985	1
14992	1
14993	1
14994	1
14996	1
14999	1
15001	1
15004	1
15008	2
15010	2
15012	2
15018	1
15022	1
15024	1
15026	2
15028	1
15029	1
15031	1
15037	1
15044	1
15045	1
15046	1
15050	2
15054	1
15056	1
15069	1
15078	1
15079	2
15081	1
15082	1
15085	1
15086	1
15087	1
15088	2
15093	1
15094	1
15096	2
15100	1
15102	2
15107	1
15108	1
15109	1
15110	1
15114	1
15115	1
15121	1
15127	1
15132	1
15134	2
15136	1
15137	1
15138	1
15139	1
15143	2
15146	2
15147	1
15148	1
15150	2
15151	1
15154	1
15157	1
15161	1
15163	1
15169	1
15175	2
15176	1
15178	1
15183	1
15190	1
15191	1
15193	1
15194	1
15196	2
15197	1
15198	1
15199	2
15203	1
15206	2
15214	1
15217	1
15223	1
15226	1
15229	2
15234	1
15240	1
15242	2
15243	1
15246	1
15247	1
15254	1
15256	1
15264	1
15268	1
15274	1
15278	1
15283	1
15290	1
15292	1
15296	1
15298	1
15302	1
15305	1
15307	2
15308	2
15315	1
15316	1
15322	1
15323	1
15325	1
15329	1
15330	1
15335	1
15336	1
15339	1
15342	1
15344	1
15345	1
15346	1
15349	1
15352	1
15353	2
15356	1
15358	2
15366	1
15369	1
15371	1
15373	1
15377	2
15384	1
15385	1
15386	1
15388	1
15396	1
15398	1
15403	1
15405	1
15406	1
15409	1
15422	1
15432	1
15436	1
15440	1
15446	1
15448	1
15453	1
15455	1
15456	1
15471	1
15474	1
15477	1
15478	1
15480	1
15481	1
15483	1
15484	1
15485	2
15487	1
15490	1
15494	1
15497	1
15501	1
15502	1
15503	1
15507	1
15508	1
15515	1
15522	1
15529	1
15534	1
15535	2
15540	1
15541	1
15548	1
15557	1
15563	1
15565	2
15571	1
15572	1
15579	1
15582	1
15585	1
15586	1
15587	1
15590	1
15593	2
15596	1
15604	1
15608	1
15610	1
15614	1
15617	2
15620	1
15621	2
15624	1
15626	1
15627	1
15628	1
15629	1
15630	2
15631	1
15633	2
15634	1
15636	1
15637	1
15647	2
15652	1
15655	2
15656	1
15659	1
15661	1
15664	1
15667	1
15671	1
15674	1
15675	1
15679	1
15683	2
15687	1
15688	1
15689	1
15694	1
15697	1
15699	1
15700	1
15702	1
15703	1
15705	1
15710	2
15715	1
15716	2
15717	1
15718	1
15719	1
15720	2
15725	1
15726	1
15728	2
15729	1
15741	1
15742	1
15745	1
15749	1
15751	1
15754	1
15756	1
15759	1
15761	1
15764	1
15766	1
15768	1
15772	1
15773	1
15786	1
15794	1
15803	1
15805	1
15809	1
15811	1
15815	2
15816	2
15821	1
15823	1
15829	1
15835	1
15836	1
15842	1
15843	1
15854	1
15855	1
15857	1
15858	2
15871	1
15874	2
15876	2
15878	1
15879	1
15880	1
15885	1
15892	1
15895	1
15902	1
15903	1
15905	1
15913	2
15917	1
15918	1
15921	1
15922	1
15923	1
15925	3
15928	2
15932	1
15939	1
15942	1
15946	2
15955	1
15957	1
15959	1
15966	1
15967	1
15968	1
15970	1
15975	1
15980	1
15986	1
15987	1
15989	1
15994	1
15999	1
16001	1
16003	1
16004	1
16009	1
16012	1
16014	1
16015	1
16019	1
16022	1
16024	1
16032	1
16041	1
16043	1
16048	2
16050	1
16055	1
16059	2
16061	1
16063	1
16070	1
16074	1
16079	1
16090	1
16096	1
16097	1
16098	1
16101	1
16108	1
16110	1
16117	1
16124	1
16128	1
16129	1
16130	1
16137	1
16138	1
16143	1
16145	2
16150	1
16165	1
16171	2
16175	1
16186	1
16188	1
16190	1
16199	1
16207	1
16221	1
16225	3
16239	1
16240	1
16243	1
16244	1
16247	1
16250	1
16257	1
16260	1
16265	1
16270	1
16273	1
16280	1
16282	1
16284	1
16286	1
16293	1
16294	1
16296	2
16299	1
16305	1
16307	1
16309	1
16317	1
16321	1
16323	1
16330	1
16331	1
16334	1
16336	1
16354	1
16357	1
16367	1
16382	1
16383	1
