16384	1
1	49
2	23
3	30
4	26
5	32
6	18
16390	1
7	22
8	20
9	22
10	23
11	20
12	25
13	27
16397	1
14	20
15	28
16	29
17	14
16401	1
18	26
19	27
20	22
21	27
22	21
23	14
16408	1
24	12
25	23
26	14
16411	1
27	23
28	19
29	22
30	19
31	24
32	18
33	18
34	11
35	22
36	21
37	8
38	20
39	23
16423	1
40	20
41	17
16425	1
42	22
43	20
44	21
45	13
16429	1
46	15
16430	1
47	8
16431	1
48	15
16432	1
49	23
50	16
16434	1
51	14
52	17
53	16
54	30
55	20
16439	1
56	18
57	16
58	23
59	10
60	25
61	13
16445	2
16446	1
62	15
16447	1
63	17
16448	2
64	18
65	16
66	11
67	20
68	18
69	20
70	21
71	13
72	18
73	20
74	20
75	19
16459	1
16460	1
76	19
77	14
78	13
16462	1
79	13
16463	1
80	14
81	10
82	15
16466	1
83	16
84	17
85	19
86	17
16470	2
87	17
88	20
89	14
90	14
16474	1
91	12
16475	1
92	11
16476	1
93	15
16477	1
94	17
95	16
96	18
97	11
98	6
99	19
16483	1
100	8
101	11
102	13
103	15
104	12
105	14
106	11
16491	1
107	20
108	11
109	9
110	13
111	19
112	12
113	13
114	11
115	8
116	20
117	13
16501	1
118	12
119	14
120	11
16504	1
121	8
122	13
123	16
124	11
16508	1
125	7
16509	1
126	14
127	14
128	11
16512	1
129	13
130	14
131	8
132	10
133	12
134	10
135	12
136	19
16520	1
137	17
16521	1
138	10
16522	1
139	13
140	13
141	5
142	10
143	7
144	13
145	15
146	10
147	13
148	13
149	10
150	15
151	4
152	9
153	9
154	13
16539	1
155	6
156	7
16540	1
157	13
158	8
159	13
160	18
16544	1
161	10
16545	1
162	13
163	4
164	6
16548	1
165	13
166	10
16551	1
167	11
168	8
169	10
16554	1
170	7
171	10
172	15
173	9
174	6
175	12
176	5
177	10
178	3
179	11
180	5
16564	1
181	6
182	10
183	20
184	7
16568	1
185	7
16569	1
186	5
187	8
188	11
189	5
190	10
16575	1
191	6
192	4
16576	1
193	8
194	13
195	8
196	14
197	8
16581	1
198	8
199	9
200	16
201	7
202	17
203	12
204	8
16588	1
205	7
206	9
207	2
208	13
209	6
16593	1
210	10
211	7
16596	1
212	8
213	5
214	6
215	8
16599	1
216	7
217	8
218	7
219	7
16603	1
220	3
221	7
222	4
16606	1
223	6
224	7
225	10
226	9
227	7
228	9
16612	1
229	7
230	4
16614	1
231	5
232	10
16616	1
233	9
234	8
235	5
236	9
237	7
16621	2
238	11
16622	1
239	8
240	12
241	5
242	6
243	6
244	6
16628	1
245	7
246	7
247	8
248	9
249	13
250	10
251	10
252	10
253	7
254	4
255	12
256	5
257	7
258	8
259	6
260	7
16644	1
261	8
262	5
16646	1
263	7
264	5
265	4
266	3
267	8
268	7
269	8
270	5
271	6
272	9
273	6
274	8
275	8
276	8
16660	1
277	3
278	9
279	8
280	7
281	8
282	3
283	5
284	3
285	6
16669	1
286	5
16670	1
287	6
16671	1
288	3
289	3
16673	1
290	8
16675	1
291	2
292	5
293	4
294	8
295	5
16679	1
296	5
297	7
298	4
299	9
300	5
301	8
302	6
303	1
304	1
305	6
306	8
307	6
308	12
309	3
310	5
311	6
16695	1
312	5
313	10
314	5
315	7
316	5
16700	1
317	6
318	6
16702	1
319	5
320	4
16704	2
321	5
16705	1
322	9
323	3
16707	1
324	6
16708	1
325	7
16709	1
326	5
327	9
328	3
329	6
16714	2
330	9
331	5
332	6
333	5
334	5
335	8
336	9
16721	1
337	4
338	5
339	4
340	8
341	9
342	5
16726	1
16727	1
343	5
344	4
345	4
346	8
347	3
348	6
349	2
350	3
351	5
352	3
353	2
354	4
355	13
356	1
357	4
358	3
16743	1
359	4
360	5
16745	1
361	4
362	4
363	3
16748	1
364	1
365	3
366	6
367	1
368	4
16752	1
369	6
370	6
371	5
372	11
373	4
374	6
375	4
376	4
377	6
378	5
16762	1
379	2
380	3
16764	1
381	7
382	2
383	3
384	4
385	3
386	6
387	2
388	5
389	5
390	9
392	4
393	2
16778	1
394	5
395	2
396	3
397	3
398	3
399	6
16784	1
400	3
401	5
402	2
403	1
405	3
406	6
407	2
16791	1
408	3
409	3
410	3
16794	1
411	6
16795	1
412	4
16797	2
413	7
414	7
415	3
416	6
417	3
418	1
419	1
420	9
421	3
422	6
16806	1
423	3
16807	1
424	4
425	4
426	5
427	4
428	6
16813	1
429	4
430	4
431	3
432	4
433	7
16817	1
434	6
435	2
436	2
437	5
438	4
439	7
440	4
441	5
442	4
443	3
16827	1
444	4
445	4
446	7
447	2
448	7
449	6
16833	1
450	4
451	6
16835	1
452	4
453	5
454	3
16838	1
16839	2
455	3
456	4
457	6
458	4
459	2
460	3
461	4
462	5
463	2
464	4
465	4
16849	1
466	5
467	7
468	3
469	3
16853	1
470	7
472	4
473	3
16857	1
474	3
475	1
476	4
478	3
479	3
480	7
16865	2
481	4
482	6
483	6
484	2
485	3
486	3
487	4
488	2
489	4
490	2
491	4
16875	1
492	3
493	5
494	5
495	5
496	7
497	4
498	4
16882	1
499	6
16883	1
16884	1
500	2
501	1
502	4
16886	1
503	3
504	3
505	2
506	1
507	3
16891	1
508	3
509	7
510	3
511	2
512	6
513	1
16897	1
514	5
515	6
516	4
518	6
16903	2
519	4
520	7
521	8
522	1
523	1
16907	1
524	3
525	4
526	6
527	6
528	3
529	3
530	5
16914	1
531	3
532	4
533	3
534	4
535	7
16919	1
536	3
537	2
538	7
539	4
540	7
16924	1
541	6
542	2
543	10
544	3
545	6
546	3
547	5
548	4
16933	1
549	4
550	6
16934	1
551	4
552	4
553	2
554	5
555	6
556	3
557	4
558	4
16942	1
559	2
560	8
561	7
562	6
16946	1
563	5
564	3
16948	1
565	8
566	2
567	2
568	5
569	8
570	3
571	2
572	1
573	4
16957	1
574	5
575	6
576	6
577	4
578	6
579	4
580	4
16964	1
16965	1
581	4
582	7
16966	1
583	6
584	3
585	4
586	3
587	5
588	4
16972	1
589	5
590	8
591	7
592	5
593	7
594	4
595	3
596	4
597	5
598	3
599	7
600	8
601	7
602	4
603	8
604	1
605	7
606	5
607	8
608	8
16992	1
609	7
610	5
16994	2
611	8
612	4
613	9
614	8
615	7
616	9
617	3
618	4
619	4
620	9
621	8
622	5
623	5
17007	1
624	8
625	5
626	3
17010	1
627	4
628	7
17013	1
629	4
630	4
631	6
17016	1
632	6
633	3
634	2
17018	1
635	2
636	7
637	11
638	7
17022	1
17023	1
639	3
640	7
641	4
642	3
643	6
644	7
645	3
646	6
647	3
648	6
649	3
650	6
651	9
652	11
653	4
17037	1
654	4
655	8
656	7
657	6
658	5
659	1
660	7
661	7
662	4
17046	1
663	5
664	3
665	5
666	6
667	3
668	9
669	6
670	10
671	4
17055	1
672	2
673	6
674	7
675	4
676	2
677	6
678	7
17062	1
679	5
17064	1
680	3
681	3
682	4
683	4
684	8
685	5
686	9
687	4
688	8
689	14
690	3
691	7
692	9
693	4
17077	1
694	9
695	6
696	7
697	6
698	10
699	8
700	4
701	4
702	5
17086	1
703	5
704	7
705	9
706	4
707	3
708	11
709	7
17093	1
710	5
711	7
17096	1
712	3
713	7
714	6
715	5
716	9
717	7
718	4
17102	1
719	12
17103	1
720	9
721	10
722	5
723	4
724	7
725	5
17109	1
726	7
727	9
728	9
729	8
730	5
731	6
732	6
733	9
734	9
735	8
736	8
737	8
738	8
17122	1
739	5
740	4
741	8
742	9
743	11
744	9
745	7
746	9
747	11
748	6
749	10
750	5
751	2
752	8
753	6
754	10
755	13
756	4
757	5
758	6
759	12
760	6
761	9
762	2
763	7
764	3
765	7
766	4
767	5
768	5
769	3
770	6
771	10
772	5
773	7
774	8
775	12
776	9
777	4
17161	1
778	6
17162	1
779	5
17163	1
780	11
781	6
17165	1
782	3
17166	1
783	5
784	2
785	6
786	11
787	8
788	3
789	8
790	5
791	11
792	8
793	7
794	10
795	8
17179	1
17180	1
796	12
797	5
798	4
17182	1
799	7
800	4
801	5
802	3
803	9
804	7
805	7
806	10
17190	1
807	4
808	7
809	10
810	3
811	10
812	6
813	7
814	10
17199	1
815	10
816	6
817	8
818	4
819	3
17203	1
820	8
821	7
822	6
823	6
824	8
825	9
826	5
827	8
828	8
829	4
830	4
17214	1
831	5
17215	1
832	5
833	3
834	9
835	8
836	6
837	8
838	9
17222	1
839	8
840	2
17225	1
841	6
842	11
843	5
844	5
845	8
17229	1
846	4
847	3
848	9
17233	1
849	2
850	6
851	16
852	3
853	6
17237	1
854	11
855	6
856	6
857	7
858	7
859	5
860	9
861	6
862	8
863	5
864	5
865	7
866	10
867	7
868	5
17252	1
869	6
17254	2
870	4
871	6
872	10
873	8
874	8
875	10
876	10
877	8
878	4
879	6
17263	1
880	6
881	9
882	7
17266	1
883	8
884	8
885	4
17269	1
886	4
17271	2
887	11
888	5
17272	1
889	7
890	6
17274	1
891	4
892	5
893	4
894	6
895	4
896	4
897	7
898	6
899	3
900	2
901	8
902	8
903	7
904	7
905	2
906	4
907	11
908	5
17292	2
909	4
910	13
911	7
912	6
913	9
17297	1
914	9
17298	1
915	4
916	6
917	7
918	3
17303	1
919	6
920	6
921	11
922	4
923	4
924	8
925	11
926	4
927	8
928	8
929	3
930	3
931	7
932	5
933	5
934	5
935	5
936	4
17320	1
937	4
938	4
939	8
940	10
941	4
942	4
943	10
944	4
945	5
946	6
947	7
948	3
17333	1
949	3
950	8
951	6
952	5
953	7
954	8
955	8
17340	2
956	4
957	12
958	7
959	4
960	4
961	6
962	7
963	9
964	5
965	11
966	4
967	6
968	1
969	6
17354	2
970	4
971	2
972	8
973	5
974	9
975	4
976	10
977	4
978	4
17362	2
979	11
980	6
981	11
982	9
983	10
984	6
985	8
17369	1
986	7
987	10
988	5
989	5
990	9
991	3
992	5
993	5
994	8
995	4
996	3
997	7
17381	1
998	10
999	4
1000	4
1001	9
1002	6
1003	7
1004	4
1005	7
1006	10
1007	4
1008	9
1009	5
1010	7
17394	1
1011	4
1012	3
1013	13
1014	5
1015	9
17399	1
1016	7
1017	2
1018	1
1019	9
17403	1
1020	2
1021	9
17405	1
1022	12
1023	7
1024	8
17408	1
1025	5
1026	7
1027	2
1028	3
1029	2
1030	6
1031	4
1032	5
1033	7
1034	5
1035	10
1036	6
1037	4
1038	4
1039	9
1040	5
17424	1
1041	5
1042	4
1043	9
1044	5
1045	11
1046	7
17431	1
1047	2
1048	10
1049	2
17433	1
1050	6
1051	9
1052	3
17436	1
1053	6
1054	7
1055	8
1056	4
17441	1
1057	5
1058	7
1059	5
17443	1
1060	6
1061	6
1062	4
1063	5
1064	6
1065	7
1066	8
1067	12
1068	6
1069	5
1070	4
1071	5
1072	10
1073	5
1074	4
1075	8
1076	10
1077	3
1078	6
1079	9
1080	5
1081	6
1082	4
1083	2
1084	12
1085	4
1086	8
1087	11
1088	7
1089	10
1090	4
1091	6
17475	1
1092	3
1093	2
1094	4
1095	9
1096	11
1097	11
1098	7
1099	11
1100	7
1101	8
1102	7
1103	5
1104	7
1105	6
1106	8
1107	7
1108	5
17492	1
1109	8
17493	1
1110	6
1111	6
1112	3
1113	2
17497	1
1114	8
1115	10
17499	1
1116	5
1117	5
1118	8
1119	5
17503	1
1120	6
1121	4
17505	2
1122	3
1123	9
1124	5
17508	1
1125	3
17509	1
1126	3
1127	7
1128	5
1129	8
1130	6
1131	7
1132	3
1133	8
1134	6
1135	6
1136	6
1137	4
1138	8
17523	1
1139	7
1140	6
1141	5
1142	9
1143	1
17527	1
1144	8
1145	2
1146	6
1147	7
1148	6
1149	8
1150	6
1151	6
1152	9
1153	4
1154	7
17538	1
1155	4
1156	6
1157	9
1158	6
1159	6
1160	11
1161	7
1162	7
1163	4
1164	8
1165	6
1166	8
1167	8
1168	4
1169	6
1170	4
1171	5
1172	6
1173	7
17558	1
1174	2
1175	2
1176	4
1177	6
1178	5
1179	10
1180	7
1181	10
1182	1
1183	10
1184	5
1185	9
17569	2
1186	6
17571	1
1187	2
1188	7
1189	6
1190	6
1191	5
1192	10
1193	7
1194	8
1195	6
17579	1
1196	2
1197	7
1198	4
1199	9
1200	11
1201	5
1202	2
1203	6
1204	8
1205	10
1206	3
1207	3
1208	8
1209	6
1210	6
1211	8
1212	3
17597	1
1213	8
1214	1
1215	9
1216	9
17600	1
1217	5
1218	6
1219	7
1220	8
1221	9
1222	5
17606	1
1223	6
1224	5
1225	2
1226	10
17610	1
1227	9
1228	7
1229	4
1230	10
17614	1
1231	9
1232	2
1233	5
1234	14
1235	11
1236	2
1237	6
1238	6
1239	9
17623	1
1240	4
1241	9
1242	10
1243	4
1244	7
1245	4
1246	9
1247	7
1248	8
1249	8
1250	8
1251	10
17635	1
1252	6
1253	9
1254	5
1255	6
1256	6
17640	1
1257	3
1258	7
1259	6
1260	4
17644	1
1261	4
1262	5
1263	6
1264	7
1265	9
1266	4
1267	8
1268	4
1269	6
17653	1
1270	7
1271	4
1272	5
1273	8
17657	1
1274	9
1275	7
1276	5
1277	8
1278	11
1279	4
1280	7
1281	5
1282	10
17666	1
1283	9
1284	8
1285	6
1286	8
1287	3
1288	12
1289	5
1290	9
1291	3
1292	3
1293	8
1294	6
1295	8
1296	7
1297	11
1298	4
1299	6
1300	11
1301	7
1302	7
1303	5
1304	5
1305	6
1306	9
17690	1
1307	9
17691	1
1308	11
1309	7
1310	7
1311	3
1312	6
1313	5
1314	1
1315	5
1316	6
1317	7
1318	7
1319	6
1320	8
1321	9
1322	10
1323	5
1324	5
1325	6
1326	9
1327	5
1328	7
17713	1
1329	8
1330	10
1331	8
1332	8
1333	10
1334	11
1335	6
1336	9
1337	3
1338	6
1339	6
1340	9
1341	7
1342	6
1343	5
1344	7
1345	2
1346	5
1347	7
1348	3
17732	1
1349	7
1350	3
1351	3
1352	10
1353	7
1354	6
1355	8
1356	10
1357	6
1358	12
1359	7
1360	13
1361	5
1362	11
1363	5
1364	7
17748	1
1365	12
1366	6
1367	4
17751	1
1368	4
1369	5
17753	1
1370	8
1371	12
17755	1
1372	5
1373	9
1374	3
17758	1
1375	5
1376	4
1377	10
1378	9
17762	1
1379	10
1380	8
1381	8
1382	7
1383	6
1384	3
1385	4
1386	8
1387	7
1388	11
17772	1
1389	6
1390	10
1391	9
1392	5
1393	9
1394	15
1395	6
1396	8
17780	1
1397	6
1398	5
1399	8
1400	3
1401	6
1402	3
1403	8
17787	1
1404	8
1405	6
1406	7
1407	6
1408	6
1409	12
1410	5
1411	5
1412	4
1413	9
1414	4
1415	8
1416	5
1417	10
1418	8
1419	3
1420	5
1421	7
1422	1
1423	9
1424	7
1425	9
1426	7
1427	7
1428	5
1429	8
1430	6
1431	9
1432	4
1433	5
17818	2
1434	8
1435	9
1436	5
1437	6
1438	1
1439	7
1440	12
1441	8
1442	8
17826	1
1443	10
1444	7
1445	1
1446	7
1447	8
1448	6
1449	7
1450	9
1451	9
1452	6
1453	8
1454	7
1455	7
1456	8
1457	6
17841	1
1458	6
17842	1
1459	7
1460	7
1461	9
1462	1
1463	6
1464	6
1465	4
1466	5
1467	7
17851	1
1468	8
1469	7
1470	6
1471	6
1472	4
1473	5
1474	7
1475	4
1476	5
1477	4
1478	7
1479	9
17863	1
1480	11
1481	4
1482	9
1483	7
17867	1
1484	9
17868	1
1485	8
1486	7
17870	1
1487	8
1488	1
1489	10
1490	9
17874	1
1491	7
1492	8
1493	9
1494	7
1495	3
1496	5
1497	8
1498	6
1499	10
1500	10
1501	2
17885	1
1502	3
1503	11
1504	6
1505	6
1506	6
1507	13
1508	3
1509	9
1510	10
1511	7
1512	8
1513	13
1514	6
1515	7
17899	1
1516	8
1517	12
1518	9
1519	7
1520	5
1521	4
1522	11
1523	7
1524	8
1525	8
1526	8
17910	1
1527	2
1528	11
1529	6
1530	11
1531	7
1532	5
1533	4
1534	5
1535	3
1536	5
17921	1
1537	3
1538	9
1539	11
17924	1
1540	7
1541	5
1542	8
1543	9
17927	1
1544	8
1545	8
1546	3
1547	8
1548	8
1549	3
1550	5
1551	12
1552	3
1553	7
1554	12
17938	1
1555	11
1556	8
1557	7
1558	3
1559	4
1560	8
1561	9
1562	9
1563	6
1564	7
1565	8
1566	5
1567	10
1568	14
1569	9
1570	5
1571	5
17955	1
1572	6
1573	10
1574	7
1575	6
1576	5
1577	5
1578	7
1579	7
1580	4
1581	6
17965	1
1582	8
1583	7
1584	6
1585	13
1586	8
1587	6
17971	1
17972	1
1588	11
1589	6
1590	4
1591	4
1592	12
1593	5
1594	7
1595	6
1596	7
1597	14
1598	4
1599	12
1600	8
1601	10
1602	7
1603	6
1604	4
1605	8
1606	10
1607	6
1608	8
1609	5
1610	8
1611	5
1612	11
1613	10
1614	13
1615	10
1616	8
18000	2
1617	3
1618	7
1619	10
1620	9
1621	6
1622	8
1623	7
1624	9
1625	10
1626	6
1627	3
1628	10
1629	9
18013	1
1630	6
1631	5
1632	6
1633	6
1634	5
1635	5
1636	10
1637	10
1638	10
1639	4
1640	13
1641	6
1642	7
1643	8
1644	7
1645	4
1646	7
1647	8
1648	6
1649	4
1650	3
1651	9
1652	9
1653	8
1654	7
1655	5
1656	6
1657	7
1658	9
18042	1
1659	5
1660	6
1661	8
1662	9
1663	6
1664	7
1665	9
1666	9
1667	11
1668	6
18052	1
1669	8
1670	10
1671	7
1672	3
1673	5
1674	7
1675	10
1676	7
18060	1
1677	3
1678	8
1679	7
1680	8
1681	10
1682	7
1683	6
18067	1
1684	6
1685	9
1686	4
1687	4
1688	10
1689	8
1690	5
1691	7
1692	12
1693	4
1694	11
1695	5
1696	5
1697	4
1698	11
1699	9
1700	7
1701	7
1702	12
1703	3
18087	1
1704	5
1705	10
1706	2
18090	1
1707	15
18091	1
1708	8
1709	6
1710	12
1711	5
1712	14
1713	4
1714	5
1715	10
1716	6
1717	9
1718	10
1719	5
1720	9
1721	8
1722	8
1723	6
1724	6
1725	8
1726	12
1727	6
1728	11
1729	10
1730	11
1731	9
1732	7
1733	3
1734	7
1735	3
1736	8
1737	9
1738	3
1739	5
1740	4
1741	5
1742	12
1743	10
1744	6
1745	5
1746	11
1747	3
1748	8
1749	5
1750	4
1751	6
18135	1
1752	7
1753	8
1754	8
1755	8
1756	2
1757	8
1758	3
1759	5
1760	5
1761	11
1762	6
1763	6
1764	8
1765	7
1766	4
1767	7
1768	3
18152	1
1769	7
1770	6
18154	2
18155	1
1771	7
1772	15
1773	2
1774	7
1775	5
1776	8
1777	5
1778	5
18162	1
1779	4
1780	3
1781	7
1782	7
1783	6
1784	7
1785	8
1786	4
1787	4
1788	9
18172	1
1789	7
18173	2
1790	8
1791	5
1792	8
1793	3
18177	1
1794	6
1795	4
1796	5
1797	9
1798	15
1799	7
1800	2
1801	5
1802	8
1803	6
1804	4
1805	15
1806	7
1807	10
18191	1
1808	2
18192	1
18193	1
1809	7
1810	5
1811	6
1812	14
1813	6
1814	5
1815	12
1816	6
1817	6
1818	4
1819	7
1820	5
1821	3
1822	9
18206	1
1823	2
1824	4
1825	8
1826	5
1827	6
1828	6
1829	11
1830	10
1831	8
18215	1
1832	10
1833	5
1834	8
1835	7
1836	6
1837	8
1838	4
1839	6
1840	4
1841	7
1842	10
1843	10
1844	10
1845	1
1846	6
1847	13
18231	1
1848	4
1849	4
1850	8
1851	5
1852	7
1853	6
1854	5
1855	5
1856	8
1857	5
1858	4
1859	7
1860	12
1861	11
1862	6
18246	1
1863	5
1864	5
1865	3
1866	6
1867	10
1868	4
1869	9
1870	3
1871	10
1872	7
1873	7
1874	11
1875	9
1876	6
1877	6
1878	8
1879	1
1880	7
1881	7
1882	7
1883	6
1884	14
1885	9
1886	7
1887	4
1888	8
1889	2
1890	7
1891	6
1892	10
18276	1
1893	11
1894	8
1895	8
1896	5
1898	4
1899	3
1900	8
1901	5
1902	6
18286	1
1903	6
1904	6
1905	2
1906	2
1907	5
1908	9
18292	1
1909	4
1910	6
1911	4
1912	3
1913	2
1914	9
1915	10
1916	7
1917	10
1918	6
1919	11
1920	2
1921	6
1922	3
1923	5
1924	7
1925	7
1926	9
1927	7
1928	7
1929	8
1930	5
1931	8
1932	12
1933	5
1934	8
1935	8
18320	1
1936	9
1937	6
1938	7
1939	6
1940	8
1941	5
1942	8
1943	2
18327	1
1944	6
1945	4
1946	12
1947	7
1948	6
1949	6
1950	9
1951	7
1952	9
1953	19
1954	3
1955	10
1956	8
1957	7
1958	7
1959	9
1960	4
1961	7
1962	6
1963	6
1964	2
1965	7
1966	6
1967	6
1968	3
1969	4
1970	7
1971	4
18355	1
1972	7
18356	1
1973	10
1974	6
1975	12
1976	4
1977	5
1978	6
1979	2
1980	3
1981	3
1982	5
1983	4
1984	5
1985	6
1986	2
1987	3
1988	6
1989	5
1990	5
1991	7
18375	1
1992	5
18377	1
1993	9
1994	3
18378	1
1995	2
1996	5
1997	3
1998	7
1999	5
2000	3
2001	9
2002	7
2003	7
2004	8
2005	5
2006	8
2007	10
2008	8
2009	7
2010	2
2011	7
2012	8
18396	1
2013	5
2014	10
2015	6
2016	7
2017	5
2018	7
2019	6
2020	7
2021	3
2022	4
2023	4
2024	10
2025	2
2026	6
2027	5
2028	2
2029	10
2030	7
2031	7
2032	6
2033	7
2034	7
2035	6
2036	5
2037	5
2038	6
2039	4
2040	3
2041	11
2042	5
2043	8
2044	7
2045	3
2046	4
2047	3
2048	4
2049	5
2050	5
2051	6
2052	7
2053	8
2054	6
2055	3
2056	6
2057	6
2058	7
2059	5
2060	5
2061	6
2062	7
2063	4
2064	7
2065	5
2066	5
2067	13
2068	5
2069	6
2070	6
2071	7
2072	4
2073	9
2074	6
2075	5
2076	4
2077	7
2078	6
2079	11
2080	7
2081	7
2082	3
2083	2
2084	8
2085	4
2086	8
2087	6
2088	7
2089	8
2090	5
2091	4
2092	8
2093	4
2094	3
2095	7
2096	3
2097	8
2098	7
2099	6
2100	7
2101	8
2102	9
2103	8
2104	6
2105	3
2106	8
2107	16
2108	4
2109	3
2110	5
2111	5
2112	8
2113	2
2114	4
2115	3
2116	5
2117	4
2118	6
2119	6
2120	4
2121	6
2122	2
2123	6
2124	4
2125	6
2126	5
2127	5
2128	2
2129	3
2130	8
2131	2
2132	6
2133	6
2134	7
2135	3
2136	7
2137	2
2138	8
2139	11
2140	6
2141	6
2142	5
2143	5
2144	4
2145	6
2146	4
2147	4
2148	6
2149	7
2150	4
2151	4
2152	5
2153	3
2154	9
2155	3
2156	6
2157	4
2158	5
2159	2
2160	3
2161	3
2162	1
2163	3
2164	6
2165	3
2166	3
2167	9
2168	3
2169	6
2170	4
2171	4
2172	6
2173	12
2174	4
2175	4
2176	1
2177	6
2178	3
2179	7
2180	5
2181	5
2182	6
2183	5
2184	5
2185	5
2186	7
2187	7
2188	3
2189	5
2190	8
2191	4
2192	2
2193	5
2194	4
2195	10
2196	7
2197	4
2198	9
2199	2
2200	8
2201	1
2202	6
2203	3
2204	6
2205	2
2206	9
2207	2
2208	4
2209	6
2210	3
2211	5
2212	5
2213	3
2214	4
2215	3
2216	9
2217	5
2218	7
2219	8
2220	6
2221	2
2222	8
2223	6
2224	4
2225	8
2226	10
2227	3
2228	10
2229	5
2230	2
2231	4
2232	3
2233	7
2234	3
2235	3
2236	7
2237	5
2238	6
2239	4
2240	7
2241	5
2242	8
2243	3
2244	7
2245	3
2246	7
2247	6
2248	6
2249	11
18633	1
2250	4
2251	5
2252	4
18636	1
2253	3
2254	5
18638	1
2255	9
2256	10
2257	4
2258	3
2259	6
2260	6
2261	3
2262	3
2263	8
2264	6
2265	7
2266	5
2267	3
2268	7
2269	2
2270	7
2271	5
2272	7
2273	9
2274	10
18659	1
2275	5
2276	2
2277	2
2278	4
2279	9
2280	5
2281	6
2282	4
18666	1
2283	6
2284	5
2285	7
2286	5
2287	3
2288	5
2289	6
2290	6
2291	2
2292	5
2293	6
2294	6
2295	5
2296	10
2297	1
2298	8
2299	6
2300	5
2301	7
2302	7
2303	6
2304	4
2305	9
2306	4
2307	2
2308	4
2309	7
2310	6
2311	4
2312	8
2313	8
2314	5
2315	4
2316	3
2317	3
18701	1
2318	6
2319	4
2320	1
2321	3
2322	7
2323	7
2324	5
2325	10
2326	2
2327	5
2328	8
2329	6
2330	10
2331	2
2332	6
2333	5
2334	3
2335	5
2336	7
2337	5
2338	1
2339	3
2340	6
2341	4
2342	4
2343	4
2344	7
2345	8
2346	4
2347	7
2348	7
2349	2
2350	6
2351	1
2352	1
2353	4
2354	2
2355	4
2356	4
2357	3
2358	7
2359	1
2360	5
2361	1
2362	8
2363	3
2364	2
2365	7
2366	5
2367	4
2368	3
2369	6
2370	5
2371	8
2372	4
2373	1
2374	3
2375	5
2376	2
2377	4
2378	7
2379	3
2380	5
2381	6
2382	6
18766	1
2383	10
2384	3
2385	6
2386	5
2387	9
2388	2
2389	6
2390	6
2391	10
18775	1
2392	7
2393	2
2394	2
2395	8
2396	10
2397	6
2398	9
2399	5
2400	5
2401	6
2402	2
2403	1
2404	3
2405	3
2406	8
2407	3
2408	6
2409	4
2410	7
2411	5
18795	1
2412	3
18796	1
2413	4
2414	2
2415	4
2416	6
2417	6
2418	4
2419	4
2420	3
2421	2
2422	3
2423	4
2424	4
2425	3
2426	11
2427	5
2428	3
2429	6
2430	3
2431	6
2432	6
2433	3
2434	3
2435	6
2436	5
2437	6
2438	7
2439	3
2440	3
2441	3
2442	5
2443	3
2444	3
2445	5
2446	4
2447	3
2448	5
2449	5
2450	2
2451	5
2452	4
2453	5
2454	7
2455	1
2456	1
2457	4
2458	5
18842	1
2459	4
2460	5
2461	3
18845	1
2462	4
2463	6
2464	3
2465	4
2466	9
2467	7
2468	4
2469	6
2470	5
2471	6
18855	1
2472	2
2473	6
2474	3
2475	1
2476	6
2477	6
2478	6
2479	5
2480	3
2481	8
2482	4
2484	5
2485	5
2486	7
2487	4
2488	6
2489	4
2490	2
2491	9
2492	3
2493	4
2494	7
2495	5
2496	5
2497	4
2498	8
2499	4
2500	1
2501	6
2502	4
2503	2
2504	6
2505	4
2506	2
2507	2
2508	3
2509	5
2510	7
2511	4
2512	8
2513	3
2514	8
2515	1
2516	5
2517	2
2518	1
2519	7
2520	7
2521	4
2522	9
2523	12
2524	3
2525	4
2526	5
2527	4
2528	4
2529	6
2530	3
2531	5
2532	6
2533	9
2534	5
2535	3
2536	8
2537	5
2538	7
2539	6
2540	2
2541	4
2542	6
2543	3
2544	2
2545	1
18929	1
2546	4
2547	4
2548	4
2549	5
2550	5
2551	3
2552	4
2553	2
2554	3
2555	7
2556	6
2557	1
2558	5
2559	9
2560	7
2561	6
2562	4
2563	5
2564	6
2565	4
2566	4
2567	3
2568	7
2569	7
2570	4
2571	3
2572	2
2573	5
2574	6
2575	4
18959	1
2576	6
2577	10
2578	3
2579	6
2580	8
2581	4
2582	4
2583	8
2584	2
2585	6
18969	1
2586	3
2587	2
2588	10
2589	3
2590	4
2591	5
2592	2
2593	4
2594	3
2595	4
2596	2
2597	7
2598	7
2599	4
2600	4
2601	2
2602	3
2603	2
2604	3
2605	5
2606	1
2607	6
2608	6
2609	7
2610	6
2611	8
2612	8
2613	4
2614	1
2616	6
2617	8
2618	6
2619	3
2620	5
2621	2
2622	8
2623	6
2624	6
2625	4
2626	8
2627	5
2628	6
2629	2
2630	4
2631	3
2632	5
2633	7
2634	1
2635	1
2636	7
2638	6
19022	1
2639	2
2640	2
2641	5
2642	3
2643	7
2644	7
2645	9
2646	1
2647	8
2648	7
2649	3
2650	3
2651	3
2652	5
2653	5
2654	6
2655	5
2656	8
2657	2
2658	2
2659	6
2660	9
2661	6
2662	4
2663	4
2664	6
2665	7
2666	5
2667	1
2668	6
2669	4
2670	5
2671	6
2672	2
2673	5
2674	4
2675	3
2676	4
2677	2
2678	4
2679	10
2680	1
2681	4
2682	4
2683	2
2684	3
2685	9
2686	1
2687	4
2688	3
2689	5
2690	6
2691	8
2692	5
2693	4
2694	5
2695	5
2696	3
2698	4
2699	2
2700	3
2701	6
2702	4
2703	5
2704	2
2705	3
2706	3
2707	6
2708	9
2709	5
2710	3
2711	5
2712	3
2713	3
2714	2
2715	3
2716	4
2717	8
2718	4
2719	4
2720	4
2721	5
2722	2
2723	6
2724	1
2725	2
2726	3
2727	3
2728	2
2729	5
2730	5
2731	5
2732	3
2733	3
2734	8
2735	5
2736	4
2737	7
19121	1
2738	3
2739	3
2740	2
2741	3
2742	4
2743	5
2744	4
2745	4
2746	3
2747	1
2748	3
2749	5
2750	5
2751	3
2752	4
2753	5
2754	5
2755	6
2756	5
2757	4
2758	1
2759	8
19143	1
2760	3
2761	4
2762	5
2763	2
2764	3
2765	4
2766	7
2767	5
2768	5
2769	4
19153	1
2770	5
2771	5
2772	4
2773	6
2774	7
2775	3
2776	6
2777	6
2778	8
2779	3
2781	8
2782	6
2783	3
2784	4
2785	6
2786	6
2787	2
2788	6
2789	5
2790	4
2791	2
2792	3
2793	3
2794	5
2796	7
2797	4
2798	1
2799	3
2800	5
2801	9
2803	5
2804	4
2805	5
2806	3
2807	3
2808	5
2809	2
2810	1
2811	5
2812	2
2813	4
19197	1
2814	5
2816	4
2817	5
2818	5
19202	1
2819	1
2820	4
2821	1
2822	2
19207	1
2823	1
2824	2
2825	5
2826	2
2827	5
2828	1
2829	6
2830	4
2831	3
2832	4
19217	1
2833	3
2834	2
2835	4
2836	7
2838	6
2840	3
2841	6
2842	4
2844	2
2845	6
2846	4
2847	5
2848	3
2849	6
2850	4
2852	3
2854	6
2855	2
2856	2
2857	6
2858	3
2859	3
2860	3
2861	4
2862	4
2863	4
2864	3
2865	2
2866	6
2867	3
2868	4
2869	4
2870	2
2871	1
2872	2
2873	8
2874	7
2875	2
2876	3
2877	5
2878	3
2879	4
2881	1
2882	1
2883	3
2884	5
2885	7
2886	1
2887	8
2888	6
2889	3
2890	2
2891	2
2893	6
2894	3
2895	4
2896	3
2897	5
2898	5
2899	3
2900	4
2901	8
2902	4
2903	5
2904	3
2905	4
2906	3
2907	6
2908	5
2909	1
2910	4
2911	7
19296	1
2912	4
2913	3
2914	3
2915	3
2916	3
2917	2
2918	2
2919	2
2920	2
2921	7
2922	1
2923	3
2924	3
2925	1
2926	3
19310	1
2927	3
2928	3
2929	4
2930	2
2932	6
2933	3
2934	4
2935	5
2936	5
2937	8
2938	3
2939	2
2940	5
2941	4
2942	6
2943	3
2944	1
2945	1
2946	3
2947	6
2948	3
19332	1
2949	3
2950	4
2951	2
2952	2
2953	5
2954	3
2955	4
2956	4
2957	2
2958	1
2959	3
2961	4
2962	2
2963	5
2964	3
2965	6
2966	1
2967	1
2968	2
2969	8
2970	3
19354	1
2971	3
2972	3
2973	4
2974	2
2975	2
2976	2
2977	4
2978	2
2979	1
2980	3
2981	1
2982	1
2983	3
2984	6
2985	3
2986	2
2987	2
2988	4
2989	3
2990	4
2991	1
2992	5
2993	2
2994	3
2995	3
2997	4
2998	2
2999	2
3000	4
3001	1
3002	2
3003	2
3004	4
3006	4
3007	4
3008	3
3009	4
3010	2
3011	2
3012	5
3013	6
3014	6
3015	3
3016	4
3017	5
3018	3
3019	4
3020	4
19404	1
3021	3
3022	3
3023	5
3024	3
3025	1
3026	4
3027	4
3028	3
3029	3
3030	7
3031	3
3032	3
3033	5
3034	3
3035	3
3036	4
3037	3
3038	3
3039	3
3040	2
3041	2
3042	4
3043	2
3044	7
3045	2
3046	3
3047	3
3048	4
3049	4
3050	3
3051	6
3052	2
3053	2
3055	5
3056	2
3057	3
3058	3
3059	2
3060	2
3061	2
3063	6
3065	1
3066	1
3067	5
3068	4
3069	3
3070	4
3071	2
3072	5
3073	3
3074	4
3075	1
3076	7
3077	2
3078	4
3079	5
3080	3
3081	1
3082	6
3083	5
3084	3
19468	1
3085	8
3086	7
3087	2
3088	1
3089	3
3090	7
3091	3
3092	2
3093	2
3094	4
3095	6
3096	9
3097	2
3098	5
3099	4
3100	5
3101	2
3102	3
3103	1
3104	5
3105	2
3106	5
3107	4
3108	3
3109	4
3110	1
3111	2
3113	2
3114	3
3115	3
3116	3
3117	4
3118	1
3119	4
3120	3
3121	7
3122	4
3123	2
3124	2
3125	3
3126	2
3128	5
3129	1
3130	2
3131	3
3132	3
3133	3
3134	3
3135	5
3136	2
3137	5
3138	4
3139	4
3140	3
3141	5
3142	4
3143	2
3144	2
3145	1
3146	2
3147	1
3148	1
3149	2
3150	3
3151	2
3152	2
3153	4
19537	1
3154	4
3155	2
3156	4
3158	5
3159	4
3160	3
3161	5
3162	1
3163	5
3164	2
3165	3
3166	3
3167	2
3168	4
3169	3
3170	3
3171	4
3173	2
3174	2
3175	2
3176	5
3177	2
3178	2
3179	7
3180	2
3181	2
3182	5
3183	4
3184	6
3185	2
3186	3
3187	5
3188	4
3189	2
3190	2
3191	2
3192	2
3193	1
3194	6
3195	2
3196	1
3198	3
3199	5
3200	5
3201	4
3202	2
3203	3
3204	4
3205	2
3206	1
3207	4
3208	1
3209	4
3210	3
3211	2
3212	5
3213	1
3214	3
3215	3
3216	1
3217	3
3219	4
3220	5
3221	4
3222	4
3223	2
3224	3
3225	2
3226	3
3227	4
3228	2
3229	2
3230	5
3231	4
3232	4
3233	5
3234	3
3236	5
3237	2
3238	3
3240	6
3241	2
3242	1
3243	5
3244	3
3245	2
3246	2
3247	1
3248	1
3249	3
3250	5
3251	5
3252	4
3253	4
3254	2
3255	6
3256	3
3257	2
19641	1
3258	2
3259	3
3260	5
3261	2
3262	2
3263	1
3264	5
3265	6
3266	6
3267	2
3268	6
3269	1
3270	2
3271	7
3272	4
3273	1
3274	2
3276	2
3277	2
3278	2
3279	1
3280	3
3281	2
3282	1
3284	1
3285	5
3286	4
3287	2
3288	3
3289	3
19673	1
3290	4
3291	2
3292	1
3293	3
3294	2
3295	2
3296	5
3297	3
3298	3
3300	2
3301	5
3302	4
3304	2
3305	4
3307	1
3311	3
3312	2
3313	2
3314	1
3315	2
3316	1
3317	3
3318	3
3320	1
3321	2
3322	2
3323	2
3324	5
3325	3
3326	1
3327	6
3328	5
3329	5
3330	1
3331	2
3332	1
3333	3
3334	4
3335	4
3337	4
3338	4
3339	1
3340	2
3341	1
3342	2
3343	4
3344	2
3345	4
3346	1
3347	2
3348	3
3349	3
3350	2
3351	1
3352	1
3353	4
3354	1
3355	5
3356	3
3357	1
3358	3
3359	3
3360	2
3361	3
3362	2
3363	2
3364	2
3365	4
3366	5
3367	2
3368	1
3369	3
3370	1
3371	3
3372	1
3373	2
3374	2
3375	3
3376	3
3377	1
3378	3
3379	5
3380	1
3381	4
3382	1
3383	1
3384	3
3385	1
3386	3
3387	2
3388	1
3389	4
3390	2
3391	5
3392	7
3393	2
3395	1
3396	4
3397	4
3398	7
3399	5
19784	1
3400	1
3401	1
3402	4
3403	1
3404	2
3405	2
3406	3
3407	2
3408	1
3409	4
3410	3
3411	2
3412	3
3413	2
3414	2
3416	3
3417	3
3419	3
3420	2
3421	3
3422	3
3423	3
3424	2
3425	2
3426	4
3427	4
3428	5
3429	1
3430	4
3431	1
3432	4
3433	2
3435	1
3436	3
3437	2
3438	2
3439	2
3440	3
3441	5
3442	1
3443	3
3444	1
3445	3
3446	2
3447	1
3449	1
3450	2
3451	1
3452	3
3453	1
3454	2
3455	2
3456	1
3457	1
3458	1
3459	1
3460	2
3461	4
19845	1
3462	3
3465	4
3466	1
3467	2
3468	6
3469	3
3470	1
3471	1
3473	2
3474	4
3475	3
19859	1
3476	4
3477	2
3480	3
3481	2
3482	3
3483	2
3484	1
3485	3
3486	2
3487	3
3488	3
3489	2
3490	2
3491	1
3492	2
3494	2
3495	2
3496	1
3498	2
3499	3
3500	1
3501	2
3502	4
3503	2
3504	5
3505	7
3506	5
3507	1
3508	3
3509	2
3510	3
3511	3
3512	3
3513	2
3514	2
3515	1
3516	2
3518	2
3519	5
3520	2
3521	4
3522	4
3523	5
3524	1
3525	4
3526	1
3528	10
3529	3
3530	1
3531	1
3532	1
3533	3
3534	3
3535	2
3536	2
3537	1
3538	1
3540	4
3541	3
3542	2
3543	3
3544	3
3545	2
3546	2
3547	1
3548	1
3549	2
3550	2
3551	1
3552	2
3553	1
3554	2
3556	3
3557	1
3558	4
3560	2
3561	3
3562	5
3563	3
3565	5
3566	2
3567	2
3568	2
3569	2
3570	4
3572	2
3573	2
3575	4
3576	1
3577	2
3578	3
3579	5
3580	4
3581	3
3582	1
3583	1
3584	4
3586	2
3587	1
3588	1
3590	2
3592	1
3593	3
3594	3
3595	2
3597	3
3598	4
3599	1
3600	3
3602	2
3603	3
3604	4
3605	2
3607	2
3608	3
3609	1
3611	2
3614	3
3615	2
3616	1
3617	3
3618	1
3619	2
3620	2
3621	1
3623	2
3624	3
3625	4
3626	2
3627	2
3629	3
3630	1
3631	2
3632	1
3633	3
3634	4
3635	3
3636	1
3637	1
3638	1
3639	5
3640	1
3641	4
3642	1
3643	5
3644	1
3645	1
3646	4
3647	1
3648	1
3649	2
3650	6
3651	1
3652	1
3654	1
3655	2
3656	2
3657	1
3658	2
3659	2
20043	1
3660	1
3661	4
3662	2
3663	3
3664	1
3666	3
3668	5
3669	1
3670	4
3671	2
3672	5
3673	2
3674	4
3675	4
3676	2
3677	2
3678	2
3679	3
3682	2
3683	2
3684	1
3685	3
3686	1
3687	3
3688	4
3689	1
3690	4
3691	2
3692	2
3693	5
3694	3
3695	2
3696	1
3698	2
3699	4
3700	2
3701	3
3702	2
3703	1
3706	6
3707	3
3708	1
3709	1
3710	1
3711	2
3713	2
3714	1
3715	4
3717	3
3718	1
3719	1
3720	1
3721	4
3722	1
3723	2
3724	1
3725	4
3726	3
20110	1
3727	1
3728	1
3730	2
3731	3
3732	4
3733	2
3734	1
3735	6
3736	5
3737	1
3738	2
3740	2
3741	1
3742	4
20126	1
3743	1
3744	2
3745	4
3746	3
3747	2
3749	2
3750	1
3751	2
3753	1
3754	3
3755	2
3756	2
3757	3
3759	2
3760	2
3761	1
3762	1
3764	4
3765	1
3766	1
3767	1
3768	2
3769	1
3770	1
3771	3
3772	2
3773	2
3774	1
3775	2
3776	2
3777	2
3778	1
3779	3
3780	1
3781	2
3782	2
3783	1
3784	2
3785	2
3786	2
3787	2
3788	1
3790	3
3791	2
3792	1
3793	4
3794	3
3795	2
3796	1
3797	3
3799	1
3800	2
3802	1
3803	1
3804	2
3805	2
3806	2
3807	4
3808	1
3809	2
3810	2
3811	2
3812	2
3813	6
3815	1
3816	1
3817	2
3818	1
3819	2
3820	4
20204	1
3821	3
3822	3
3824	2
3827	2
3828	3
3829	1
3830	1
3832	2
3833	2
3834	1
3835	1
3837	1
3838	1
3839	1
3840	2
3841	2
3842	3
3843	1
3844	1
3845	1
3847	2
3848	4
3849	2
3850	4
20235	1
3853	3
3854	2
3855	2
3856	2
3858	2
3859	2
3860	1
3861	2
3862	2
3863	2
3864	1
3866	3
3867	1
3868	2
3869	2
3870	2
3871	1
3872	2
3873	2
3874	1
3875	1
3876	5
3877	2
3878	1
3879	3
20263	1
3880	2
3881	5
3884	2
3885	1
3886	3
3887	1
3888	3
3891	5
3892	2
3894	2
20278	1
3895	3
3897	3
3898	1
3899	1
3900	2
3901	2
3902	6
3903	3
3904	4
3905	1
3906	1
3907	1
3908	2
3909	4
3911	1
3914	1
3915	1
3916	1
3917	2
3918	2
3920	3
3921	1
3922	2
20306	1
3923	4
3924	3
3925	4
3928	1
3929	3
3930	7
3932	2
3933	1
3935	2
3936	4
3937	1
3938	2
3939	3
3940	1
3942	1
3943	2
3946	1
3947	4
20332	1
3948	2
3949	1
3951	3
3952	1
3954	1
3955	2
3956	2
3958	2
3959	3
3960	3
3961	3
3962	1
3963	3
3964	1
3965	1
3966	2
20350	1
3967	1
3968	2
3970	3
3971	1
3973	3
3974	1
3975	1
3976	1
3979	2
3981	3
3982	2
3983	1
3984	1
3985	1
3986	1
3987	1
3991	3
3992	2
3993	2
3995	1
3997	1
3998	1
3999	1
4000	3
4001	1
4004	2
4005	2
4006	2
4007	2
4008	2
4009	4
4010	1
4011	2
4012	3
4013	3
4014	1
4015	2
4018	4
4020	1
4021	1
4022	5
4023	2
4024	2
4025	2
4026	1
4028	1
4029	3
4031	1
4032	2
4033	2
4034	1
4035	1
4036	1
4037	1
4039	2
4041	4
4042	3
4043	1
4044	1
4045	3
4046	1
4048	2
4049	1
4050	3
4051	1
4052	1
4053	3
4056	1
4058	4
4059	1
4061	3
4063	1
4064	2
4065	3
4066	2
4067	1
4068	1
4069	1
4070	2
4073	1
4074	2
4075	3
4076	2
4077	2
4078	1
4079	1
4080	2
4082	1
4083	1
4084	2
4085	1
4086	3
4087	1
4088	1
4089	2
4090	2
4091	1
4092	2
4093	1
4094	1
4095	2
4099	3
4100	2
4101	1
4102	1
4103	2
4104	3
4105	1
4106	1
4107	1
4108	3
4109	2
4110	2
4111	3
4112	1
4113	3
4114	2
4115	1
4116	1
4118	2
4119	1
4120	4
4121	1
4122	1
4123	1
4124	2
4125	1
4126	2
4127	1
4128	1
4129	1
4130	1
4131	3
4132	1
4133	3
4134	1
4135	4
4136	1
4137	1
4138	2
4139	1
4140	3
4141	3
4142	1
4143	1
4146	2
4149	2
4151	3
4154	2
4155	2
4157	3
4158	4
4159	1
4160	2
4161	1
4163	1
4165	1
4168	2
4169	2
4171	1
4173	3
4174	1
4175	2
4176	1
4178	1
4179	2
20564	1
4180	1
4182	3
4183	1
4184	1
4187	1
4188	2
4189	6
4190	1
4191	1
4192	2
4193	2
4194	2
4195	1
4196	4
4197	1
4199	2
4201	1
4202	1
4203	2
4204	3
4206	3
4210	2
4211	1
4212	2
4214	1
4215	3
20599	1
4216	1
4217	1
4218	2
4219	3
4220	2
4221	3
4222	1
4224	1
4225	1
4226	2
4227	2
4228	2
4230	1
4232	1
4233	1
4235	1
4236	2
4237	2
4239	1
4240	1
4241	2
4242	2
4244	1
4247	2
4248	2
4250	1
4252	2
4253	1
4254	2
4258	2
4260	1
4261	1
4264	1
4266	1
4269	2
4270	2
4271	1
4272	1
4273	1
4274	1
4275	1
4276	1
4277	1
4279	3
4280	1
4281	1
4283	1
4284	1
4287	2
4289	1
4292	1
4293	3
4296	2
4297	2
4298	1
4300	2
4301	1
4302	1
4303	2
4305	1
4306	1
4307	3
4308	1
4309	2
4310	1
4311	1
4313	2
4314	1
4315	2
4316	1
4317	1
4319	2
4321	1
4323	2
4324	2
4325	2
4327	2
4329	1
4330	1
4332	1
4333	1
4334	4
4336	1
4337	1
4338	1
4340	2
4341	2
4342	2
4344	2
4345	1
4346	1
4347	1
4348	2
4349	5
4350	3
4352	4
4354	1
4355	1
4356	2
4361	1
4363	2
4365	1
4366	1
4367	2
4368	1
4369	1
4373	1
4375	3
4376	2
4378	2
4379	1
4380	2
4381	4
4383	1
4384	6
4386	3
4387	3
4388	1
4391	1
4392	1
4393	5
4395	1
4397	1
4398	1
4400	4
4401	3
4403	1
4404	1
4406	2
4408	1
4409	2
4411	1
4412	2
4414	1
4415	1
4416	1
4417	2
4419	3
4421	2
4423	2
4424	2
4425	1
4426	1
4427	2
4428	2
4429	3
20814	1
4430	2
4431	1
4432	2
4433	1
4434	2
4436	1
4438	1
4439	1
4442	1
4443	1
4444	1
4445	3
4449	4
4450	2
4453	1
4455	2
4456	2
4457	1
4458	1
4460	2
4461	2
4462	2
4463	1
4465	2
4466	1
4467	1
4469	2
4470	1
4473	1
4476	1
4478	1
4479	2
4481	1
4482	1
4483	1
4484	3
4486	2
4487	1
4488	2
4491	3
4492	3
4493	3
4495	2
4496	1
4497	2
4498	2
4500	2
4502	1
4503	2
4504	1
4506	1
20891	1
4507	1
4508	1
4509	1
4510	2
4511	1
4512	2
4513	1
4515	1
4516	1
4519	3
4521	1
4523	3
4525	3
4526	2
4528	1
4529	1
4530	1
4531	1
4532	1
4533	2
4534	1
4536	1
4538	1
4539	2
4541	1
4542	1
20926	1
4543	1
4545	1
4546	1
4548	2
4550	1
4551	1
4553	1
4555	2
4556	2
4557	2
4558	3
4560	1
4561	3
4564	1
4565	1
4566	1
4567	2
4568	2
4569	1
4570	1
4571	1
4572	1
4573	1
4574	1
4577	1
4578	1
4579	1
4580	6
4581	2
4582	1
4583	1
4584	2
4585	1
4589	2
4590	1
4591	3
4592	1
4593	1
4594	2
4595	3
4596	1
20980	1
4597	1
4599	1
4600	4
4601	1
4602	1
4604	2
4605	3
4606	1
4607	2
4612	1
4614	1
4615	1
4616	2
4617	1
4619	1
4620	1
4621	1
4624	3
4625	4
4626	1
4627	3
4628	4
4629	4
4630	3
4631	5
4632	6
4633	5
4634	4
4635	2
4636	4
4637	1
4638	3
4639	3
4640	2
4641	2
4642	1
4643	3
4644	2
4645	2
4646	2
4647	1
4648	1
4651	3
4653	1
4656	4
4657	1
4658	1
4660	1
4661	2
4662	5
4663	1
4664	1
21049	1
4665	1
4666	1
4668	2
4672	2
4673	1
4675	2
4676	1
4678	1
4679	3
4680	1
4681	1
4683	1
4684	1
4685	1
4686	1
4687	1
4689	1
4690	1
4694	1
4696	1
4697	2
4698	2
4699	1
4702	1
4703	1
4704	1
4707	1
4708	1
4709	1
4710	1
4711	1
4712	2
4715	2
4716	2
4717	2
4718	2
4719	2
4720	1
4721	1
4722	1
4723	2
4724	1
4727	1
4729	2
4731	2
4733	2
4734	3
4735	2
4736	2
4737	2
4738	1
4739	2
4740	1
4741	2
4742	1
4746	3
4747	1
4748	1
4750	1
4753	2
4754	3
4755	1
4757	2
4758	1
4762	1
4764	1
4765	2
4766	2
4767	1
4768	2
4769	1
4771	3
4772	3
4773	2
21158	1
4775	2
4776	1
4777	1
4784	1
4787	1
4794	1
4795	2
4796	2
4797	1
4798	1
4802	3
4803	2
4806	1
4807	1
4809	2
4811	2
4812	1
4813	1
4815	1
4818	1
4819	2
4821	4
4822	2
21206	1
4824	1
4825	1
4826	1
4827	2
4828	1
4829	1
4830	1
4831	1
4833	1
4835	1
4836	1
4837	1
4839	3
4840	1
4843	1
4844	1
4846	1
21231	1
4847	1
21232	1
4848	2
4849	1
4850	1
4853	2
4855	2
4856	2
4857	1
4860	2
21245	1
4861	1
4868	1
4869	3
4870	1
4871	1
4872	2
4873	1
4875	1
4876	1
4881	1
4883	1
4884	1
4885	1
4888	1
4890	1
4891	1
4893	1
4894	1
4895	1
4896	2
4897	1
4898	2
4899	2
4900	1
21284	1
4901	2
4905	1
4907	1
4908	2
4909	1
4910	2
4914	1
4915	1
4916	2
4919	1
4920	1
4922	1
4924	1
4925	3
4926	2
4927	1
4928	1
4929	1
4934	3
4935	1
4936	1
4942	1
4945	1
4947	2
4950	1
4954	2
4955	1
4956	1
4958	1
4961	2
4962	1
4963	1
4964	2
4965	2
4967	1
4969	1
4970	2
4972	1
4974	2
4978	2
4979	1
4980	1
4983	1
4985	2
4986	1
4987	1
4989	1
4991	3
4993	1
4995	2
4997	1
4999	2
5002	2
5003	1
5004	1
5005	2
5006	1
5007	1
5008	2
5009	1
5010	2
5011	2
5012	1
5015	1
5021	3
5024	1
5025	1
5028	2
5029	1
5030	2
5031	1
21417	1
5033	1
5035	3
5038	1
5042	2
5048	1
5050	2
5051	1
5053	2
5058	1
5059	2
5062	1
21448	1
5065	1
5066	2
5071	1
5076	2
5078	1
5079	4
5081	1
5082	1
5084	1
5085	1
5088	2
5090	1
21475	1
5091	1
5095	1
5098	2
5100	1
5102	2
5104	1
5105	1
5113	1
5116	2
5117	1
5121	1
5123	1
5125	2
5127	4
5132	1
5133	1
5137	1
5138	1
5139	1
5141	1
5145	1
5147	1
5148	1
5149	1
5150	1
5159	1
5166	1
5167	1
5171	2
5172	1
5173	2
5175	1
5176	1
5178	1
5179	1
5181	1
5183	2
5184	1
5188	1
5190	3
5191	1
5192	1
5193	2
5194	1
5196	1
5198	2
5202	1
5205	1
5208	1
5210	1
5211	1
5212	2
5214	1
5216	1
5219	1
5221	1
5222	2
21607	1
5225	2
5226	1
5227	1
5229	1
5230	2
5232	1
5233	1
5235	1
5239	1
5240	2
5241	2
5243	2
5250	1
5252	1
5255	1
5256	1
5257	1
5258	2
5264	1
5266	1
5268	2
5276	2
5277	1
5278	1
5279	1
5281	1
5282	2
5284	1
5286	1
5287	1
5288	1
5289	2
5291	2
5292	1
5293	3
5296	1
5298	1
5301	1
21687	1
5306	2
5307	3
5309	1
5313	1
5314	1
5324	1
5326	2
21714	1
5330	1
5331	1
5333	1
5334	1
5335	1
5337	1
5340	3
5341	1
5342	1
5345	1
5347	1
5350	1
5352	1
5354	2
5355	1
5358	1
5359	2
5360	3
5361	1
5362	1
5364	2
5365	1
5367	1
5368	1
5371	1
5372	2
5377	2
5378	1
21764	1
5384	1
5385	1
5387	1
5390	2
5393	1
5394	1
5395	1
5397	1
5401	1
5402	2
5403	1
5405	1
5406	1
5408	1
5411	1
5412	2
5420	1
5421	1
5423	1
5426	1
5430	1
5434	1
5435	1
5436	2
5437	2
5438	1
5439	2
5441	1
5446	1
5447	1
5450	2
5451	1
5452	1
5453	1
5459	2
5462	1
5464	2
5471	2
5473	1
5474	1
5475	1
5476	1
5477	1
5478	1
5484	1
5485	1
5487	2
5489	3
5493	1
5497	2
5499	1
5500	1
5501	1
5502	1
5507	2
5510	2
5511	3
5513	2
5514	1
5516	1
5518	1
5521	1
5523	2
5525	1
5526	1
5528	1
5529	2
5530	1
5531	1
5532	1
5533	2
5536	2
5537	1
5538	1
5541	1
5543	2
5544	1
5545	1
5546	3
5547	1
5548	1
5551	1
5552	1
5555	2
5558	1
5561	1
5564	2
5565	1
5567	1
5570	1
5572	1
5574	2
5575	2
5581	1
5586	1
5587	1
5588	3
5596	1
5603	1
5605	1
5606	4
5612	1
5614	1
5617	1
5618	2
5623	1
5624	2
5626	3
5630	1
5641	3
5642	2
5643	1
5647	1
5651	1
5653	1
5654	1
5657	1
5661	1
5662	1
5663	1
5667	1
5670	1
5673	1
5674	1
5680	1
5682	1
5683	1
5686	1
5689	1
5694	1
5697	1
5702	1
5707	1
5710	1
5711	1
5715	1
5716	1
5723	1
5725	2
5726	1
5727	1
5729	1
5731	1
5732	1
5735	1
5737	1
5740	2
5741	1
5745	1
5746	1
5753	2
5754	2
5757	1
5758	1
5759	1
5762	1
5764	2
5765	1
5766	3
5767	1
5772	1
5774	1
5776	1
5777	1
5782	1
5785	1
5786	1
5787	1
5792	1
5795	1
5796	2
5798	2
5801	3
5802	1
5803	1
5806	1
5807	2
5811	1
5812	1
5817	1
22202	1
5825	1
5829	1
22214	1
5831	1
5835	2
5836	1
5838	1
5840	1
5841	1
5843	1
5845	1
5846	1
5849	4
5851	1
5859	1
5860	1
5861	1
5863	3
5864	1
5866	2
5868	1
5870	2
5872	1
5873	1
5874	1
5875	1
5876	2
5880	2
5882	2
5885	2
5889	1
5892	1
5896	1
5897	2
5901	1
5903	1
5906	1
5907	2
5908	1
5913	1
5914	1
5916	1
5918	1
5919	1
5920	2
5921	3
5922	1
5923	2
5927	2
5935	3
5936	2
5938	1
5940	1
5942	1
5943	1
5944	1
5946	1
5950	3
5951	4
5953	1
5955	2
5959	1
5960	3
5961	1
5965	1
5970	1
5971	1
5974	1
5975	2
5977	1
5978	1
5983	1
5984	1
5986	2
5987	3
5988	2
5990	1
5991	3
5994	1
5995	2
5999	2
6000	1
6004	1
6006	1
6007	1
6009	1
6016	1
6020	2
6022	1
6024	1
6026	2
6027	1
6030	1
6034	1
6035	1
6038	1
6039	1
6042	1
6043	2
6045	2
6046	1
6050	1
6051	1
6054	1
6055	1
6060	1
6061	1
6062	1
6066	2
6068	2
6074	2
6075	1
6078	1
6081	1
6084	1
6085	2
6087	1
6089	1
6093	2
6099	1
6102	1
6105	2
6106	1
6107	2
6109	1
6112	2
6113	1
6115	2
6120	1
6121	1
6125	1
6131	1
6133	1
6134	2
6135	2
6137	2
6139	1
6142	2
6143	1
6146	1
6153	1
6154	2
6157	1
6158	1
6160	1
22546	1
6165	2
6167	1
6171	1
6172	1
6174	1
6175	3
6176	1
6178	1
6179	1
6180	1
6184	1
22570	1
6187	1
6189	3
6191	1
6194	1
6195	1
6196	1
6198	2
6199	2
6200	1
6201	1
6202	1
22587	1
6203	1
6205	1
6206	2
6207	1
6209	1
6212	1
6216	1
6218	1
22603	1
6220	1
6221	1
6222	1
6223	1
6225	1
6228	2
6230	1
6233	2
6236	1
6240	1
6244	1
6245	1
6252	1
6255	1
6257	1
6260	2
6261	1
6262	1
6265	1
6268	1
6274	1
22659	1
6278	1
6281	2
6282	1
6285	1
6289	2
6290	1
6292	1
6294	2
6298	1
6299	2
6303	1
6304	1
6305	3
22691	1
6308	1
6311	1
6312	1
6314	1
6319	2
6320	1
6323	1
6324	1
6327	3
6328	1
6329	1
6330	2
6331	1
6333	1
6334	1
6336	2
6339	1
6341	1
6345	1
6346	1
6349	1
6351	2
6353	1
22742	1
6359	1
6361	1
6367	1
6368	1
6370	1
6371	1
6374	3
6376	1
6379	1
6383	2
6386	1
6387	1
6394	1
6395	1
6396	3
6397	1
6398	1
6399	1
6400	3
6406	1
6407	1
6412	1
6413	1
6414	1
6417	1
6418	1
6419	1
6420	1
6422	1
6423	1
6427	2
6431	1
6432	1
6433	2
6438	2
6441	2
6442	1
6444	2
6447	1
6449	1
6451	1
6455	3
6462	1
6464	1
6468	1
6469	1
6471	2
22855	1
6474	1
6484	2
6486	1
6488	1
6489	2
6491	1
6495	1
6496	1
6502	1
6503	1
6504	1
6505	1
6507	2
6508	1
6510	1
6511	1
6512	1
6516	1
6519	1
6521	2
6522	2
6523	2
6526	1
6527	1
6530	2
6532	1
6535	2
6538	2
6539	1
6545	1
22929	1
6550	1
6556	2
6560	1
6561	1
6563	3
6567	1
6572	1
6574	2
6580	1
6585	2
6588	1
6589	1
6592	1
6593	1
6594	1
6596	1
6599	1
6600	1
6601	1
6602	1
6603	3
6606	1
22990	1
6607	1
6612	1
6614	1
6615	2
6617	1
6618	2
6620	1
6623	2
6628	1
6630	1
6632	1
6636	1
6637	1
6639	1
6642	1
6645	2
23033	1
6650	1
6652	1
6654	1
6655	1
6660	1
23045	1
6663	1
6666	1
6667	1
6672	1
6675	2
6676	2
6677	1
6681	1
6683	1
6688	1
6689	1
6691	1
6692	1
6702	1
6704	1
6705	1
6713	2
6719	1
6720	1
6727	1
6728	1
6731	1
6737	1
6739	1
6743	1
6745	1
6747	1
6749	2
6753	1
6755	2
6757	1
6765	2
6766	1
6769	1
6772	1
6773	1
6774	1
6775	1
6778	2
6779	2
6780	1
6783	1
6788	2
6792	1
6796	1
6802	2
6803	2
6814	1
6819	1
6820	1
6823	2
6825	1
6833	2
6834	2
6835	1
6838	1
6853	1
6856	1
6857	1
6861	1
23246	1
6864	1
6877	2
6882	2
6883	1
6884	1
6885	1
6888	3
23273	1
6891	1
6894	1
6896	1
6898	2
6899	2
6905	1
6910	1
6911	3
6913	2
6916	1
6918	2
6920	1
6924	1
6926	1
23312	1
6933	1
6934	1
6936	1
6940	2
6942	1
6943	1
6944	1
6945	1
6946	1
6947	1
6948	1
6951	1
6953	1
6962	2
6966	1
6971	1
6972	2
6973	1
6974	1
6984	1
6986	1
6990	2
6994	1
6995	1
6999	2
7000	1
7001	1
7004	2
7005	1
7008	1
7009	1
7010	3
7012	1
7015	1
7016	1
7017	2
7018	1
7019	1
7020	1
7032	1
7033	1
7038	1
7040	1
7041	1
7042	1
7048	2
7049	1
7051	1
7053	2
7054	1
7056	1
7058	1
7060	1
7062	1
7064	1
7067	1
7068	1
7071	1
7072	2
7075	2
7076	1
7077	1
7079	1
7080	1
7081	1
7085	1
7087	1
7090	1
7091	1
7105	1
7110	2
7114	1
7118	2
7121	2
7123	1
7134	2
7137	1
23527	1
7147	1
7154	3
7156	1
7158	1
7160	2
7162	1
7164	2
7165	1
7167	1
7170	1
7172	2
7174	1
7176	1
7179	1
7183	1
7184	1
7187	1
7192	1
7193	2
23581	1
7197	1
7203	1
7206	1
7208	1
7210	1
23596	1
7212	1
7213	1
7216	1
7228	1
7233	1
7234	1
7238	1
7243	1
7247	1
7249	2
7251	1
7255	1
7256	1
7259	1
7261	1
7263	1
7265	1
7269	1
7270	1
7275	1
7276	1
7279	1
7282	1
7285	1
7290	1
7301	1
7305	1
7308	1
7310	1
7312	1
7315	2
7317	1
7321	1
7330	1
7339	2
23726	1
7342	2
23727	1
7344	1
23729	1
7345	1
23730	1
7346	1
23731	1
23732	1
23733	1
23734	1
23735	1
23736	1
7353	1
7354	1
7355	1
7358	1
7359	1
7361	1
7362	1
7364	1
23750	1
7368	1
7374	1
7378	1
7380	1
7385	1
23770	1
23772	1
7391	1
7394	1
7395	1
23779	1
7397	3
23785	1
7405	2
23793	1
7412	1
7413	1
23798	1
7414	1
7420	1
7426	2
7429	1
7432	2
7434	2
7440	1
23825	1
23826	1
23831	1
7448	1
23832	1
23833	1
23834	1
23835	1
23836	1
23837	1
7453	1
23838	1
23839	1
23840	1
23841	1
23842	1
23843	1
7459	1
23844	1
7460	1
23845	1
23846	1
23847	1
7465	1
7466	1
7470	1
7474	1
7475	1
7479	1
7481	1
7486	1
7500	1
7501	1
7506	2
7507	1
23894	1
7511	1
7516	1
7518	1
7525	2
7526	1
7527	2
7528	1
7529	1
7531	1
23918	1
23919	1
7537	2
7538	1
7539	1
7540	1
7545	1
7555	2
7557	1
7560	1
7561	1
7573	1
23959	1
7576	1
7578	2
7579	1
7581	1
23967	1
7584	1
7585	1
7586	1
7590	1
23976	1
7592	1
7595	1
7600	1
7606	1
7607	1
7610	1
7611	2
7618	2
7621	1
7625	1
7626	1
7632	1
7635	1
7637	1
7644	1
7647	1
7648	1
7649	2
7650	1
7651	1
7654	1
7664	1
7668	1
7669	1
7670	2
7673	2
7675	3
7676	1
7678	1
7680	1
7682	1
7683	1
7692	1
7694	1
7697	2
24082	1
7701	2
7704	2
7705	1
7708	1
7717	1
7718	1
7726	1
7731	1
7732	1
7734	1
7736	1
7740	1
7742	1
7753	1
7754	3
24138	1
7755	2
7756	1
24147	1
7764	1
7768	2
7769	1
7770	1
7771	1
24156	1
7773	1
7775	2
7781	2
7783	1
7785	2
7788	1
7791	1
7794	1
7796	1
7800	1
7803	1
7809	1
7811	2
7818	1
24205	1
7823	1
7824	1
7828	1
7829	2
7832	2
7834	1
7837	2
7838	1
7840	1
7841	1
7847	2
7848	1
7850	1
7851	1
7852	1
7854	2
7860	1
7864	1
7866	1
7867	1
7868	1
7871	1
7873	1
7877	1
7880	2
7881	2
7882	1
7884	1
7887	2
7888	1
7893	1
7894	2
7896	1
7898	1
7901	1
7905	1
7908	1
7917	1
7919	1
7920	1
7924	1
7925	1
7927	1
7928	1
7935	1
7938	1
7940	1
7945	1
7946	1
7947	1
7953	1
7954	1
7955	2
7960	1
7964	1
7967	1
7971	1
7972	1
7983	1
7984	1
7985	1
7987	1
7989	1
7990	2
7992	1
7993	1
7995	1
7998	1
8002	1
8016	1
8020	1
8021	1
8025	2
8031	1
8032	2
8033	1
8035	2
8036	1
8037	1
8038	2
8039	1
8042	1
8044	1
8045	1
24431	1
8049	1
8052	1
8060	1
8066	1
8073	1
8080	1
8091	1
24476	1
8098	1
8101	1
8102	1
8107	1
8109	1
8116	1
8117	1
8126	2
8128	1
8132	1
8140	1
8141	1
8143	1
8154	1
8156	1
8157	1
8159	1
24544	1
8165	1
8166	1
8167	1
8169	1
8170	2
8172	1
8177	1
24567	1
24572	1
8197	1
8199	1
8205	1
8210	1
8214	1
8217	1
8224	1
8234	1
8238	1
8239	2
8240	1
8241	1
8251	1
8261	1
8262	1
8268	1
8274	1
8278	1
8289	1
8293	1
8296	1
8299	1
24697	1
8327	1
8329	1
24713	1
8330	1
8331	1
8333	1
8335	1
8337	1
8344	1
8347	1
8348	1
8349	1
8353	1
8355	1
8359	1
8375	1
8380	1
8382	1
8384	1
8389	2
8393	1
8395	1
8397	2
8407	1
8412	1
24799	1
8422	1
8429	1
8430	1
8433	1
8436	1
8443	1
8444	1
8445	1
8452	1
8457	1
8461	2
8475	1
8481	2
8486	1
8499	1
8503	1
8508	1
8523	1
8524	1
8530	1
8531	1
8533	1
8537	1
8551	1
8557	1
8558	1
24948	1
8567	1
8571	1
8574	1
8577	1
8580	1
8585	1
8589	1
8596	1
8597	1
8604	1
8606	1
8613	1
8621	1
8629	1
25018	1
8638	1
8639	2
8641	1
8644	1
8646	1
8649	4
8651	2
8652	1
8664	1
8671	1
8672	2
8676	1
8679	1
8685	1
8692	2
8694	1
8695	1
8698	2
8701	1
8704	1
8705	2
8709	1
8711	1
8713	2
8719	2
8733	1
8739	1
8742	1
8756	1
8760	1
8761	1
8766	1
8768	1
8770	1
8779	1
8790	1
8798	1
8812	1
8817	1
8820	1
8822	2
8824	1
8834	1
8835	2
8856	1
8860	1
8862	1
8866	1
8867	1
8869	1
8879	1
8884	1
8886	1
8888	1
8889	1
8901	1
8904	1
8906	1
8909	1
8921	1
8925	1
8927	1
8931	1
8934	1
8940	1
8942	2
8951	4
8953	1
8955	1
8960	2
8961	1
8966	2
8970	1
8985	2
8990	1
8991	1
9001	1
9003	1
9005	2
9010	1
9012	1
9015	1
9016	1
9033	1
9035	1
9036	1
9040	1
9041	1
9045	1
9056	1
9058	1
9067	1
9068	1
9071	1
9075	1
9085	1
9086	1
9088	1
9089	1
25484	1
9106	1
9110	2
9117	1
9121	1
9122	1
9125	1
9127	2
9141	1
9147	1
9157	1
9160	1
9167	1
9169	1
9171	1
9177	1
9179	1
9180	1
9181	1
9182	1
9185	1
9201	1
9209	2
9222	1
9226	2
9228	1
9234	1
9236	3
9240	1
9253	1
9254	1
9255	1
9256	1
9267	1
9271	1
9281	1
9286	1
9289	2
9290	1
9311	1
9313	1
9315	1
9322	1
9332	2
9333	2
25722	1
25725	1
9343	1
9344	1
9348	1
9352	1
9359	1
9362	1
9364	1
9379	1
9380	1
9381	2
25768	1
9389	1
9394	1
9403	1
9406	1
9413	1
9424	1
9432	1
9436	1
9438	2
9439	1
9442	2
9446	1
9448	1
9456	2
9468	1
9471	1
9477	1
9482	1
9484	1
9487	1
9488	1
9494	1
9499	1
9500	1
9505	1
9507	1
9529	1
9530	1
9541	1
9549	1
9554	2
9555	1
9570	1
9580	1
9583	1
9591	1
9597	1
9605	1
9609	1
9610	1
9611	1
9615	1
9630	1
9637	2
9645	1
9650	2
9652	1
9653	1
9663	1
9674	1
9683	1
9719	1
9720	1
9721	1
9728	1
9736	1
9745	1
9751	1
9752	1
9759	1
9762	1
9768	1
9769	1
9774	1
9777	1
9783	1
9784	1
9785	1
9793	1
9807	1
9821	1
9843	1
9845	1
9857	2
9863	1
9868	1
9871	1
9872	1
9873	1
9882	1
9896	1
9898	1
9901	1
9903	1
9914	1
9918	1
9919	1
9921	1
9931	1
9935	1
9939	1
9955	1
9956	1
9959	1
9961	1
9962	1
9966	1
9970	1
9971	2
9974	1
9987	1
9990	1
9996	1
10000	1
10013	1
10020	1
10029	1
10030	1
10035	1
10040	1
10056	1
10059	2
10064	1
10067	1
10086	1
10088	1
10092	1
10096	1
10112	2
10116	1
10117	1
10124	1
10125	1
10130	2
10133	1
10134	1
10145	1
10165	1
10178	1
10184	1
10189	1
10195	1
10196	1
10197	1
10198	1
10202	2
10205	2
10207	2
10209	1
10212	1
10215	1
10217	1
10218	1
10219	1
10221	1
10224	1
10229	1
10245	2
10250	1
10252	1
10263	1
10267	1
10270	1
10277	1
10283	1
10289	1
10301	1
10303	1
10310	1
10323	2
10327	1
10331	1
10335	1
10344	2
10353	1
10363	1
10370	1
10373	1
10389	1
10397	1
10399	1
10414	1
10417	1
10422	1
10432	1
10433	1
10436	1
10440	1
10447	1
10448	1
10450	1
10456	1
10457	1
10458	1
10460	1
10463	1
10464	1
10466	1
10481	1
10487	1
10490	1
10496	1
10504	1
10506	1
10509	1
10514	2
10530	1
10538	1
10541	1
10565	1
10571	1
10578	1
10582	1
10588	1
10595	1
10598	1
10599	2
10601	1
10609	1
10611	1
10613	1
10633	2
10636	1
10639	1
10652	1
10653	1
10656	1
10657	1
10672	1
10687	1
10691	1
10692	1
10696	1
10699	1
10702	1
10711	1
10723	1
10726	1
10737	1
10738	1
10740	1
10753	2
10758	1
10762	1
10765	1
10767	1
10770	2
10771	1
10772	1
10779	1
10789	1
10803	1
10805	1
10829	2
10832	1
10842	1
10843	1
10845	1
10854	2
10870	2
10889	1
10893	1
10896	1
10898	1
10914	2
10920	2
10932	1
10943	1
10945	1
10952	1
10955	1
10962	1
10976	1
10978	1
10980	1
10981	1
10986	1
10991	1
10994	1
10996	1
10998	2
11005	1
11013	1
11018	1
11026	1
11029	1
11033	1
11038	1
11046	1
11063	1
11066	2
11068	1
11069	1
11072	1
11076	1
11080	1
11083	1
11095	1
11129	1
11133	1
11134	1
11144	1
11154	1
11160	1
11161	1
11165	1
11191	1
11202	1
11209	1
11215	1
11220	1
11221	3
11238	1
11245	2
11250	1
11267	3
11271	1
11274	1
11275	1
11280	1
11281	1
11284	1
11285	1
11291	1
11299	1
11305	1
11314	1
11315	2
11327	1
11329	2
11333	1
11336	1
11342	1
11357	1
11358	1
11360	1
11368	2
11371	1
11372	1
11376	1
11378	1
11384	1
11386	1
11389	1
11391	2
11392	1
11414	1
11415	1
11420	1
11426	1
11432	1
11434	1
11435	1
11444	1
11454	1
11468	1
11472	1
11473	1
11478	1
11494	1
11504	2
11509	2
11513	1
11516	1
11521	1
11531	1
11535	1
11544	1
11552	1
11560	1
11564	1
11565	1
11567	2
11572	1
11575	1
11576	2
11578	1
11579	1
11583	1
11587	1
11591	1
11592	2
11601	1
11608	1
11614	1
11620	1
11621	1
11633	1
11641	1
11642	1
11644	1
11651	1
11655	1
11665	1
11677	2
11682	1
11683	1
11686	2
11695	1
11704	1
11707	2
11717	1
11732	1
11734	1
11735	1
11738	1
11748	1
11749	1
11751	1
11752	1
11754	1
11758	1
11761	1
11766	1
11770	1
11772	1
11785	1
11792	1
11793	1
11796	1
11800	1
11801	2
11803	1
11807	1
11809	1
11811	1
11814	1
11817	1
11818	3
11824	1
11825	1
11827	1
11831	1
11835	1
11839	1
11842	1
11844	1
11845	1
11848	1
11860	1
11867	1
11873	1
11880	1
11882	1
11898	1
11905	1
11909	1
11911	1
11921	2
11932	1
11934	1
11935	1
11944	1
11945	1
11951	1
11955	1
11956	1
11957	1
11958	1
11961	2
11963	1
11980	1
11992	1
11995	1
12003	1
12004	1
12011	1
12012	1
12020	1
12031	1
12032	1
12033	1
12042	1
12046	1
12083	1
12102	1
12106	1
12117	1
12123	1
12125	1
12140	1
12149	1
12152	1
12153	1
12163	1
12171	1
12172	1
12175	1
12190	1
12193	1
12197	1
12203	1
12214	1
12217	1
12233	1
12243	1
12244	1
12261	1
12265	1
12266	2
12272	1
12275	1
12282	1
12286	1
12291	1
12293	2
12295	1
12303	1
12308	1
12316	1
12318	2
12326	1
12328	1
12332	1
12344	1
12346	1
12349	1
12350	1
12356	1
12357	1
12358	1
12377	1
12383	1
12384	1
12387	1
12390	1
12394	1
12395	1
12396	1
12399	1
12411	1
12413	1
12417	1
12430	1
12431	1
12434	1
12447	1
12453	1
12455	2
12460	1
12468	1
12469	2
12474	1
12476	1
12487	1
12489	1
12504	2
12505	1
12506	1
12508	1
12510	1
12526	1
12529	1
12540	1
12546	1
12557	1
12559	1
12562	1
12564	1
12570	1
12586	1
12590	1
12599	1
12604	1
12610	1
12621	1
12634	1
12635	1
12637	1
12642	1
12649	1
12659	1
12666	1
12667	1
12684	1
12689	1
12700	1
12708	1
12727	1
12732	1
12737	1
12739	2
12740	2
12745	1
12757	1
12760	1
12777	1
12792	1
12799	1
12801	2
12804	2
12807	1
12809	1
12810	1
12819	1
12830	1
12836	2
12844	1
12854	1
12855	1
12861	1
12869	1
12875	1
12881	1
12898	1
12915	1
12923	1
12934	1
12936	1
12939	1
12942	1
12964	1
12969	1
12974	1
12983	1
12986	1
12987	1
12992	1
12996	1
12998	1
12999	1
13002	2
13007	1
13012	1
13015	1
13019	2
13032	2
13044	1
13045	1
13050	1
13052	1
13055	1
13066	1
13067	1
13069	1
13070	1
13079	1
13081	1
13082	1
13089	1
13090	2
13091	1
13105	2
13112	2
13124	1
13134	1
13164	1
13166	1
13168	1
13171	1
13174	1
13182	1
13186	1
13206	1
13210	1
13214	1
13221	1
13226	1
13231	1
13240	1
13268	1
13279	2
13284	1
13297	1
13302	1
13305	2
13318	1
13323	1
13325	1
13328	2
13330	2
13341	1
13350	1
13359	1
13361	1
13363	1
13365	1
13385	1
13386	1
13390	1
13391	1
13395	1
13427	1
13437	1
13440	1
13446	1
13465	1
13469	1
13472	1
13484	1
13485	1
13486	1
13487	1
13489	1
13510	1
13518	1
13522	1
13523	1
13524	1
13529	1
13540	1
13544	1
13551	1
13554	1
13561	1
13568	1
13584	1
13586	1
13616	1
13626	1
13630	1
13634	1
13642	1
13661	1
13664	1
13672	1
13681	1
13707	1
13711	1
13712	1
13723	1
13733	1
13738	1
13778	1
13784	1
13790	1
13796	1
13798	1
13806	1
13840	1
13843	1
13846	1
13860	1
13878	1
13882	1
13901	1
13905	1
13907	1
13912	1
13915	1
13916	1
13919	1
13934	1
13944	1
13949	1
13965	1
13996	1
13999	1
14015	1
14021	1
14025	1
14037	1
14040	1
14068	1
14070	1
14072	1
14076	1
14077	1
14080	1
14083	1
14103	1
14110	1
14112	1
14121	1
14129	1
14142	1
14156	1
14158	1
14167	1
14174	1
14175	1
14177	1
14199	2
14209	1
14213	1
14219	1
14224	1
14240	1
14253	1
14260	1
14264	1
14288	1
14290	2
14291	1
14309	1
14314	1
14319	1
14325	1
14340	2
14358	1
14363	1
14375	1
14382	1
14385	1
14389	1
14391	1
14415	1
14417	1
14441	1
14452	1
14464	1
14475	1
14480	1
14488	1
14490	1
14492	1
14502	1
14505	1
14518	1
14523	2
14528	1
14529	1
14541	1
14542	1
14543	1
14550	1
14557	1
14558	1
14559	1
14563	1
14569	1
14574	2
14576	1
14579	1
14582	1
14584	1
14593	1
14599	1
14600	1
14601	1
14624	1
14647	1
14648	1
14674	2
14693	1
14699	1
14718	1
14722	1
14724	2
14726	1
14731	1
14733	1
14734	1
14754	1
14755	1
14761	1
14771	1
14787	1
14792	1
14800	2
14801	1
14814	1
14816	2
14821	1
14825	1
14829	1
14837	1
14852	1
14857	1
14858	3
14861	1
14862	1
14863	1
14865	2
14879	1
14890	1
14892	1
14900	1
14903	1
14909	1
14911	1
14917	1
14926	2
14937	1
14943	2
14944	1
14945	1
14959	1
14960	1
14961	1
14963	1
14969	1
14971	1
14972	1
14976	1
14978	2
14979	1
14988	1
14994	2
15007	1
15009	1
15012	1
15013	1
15015	1
15020	1
15028	1
15030	1
15041	1
15047	1
15053	2
15065	1
15067	1
15079	1
15082	1
15086	1
15090	1
15105	1
15109	1
15114	1
15121	1
15129	1
15133	1
15137	1
15141	1
15148	1
15149	1
15153	1
15156	1
15158	1
15165	1
15166	1
15179	1
15180	1
15187	1
15189	1
15194	2
15195	1
15198	1
15201	1
15202	1
15206	2
15207	1
15214	1
15220	1
15248	1
15252	1
15255	1
15264	1
15266	1
15269	1
15290	2
15294	1
15297	1
15308	2
15310	1
15314	1
15326	1
15328	1
15337	1
15339	1
15342	1
15345	2
15348	1
15353	1
15360	1
15364	1
15374	2
15376	1
15383	1
15386	1
15389	1
15402	1
15408	1
15413	1
15415	1
15428	1
15432	2
15441	1
15453	1
15456	1
15461	1
15464	1
15467	1
15469	1
15474	1
15476	1
15482	1
15491	1
15494	1
15516	1
15517	1
15518	1
15527	1
15529	1
15530	1
15531	1
15534	2
15537	1
15539	1
15544	1
15548	1
15553	1
15554	1
15556	2
15557	1
15571	1
15578	1
15582	1
15597	1
15602	1
15603	1
15609	1
15614	1
15617	1
15627	1
15628	1
15630	1
15633	1
15635	1
15637	1
15642	1
15646	1
15648	1
15650	2
15654	1
15660	1
15667	1
15671	1
15673	1
15674	1
15683	1
15696	1
15699	1
15702	1
15703	1
15706	1
15714	1
15719	1
15722	1
15728	1
15732	2
15733	1
15739	1
15742	1
15745	1
15749	1
15751	1
15753	1
15756	1
15767	1
15769	1
15773	1
15776	1
15779	2
15780	1
15785	1
15786	1
15789	1
15795	2
15800	1
15811	1
15815	1
15816	1
15822	2
15823	1
15829	1
15830	1
15835	1
15852	1
15853	1
15855	1
15856	1
15857	1
15858	3
15867	1
15870	2
15872	1
15875	1
15876	1
15879	1
15886	1
15892	1
15895	1
15901	1
15904	1
15906	1
15910	1
15912	1
15920	2
15931	1
15937	2
15941	1
15944	1
15945	1
15949	1
15951	2
15956	1
15957	1
15959	1
15965	2
15968	1
15979	2
15980	1
15984	1
15997	1
15999	1
16000	1
16003	1
16004	1
16019	1
16021	2
16022	1
16023	1
16029	1
16040	1
16047	2
16049	2
16062	1
16081	2
16085	1
16090	1
16097	1
16104	1
16111	1
16117	1
16120	1
16125	2
16138	1
16139	2
16140	1
16142	1
16145	1
16146	1
16149	1
16154	2
16156	1
16158	1
16165	1
16169	1
16174	1
16182	1
16184	1
16190	1
16191	1
16201	1
16203	1
16204	1
16205	1
16214	1
16216	1
16231	1
16232	1
16234	1
16238	1
16242	1
16243	1
16244	1
16249	1
16260	2
16261	1
16268	1
16271	1
16276	1
16278	1
16291	1
16295	1
16299	2
16303	1
16304	1
16305	1
16307	1
16314	1
16318	1
16328	1
16336	1
16342	1
16343	1
16344	1
16345	1
16347	1
16351	1
16364	1
16365	1
16366	1
16369	2
16381	2
