1	15
2	10
3	12
4	16
5	6
6	19
7	17
8	9
9	14
10	11
11	13
12	13
13	19
14	12
16398	1
15	8
16	10
17	13
18	8
16403	1
19	8
20	11
16404	1
21	20
22	11
23	6
24	10
25	11
16409	1
26	10
27	15
28	7
29	14
30	11
31	12
32	14
16416	1
33	7
34	7
35	12
36	10
16420	1
37	7
38	12
39	11
40	20
41	16
42	11
43	8
44	10
45	12
16429	1
46	5
47	13
16431	1
48	9
16432	1
49	9
50	12
51	4
52	11
53	9
16438	1
54	4
55	5
56	17
16440	1
57	13
58	10
59	6
60	9
61	7
62	10
63	14
64	15
16448	1
65	18
66	10
67	11
16451	1
68	4
69	7
70	12
71	12
72	8
73	11
74	8
16458	1
75	6
76	9
77	10
78	8
16462	2
79	11
16463	1
80	12
81	11
82	2
83	8
84	10
85	9
86	3
87	7
16471	1
88	7
89	5
16473	1
90	10
91	5
16475	1
92	15
93	6
94	10
95	15
96	6
97	6
98	10
16482	1
99	7
100	10
101	7
102	3
16486	1
103	5
104	8
105	11
106	7
16491	1
107	12
108	8
109	13
110	6
111	9
112	6
113	8
16497	1
114	10
115	6
116	9
117	11
118	10
119	4
120	10
121	5
122	10
123	12
124	9
125	9
126	15
127	11
128	11
129	11
130	11
131	6
132	11
133	11
134	16
135	12
136	7
137	8
138	11
139	9
140	8
141	7
142	6
143	5
144	10
145	5
146	13
16530	1
147	9
16531	1
148	6
149	8
150	10
151	11
152	7
16536	1
153	7
16537	1
154	11
16538	1
155	4
156	13
157	8
158	8
159	7
160	7
161	10
162	8
163	12
16547	1
164	11
16549	1
165	6
166	5
167	9
168	6
169	9
170	9
171	8
172	6
173	12
174	7
175	9
176	8
177	9
178	9
179	7
180	5
181	9
16565	1
182	7
183	8
184	5
185	5
186	11
16570	1
187	4
188	9
189	6
16573	1
190	4
191	7
192	8
193	12
194	5
195	10
196	8
197	13
198	10
199	7
200	8
201	10
202	3
16586	1
203	9
204	8
205	9
206	5
207	9
208	7
209	9
210	4
211	5
212	6
213	4
16597	1
214	12
215	4
216	13
16600	1
217	14
218	5
219	14
220	5
221	7
222	6
16606	1
223	7
224	7
16608	1
225	7
226	10
227	5
228	4
16613	1
229	8
230	7
231	11
232	7
16616	1
233	6
234	10
235	12
236	8
237	4
238	5
16622	1
239	5
240	6
241	6
242	8
243	7
244	12
16628	1
245	9
246	9
16630	1
247	10
248	6
16632	1
249	6
250	6
251	3
16635	1
252	3
253	8
254	9
255	10
256	13
257	3
258	10
259	5
260	6
261	5
262	3
16646	1
263	5
264	10
265	6
16649	1
266	7
267	10
268	9
269	7
270	7
271	9
272	12
16657	1
273	4
274	11
275	11
276	5
277	8
278	8
16662	1
279	5
280	8
281	5
282	13
283	7
284	11
285	4
286	3
287	11
288	10
289	6
290	8
291	5
292	7
293	5
16677	1
294	7
295	9
296	11
297	9
298	7
299	8
300	5
301	5
302	6
303	12
304	6
305	6
306	6
307	6
308	5
309	5
310	4
16694	1
311	9
312	3
16696	1
313	8
314	4
315	4
316	4
317	4
318	4
16702	1
319	4
320	5
321	6
322	3
323	7
324	5
325	9
326	8
327	5
328	4
329	2
330	11
331	4
332	9
333	8
334	9
16718	1
335	2
336	10
337	6
338	8
339	9
340	4
341	5
342	4
343	4
344	8
345	8
346	9
347	4
348	6
349	9
350	6
351	4
352	5
353	5
354	6
355	8
356	8
357	8
358	7
359	6
360	5
361	6
362	5
363	4
364	6
365	3
366	6
16750	1
367	8
368	4
369	4
370	9
371	6
372	4
373	9
374	9
375	8
376	9
377	5
378	7
379	3
380	5
16764	1
381	8
382	10
383	6
384	10
385	9
386	7
387	5
388	10
389	8
390	5
391	3
392	6
393	6
394	3
395	9
396	5
397	5
398	1
399	7
400	7
401	4
16786	1
402	7
403	8
404	5
405	3
406	7
407	7
408	8
409	5
16793	1
410	4
411	8
412	10
16796	1
413	4
414	5
415	1
416	3
417	4
418	7
419	6
420	1
421	6
422	1
423	6
424	4
425	8
426	1
427	5
428	3
429	5
430	6
431	4
432	3
433	4
434	6
435	5
436	3
437	6
438	7
439	5
440	5
441	9
442	6
443	5
444	8
445	2
446	3
447	4
448	2
449	2
16834	1
450	7
451	5
16835	1
452	3
16836	1
453	6
454	3
455	3
456	4
457	4
458	1
459	5
460	6
16845	1
461	4
462	2
463	4
464	9
465	2
466	6
467	7
468	6
469	3
470	7
471	3
472	5
16856	1
473	2
16857	1
474	3
16858	2
475	10
476	3
477	1
478	5
479	10
480	4
481	4
482	3
483	2
484	3
16868	1
485	6
486	4
487	4
488	3
489	5
490	6
491	2
492	3
16876	1
493	2
494	5
495	6
496	5
497	2
498	5
499	5
500	1
16884	1
501	4
502	7
16886	1
503	6
504	1
505	4
506	6
507	5
508	6
509	4
510	7
511	5
512	3
513	1
514	10
515	3
16899	1
516	4
517	7
518	2
519	7
520	6
521	3
522	1
523	11
524	4
525	2
526	5
527	3
528	4
529	4
530	6
16914	1
531	3
532	6
533	2
534	2
535	2
536	3
537	2
538	4
539	5
540	5
16924	1
541	6
542	4
543	6
544	5
545	3
546	5
16930	1
547	3
548	2
16934	1
550	1
551	5
16935	1
552	2
16936	1
553	5
554	3
16938	1
16939	1
555	4
556	1
557	2
558	6
16942	1
559	2
560	4
561	4
562	4
563	5
564	6
565	3
566	4
567	3
568	1
569	4
570	3
571	2
572	5
573	3
574	4
575	4
576	7
577	2
578	7
16962	1
579	4
580	5
581	5
582	3
16966	1
583	4
584	5
585	5
587	3
588	8
589	6
590	6
591	7
592	5
593	3
594	3
595	8
596	3
597	2
598	1
599	5
600	1
601	3
602	1
603	2
604	2
16988	1
605	4
606	5
607	3
608	8
609	1
610	1
16994	1
611	4
16996	1
612	2
613	6
16997	1
614	3
615	2
616	4
617	6
17001	1
618	7
619	1
620	1
621	2
17005	1
622	6
623	5
624	1
625	6
626	5
628	2
17013	1
629	4
630	4
631	3
632	2
633	3
634	1
635	2
636	7
637	4
638	3
639	1
641	5
642	3
643	2
17027	1
644	8
645	2
646	5
647	1
648	2
649	2
650	3
651	3
652	2
653	7
654	3
655	7
656	7
17040	1
657	3
658	3
17042	1
659	2
660	4
661	4
662	3
663	1
664	3
665	5
666	3
667	1
668	2
669	2
670	3
671	3
672	4
673	5
675	1
676	1
677	3
678	4
679	3
680	2
681	4
682	2
17066	1
683	3
684	4
685	4
686	3
687	5
688	4
689	4
690	2
691	3
17076	1
692	6
693	1
694	5
695	6
696	2
697	2
698	4
699	7
700	2
701	4
702	3
703	2
704	5
705	2
706	2
707	4
709	1
710	2
711	3
712	6
713	3
714	3
17098	1
715	1
716	2
717	6
718	4
719	3
720	4
721	2
722	2
17106	2
723	2
724	2
725	3
726	3
727	3
728	4
729	4
730	1
731	1
732	1
733	2
734	1
736	3
737	1
738	1
739	4
740	2
741	2
17125	1
742	3
743	3
744	1
745	3
17129	1
746	3
747	3
748	1
749	3
750	1
752	4
753	1
754	2
755	2
756	3
757	7
17141	1
758	4
759	2
760	6
761	2
762	3
763	4
765	2
766	1
767	4
768	1
769	1
770	5
771	5
772	3
773	2
774	3
775	5
776	4
777	2
17161	1
778	2
779	2
780	4
781	3
782	5
783	7
784	2
785	2
786	2
787	2
788	2
789	1
790	3
791	3
17175	1
792	5
17176	1
793	6
794	4
795	5
796	3
797	5
17181	1
798	3
799	2
800	3
801	3
802	6
803	5
804	4
17188	1
805	3
806	4
807	5
808	4
809	4
810	4
811	7
812	2
813	4
814	7
816	4
817	5
818	3
819	7
820	2
821	2
822	4
823	2
824	5
825	1
826	5
827	3
828	2
829	3
830	5
831	5
832	2
833	5
834	1
835	2
836	2
837	2
838	5
839	3
840	3
841	1
842	3
843	2
844	6
845	1
846	4
847	1
848	5
849	4
850	5
17234	1
851	6
852	4
17236	1
853	2
854	1
855	7
856	1
857	2
858	2
859	4
860	3
861	5
862	5
863	5
864	2
865	2
866	4
867	5
868	2
869	7
870	4
871	3
872	3
873	2
874	4
875	6
876	1
877	3
878	4
879	4
880	6
17264	1
881	6
17265	1
882	1
883	3
884	3
885	3
886	4
887	1
888	6
17272	1
889	6
890	5
17274	1
891	7
892	3
893	5
894	3
895	4
896	3
897	4
17281	1
898	4
899	2
900	5
901	4
902	3
903	3
904	4
905	5
906	6
907	8
909	2
910	1
911	3
912	6
913	8
914	4
915	4
916	4
917	5
918	1
919	6
920	8
921	1
922	4
923	2
924	5
925	6
926	5
927	1
928	6
929	5
930	2
931	3
932	3
933	7
934	4
935	1
936	4
937	3
938	2
939	5
940	3
941	4
942	5
943	2
944	3
945	4
946	5
947	2
948	4
949	5
950	3
951	3
952	2
953	2
954	4
17338	1
955	2
956	4
957	4
958	5
959	3
960	2
961	6
962	2
963	2
17347	1
964	4
965	1
17349	1
967	5
968	4
969	7
970	7
971	4
972	5
973	8
974	5
975	4
976	2
977	6
978	2
979	4
980	1
981	9
982	2
983	6
984	1
985	2
986	4
987	6
988	5
989	2
990	7
991	5
992	3
993	3
994	6
995	2
17379	1
996	8
997	3
998	2
999	4
1000	7
1001	2
1002	4
1003	2
1004	4
1005	6
1006	4
1007	2
1008	2
1009	2
1010	3
1011	5
1012	1
1013	4
1014	6
1015	3
1016	7
1017	4
1018	4
17402	1
1019	1
1020	4
1021	5
1022	8
1023	4
1024	4
17408	1
1025	4
1026	2
1027	4
1028	8
1029	3
1030	4
1031	3
1032	5
1033	2
17417	1
1034	2
1035	4
1036	7
17420	1
1037	4
1038	2
1039	3
1040	6
1041	4
1042	6
1043	1
17427	1
1044	2
1045	1
1046	1
1047	2
17431	1
1048	4
1049	11
1050	4
1051	1
1052	3
1053	2
1054	4
1055	5
1056	4
1057	2
1058	4
1059	4
1060	3
1061	8
1062	3
1063	10
1064	3
1065	6
1066	3
1067	6
1068	5
1069	6
1070	4
1071	5
1072	2
1073	6
1074	4
1075	6
1076	2
1077	4
1078	4
1079	7
17463	1
1080	6
1081	6
17465	1
1082	7
1083	3
1084	6
1085	4
1086	3
1087	6
1088	5
1089	6
1090	6
1091	4
1092	2
1093	4
1094	2
1095	6
1096	1
1097	1
1098	4
1099	2
1100	5
17484	1
1101	5
1102	5
1103	5
1104	5
1105	4
1106	1
1107	3
1108	4
1109	6
1110	2
17494	1
1111	3
17495	1
1112	2
1113	5
1114	6
17499	1
1115	6
1116	3
1117	5
1118	5
1119	3
1120	4
1121	6
1122	4
1123	5
1125	3
1126	4
1127	5
1128	2
1129	3
1130	5
1131	5
1132	5
1133	4
1134	7
1135	8
1137	7
1138	2
1139	7
1140	2
1141	1
1142	7
1143	4
1144	4
1145	6
1146	5
1147	4
1148	6
1149	3
1150	6
1151	5
1152	3
1153	9
1154	5
1155	1
1156	6
17540	1
1157	4
1159	4
1160	4
1161	2
1162	7
1163	3
1164	1
1165	4
1166	4
1167	2
1168	7
1169	8
1170	2
1171	5
1172	5
1173	9
1174	5
1175	7
1176	5
1177	5
1178	2
1179	2
1180	7
1181	4
1182	3
1183	8
1184	5
1185	5
1186	4
1187	2
1188	6
1189	4
1190	6
1191	7
1192	3
1193	5
1194	4
1195	5
17579	1
1196	4
1197	9
1198	2
1199	3
1200	12
1201	5
1202	2
1203	4
1204	10
1205	9
1206	8
1207	6
17591	1
1208	7
17593	1
1209	3
1210	3
1211	6
1212	3
1213	1
1214	5
17598	1
1215	2
1216	3
1217	2
1218	5
1219	4
1220	3
1221	4
1222	6
1223	4
1224	5
1225	6
1226	4
1227	6
1228	6
1229	8
1230	3
1231	7
1232	8
1233	6
1234	4
1235	5
1236	4
1237	3
1238	10
1239	8
1240	5
1241	6
1242	4
1243	1
17628	1
1244	6
1245	4
1246	9
1247	2
1248	6
1249	4
1250	3
1251	3
1252	3
1253	9
1254	6
1255	1
1256	2
1257	11
1258	4
1259	6
1260	3
1261	4
1262	6
1263	3
1264	7
1265	8
1266	5
1267	3
17651	1
1268	3
1269	2
1270	5
1271	5
1272	7
1273	3
1274	4
1275	3
1276	2
1277	4
1278	1
1279	5
1280	3
1281	4
1282	8
1283	4
1284	4
1285	5
1286	5
1287	3
1288	6
1289	8
1290	5
1291	5
1292	5
1293	5
1294	4
1295	7
1296	6
1297	7
1298	7
1299	1
1300	2
1301	7
1302	7
1303	4
1304	4
1305	1
1306	3
1307	1
1308	6
1309	4
1310	5
1311	7
1312	2
17696	1
1313	6
1314	3
1315	9
1316	4
17701	1
1317	3
1318	7
1319	6
1320	3
1321	10
1322	3
1323	6
1324	6
1325	7
1326	3
1327	6
1328	6
1329	4
1330	6
1331	8
17715	1
1332	4
1333	6
17717	1
1334	7
1335	11
1336	2
1337	4
1338	5
1339	4
1340	4
1341	3
1342	6
1343	5
1344	3
1345	4
1346	6
1347	4
1348	4
1349	9
1350	9
1351	6
1352	4
1353	5
1354	8
1355	4
1356	4
1357	6
1358	5
1359	3
1360	5
1361	4
1362	6
1363	5
1364	2
1365	6
1366	4
1367	6
1368	4
1369	3
1370	4
1371	7
17755	1
1372	8
1373	4
1374	5
1375	4
1376	2
17760	1
1377	5
1378	8
1379	7
1380	4
1381	3
1382	4
1383	6
1384	6
1385	5
1386	5
1387	6
1388	7
1389	2
1390	7
1391	2
1392	3
17776	1
1393	4
1394	4
1395	3
1396	4
1397	5
1398	1
1399	5
1400	1
1401	3
1402	4
1403	3
1404	3
1405	10
1406	6
1407	6
1408	4
1409	8
1410	8
1411	6
1412	6
1413	7
1414	7
1415	7
17799	1
1416	6
1417	3
1418	11
1419	7
1420	5
1421	6
1422	3
1423	2
1424	4
1425	4
1426	7
1427	8
1428	7
1429	6
1430	2
1431	1
1432	8
1433	2
1434	7
1435	7
1436	6
1437	5
1438	4
1439	3
1440	3
1441	7
17825	1
1442	3
1443	6
1444	5
1445	6
1446	7
1447	6
1448	2
1449	4
1450	4
1451	4
1452	6
1453	3
1454	4
1455	3
1456	4
1457	4
1458	4
1459	5
1460	3
1461	6
1462	9
1463	9
1464	5
1465	4
1466	5
1467	7
1468	5
1469	10
1470	5
1471	8
1472	7
1473	3
1474	4
1475	2
1476	5
1477	6
1478	6
1479	6
1480	6
1481	5
1482	5
1483	2
1484	7
1485	3
1486	3
1487	6
1488	6
1489	2
1490	6
1491	7
1492	8
1493	3
1494	5
1495	2
1496	5
1497	8
1498	5
1499	4
1500	4
1501	5
1502	9
1503	5
1504	5
1505	3
1506	3
1507	3
1508	5
1509	3
1510	8
1511	7
1512	3
1513	6
1514	9
1515	7
1516	8
1517	8
1518	5
1519	3
1520	3
1521	6
1522	3
1523	6
1524	4
1525	4
1526	3
1527	3
1528	3
1529	5
1530	4
1531	5
1532	5
1533	6
1534	8
1535	2
1536	4
1537	4
1538	4
1539	3
1540	10
1541	4
1542	5
1543	2
1544	4
1545	5
1546	3
1547	9
1548	6
1549	6
1550	6
1551	7
1552	6
1553	5
1554	3
1555	3
1556	5
1557	10
1558	5
1559	3
1560	6
1561	7
1562	5
1563	4
1564	4
1565	2
1566	6
1567	11
1568	5
1569	5
1570	2
1571	5
1572	5
1573	6
1574	11
1575	5
1576	3
1577	9
1578	4
1579	1
1580	11
1581	4
1582	3
1583	5
1584	4
1585	7
1586	6
1587	8
17971	1
1588	6
1589	2
1590	6
1591	9
1592	7
1593	5
1594	4
1595	8
1596	5
1597	5
1598	7
1599	10
1600	2
1601	8
1602	2
1603	5
1604	6
1605	4
1606	6
1607	10
1608	5
1609	7
1610	6
1611	6
1612	4
1613	1
1614	5
1615	3
1616	4
1617	3
1618	4
1619	3
1620	3
1621	7
1622	8
1623	8
1624	7
1625	6
1626	5
1627	6
1628	7
1629	6
1630	4
1631	8
1632	7
1633	2
1634	5
1635	12
1636	8
1637	6
1638	4
1639	3
1640	6
1641	4
1642	5
1643	11
1644	4
1645	5
1646	5
1647	5
1648	5
1649	7
1650	6
1651	6
1652	3
1653	10
1654	8
18038	1
1655	2
1656	8
1657	8
1658	3
1659	7
1660	4
1661	6
1662	6
1663	3
1664	8
1665	8
1666	1
1667	8
1668	6
1669	5
1670	6
1671	7
1672	7
1673	9
1674	6
1675	4
1676	5
1677	4
1678	3
1679	9
1680	7
1681	2
1682	7
1683	5
1684	6
1685	8
1686	4
1687	8
1688	3
1689	7
1690	2
1691	7
1692	7
1693	6
1694	7
1695	6
1696	7
1697	10
1698	4
1699	1
1701	5
1702	13
1703	6
1704	3
1705	6
1706	10
1707	8
1708	4
1709	3
1710	5
1711	6
1712	4
1713	10
1714	6
1715	5
1716	6
1717	6
1718	3
1719	8
1720	7
1721	4
1722	8
1723	4
1724	3
1725	4
1726	7
1727	7
1728	5
1729	3
1730	6
1731	3
1732	1
1733	7
1734	6
1735	7
1736	7
1737	5
1738	9
1739	3
1740	4
1741	4
1742	3
1743	8
1744	5
1745	6
1746	4
1747	10
1748	1
1749	6
1750	10
1751	3
1752	2
1753	4
1754	7
1755	7
1756	3
1757	1
1758	4
1759	8
1760	4
1761	8
1762	2
1763	8
1764	8
1765	6
1766	9
1767	2
1768	7
1769	9
1770	5
1771	1
1772	3
1773	6
1774	8
1775	7
1776	10
1777	9
1778	8
1779	6
1780	4
1781	8
1782	4
1783	4
1784	4
1785	3
1786	4
1787	2
1788	2
1789	3
1790	3
1791	8
1792	3
1793	5
1794	4
1795	5
1796	5
1797	6
1798	4
1799	7
1800	12
1801	3
1802	7
1803	4
1804	4
18188	1
1805	5
1807	4
1808	8
1809	5
1810	6
1811	6
1812	5
1813	3
1814	2
1815	4
1816	7
1817	2
1818	8
1819	5
1820	5
1821	8
1822	10
1823	5
1824	6
1825	9
1826	3
1827	7
1828	4
1829	3
1830	5
1831	2
1832	7
1833	5
1834	7
1835	7
1836	5
1837	2
1838	8
1839	9
1840	4
1841	3
1842	7
1843	5
1844	5
1845	6
1846	5
1847	4
1848	4
1849	6
1850	5
1851	4
1852	2
1853	4
1854	6
1855	13
1856	6
1857	8
1858	6
1859	6
1860	9
1861	7
1862	9
1863	8
1864	7
18248	1
1865	2
1866	6
1867	5
1868	2
1869	5
1870	2
1871	6
1872	5
1873	6
1874	10
1875	6
1876	7
1877	5
1878	6
1879	3
1880	4
1881	7
1882	6
1883	3
1884	8
1885	3
1886	5
18270	1
1887	1
1888	5
1889	3
1890	5
1891	7
1892	5
1893	1
1894	4
1895	6
1896	2
1897	5
18282	1
1898	7
1899	5
1900	3
1901	9
1902	6
1903	6
1904	7
1905	7
1906	5
1907	4
1908	6
1909	3
1910	4
1911	4
1912	6
18296	1
1913	4
1914	7
1915	1
1916	4
1917	5
1918	1
1919	2
1920	2
1921	3
18305	1
1922	5
1923	6
1924	10
1925	1
1926	2
1927	4
1928	2
1929	6
1930	2
1931	2
1932	5
1933	6
1934	5
1935	7
1936	3
1937	3
1938	3
1939	5
1940	7
1941	3
1942	1
1943	4
1944	2
1945	4
1946	5
1947	5
1948	2
1949	6
1950	5
1951	5
1952	6
1953	6
1954	4
1955	6
1956	2
1957	5
1958	5
1959	3
1960	3
1961	4
1962	1
1963	10
1964	8
1965	5
1966	3
1967	3
1968	3
1969	9
1970	6
1971	6
18355	1
1972	3
1973	6
1974	4
1975	5
1976	7
1977	5
1978	4
1979	7
1980	3
1981	6
1983	7
1984	4
1985	5
1986	3
1987	5
1988	7
1989	3
1990	4
1991	6
1992	5
1993	5
1994	7
1995	7
1996	8
1997	4
1998	8
1999	5
2000	3
2001	2
2002	5
2003	6
2004	5
2005	2
2006	6
2007	3
2008	7
2009	4
2010	5
2011	11
2012	1
2013	7
2014	4
2015	2
2016	3
2017	1
2018	7
2019	3
2020	6
2021	4
2022	5
2023	4
2024	7
2025	2
2026	4
2027	2
2028	2
2029	4
2030	4
2031	4
2032	2
2033	3
2034	7
2035	6
2036	6
2038	6
2039	6
2040	5
2041	3
2042	5
2043	6
2044	11
18428	1
2045	5
2046	9
2047	4
2048	2
2049	8
2050	8
2051	3
2052	7
2053	3
2054	8
2055	6
2056	4
2057	2
2058	9
2059	6
2060	5
2061	3
2062	2
2063	5
2064	11
2065	6
2066	8
2067	5
2068	6
2069	4
2070	4
2071	4
2072	7
2073	5
2074	4
2075	8
2076	2
2077	5
2078	2
2079	2
2080	5
2081	3
2082	6
2083	3
2084	6
2085	4
2086	4
2087	3
2088	3
2089	3
2090	3
2091	3
2092	6
2093	8
2094	5
2095	3
2096	10
2097	13
2098	7
2099	5
2100	9
2101	3
2102	4
2103	6
2104	6
2105	5
2106	4
2107	5
2108	2
2109	9
2110	3
2111	4
2112	7
2113	8
2114	4
2115	4
2116	5
2117	7
2118	9
2119	1
2120	2
2121	7
18505	1
2122	5
2123	4
2124	2
2125	4
2126	5
2127	4
2128	2
2129	5
2130	5
2131	5
2132	2
2133	4
2134	3
2135	9
2136	6
2137	8
18521	1
2138	5
2139	5
2140	2
2141	6
2142	5
2143	5
2144	6
2145	5
2146	4
2147	2
2148	3
2149	3
2150	2
2151	7
2152	10
2153	2
2154	7
2155	11
2156	4
2157	1
2158	5
2159	6
2160	7
2161	4
2162	10
2163	3
2164	4
2165	3
2166	4
2167	4
2168	3
2169	2
2170	6
2171	3
2172	3
2173	12
2174	1
2175	4
2176	5
2177	5
2178	2
2179	4
2180	1
2181	3
2182	6
2183	6
2184	3
2185	3
2186	7
2187	3
2188	2
2189	6
2190	5
2191	2
2192	2
2193	6
2194	3
2195	6
2196	6
2197	3
2198	3
2199	5
2200	5
2201	5
2202	7
2203	3
2204	5
2205	6
2206	9
2207	9
2208	2
2209	7
2210	1
2211	3
2212	5
2213	3
2214	5
2215	4
2216	8
2217	6
2218	4
2219	5
2220	4
2221	1
2222	3
2223	4
2224	3
2225	2
2226	7
2227	5
2228	5
2229	3
2230	5
2231	4
2232	2
2233	5
2234	6
2235	3
2236	2
2237	3
2238	3
2239	5
2240	8
2241	7
2242	8
2243	8
2244	5
2245	4
2246	6
2247	2
2248	4
2249	5
2250	6
2251	5
2252	5
2253	11
2254	3
18638	1
2255	6
2256	2
2257	3
2258	4
2259	2
2260	4
2261	6
2262	4
2263	7
2264	5
2265	2
2266	5
2267	3
2268	6
2269	1
2270	3
2271	4
2272	5
2273	8
2274	3
2275	4
2276	5
2277	6
2278	5
2279	5
2280	7
2281	6
2282	4
2283	9
2284	3
2285	9
2286	1
2287	3
2288	3
2289	6
2290	8
2291	3
2292	4
2293	4
18677	1
2294	9
2296	4
2297	4
2298	5
2299	5
2300	2
18684	1
2301	9
2302	4
2303	2
2304	11
2305	7
2306	5
2307	5
2308	2
2309	6
2310	10
2311	5
2312	3
2313	8
2314	2
2315	2
2316	6
2317	3
2318	4
2319	7
2320	5
2321	6
2322	3
2323	4
2324	3
2325	4
2326	4
2327	2
2328	4
2329	1
2330	5
2331	7
2332	4
2333	3
2335	3
2336	4
2337	5
2338	8
2339	4
2340	3
2341	3
2342	5
2343	5
2344	5
2345	6
2346	6
2347	6
2348	8
2349	4
2350	2
2351	7
2352	10
2353	7
2354	6
2355	4
2356	3
2357	7
2358	6
2359	3
2360	4
2361	4
18745	1
2362	8
2363	2
2364	3
2365	7
2366	6
2367	4
2368	2
2369	4
2370	7
2371	6
2372	3
2373	8
2374	5
2375	6
2376	2
2377	2
2378	4
2379	7
2380	7
2381	4
2382	4
18766	1
2383	7
2384	6
2385	3
2386	2
2387	4
2388	6
2389	7
2390	6
2391	9
2392	4
2393	5
2394	4
2395	10
2396	5
2397	5
2398	4
2399	3
2400	7
2401	4
2402	2
2403	1
2404	8
2405	4
2406	5
2407	6
2408	3
2409	1
2410	6
2411	6
2412	11
2413	5
2414	6
2415	2
2416	6
2417	4
2418	6
2419	2
2420	3
2421	8
2422	3
2423	2
2424	5
2425	7
2426	3
2427	5
2428	4
2429	3
2431	2
2432	4
2433	4
2434	5
2435	4
2436	3
2437	2
2438	5
2439	7
2440	4
2441	6
2442	4
2443	7
2444	4
2445	6
2446	5
2447	6
2448	1
2449	2
2450	4
2451	7
2452	11
2453	11
2454	6
2455	6
2456	6
2457	4
2458	3
18842	1
2459	4
2460	3
2461	2
18845	1
2462	2
2464	4
2465	6
2466	4
2467	8
2468	2
2469	5
2470	7
2471	4
2472	5
2473	1
2474	3
2475	3
2476	4
2477	5
2478	3
2479	4
2480	6
2481	3
2482	6
2483	6
2484	9
2485	7
2486	5
2487	5
2488	7
2489	5
2490	4
2491	4
2492	6
2493	3
2494	2
2495	2
2496	4
2497	8
2498	5
2499	5
2500	2
2501	2
2502	6
2503	6
2504	5
2505	2
2506	5
2507	4
2508	6
2509	8
2510	5
2511	8
2512	2
2513	7
2514	5
2515	4
2516	3
2517	4
2518	4
2519	4
2520	4
2521	3
2522	4
2523	5
2524	5
2525	7
2526	7
2527	5
2528	4
2529	3
2530	6
2531	3
2532	8
2533	3
2534	7
2535	3
2536	5
2537	4
2538	8
2539	5
2540	5
2541	2
2542	3
2543	3
2544	5
18928	1
2545	6
2546	1
2547	3
2548	4
2549	4
2550	5
2551	3
18936	2
2552	2
2553	2
2554	6
2555	5
2556	4
2557	3
2558	2
2559	4
2560	3
2561	5
2562	3
2563	3
2564	8
2565	2
2566	7
2567	2
2568	7
2569	3
18953	1
2570	2
2571	10
2572	2
2573	4
2574	1
2575	3
2576	10
2577	1
2578	6
2579	4
2580	4
2581	5
2582	6
2583	6
2584	12
2585	4
18969	1
2586	7
2587	4
2588	8
2589	6
2590	5
2591	3
2592	2
2593	6
2594	4
2595	1
2596	5
2597	4
2598	3
2599	4
2600	8
2601	2
2602	4
2603	3
2604	4
2605	4
2606	8
2607	2
2608	6
2609	3
2610	3
2611	3
2612	2
2613	3
2614	7
2615	5
2616	3
2617	3
2618	5
2619	2
2620	6
2621	4
2622	12
2623	2
2624	3
2625	1
2626	9
2627	4
2628	4
2629	6
2630	5
2631	2
2632	7
2633	6
2634	8
2635	5
2636	1
2637	3
2638	6
2639	4
2640	4
2641	5
2642	2
2643	1
2644	9
2645	6
2646	6
2647	2
2648	2
2649	3
2650	6
2651	5
2652	6
2653	4
2654	4
2655	1
2656	3
2657	3
2658	3
2659	3
2660	6
2661	5
2662	5
2663	4
2664	9
2665	6
2666	2
2667	4
2668	5
2669	6
2670	3
2671	2
2672	4
2673	2
2674	2
19058	1
2675	4
2676	6
2677	1
2678	7
2679	4
2680	4
2681	6
2682	7
2683	6
2684	6
2685	5
2686	7
2687	3
2688	6
2689	2
2690	2
2692	2
2693	4
2694	2
2695	2
2696	6
2697	7
2698	1
2699	7
2700	5
2701	3
2702	3
2703	4
2704	2
2705	1
2706	6
2707	5
2708	7
2709	7
2710	10
2711	3
2712	1
2713	6
2714	2
2715	3
2716	8
2717	4
2718	2
2719	11
2720	7
2721	5
2722	3
2723	3
2724	4
2725	6
2726	12
2727	7
2728	7
2729	4
2730	8
2731	2
2732	2
2733	9
2734	4
2735	1
2736	8
2737	13
2738	3
2739	7
2740	3
2741	5
2742	6
2743	5
2744	4
2745	8
2746	9
2747	2
2748	5
2749	8
2750	6
2751	8
2752	2
2753	3
2754	6
2755	3
2756	6
2757	8
2758	4
2759	3
2760	5
2761	4
2762	4
2763	3
2764	7
2765	6
2766	2
2767	3
2768	5
2769	6
19153	1
2770	5
2771	6
2772	2
2773	6
2774	7
2775	6
2776	2
2777	3
2778	6
2779	3
2780	4
2781	8
2782	4
2783	5
2784	5
2785	4
2786	3
2787	3
2788	5
2789	6
2790	3
2791	3
2792	5
2793	4
2794	4
2795	5
2796	4
2797	3
19181	1
2798	6
2799	6
2800	1
2801	9
2802	4
2803	6
2804	10
2805	1
2806	4
2807	5
2808	6
2809	4
2810	1
2811	7
2812	4
2813	2
2814	4
2815	1
2816	4
2817	5
2818	4
2819	7
2820	5
2821	3
2822	3
2823	5
2824	5
2825	6
2826	5
2827	6
2829	6
2830	4
2831	4
2832	9
2833	3
2834	9
2835	9
2836	3
2837	6
2838	4
2839	1
2840	7
2841	5
2842	4
2843	5
2844	4
2845	4
2846	3
2847	4
2848	1
2849	3
2850	4
2851	4
2852	7
2853	5
2854	8
2855	4
2856	4
2857	7
2858	7
2859	3
2860	2
2861	5
2862	6
2863	6
2864	8
2865	6
2866	6
2867	6
2868	5
2869	2
2870	7
2871	5
2872	8
2873	7
2874	5
2875	2
2876	5
2877	4
2878	3
2879	4
2880	3
2881	3
2882	4
2883	4
2884	7
2885	7
2886	5
2887	2
2889	3
2890	4
2891	3
2892	4
2893	4
2894	2
2895	8
2896	3
2897	5
2898	5
2899	3
2900	4
2901	6
2902	6
2903	1
2904	2
2905	4
2906	3
2907	6
2908	9
2909	4
2910	4
2911	9
2912	4
2913	2
2914	5
2915	5
2916	6
2917	2
2918	7
19302	1
2919	4
2920	3
2921	3
2922	4
2923	7
2924	2
2925	3
2926	3
2927	2
2928	2
2929	6
2930	2
2931	7
2932	5
2933	3
2934	4
2935	2
2936	3
2937	3
19321	1
2938	4
19322	1
2939	4
2940	2
2941	5
2942	5
2943	8
2945	5
2946	3
19330	1
2947	6
2948	5
2949	5
2950	5
2951	5
2952	3
2953	4
2954	5
2955	5
2956	11
2957	5
2958	3
2959	2
2960	4
2961	6
2962	5
2963	3
2964	8
2965	5
2966	3
2968	6
2969	7
2970	2
2971	5
2972	4
2973	6
2974	2
2975	4
2976	6
2977	4
2979	4
2980	3
2981	6
2982	6
2983	2
2984	4
2985	5
2986	5
2987	6
2988	2
2989	2
2990	9
2991	3
2992	6
2993	3
2994	4
2995	4
2996	4
2997	4
2998	4
2999	2
3000	3
3001	1
3002	7
3003	7
3004	6
3005	1
3006	3
3007	4
3008	6
3009	5
3010	2
3011	4
3012	3
3013	4
3014	6
19398	1
3015	5
3016	7
3017	4
3018	5
3019	7
3020	4
19404	1
3021	4
3022	7
3023	4
3024	4
3025	2
3026	6
3027	5
3028	3
3029	4
3031	4
3032	1
3033	4
3035	3
3036	7
3037	4
3038	7
3039	4
3040	3
3041	2
3042	5
3043	9
3044	4
3045	2
3046	5
3047	5
3048	7
3049	2
3050	1
3051	3
3052	3
3053	6
3054	3
3055	3
3056	4
3057	3
3058	1
3059	4
3060	5
3061	3
3062	6
3063	1
3064	3
3065	8
3066	2
3067	5
3068	10
3069	2
3070	1
3072	3
3073	2
3074	6
3075	1
3076	6
3077	2
3079	6
3080	8
3081	4
3082	2
3083	9
3084	5
3085	4
3086	1
3087	8
3088	2
3089	7
3090	2
3091	2
3092	9
3093	6
3094	8
3095	5
3096	3
3097	5
3098	2
3099	5
3100	7
3101	4
3102	10
3103	1
3104	6
3105	4
3106	2
3107	3
3108	5
3109	7
3110	2
3111	4
3112	2
3113	2
3114	6
3115	8
3116	3
3117	5
3118	4
3119	6
3120	6
3121	5
3122	2
3123	6
19507	1
3124	4
3125	3
3126	4
3127	8
3128	7
3129	3
3130	4
3131	6
19515	1
3132	6
3133	7
3134	4
3135	6
3136	4
3137	2
3138	4
3139	1
3140	1
3141	5
3142	7
3143	13
3144	5
3145	2
3146	8
3147	2
3148	8
3149	6
3150	4
3151	7
3152	3
3153	5
3154	9
3155	6
3156	6
3157	4
3158	8
3159	1
3161	3
3162	5
3163	5
3164	5
3165	6
3166	3
3167	4
3168	7
3169	6
3170	5
3171	5
3172	4
3173	3
3174	3
3175	1
3176	1
3177	4
3178	3
3179	6
3180	4
3181	2
3182	3
3183	5
3184	6
3185	2
3186	4
3187	8
3188	5
3189	4
3190	6
3191	4
3192	5
3193	6
3194	4
3195	1
3196	4
3197	3
3198	4
3199	5
3200	6
3201	3
3202	5
3203	2
3204	8
3205	2
3206	10
3207	2
3208	3
3209	3
3210	4
3211	5
3212	9
3213	3
3214	4
3215	5
3216	1
3217	2
3218	9
3220	2
3222	7
3223	3
3224	3
3225	5
3226	2
3227	7
3228	5
3229	2
19614	1
3231	2
3232	9
3233	2
3234	4
3235	3
3236	5
3237	4
3238	2
3239	4
3240	4
3241	6
3242	8
3243	3
3244	3
3245	5
3246	3
3247	6
3248	4
3249	5
3250	3
3251	3
3252	8
3253	7
3254	6
3255	4
3256	4
3257	4
19641	1
3258	2
3259	2
3260	5
3261	3
3262	3
3263	2
3264	5
3265	2
3266	3
3267	5
3268	4
3269	4
3270	7
3271	5
3272	2
3273	2
3274	1
3275	5
3276	6
3277	6
3278	2
3279	2
3280	5
3281	4
3282	2
3283	3
3284	3
3285	1
3286	9
3287	8
3288	2
3289	5
19673	1
3290	5
3291	1
3292	5
3293	3
3294	6
3295	7
3296	3
3297	1
3298	4
3299	5
3300	2
3301	6
3302	8
3303	2
3304	5
3305	7
3306	4
3307	4
3308	4
3309	8
3310	4
3311	2
3312	1
3313	2
3315	5
3316	6
3317	5
3318	3
3319	2
19703	1
3320	6
3321	6
3322	3
3323	5
3324	2
3325	4
3326	3
3327	3
3328	4
3329	9
3330	2
3331	2
3332	1
3333	9
3334	5
3335	5
3336	1
3337	1
3338	6
3339	2
3340	3
3341	3
3342	5
3343	7
3344	4
3345	4
3346	5
3347	4
3348	2
3349	3
3350	1
3351	2
3352	2
3353	7
3354	7
3355	2
3356	5
3357	5
3358	3
3359	4
3360	3
3361	3
3362	4
3363	6
3364	4
3365	4
3366	3
3367	5
3368	4
3369	4
3370	4
3371	2
3372	4
3373	5
3374	2
3375	4
3376	4
3377	4
3378	4
3379	2
3380	6
3381	1
3382	3
3383	2
3384	2
3385	5
3387	3
3388	4
3389	3
3390	3
3391	5
3392	6
3393	2
3394	7
3395	4
3396	5
3397	4
3398	2
3399	5
3400	3
3401	6
3402	5
3403	3
3404	4
3405	1
3406	5
3407	6
3408	6
3409	2
3410	2
3411	10
3412	3
3413	4
3414	4
3415	4
3416	6
19800	1
3417	6
3418	6
3419	5
3420	2
3421	6
3422	3
3423	6
3424	3
3425	3
3427	5
3428	6
3429	6
3430	1
3431	4
3432	3
3433	4
3434	3
3435	4
3436	4
3437	4
3438	8
3439	6
3440	3
3441	4
3442	2
3443	6
3445	2
3446	4
3447	3
3448	5
3449	7
3450	5
3451	4
3452	12
3453	2
3454	4
3455	2
3456	1
3457	5
3458	1
3459	6
3460	4
3461	2
19845	1
3462	3
3463	4
3464	5
3465	7
3466	2
3467	6
3468	4
3469	2
3470	3
3471	2
3472	3
3473	4
3474	2
3475	3
3476	4
3477	4
3478	2
3479	6
3480	3
3481	2
3482	7
3483	6
3484	5
3485	3
3486	2
3487	6
3488	7
3489	3
3490	3
3491	5
3492	2
3493	1
3494	3
3495	1
3496	4
3497	6
3498	4
3499	2
3500	3
3501	5
3502	4
3503	2
3504	3
3506	2
3507	7
3508	7
3509	5
3510	2
3512	3
3513	7
3514	5
3515	4
3516	2
3517	2
3518	7
3519	2
3520	5
3521	2
3522	3
3523	4
3524	4
3525	2
3526	4
3527	6
3528	6
3529	10
3530	4
3531	6
3532	2
3533	2
3534	3
3535	5
3536	3
3537	3
3538	3
3539	6
3540	2
3541	4
3542	2
3543	6
3544	2
3545	3
3546	7
3547	6
3548	3
3549	3
3550	3
3551	1
3552	1
3553	7
3554	6
3555	3
3556	3
3557	4
3558	3
3559	8
3560	4
3561	4
19945	1
3562	2
3563	3
3564	3
3565	2
3566	3
3568	9
3569	1
3570	7
3571	5
3572	2
3573	3
3574	4
3575	3
3576	2
3577	4
3578	5
3579	5
3580	5
3581	1
3582	2
3583	5
3584	6
3585	3
3586	7
3587	2
3588	2
3589	4
3590	2
3591	3
3592	7
3593	1
3594	6
3595	3
3596	4
3597	3
3598	6
3599	3
3600	2
3601	3
3602	4
3603	7
3604	4
3605	3
3606	1
3607	2
3608	4
3609	3
3610	2
3611	2
3612	3
3613	6
3614	8
3615	6
3616	2
3617	5
3618	5
3619	2
3620	1
3621	3
3622	2
3623	2
3624	4
3625	6
3626	1
3627	3
3628	4
3630	3
3631	5
3632	5
3633	7
3634	6
3635	3
3636	4
3637	3
3638	4
3639	3
3640	2
3641	2
3642	4
3643	5
3644	3
3645	5
3646	4
3647	1
3648	4
3649	3
3650	2
3651	4
3652	1
3653	3
3654	5
3655	6
3656	2
3657	2
3658	4
20043	1
3659	3
3660	4
3661	2
3662	4
3663	4
3664	6
3665	2
3666	4
3667	3
3668	5
3669	3
20053	1
3670	4
3671	3
3672	4
3673	5
3674	3
3675	2
3676	2
3677	5
3678	7
3679	4
3680	3
3681	4
3682	1
3683	3
3684	3
3685	1
3686	5
3687	2
3688	4
3689	3
3690	2
3691	2
3692	4
3693	4
3694	2
3695	4
3696	3
3697	5
3698	6
3699	2
3700	3
3701	4
3702	2
3703	4
3704	3
3705	2
3706	3
3707	3
3708	5
3709	3
3710	4
3711	2
3712	1
3713	4
3714	3
3715	2
3716	1
3717	8
3718	1
3719	1
3720	2
3721	6
3722	4
3723	4
3724	7
3725	3
3726	4
3727	5
3728	4
3729	2
20114	1
3731	7
3732	4
3733	5
3734	2
3735	4
3736	4
3737	1
3738	6
3739	2
3740	2
3741	1
3742	2
3743	4
3744	4
3745	2
3746	1
3747	2
3748	2
3749	2
3750	4
20134	1
3751	2
3752	3
3753	3
3754	6
3755	3
3756	2
20140	1
3757	7
3758	2
3759	1
3760	6
3761	3
3762	5
3763	5
3764	2
3765	2
3766	4
3768	8
3769	2
3770	1
3771	3
20155	1
3772	6
3773	4
3774	4
3775	5
3776	2
3777	3
3778	4
3779	2
3780	7
3781	4
3782	1
3783	3
3784	4
3785	3
3786	4
3787	2
3788	6
3789	2
3790	6
3791	3
3792	5
3793	6
3794	1
3796	6
3797	1
3798	4
3799	1
3800	3
3801	2
3802	2
3803	7
3804	5
3805	3
3806	5
3807	1
3808	3
3809	1
3810	4
3811	3
3812	3
3813	4
3814	6
3815	3
3816	2
3817	1
3818	5
3819	5
20204	1
3820	3
3821	3
3822	2
3823	3
3824	2
3825	5
3826	2
3827	4
3828	3
3829	6
3830	2
3831	3
3832	2
3833	4
3834	2
3835	6
3836	3
3837	4
3838	3
3839	2
3840	2
3841	2
3842	6
3843	5
3844	6
3845	4
3846	6
3847	2
3848	3
3849	4
3850	3
3851	2
20235	1
3852	5
3853	4
3854	2
3855	3
3856	4
3857	6
3858	5
3859	7
3860	3
3861	6
3862	2
3864	3
3865	4
3866	1
3867	4
3868	3
3869	6
3870	3
3871	1
3872	5
3873	2
3874	5
3875	3
3876	3
3877	2
3878	3
3879	3
20263	1
3880	2
3881	3
3882	3
3883	4
3884	5
3885	1
3887	4
3889	1
3890	4
3891	3
3892	7
3893	2
3894	3
3895	4
3896	4
3898	3
3900	1
3901	6
3902	4
3903	1
3904	7
3905	3
3906	2
3907	5
3908	1
3909	3
3910	3
3911	4
3912	4
3913	4
3914	2
3915	2
3916	3
3917	3
3918	4
3919	5
3920	2
3921	3
3922	3
20306	1
3923	2
3924	5
3925	1
3926	4
3927	2
3928	3
3929	3
3930	4
3931	2
3932	4
3933	5
3934	2
3935	2
3936	1
3937	1
3938	1
3940	3
3942	3
3944	2
3945	3
3946	4
3947	6
20332	1
3948	3
3949	4
3950	4
3951	2
3952	2
3953	3
3954	6
3955	2
3956	2
3957	7
3958	2
3959	2
3960	2
3961	3
3962	6
3963	3
3964	3
3965	3
3967	7
3968	5
3969	1
3970	3
3971	1
3972	5
3973	1
3974	3
3975	6
3976	2
3977	4
3978	2
3979	2
3980	3
3981	5
3982	4
3983	2
3984	4
3985	2
3986	2
3987	3
3988	4
3989	5
3990	5
3991	6
3992	1
3993	3
3994	2
3995	2
3996	4
3997	3
3998	1
3999	4
4000	4
4001	3
4002	4
4003	3
4004	4
4005	6
4006	7
4007	4
4008	6
4009	2
4010	5
4011	6
4012	1
4013	2
4014	5
4015	3
4016	4
4017	7
4018	1
4019	4
4020	1
4021	2
4022	2
4023	3
4024	5
4025	2
4026	2
4027	3
4028	2
4029	2
4030	3
4031	2
4032	3
4033	4
4034	5
4035	7
4036	5
4037	2
4038	6
4039	3
4040	5
4041	6
4043	3
4045	4
4046	3
4047	2
4048	1
4049	4
4050	3
4051	2
20435	1
4052	3
4053	1
4054	1
4055	4
4056	4
4057	4
4058	3
4059	7
4060	3
4061	2
4062	2
4063	8
4064	2
4065	3
4066	4
4067	3
4068	7
4069	2
4070	2
4071	3
4072	3
4073	5
4074	2
4075	2
4076	3
4077	1
4078	4
4079	4
4080	2
4081	3
4082	3
20466	1
4083	4
4084	6
4085	4
4086	1
4087	4
4088	2
4089	1
4090	3
4091	2
4092	1
4093	4
4094	3
4095	3
4096	5
4097	3
4098	6
4099	1
4100	5
4101	1
4102	1
4103	4
4104	4
4105	2
4106	2
4107	5
4108	1
4109	3
4111	7
4112	1
4113	3
4114	5
4115	1
4116	4
4117	4
4118	7
4119	1
4120	4
4121	2
4122	4
4123	2
4124	3
4126	2
4127	3
4128	2
4129	1
4130	7
4131	4
4132	3
4133	2
4134	6
4135	1
4136	4
4137	5
4138	2
4139	5
4140	3
4141	2
4143	3
4144	3
4145	4
4146	4
4147	3
4148	2
4149	3
4150	3
4151	1
4152	2
4153	2
4154	6
4155	1
4157	1
4158	3
4159	1
4160	4
4161	2
4162	1
4163	4
4165	3
4166	1
4167	2
4168	5
4170	3
4171	2
4172	3
4173	3
4175	2
4176	5
4178	5
4179	3
4180	3
20564	1
4181	5
4182	4
4183	2
4184	4
4185	3
4186	2
4187	4
4189	5
4190	1
4192	4
4193	1
4194	2
4196	1
4197	1
4199	5
4200	3
4201	4
4202	1
4203	3
4204	3
4205	3
4206	2
4207	1
4208	4
4209	1
4210	2
4211	2
4212	4
4213	2
4214	1
4215	2
20599	1
4216	2
4217	4
4219	4
4220	4
4221	2
4222	4
4223	5
4224	1
4225	4
4226	3
4227	2
4228	1
4229	3
4230	4
4232	2
4233	4
4234	2
4235	2
4236	2
4237	3
4238	1
4239	3
4240	2
4241	1
4242	3
4243	2
4244	2
4245	4
4246	5
4247	3
4248	3
4249	2
4250	4
4251	3
4252	3
4253	2
4254	3
4255	4
4256	3
4257	1
4258	3
4259	3
4260	1
4261	1
4262	3
4263	3
4264	2
4265	2
4266	1
4267	1
4268	2
4269	1
4270	4
4271	4
4272	4
4273	3
4274	2
4276	3
4277	2
4278	2
4279	4
4280	2
4281	3
4282	1
4283	2
4284	5
4286	4
4287	2
4288	2
20673	1
4290	2
4292	1
4293	2
4294	2
4295	1
4296	5
4297	1
4298	2
4299	2
4300	3
4301	1
4302	2
4303	1
4304	1
4305	1
4306	2
4307	1
4308	2
4309	5
4311	3
4312	5
4313	3
4314	2
4315	2
4316	2
4317	2
4318	2
4319	2
4320	3
4321	2
4322	2
4323	3
4324	5
4325	2
4326	4
4327	4
4328	3
4329	3
4330	1
4331	5
4332	4
4333	4
4334	4
4335	3
4336	2
4337	1
4338	2
4339	6
4340	2
4341	6
4343	5
4344	5
4346	2
4347	1
4349	2
4350	3
4351	3
4352	1
4353	4
4354	4
20738	1
4355	3
4356	2
4357	5
4358	1
4359	4
4360	1
4361	3
4362	4
4363	1
4364	4
4365	7
4366	2
4367	1
4368	2
4369	3
4370	4
4371	2
4372	1
4373	2
4374	1
4375	4
4376	3
4377	7
4378	5
4379	1
4380	1
4381	2
4382	3
4383	1
4384	2
4385	3
4386	3
4387	4
4389	3
4390	2
4391	4
4392	3
4393	2
4394	2
4395	3
4397	2
4398	3
4399	2
4400	2
4401	4
4402	2
4403	2
4404	3
4405	1
4407	1
4408	1
4410	4
4411	3
4412	7
4413	3
4414	4
4415	1
4416	2
4417	3
4418	2
4419	5
4420	2
4421	1
4422	4
4423	4
4424	7
4425	2
4426	1
4428	4
4430	6
20814	1
4431	4
4432	1
4433	1
4434	3
4436	4
4437	3
4438	1
4439	3
4440	1
4441	1
4442	1
4443	3
4444	1
4445	3
4446	2
4447	4
4449	3
4450	3
4451	1
4452	4
4453	2
4454	2
4455	2
4456	3
4458	3
4459	4
4460	3
4461	3
4462	1
4463	1
4464	3
4465	2
4466	3
4467	4
4468	4
4469	2
4470	2
4471	2
4472	3
4474	2
4475	1
4477	6
4478	4
4479	4
4480	3
4481	3
4482	1
4483	2
4484	5
4485	3
4486	3
4487	1
4488	4
4489	1
4490	3
4491	5
4492	1
4493	1
4494	4
4495	1
20880	1
4496	1
4497	2
4498	2
4499	5
4500	3
4501	1
4502	4
4503	2
4504	2
4505	2
4506	3
4507	2
20891	1
4508	1
4509	2
4510	2
4511	2
4512	5
4513	3
4514	3
4515	2
4516	4
4517	3
4518	2
4519	4
4520	2
4521	1
4522	3
4523	1
4524	1
4526	1
4527	1
4529	2
4530	2
4531	2
4533	5
4534	3
4535	3
4537	3
4538	2
4539	2
4541	3
4542	3
4543	3
4544	2
4546	2
4547	2
4548	1
4549	4
4550	2
4551	2
4552	1
4553	1
4554	5
4556	3
4557	2
4558	1
4559	4
4560	1
4561	1
4562	1
4563	2
4564	5
4565	2
4566	1
4567	4
4570	4
4571	3
4572	3
4573	1
4574	2
4576	4
4577	2
4578	2
4579	2
4580	3
4581	1
4582	2
4583	2
4584	1
4585	1
4586	3
4587	3
4588	3
4589	1
4590	4
4591	5
4592	2
4593	4
4594	5
4595	4
4596	2
4597	1
4599	1
4600	1
4601	4
4602	1
4604	1
4605	3
4606	1
4607	3
4608	2
4610	2
4611	3
4612	3
4613	4
4614	2
4615	2
4616	3
4617	2
4618	4
4619	3
4621	2
4622	5
4624	5
4625	2
4626	3
4627	6
4628	9
4629	5
4630	4
4631	7
4632	7
4633	8
4634	3
4635	2
4636	2
4637	4
4638	3
4639	4
4640	1
4641	4
4642	3
4643	2
4645	2
21029	1
4646	1
4647	2
4648	3
4649	3
4650	1
4653	1
4654	1
4655	1
4656	3
4658	2
4660	1
4661	4
4662	6
4663	2
4664	2
4665	1
4666	3
4667	1
4668	1
4669	3
4670	2
4671	1
4672	2
4673	4
4674	1
4675	1
4677	1
4678	3
4679	4
4680	2
4681	1
4682	1
4683	1
4684	2
4685	1
4686	1
4687	4
4688	1
4689	2
4692	1
4694	2
4695	1
4696	2
4698	1
4699	2
4700	3
4701	5
4702	2
4703	1
4704	2
4705	1
4706	1
4707	3
4708	5
4709	1
4710	2
4711	1
4712	2
4713	4
4714	4
4715	2
4716	2
4717	3
4718	3
4720	1
4721	3
4722	1
4724	2
4725	1
4726	7
4727	1
4728	1
4729	3
4730	4
4731	2
4732	2
4733	3
4734	3
4736	3
4737	2
4738	5
4739	1
4740	3
4742	4
4743	3
4744	1
4745	1
4746	1
4747	1
4751	1
4752	3
4753	4
4754	1
4755	4
4756	1
4757	2
4758	3
4760	4
4761	2
4763	2
4764	1
4765	2
4767	2
4769	4
4770	1
4771	3
4772	1
4773	3
4774	5
21158	1
4775	4
4777	3
4778	2
4779	5
4780	1
4781	2
4786	1
4787	5
4788	1
4789	2
4790	2
4791	2
4792	3
4793	2
4794	2
4795	1
4797	2
4798	1
4799	1
4800	1
4801	1
4802	1
4803	1
4804	2
4805	2
4808	1
4809	5
4811	4
4812	2
4814	4
4815	2
4816	1
4817	1
4818	1
4819	3
4820	1
4821	2
21206	1
4822	3
4823	2
4824	2
4825	1
4826	3
4827	2
4828	1
21212	1
4829	1
4832	4
4833	3
4834	1
4835	1
4837	4
4839	3
4840	1
4841	2
4842	4
4843	2
4846	1
4847	1
4848	2
4849	2
4850	1
4851	2
4852	2
4853	1
4854	2
4856	1
4857	2
4858	1
4859	2
4860	2
4861	5
21245	1
4862	4
4863	4
4865	1
4866	1
4867	1
4868	1
4869	2
4870	1
4871	1
4872	2
4873	2
4875	1
4876	1
4878	1
4879	1
4880	2
4882	2
4883	2
4884	2
4885	3
4886	4
4888	1
4889	1
4890	1
4891	4
4892	3
4893	2
4895	3
4896	1
4897	1
4898	1
4899	2
21284	1
4901	3
4902	1
4904	2
4905	2
4906	2
4909	4
4910	2
4912	3
4913	1
4914	4
4915	4
4916	2
4917	2
4918	1
4919	3
4920	1
4921	3
4922	1
4923	2
4925	1
4926	2
4927	1
4928	1
4929	2
4930	3
4931	1
21316	1
4932	1
4935	4
4936	1
4937	4
4938	2
4939	2
4941	4
4942	3
4943	2
4944	2
4945	2
4946	1
4947	2
4948	1
4951	3
4952	1
4953	1
4954	1
4955	3
4956	1
4960	2
4961	1
4962	1
4963	2
4966	4
4967	2
4968	2
4969	3
4970	3
4971	2
4972	1
4973	3
4974	3
4975	2
4976	2
4977	1
4978	2
4979	1
4981	1
4982	1
4983	3
4985	2
4986	1
4988	2
4989	2
4990	4
4992	1
4993	3
4995	1
4996	2
4997	1
4998	1
4999	2
5000	3
5001	1
5002	1
5003	2
5005	2
5006	3
5007	1
5008	1
5009	1
5011	1
5013	2
5014	2
5015	1
5016	1
5019	2
5020	3
5021	1
5023	1
5024	2
5025	2
5026	1
5027	1
5030	1
5031	1
5032	1
5033	1
5034	1
5035	3
5036	5
5037	2
5039	1
5041	2
5042	2
21427	1
5043	1
5045	1
5046	2
5047	3
5048	2
5050	3
5051	1
5052	1
5053	1
5054	2
5055	1
5056	2
5057	1
5061	2
5063	4
21448	1
5065	3
5066	1
5067	1
5068	1
5069	1
5071	3
5072	2
5073	3
5074	1
5075	2
21459	1
5077	1
5078	3
5079	2
5081	4
5082	1
5083	2
5084	1
5085	1
5086	1
5087	1
5088	1
5090	1
21475	1
5091	2
5094	4
5095	2
5096	2
5097	1
5098	1
5100	3
5101	2
5103	1
5104	3
5105	2
5106	1
5108	3
5111	2
5112	3
5114	1
5115	2
5118	1
5119	2
5121	1
5122	1
5124	1
5125	1
5128	2
5129	1
5132	1
5133	1
5134	2
5135	1
5137	1
5138	2
5139	1
5140	1
5141	1
5142	1
5143	1
5144	4
5145	1
5147	2
5148	1
5149	2
5150	2
5151	1
5154	1
5155	3
5157	2
5158	1
5160	4
21547	1
5164	3
5165	1
5166	1
5167	1
5168	1
5170	2
5172	1
5173	3
5174	1
5176	1
5177	2
5178	1
5180	3
5182	2
5183	3
5185	2
5186	2
5187	1
5190	2
5192	2
5196	1
5197	2
5198	2
5199	2
5200	2
5202	3
5203	2
5204	1
5205	1
5207	2
5208	2
5210	2
5211	1
5212	2
5213	1
5214	2
5215	1
5216	1
5217	1
5218	2
5219	1
5220	1
5222	3
21607	1
5224	2
5225	3
5226	1
5227	2
5228	2
5230	1
5234	1
5235	1
5236	2
5237	2
5238	2
5239	2
5241	1
5243	2
5244	2
5245	1
5246	2
5250	2
5251	1
5252	2
5253	6
5254	3
5255	2
5256	1
5258	1
5261	2
5262	2
5264	1
5266	1
5267	1
5268	1
5269	2
5271	1
5273	1
5274	2
5275	2
5276	2
5277	3
5278	1
5279	1
5281	3
5282	2
5283	1
5284	2
5287	2
5291	1
5292	1
5293	3
5294	2
5296	2
5297	1
5298	2
5299	2
5303	1
5305	1
5306	1
5307	2
5308	4
21694	1
5310	1
5311	2
5312	2
5313	3
5314	1
5315	1
5316	2
5317	1
5318	1
5319	1
5320	1
5321	1
5324	2
21709	1
5326	2
5327	1
5328	3
5329	2
5330	1
5331	1
5332	5
21716	1
5333	1
5335	1
5336	1
5337	1
5339	1
5340	1
5342	1
5343	2
5345	1
5346	1
5348	2
5349	1
5350	1
5351	1
5354	1
5355	1
5358	1
5359	1
5360	2
5361	1
5364	1
5365	2
5367	1
5368	1
5369	3
5370	1
5371	3
5372	2
5374	2
5375	1
5377	3
5378	4
5379	1
5383	1
5384	1
5385	1
5387	1
5388	2
5389	1
5391	3
5393	2
5394	2
5395	2
5397	4
5398	1
5399	1
5400	2
5401	1
5402	3
5403	1
5404	1
5406	2
5409	2
5410	1
5411	2
5412	2
5413	1
5414	2
5416	1
5417	1
5418	1
21803	1
5421	2
5423	2
5424	1
5425	1
5427	2
5429	1
5430	2
5434	2
5435	1
5436	2
5437	3
5438	1
5440	1
5441	1
5442	2
5443	1
5444	1
5445	2
5446	2
5447	3
5449	3
5450	1
5451	1
5452	1
5454	2
5455	1
5456	1
5460	1
5461	3
5462	1
5463	2
5465	1
5466	2
5468	2
5469	1
5470	2
5471	1
5472	3
5477	1
5478	1
5480	1
5481	1
5482	2
5483	2
5484	1
5486	1
5487	2
5489	3
5490	1
5491	1
5492	1
5493	3
5494	1
5495	1
5496	2
5497	1
5499	1
5500	2
5503	1
5505	2
5506	1
5507	2
5508	1
5509	2
5512	1
5513	1
5514	1
5516	3
5518	2
5519	1
5521	3
21906	1
5523	1
5525	3
5526	1
5527	1
5528	2
5529	1
5530	1
5531	1
5533	2
5535	2
5538	1
5539	1
5540	1
5541	1
5542	2
5543	2
5544	1
5545	3
5546	3
5549	1
5550	1
5551	2
5552	2
5554	2
5555	1
5556	2
5557	1
5559	4
5560	1
5562	2
5563	3
5564	1
5565	1
5566	2
5567	1
5569	1
5573	1
5574	1
5575	2
5576	1
5578	1
5581	1
5582	1
5583	4
5584	2
5585	1
5586	2
5587	2
5588	1
5589	1
5593	1
5594	3
5595	1
5596	1
5597	1
5599	3
5600	1
5601	1
5603	2
5606	1
5607	2
5611	1
5612	1
5613	1
5614	2
5615	1
5616	1
5617	1
5618	1
5619	1
5620	2
5621	1
5623	1
5624	2
5626	1
5628	1
5629	3
5630	2
5632	1
5634	1
5635	1
5637	2
5638	1
5639	1
5640	1
5641	1
5642	2
5643	5
5644	1
5645	3
5647	3
5650	1
5653	2
5655	1
5657	1
5658	1
5660	2
5662	3
5663	2
5664	1
5669	3
5670	1
5672	1
5676	3
5677	1
5678	2
5679	1
5680	1
5681	1
5685	1
5688	1
5689	2
5690	2
5691	2
5692	1
5694	1
5695	1
5696	1
5697	1
5699	2
5701	1
5702	1
5703	1
5706	5
5707	2
5708	2
5711	1
5712	1
5714	1
5715	2
5716	2
5717	1
5718	1
5719	1
5720	3
5723	2
5726	2
5727	1
5729	1
5731	3
5735	1
5736	1
5738	2
5741	1
5743	1
5745	2
5748	1
5751	1
5755	1
5757	1
5758	3
5759	1
5761	1
5762	2
5764	1
5765	4
5766	1
5767	1
5769	3
5773	1
5774	1
5775	1
5777	1
5779	1
5782	1
5783	1
5785	1
5786	1
5788	2
5789	1
5790	1
5791	2
5794	4
5795	1
5796	3
5799	1
5801	2
5803	1
5808	1
5810	2
5811	3
5812	1
5813	1
5818	1
5819	1
5820	3
5821	1
5822	1
5823	3
5824	2
5825	1
5826	1
5827	1
5828	1
5829	1
5831	1
5833	1
5835	1
5837	1
5838	5
5839	1
5843	2
5846	3
5848	1
5851	3
5852	1
5853	1
5854	1
5855	1
5856	2
5858	1
5860	1
5862	1
5863	1
5864	1
5866	2
5867	1
5868	1
22256	1
5875	1
5876	1
5877	2
5878	1
5879	1
5882	3
5883	2
5884	2
5886	1
5887	1
5889	1
5890	1
5892	3
5893	1
5894	1
5895	1
5896	3
5898	1
5899	1
5901	1
5902	1
5903	1
5904	1
5905	2
5906	2
5907	1
5908	2
5909	1
5910	1
5911	1
5912	1
5914	1
5915	2
5917	1
5918	1
5919	5
5920	1
5921	3
5922	1
5925	1
5927	1
5928	1
5929	3
5930	2
5933	1
5934	1
5935	2
5936	1
5937	3
5939	2
5943	3
5944	2
5946	1
5948	1
5950	1
5951	1
5952	1
5953	3
5954	1
5956	1
5957	2
5958	2
5960	1
22344	1
5961	1
5963	1
5966	1
5967	2
5968	1
5969	1
5970	1
5972	1
5974	2
5975	1
5977	1
5978	3
5979	1
5982	1
5983	1
5984	1
5985	2
5987	2
5988	2
5989	1
5991	2
5992	1
5993	1
5994	1
5996	2
5998	1
6000	1
6004	1
6006	2
6008	1
6009	2
6010	1
6011	3
6012	1
6013	2
6014	1
6015	1
6016	1
6017	1
6018	1
6019	1
6020	4
6021	1
6022	1
6025	1
6027	1
6030	4
6032	2
6033	1
6037	1
6039	1
6041	1
6042	2
6049	1
6050	2
6052	1
6053	1
6054	1
6056	1
6057	2
6061	1
6062	3
6063	4
6064	1
6066	1
6068	1
6070	1
6073	2
6075	1
6076	1
6078	1
6079	2
6080	2
6081	1
6082	3
6083	1
6087	2
6091	1
6093	3
6095	1
6096	1
6097	1
6098	1
6099	1
6100	2
6101	1
6102	1
6104	1
6107	1
6108	1
6109	1
6110	1
6111	1
6112	2
6113	1
6115	1
6116	1
22503	1
6122	1
6123	1
6124	1
6125	1
6128	1
6132	2
6134	1
6135	1
6137	2
6138	1
6139	1
6140	1
6142	1
6144	1
6145	2
6149	1
6150	1
6152	2
6153	1
6154	1
6156	1
6157	3
6161	1
6162	2
22546	1
6163	2
6165	3
6168	1
6171	3
6172	1
6174	1
6175	1
6177	1
6178	1
6179	5
6180	1
6181	1
6182	3
6189	1
6193	2
6194	1
6195	1
6196	2
6197	1
6198	4
6200	2
6202	2
22587	1
6203	1
6204	1
6205	1
6206	3
6207	3
6209	1
6211	1
6212	2
6216	1
6218	2
6221	1
6225	1
6227	1
6229	3
6236	1
22622	1
6240	2
6242	1
6243	1
6246	1
6252	1
6254	1
6256	1
6260	1
6261	1
6262	2
6263	1
6264	1
6265	1
6266	2
6268	2
6274	1
6275	3
6276	1
6277	1
6281	1
6283	1
6288	1
6289	1
6290	1
6292	3
6293	1
6294	1
6295	1
6298	2
6299	1
6300	3
6301	1
6302	1
22687	1
6304	4
6305	4
6306	3
6309	1
6311	1
6313	1
6315	1
6317	1
6319	1
6320	1
6321	1
6322	1
6324	1
6326	1
6327	3
6328	1
6329	2
6330	2
22714	1
6331	4
6332	1
6333	1
6334	1
6337	1
6338	1
6339	2
6340	1
6341	1
6344	2
6346	2
6347	1
6353	1
6354	1
6356	2
22742	1
6358	1
6359	1
6361	2
6366	1
6367	1
6371	1
6373	2
6374	1
6376	1
6378	1
6379	1
6382	1
6383	2
6391	1
6393	1
6394	1
6395	2
6396	1
6397	1
6398	1
6399	1
6400	1
6401	1
6402	2
6403	2
6404	1
6405	1
6407	2
6409	2
6412	2
6415	1
6418	2
6419	1
6420	1
6421	1
6426	1
6427	1
6430	1
6433	1
6434	1
6435	1
6436	1
6439	1
6440	1
6442	2
6444	2
6447	2
6448	1
6452	1
6454	1
6455	2
6460	1
6462	1
6464	2
6466	1
6467	1
6469	1
6471	1
6473	1
6474	3
22858	1
6476	2
6477	1
6479	1
6482	1
6483	2
6488	1
6489	1
6491	3
6492	3
6493	2
6498	1
6499	1
6502	1
6503	1
6504	3
6505	1
6507	1
6508	1
6509	1
6510	1
6511	1
6512	1
6513	1
6514	1
6515	3
6516	1
6517	1
6521	2
6525	1
6526	1
6527	1
6530	1
6533	2
6535	1
6537	1
6538	1
22924	1
6544	1
6545	1
6546	2
6553	2
6559	2
6561	1
6567	2
6568	2
6570	1
6571	2
6572	1
6574	3
6576	1
6579	3
6580	1
6582	2
6589	3
6590	1
6595	1
6596	1
6598	1
6599	1
6601	2
6602	1
6603	3
22990	1
6607	1
6608	1
6609	1
6610	1
6611	1
6612	2
6613	1
6615	1
6622	1
6623	1
6628	1
6630	1
6636	2
6637	1
6639	1
6640	1
6641	1
6642	1
6645	1
6647	1
6650	1
6652	1
6654	1
6655	1
6656	1
6659	1
6660	2
6661	2
6662	1
6663	1
6664	2
6665	1
6667	2
6669	1
6671	2
6672	1
6674	1
6675	1
6677	1
6682	1
6686	1
6688	2
6689	1
6696	3
6697	2
6698	1
6700	1
6702	1
6703	2
6707	2
6708	1
6709	1
6713	1
6716	1
6719	1
6720	1
6724	1
6725	1
6727	2
6730	2
6737	2
6738	1
6739	1
6742	2
6744	1
6745	2
6746	1
6747	1
6753	4
6755	2
6758	1
6759	1
6760	1
6761	1
6765	3
6766	2
6767	1
6769	1
6772	1
6774	2
6775	1
6776	2
6777	3
6778	1
6779	1
6781	1
6783	3
6784	3
6787	1
6788	1
6789	1
6790	1
6791	1
6793	1
23179	1
23181	1
6798	2
6802	2
6804	1
6806	1
6808	1
6812	1
6813	3
6814	1
6815	1
6816	1
6817	1
6818	2
6821	1
6823	3
6828	1
6829	1
6830	1
6831	1
6833	1
6834	3
6835	2
6838	1
6839	1
6840	1
6841	1
6846	1
6849	1
6850	2
6851	1
6853	1
6856	1
6857	1
6858	1
6861	3
23246	1
6870	1
6871	1
6875	2
6877	1
6882	3
6884	1
6887	1
6888	3
6890	1
6891	1
6897	1
6898	1
6899	1
6903	1
6905	1
6906	2
6907	1
6908	1
6909	1
6911	3
6912	2
6913	2
6914	1
6915	2
6921	1
6922	1
6926	1
6929	1
6930	1
6932	1
6936	1
6937	1
6939	1
6940	2
6947	1
6948	1
6950	1
6951	1
6952	1
6953	1
6955	1
6956	1
6962	1
6966	1
6967	1
6968	2
6973	1
6975	2
6979	3
6983	1
6984	1
6985	1
6988	1
6990	1
6994	1
6995	1
6996	1
6998	2
7000	1
7001	1
7003	1
7004	4
7007	2
7008	1
7010	1
7012	1
7013	1
23398	1
7016	1
7017	2
7018	1
7019	2
7020	3
7022	1
7023	1
7024	1
7028	1
7029	1
7031	1
7032	2
7034	1
7041	1
7042	1
7043	1
7044	1
7047	1
7049	2
7051	1
7053	1
7054	1
7056	1
7058	2
7059	1
7060	1
7062	3
7063	1
7065	1
7068	3
7070	2
7071	2
7072	2
7074	1
7075	1
7078	1
7079	1
7084	3
7085	1
7088	1
7091	1
7092	1
7097	1
7098	1
7105	1
7109	2
7110	2
7112	1
7113	1
7115	3
7118	3
7120	2
7124	1
7125	1
7135	1
7141	1
7148	2
7149	1
7150	1
7152	1
7156	2
7160	1
7163	1
7164	2
7166	2
7170	1
7172	2
7173	2
7174	2
7176	3
7177	1
7179	2
7180	1
7182	1
7183	4
7186	1
7187	1
7188	1
7193	1
7196	1
23581	1
7197	1
7199	2
7202	1
7205	3
7206	1
7208	1
7210	1
7212	1
7215	1
7216	1
7217	1
7222	2
7226	1
7233	2
7234	1
7235	1
7236	1
7238	1
7240	1
7243	1
7244	1
7247	1
7248	1
7252	1
7256	1
7258	1
7259	1
7260	2
7263	1
7264	1
7265	1
7266	1
7267	1
7271	1
7274	1
7286	1
7288	1
7290	2
7291	2
7295	2
7299	1
7300	1
7301	1
7302	1
7308	1
7310	2
7315	2
7316	1
7317	1
7321	1
7324	1
7325	1
7326	1
7330	2
7331	1
7332	1
7336	2
7339	2
7340	1
23726	1
7342	2
23727	1
23729	1
23730	1
7346	1
7347	1
23731	1
7348	2
23732	1
23733	1
23734	1
23735	1
7352	2
23736	1
7357	1
7358	2
7359	2
7364	1
7366	1
23750	1
7368	2
7369	1
7371	1
7373	1
7376	2
7377	1
7378	1
7379	2
7380	1
7384	1
7385	1
23770	1
23772	1
7389	2
7392	1
7394	3
23779	1
7396	2
7398	1
7400	1
23785	1
7402	1
7404	1
7406	1
7409	1
23793	1
7412	1
23798	1
7417	1
7420	1
7426	2
7427	1
7429	1
7430	1
7432	1
7433	1
7434	2
7435	3
7437	2
7440	1
23825	1
23826	1
23831	1
23832	1
23833	1
7449	1
7450	1
23834	1
7451	1
23835	1
23836	1
23837	1
23838	1
23839	1
23840	1
23841	1
23842	1
23843	1
23844	1
7461	1
23845	1
23846	1
7462	3
23847	1
7463	1
7464	1
7475	1
7480	1
7481	1
7484	2
7485	2
7486	1
7488	1
7492	2
7493	1
7502	1
7505	1
7508	1
23894	1
7511	1
7513	1
7514	1
7515	1
7516	2
7519	2
7522	1
7524	2
7525	1
7531	1
23918	1
23919	1
7535	1
7536	1
7537	3
7538	1
7541	2
7551	1
7552	1
7553	1
7561	1
7571	1
7573	1
7575	2
23959	1
7578	1
7579	2
7583	1
23967	1
7586	1
7589	1
7590	2
7592	2
23976	1
7599	1
7601	1
7606	1
7607	3
7610	2
7611	2
7612	4
7615	1
7621	1
7623	2
7625	1
7626	1
7628	1
7629	1
7631	1
7632	1
7633	1
7634	2
7637	1
7644	1
7647	2
7648	1
7649	2
7653	2
7657	1
7658	1
7661	1
7664	2
7665	1
7667	1
7670	1
7673	1
7678	1
7679	1
7682	2
7683	1
7684	1
7686	1
7689	1
7691	1
7692	1
7693	1
7694	1
7697	1
24082	1
7699	1
7702	1
7705	2
7706	1
7711	1
7713	1
7715	1
7718	2
7722	1
7723	1
7724	1
7727	2
7729	2
7731	1
7734	1
7735	1
7737	1
7740	1
7743	1
7744	1
7745	1
7746	2
24138	1
7754	2
7756	1
7759	1
24147	1
7764	1
7765	1
7767	1
7768	2
7771	1
24156	1
7774	1
7775	1
7776	1
7777	1
7783	1
7784	1
7785	2
7786	1
7787	2
7788	1
7792	1
7793	1
7794	1
7799	1
7803	1
7805	2
7806	2
7807	1
7809	1
7815	1
7817	1
7818	2
24205	1
7822	1
7823	1
7830	1
7832	1
7835	1
7842	2
7846	2
7847	1
7851	1
7852	1
7856	1
7858	1
7859	1
7860	1
7863	1
7868	2
7873	1
7875	1
7876	1
7877	1
7880	1
7881	1
7882	1
7885	1
7889	2
7893	1
7894	1
7899	1
7905	1
7906	1
7907	1
7914	2
7918	1
7923	1
7924	3
7928	1
7936	1
7938	1
7940	1
7941	1
7942	1
7943	1
7944	1
7945	1
7948	1
7950	2
7952	1
7953	1
7954	1
7955	1
7962	1
7963	2
7964	1
7977	1
7980	2
7984	1
7987	2
7988	1
7992	1
7994	1
7996	1
24380	1
7998	1
8000	1
8003	1
8007	1
8008	1
8009	1
8011	1
8012	1
8013	2
8015	1
8016	1
8018	1
8019	1
8021	1
8022	2
8023	1
8025	2
8027	1
8031	1
8032	1
8041	2
8045	1
8050	1
8054	1
8055	1
8056	1
8065	3
8067	1
8068	1
8069	1
8070	1
8078	3
8079	1
8080	1
8081	2
8082	1
8088	1
8095	1
8098	1
8100	1
8101	2
8105	2
8107	1
8108	1
8114	1
8115	1
8117	1
8119	1
8122	1
8123	1
8125	1
8126	1
8127	1
8128	2
8129	1
8132	1
8133	1
8134	1
8137	1
8140	1
8142	1
8143	1
8155	1
8157	1
8162	1
8164	1
8168	1
8169	2
8170	1
8173	1
8177	1
8179	2
8180	1
8182	1
24567	1
24572	1
8196	1
8197	1
8202	1
8205	1
8206	1
8213	1
8220	1
8228	1
8231	1
8233	1
8234	1
8239	2
8240	1
8242	1
8243	1
8249	1
8250	1
8253	1
8256	1
8257	2
8261	1
8262	1
8263	2
8269	2
8274	2
8277	1
8285	1
8290	1
8294	1
8296	1
8300	1
8301	1
8303	1
8305	1
8306	1
8307	1
8309	1
24697	1
8315	1
8320	1
8325	2
8326	2
8327	1
8328	1
24713	1
8330	1
8333	2
8337	1
8342	1
8347	2
8349	1
8350	1
8352	2
8356	1
8359	1
8360	1
8363	1
8364	1
8365	1
8366	1
8370	1
8373	1
8375	1
8377	1
8378	1
8380	1
8382	1
8383	1
8385	1
8386	2
8389	1
8396	2
8402	2
8406	1
8412	1
8415	1
8422	1
8423	1
8426	1
8429	1
8432	1
8433	2
8444	1
8445	1
8452	1
8453	2
8455	1
24840	1
8456	1
8461	1
8464	1
8465	1
8467	1
8468	1
8471	1
8472	1
8475	1
8476	1
8479	1
8480	1
8486	1
8488	1
8495	2
8500	1
8503	1
8507	1
8509	2
8516	3
8519	1
8522	1
8526	1
8530	1
8545	1
8552	1
8554	1
8558	1
8559	1
8564	1
24948	2
8565	1
8566	1
8568	1
8570	1
8573	2
8580	2
8585	1
8589	1
8593	1
8594	1
8596	1
8597	2
8605	1
8608	2
8610	1
8617	1
8620	1
8622	2
8625	1
25018	1
8635	1
8640	1
8641	1
8643	1
8645	1
8646	1
8651	1
8654	1
8658	1
8668	1
8669	1
8674	1
8683	1
8686	1
8688	1
8693	3
8697	1
8698	1
8703	1
8709	1
8711	1
8713	1
8714	2
8715	2
8719	1
8726	1
8727	1
8730	1
8732	1
8733	1
8735	1
8738	1
8739	1
8745	1
8759	1
8760	1
8762	1
8768	2
8770	1
8774	1
8775	1
25163	1
8783	1
8784	1
8785	1
8786	1
8792	1
8793	1
8802	1
8806	1
8807	1
8811	1
8812	1
8814	1
8820	2
8823	1
8828	1
8835	1
8839	1
8840	1
8843	1
8844	1
8855	1
8859	1
8867	1
8868	1
8870	1
8872	2
8877	1
8879	2
8885	1
8888	1
8891	1
8893	1
8894	1
8901	1
8903	1
8904	1
8906	1
8920	1
8922	1
8923	2
8927	1
8940	2
8942	1
8943	2
8946	1
8958	1
8962	1
8969	1
8971	1
8972	1
8973	1
8980	1
8984	1
8985	1
8987	1
8988	1
8991	1
8998	1
9000	2
9001	1
9002	1
9007	1
9008	1
9011	1
9013	1
9014	1
9015	1
9016	2
9021	1
9023	1
9027	1
9031	1
9034	1
9036	2
9040	1
9041	1
9044	1
9045	1
9050	1
9051	1
9055	1
9056	2
9059	1
9069	1
9070	1
9071	1
9078	1
9079	1
9081	1
9087	2
9089	1
9094	1
9097	1
9098	1
9099	1
25484	1
9106	1
9114	1
9115	1
9118	1
9131	1
9134	1
9139	1
9141	1
9143	1
9144	2
9147	1
9150	1
9152	1
9153	2
9157	2
9163	3
9165	1
9168	1
9169	1
9171	1
9179	1
9181	1
9182	1
9183	1
9195	2
9199	2
9206	1
9209	1
9212	1
9213	1
9215	1
9218	1
9222	1
9230	1
9233	1
9234	1
9235	1
9236	2
9238	1
9249	1
9250	1
9252	1
9262	1
9267	1
9268	1
9281	1
9289	1
9293	1
9309	1
9324	1
9325	1
9331	1
25722	1
9338	1
9340	1
25725	1
9343	1
9345	1
9347	1
9352	2
9354	1
9355	1
9362	1
9363	1
9366	1
9368	1
9369	1
9379	1
9380	1
9381	1
25768	1
9390	1
9402	1
9405	1
9407	1
9414	1
9431	1
9434	1
9440	2
9443	2
9445	1
9446	1
9447	1
9450	1
9456	2
9464	1
9467	1
9468	1
9470	1
9472	1
9479	1
9485	1
9491	3
9494	1
9499	1
9500	1
9504	1
9506	1
9511	1
9514	2
9516	1
9520	1
9521	1
9523	1
9525	1
9530	1
9531	1
9534	1
9538	1
9544	1
9545	1
9563	1
9564	1
9570	1
9573	1
9575	1
9580	1
9581	1
9588	1
9589	1
9595	1
9596	1
9597	1
9609	1
9611	1
9613	1
9618	1
9619	1
9622	1
9627	1
9629	1
9631	1
9638	1
9643	2
9653	1
9655	1
9658	2
9661	1
9663	1
9666	3
9668	1
9672	1
9673	1
9675	1
9678	2
9690	1
9692	1
9695	1
9702	1
9716	1
9719	1
9722	1
9728	1
9730	1
9737	1
9752	1
9753	1
9755	1
9758	1
9759	1
9777	2
9785	1
9790	1
9794	1
9803	1
9818	1
9821	1
9831	1
9833	2
9858	1
9861	1
9863	1
9873	1
9877	1
9878	1
9890	1
9896	1
9899	1
9901	1
9904	1
9911	1
9913	1
9916	1
9920	1
9921	2
9931	2
9935	1
9937	1
9938	1
9939	1
9961	1
9968	1
9978	2
9980	1
9986	1
9991	1
9996	1
9997	1
10000	1
10005	1
10007	2
10019	1
10023	2
10035	1
10036	1
10046	1
10051	2
10052	1
10055	1
10056	1
10057	1
10058	2
10061	1
10064	1
10069	2
10071	1
10073	1
10083	1
10088	2
10092	2
10106	1
10110	1
10112	1
10114	1
10133	1
10135	1
10137	1
10139	1
10140	1
10150	2
10153	1
10158	1
10175	1
10183	1
10184	1
10189	1
10190	1
10193	1
10196	1
10197	1
10199	1
10201	1
10205	1
10207	2
10209	1
10212	1
10215	1
10222	1
10224	1
10229	1
10231	2
10233	1
10241	1
10253	1
10254	1
10258	1
10270	1
10275	1
10285	1
10287	1
10289	1
10303	2
10305	1
10325	1
10337	1
10339	1
10340	1
10346	1
10353	1
10354	1
10364	2
10370	1
10371	1
10391	1
10393	2
10407	3
10420	2
10421	1
10422	1
10425	1
10431	1
10432	1
10434	1
10447	1
10450	1
10451	2
10456	1
10459	1
10470	1
10471	1
10473	1
10475	1
10477	1
10481	1
10491	1
10494	2
10495	1
10500	1
10504	2
10505	1
10512	1
10514	1
10525	1
10528	1
10533	1
10540	1
10549	2
10551	1
10556	1
10560	1
10565	1
10566	1
10568	1
10574	1
10587	2
10592	1
10600	1
10607	1
10610	1
10611	1
10612	1
10613	2
10614	1
10615	1
10618	1
10624	1
10638	1
10639	1
10646	1
10652	1
10657	2
10665	1
10666	1
10675	1
10680	1
10682	1
10689	1
10719	1
10723	1
10732	1
10737	1
10742	1
10753	1
10756	1
10760	1
10765	2
10767	2
10770	2
10771	1
10772	1
10774	1
10775	1
10777	1
10780	1
10787	1
10788	1
10789	1
10793	1
10802	1
10805	1
10829	2
10832	1
10833	1
10841	1
10843	1
10847	1
10853	1
10854	1
10867	1
10878	1
10880	1
10883	1
10886	1
10889	1
10892	1
10894	1
10896	1
10908	1
10913	1
10915	1
10916	1
10920	2
10924	1
10935	1
10942	1
10949	2
10950	1
10952	1
10953	1
10955	1
10959	1
10962	1
10963	1
10967	1
10976	1
10978	1
10980	1
10987	1
10996	1
11002	1
11016	2
11017	1
11024	1
11026	1
11033	1
11034	1
11048	1
11062	1
11064	1
11067	1
11074	2
11079	1
11080	1
11082	1
11084	1
11088	1
11090	1
11093	1
11099	1
11106	1
11112	1
11114	1
11122	1
11129	1
11139	1
11154	2
11158	1
11160	1
11162	1
11165	1
11169	2
11181	1
11185	1
11186	1
11193	1
11197	1
11198	1
11199	1
11207	1
11211	1
11212	1
11215	2
11216	3
11221	3
11222	2
11232	1
11236	2
11240	1
11256	1
11269	1
11271	1
11272	2
11277	1
11280	1
11292	1
11297	1
11298	1
11303	1
11305	1
11306	2
11307	1
11315	1
11319	1
11324	1
11330	1
11341	1
11342	1
11351	1
11352	1
11354	1
11361	2
11366	1
11368	2
11378	1
11384	2
11389	1
11391	1
11392	1
11393	1
11407	1
11408	1
11415	1
11416	1
11417	1
11426	1
11428	1
11433	1
11435	1
11442	1
11443	1
11450	1
11451	1
11454	2
11459	1
11461	1
11471	1
11473	1
11478	1
11481	1
11490	1
11491	1
11493	1
11496	1
11497	1
11502	1
11512	1
11513	1
11515	1
11517	2
11520	1
11524	1
11526	1
11531	1
11535	1
11547	1
11549	1
11551	1
11552	1
11560	1
11561	1
11566	1
11570	1
11575	1
11576	1
11581	1
11585	1
11590	1
11594	1
11597	2
11607	1
11611	1
11614	2
11618	1
11619	2
11624	1
11628	1
11629	1
11630	1
11631	1
11633	1
11641	1
11642	1
11644	1
11651	1
11655	1
11658	1
11665	1
11669	1
11679	1
11682	1
11683	1
11685	1
11686	2
11690	1
11692	1
11703	1
11707	2
11710	1
11711	1
11713	1
11717	1
11719	2
11720	1
11724	1
11728	1
11733	1
11734	1
11736	1
11737	1
11740	1
11744	1
11745	1
11746	1
11748	1
11749	1
11753	2
11754	1
11766	2
11772	2
11773	1
11776	1
11777	1
11779	1
11782	1
11784	1
11786	2
11787	1
11795	1
11800	1
11804	1
11808	1
11809	1
11813	1
11814	1
11817	2
11818	1
11831	1
11836	1
11838	1
11839	1
11846	1
11848	1
11849	1
11860	1
11863	1
11864	1
11866	1
11874	1
11877	1
11887	1
11891	1
11898	1
11900	1
11901	1
11905	1
11906	1
11911	1
11912	1
11920	1
11921	2
11924	1
11932	1
11934	1
11935	2
11944	2
11950	1
11954	2
11967	1
11985	1
11992	1
11995	1
12012	1
12018	2
12031	1
12032	1
12041	1
12046	1
12050	1
12057	2
12068	2
12072	1
12081	1
12083	1
12084	1
12091	1
12092	1
12096	1
12098	1
12099	1
12102	2
12106	1
12109	1
12113	1
12123	1
12124	1
12138	1
12149	2
12152	1
12156	1
12167	1
12177	1
12181	1
12185	1
12202	1
12203	1
12206	1
12222	1
12223	1
12233	1
12236	1
12240	1
12245	1
12261	1
12266	1
12272	1
12282	1
12283	1
12288	2
12291	2
12300	1
12301	1
12302	1
12303	2
12310	1
12313	1
12316	2
12318	1
12333	1
12350	1
12351	2
12352	1
12354	1
12358	2
12360	1
12368	1
12373	1
12377	1
12383	1
12385	1
12391	4
12396	1
12399	1
12402	1
12404	1
12405	2
12411	1
12416	1
12417	1
12419	1
12431	1
12437	1
12455	1
12460	1
12462	1
12469	2
12472	1
12496	1
12498	1
12502	1
12508	1
12511	1
12515	2
12520	1
12523	1
12527	1
12539	1
12540	1
12545	1
12546	1
12559	1
12560	1
12562	1
12564	1
12575	1
12581	1
12594	1
12596	1
12599	1
12622	1
12635	1
12636	1
12645	1
12656	1
12658	1
12659	1
12666	1
12670	1
12671	1
12672	1
12677	1
12681	2
12684	1
12699	1
12707	1
12710	1
12713	1
12722	1
12726	1
12727	1
12728	1
12737	1
12739	2
12740	1
12746	1
12749	1
12754	1
12756	1
12764	1
12777	1
12784	1
12789	1
12801	1
12809	1
12810	1
12811	2
12824	1
12830	1
12836	1
12837	1
12842	1
12843	1
12860	1
12869	1
12870	1
12876	1
12889	1
12898	1
12899	1
12910	1
12914	1
12915	1
12920	1
12925	1
12927	1
12936	1
12939	1
12940	1
12942	1
12951	1
12952	1
12955	1
12983	1
12987	1
12992	1
12993	1
12996	1
13002	2
13007	1
13015	1
13016	2
13021	1
13023	1
13024	1
13026	1
13030	1
13032	1
13045	1
13047	1
13052	1
13069	1
13080	1
13085	1
13087	1
13088	1
13089	1
13091	1
13096	1
13105	2
13119	1
13124	1
13134	1
13146	1
13149	1
13155	1
13158	1
13166	1
13171	1
13174	1
13182	2
13183	1
13186	1
13201	1
13210	2
13214	1
13215	1
13216	1
13217	1
13219	1
13221	1
13222	1
13224	1
13232	1
13240	1
13246	1
13259	1
13260	1
13277	2
13285	1
13287	1
13293	1
13296	1
13298	1
13301	1
13305	2
13311	1
13320	1
13326	1
13328	1
13329	1
13341	1
13342	1
13353	1
13377	1
13386	1
13391	1
13429	1
13433	1
13437	1
13440	1
13455	1
13457	1
13460	1
13464	1
13469	1
13470	1
13477	1
13481	1
13482	1
13486	1
13512	2
13513	1
13516	1
13518	1
13520	1
13526	1
13530	1
13537	1
13544	1
13554	1
13561	1
13567	2
13589	1
13601	1
13615	1
13625	1
13634	1
13644	1
13664	1
13684	1
13688	1
13691	1
13695	1
13698	1
13709	1
13720	1
13739	1
13741	1
13744	1
13753	2
13755	1
13762	1
13784	1
13792	1
13794	1
13820	1
13834	1
13846	2
13862	1
13863	1
13867	1
13882	2
13884	1
13899	1
13912	1
13923	1
13935	1
13937	1
13941	1
13944	1
13954	1
13958	1
13959	1
13964	1
13975	1
13996	1
13999	1
14015	1
14021	1
14025	1
14028	1
14032	1
14039	1
14055	1
14057	1
14063	1
14070	1
14075	1
14083	1
14089	1
14093	1
14110	1
14113	1
14121	1
14125	1
14131	1
14145	1
14149	1
14151	1
14156	1
14161	2
14162	1
14167	1
14171	1
14172	1
14182	1
14195	1
14199	1
14201	1
14205	1
14212	1
14214	1
14224	1
14225	2
14230	1
14254	1
14266	1
14267	1
14271	1
14275	1
14276	2
14277	1
14282	1
14284	1
14285	1
14287	2
14290	1
14299	1
14304	2
14309	1
14313	1
14314	2
14319	1
14321	1
14325	1
14332	1
14337	1
14340	2
14346	2
14351	1
14357	1
14359	1
14363	1
14370	1
14377	1
14382	1
14385	1
14386	1
14389	1
14393	1
14401	1
14402	1
14404	1
14407	1
14412	1
14417	1
14419	1
14420	1
14424	1
14428	1
14430	1
14434	1
14440	1
14443	1
14448	1
14456	2
14458	2
14460	1
14461	1
14464	1
14465	2
14467	1
14468	1
14473	1
14476	1
14477	2
14478	1
14484	1
14488	1
14499	1
14502	1
14506	2
14507	1
14508	2
14512	1
14517	1
14524	1
14525	1
14529	1
14536	1
14545	1
14546	2
14552	1
14559	1
14560	1
14577	1
14579	1
14587	1
14589	1
14590	1
14594	1
14601	1
14606	1
14609	1
14612	1
14614	1
14616	1
14624	1
14630	1
14631	1
14633	1
14639	2
14642	1
14644	2
14657	1
14658	1
14662	1
14668	2
14681	1
14691	1
14699	1
14705	2
14706	1
14709	2
14714	1
14719	1
14720	2
14721	3
14726	1
14728	1
14734	1
14746	1
14767	1
14776	1
14785	1
14786	1
14792	1
14798	1
14805	1
14811	1
14812	2
14815	1
14829	1
14832	1
14835	1
14836	1
14837	1
14839	1
14846	1
14847	2
14852	1
14861	1
14862	2
14863	1
14869	1
14875	1
14878	1
14886	1
14891	1
14892	1
14896	1
14897	1
14898	1
14899	1
14900	1
14909	1
14922	1
14923	1
14924	1
14930	1
14933	1
14936	1
14937	1
14938	1
14943	1
14944	1
14947	1
14948	1
14950	2
14952	1
14953	1
14961	1
14963	1
14964	1
14968	1
14970	1
14972	2
14977	1
14979	1
14981	3
14984	1
14987	1
14988	2
14989	1
14990	1
14991	1
14994	3
14997	1
15001	1
15003	2
15006	1
15007	1
15009	1
15012	1
15013	1
15014	2
15015	1
15020	2
15022	1
15034	1
15037	1
15040	1
15042	2
15050	1
15051	1
15052	1
15055	1
15061	1
15063	1
15064	1
15065	1
15075	1
15078	1
15081	1
15084	1
15086	1
15087	1
15088	1
15089	1
15094	1
15097	1
15099	1
15100	1
15103	1
15104	2
15105	1
15116	1
15118	1
15121	1
15128	1
15131	1
15133	1
15135	1
15137	2
15144	1
15147	1
15148	1
15150	1
15153	1
15155	1
15157	1
15161	2
15163	1
15164	1
15165	1
15167	1
15180	1
15181	1
15182	1
15184	1
15185	1
15188	1
15193	1
15195	2
15201	1
15202	1
15206	1
15208	2
15210	1
15213	1
15215	1
15220	1
15222	1
15225	1
15227	2
15228	1
15229	2
15232	1
15235	1
15236	1
15239	1
15245	3
15247	1
15254	1
15258	1
15262	1
15275	1
15277	1
15283	1
15284	1
15285	1
15288	2
15289	2
15291	2
15295	1
15297	2
15301	1
15303	1
15305	1
15307	1
15310	1
15312	1
15314	1
15315	1
15317	1
15325	3
15326	2
15328	1
15345	2
15346	1
15353	1
15358	1
15361	1
15364	1
15367	1
15370	1
15374	2
15383	1
15386	1
15388	1
15389	1
15394	1
15395	1
15396	1
15398	1
15400	1
15408	1
15409	1
15411	1
15417	2
15418	1
15423	1
15429	2
15433	1
15435	1
15443	1
15449	2
15457	1
15472	1
15475	1
15487	1
15488	1
15494	1
15498	1
15500	1
15503	1
15507	2
15516	1
15523	1
15527	1
15534	2
15536	1
15539	1
15545	2
15548	1
15549	1
15552	1
15553	1
15556	1
15559	1
15561	1
15562	1
15565	1
15569	1
15573	1
15574	1
15575	2
15579	1
15581	1
15588	1
15591	1
15593	1
15598	1
15606	1
15608	1
15612	1
15614	1
15617	1
15619	1
15621	1
15626	1
15629	1
15631	1
15635	1
15636	1
15641	1
15642	1
15645	1
15647	1
15648	1
15651	1
15652	1
15654	1
15658	1
15659	1
15667	2
15672	2
15673	1
15674	2
15675	1
15676	1
15679	1
15682	1
15689	1
15690	1
15694	2
15695	2
15702	2
15707	2
15708	1
15713	1
15714	1
15715	1
15716	1
15717	1
15724	1
15725	1
15729	1
15731	1
15749	3
15750	1
15752	1
15753	1
15755	2
15757	1
15760	1
15762	1
15766	1
15771	1
15779	2
15780	1
15783	1
15784	1
15786	1
15787	1
15792	2
15798	1
15802	1
15809	2
15810	2
15822	1
15824	1
15828	1
15829	2
15831	1
15832	1
15835	1
15836	2
15838	1
15842	1
15847	1
15848	1
15850	1
15854	1
15855	2
15870	1
15871	1
15876	1
15884	2
15886	2
15888	1
15890	1
15891	1
15895	1
15897	3
15905	1
15909	1
15914	2
15925	1
15931	1
15933	1
15942	1
15943	1
15949	1
15953	1
15957	1
15961	1
15962	1
15965	2
15974	2
15975	1
15977	1
15979	1
15982	1
15983	1
15987	2
15991	1
15994	1
15999	2
16002	1
16004	1
16005	1
16007	1
16014	1
16018	1
16019	2
16021	1
16022	2
16027	1
16045	1
16049	2
16058	1
16065	1
16068	1
16080	1
16081	1
16085	1
16098	1
16100	1
16108	1
16109	1
16111	1
16124	1
16129	1
16141	1
16158	1
16164	1
16180	1
16183	1
16186	1
16213	1
16214	1
16217	1
16224	1
16235	1
16238	1
16240	2
16242	1
16246	1
16254	1
16260	1
16268	1
16270	1
16279	1
16289	1
16291	1
16293	2
16295	1
16304	1
16309	2
16310	1
16320	1
16327	1
16330	1
16331	2
16342	2
16354	1
16358	1
16360	1
16374	1
16381	1
16383	1
