16384	1
1	34
2	28
3	20
4	15
16388	1
5	16
6	12
7	14
8	18
9	11
10	15
11	12
12	20
13	20
14	15
15	19
16	17
17	8
18	26
19	30
20	14
21	24
22	14
23	14
24	14
25	22
26	19
27	13
28	16
29	15
30	25
31	17
32	12
33	18
34	14
35	13
16419	1
36	11
37	16
38	17
39	14
40	13
41	16
16425	1
42	15
43	19
44	14
45	17
46	16
47	24
48	16
49	12
50	14
51	13
52	9
53	8
54	15
16438	1
55	20
56	13
57	14
58	9
16442	1
59	14
60	9
61	12
62	19
63	15
64	12
65	15
66	9
67	11
68	12
69	7
70	17
71	23
72	16
73	12
74	11
75	10
76	16
77	8
78	21
79	18
80	14
81	10
82	11
83	12
84	11
85	13
86	19
87	12
88	20
89	9
90	17
91	15
16475	1
92	14
93	19
94	12
95	16
96	12
97	8
98	12
99	8
100	16
101	21
102	12
103	11
104	6
105	12
106	15
107	15
108	19
109	12
110	7
111	13
112	13
113	11
114	16
115	8
116	15
117	12
118	2
119	11
120	13
121	11
16505	1
122	15
123	8
124	7
125	14
126	15
16510	1
127	10
128	16
129	13
130	12
131	13
132	4
133	7
134	7
135	9
16519	1
136	9
137	8
138	12
139	10
140	11
141	10
142	12
143	7
144	10
145	9
146	13
147	5
148	12
149	8
150	8
151	8
152	16
153	12
154	10
155	6
156	8
157	7
16541	1
158	9
159	4
160	8
161	13
16545	2
162	9
163	6
164	10
165	7
166	11
167	7
168	8
169	8
170	11
171	4
172	6
173	6
174	7
175	3
176	6
177	12
178	5
179	12
180	7
181	7
182	6
183	7
184	7
185	9
186	9
187	6
188	7
189	4
190	7
191	4
192	6
193	7
194	3
195	4
196	6
197	12
198	11
199	8
200	9
201	3
202	8
203	10
204	2
205	11
206	5
207	5
208	8
209	12
210	3
211	7
212	6
213	6
214	5
215	7
216	4
217	8
218	10
219	9
220	8
221	8
222	6
223	9
224	7
225	11
16610	1
226	1
227	8
228	8
16612	1
229	6
230	11
231	12
232	12
233	7
234	7
235	4
236	8
237	8
238	7
239	5
240	9
241	7
242	4
243	8
244	4
245	6
246	6
247	9
248	7
249	3
250	6
251	7
252	7
253	9
254	10
255	4
256	4
257	13
258	3
259	8
260	2
261	8
262	6
263	4
264	7
265	11
266	7
267	5
268	11
269	6
270	5
271	11
272	9
273	5
274	2
275	5
276	5
277	3
278	9
279	8
280	3
281	2
282	5
283	6
16668	1
284	6
285	7
286	5
287	4
288	7
16672	1
289	7
290	10
291	4
292	7
293	6
294	6
295	6
296	5
297	5
298	7
299	7
16683	1
300	2
301	5
302	7
303	2
304	9
16688	1
305	7
306	3
307	7
308	5
309	3
310	9
311	7
312	9
313	10
314	7
315	8
316	5
317	7
318	4
319	6
320	3
321	12
322	7
323	9
324	7
325	4
326	10
327	6
328	3
329	8
330	3
331	3
332	4
333	8
334	1
335	5
336	3
337	8
338	6
339	1
340	2
341	2
342	2
343	3
344	6
345	6
16729	1
346	6
347	1
348	3
349	4
350	8
351	8
352	4
353	6
354	3
355	7
356	4
357	2
358	4
359	6
360	6
361	10
362	7
363	2
364	7
365	2
366	5
367	3
368	3
369	5
370	4
16754	1
371	10
372	4
373	8
374	7
375	5
376	6
377	9
378	9
379	4
380	4
381	6
382	4
383	4
384	6
385	5
386	6
387	8
16771	1
388	3
16772	1
389	8
391	5
392	5
393	5
394	4
395	8
396	10
397	4
398	8
399	8
400	7
401	3
402	5
403	3
404	5
405	3
406	10
407	5
408	3
409	1
410	4
411	3
412	3
414	4
415	6
416	6
417	6
418	8
16802	1
419	7
16803	1
420	2
421	3
422	4
423	1
424	7
425	5
427	5
428	10
429	9
430	2
16814	1
431	3
432	4
433	4
434	7
435	8
436	9
437	3
438	9
16822	1
439	1
440	5
441	2
442	6
443	7
444	10
445	8
446	4
447	6
448	5
449	4
450	2
451	4
452	1
16836	1
453	4
454	10
16839	2
455	1
456	4
457	6
458	1
459	3
460	4
461	4
462	1
463	5
464	2
465	4
16849	1
466	2
467	1
468	5
469	2
470	2
471	4
472	6
473	3
474	4
475	2
476	3
477	3
478	3
16862	1
480	4
481	9
482	3
483	4
484	4
485	4
486	5
487	4
488	6
16872	1
489	7
490	4
491	4
492	6
493	6
494	4
495	8
496	2
497	6
498	4
499	2
500	5
501	2
502	3
16886	1
503	3
504	10
505	1
506	3
507	4
508	3
509	1
510	4
511	3
512	1
513	6
514	5
515	7
16899	1
516	2
517	2
518	2
519	4
520	3
521	4
522	4
523	2
524	1
525	4
526	4
527	3
528	3
529	4
530	5
531	4
532	1
533	3
534	4
535	2
536	4
537	2
538	2
539	3
540	7
541	3
542	4
543	3
544	4
545	3
546	4
547	3
548	5
549	3
550	9
551	4
552	3
16936	1
553	3
554	4
555	4
556	5
557	2
558	6
16942	1
559	5
560	2
561	4
562	4
563	5
564	3
565	5
566	2
567	3
568	5
569	7
570	3
571	4
572	6
573	3
574	6
575	4
576	1
577	4
578	5
579	2
580	5
581	7
582	4
584	4
586	5
587	5
588	5
589	4
590	5
591	3
592	5
593	3
594	2
595	4
596	1
597	6
598	3
599	7
600	6
601	4
602	5
603	2
604	1
605	2
606	5
607	5
608	6
16993	1
609	2
610	3
16994	1
611	4
612	5
613	3
614	8
615	6
616	1
617	7
618	3
619	1
620	2
621	7
622	4
623	7
624	4
17009	1
626	2
627	3
628	5
17013	1
629	1
630	3
631	2
632	5
17016	1
633	3
634	3
635	2
636	1
637	6
638	6
639	5
640	4
641	7
642	4
643	8
644	4
645	5
646	6
647	5
17031	1
648	5
650	3
651	5
652	7
653	3
654	3
655	4
656	9
657	4
658	7
17042	1
659	1
660	5
17044	1
661	8
662	6
663	5
664	5
665	5
666	5
667	6
668	7
17052	1
669	7
670	5
671	8
672	4
673	2
674	9
675	11
676	4
677	4
678	8
679	3
680	3
681	3
682	1
683	6
684	7
685	4
686	5
687	9
688	6
689	8
690	5
691	1
692	6
693	3
694	4
695	8
696	4
697	4
17081	1
698	3
699	8
700	11
701	6
702	3
703	4
704	3
705	5
706	1
707	5
708	7
709	3
710	9
711	5
712	2
713	3
17097	1
714	8
715	9
716	4
717	5
718	5
719	2
720	1
721	8
722	6
723	5
17107	1
724	6
725	4
726	2
727	7
728	3
729	5
730	5
731	6
732	7
733	7
734	7
735	11
736	8
737	6
738	7
739	9
740	3
741	2
742	7
743	4
744	10
745	4
746	4
747	3
17131	1
748	6
749	5
750	3
751	11
752	7
753	6
754	8
755	5
756	6
17140	1
757	2
758	6
759	15
17143	1
760	4
17144	1
761	6
762	7
763	6
764	5
765	8
766	1
767	4
768	4
769	5
770	8
771	6
772	6
773	10
774	10
775	5
776	7
17160	1
777	4
17161	1
778	4
779	10
780	10
781	5
782	3
783	5
784	2
785	3
786	6
787	5
788	10
789	6
790	2
791	8
792	6
793	10
794	10
17178	1
795	9
796	9
797	7
798	4
799	5
800	6
801	7
802	3
803	8
804	6
805	3
806	4
807	5
808	8
809	7
810	3
811	8
812	7
813	6
814	4
815	6
816	5
17200	1
817	6
818	6
819	4
820	8
821	8
822	4
823	3
824	6
825	12
826	7
827	9
828	5
829	2
830	6
831	3
832	5
833	6
834	12
835	6
836	3
837	3
838	6
839	2
840	6
841	9
842	7
843	5
844	10
845	1
846	7
847	5
848	7
849	7
850	12
851	11
852	7
853	8
854	6
855	5
856	6
857	10
858	5
859	4
860	7
861	5
862	5
863	8
864	3
865	9
866	3
867	7
868	9
869	2
870	3
871	7
872	6
873	8
874	2
875	5
876	3
877	3
878	4
17262	1
879	5
880	6
881	7
882	4
17266	1
883	3
884	6
885	8
886	5
887	7
17271	1
888	2
889	4
890	4
892	5
893	3
17277	1
894	3
895	7
896	8
897	7
898	8
899	2
900	3
901	8
902	5
903	3
904	5
905	10
906	9
907	5
908	4
909	7
910	10
911	5
912	5
913	4
914	4
915	8
916	5
917	2
918	2
919	5
920	4
921	9
922	4
923	8
924	6
925	6
926	8
17310	1
927	2
928	10
929	4
930	4
931	6
932	4
933	3
934	3
935	3
936	7
937	2
938	6
939	7
940	4
941	3
942	5
943	9
17328	1
944	6
945	2
946	7
947	4
948	4
949	7
950	1
951	5
952	8
953	9
954	1
955	2
956	5
957	4
958	4
959	3
960	5
961	3
962	2
17346	1
963	7
964	7
965	3
966	5
967	11
968	5
969	4
970	8
971	1
972	2
973	3
974	6
975	7
976	2
977	5
17361	1
978	4
979	8
980	10
981	3
982	8
983	2
17368	1
984	3
985	2
986	1
987	7
988	7
989	9
990	7
991	4
992	2
993	4
994	8
995	11
996	6
997	5
998	6
999	3
1000	4
1001	6
1002	3
1003	6
1004	5
1005	7
1006	2
1007	6
1008	5
1009	5
1010	6
1011	6
1012	1
1013	9
1014	2
1015	3
1016	7
1017	4
1018	3
1019	2
1020	4
1021	4
1022	4
1023	6
1024	8
17408	1
1025	3
1026	6
1027	3
1028	5
1029	6
1030	3
1031	6
1032	3
1033	8
1034	2
1035	4
1036	2
1037	5
1038	5
17422	1
1039	6
1040	10
1041	7
1042	7
1043	4
1044	3
1045	5
1046	1
1047	4
1048	2
1049	7
1050	3
1051	2
1052	3
17436	1
1053	8
1054	3
1055	7
1056	7
1057	4
1058	6
1059	4
1060	6
1061	6
1062	6
1063	9
1064	4
1065	5
1066	6
17450	1
1067	3
1068	6
1069	7
1070	1
1071	3
1072	4
17456	1
1073	8
1074	2
1075	1
1076	6
17460	1
1077	6
1078	3
17463	1
1079	2
1080	4
1081	6
1082	4
1083	1
1084	1
1085	4
1086	5
1087	7
1088	8
1089	6
1090	6
1091	6
1092	8
1093	4
1094	4
1095	4
1096	3
1097	7
1098	3
1099	5
1100	5
1101	9
1102	3
1103	5
1104	2
1105	3
1106	3
1107	7
1108	5
1109	6
1110	6
1111	6
1112	1
17496	1
1113	2
1114	3
17499	1
1115	4
1116	3
1117	3
1118	2
1119	3
1120	5
1121	3
1122	6
1123	6
1124	6
17508	1
1125	2
1126	4
1127	5
1128	3
1129	7
17513	1
1130	4
1131	5
1132	5
1133	4
1134	10
1135	1
1136	5
17520	1
1137	2
1138	3
1139	7
1140	2
1141	6
17525	1
1142	8
1143	10
1144	5
17529	1
1145	5
1146	3
1148	4
17532	1
1149	6
1150	5
1151	4
1152	4
17536	1
1153	6
1154	3
1155	3
1156	3
1157	5
1158	6
1159	4
1160	5
1161	7
1162	4
1163	8
1164	3
1165	6
1166	6
1167	8
1168	1
1169	6
1170	6
1171	4
1172	6
1173	5
1174	7
1175	5
1176	7
1177	6
1178	6
1179	1
1180	5
1181	1
1182	2
1183	5
1184	3
1185	4
1186	4
17570	1
1187	6
1188	1
1189	3
1190	1
1191	4
1192	5
1193	4
1194	5
1195	8
17579	1
1196	7
1197	5
17582	1
1198	6
1199	4
1200	9
1201	5
1202	7
1203	6
17587	1
1204	4
1205	6
1206	2
1207	5
17591	1
1208	5
1209	5
1210	6
1211	6
1212	5
1213	8
1214	7
1215	5
1216	3
1217	6
1218	2
1219	1
1220	5
1221	2
1222	9
1223	5
1224	8
1225	9
1226	7
1227	5
1228	3
1229	1
1230	11
1231	6
1232	5
1233	6
1234	1
1235	9
1236	2
1237	9
1238	9
1239	4
1240	3
1241	6
1242	7
1243	8
1244	3
1245	2
1246	3
1247	3
1248	5
1249	4
1250	4
1251	10
1252	2
1253	4
1254	5
1255	1
1257	3
1258	3
1259	8
1260	7
1261	3
1262	4
1263	6
1264	7
1265	3
1266	3
1267	5
1268	3
1269	4
1270	4
1271	5
1272	3
1273	6
17657	1
1274	9
1275	7
1276	6
1277	5
1278	7
1279	3
1280	11
1281	3
1282	7
17666	1
1283	4
1284	6
1285	4
1286	5
1287	6
1288	7
1289	1
1290	4
1291	6
1292	10
1293	5
17677	1
1294	8
1295	6
1296	4
1297	5
1298	1
1299	4
1300	6
1301	6
1302	7
1303	5
1304	8
1305	4
1306	6
1307	3
1308	7
1309	5
1310	6
1311	6
1312	5
1313	4
1314	13
1315	8
1316	6
1317	3
1318	6
1319	6
1320	6
1321	6
1322	8
1323	4
1324	5
1325	8
1326	1
1327	5
1328	7
1329	3
1330	5
1331	5
1332	6
1333	1
1334	1
1335	1
1336	5
1337	4
1338	3
1339	6
1340	5
1341	2
1342	4
1343	6
1344	6
1345	10
1346	4
1347	3
1348	2
1349	4
1350	10
1351	9
1352	3
1353	10
1354	2
1355	6
1356	4
1357	9
1358	6
1359	8
1360	8
1361	7
1362	3
1363	5
17747	1
1364	7
1365	6
1366	6
1367	2
1368	5
1369	3
1370	4
1371	10
1372	5
1373	6
1374	6
1375	1
1376	4
17760	1
1377	5
1378	4
1379	5
1380	2
1381	6
1382	8
1383	1
1384	7
1385	5
1386	8
1387	6
1388	10
17772	1
1389	4
1390	6
1391	7
1392	4
1393	3
1394	4
1395	8
1396	7
1397	8
1398	4
1399	3
1400	5
1401	4
1402	5
1403	10
1404	8
1405	5
1406	8
1407	7
1408	4
1409	2
1410	5
17794	1
1411	7
1412	5
1413	8
1414	3
17798	1
1415	5
1416	3
1417	6
1418	5
1419	8
1420	4
1421	11
1422	5
1423	7
1424	5
1425	6
1426	6
1427	8
1428	2
1429	9
1430	3
1431	3
1432	10
1433	7
1434	5
1435	4
1436	4
1437	3
1438	2
1439	4
1440	7
1441	4
1442	10
1443	3
1444	5
1445	2
17829	1
1446	6
1447	6
1448	8
1449	6
1450	6
1451	5
1452	7
1453	6
1454	7
1455	5
1456	5
1457	5
1458	3
1459	6
1460	9
1461	4
1462	6
1463	8
1464	10
1465	7
1466	3
1467	12
1468	7
1469	7
1470	6
1471	6
1472	4
1473	3
1474	5
1475	8
1476	6
1477	3
1478	4
1479	6
1480	8
1481	7
1482	8
1483	8
1484	8
1485	9
1486	9
1487	4
1488	5
1489	9
1490	3
1491	5
1492	4
1493	4
1494	6
1495	6
1496	3
1497	5
1498	7
1499	5
1500	11
1501	6
1502	6
1503	5
1504	14
1505	6
1506	3
17891	1
1507	9
1508	6
17892	1
1509	4
1510	6
1511	7
17895	1
1512	8
1513	3
1514	4
1515	6
1516	5
1517	8
1518	3
1519	8
1520	9
1521	12
1522	6
1523	7
1524	5
1525	8
1526	9
1527	4
1528	3
1529	9
17913	1
1530	9
1531	6
1532	6
1533	7
1534	13
1535	5
1536	8
1537	4
1538	7
1539	6
1540	3
1541	5
1542	9
1543	5
1544	2
1545	9
1546	4
1547	3
1548	6
17932	2
1549	5
1550	4
1551	5
1552	6
1553	7
1554	10
1555	6
1556	2
1557	7
1558	5
1559	5
1560	11
17944	1
1561	6
1562	6
1563	6
1564	3
1565	6
1566	11
1567	6
1568	7
1569	7
1570	6
1571	10
1572	11
1573	14
1574	8
1575	1
1576	5
1577	11
1578	3
1579	7
1580	4
1581	11
1582	2
1583	3
1584	4
1585	6
1586	8
1587	8
1588	8
1589	9
1590	8
1591	6
1592	9
1593	5
1594	6
1595	4
1596	7
1597	7
17981	1
1598	5
1599	5
17983	1
1600	4
1601	11
1602	8
1603	9
1604	12
1605	5
1606	9
1607	7
1608	9
1609	7
1610	6
1611	5
1612	6
1613	6
1614	7
1615	2
1616	7
18000	1
1617	10
1618	6
1619	4
1620	4
1621	5
1622	6
1623	4
1624	8
1625	7
1626	11
1627	9
1628	7
1629	8
1630	10
18014	1
1631	7
1632	2
1633	6
1634	8
1635	6
1636	4
1637	12
1638	8
1639	2
1640	9
1641	8
1642	6
1643	8
1644	3
1645	8
1646	6
1647	10
1648	4
1649	6
1650	8
1651	9
1652	8
1653	10
1654	7
1655	3
1656	3
1657	7
1658	7
1659	6
1660	11
1661	5
1662	1
1663	3
1664	4
18048	1
1665	7
1666	7
1667	5
1668	8
1669	2
1670	5
1671	6
1672	4
1673	8
1674	3
1675	6
1676	6
1677	7
1678	11
1679	4
18063	1
1680	8
1681	9
1682	7
1683	4
18068	1
1684	5
1685	13
1686	4
1687	10
1688	7
1689	6
1690	5
1691	6
1692	6
1693	7
1694	5
1695	8
1696	9
1697	4
1698	11
1699	7
1700	4
1701	8
1702	10
1703	7
1704	8
1705	10
1706	6
1707	5
1708	7
1709	6
1710	3
1711	7
1712	2
1713	8
1714	13
1715	9
1716	8
1717	8
1718	7
1719	6
1720	5
1721	13
1722	5
1723	8
1724	9
1725	9
1726	7
1727	9
1728	4
1729	13
1730	8
1731	9
1732	8
1733	4
1734	6
18118	1
1735	6
1736	3
1737	4
1738	10
1739	6
1740	3
1741	5
1742	4
1743	6
1744	4
18128	1
1745	8
1746	3
1747	2
1748	1
1749	8
1750	5
1751	13
1752	4
1753	7
1754	10
1755	10
1756	9
1757	8
18141	1
1758	3
1759	4
1760	7
1761	7
1762	8
1763	6
1764	4
1765	6
1766	4
1767	9
1768	9
1769	10
1770	10
1771	5
1772	9
1773	8
1774	4
1775	7
1776	4
1777	5
1778	7
1779	6
1780	2
1781	9
1782	10
1783	6
1784	8
18168	1
1785	5
1786	7
1787	9
1788	8
1789	8
1790	9
1791	8
1792	8
1793	8
1794	10
1795	6
1796	6
1797	14
1798	9
1799	7
1800	8
1801	10
1802	13
1803	6
1804	5
1805	5
1806	2
1807	9
1808	4
1809	3
1810	3
1811	5
1812	4
1813	5
18197	1
1814	8
1815	4
1816	7
1817	5
1818	5
1819	8
1820	10
1821	8
1822	12
1823	4
18207	1
1824	7
1825	5
1826	6
1827	6
1828	9
1829	12
1830	8
1831	8
1832	7
1833	6
1834	3
1835	5
1836	8
1837	12
1838	13
1839	14
1840	4
1841	2
1842	6
1843	6
1844	4
18229	1
1845	7
1846	4
1847	5
1848	5
1849	4
1850	6
1851	2
1852	12
1853	5
1854	5
1855	7
1856	5
1857	11
1858	7
1859	8
1860	7
1861	6
1862	9
1863	7
1864	8
1865	4
1866	10
1867	12
18251	1
1868	9
1869	6
1870	9
1871	5
1872	5
1873	3
1874	9
1875	9
1876	4
1877	7
1878	6
1879	4
1880	10
1881	4
1882	7
1883	11
1884	8
1885	5
1886	4
1887	7
1888	5
1889	9
1890	8
1891	9
1892	7
18276	1
1893	7
18278	1
1894	7
1895	6
1896	7
1897	4
1898	5
1899	8
1900	2
1901	9
1902	10
1903	8
1904	8
1905	3
1906	7
1907	7
1908	5
1909	11
1910	8
1911	3
1912	5
1913	10
1914	6
1915	6
1916	11
1917	8
1918	7
1919	11
1920	6
1921	4
1922	6
1923	6
1924	6
1925	5
1926	12
1927	11
1928	8
18313	1
1929	5
1930	3
1931	7
1932	5
1933	9
1934	6
1935	10
1936	9
1937	9
1938	5
1939	4
1940	7
18324	1
1941	4
1942	7
1943	7
1944	10
1945	8
1946	7
1947	8
1948	8
1949	11
1950	9
1951	7
1952	6
1953	13
1954	10
1955	2
1956	10
1957	7
1958	4
1959	6
1960	6
1961	9
1962	10
1963	10
1964	8
1965	5
1966	6
1967	6
1968	7
1969	8
18353	1
1970	7
1971	6
1972	7
1973	5
1974	11
1975	8
1976	5
1977	8
18361	1
1978	3
1979	7
1980	6
1981	2
1982	9
1983	5
1984	10
1985	2
1986	3
1987	3
1988	6
1989	6
1990	3
1991	2
1992	10
1993	5
1994	3
1995	6
1996	6
18380	1
1997	8
1998	10
18382	1
1999	4
2000	5
2001	9
2002	14
2003	10
2004	5
2005	8
2006	7
2007	12
2008	8
2009	5
2010	4
2011	5
2012	4
2013	4
18397	1
2014	8
2015	11
2016	8
18400	1
2017	8
2018	7
2019	5
2020	6
2021	3
2022	3
2023	10
18407	1
2024	7
2025	5
2026	8
2027	6
2028	6
2029	4
2030	8
2031	3
2032	13
18416	1
2033	6
2034	4
2035	5
2036	7
2037	4
2038	6
2039	1
2040	3
2041	8
2042	5
2043	4
2044	11
18428	1
2045	7
2046	7
2047	8
2048	9
2049	6
2050	7
2051	7
2052	4
2053	11
2054	9
2056	11
2057	8
2058	5
2059	6
2060	8
2061	4
2062	8
2063	11
2064	8
18448	1
2065	8
2066	6
2067	8
2068	4
2069	9
18454	1
2070	9
2071	7
2072	5
2073	5
2074	7
2075	10
2076	6
2077	4
2078	6
2079	6
2080	6
2081	9
2082	6
2083	4
2084	5
2085	2
2086	6
2087	12
2088	4
2089	6
2090	4
2091	8
2092	12
2093	8
2094	6
2095	10
2096	7
2097	5
2098	5
2099	10
2100	5
2101	4
2102	6
2103	3
2104	4
2105	8
2106	5
2107	8
2108	8
2109	8
2110	5
2111	4
2112	9
2113	8
2114	7
2115	9
2116	4
2117	5
18501	1
2118	6
2119	3
2120	8
18504	1
2121	7
2122	4
18506	1
2123	10
2124	8
2125	7
2126	2
18510	1
2127	6
2128	6
2129	1
2130	5
2131	6
2132	5
2133	3
2134	10
2135	6
18519	1
2136	2
2137	5
2138	6
2139	6
2140	6
18524	1
2141	4
2142	6
2143	7
2144	6
18529	1
2145	7
2146	4
2147	4
2148	6
2149	3
2150	5
2151	6
2152	9
2153	1
2154	10
2155	5
2156	5
2157	4
2158	2
2159	5
2160	4
2161	3
2162	7
2163	5
2164	7
2165	5
2166	5
2167	9
2168	7
2169	6
2170	4
2171	7
2172	6
2173	8
2174	4
2175	5
2176	3
2177	5
18561	1
2178	7
2179	10
2180	5
18564	2
2181	6
2182	2
2183	9
2184	6
2185	4
2186	1
2187	6
2188	6
2189	7
2190	6
2191	8
2192	4
2193	7
2194	5
2195	5
2196	6
2197	6
2198	11
2199	10
2200	4
2201	4
2202	10
2203	6
2204	8
2205	4
2206	3
18590	1
2207	4
2208	10
2209	4
2210	4
18594	1
2211	6
2212	4
2213	7
2214	8
2215	3
2216	4
2217	5
2218	5
2219	7
2220	6
2221	7
18605	1
2222	8
2224	12
2225	9
2226	9
2227	5
18612	2
2228	3
2229	2
2230	4
2231	6
2232	4
2233	6
2234	6
2235	4
2236	2
2237	4
2238	10
2239	7
2240	2
2241	6
2242	4
2243	8
2244	2
2245	6
18630	1
2246	8
2247	2
2248	7
2249	8
2250	2
2251	2
2252	9
2253	8
2254	2
18638	1
2255	10
2256	5
2257	7
2258	6
2259	9
2260	5
2261	6
2262	10
2263	3
2264	7
2265	8
2266	2
2267	7
2268	11
2269	7
2270	5
2271	8
2272	3
2273	3
2274	5
2275	6
18659	1
2276	3
2277	7
2278	10
2279	9
2280	10
2281	6
2282	9
2283	8
2284	8
2285	8
2286	10
2287	2
2288	7
2289	5
2290	6
2291	7
2292	6
2293	6
2294	4
2295	4
2296	1
18680	1
2297	2
2298	4
18682	1
2299	2
2300	5
2301	2
2302	10
2303	5
18687	1
2304	4
2305	11
2306	4
2308	4
2309	6
2310	6
2311	11
2312	9
2313	4
2314	4
2315	3
2316	6
2317	5
2318	5
2319	12
2320	6
2321	6
2322	8
2323	6
2324	8
18708	1
2325	4
2326	7
2327	8
2328	9
2329	7
2330	6
18714	1
2331	6
2332	3
2333	8
2334	5
2335	6
2336	3
18720	1
2337	8
2339	10
2340	6
2341	6
2342	6
2343	3
18727	1
2344	4
18728	1
2345	7
2346	6
2347	4
2348	7
18733	1
2349	4
2350	6
2351	4
2352	4
2353	3
2354	7
2355	3
2356	3
2357	3
18741	1
2358	5
2359	7
2360	5
2361	3
18745	1
2362	4
2363	6
18748	1
2364	3
2365	10
2366	7
2367	7
2368	3
2369	4
2370	7
2371	8
2372	4
2373	8
2374	1
2375	5
2376	3
2377	4
2378	7
2379	6
2380	2
2381	5
2382	6
18766	1
2383	4
2384	3
2385	2
2386	2
2387	4
2388	3
2389	5
2390	7
2391	7
2392	6
2393	8
2394	8
2395	4
2396	6
2397	9
2398	9
2399	2
2400	5
2401	5
2403	5
18787	1
2404	7
2405	4
2406	4
2407	3
2408	4
18792	1
2409	5
2410	3
18794	1
2411	5
2412	7
2413	4
18797	1
2414	10
2415	10
2416	5
2417	4
2418	8
2419	4
2420	7
2421	3
2422	5
2423	4
2424	7
2425	6
2426	6
2427	5
2428	5
2429	5
2430	3
2431	5
2432	5
2433	4
2434	3
2435	5
2436	4
2437	6
2438	3
18822	1
2439	7
2440	7
2441	9
2442	4
2443	3
2444	3
2445	5
2446	6
2447	5
2448	6
2449	4
2450	5
2451	6
18835	1
2452	6
2453	4
2454	6
2455	4
2456	2
2457	2
2458	5
18842	1
2459	6
2460	8
2461	10
18845	1
2462	3
2463	7
2464	4
2465	2
2466	6
2467	4
2468	2
2469	8
2470	9
2471	5
2472	2
2473	5
2474	3
2475	7
18859	1
2476	5
2477	6
2478	7
2479	3
2480	6
2481	6
2482	5
2483	7
18867	1
2484	3
2485	3
2486	4
18870	1
2487	6
2488	9
2489	4
2490	2
2491	5
2492	1
2493	6
2494	4
2495	3
2496	5
2497	3
2498	4
2499	2
2500	5
2501	3
2502	5
2503	1
2504	4
18889	1
2505	6
2506	6
2507	5
2508	6
18892	1
2509	3
2510	5
2511	3
2512	3
2513	2
2515	2
2516	3
2517	3
2518	7
18902	1
18903	1
2519	3
2520	9
2521	4
2522	9
2523	3
2524	5
18909	1
2525	2
2526	6
2528	4
2529	3
2530	8
2531	4
2532	10
2533	6
2534	4
2535	5
2536	7
2537	3
18921	1
2538	3
18922	1
2539	6
2540	2
2541	2
2542	4
2543	3
2544	1
2545	5
2546	3
2547	5
2548	4
2549	12
2550	3
2551	7
2552	3
2554	4
2555	3
2556	4
2557	7
2558	3
2559	4
2560	5
2561	3
2562	2
2563	6
2564	2
2565	2
2566	3
2568	2
2569	3
2570	3
2571	6
2572	5
2573	6
2575	5
2576	3
18960	1
2577	7
2578	3
2579	5
2580	4
2581	7
2582	8
2583	4
2584	9
2585	6
2586	3
2587	3
2588	1
2589	3
2590	8
2591	3
18976	1
2592	4
2593	4
2594	3
2595	3
18979	1
2596	3
18980	2
2597	1
2598	6
2599	2
18984	1
2600	2
2601	7
2602	5
2603	6
2604	4
2605	4
2606	3
2607	1
2608	5
2609	4
2610	3
2611	5
2612	4
2613	1
2614	5
2615	4
2616	4
2617	2
2618	4
2619	3
2620	3
2621	4
2622	4
2623	8
2624	4
2625	2
2626	1
2627	6
2628	3
2629	7
2630	6
2631	3
2632	11
2633	7
2634	4
2635	2
2636	4
2637	2
19021	1
2638	5
2639	7
2640	2
2641	6
2642	3
2643	2
2644	3
2645	2
2646	3
2647	6
2648	7
2649	2
19033	1
2650	2
19035	1
2651	4
2652	5
2653	7
2654	7
2656	5
2657	4
2658	4
2659	1
2660	6
2661	1
2662	1
2663	7
2664	8
2665	2
2666	2
2667	4
2668	3
2669	3
2670	8
2671	4
2672	2
2673	6
2674	5
2675	3
2676	4
2677	7
2678	2
2679	4
2680	7
2681	4
2682	2
2683	6
19067	1
2684	5
2685	4
2686	5
2687	3
2688	4
2689	1
19073	1
2690	3
2691	3
2692	5
2693	9
2694	4
19078	1
2695	6
2696	1
2697	6
2698	7
19083	1
2699	3
19084	1
2700	5
2701	1
2702	4
19086	1
2703	9
2704	4
2705	2
2706	2
19091	1
2707	1
2708	5
2709	6
2710	4
2711	9
2712	5
2713	6
2714	6
19098	1
2715	7
2716	7
2717	5
2718	3
2719	3
2721	4
2722	4
2723	2
2724	6
2725	3
2726	5
2727	4
2728	4
2729	5
2730	3
2731	5
2732	2
2733	5
19117	1
2734	4
2735	6
2736	2
2737	2
2738	4
2739	2
2740	4
2741	2
2742	1
19126	1
2743	5
2744	11
2745	2
2746	6
2747	5
2748	2
2749	4
19133	1
2750	8
2751	4
2752	8
2753	2
2754	4
2755	6
2756	2
2759	4
2760	3
2761	6
2762	4
2763	4
2764	3
2765	3
2766	6
2767	5
2768	6
2769	2
2770	2
2771	4
2772	5
2773	3
2774	4
19158	1
2775	5
19159	1
19160	1
2776	5
2777	3
2778	4
2779	5
2780	5
2781	5
2782	3
2783	6
2784	2
2785	6
2786	4
2787	2
2788	2
2789	2
2790	4
2791	4
2792	3
2793	6
2794	1
2795	7
2796	3
2797	3
2798	6
2799	4
19183	1
2800	4
19184	1
2801	4
2802	8
2803	4
2804	5
2805	6
2806	1
2807	7
2808	6
19192	1
2809	8
2810	1
2811	2
19195	1
2812	4
2813	4
2814	5
2815	2
2816	4
19201	1
2817	2
2818	4
2819	2
2820	2
2821	6
2822	2
2823	7
2824	5
2825	4
19209	1
2826	6
2827	3
2828	8
2829	7
19213	1
2830	5
19214	1
2831	2
2832	3
2833	4
2834	4
19218	1
2835	7
2836	3
2837	7
2838	4
2839	5
2840	2
2841	2
19225	1
2842	5
2843	9
2844	3
2845	7
19229	1
2846	4
2847	10
2848	4
2849	1
19234	1
2850	1
2851	4
2852	1
2853	6
2854	6
2855	7
2856	1
2857	6
2858	5
2859	2
19243	1
2860	6
2861	5
2862	2
2863	4
2864	2
2865	2
2866	6
2867	5
2868	1
2869	5
2870	4
2871	2
2872	4
2873	6
2874	1
2875	2
2876	2
19260	1
2877	7
2878	2
2879	3
2881	3
2882	4
19266	1
19267	1
2883	5
2884	8
2885	1
2886	4
2887	4
2888	2
2889	4
2890	4
2891	4
2892	4
19277	1
2893	4
2894	2
2895	4
2896	1
2897	7
2898	3
2899	5
2900	7
2901	3
2902	8
2903	6
2904	1
2905	1
2906	3
2907	6
2908	3
2909	1
2910	2
2911	6
2912	1
2913	2
2914	2
2915	6
2916	4
2917	2
2918	2
2919	4
2920	3
2921	4
2922	2
2923	4
2924	4
2926	3
2927	5
2928	3
2929	3
2930	4
2931	2
2932	5
2933	4
2934	4
2936	3
2937	7
2938	1
2939	2
2940	5
2941	7
2942	5
2943	3
2944	3
2945	6
2946	3
2947	1
2948	3
19332	1
2949	2
2950	5
2951	1
2952	6
2953	3
2954	5
2955	2
2956	2
19341	1
2957	2
2958	3
19342	1
2959	5
2960	3
2961	4
2962	5
2963	1
2964	2
2965	3
2966	3
2967	3
2968	3
19352	1
2969	1
2970	5
2971	2
2972	5
2974	2
2975	3
2976	2
2977	1
2978	1
2979	5
2980	5
2981	5
2982	4
2983	3
2984	2
2985	3
2986	5
2987	5
19372	1
2988	4
2989	4
2990	7
2991	2
2992	1
2993	6
2994	1
19379	1
2995	2
2996	2
2997	3
2998	1
2999	3
3000	4
3001	3
19385	1
3002	5
3003	5
3004	5
3005	3
3006	6
3008	3
3009	5
3010	2
3011	3
3012	1
3013	6
3014	2
3015	2
3016	3
3017	2
3018	3
3019	4
3020	4
3021	3
3022	3
3023	5
3024	8
3025	2
3026	3
3027	4
19411	1
3028	3
3029	7
3030	4
3031	2
3032	5
3033	9
3034	3
3035	1
3036	4
19420	1
3037	2
3038	3
3039	3
3040	3
3041	2
3042	3
3043	3
3044	4
3045	3
3046	4
19430	1
3047	5
3048	6
3049	4
3050	4
3051	2
3052	5
3053	9
3054	3
3055	5
3056	5
3057	3
3058	1
3059	2
3060	4
3061	4
3062	3
19447	1
3063	4
3064	4
3065	1
3066	1
3067	2
3068	3
19452	2
3069	2
19453	1
3070	1
3071	6
19455	1
3072	2
3073	5
3074	2
3075	3
3076	2
3077	2
3078	3
3079	4
3080	4
3081	6
3082	4
3083	2
3084	6
3085	2
3086	4
3088	2
3089	3
3090	7
3091	6
3092	3
3093	7
3094	5
3095	4
3096	1
3097	4
19481	1
3099	5
3100	3
3101	6
3102	5
3103	3
3104	6
3105	2
3106	3
3107	3
3108	2
3109	2
3110	3
19494	2
3111	3
3112	2
3113	1
3114	7
3115	4
19500	1
3116	2
3117	3
3118	3
3119	3
3120	7
3121	6
3122	3
19506	1
19507	1
3124	1
3125	3
3126	3
3127	5
3128	1
3129	2
3130	3
3131	1
3132	2
3133	3
3134	1
3135	1
3136	1
3137	5
3138	3
3139	4
3140	2
3141	3
3142	5
3143	2
19528	1
3144	1
3145	2
3146	4
3147	2
3149	2
19533	1
3150	5
3151	5
3152	2
3153	2
3154	3
3155	4
3156	2
3157	3
3158	5
3159	1
3160	3
19544	1
3161	2
3162	6
19546	1
3163	2
3164	5
3165	3
3166	6
3167	3
3168	4
3169	2
3170	5
3171	2
3172	2
3173	2
3174	2
3175	3
3176	5
3177	2
3178	5
3180	7
3181	1
3182	8
3183	1
19567	1
3184	6
3185	2
3186	1
3187	5
3188	2
3189	2
3190	2
3191	2
3192	1
3193	6
3194	4
3195	1
3196	6
3197	2
3198	4
3199	2
3200	2
3201	1
3202	2
3203	2
3204	5
3205	4
3206	2
3207	2
3208	4
19592	1
3209	2
19594	1
3210	1
3211	5
3212	3
19596	1
3213	3
3214	2
3215	2
19600	1
3216	1
3217	1
3218	1
3219	4
3220	2
3223	2
3224	1
3225	4
3226	2
3227	4
3228	2
3229	1
3230	6
3231	3
3232	3
3233	3
3234	5
3235	1
3236	2
3237	2
3238	1
19622	1
3239	2
3240	3
3241	2
3242	2
3243	1
3244	4
3245	2
3247	2
3248	5
3249	1
3250	4
3251	5
3252	5
19637	2
3253	1
3254	4
3255	4
19639	2
3256	1
19640	1
3257	4
3258	3
19642	1
3259	3
3260	1
3261	2
3262	5
3263	1
3264	4
3266	4
19650	1
3268	4
3269	5
3270	3
3271	2
3272	2
3273	1
3274	3
3275	6
3276	4
19660	1
3277	6
3278	3
3279	4
3280	3
3281	2
3282	1
3283	3
3284	1
3285	4
3286	3
3287	3
3288	5
3289	2
19673	1
3290	3
19674	1
3291	2
3292	2
19677	1
3293	4
3295	5
3296	2
3297	9
3298	4
3299	4
3300	2
3301	4
3302	2
19686	1
19687	1
3303	3
3304	4
3305	2
3306	1
3307	4
3308	5
3309	4
19693	1
3310	5
3311	2
3313	1
3314	5
19698	1
3315	4
3316	4
19700	1
3317	1
3319	1
3320	4
3322	6
3323	5
3324	3
3325	3
3327	1
3328	1
3329	7
3330	2
3331	2
3332	3
3333	1
19717	1
3334	1
3335	2
3336	5
3337	4
3338	4
3339	2
3340	1
3341	4
3342	2
3343	3
3344	4
19728	1
3345	6
3346	1
3347	5
3348	2
3349	2
3350	2
3351	5
3352	2
3353	2
19737	1
3354	5
19739	2
3355	3
3356	3
3357	4
3358	4
3359	3
3360	1
3361	6
3362	2
3363	2
19747	1
3364	3
3365	3
3366	1
3367	3
3368	4
3369	2
3370	2
3371	2
19755	1
3372	3
3373	7
3374	5
3375	2
3376	9
3377	4
3378	5
3379	2
3380	3
3381	2
3382	2
3383	3
3384	3
3385	3
3386	3
3387	3
3388	1
3389	3
3390	2
3391	1
3392	3
19776	1
3393	5
19777	1
3394	2
3395	2
19779	1
3396	3
3397	4
3398	1
3399	2
3400	1
3401	2
19786	1
3403	4
3404	2
3405	3
3406	5
3407	4
3408	2
3409	2
19794	1
3410	3
3411	4
3412	3
19796	1
3413	1
3414	4
3415	3
3416	7
3417	6
3418	3
3419	3
3420	2
3421	4
3422	5
3423	1
3424	1
19809	1
3425	5
3426	5
3427	2
3428	2
3429	2
3430	1
19814	1
3431	1
3432	2
19816	1
3433	1
3434	2
3435	4
3436	5
3437	2
19821	1
3438	2
3439	3
3440	2
3441	5
3442	4
3443	6
3444	4
3447	1
3448	2
3449	2
3450	3
3451	4
3452	1
3453	2
3455	3
3457	4
3458	5
3459	4
3460	1
3461	2
3462	3
3463	2
3464	2
3465	2
3466	2
19851	1
3467	5
3468	2
3469	4
19853	1
3470	3
3471	2
3472	4
19856	1
3473	2
19857	1
3474	5
3475	6
3476	5
19860	1
3477	2
3478	1
19862	1
3480	5
3481	2
3482	4
3483	3
3484	1
3485	2
3486	3
3487	3
3488	3
3489	5
3490	1
3491	4
3492	2
3493	1
3494	3
19878	1
3495	6
19879	1
3496	4
19881	1
3497	1
3499	6
3500	5
19884	1
3502	3
3503	3
3504	2
3506	1
3507	3
3508	3
3509	2
19894	1
3511	6
3512	4
19896	1
3513	5
3514	2
3515	1
3516	3
19901	1
3517	1
3518	3
3519	7
19905	2
3521	2
3522	4
3523	3
19908	1
3524	2
3525	3
3526	5
3527	5
3528	5
3529	3
3531	1
3532	1
3533	2
3534	1
3535	1
3536	2
3537	3
3538	3
3539	3
3540	2
3542	1
3543	2
3544	1
3545	3
3546	1
3547	4
3548	2
19932	1
3549	2
3551	3
3552	1
3553	2
3554	2
19938	1
3555	3
3556	1
3557	3
3558	5
3559	6
3560	2
19944	1
3561	3
3562	4
3564	3
3565	4
3566	2
3567	7
3568	3
3569	5
3570	3
3571	7
19955	1
3572	7
3573	2
3574	2
3575	2
3576	4
19961	1
3577	3
3579	3
19963	1
3580	3
3581	2
3582	2
3583	2
3585	4
3586	1
3587	4
3588	8
3589	5
3590	3
3591	3
3592	2
3593	1
3594	5
3595	1
3596	1
3597	3
19981	1
3598	1
3600	5
3601	3
3602	1
3603	1
3604	2
3605	2
3606	5
3607	4
3608	2
3609	3
3610	2
3611	2
3612	2
19996	1
3613	3
3614	9
3615	1
3616	5
3617	5
3619	1
3620	1
3621	1
3622	3
20006	1
3623	2
3624	1
3625	2
20009	1
3626	2
3627	2
3628	3
20013	2
3629	1
20014	1
3630	4
3631	4
3632	2
3633	3
20018	1
3634	2
3635	2
3636	2
20020	1
3637	3
20022	3
20023	1
3639	1
3640	2
3641	5
3642	1
3643	2
3646	5
20030	1
3647	1
3648	1
3649	2
3650	2
3651	1
3652	3
3653	3
3654	8
3655	4
3656	6
3657	2
3658	6
3659	5
3660	4
3661	4
3662	3
3663	3
3664	1
3665	2
3666	4
20050	1
3667	1
20052	1
3668	2
3669	3
3670	5
3671	2
3672	2
20056	1
3673	6
3674	3
3675	3
3676	2
3677	3
20062	1
3678	1
3679	4
3680	1
3681	2
3682	2
3683	3
3684	3
3686	1
3687	2
3688	5
3690	5
3691	2
20076	1
3692	1
3693	2
20077	2
3694	2
3695	3
3696	1
3697	3
3698	1
3699	3
3700	1
3701	2
20085	1
3702	3
3704	4
3705	2
20090	1
3706	4
3707	1
3708	2
3709	2
3710	5
3711	3
3712	5
3713	2
3714	6
3715	4
3716	2
3717	3
3718	3
20102	1
3719	2
3720	1
3721	3
20105	1
3722	2
3723	1
3724	3
3725	3
3726	4
3727	3
3728	4
3729	3
3730	4
3731	3
20115	1
3732	1
20116	1
20117	1
3733	2
3734	4
20120	1
3736	4
3737	2
3739	2
3740	3
3741	2
3742	3
3744	3
3745	3
20129	1
20130	1
3746	3
20131	1
3747	2
3748	2
3749	4
3750	1
3751	2
3752	4
20137	1
3753	3
20138	1
3755	2
3756	3
3757	3
3758	1
3759	4
3760	2
3761	3
3762	6
3763	1
3764	2
3765	1
3766	2
3767	3
3768	5
3769	2
3770	2
3771	1
20155	1
3772	3
3773	3
3774	5
3775	4
20159	1
3776	3
3777	2
3778	2
3779	1
3780	4
3781	4
3782	2
3783	3
3784	2
20169	1
3785	1
3786	1
3787	1
3790	2
3791	2
3792	4
3793	1
3795	1
3796	2
20180	1
3797	4
20181	1
3798	4
3799	1
3800	1
3801	3
3802	1
3803	1
3804	3
3806	3
3807	4
20193	1
3809	1
3810	2
3811	3
3812	1
3813	1
20198	1
3814	2
20199	1
3815	1
3816	3
3817	5
3818	3
3819	3
3820	2
3821	2
3822	1
20206	1
3823	4
3824	2
20208	1
3825	2
20209	1
3826	4
3827	4
3828	1
3830	2
3831	1
3832	2
20216	1
3833	4
3834	1
3835	5
3836	3
3837	3
3838	2
3840	2
3841	1
3842	1
3843	3
3844	3
3845	3
3846	6
3847	1
3848	5
20232	1
3849	3
3850	1
3851	1
3852	2
3853	4
3854	2
3855	4
20240	1
3857	3
20241	1
3858	3
3859	1
3861	3
3862	3
3863	1
3864	1
3865	1
3866	3
20250	2
3867	1
3868	1
3869	5
3870	3
3872	1
3874	3
3875	2
3877	4
3878	3
3879	2
20263	1
3880	4
3881	3
3882	3
20266	1
3883	1
3885	5
20269	1
3886	3
3887	1
3888	3
3889	1
3890	3
3891	1
3892	4
20276	1
20278	1
3895	4
3896	3
3897	1
20281	1
3898	1
3899	3
3900	2
3901	2
3902	2
3903	2
3904	3
3905	5
3906	1
3907	3
3909	4
3910	1
3911	2
3912	1
3913	3
20298	1
3914	1
3915	1
3916	3
3917	1
3918	3
3919	4
3920	3
3921	1
3922	5
20306	1
3923	4
3926	2
3927	2
3928	3
20312	1
3929	5
3930	2
20315	2
3931	2
20316	1
3932	3
3933	2
3934	1
20318	1
3935	1
20319	2
3936	1
3937	2
3939	2
3940	2
3941	3
3942	1
3943	3
3944	4
3945	1
3946	3
3947	5
3948	3
20332	2
3949	2
20334	2
3950	3
20335	1
3952	3
20336	1
3953	2
20338	1
3954	1
3955	2
3956	3
20340	1
3957	2
3958	2
3959	4
20343	1
3960	4
3961	4
3962	2
3963	2
20348	2
3964	1
3965	3
3966	2
20350	2
20351	1
3968	3
3969	3
3971	3
3972	3
3973	1
3974	4
3975	1
3976	3
3977	2
3978	2
3979	1
3980	4
20365	1
3982	2
3983	5
3986	1
3987	3
20372	1
3989	4
3990	1
3991	4
3993	3
3994	3
3995	2
3996	2
3997	4
3999	1
20383	1
4000	2
4001	2
4002	2
4003	4
4004	2
20388	1
4005	2
4006	3
4007	1
4008	2
20393	1
4009	1
4010	5
4011	3
4012	1
4013	1
4014	2
20398	1
4015	1
4017	1
4018	2
4019	3
20403	1
4020	1
4021	3
20406	1
4022	1
4023	3
4024	1
20409	1
4026	4
4027	1
4028	2
4029	2
4030	2
4031	4
4032	5
4033	3
4034	2
4035	2
4036	2
4037	1
4038	4
4039	1
4040	1
20424	1
4041	6
4042	1
20427	1
4043	2
4045	1
4046	4
4047	1
4048	1
4049	2
4050	2
4051	2
4052	2
4053	2
4054	4
4055	1
20439	1
4057	1
4058	3
4059	2
4060	2
4061	1
4062	4
20447	1
4063	5
4064	4
4065	3
20449	1
4066	3
4067	2
4068	4
4069	1
4070	3
20455	1
4071	1
20456	1
4072	3
4073	4
4074	3
4076	3
4077	1
20461	1
4079	3
4080	1
4081	1
4082	3
4083	1
4084	2
4085	2
4086	5
4087	2
4088	3
20472	1
4089	1
4090	1
4093	4
20477	2
4094	1
4095	2
4097	2
4098	1
20482	1
20483	1
4100	2
4101	1
4102	1
20487	1
4103	3
4104	2
4105	3
4106	3
4107	5
4108	3
20492	1
4109	1
20493	1
4110	2
4111	2
20496	1
4112	1
4113	1
4114	3
4115	4
4116	3
4117	1
4118	1
4119	2
4120	2
4122	2
4123	2
4124	3
20508	1
20509	1
4126	3
4127	3
4128	2
20512	1
20513	1
4129	1
4130	2
4131	1
20516	1
4132	4
4133	1
4134	1
4136	4
4137	4
4138	2
20525	1
4141	1
4142	2
20526	1
4143	2
4144	2
20528	1
4145	2
4146	1
4147	3
4148	4
4149	4
4150	2
4151	2
20536	2
4152	1
20537	1
4153	1
4154	4
4155	1
4156	3
4157	4
4158	4
20542	1
4159	1
4160	2
20544	2
4162	1
20547	1
4163	5
20548	1
4165	2
4166	2
4167	3
4168	2
20552	2
4169	2
4170	5
20554	1
20556	2
4172	1
4173	6
4175	3
20559	1
4176	2
20561	1
4178	2
20563	1
20566	1
4182	3
4183	4
20568	1
4185	4
20569	1
4186	2
20570	1
4187	3
4188	3
4189	4
4190	5
4191	4
4192	3
20577	1
4193	1
4194	1
4195	3
4196	2
4197	4
4198	1
4199	2
4200	1
4201	3
4202	7
4203	1
4204	5
4205	2
4206	2
4207	2
4208	2
20592	1
20593	1
4210	2
20594	1
4211	2
4212	2
4213	3
4214	1
4215	1
4216	1
4217	1
4218	1
4219	1
20603	1
4220	1
4221	2
20605	1
4222	1
4223	2
20607	1
4224	2
20608	1
4225	1
4226	5
4227	5
4228	2
4229	3
4230	2
4232	2
20616	1
4235	3
4236	1
4237	2
4238	2
4240	1
4241	3
4242	2
4243	2
4244	1
4245	1
4246	3
4247	2
4248	1
4250	3
4251	2
4252	1
20637	3
4253	2
4254	4
4255	2
4256	2
4257	3
20642	1
4258	2
4259	2
4260	1
4262	1
20646	1
4263	2
4264	1
4265	1
4266	2
4267	2
4268	2
20652	1
4269	1
4270	2
4271	1
4272	4
4276	1
20660	1
4277	1
4278	1
20663	1
4281	2
4282	2
4283	3
4284	3
20668	2
4285	2
4286	3
4287	3
4289	1
20673	1
4290	3
4291	1
4292	3
4293	5
4295	2
4296	3
20680	1
4299	1
4301	4
4303	2
20688	1
4304	3
20689	2
20690	1
4306	2
4307	1
20691	1
20692	1
4309	1
20694	2
4310	6
4311	2
20696	1
4312	1
4313	1
20698	1
4315	2
20700	1
4316	2
4317	4
4319	1
4320	1
4321	1
20705	1
4322	4
4323	3
20708	1
4324	2
4326	1
4327	2
4328	2
4329	1
4331	1
4332	1
4333	4
20717	1
4334	3
20718	1
4335	1
4337	1
4338	1
4339	5
4340	3
4341	1
4343	3
20728	1
4344	3
4345	5
20729	1
4346	4
4347	2
20732	1
4348	2
20733	1
4350	4
4351	1
4352	2
4353	1
20737	1
4354	1
20738	1
4355	4
20740	1
20741	1
4357	1
4360	1
4361	1
4362	2
20747	1
4363	1
20749	2
4365	1
4367	2
4368	1
4369	4
20753	1
4370	3
4371	1
4372	3
4375	1
4376	1
4378	3
20762	1
4379	2
20764	1
4380	1
4381	1
4382	2
4383	1
4384	1
4385	2
4386	2
4387	4
4388	1
4389	1
20775	1
4392	1
4394	2
4395	1
20780	1
4396	1
4397	1
20782	1
4398	2
4399	1
20784	2
4400	2
20785	1
4402	2
4403	1
4404	3
4405	2
20789	1
4406	1
4407	2
4409	1
4410	4
4411	3
4412	1
4413	3
4414	2
20798	1
4415	4
20800	1
4417	2
20802	1
4419	1
4420	1
20804	1
4421	1
4422	5
20807	1
4423	2
4424	2
20810	1
4428	2
4429	2
4430	3
4431	3
4432	2
20816	2
4433	2
4434	4
4435	3
4436	6
20821	1
4439	1
4440	1
4441	2
20825	1
4442	4
4443	1
4444	2
4445	1
20829	1
4446	6
4447	4
20832	1
4448	1
4450	2
4452	3
4453	1
4454	2
4455	3
4456	1
4457	1
20843	1
4459	1
4460	1
20844	1
4461	1
4462	2
4463	1
4464	2
4465	4
4466	3
4467	4
4468	1
20852	2
4469	5
20854	1
4470	3
4471	2
4472	2
4473	3
4474	2
4475	2
20859	1
4476	2
4479	1
4480	2
20865	1
4481	1
4483	1
4484	2
4485	3
20870	1
4486	2
4487	1
4488	2
20873	1
4490	1
20876	1
4492	1
20877	1
4494	1
4495	1
4498	3
4499	2
4501	3
20886	1
4503	3
4504	3
20888	1
4505	3
4506	2
4507	2
4508	2
4509	3
4510	2
20895	1
4511	2
4513	3
4514	1
4515	1
4516	2
4517	2
4518	1
4519	2
20903	1
4520	3
4521	3
4522	1
4523	1
4524	1
20909	2
4525	1
4526	2
4527	2
4530	1
4531	1
20916	2
4535	1
4536	3
4537	1
4539	2
20923	1
4540	1
4541	3
4542	3
4543	3
4546	4
20930	1
4547	2
4548	1
4549	1
4551	1
4552	2
4553	1
4554	7
20938	1
4555	1
4556	3
4557	3
4558	3
4559	1
4560	1
4562	3
20946	1
20947	1
4564	3
20948	1
4565	1
20950	2
4566	1
4567	2
4568	2
4569	3
4571	4
20956	1
4572	3
4573	3
4574	3
4575	2
4576	3
4577	4
20962	1
4578	2
4580	2
4581	1
20966	1
4583	2
4584	3
4585	2
4586	2
20970	2
4589	2
4590	3
4591	3
4592	2
4593	4
4594	4
4595	3
4596	2
4597	1
4598	2
20982	1
4599	4
4600	1
4601	1
4602	3
4603	1
4604	2
20988	2
4605	2
4606	2
4607	3
20991	1
4608	1
4611	2
4612	1
20997	1
4613	2
20998	1
4614	1
4615	1
4616	2
4617	2
4618	2
4619	3
4620	2
4621	1
4622	1
4623	3
4624	4
4625	3
4626	2
21010	1
4627	2
4628	6
4629	4
4630	3
4631	6
4632	4
4633	6
4634	5
21019	1
4635	3
4636	2
4637	3
4638	2
21022	1
4639	4
4640	1
4641	1
21027	1
4643	2
4644	2
4646	3
4647	4
21031	1
4648	2
4649	3
21033	1
4651	3
21036	1
4652	1
21038	1
4655	2
4656	2
4657	3
4658	2
4659	2
4660	1
4661	1
4662	2
4663	2
21047	1
4665	2
4666	2
4668	1
21052	1
4669	1
4670	2
4671	1
4672	2
4673	2
4674	1
4675	4
4676	1
21061	1
4677	2
4679	1
4680	2
4682	1
4683	1
4684	1
4685	3
4686	1
21070	1
4687	1
4688	2
21073	1
4689	1
4690	1
4691	1
4692	1
21076	1
4693	2
4694	2
4695	2
4696	3
21082	2
4701	2
4702	2
4703	2
4704	1
4705	1
4706	1
4707	1
4708	3
4709	1
4711	1
4712	2
4713	2
4715	1
21100	2
4717	1
21101	1
4718	2
21102	1
4719	1
4721	3
21105	2
21106	2
4723	1
4724	3
21108	1
21109	1
4725	1
4726	2
21111	1
21112	1
4728	1
21113	1
4729	4
21115	1
4731	1
4732	5
4733	2
21118	1
4735	2
21120	1
4736	2
4737	1
21122	1
4738	3
4739	2
4741	1
21125	1
4742	1
4743	2
21127	1
4744	1
4745	1
4746	3
4747	1
4748	2
4749	3
21134	1
4750	1
4751	3
4753	1
21139	1
4755	1
4756	3
4757	2
4758	3
4760	2
21144	1
4761	4
21146	1
4763	2
4764	2
4765	4
4767	1
4768	2
4769	2
4770	1
4771	3
4772	3
4773	4
21158	1
4775	1
4776	2
4777	2
4779	1
4780	3
4781	1
21165	1
4783	3
21167	1
4785	1
4786	2
4787	2
4788	1
4789	1
4790	4
4791	1
21176	1
4792	2
4793	2
21180	1
4796	2
4797	3
4799	2
21183	1
4800	2
4801	4
4802	1
4803	2
4804	1
4805	3
4806	2
4807	1
4808	1
21193	1
4809	1
4810	1
4811	1
21196	1
4812	2
4813	1
21199	1
4815	1
21200	1
4816	1
4817	1
4820	3
4823	1
4825	3
21209	1
4827	2
4828	3
4829	1
4830	1
4831	1
21215	1
4832	3
4834	2
21218	1
4836	1
4837	2
4838	2
4839	1
4840	1
4842	3
21227	1
4843	1
4844	1
4845	3
4847	4
4851	1
4856	1
4858	1
4859	3
4860	1
21244	1
4862	4
4863	1
4864	2
21251	1
4867	1
4869	4
4870	2
4871	1
4873	1
21257	1
21258	1
4875	2
4876	1
4877	1
4879	1
21264	1
4881	1
4882	2
4884	1
21269	1
4886	1
21270	1
4887	2
21271	1
4889	1
4890	2
4891	2
4892	3
4893	2
4894	2
4895	1
21281	1
4897	3
4898	1
4899	1
4900	1
4903	1
4904	1
4905	1
4906	2
4907	1
21291	1
4908	2
21293	1
4911	2
21297	2
4914	1
4915	1
4916	1
4917	1
4919	1
21303	1
4920	2
21305	1
21308	1
4925	1
4926	2
4927	1
4928	2
4929	2
4930	1
4931	1
21315	1
4932	1
4933	1
21319	1
4935	1
4936	4
4939	1
4940	1
4941	3
4943	1
4944	1
4946	1
4947	1
4948	4
21334	1
4950	2
21335	1
4951	2
21336	1
4954	1
4955	2
4956	1
4959	2
4961	1
4962	4
4963	2
21348	1
4964	1
21350	1
4966	1
4967	1
4968	1
4969	1
4970	2
21355	2
21357	1
4973	1
4974	2
4975	3
4976	1
21360	1
4978	3
21362	1
4980	1
4981	1
4983	1
4984	4
4985	2
4986	1
4987	2
4988	1
4989	1
4990	2
4991	1
4993	2
4994	1
4995	1
4997	2
4998	2
21382	1
4999	1
5000	1
5002	3
5003	2
5005	2
21390	1
5007	1
21392	1
21393	2
5010	1
5012	2
5013	2
5015	1
5016	1
5017	2
5018	2
5019	2
5020	3
5022	2
5023	2
5024	1
5025	2
5027	1
5029	2
5031	1
21416	1
5032	1
5033	2
5034	1
5035	1
5036	2
5037	1
5038	1
21422	1
5039	2
5040	3
5041	2
21426	1
5043	1
21427	1
5044	2
5045	2
5047	1
5049	1
5050	3
5051	1
5052	1
5053	1
5056	1
5057	2
5058	1
21443	1
5059	1
5061	4
5062	2
5064	1
21448	1
5066	1
21450	1
5067	1
5068	2
5069	2
5070	3
5075	1
5076	1
5077	2
5078	1
5079	1
5080	2
21464	1
5081	1
5083	2
5084	2
5085	3
5086	1
5088	1
5091	1
21476	1
5093	1
5095	4
5096	2
5098	2
5100	3
5101	1
5102	3
21486	1
21487	1
5103	2
5106	2
5107	1
5108	3
5109	3
5110	1
5111	3
5115	2
5116	2
5117	1
5118	1
5119	1
21504	1
5120	2
5123	1
5124	2
5128	2
5130	2
5131	1
5133	1
5134	1
5135	2
5136	2
5137	1
5138	1
21525	1
5143	2
21527	1
5144	1
5146	2
5147	2
5148	2
21532	1
5149	2
5150	3
5151	1
5152	1
21536	1
5154	1
21538	1
5155	1
5156	2
5157	1
21541	1
21543	1
5160	1
5163	5
5164	3
5165	1
5166	1
5167	1
5168	1
5169	2
5170	2
5171	1
5172	3
5173	1
5174	5
5176	2
5177	1
5179	1
5180	1
5181	1
5182	2
5183	3
21568	1
5184	1
5185	2
5186	1
5187	1
5188	1
21572	1
5189	1
5190	2
21575	1
5192	1
5193	1
5196	1
5197	1
5199	1
5201	3
21585	1
5202	2
5204	1
5206	2
5207	2
5210	1
5211	2
5212	3
5214	3
5219	2
5220	2
5221	5
5222	2
5223	1
5224	1
5225	1
5226	2
5227	3
5228	1
5229	1
5230	1
5231	1
21615	1
5232	4
5233	2
5236	1
5237	1
5239	1
5240	2
5241	1
5242	1
5244	1
5245	1
5246	2
5247	1
21632	1
5248	1
5249	1
5253	2
5254	1
5255	2
5256	1
21641	1
5259	4
5260	1
5261	1
5263	1
5265	1
5266	1
5268	2
21653	1
5270	1
21655	1
5272	3
5273	3
5274	1
5275	1
5276	3
5277	1
5279	1
5280	1
5281	3
5282	3
21667	1
5285	3
5286	1
21670	1
5288	1
5289	1
21673	1
5290	1
5292	2
21676	1
5293	2
5295	2
21680	1
5296	1
5298	2
5299	3
5300	1
21684	1
5301	1
5302	1
5304	1
5305	1
5307	4
5309	1
5310	1
21694	1
5311	3
5312	2
21696	1
5313	1
5314	1
5316	1
21701	1
5318	1
5320	1
5322	1
21707	1
5324	1
5325	1
5328	1
5331	2
5332	1
5336	2
5337	1
5338	2
5339	1
5341	1
5342	2
5343	1
5344	1
5346	1
5348	3
5349	1
5350	1
5351	1
5352	2
5353	2
21737	1
5354	1
21740	1
5356	2
5357	5
5358	2
5359	1
5360	1
5363	2
5366	2
5369	1
5370	2
5371	1
5372	1
5373	2
5374	5
5375	1
5377	2
5378	1
5379	1
5382	1
5386	1
21770	1
5387	1
5388	1
5390	1
5391	2
5393	1
5396	2
5397	1
5398	2
5401	2
5402	3
5404	1
5405	3
5406	1
5407	1
5409	3
5410	1
5412	5
21796	1
5415	1
5416	1
5417	3
5418	3
21803	1
5419	1
5420	1
5421	1
5422	2
5423	1
5425	1
5429	1
5430	2
21816	1
5435	2
5437	3
21821	1
5440	1
5441	1
5442	2
5444	1
5446	1
5447	2
21832	1
5448	1
5449	2
21833	1
5450	1
5451	1
5452	2
5454	1
5455	1
5464	1
5465	2
5466	2
21851	1
5469	1
21854	1
5474	2
5477	1
5480	2
5481	1
5482	2
5483	1
5484	1
5486	3
5487	2
5489	3
5490	1
5493	1
5494	2
5495	3
5497	1
5499	1
5501	2
5502	2
5503	1
5504	1
5505	1
5506	1
5507	1
5508	1
21893	1
5510	1
5511	1
5512	5
5513	1
21899	1
5515	2
5516	2
5517	2
5519	2
5522	1
5523	1
5525	2
5526	1
5527	1
5528	1
5529	2
5530	1
5533	1
5534	1
21919	1
5535	1
5536	2
5537	1
5539	3
21923	1
5540	1
5541	1
21925	1
5542	1
5544	1
5545	1
5546	1
5548	1
5549	4
5551	1
5552	2
5553	1
5554	1
5555	1
5556	3
5558	1
5560	2
5561	1
5562	1
5564	2
5565	1
5566	1
5567	1
5569	1
5573	2
5575	2
5579	3
21963	1
5583	1
5585	3
5586	1
5591	1
5592	1
5593	1
5595	1
5597	1
5598	1
5599	1
5603	2
5604	2
5606	1
5607	2
5608	3
5609	1
5610	2
5612	2
21997	1
5613	1
5615	1
5616	2
5617	1
5620	1
5621	2
5622	2
5626	3
22012	1
5629	1
5632	1
5634	1
5639	2
5640	1
5641	1
5642	1
5643	1
5644	1
5645	1
5646	1
5647	2
5649	1
5650	1
5652	1
5653	1
5654	1
22039	1
5655	1
5656	1
5657	3
5659	1
5661	2
5662	1
5663	1
5665	3
22051	1
5668	3
5670	2
5673	1
22058	1
5674	1
5677	1
5678	1
5679	2
5681	1
5682	1
5684	2
5685	1
5686	2
5687	2
5688	1
5690	2
5691	1
5692	1
5694	1
5695	1
5698	1
5699	2
5701	2
5702	2
22086	1
5707	1
5709	2
5712	1
5714	2
5716	1
5717	2
5718	1
5723	2
5724	1
22112	1
5730	1
5732	1
5733	1
5734	2
5735	2
5738	1
5741	2
5744	1
5745	3
5747	1
5748	2
5749	3
5750	2
5752	1
5753	3
5754	1
5756	2
5757	2
5758	4
5759	1
5760	2
5761	2
5762	1
5764	1
5766	1
5767	1
5770	1
5771	1
5772	1
5774	2
5776	1
5778	1
5779	1
5783	1
22168	1
5786	3
5787	1
5789	1
5790	1
5791	1
5792	1
5793	1
5796	2
22183	1
5800	1
5801	1
5803	2
5804	2
5805	1
5806	1
5809	2
5812	1
5813	3
22197	1
5817	1
5818	1
5820	1
5821	2
5822	2
5823	1
5824	1
22210	1
5826	2
5829	1
5830	2
5832	2
5833	2
5834	2
5836	1
5837	1
22221	1
5838	1
5839	2
5842	1
5843	2
22227	1
5844	1
5845	1
5846	1
5847	1
5852	2
5853	1
5854	1
5856	1
5857	1
5858	1
5859	1
5860	4
5862	1
5865	3
5867	1
5870	1
5871	3
5873	1
5877	2
5880	1
5881	1
5882	3
5883	1
5884	1
5885	2
5886	1
5887	1
5888	1
5889	1
5890	1
5891	2
5893	1
5894	1
5895	1
5897	1
22283	1
5900	2
5901	2
5902	2
5906	1
5907	2
5908	1
5909	2
22295	1
5913	1
5914	1
22298	1
5918	2
5919	1
5920	1
5921	3
5924	1
5925	1
5927	1
5929	1
5932	1
5933	2
5935	2
5937	2
5938	1
22322	1
5943	1
5944	1
5947	1
5949	1
5951	1
5957	2
5958	1
5960	3
5962	1
5963	1
5964	1
5965	2
5966	2
5967	2
5970	1
5971	2
5973	2
5974	3
5975	3
5976	1
5978	2
5980	1
5981	1
5982	1
5985	1
5986	3
5987	1
5989	1
5992	1
5993	1
5994	1
5997	1
6001	1
6003	1
6006	3
6008	1
6011	2
6014	3
6015	2
6016	1
6019	1
6022	1
6023	2
6024	2
6025	1
6026	1
6027	2
22412	1
6029	1
6032	1
6033	2
6034	1
6035	1
6039	1
6041	1
22425	1
6042	2
6044	1
6045	1
6046	1
6049	1
6050	1
6052	1
6056	1
6058	1
6065	2
6068	1
6069	1
6070	1
6071	1
6073	1
6075	1
6082	2
6088	1
6089	1
22480	1
6098	1
6099	1
6102	2
6105	1
22490	1
6107	1
6109	1
6113	2
6115	1
6122	2
6124	2
6125	1
6127	1
6128	1
6129	2
6130	1
6131	1
6134	1
6139	2
6141	1
6142	2
6144	1
6145	1
6148	1
6150	3
6152	1
6153	1
6154	1
6157	2
6159	1
6160	1
6162	1
6166	1
6168	1
6171	2
6175	2
6180	1
6182	1
22568	1
6184	1
6186	1
6187	1
6189	1
6193	1
6196	1
6197	1
6198	2
6200	1
6201	2
6203	1
22588	1
6205	1
6206	1
6207	1
6210	1
6213	2
22599	1
6216	1
6217	1
6219	2
6220	2
6221	1
6223	1
6226	1
6227	4
6229	2
6230	1
6231	1
6235	1
6238	2
6240	1
6247	1
6248	1
6250	2
6253	2
6255	1
22640	1
6259	2
6260	1
6262	2
6263	3
6264	1
6265	1
6266	1
6268	3
6270	1
6271	1
6272	1
6274	1
6275	1
6277	1
6278	1
6280	2
6281	1
6284	1
6287	2
6292	1
6294	2
6296	1
6297	2
6301	2
6303	1
6305	2
6306	1
6317	1
6320	1
6325	2
6326	1
6327	2
6330	2
6333	1
6337	1
6342	1
22727	1
6343	1
6345	1
6347	1
6348	1
6350	1
6353	1
6359	1
22745	1
6361	2
6365	2
6368	3
6370	2
6371	2
6373	1
6374	2
6376	2
22763	1
6381	1
6382	1
6383	4
6384	2
6387	2
6389	1
22778	1
6395	2
6396	1
6397	1
6399	1
6400	1
6402	1
6403	1
6405	1
6407	1
6408	1
6412	1
6416	1
6418	2
6419	1
6420	1
6421	1
6423	1
6424	2
6425	1
6426	1
6427	1
6430	1
6431	1
6433	1
6434	1
6435	2
6436	1
6437	1
6439	1
6442	2
6446	2
6450	1
6452	1
6454	1
6455	2
6457	1
6461	1
6467	1
6482	1
6484	1
6487	1
6488	2
6489	1
6491	1
6492	1
6493	1
6494	1
6495	1
6502	1
6503	1
6504	1
6505	2
6506	1
22891	1
6507	1
6508	1
6509	1
6510	1
6512	1
6515	1
6516	1
6517	2
6518	2
6521	1
22910	1
6529	2
6530	2
6531	1
6532	1
6534	1
6535	1
6536	1
6540	1
6542	1
6552	3
22939	1
6555	1
6556	1
6557	1
6558	2
6561	1
6562	1
6564	1
22948	1
6565	1
6567	3
6569	1
6572	1
6573	1
6574	1
6583	2
22967	1
6584	1
6589	2
6592	1
6598	1
6599	1
6600	1
6602	1
6603	2
6607	1
22992	1
6610	1
6611	3
22998	1
6615	1
6622	1
6623	3
6624	1
6625	1
6628	1
6629	2
6631	1
6635	1
6636	1
6639	1
6640	1
6642	1
6643	1
6645	3
6650	2
6655	1
6657	1
6661	1
6662	1
6663	1
6669	1
6671	1
6673	1
6677	1
6680	1
6685	1
6686	1
6688	1
6695	1
6697	1
6698	1
6699	1
6700	1
6701	1
6702	2
6703	1
6704	1
6706	2
6707	1
6708	1
6710	1
6713	1
6717	1
6721	2
6725	1
6727	1
6730	2
6733	3
6734	2
6735	1
6744	1
6749	1
6755	1
6758	1
6761	2
6768	1
6773	1
6775	1
6776	3
6777	1
6779	1
6785	1
6786	1
6788	1
6794	1
6795	1
6798	1
6799	1
6801	1
6802	2
6813	1
6817	1
6823	2
6824	1
6825	1
6828	1
6829	1
6835	1
6841	1
6842	1
6848	1
6849	1
6852	1
6853	1
6856	1
6858	1
6859	1
6862	1
6863	1
6868	1
6872	1
6874	1
6876	1
6878	1
6879	1
6882	2
6888	2
6892	1
6893	1
6896	2
6898	1
6900	1
6901	1
6906	1
6908	1
6909	1
6912	1
6916	1
6923	1
6927	1
6940	1
6943	1
6944	1
6946	2
6947	1
6953	1
6956	1
6957	1
6960	1
6967	1
6969	1
6971	1
6972	1
6976	1
6977	1
6978	1
6981	1
6984	2
6993	2
6994	1
6995	1
6996	2
6997	1
7000	1
7003	1
7004	3
7008	1
7011	1
7017	2
7020	1
7024	1
7027	1
7033	1
7039	1
7044	2
7047	1
7050	2
7052	1
7058	1
7062	1
7063	3
7068	1
7075	1
7077	1
7079	1
7083	1
7089	2
7091	3
7092	1
7095	2
7101	1
7102	1
7104	2
7107	2
7110	1
7113	1
7114	1
7118	3
7128	1
7132	1
7134	1
7137	1
7139	1
7153	1
7156	1
7158	2
7160	1
7162	1
7167	1
7169	1
7170	2
7175	1
7176	2
7177	1
7179	2
7181	1
7187	1
7188	1
7195	1
23581	1
7199	1
7200	1
7206	1
7209	1
7210	3
7212	1
7213	1
7215	1
7216	1
7220	1
7221	1
7222	1
7223	1
7230	1
7234	1
7235	1
7238	1
7239	1
7244	2
7245	1
7247	1
7250	1
7251	1
7252	1
7253	2
7256	2
7259	2
7260	1
7265	1
7272	1
7275	1
23659	1
7277	1
7285	1
7289	2
7290	1
7295	2
7301	1
7302	1
7303	1
7309	1
7310	1
7312	1
7315	2
7317	1
7326	1
7330	2
7339	1
7340	1
7341	1
23726	1
7342	2
23727	1
23729	1
7346	3
23730	1
23731	1
23732	1
7349	1
23733	1
23734	1
23735	1
7352	1
23736	1
7353	1
7354	1
7355	1
7358	1
7359	1
7362	1
7363	1
7364	1
7365	1
23750	1
7370	1
7372	2
7374	1
7375	1
7377	1
7378	1
7379	1
7380	1
7381	1
7384	1
7385	3
23770	1
7387	1
23772	1
7393	1
23779	1
7396	1
7397	1
7399	1
23785	1
7403	1
7406	1
7409	2
23793	1
7410	1
7411	1
7412	3
23798	1
7418	1
7419	1
7420	1
7422	2
7423	1
7424	1
7425	1
7426	1
7429	2
7431	2
7434	1
7437	1
7440	1
23825	1
23826	1
7444	1
23831	1
23832	1
23833	1
23834	1
7450	1
23835	1
7451	1
23836	1
23837	1
7453	1
23838	1
23839	1
23840	2
23841	1
23842	1
23843	1
23844	1
23845	1
23846	1
7462	1
23847	1
7464	1
7476	1
7477	2
7478	2
7482	1
23866	1
7486	1
7488	1
7493	1
7504	1
7505	1
7506	2
7509	2
23894	1
7511	1
7516	1
7517	1
7522	1
7525	2
7527	1
23918	1
7535	3
23919	1
7542	1
7543	1
7555	1
7557	1
7562	1
7570	1
7573	2
7574	1
7575	1
23959	1
7576	1
7579	2
23967	1
7586	1
7590	1
23976	1
7592	2
7596	1
7597	1
7600	2
7606	1
7608	1
7609	1
7610	2
7611	3
24000	1
7622	1
7623	1
7624	1
7628	1
7632	2
7633	1
7634	1
7644	1
7647	2
7648	1
7649	1
7650	1
7653	1
7654	1
7658	2
7660	1
7669	1
7674	1
7677	1
7678	1
7681	1
7682	1
7683	1
7686	1
7693	1
7694	1
7697	2
24082	1
7701	1
7707	1
7712	1
7716	1
7717	1
7718	1
7721	1
7728	1
7730	1
7732	1
7733	1
7735	1
7739	1
7742	1
7744	1
7750	1
24138	1
7756	1
7758	2
24147	1
7766	1
7768	1
7769	2
7770	2
7771	1
24156	1
7775	1
7776	1
7780	1
7785	1
7791	1
7792	2
7795	1
7799	1
7800	1
7802	1
7803	1
7805	1
7806	2
7809	1
7810	1
7815	1
7818	2
24205	1
7822	1
7829	1
7831	2
7834	2
7838	1
7839	1
7843	1
7847	1
7848	1
7851	1
7860	1
7867	1
7868	1
7873	1
7874	1
7877	2
7880	1
7881	2
7883	1
7889	1
7892	2
7894	1
7896	1
7904	1
7909	1
7910	1
7917	1
7919	2
7924	1
7930	2
7933	1
7937	1
7939	1
7940	2
7941	1
7952	2
7953	1
7954	1
7960	1
7973	1
7975	1
7980	1
7982	1
7988	1
7997	1
7998	1
7999	1
8001	1
8008	2
8009	1
8016	1
8019	1
8021	2
8031	2
8032	1
8035	1
8036	2
8038	1
8040	2
8042	1
8043	1
8045	1
8051	1
8057	1
8058	1
8061	1
8066	1
8067	2
8068	1
8072	1
8078	2
8080	1
8083	1
8084	3
8086	2
8097	2
8098	1
8100	1
8101	1
8103	1
8106	1
8107	1
8113	1
8115	1
8116	1
8117	1
8120	1
8126	2
8132	1
8137	1
8140	2
8143	2
8146	1
24535	1
8162	1
8170	1
8177	2
8178	1
24567	1
8185	1
8187	1
24572	1
8189	1
8194	1
8195	1
8203	1
8218	1
8231	2
8233	1
8234	1
8235	1
8237	1
8239	2
8240	1
8249	1
8251	1
8254	1
8255	1
8261	1
8262	1
8264	2
8273	1
8274	1
8278	1
8281	1
8283	1
8284	1
8293	1
8300	1
8307	1
24697	1
8317	1
8320	1
8324	1
8327	1
8329	1
24713	1
8330	2
8333	2
8334	1
8337	1
8338	1
8341	1
8347	1
8348	1
8349	2
8350	1
8355	1
8356	2
8357	2
8360	1
8364	1
8378	1
8389	1
8393	2
8400	1
8401	1
8405	1
8407	1
8410	1
8415	1
8421	1
8422	1
8423	1
8439	1
8444	3
8450	1
8451	2
8452	1
8466	1
8470	1
8481	1
8482	1
8484	1
8486	1
8487	1
8489	1
8499	1
8500	2
8507	1
8510	1
8513	1
8520	1
8527	1
8534	1
8536	1
8537	1
8543	1
8545	1
8546	1
8548	1
8553	1
8554	1
8556	1
8557	1
8558	1
8560	1
24948	1
8569	1
8586	1
8589	1
8593	1
8596	1
8597	1
8606	1
8611	1
8621	1
8622	1
8625	1
8628	1
8629	1
8631	1
25018	1
8638	2
8652	1
8658	1
8670	1
8695	1
8697	1
8700	1
8701	1
8704	1
8707	1
8711	1
8713	1
8716	1
8721	1
8722	1
8724	1
8725	1
8727	2
8733	1
8739	1
8750	1
8753	1
8757	1
8760	1
8768	1
8770	1
8771	1
8775	1
8777	1
8782	1
8785	1
8790	1
8792	1
8795	1
8800	1
8805	1
8806	1
8811	1
8814	1
8815	1
8817	1
8827	1
8830	1
8832	1
8835	1
8841	1
8851	1
8859	1
8866	1
8867	1
8868	1
8869	1
8870	1
8872	2
8875	1
8879	1
8880	1
8889	1
8891	1
8892	1
8894	1
8895	1
8901	1
8905	1
8906	1
8911	1
8917	1
8927	1
8936	1
8937	1
8940	1
8942	1
8950	1
8956	1
8970	1
8972	1
8974	1
8978	1
8979	1
8985	1
8987	1
8989	1
8994	1
8997	1
9001	1
9005	1
9010	1
9016	1
9017	1
9020	1
9023	1
9024	1
9030	2
9031	1
9035	1
9036	1
9043	2
9044	1
9045	1
9056	2
9065	1
9066	1
9068	1
9070	1
9071	1
9074	1
9083	1
9089	1
9092	1
9094	1
9100	1
25484	1
9108	1
9112	1
9114	1
9115	1
9117	1
9123	1
9137	1
9146	1
9147	1
9149	1
9157	2
9160	1
9162	2
9171	1
9179	1
9182	3
9183	1
9186	1
9187	1
9194	1
9202	1
9210	1
9215	1
9220	1
9221	1
9222	1
9223	2
9229	1
9231	1
9234	1
9249	1
9254	2
9261	1
9262	1
9267	1
9272	2
9281	2
9289	1
9290	1
9296	1
9301	2
9318	1
9325	1
9327	1
9328	1
9330	1
9333	1
9336	1
9337	1
25722	1
9340	1
25725	1
9343	1
9358	1
9366	1
9380	1
9381	1
9383	1
25768	1
9388	1
9396	1
9398	1
9399	1
9405	1
9407	1
9410	1
9417	1
9428	1
9430	1
9431	1
9434	1
9442	1
9444	2
9446	1
9448	1
9450	1
9453	1
9468	1
9473	1
9476	1
9482	1
9490	1
9499	1
9500	1
9503	1
9509	1
9514	1
9518	1
9527	1
9530	1
9534	1
9539	1
9541	1
9543	1
9544	1
9545	1
9552	1
9561	1
9572	1
9576	1
9580	1
9585	1
9587	1
9588	1
9589	1
9592	1
9593	1
9597	1
9600	1
9601	1
9609	1
9618	1
9641	2
9642	1
9654	1
9656	1
9660	1
9666	1
9667	1
9669	1
9677	1
9680	1
9681	1
9684	1
9685	1
9700	1
9701	1
9704	1
9708	1
9712	1
9721	1
9724	1
9732	1
9733	1
9738	1
9740	1
9741	1
9754	1
9756	1
9771	1
9792	2
9797	1
9804	1
9805	1
9812	1
9816	1
9823	1
9826	1
9861	1
9864	1
9866	1
9872	1
9876	1
9880	1
9896	1
9900	1
9905	1
9908	1
9909	1
9914	1
9920	1
9935	1
9936	1
9942	1
9943	1
9949	1
9960	1
9961	1
9964	1
9969	1
9971	1
9987	1
10001	1
10006	1
10011	1
10013	1
10015	1
10016	1
10022	1
10023	1
10042	2
10050	1
10052	1
10056	1
10057	1
10079	1
10087	1
10088	1
10094	2
10096	1
10107	2
10109	1
10111	1
10116	1
10124	1
10126	2
10127	1
10137	1
10141	1
10146	1
10154	1
10162	1
10163	1
10168	1
10172	1
10176	1
10179	1
10198	2
10201	1
10205	1
10206	1
10207	1
10214	1
10216	1
10220	2
10222	1
10223	1
10226	1
10228	1
10242	1
10246	1
10249	1
10251	1
10252	1
10258	1
10262	1
10264	1
10268	2
10269	1
10270	1
10273	1
10281	1
10289	1
10296	1
10307	1
10314	2
10323	1
10330	1
10347	1
10364	1
10371	1
10383	1
10384	1
10385	2
10390	2
10391	1
10392	2
10401	1
10404	1
10406	1
10408	1
10412	1
10425	1
10426	1
10429	2
10434	1
10436	1
10440	1
10447	1
10454	1
10457	1
10459	1
10466	1
10469	1
10474	1
10477	1
10482	1
10483	1
10485	1
10487	1
10488	1
10506	1
10509	2
10511	1
10517	1
10523	1
10524	1
10525	1
10531	1
10538	1
10540	2
10543	1
10549	1
10552	2
10557	1
10560	1
10562	2
10563	3
10570	1
10572	1
10578	1
10587	2
10589	1
10590	1
10596	1
10617	1
10624	2
10631	1
10633	1
10639	1
10641	1
10642	1
10643	1
10648	1
10652	1
10654	1
10660	2
10667	1
10677	1
10681	1
10693	3
10700	2
10704	1
10707	1
10715	1
10721	1
10722	1
10723	1
10727	2
10729	1
10732	1
10733	1
10741	1
10743	1
10750	1
10762	2
10767	1
10772	1
10777	1
10780	1
10787	2
10788	2
10798	1
10805	1
10810	2
10816	1
10821	1
10823	1
10827	1
10828	1
10830	1
10835	1
10844	1
10854	1
10855	1
10863	1
10865	1
10874	1
10888	1
10889	1
10893	1
10894	2
10895	1
10907	1
10916	1
10917	1
10919	1
10923	1
10931	1
10946	1
10951	1
10954	1
10958	1
10967	1
10969	1
10980	2
10987	1
10995	1
11017	1
11022	1
11023	1
11026	2
11028	1
11045	1
11048	1
11053	1
11054	1
11060	1
11085	1
11098	1
11100	2
11102	1
11106	1
11116	1
11123	1
11125	1
11135	2
11137	1
11138	1
11140	1
11145	1
11146	1
11147	1
11149	1
11152	1
11160	1
11164	1
11165	1
11167	1
11171	1
11173	2
11175	1
11179	1
11190	2
11194	1
11198	1
11200	2
11208	1
11220	1
11222	1
11224	1
11234	1
11237	1
11241	1
11244	1
11246	1
11247	1
11248	1
11249	1
11250	1
11252	1
11255	1
11258	1
11266	1
11268	1
11269	1
11271	1
11279	1
11280	1
11288	1
11296	1
11299	2
11303	1
11309	1
11312	1
11314	1
11317	3
11323	1
11327	1
11332	1
11337	2
11340	1
11356	1
11367	1
11372	1
11375	1
11377	1
11387	1
11400	1
11407	1
11409	1
11412	1
11420	1
11422	1
11424	1
11435	1
11436	1
11439	1
11440	1
11448	1
11458	1
11461	1
11470	1
11478	2
11486	1
11490	1
11493	1
11496	2
11497	1
11508	1
11509	1
11513	1
11516	1
11537	1
11540	1
11541	1
11542	1
11558	1
11567	2
11572	1
11574	1
11575	1
11579	2
11584	2
11585	1
11590	1
11594	1
11602	1
11610	2
11620	1
11624	1
11626	1
11632	1
11636	1
11639	1
11645	1
11647	1
11654	1
11662	1
11664	1
11668	1
11669	1
11677	1
11678	1
11686	1
11687	1
11691	2
11692	1
11707	2
11725	1
11728	1
11729	1
11730	1
11740	1
11746	1
11761	2
11766	2
11768	1
11770	1
11783	1
11784	1
11788	1
11794	1
11801	1
11806	1
11808	1
11810	1
11814	1
11818	1
11822	2
11831	1
11833	1
11836	1
11839	1
11844	1
11849	1
11851	1
11857	1
11861	1
11865	1
11873	1
11876	1
11884	1
11886	1
11890	1
11891	1
11915	1
11917	1
11918	1
11920	1
11921	1
11924	1
11925	1
11935	2
11937	1
11941	1
11949	1
11953	2
11960	1
11972	1
11976	1
11981	1
11984	1
12001	1
12005	1
12006	1
12011	1
12022	1
12028	1
12034	1
12035	1
12038	1
12047	1
12049	1
12066	1
12069	1
12072	1
12078	1
12079	1
12081	1
12096	1
12098	2
12114	1
12116	1
12118	1
12119	1
12129	1
12131	1
12134	1
12136	1
12139	1
12164	1
12186	1
12193	1
12194	1
12218	1
12222	1
12235	1
12241	1
12245	1
12247	1
12248	1
12249	1
12252	1
12275	2
12278	2
12279	1
12285	1
12313	1
12333	1
12350	1
12352	1
12358	1
12362	1
12363	1
12374	1
12378	1
12381	1
12393	1
12395	1
12398	2
12407	1
12409	1
12410	1
12411	1
12417	1
12435	1
12439	1
12448	1
12451	1
12454	1
12458	1
12463	1
12466	1
12469	1
12471	1
12482	1
12496	1
12500	1
12501	1
12508	2
12522	1
12524	1
12527	1
12539	1
12540	1
12558	1
12559	1
12563	2
12565	1
12568	1
12577	1
12586	1
12588	1
12603	1
12608	1
12623	2
12633	1
12637	1
12660	1
12663	1
12664	2
12671	1
12675	1
12700	1
12702	1
12716	1
12719	1
12720	1
12749	1
12751	1
12753	1
12755	1
12814	1
12818	1
12822	1
12831	1
12843	1
12844	1
12848	2
12860	1
12864	1
12865	1
12875	1
12879	1
12882	2
12899	1
12907	1
12913	1
12914	1
12916	1
12920	1
12925	1
12929	1
12933	1
12951	1
12963	2
12976	1
12979	1
12983	1
13002	1
13005	1
13006	1
13007	1
13022	1
13030	1
13050	1
13054	1
13056	1
13062	1
13064	1
13074	1
13076	1
13080	1
13081	1
13083	1
13089	1
13102	1
13103	2
13115	3
13121	1
13138	1
13153	1
13158	1
13162	1
13164	1
13168	1
13170	1
13171	1
13182	2
13194	1
13196	1
13203	1
13209	1
13214	1
13234	1
13237	1
13240	1
13243	1
13252	1
13254	1
13255	1
13263	1
13297	1
13300	1
13301	1
13307	1
13311	1
13321	1
13330	1
13333	1
13340	2
13343	1
13347	1
13353	1
13395	2
13398	1
13405	1
13407	1
13411	1
13416	1
13420	1
13437	1
13453	1
13454	1
13461	1
13462	1
13465	1
13483	1
13486	1
13488	1
13489	1
13493	1
13499	1
13503	1
13504	1
13519	1
13528	1
13534	1
13544	1
13548	1
13549	1
13553	1
13554	1
13555	1
13556	1
13558	1
13561	1
13564	1
13586	1
13594	1
13602	1
13607	1
13611	1
13613	1
13626	1
13627	1
13634	1
13640	1
13646	1
13647	1
13665	1
13666	1
13676	1
13687	1
13693	1
13695	1
13700	1
13702	1
13708	2
13711	1
13763	1
13766	1
13785	1
13795	1
13797	1
13800	1
13808	1
13811	1
13814	1
13818	1
13834	1
13847	1
13874	1
13876	1
13900	1
13902	1
13912	1
13913	1
13919	2
13924	1
13947	1
13951	1
13960	1
13968	1
13970	1
13999	1
14002	1
14009	1
14026	1
14029	1
14038	1
14048	1
14071	1
14073	1
14074	2
14089	1
14106	1
14110	1
14111	1
14114	1
14118	1
14124	1
14125	1
14131	1
14133	1
14145	1
14148	1
14150	1
14153	1
14156	1
14158	1
14160	1
14162	1
14190	1
14195	1
14196	1
14202	1
14208	1
14220	1
14235	1
14238	1
14243	1
14245	1
14252	1
14286	1
14313	1
14327	1
14334	1
14340	1
14362	1
14372	1
14392	2
14421	1
14423	1
14435	1
14448	1
14464	1
14479	1
14481	1
14485	1
14488	1
14492	1
14494	1
14505	1
14512	1
14519	2
14537	1
14577	1
14587	1
14595	1
14602	1
14626	1
14635	1
14645	2
14662	1
14664	1
14676	1
14693	1
14698	1
14700	1
14735	1
14759	1
14760	1
14774	1
14781	1
14786	1
14793	1
14818	1
14837	2
14848	1
14852	1
14862	1
14863	1
14867	1
14880	1
14887	1
14907	1
14921	1
14924	1
14925	1
14938	1
14940	1
14957	1
14959	1
14961	1
14963	1
14964	1
14969	1
14985	1
14994	1
15001	2
15017	1
15034	1
15036	1
15038	1
15042	1
15076	1
15078	1
15081	1
15086	1
15105	1
15107	1
15125	1
15134	1
15137	1
15147	1
15150	1
15157	1
15170	1
15177	1
15189	1
15200	1
15201	1
15202	1
15206	1
15219	1
15228	1
15244	1
15247	1
15268	1
15283	1
15301	1
15307	1
15322	1
15328	2
15337	1
15339	1
15369	1
15399	1
15413	1
15416	1
15447	1
15449	1
15453	1
15454	1
15471	1
15480	1
15495	1
15526	1
15531	1
15534	1
15595	1
15617	2
15627	1
15642	1
15647	1
15665	1
15671	1
15695	1
15699	1
15702	1
15714	1
15742	1
15754	1
15771	1
15772	1
15773	1
15779	1
15780	1
15791	1
15800	1
15829	1
15849	1
15875	1
15899	1
15901	1
15902	1
15904	1
15906	1
15913	1
15926	1
15936	1
15941	1
15944	1
15955	1
15980	1
15995	1
15998	1
16012	1
16022	1
16040	1
16044	1
16058	1
16097	1
16104	1
16110	1
16113	1
16120	1
16137	1
16145	1
16154	1
16155	1
16174	1
16193	1
16218	1
16232	1
16233	1
16243	1
16254	1
16260	2
16270	1
16303	1
16322	1
16364	1
16374	1
16377	1
