1	9
2	10
16386	1
3	5
4	14
5	14
6	5
7	11
8	7
9	9
10	10
16394	1
11	11
12	8
13	13
16397	1
14	11
15	7
16	12
17	9
18	15
19	9
20	9
21	9
22	7
23	13
24	8
25	6
16409	1
26	13
16411	1
27	7
28	13
29	13
30	14
31	5
16415	1
32	9
16416	1
33	17
34	7
35	11
36	9
37	10
38	17
39	10
40	8
16424	1
41	9
42	11
43	10
44	7
45	10
46	12
47	9
16431	2
48	8
49	13
50	8
51	10
52	14
53	9
16437	1
54	9
55	10
16439	1
56	6
16440	2
57	8
58	6
59	16
60	12
61	9
16445	2
62	19
16446	1
63	11
64	7
65	14
66	12
67	11
16451	1
68	10
69	6
70	9
71	8
16456	2
72	7
73	8
74	10
75	9
16459	1
76	6
77	7
16461	1
78	8
16462	1
79	9
80	8
81	11
16466	1
82	10
83	11
84	6
85	9
86	9
16470	2
87	10
16472	1
88	7
89	4
16473	1
90	11
91	7
16475	1
16476	2
92	7
93	2
16477	2
94	7
95	13
96	13
16481	1
97	8
98	10
99	7
100	7
101	9
102	7
16486	1
103	7
104	9
105	8
106	11
16490	1
16491	1
107	6
108	6
109	8
110	3
16494	1
111	6
112	9
113	5
114	9
16498	1
115	5
116	7
117	8
16501	1
118	12
119	12
120	6
121	4
122	14
123	7
124	9
16508	1
125	9
126	10
127	9
16511	1
128	6
129	11
16513	1
130	8
131	12
132	7
133	6
134	14
135	9
136	9
137	8
16521	1
138	11
139	5
140	7
16525	1
141	11
142	13
143	6
144	9
145	5
146	9
16530	1
147	6
16531	2
148	14
149	6
150	4
151	11
152	3
153	9
154	6
155	10
156	11
16540	1
16541	2
157	6
158	8
159	4
16543	1
160	7
161	5
162	6
163	4
164	9
165	7
166	9
16551	1
167	9
168	4
169	9
170	10
16554	1
171	9
16555	1
172	9
173	10
16557	1
174	2
175	6
176	8
177	6
178	9
16562	1
179	11
16564	2
180	12
181	4
182	4
16566	2
183	10
184	8
185	6
186	6
16570	1
187	6
188	6
189	10
190	6
16574	1
191	10
192	5
193	5
194	9
195	10
196	5
197	5
198	11
199	5
200	9
201	5
202	5
203	10
204	6
16588	1
205	6
16589	1
206	9
207	3
208	2
209	8
210	10
211	6
212	4
213	6
214	7
215	7
16599	1
216	6
217	7
218	10
16602	2
219	6
220	5
221	7
222	6
223	8
16607	2
224	5
225	7
226	2
227	5
228	3
229	12
230	8
231	8
232	10
16616	1
16617	2
233	11
234	11
16618	1
235	10
236	7
237	6
16621	1
238	8
239	7
240	9
16624	2
241	6
242	5
243	10
244	5
16629	1
245	6
246	9
247	4
248	6
249	8
16633	1
250	8
251	6
16635	1
252	5
253	6
16637	1
254	7
255	6
256	11
257	5
258	6
259	9
260	5
16644	1
261	11
262	9
263	9
264	6
265	7
16649	1
266	7
267	3
268	9
16652	1
269	7
270	7
271	6
16655	1
272	6
273	9
274	4
275	2
276	3
277	1
278	9
279	7
280	11
281	9
282	8
283	10
16667	1
284	9
285	8
286	4
287	7
288	13
289	7
290	10
291	5
292	5
293	5
294	5
295	4
296	6
16680	1
297	2
298	6
299	6
300	4
301	10
302	7
303	3
304	10
16688	1
305	4
306	8
307	9
308	3
309	4
310	5
311	5
312	11
16696	1
313	5
16697	1
314	5
16699	1
315	8
316	5
317	7
318	3
319	10
320	7
321	3
16705	1
322	6
323	11
16707	1
324	8
16708	1
325	3
16709	1
326	6
327	7
328	5
329	11
330	6
331	4
332	4
16716	2
333	6
334	4
335	8
336	7
337	9
16721	2
338	6
16722	1
339	6
340	6
16724	1
341	5
342	7
16726	1
343	5
344	9
345	10
346	8
347	5
348	10
349	3
350	2
16735	1
351	9
352	6
353	3
354	3
355	7
356	6
357	7
16741	1
358	9
16742	1
359	5
16744	2
360	2
361	8
362	4
363	4
364	6
16748	1
365	9
16749	1
366	1
367	6
16752	2
368	3
369	5
16754	1
370	4
371	5
372	4
373	7
16757	1
374	5
375	8
376	5
378	10
379	9
380	8
16764	1
381	10
382	6
16766	1
383	4
384	2
16768	1
385	3
386	7
387	6
16771	1
388	3
389	3
390	4
16774	1
391	7
392	9
393	6
394	6
16779	1
395	6
396	5
397	5
398	2
399	3
400	3
401	2
402	8
16787	1
403	6
404	8
405	5
406	5
407	3
408	7
16792	1
409	10
410	4
16794	1
411	2
412	7
16797	2
413	4
414	11
415	7
416	5
417	2
418	9
419	8
420	7
421	7
422	11
16806	1
423	12
424	13
16808	1
425	5
426	7
427	5
428	3
429	9
430	2
16815	1
431	4
432	7
433	1
434	6
435	7
436	4
437	8
438	3
439	9
440	2
441	8
442	5
443	6
445	8
16829	1
446	8
447	3
448	5
449	5
16833	1
450	7
451	2
452	3
453	4
16837	1
454	4
455	5
456	8
16840	1
16841	2
457	4
458	2
459	7
460	4
461	4
462	4
463	6
464	3
465	8
466	7
467	5
16851	1
468	4
469	4
470	9
16854	1
471	3
472	3
16856	2
473	6
16857	1
474	3
475	8
476	6
477	8
478	9
479	2
16863	1
480	5
16865	1
481	4
482	4
483	2
484	4
485	3
486	4
487	4
488	5
489	2
490	10
491	4
492	3
493	4
494	5
495	7
496	6
497	8
16881	1
498	11
499	5
500	1
501	2
16886	1
502	5
503	3
504	4
16889	1
505	2
506	1
507	3
508	4
509	4
510	3
511	1
16895	1
512	3
513	5
515	2
516	3
517	1
518	6
519	3
520	7
521	7
522	7
523	3
524	3
16909	1
525	3
526	1
16910	2
527	4
528	8
529	2
530	3
531	4
532	5
16916	1
533	7
16917	1
534	3
535	3
536	6
537	4
538	6
539	5
540	4
16924	1
541	4
16926	1
542	6
543	3
16928	1
545	6
546	7
547	11
548	4
549	5
550	7
551	2
16935	1
552	6
553	4
554	6
16938	1
555	3
556	3
16940	1
557	5
16942	2
558	6
559	9
560	8
561	4
16945	1
562	10
16946	2
563	1
564	4
16948	1
565	4
566	5
567	5
568	2
569	2
570	7
571	2
572	3
573	3
574	6
575	3
16959	1
576	5
577	7
578	4
579	5
580	3
16964	1
581	8
582	4
583	4
16967	1
584	2
585	5
586	4
587	1
588	4
16972	1
589	7
16973	1
590	8
591	3
592	8
593	2
594	4
595	4
596	4
597	3
598	4
599	4
600	9
601	8
602	3
603	3
604	8
605	3
606	3
16990	1
607	3
608	3
16993	2
609	1
610	2
16994	2
16995	1
612	7
613	3
614	4
615	3
616	2
617	3
618	6
619	4
620	2
621	8
622	2
17006	1
623	5
17007	1
624	4
17008	1
625	3
17009	1
626	5
17010	1
627	1
628	4
17013	2
629	2
630	4
631	4
632	8
633	3
634	3
635	2
17019	1
636	2
637	5
638	4
639	4
640	3
17024	1
641	5
17026	1
642	4
643	6
644	4
645	2
646	6
647	8
648	1
649	1
650	6
651	2
652	2
653	5
654	2
655	1
656	5
657	5
17041	1
658	2
659	3
660	6
661	5
662	4
663	4
664	7
665	4
17049	1
666	4
667	1
668	3
17052	2
669	2
670	4
671	5
17055	2
672	2
673	5
674	5
17058	1
675	3
17060	1
676	1
677	3
678	4
679	2
680	2
681	5
682	5
683	6
684	7
685	6
686	4
687	2
688	4
689	2
690	2
691	6
692	6
17076	1
693	5
694	3
695	3
696	5
17080	1
697	1
17081	1
698	2
699	2
700	2
701	3
702	3
17086	1
703	3
704	6
705	2
706	1
17091	1
707	6
708	4
709	4
17093	1
710	6
711	3
712	5
17096	1
713	2
714	6
715	6
716	3
717	3
17101	1
718	7
719	6
720	4
721	6
17105	1
722	5
723	3
724	3
725	8
17109	1
726	5
727	5
728	6
17112	1
729	4
730	3
731	8
732	6
733	4
734	5
735	6
736	2
737	3
738	5
17122	1
739	6
740	5
741	8
742	1
743	5
744	3
745	5
746	2
747	2
748	2
749	2
750	1
751	5
752	2
753	10
754	4
755	4
756	4
757	6
758	1
759	6
17143	2
760	6
761	1
17145	1
762	6
763	3
764	4
765	3
766	6
767	4
768	1
17152	1
769	6
770	6
771	4
772	4
773	5
774	4
775	8
776	3
777	4
17161	1
778	4
17162	1
779	3
780	8
17164	1
781	7
782	1
783	8
784	3
785	3
786	6
787	5
17171	1
788	3
789	2
790	5
791	6
792	4
793	3
794	3
795	5
796	2
797	2
798	4
799	5
800	3
17184	1
801	4
802	3
803	3
804	5
805	2
806	7
807	3
808	1
809	6
17193	1
810	5
811	3
812	2
813	2
814	1
815	6
816	2
817	8
818	8
819	5
820	5
821	7
822	2
17207	1
823	3
17208	1
824	4
825	2
826	5
827	3
828	2
17212	1
829	2
830	5
17214	1
831	6
17216	1
832	4
833	7
834	5
835	4
836	5
837	3
17221	1
838	7
17222	1
839	4
840	6
17224	1
841	3
842	6
17226	1
843	7
17227	1
844	7
845	5
846	2
17230	1
847	6
848	5
849	2
17234	1
850	8
851	3
852	4
853	3
17237	1
854	5
855	6
857	3
858	5
859	7
860	4
861	4
17245	1
862	3
863	2
864	4
865	7
866	4
867	2
868	5
870	2
871	2
872	3
873	1
874	2
875	9
876	3
877	3
878	7
879	2
17263	1
880	6
881	5
882	6
883	2
884	2
17268	1
885	5
886	4
887	3
888	3
889	8
890	6
891	4
892	7
17276	1
17277	1
17278	1
894	3
895	4
896	8
897	5
17281	1
898	4
17282	1
899	3
900	6
901	9
902	7
17286	1
903	2
904	1
905	1
906	2
907	6
908	1
909	1
910	7
911	7
17296	3
912	5
913	1
914	4
915	6
916	5
917	4
918	6
919	3
920	6
921	3
922	2
923	3
17307	1
924	1
925	5
926	4
927	5
928	5
929	9
930	8
931	6
932	4
17316	2
933	7
934	4
935	3
936	2
17320	1
937	3
938	3
939	8
17323	1
940	3
941	3
942	4
943	2
944	5
945	5
946	5
947	9
948	6
949	2
950	2
951	7
952	3
953	4
954	6
955	4
956	3
957	5
958	4
959	5
960	8
17344	1
961	3
962	4
17346	1
963	2
964	1
17348	1
965	2
966	3
967	2
968	7
969	2
970	5
971	3
972	4
974	3
975	6
976	4
977	3
978	2
979	8
980	4
981	2
982	6
983	6
984	2
985	7
986	4
17370	1
987	6
988	8
989	2
990	3
17374	1
991	3
992	5
993	3
994	4
17378	1
995	4
17380	1
996	7
997	1
998	4
999	3
1000	5
1001	4
1002	8
1003	2
1005	1
1006	4
1007	2
1008	1
1009	6
1010	10
1011	4
1012	4
1013	2
1014	6
1015	5
1016	1
1017	2
1018	3
1019	3
1020	7
1021	2
17405	1
1022	1
1023	4
1024	4
17408	1
1025	4
17409	2
1026	4
1027	4
1028	1
17412	1
1029	4
1030	2
1031	1
1032	5
17416	1
1033	4
1034	3
1035	4
1036	3
17420	1
1037	7
1038	7
1039	4
1040	6
1041	5
1043	3
1044	9
1045	5
1046	3
1047	4
1048	2
17433	1
1049	1
1050	7
17434	1
1051	2
1052	3
1053	2
1054	2
1055	4
1056	4
1057	2
1058	6
1059	6
1060	7
17445	1
1061	4
1062	4
1063	7
1064	6
17448	1
1065	6
1066	7
1067	8
1068	3
1069	4
17453	1
1070	6
1071	3
1072	6
1073	4
1074	3
1075	5
1076	6
1077	5
1078	8
17462	1
1079	5
1080	7
1081	3
1082	3
1083	3
1084	6
1085	9
17469	1
1086	3
1087	1
1088	2
1089	4
1090	5
1091	7
1092	5
1093	7
1094	2
1095	4
1096	4
1097	4
1098	2
1099	2
1100	4
1101	6
1102	7
1103	4
1104	6
1105	7
1106	4
1107	7
1108	5
1109	7
1110	7
1111	7
1112	5
17496	1
1113	2
1114	3
1115	3
1116	7
1117	5
1118	3
1119	4
1120	4
1121	2
1122	3
1123	5
1124	4
1125	5
17509	1
1126	4
1127	3
17511	1
1128	4
17512	1
1129	5
1130	1
1131	2
1132	3
1133	2
1134	10
1135	3
1136	4
1137	5
1138	4
1139	1
1140	4
17524	1
1141	1
1142	12
1143	6
17527	1
1144	4
17528	1
1145	9
1146	7
1147	4
17532	1
1148	4
1149	6
17533	1
1150	2
1151	7
1152	5
1153	5
1154	3
1155	7
1156	5
1157	4
1158	2
1159	4
1160	7
1161	7
1162	5
17546	1
1163	3
17547	1
1164	7
1165	3
1166	3
1167	5
1168	2
1169	5
1170	2
1171	4
17555	1
1172	2
1173	4
1174	2
1175	8
1176	7
1177	4
1178	5
1179	5
1180	4
1181	7
1182	4
1183	3
1184	3
17568	1
1185	4
1186	6
1187	5
1188	4
1190	6
1191	2
1192	4
1193	6
1194	4
17579	1
1195	1
1196	5
1197	4
1198	5
1199	10
1200	4
1201	4
1202	5
1203	6
1204	6
1205	6
1206	6
1207	6
1208	3
1209	6
1210	4
1211	2
1212	6
1213	2
1214	6
1215	2
17599	1
1216	2
17600	1
1217	5
1218	3
17603	1
1219	5
1220	6
1221	6
1222	5
1223	2
1224	2
1225	2
1226	4
1227	8
1228	6
1229	3
1230	1
17615	1
1231	4
1232	5
1233	3
17617	1
1234	2
1235	3
1236	5
1237	4
1238	2
1239	4
1240	2
1241	4
17625	1
1242	3
1243	6
1244	7
17628	1
1245	2
1246	6
1247	4
1249	2
1250	5
1251	5
1252	4
1253	3
1254	7
1255	6
17639	1
1256	2
17640	1
1257	4
17641	1
1258	5
17642	1
1259	6
17643	1
1260	2
1261	7
1262	5
1263	7
1264	6
1265	1
1266	4
1267	5
1268	2
1269	4
1270	4
1271	4
1272	5
17656	1
1273	3
17658	1
1274	3
1275	7
1276	2
1277	5
1278	6
1279	2
1280	3
17664	1
1281	6
1282	7
17667	1
1283	2
1284	2
1285	3
17670	1
1286	3
1288	4
17672	1
1289	6
17673	1
1290	2
1291	4
1292	2
17677	2
1293	4
1294	3
1295	6
1296	2
1297	5
1298	3
1299	3
1300	4
1301	3
1302	2
1303	7
1304	7
1305	8
1306	4
1307	5
1308	5
1309	2
17693	1
1310	3
1311	5
1312	7
1313	3
1314	6
1315	3
1316	3
1317	2
1318	9
1319	3
1320	4
1321	2
1322	1
1323	3
1324	2
1325	8
1326	4
1327	5
1328	8
1329	2
1330	4
17714	1
1331	2
17715	1
1332	1
1333	5
1334	4
1335	3
1336	6
1337	3
1338	1
1339	3
1340	6
1341	6
1342	4
1343	3
1344	6
1345	5
1346	2
1347	2
1348	5
1349	15
1350	3
1351	11
1352	4
17736	1
1353	2
1354	4
1355	10
1356	6
1357	7
1358	4
1359	8
1360	5
1361	2
1362	7
1363	4
1364	1
17748	1
1365	5
1366	4
17750	1
1367	5
1368	2
17752	1
1369	2
1370	6
1371	7
1372	4
1373	4
1374	8
1375	7
1376	4
17760	1
1377	4
1378	2
1379	3
1380	5
1381	4
17765	1
1382	5
1383	2
1384	4
1385	4
17769	1
1386	4
1387	3
1388	3
17772	1
1389	4
1390	4
1391	5
1392	4
1393	5
1394	5
1395	6
17779	1
1396	5
1397	1
1398	4
1399	4
1400	4
1401	9
1402	3
1403	2
1404	2
1405	4
1406	4
1407	5
1408	1
1409	4
1410	3
1411	3
1412	4
1413	2
1414	4
1415	5
1416	4
1417	4
1418	4
1419	8
1420	8
1421	4
1422	4
17806	1
1423	14
1424	4
1425	3
1426	6
1427	4
1428	5
1429	2
1430	4
1431	3
1432	6
1433	3
1434	8
1435	5
1436	4
1437	8
1438	7
1439	4
1440	8
1441	2
17825	1
1442	5
1443	2
1444	3
1445	10
1446	6
1447	9
1448	6
1449	3
1450	5
17834	2
1451	10
1452	4
1453	6
1454	3
1455	4
1456	8
1457	3
1458	2
1459	1
1460	4
1461	7
1462	5
1463	4
1464	4
1465	2
1466	4
17850	1
1467	6
1468	2
1469	5
1470	2
1471	5
17856	1
1472	6
1473	1
17857	1
1474	6
1475	3
1476	7
1477	4
1478	7
1479	4
1480	2
17864	1
1481	2
1482	3
1483	4
17867	1
1484	4
1485	4
1486	10
17870	1
1487	3
17871	1
1488	3
17872	2
1489	6
1490	5
1491	4
1492	5
1493	5
1494	9
1495	5
1496	3
1497	3
1498	3
1499	8
17883	1
1500	3
1501	5
1502	8
1503	5
1504	6
17888	1
1505	7
1506	3
1507	4
1508	4
1509	7
1510	1
1511	7
1512	1
1513	7
1514	2
1515	10
1516	6
1517	8
1518	5
1519	7
1521	5
1522	3
1523	6
1524	5
1525	11
1526	3
1527	8
1528	5
1529	5
1530	5
1531	5
1532	3
1533	5
1534	7
17919	1
1535	6
1536	5
1537	7
1538	3
1539	6
1540	1
1541	5
1542	4
1543	3
1544	3
17928	1
1545	1
1546	8
1547	8
1548	1
17932	1
1549	5
1550	2
1551	7
1552	3
1553	5
1554	7
17938	1
1555	3
1556	4
1557	6
1558	3
1559	3
1560	6
1561	10
1562	7
1563	4
1564	5
1565	2
1566	5
1568	8
1569	9
1570	6
1571	4
1572	7
1573	2
1574	4
1575	6
1576	8
17960	1
1577	3
1578	4
1579	10
1580	4
1581	2
1582	6
1583	8
1584	2
1585	7
17970	1
1586	5
1587	4
17972	2
1588	5
1589	3
1590	8
1592	4
1593	9
1594	10
1595	5
1596	7
1597	6
1598	3
17982	1
1599	5
1600	3
1601	3
1602	1
1603	6
1604	4
1605	10
1606	1
1607	5
1608	8
1609	3
1610	10
1611	7
1612	1
1613	3
1614	4
1615	3
18000	1
1616	4
1617	2
1618	5
18002	1
1620	2
1621	4
1622	4
1623	3
1624	5
1625	7
1626	6
18010	1
1627	10
1628	4
1629	8
1630	7
1631	5
1632	1
1633	5
1634	3
18018	1
1635	2
18019	1
1636	9
1637	3
1638	6
1639	3
1640	4
18024	1
1641	5
1642	1
1643	2
1644	5
1645	5
1646	5
1647	5
1648	3
1649	5
1650	6
1651	12
1652	3
1653	1
1654	8
1655	4
1656	5
1657	6
1658	6
1659	6
1660	2
1661	3
1662	9
1663	11
1664	4
1665	6
1666	7
1667	1
1668	8
1669	4
1670	11
1671	8
1672	3
1673	4
1674	3
1675	4
1676	8
1677	3
1678	6
1679	4
1680	7
1681	8
1682	5
1683	8
1684	4
1685	8
18069	1
1686	13
1687	3
1688	2
1689	7
1690	5
1691	2
1692	6
1693	8
1694	4
1695	8
1696	6
1697	6
1698	5
1699	7
18083	1
1700	5
1701	10
1702	10
1703	7
18087	1
1704	3
1705	3
1706	3
1707	6
1708	6
1709	7
1710	7
1711	8
1712	4
1713	2
1714	4
1715	11
1716	6
1717	4
1718	5
1719	2
1720	2
1721	4
1722	5
1723	7
1724	9
1725	3
1726	3
1727	4
1728	6
1729	4
1730	3
1731	3
1732	6
1733	4
1734	6
1735	6
1736	9
1737	3
1738	9
1739	2
18123	1
1740	6
18124	1
1741	4
1742	3
1743	3
1744	3
1745	7
1746	3
1747	5
1748	2
1749	6
1750	8
1751	5
1752	8
18136	1
1753	7
1754	4
1755	2
1756	7
1757	1
1758	1
1759	6
1760	4
1761	3
1762	5
1763	6
1764	6
1765	3
1766	3
1767	9
1768	5
1769	9
1770	5
1771	9
18155	1
1772	4
1773	1
1774	5
1775	3
1776	5
1777	5
1778	8
1779	6
1780	2
1781	7
1782	9
1783	9
1784	6
1785	7
1786	5
1787	8
1788	3
1789	3
18173	1
1790	5
1791	4
1792	6
1793	4
1794	6
1795	4
1796	3
1797	12
1798	4
1799	5
18183	1
1800	5
1801	12
1802	12
1803	4
1804	2
1805	3
1806	5
1807	4
1808	5
1809	8
18193	1
1810	9
18194	1
1811	5
1812	9
1813	1
1814	2
1815	5
1816	8
1817	6
1818	4
1820	6
1821	3
1822	3
1823	8
1824	5
1825	4
1826	2
18210	1
1827	3
1828	5
1829	5
1830	7
1831	6
1832	7
1833	3
1834	10
18218	1
1835	9
1836	2
1837	4
1838	4
18222	1
1839	6
1841	4
1842	5
1843	6
1844	5
1845	8
1846	4
1847	3
18231	1
1848	5
1849	8
18234	1
1850	6
1851	2
1852	8
1853	4
1854	3
1855	10
1856	7
18240	1
1857	6
1858	6
1859	3
1860	3
1861	4
1862	6
1863	8
1864	5
1865	3
18250	1
1866	5
1867	10
1868	3
18252	1
1869	9
1870	6
1871	2
1872	5
1873	6
1874	6
1875	3
18259	1
1876	5
1877	4
18261	1
1878	5
1879	7
1880	4
1881	5
1882	5
1883	6
18267	1
1884	5
1885	3
1886	4
1887	3
18271	1
1888	5
1889	7
1890	6
1891	2
1892	4
1893	4
1894	6
1895	4
1896	4
1897	4
1898	4
18282	1
1899	8
1900	4
18284	1
1901	6
1902	7
1903	5
1904	7
1905	3
1906	3
1907	1
1908	6
1909	5
1910	3
1911	7
1912	5
1913	10
1914	6
1915	3
1916	9
18300	1
1917	5
18301	1
1918	5
1919	4
1920	5
1921	7
18305	1
1922	4
1924	4
1925	2
1926	3
1927	3
1928	3
1929	6
1930	7
18314	1
1931	5
18315	1
1932	11
1933	7
1934	7
1935	7
18319	1
1936	3
1937	5
1938	5
1939	8
1940	5
1941	3
1942	4
1943	2
1944	3
1945	1
1946	7
1947	6
1948	8
1949	5
1950	5
1951	2
1952	5
1953	3
18337	1
1954	6
1955	6
1956	3
18340	1
1957	5
1958	2
1959	8
1960	7
1961	8
1962	7
1963	3
1964	5
1965	5
1966	4
1967	2
1968	6
1969	3
1970	6
1971	4
18355	1
1972	5
1973	5
1974	9
1975	5
1976	6
1977	7
1978	5
1979	4
1980	9
1981	6
1982	10
1983	5
1984	8
1985	8
1986	5
18370	1
1987	6
1988	5
1989	6
1990	6
1991	5
1992	3
1993	5
1994	6
1995	4
1996	6
1997	1
1998	5
1999	4
2000	5
2001	6
2002	2
2003	5
2004	5
2005	5
2006	11
18390	1
2007	8
2008	3
2009	4
2010	4
2011	2
2012	5
2013	11
2014	7
2015	3
2016	5
2017	7
2018	7
2019	6
2020	4
2021	5
2022	7
2023	4
18408	1
2024	3
2025	8
18409	1
2026	5
2027	4
2028	3
2029	3
2030	8
2031	6
2032	7
2033	6
2034	5
2035	3
2036	6
2037	2
18421	1
2038	8
2039	4
2040	7
2041	4
2042	8
2043	3
2044	4
2045	7
2046	6
2047	3
2048	5
2049	3
2050	8
18434	1
2051	6
2052	3
2053	6
2054	4
2055	4
2056	5
2057	6
2058	7
2059	2
2060	3
2061	5
2062	4
2063	6
2064	5
2065	5
2066	6
2067	5
2068	5
2069	1
2070	4
18454	1
2071	9
2072	2
18456	1
2073	2
18457	1
2074	5
18458	1
2075	7
2076	3
2077	7
18462	1
2078	5
2079	4
2080	5
2081	6
2082	6
18466	1
2083	3
2084	3
2085	10
2086	6
2087	7
2088	5
2089	7
2090	3
2091	5
2092	4
2093	3
2094	4
2095	5
2096	3
2097	7
2098	3
2099	4
2100	1
2101	4
2102	3
2103	5
2104	8
2105	5
18490	1
2106	3
2107	6
2108	5
2109	9
2110	5
2111	2
2112	5
2113	6
2114	5
2115	9
2116	5
18500	1
2117	5
2118	10
2119	7
18503	1
2120	7
2121	5
2122	4
2123	5
2124	3
2125	7
2126	5
2127	5
2128	5
2129	6
2130	3
2131	4
2132	5
2133	4
2134	3
2136	7
2137	1
2138	6
2139	9
2140	11
2141	4
2142	4
2143	7
2144	5
2145	4
2146	7
2147	3
2148	1
2149	6
2150	5
2151	7
2152	4
2153	10
2154	8
2155	5
2156	5
18540	1
2157	6
2158	7
2159	7
2160	4
2161	9
2162	4
2163	3
2164	4
2165	4
2166	3
2167	8
2168	4
2169	6
2170	3
2171	5
2172	9
2173	3
2174	3
2175	9
2176	4
2177	2
2178	10
2179	7
2180	4
2181	7
2182	6
2183	2
2184	5
2185	6
2186	8
2187	6
2188	5
2189	7
2190	3
18574	1
2191	5
2192	3
2193	3
2194	5
2195	9
2196	3
2197	3
2198	3
2199	3
2200	6
2201	4
2202	4
2203	8
2204	5
2205	8
2206	2
2207	4
2208	8
2209	5
2210	2
2211	12
2212	6
2213	4
2214	4
2215	4
2216	8
2217	6
2218	7
2219	6
2220	5
2221	3
2222	6
2223	4
2224	2
2225	5
2226	10
2227	5
2228	2
2229	6
2230	5
2231	3
2232	6
2233	1
2234	5
2235	3
2236	3
2237	5
2238	5
18623	1
2239	1
2240	1
2241	2
18625	1
2242	6
18626	1
2243	6
2244	4
2245	2
2246	3
2247	3
2248	7
2249	5
2250	5
2251	8
2252	8
2253	4
2254	1
2255	3
2256	5
2257	3
2258	3
2259	5
2260	10
2261	5
2262	9
2263	4
2264	4
2265	5
2266	2
2267	8
18651	1
2268	5
2269	10
2270	6
2271	7
2272	2
2273	4
2274	4
2275	5
2276	5
2277	5
2278	5
18662	1
2279	4
2280	5
2281	5
2282	6
18666	1
2283	2
2284	2
2285	6
2286	8
2287	1
2288	5
2289	5
2290	4
2291	7
2292	8
2293	7
2294	8
2295	10
2296	6
2297	3
2298	3
2299	4
2300	4
2301	7
2302	4
2303	4
2304	2
2305	10
2306	4
2307	2
2308	4
2309	5
2310	3
2311	5
2312	10
2313	7
2315	9
2316	5
2317	4
2318	5
2319	3
2320	6
2321	7
2322	3
2323	7
2324	4
2325	4
2326	8
2327	5
2328	8
2329	4
2330	2
2331	3
2332	1
2333	6
2334	6
2335	1
2336	6
2337	3
2338	4
2339	5
2340	9
2341	8
2342	6
2343	4
2344	2
2345	4
2346	4
2348	5
2349	13
2350	6
2351	11
2352	9
2353	6
2354	9
2355	7
2356	3
2357	2
2358	7
2359	3
2360	4
2361	3
2362	5
2363	3
2364	4
2365	7
2366	7
2367	2
2368	3
2369	4
2370	7
2371	7
18756	1
2372	6
2373	6
2374	3
2375	2
2376	7
2377	7
2378	4
2379	6
2380	1
2381	6
2382	1
2383	7
2384	2
2385	6
2386	7
18770	1
2387	7
2388	2
2389	4
2390	1
2391	4
2392	3
2393	2
2394	3
18779	1
2395	6
2396	5
2397	1
2398	5
18782	1
2399	7
2400	4
2401	3
2402	2
2403	2
2404	4
2405	8
2406	3
2407	6
2408	4
2409	9
2410	6
2411	4
2412	2
2413	2
2414	8
2415	4
2416	2
2417	6
2418	9
2419	7
2420	5
2421	6
2422	2
2423	3
2424	9
2425	4
2426	2
2427	5
2428	8
2429	5
2430	4
2431	4
2432	4
2433	5
2434	5
2435	4
2436	4
2437	9
2438	2
2439	5
2440	4
2441	2
2442	3
2443	9
2444	4
2445	4
2446	7
2447	2
2448	8
2449	4
2450	5
2451	9
2452	5
2453	1
2454	4
18838	1
2455	6
2456	3
2457	4
18841	1
2458	2
18842	1
2459	4
2460	6
2461	5
2462	6
2463	4
2464	4
2465	2
2466	9
2467	7
2468	5
2469	9
2470	5
2471	11
2472	3
2473	1
2474	8
2475	8
2476	4
2477	2
2478	6
2479	5
2480	4
2482	6
2483	3
2484	4
2485	4
2486	5
2487	7
18871	1
2488	3
2489	5
2490	4
2491	3
2492	4
2493	5
2494	9
2495	4
18879	1
2496	2
2497	9
2498	4
2499	7
2501	1
2502	5
2503	5
2504	5
2505	4
2506	2
2507	3
2508	6
2509	7
2510	4
2511	3
2512	3
2513	6
2514	1
2515	7
2516	4
2517	4
18901	1
2518	4
2519	4
2520	6
2521	3
2522	6
2523	5
2524	5
2525	8
2526	4
2527	4
2528	7
2529	5
2530	6
2531	7
2532	1
2533	5
2534	6
2535	4
2536	6
2538	4
2539	5
2540	5
2541	4
2542	7
2543	7
2544	5
2545	4
2546	2
2547	2
2548	3
2549	4
2550	3
2551	3
2552	4
2553	1
2554	4
2555	2
2556	6
2557	4
2558	5
2559	1
2560	3
2561	6
2562	3
2563	7
2564	7
2565	8
18949	1
2566	7
2567	4
2568	5
2569	1
2570	10
2571	5
2572	3
2573	4
2574	6
18958	2
2575	5
2576	6
2577	6
2578	3
2579	5
2580	6
2581	2
2582	2
2583	3
2584	3
2585	5
2586	5
2587	6
2588	3
2589	2
2590	8
2591	5
2592	10
2593	5
2594	6
2595	5
2596	6
18980	1
2597	4
2598	9
2599	6
2600	6
2601	5
2602	3
2603	3
2604	4
2605	5
2606	4
2607	2
18991	1
2608	4
2609	7
2610	4
2611	2
18995	1
2612	5
2613	7
2614	9
2615	2
2616	2
2617	5
2618	5
2619	5
2620	2
2621	8
2622	6
2623	4
19007	1
2624	3
2625	5
2626	3
2627	2
2628	5
2629	7
2630	5
2631	7
2632	3
2633	7
2634	4
2635	3
2636	4
2637	2
2638	3
2639	6
2640	6
2641	4
2642	3
2643	3
2644	8
2645	2
2646	6
2647	4
2648	3
2650	4
2651	7
2652	6
2653	2
2654	2
2655	5
2657	8
2658	4
19042	1
2659	4
2660	4
2661	4
2662	3
2663	8
2664	8
2665	6
2666	6
2667	4
2668	2
2669	5
2670	4
2671	6
2672	3
2673	7
2674	2
2675	1
2676	5
2677	4
2678	3
2679	5
2680	6
2681	7
2682	5
2683	3
2684	3
2685	3
2686	7
2688	8
2689	4
2690	5
2691	6
19075	1
2692	3
2693	3
2694	6
2695	4
2696	6
2697	5
2698	10
2699	3
2700	2
2701	6
2702	4
2703	3
2704	3
2705	5
2706	8
2707	8
2708	3
2709	3
2710	6
2711	6
2712	5
2713	6
2714	9
2715	2
2716	3
2717	2
2718	7
2719	6
2720	4
19105	1
2722	10
2723	3
19107	1
2724	2
2725	7
19109	1
2726	1
2727	2
2728	7
2729	6
2730	6
2731	3
2732	4
2733	1
2734	2
2735	5
2736	7
2737	3
2738	4
19122	1
2739	10
2740	3
2741	4
2742	3
19126	1
2743	4
2744	11
2745	4
2746	4
2747	2
2748	4
2749	3
2750	2
2751	6
2752	4
19136	1
2753	5
2754	3
2755	6
2756	3
2757	4
2758	11
2759	3
2760	5
2761	5
2762	4
2763	7
2764	10
2765	3
2766	2
2767	3
2768	3
2769	2
2770	3
2771	4
2772	6
2773	5
2774	5
2775	9
2776	2
2777	8
2778	4
2779	4
2780	5
2781	6
2782	3
2783	3
2784	5
2785	3
2786	10
2787	5
2788	3
2789	2
2790	6
2791	4
2792	4
2793	3
2794	5
2795	6
2796	4
2797	3
2798	4
2799	3
2800	1
19184	1
2801	7
2802	2
19187	1
2803	6
2804	1
2805	3
2806	3
2807	6
2808	3
2809	4
2810	4
2811	5
2812	8
2813	4
2814	5
2815	6
2816	4
2817	3
2818	7
2819	7
2820	8
2821	6
2822	5
2823	5
2824	8
2825	3
19209	1
2826	3
2827	4
2828	2
2829	6
2830	4
2832	4
2833	3
2834	4
2835	4
2836	4
2837	4
2838	5
2839	4
2840	5
2841	4
2842	8
2843	3
2844	7
2845	3
2846	3
2847	5
19231	1
2848	3
2849	3
2850	3
2851	6
2852	8
2853	6
2854	4
2856	3
2857	2
2858	2
19242	1
2859	6
2860	3
2861	2
2862	9
19246	1
2863	3
2864	6
2865	5
19249	1
2866	3
2867	2
2868	2
2869	7
2870	2
2871	2
2872	10
2873	6
2874	3
2875	6
2876	10
2877	5
2878	9
2879	3
2880	3
2881	4
2882	3
2883	1
2884	4
2885	3
2886	3
2887	6
2888	2
2889	7
2890	5
2891	4
2892	1
2893	2
2894	6
2895	5
2896	6
2897	6
2898	2
2899	2
2900	3
2901	5
2902	1
2903	5
2904	7
2905	4
2906	6
2907	5
2908	2
2909	2
2910	6
2911	6
2912	2
2913	5
2915	2
2916	4
2917	2
2918	4
2919	3
2920	5
2921	3
2922	6
2923	9
2924	4
2925	2
2926	4
2927	7
2928	4
2929	4
19314	1
2930	3
2931	4
2932	2
2933	5
2934	6
2935	6
2936	4
2937	3
2938	5
2939	5
2940	4
2941	4
2942	2
2943	5
2944	3
2945	6
2946	5
2947	4
2948	3
2949	4
2950	3
2951	3
2952	1
2953	4
2955	11
2956	3
2957	3
2958	2
2959	4
2960	5
2961	4
2962	5
2963	5
2964	1
2965	2
2966	8
2967	4
2968	9
2969	7
2970	6
2971	4
2972	4
2973	5
2974	6
2975	3
2976	2
2977	8
2978	4
2979	4
2980	4
2981	3
2982	2
2983	2
2984	8
2985	2
2986	6
2987	5
2988	1
19373	1
2990	5
2991	3
2992	6
2993	3
2994	5
2995	5
2996	4
2997	4
2998	2
2999	2
3000	4
3001	6
3002	8
3003	3
3004	5
3005	3
3006	3
3007	4
3008	3
3009	4
3010	4
3011	4
3012	3
3013	1
3014	2
3015	4
3016	5
3017	8
3018	3
3019	5
3020	6
3021	5
3022	6
3023	4
3024	7
3025	4
3026	3
3027	3
3028	6
3029	2
3030	7
3031	6
3032	4
3033	4
3034	5
3035	5
3036	5
3037	8
3038	7
3039	2
3040	7
3041	3
3042	2
3043	4
3044	4
3045	2
3046	8
3047	4
3048	5
3049	7
3050	3
3051	3
3052	4
3053	5
3054	4
3055	7
3056	3
3057	6
3058	3
3059	7
3060	8
3061	4
3062	2
3063	3
3064	4
3065	4
3066	5
3067	8
3068	6
3069	1
3070	2
3071	4
3072	2
3073	1
3074	5
3075	2
3076	5
3077	6
3078	3
3079	3
3080	5
3081	4
3082	3
3083	6
3084	6
3085	6
3086	3
3087	5
3088	3
3089	4
3090	6
3091	7
3092	5
3093	5
3094	2
3095	5
3096	4
3097	3
3098	6
3099	8
3100	3
3101	5
3102	5
3103	5
3104	3
3105	5
3106	6
3107	6
3108	9
3109	4
19493	1
3110	5
3111	3
3112	3
3113	5
3114	6
3115	3
3116	4
3117	9
3118	5
3119	3
3120	7
3121	5
3122	3
3123	4
3124	8
3125	2
3126	3
3127	3
3128	3
3129	5
3130	2
3131	1
3132	3
3133	6
3134	2
3135	5
3136	4
3137	5
3138	3
3139	4
3140	8
3141	5
3143	5
3144	4
3145	5
3146	3
3147	4
3148	4
3149	1
3150	8
3151	2
3152	3
3153	2
3154	4
3155	2
3156	4
3157	4
3158	8
3159	3
3160	7
3161	4
3162	4
3163	5
3164	1
3165	2
3166	5
3167	6
3168	4
3169	4
3170	4
3171	2
3172	4
3173	1
3174	2
3175	6
3176	4
3178	1
3179	3
3180	4
3181	5
3182	3
3183	3
3184	5
3185	3
3186	6
3187	2
3188	1
3189	3
3190	3
3191	3
3192	6
3193	7
3194	7
3195	1
3196	3
3197	5
3198	3
3199	2
3200	5
3201	7
3202	6
3203	2
3204	4
3205	1
3206	4
3207	7
3208	3
3209	2
3210	1
3211	1
3212	3
3213	1
3214	3
3215	4
3216	8
3217	6
3218	4
3219	1
3220	1
3221	1
3222	5
3223	4
3224	7
3225	7
3226	4
3227	6
3228	6
3229	6
3230	3
3231	3
3232	4
3233	3
3234	6
3235	7
3236	4
3238	2
3239	5
3240	6
19624	1
3241	5
3242	1
3243	2
3244	7
3245	4
3246	5
3247	4
3248	2
3249	3
3250	4
3251	2
3252	3
3253	3
3254	5
3255	3
3256	2
3257	3
3258	1
3259	5
3260	5
3261	3
3263	3
3264	3
3265	5
3266	6
3267	2
3268	5
3269	3
3270	7
3271	7
3272	3
3273	4
3274	3
3275	5
3276	4
3277	2
3278	1
3279	8
3280	5
3281	5
3282	6
3283	9
3284	2
3285	2
3286	4
3287	4
3288	2
3289	2
3290	4
3292	2
3293	3
3294	4
3295	4
3296	6
3297	3
3298	1
3299	3
3300	5
3301	5
3302	6
3303	1
3304	2
3305	5
3306	1
3307	4
3308	2
3309	2
3310	4
3311	8
3312	1
3313	3
3314	5
3315	4
3316	3
3317	5
3318	3
3319	4
3320	3
3321	2
3322	4
3323	5
3324	5
3325	1
3326	1
3327	2
19711	1
3328	3
3329	1
3330	7
3331	3
3332	4
3333	1
3334	6
3335	2
3336	2
3337	1
3338	2
3339	5
3340	4
3341	4
3342	5
3343	3
3344	3
3345	7
3346	8
3347	4
3348	4
3349	8
3350	5
3351	2
3352	2
3353	6
3354	3
3355	6
3356	5
3357	5
3358	3
3359	4
3360	5
3361	3
3362	2
3363	4
3364	2
3365	3
3366	9
3367	3
3368	1
3369	6
3370	3
3371	2
3372	3
3373	1
3374	2
3375	4
3376	3
3377	2
3378	4
3379	5
3380	4
3381	2
3382	2
3383	6
3384	7
3385	5
3386	2
3388	2
3389	3
3390	1
3391	2
3392	4
3393	5
3394	4
3395	5
3396	2
3397	6
3398	4
3399	4
3401	1
3402	4
3403	5
3404	3
3405	7
3406	3
3407	5
3408	2
3409	3
3410	1
3411	2
3412	4
3413	2
3414	7
3415	3
3416	1
3417	4
3418	2
3419	2
3420	5
3421	4
3422	3
3423	4
3424	3
3425	4
3426	3
3427	5
3428	2
3429	7
3430	2
3431	2
3432	5
3433	1
3434	2
3435	4
3436	1
3437	3
3438	3
3439	3
3440	4
3441	1
3442	4
3443	2
3444	1
3445	3
3446	1
3447	6
3448	4
3449	2
3450	4
3451	6
3452	4
3453	6
3454	3
3455	4
3456	4
3457	2
19841	1
3458	2
3459	6
3460	1
3461	3
3462	1
3463	2
3464	6
3465	1
19849	1
3466	2
3467	5
3468	2
3469	5
3470	2
3471	5
3472	2
3473	3
3474	2
3475	4
3476	3
3477	2
3478	5
3479	3
3481	2
3482	2
3483	5
3484	6
3485	3
3486	2
3487	4
3488	6
3489	4
3490	3
3491	4
3492	2
3493	7
3494	3
3495	4
3496	5
3497	5
3498	2
3499	4
3500	1
3501	1
3502	2
3503	5
3504	5
3505	2
3506	5
3507	1
19892	1
3508	3
3509	6
3510	3
3511	5
3512	4
3513	6
19897	1
3514	5
3515	2
3516	2
3518	2
3519	4
3520	3
3521	4
3522	3
3523	3
3524	4
3525	5
3526	5
3527	3
3528	3
3529	2
3530	2
3531	5
3532	3
3533	3
3534	2
3535	2
3536	3
3537	6
3538	4
3539	4
3540	5
3541	6
3542	2
3543	2
3544	3
3545	1
3546	6
3547	5
3548	6
3550	4
3551	1
3552	3
3553	4
3554	4
3555	3
3556	3
3557	4
3558	5
3559	2
3560	3
3561	3
3562	5
3563	1
3564	1
3565	3
3566	6
3567	5
3568	1
3569	4
3570	3
3571	1
3572	2
3573	3
3574	1
3575	5
3576	2
3577	6
3578	6
3579	3
3580	6
3581	3
3582	3
3583	4
3584	7
3585	4
3586	3
3587	1
19971	1
3588	3
3589	4
3590	1
3593	3
3594	6
3595	4
3596	5
3597	3
3598	2
3599	2
3600	5
3601	5
3602	1
3603	8
3604	6
3605	3
3606	3
3607	3
3608	1
3609	2
3610	4
3611	3
3612	6
3613	6
3614	3
19998	1
3615	3
3616	2
3617	4
3618	5
3619	3
3620	4
3621	1
3622	4
3623	1
3624	3
3625	3
3626	5
3627	7
3628	4
3629	2
3630	4
3632	5
3633	2
3634	1
20019	1
3635	2
3636	1
3637	2
3638	6
3639	2
3640	4
3641	2
3642	3
3643	3
3644	4
3645	2
3646	3
3647	1
3648	1
3649	3
3650	3
3651	4
3652	3
3653	6
3655	4
3656	2
3657	2
3658	1
3659	3
3660	4
3661	4
3662	1
3663	2
3664	6
3665	2
3666	2
3668	3
3669	3
3670	6
3672	3
3673	2
3674	5
3675	3
3676	2
3677	3
3678	5
3679	3
3680	2
3681	2
3682	3
3683	4
3684	1
3685	1
3686	2
3687	2
3688	2
3689	5
3690	6
3691	2
3692	2
3693	1
3695	4
3696	4
3697	1
3698	2
3699	5
3700	4
3701	5
3702	2
3703	4
3704	5
3705	2
3706	2
3708	5
3709	1
3710	3
3711	5
3712	4
3713	3
3714	3
3715	5
3716	4
3717	2
3719	3
3720	1
3721	3
3722	4
3723	5
3724	3
3725	3
3726	3
3728	2
3730	2
3731	5
3733	2
3734	6
3735	2
3736	4
3737	6
3738	4
3739	1
3740	2
3741	1
3742	5
3743	3
3744	2
3745	2
3746	2
3747	4
3749	3
3750	2
3751	2
3752	2
3753	2
3754	2
3755	2
3756	1
3757	5
3758	4
3759	1
3760	2
3761	4
3762	4
3764	3
3765	6
3766	5
3767	6
3768	2
3769	4
3770	2
3771	4
3772	4
3773	2
3774	4
3775	2
3776	6
3777	5
3778	1
3779	4
3780	2
3781	4
3782	2
3783	3
3784	2
3785	3
3786	4
3787	4
3788	1
3789	4
3790	4
3791	2
3792	1
3793	1
20177	1
3794	2
3795	4
3796	1
3798	3
3799	2
3800	5
3801	3
3802	5
3803	1
3805	4
3806	2
3807	3
3809	3
3810	2
3811	5
3812	3
3813	3
3814	1
3815	2
3816	5
3817	5
3818	3
3819	1
3820	2
3821	3
3822	2
3823	3
3824	4
3825	4
3826	4
3827	1
3828	3
3829	6
3830	3
3831	3
3832	2
3833	2
3834	3
3835	3
3836	2
3837	6
3838	4
3839	3
3840	2
3841	2
3842	4
3843	6
3844	3
3845	3
3846	1
3847	5
3848	4
3849	2
3850	4
3851	3
3852	3
3853	4
3854	5
3855	3
3857	1
3858	5
3859	2
3860	3
3861	5
3862	3
3863	1
3864	4
3865	2
3866	2
3867	5
3868	2
3869	1
3870	2
3871	3
3872	1
3873	5
3874	2
3875	3
3876	4
3877	7
3878	3
3879	3
20263	1
3881	1
3882	7
3883	1
3884	6
3885	5
3886	3
3887	1
3888	1
3889	2
3890	4
3891	2
3892	3
3893	1
3894	1
20279	1
3895	2
3896	2
3897	2
3898	5
3899	2
3900	4
3901	2
3902	2
3903	2
3904	3
3905	3
3906	3
3907	3
3908	6
3909	2
3911	2
3912	2
3913	5
3914	3
20298	1
3915	4
3916	1
3917	2
3918	3
3919	4
3920	6
3921	1
3922	7
3923	2
3924	4
3925	4
3926	3
3927	3
3928	4
3929	2
3930	2
3931	5
20316	1
3932	4
3933	1
3934	2
3936	5
3937	3
3938	1
3939	3
3940	4
3941	2
3942	1
3943	4
3944	2
3945	3
3946	3
3947	2
3948	5
20332	1
3949	5
3950	1
3951	3
3952	3
3953	1
3954	3
3955	3
3956	3
3957	3
3958	2
3959	2
3960	1
3961	5
3962	1
3963	7
3964	3
3965	2
3966	3
3967	5
3968	3
3969	3
3970	1
3971	2
3972	5
3973	3
3974	5
3975	2
3976	2
3977	2
3978	5
3979	6
3980	3
3981	1
3982	6
3983	1
20368	1
3984	3
3985	4
3986	3
3987	8
3988	5
3989	6
3990	2
3992	1
3993	3
3994	4
3995	2
3996	4
20381	1
3997	2
3999	3
4000	5
4001	3
4002	5
4003	3
4004	2
4005	5
4006	4
4007	3
4008	2
4009	4
4010	2
4011	1
4012	2
4014	1
4015	2
4016	2
4017	5
4018	5
4019	2
4020	3
4021	2
4022	3
4023	1
4024	5
4025	2
4026	3
4027	3
4028	2
4029	5
4030	1
4031	3
4032	5
4033	4
4034	5
4036	3
4037	2
4038	3
4039	1
4041	2
4042	1
4043	1
4044	2
4045	2
20431	1
4047	1
4048	4
4049	2
4050	3
4051	3
4052	2
4053	5
4054	2
4055	2
4056	2
20440	1
4057	5
4058	4
4059	6
4060	1
4061	5
4062	6
4063	6
4064	3
20449	1
4065	3
4066	3
4067	1
4068	3
4069	5
4070	5
4072	5
4073	3
4074	1
4075	3
4076	1
4077	4
4078	1
4079	2
4080	2
4081	2
4082	4
4083	3
4084	3
4085	3
4086	2
4087	5
4088	5
4089	1
4090	2
4091	2
4092	3
4093	4
4094	2
4095	5
4096	5
4097	6
4098	4
4099	6
4100	2
4101	4
4102	3
4103	3
4104	3
4105	3
4106	2
4107	3
4108	6
4109	2
4110	1
4111	2
4112	3
4113	3
20497	1
4114	3
4115	4
4116	3
4117	2
4118	3
4119	3
4120	6
4121	2
4122	1
4123	5
4124	3
4125	2
4126	4
4127	4
4128	2
4129	4
4130	1
4131	5
4132	2
4133	2
4134	4
4135	2
4136	6
4137	4
4138	3
4139	3
4140	6
4141	3
4143	3
4144	1
4145	2
4146	1
4147	5
4148	3
4149	1
4150	2
4151	5
4152	2
4153	3
4154	1
4155	3
4156	2
4157	1
4158	2
4159	7
4160	3
4161	2
4162	4
4163	3
4164	3
4165	4
4166	1
4167	5
4168	1
4169	4
4170	1
4171	5
4172	3
4173	2
4174	3
4175	3
4176	3
4177	4
4178	5
4179	1
4180	4
4181	3
4182	2
4183	3
4184	3
4185	2
4186	5
4187	6
4188	2
4189	2
4191	2
4192	2
4193	3
4194	2
4195	3
4196	2
4197	1
4198	3
4200	5
4201	3
4202	2
4204	5
4205	1
4206	5
4207	3
4208	2
4210	3
4211	2
4213	3
4214	1
4215	4
4216	1
4218	3
4219	1
4220	6
4221	4
4222	1
4223	2
4224	4
4225	3
4226	3
4227	3
4228	4
4229	1
4230	2
4231	3
4232	3
4233	1
4234	1
4235	2
4236	2
4237	4
4238	1
4239	2
4241	2
4242	1
4243	4
4244	1
4245	2
4246	2
4247	2
4248	4
4249	3
4250	3
4252	2
4254	3
4255	2
4256	2
4257	1
4258	1
4259	1
4260	2
4261	3
4262	4
4263	3
4264	2
4265	3
4266	1
4267	1
4268	4
4269	2
4270	5
4271	4
4272	2
4273	5
4274	2
4275	3
4276	1
4277	2
4278	3
4279	2
4280	3
4281	1
4282	2
4283	2
4284	1
4285	3
4287	1
4288	1
4289	3
4290	2
4291	3
4292	2
4293	1
4294	3
4295	3
20680	1
4296	4
4297	5
4298	1
4299	1
4300	6
4301	3
4302	3
4303	2
4305	4
4306	4
4307	1
4308	2
4309	3
4310	4
4313	1
4314	3
4315	3
4317	2
4318	2
4319	3
4320	2
4321	4
4322	3
4323	6
4324	1
4325	2
4326	4
4327	1
4329	3
4330	4
4331	2
4332	4
4333	1
4334	3
4335	1
4337	2
4338	2
4339	2
4340	2
4342	3
4343	4
4344	6
4345	3
4346	1
4347	1
4349	5
4350	2
4352	4
4353	2
4354	2
4355	2
4356	3
4357	5
4358	3
4359	1
4360	4
4361	5
4362	1
4363	3
4365	3
4366	4
4367	3
4368	6
4369	4
4370	2
4371	7
4372	2
4373	4
4374	1
4375	2
4376	2
4377	1
4378	1
4379	3
20764	1
4380	1
4381	3
4382	1
4384	3
4385	2
4386	1
4387	2
4388	2
4389	1
4390	2
4391	3
4392	3
4394	1
4395	1
4396	4
4398	2
4399	4
4400	2
20784	1
4401	1
4403	2
4404	3
4405	3
4406	2
4408	2
4409	1
4410	2
4411	3
4413	2
4414	2
4415	4
4416	5
4417	1
4418	3
4419	2
4420	5
4421	2
4422	6
4423	2
4424	2
4425	2
4426	2
4428	4
4429	2
4430	3
4431	2
4432	5
4434	3
4435	3
4436	3
4437	1
4438	1
4439	3
20824	1
4441	2
4442	2
4443	2
4444	4
4445	2
4446	3
4447	4
4448	4
4450	4
4451	1
4452	3
4453	3
4454	2
4455	1
4456	1
4457	1
4458	1
4459	1
4460	2
4461	3
4462	2
4463	3
4464	5
4465	1
4466	4
4467	4
4468	3
4469	2
4471	4
4472	4
4473	4
4474	4
4475	5
4476	1
4477	4
4478	4
4479	2
4480	3
4481	2
4482	4
4483	2
4484	2
4485	5
4486	2
4488	2
4489	1
4490	4
4491	2
4492	2
4493	3
4494	2
4495	2
4496	4
4497	6
4498	4
4499	5
4500	4
4501	1
4502	4
4503	4
4504	1
4505	2
4506	4
4507	1
4509	3
4510	2
20895	1
4513	3
4514	4
4515	2
4516	2
4517	7
4518	1
4519	2
4520	1
4522	5
4523	2
4524	2
4525	1
4526	1
20911	1
4528	2
4530	1
4531	1
4532	2
4533	2
4534	1
4536	4
4537	2
4538	3
4539	2
4540	2
4541	3
4542	1
4543	3
4544	2
4545	4
4546	1
4547	2
4548	3
4549	2
4550	2
4551	2
4552	3
4553	3
4554	1
4555	3
4556	1
4557	1
4558	3
4559	2
4561	1
4562	1
4563	4
4564	1
4565	2
4566	2
4567	1
4568	2
4569	1
4570	1
4571	3
4572	6
4573	2
4574	3
4576	2
4577	4
4578	1
4579	1
4580	1
4581	4
4583	1
4584	2
4585	1
4586	3
4587	1
4588	3
4589	2
4590	2
4591	1
4592	4
4593	2
4594	3
4595	2
4596	2
4597	1
4598	1
4599	3
4600	3
4601	2
4602	1
4603	2
4604	1
4605	2
4606	3
4607	4
4608	1
4609	2
4610	3
4611	4
4612	1
4613	4
4614	4
4615	2
4616	2
4617	3
4618	3
4619	2
4620	4
4621	2
4622	5
4623	2
4624	3
4625	3
4626	5
4627	6
4628	7
4629	8
4630	4
4631	6
4632	8
4633	8
4634	3
4635	2
4636	4
4637	3
4638	2
4639	4
4640	2
4641	1
4642	3
4643	2
4644	2
4645	5
4646	4
4647	4
4648	5
4649	2
4650	2
4651	1
4652	1
4653	3
4654	2
4655	2
4656	1
4657	1
4658	1
4661	2
4663	3
4664	1
4665	3
4666	1
4667	3
4668	1
4669	1
21054	1
4671	4
4672	3
4673	4
4674	4
4675	3
4678	4
4679	4
4680	2
4681	1
4682	3
4683	5
4684	2
4685	4
4686	3
4687	1
4688	6
4689	1
4690	1
21075	1
4691	1
4693	2
4694	1
4695	1
4696	1
4697	2
4698	1
4699	4
4700	1
4701	3
4702	1
4703	4
4704	4
4705	1
4706	1
4707	3
4708	3
4709	3
4710	1
4711	1
4712	5
4713	3
4715	4
4716	1
4717	2
4719	2
4721	3
4722	6
4723	2
4724	2
4726	2
4727	3
4728	2
4729	2
4730	2
4733	1
4734	3
4735	4
4736	3
4738	2
4739	3
4740	3
4741	2
4742	2
4743	6
4744	1
4745	4
4746	3
4747	1
4749	4
4750	1
4751	2
4752	3
4754	2
4755	2
4756	2
4757	1
4758	3
4759	3
4761	2
4762	4
4763	2
4764	3
4765	3
4766	1
4767	3
4768	10
4769	1
4770	2
4771	1
4773	1
4775	4
4777	2
4779	1
4780	2
4781	2
4782	1
4783	1
4784	2
4785	2
4786	2
4788	2
4789	2
4790	3
4791	1
4792	3
21176	1
4793	2
4794	3
4795	2
4796	4
4797	3
4798	3
4799	5
4800	1
4802	4
4803	1
4804	4
4805	1
4806	4
4807	1
4808	1
4809	1
4810	3
4811	2
4813	2
4814	5
4815	1
4816	2
4818	2
4820	1
4821	1
4822	1
4823	2
4824	3
4825	3
4828	3
4829	2
4830	3
4831	2
4832	3
4833	3
4834	5
4835	1
4836	2
4837	3
4838	2
4839	4
4840	4
4842	3
4843	3
4844	1
4845	2
4846	2
4848	1
4849	2
4850	2
4851	1
4852	2
4853	1
4854	1
4856	3
4857	2
4858	4
4859	2
4860	3
21244	1
4861	2
4862	1
4863	1
4864	4
4865	5
4866	1
4867	3
4868	1
4869	5
4870	1
4871	3
4872	1
4873	4
4874	2
4875	4
4876	1
4877	2
21263	1
21264	1
4881	5
4882	1
4883	1
4884	1
4885	4
4886	1
4887	1
4888	1
4889	2
4890	3
4891	2
4892	1
4894	1
4895	5
4897	4
4898	1
4899	1
4900	2
4901	1
4903	2
4904	3
4906	1
4907	3
4908	2
4909	3
4910	2
4911	3
4912	2
4914	2
4915	2
4916	3
4917	3
4919	1
4920	2
4921	1
4922	1
4923	4
4924	2
4926	3
4927	2
4928	2
4929	3
4930	2
4932	1
4933	1
4934	4
4935	1
4936	1
4937	1
4939	1
4940	3
4941	2
4942	4
4943	2
4944	1
4945	3
4946	2
4948	1
4949	1
4951	4
21335	1
4952	1
4953	2
4954	3
4955	3
4956	3
4957	2
4958	2
4959	2
4961	3
4962	3
21347	1
4963	2
4964	3
4965	3
4966	1
4967	2
4968	2
21353	1
4969	2
4970	1
4971	2
4972	3
4973	1
4974	2
4975	1
4976	2
4977	1
4978	2
4979	1
4980	2
4981	2
4982	2
4983	2
4984	1
4986	1
4987	4
4988	1
4989	2
4990	1
4991	1
4992	2
4994	4
4995	3
4996	1
4997	1
4998	1
4999	2
5000	2
5001	1
5002	2
5003	2
5004	2
5006	2
5007	1
5008	2
5009	2
5010	4
5011	2
5012	3
5013	5
5014	2
5015	1
5016	3
5017	2
5018	2
5019	1
5020	1
5021	2
5023	2
5024	2
5025	2
5026	2
5028	1
5029	2
5030	2
5031	2
5032	2
5033	4
5034	2
5036	4
5037	1
5039	3
5040	2
5041	1
5042	3
5043	2
5045	3
5046	1
5049	3
5050	1
5051	1
5052	1
5053	1
5054	3
5055	2
5057	1
5058	2
5059	2
5061	3
5063	2
5064	5
5065	3
5066	1
5067	1
5068	1
5069	1
5070	2
5071	1
5072	3
5073	2
5074	1
5075	1
5076	1
5078	5
5079	5
5080	2
5081	1
5082	1
5083	2
5084	3
5085	3
5086	2
5087	1
5088	1
5090	2
5091	1
5092	2
5093	1
5095	2
5096	1
5097	1
5099	1
5100	1
5101	3
5102	3
5103	3
5104	2
5105	1
5106	2
5107	3
5108	1
5109	2
5110	1
5111	1
5112	1
5113	1
5114	1
5115	2
5117	2
5120	1
5121	4
5122	1
5124	4
5126	2
5127	4
5128	3
5129	1
5130	2
5131	3
5133	5
5135	1
5136	1
5137	1
5138	2
5139	2
5140	1
5142	1
5143	2
5144	1
5146	3
5147	5
5148	3
5149	1
5150	4
5151	2
5152	1
5153	1
5154	1
5155	4
5157	2
5158	1
5159	1
5161	4
5162	1
5165	1
5166	3
5170	1
5171	4
5172	3
5173	3
5174	3
5177	2
5178	3
5179	1
5180	1
5181	2
5182	2
5183	2
5185	1
5186	2
5187	2
5188	1
5190	2
5192	1
5193	1
5194	1
5195	3
5196	1
5198	2
5199	1
5201	1
5202	2
5203	2
5204	1
5205	1
5206	3
5207	1
5208	3
5209	4
5210	1
5211	1
5212	4
5213	1
5214	2
5215	2
5216	2
5217	4
21601	1
5218	1
5219	2
5221	4
5222	5
5224	2
5225	1
5226	2
5227	1
5228	4
5229	1
5231	2
5232	1
5235	3
5236	1
5237	1
5238	1
5239	2
5241	2
5242	1
5243	1
5244	1
5245	4
5246	2
5249	1
5250	3
5252	3
5253	1
5254	2
5255	3
5256	2
5258	3
5259	3
5260	1
5261	2
5265	2
5267	2
5268	3
5269	1
5270	1
5271	1
5272	2
5273	1
5274	1
5275	2
5276	2
5277	4
5278	2
5279	3
5280	1
5281	1
5282	2
5283	1
5284	4
5285	1
5287	3
5288	2
5289	2
5291	1
5292	1
5293	2
5294	1
5295	1
5298	1
5301	1
5302	1
5303	1
5304	3
5305	1
5307	2
5310	2
5312	3
5314	1
5315	2
5319	1
5320	1
5321	1
5322	1
5323	3
5324	2
5325	1
5327	1
5328	1
5330	3
21715	1
5331	2
5332	2
5333	1
5334	1
5335	3
5336	2
5337	4
5339	1
5340	1
5341	2
5342	1
5344	2
5346	2
5347	1
5349	1
5350	1
5352	2
5353	1
5355	1
5356	1
5357	1
5358	1
5361	1
5364	2
5365	2
5366	1
5367	3
5369	2
5370	1
5371	1
5372	2
5373	2
5375	1
5376	2
5377	1
5379	1
5380	2
5381	1
5384	4
5385	3
5386	3
5387	1
5388	2
5389	4
5390	1
5392	2
5394	2
5397	1
5398	1
5399	2
5400	1
5401	2
5403	1
5404	2
5405	1
5407	3
5408	1
5409	1
5410	1
5411	1
5412	2
5414	3
5416	1
5417	4
5418	1
5419	1
5420	4
5421	1
5422	1
5424	2
5425	2
5426	1
5428	2
5430	3
5432	5
5433	2
5434	1
5435	4
5436	1
5437	1
5438	2
5439	3
5440	2
5441	2
5442	1
5443	1
5445	4
5446	2
5447	2
5449	2
5450	2
5452	2
5453	2
5454	2
5455	1
5456	2
5457	2
5458	2
5460	3
5461	4
5463	1
5466	1
5467	1
5468	2
5470	1
5471	2
5472	1
5473	1
5474	1
5475	1
5476	1
5479	1
5480	1
5482	1
5484	6
5485	1
5487	1
5488	1
5490	1
5492	2
5495	1
5497	2
5499	1
5500	5
5501	1
5502	4
5503	1
5504	2
5505	1
5506	3
5507	1
5508	4
5509	2
5510	1
5512	3
5513	1
5514	3
5515	3
5516	3
5517	1
5518	1
5520	2
5521	2
5522	3
5524	1
5525	2
5526	1
5527	1
5528	1
5529	5
5530	1
5531	2
5532	1
5533	3
5534	1
5535	1
5536	1
5537	1
5538	1
5540	1
5541	2
5542	2
5543	2
5544	6
5546	1
5551	1
5552	3
5553	1
5554	2
5555	1
5556	5
5557	1
5558	1
5559	4
5562	1
5563	1
5564	2
5566	3
5567	3
5568	1
5570	1
5571	2
5572	2
5574	5
5575	1
5576	1
5577	1
5578	1
5579	2
5580	2
5581	1
5583	1
5584	2
5586	2
5589	2
5590	3
5592	6
5593	1
5594	1
5595	1
5598	2
5599	1
5600	1
5601	2
5602	1
21987	1
5603	1
5605	2
5607	2
5608	1
5609	1
5611	1
5614	2
5615	2
5618	1
5620	2
5623	1
5624	2
5626	1
5627	1
5628	2
5630	1
5633	2
5634	1
5635	1
5636	3
5637	1
5638	3
5640	3
5641	5
5642	1
5643	1
5644	2
5646	4
5647	2
5648	1
5650	1
5651	1
5652	2
5653	1
5654	1
5655	1
22039	1
5656	1
5657	1
5659	1
5660	1
5662	5
5665	1
5666	3
5667	1
5669	2
5671	1
5672	2
5673	3
5675	2
5677	1
5678	3
5679	2
5680	1
5682	2
5683	1
5686	2
5687	1
5688	1
5690	2
5692	1
5693	2
5694	1
5695	2
5697	1
5699	1
5700	1
5701	1
5702	1
5703	1
5705	1
5706	2
5707	1
5708	1
5710	1
5711	1
5712	2
5713	2
5714	1
5715	1
5716	2
5717	1
5725	2
5726	2
22112	1
5729	2
5731	3
5732	1
5733	1
5735	4
5737	2
5738	2
5739	1
5740	2
5744	1
5745	2
5746	2
5747	2
5750	4
5751	1
5753	2
5754	1
5755	1
5756	2
5757	4
5759	1
5760	2
5762	1
5764	1
5766	1
5767	2
5768	2
5770	1
5771	1
5772	1
5775	1
5776	1
5777	2
5778	2
5779	4
5780	1
5782	2
5783	3
5784	2
5785	1
5786	1
5787	1
5788	1
5789	1
5790	1
5791	1
5792	2
5793	1
5795	2
5796	1
5797	1
5798	1
5799	1
5800	3
5801	1
5802	1
5803	1
5805	2
5806	1
5807	1
5808	1
5809	1
5810	2
5811	4
5813	2
5815	2
5816	1
5817	2
5818	2
5819	1
22204	1
5820	1
5821	1
5823	1
5824	2
5825	1
5827	1
5828	1
5829	1
5837	1
5838	3
5839	1
5840	5
5842	1
5843	2
5844	2
5846	2
5848	2
5849	3
5850	2
5852	1
5853	1
5854	1
5855	1
5856	1
5857	1
5859	2
5860	1
5861	1
5864	4
5865	1
5866	2
5867	2
5869	1
5870	3
5871	2
5872	1
5873	1
5874	2
5876	2
5877	1
5879	3
5880	1
5881	3
5882	1
5885	3
5886	4
5888	1
5889	1
5890	4
5891	2
5893	1
5894	1
5895	2
5897	3
5899	1
5900	1
5901	1
5902	2
5905	2
5906	4
5907	3
5908	1
5910	2
5911	2
5912	1
5913	3
5915	1
5916	1
5917	2
22301	1
5918	3
5919	1
5920	1
5921	4
5922	1
5923	1
5924	1
5925	2
5926	1
5927	2
5930	2
5932	1
5933	2
5935	2
5937	1
5938	1
5939	2
5940	2
5941	1
22327	1
5944	1
5945	1
5946	1
5949	2
5950	2
5952	1
5956	1
5957	2
5958	1
5959	1
5960	4
5961	2
5962	1
5963	1
5964	1
5965	3
5968	2
5969	2
5970	1
5972	2
5973	2
5974	3
5975	3
5976	2
5978	2
5979	1
5980	1
5985	1
5986	2
5987	2
5990	1
5993	1
5994	1
5995	1
5996	1
5998	1
5999	1
6002	1
6003	2
6005	1
6011	1
6014	3
6016	3
6017	1
6019	1
6020	1
6021	3
6022	1
6024	1
6025	2
6027	1
6030	1
6031	2
6032	2
6033	2
6035	2
6036	1
6038	1
6039	1
6041	2
6044	2
6045	2
6046	1
6050	1
6051	1
6053	3
6054	3
6056	1
6057	2
6058	1
6059	2
6062	2
6067	1
6068	4
6070	1
6072	1
6073	2
6075	3
6078	4
6081	1
6082	1
6083	1
6084	1
6086	3
6087	1
6090	1
6091	1
6094	1
6098	2
6100	1
6102	2
6103	1
6104	1
6105	2
6107	2
6108	2
6112	1
6113	1
6114	1
6115	2
6116	1
6117	1
6118	1
6119	1
6120	2
6121	1
6122	1
6123	1
6125	3
6128	1
6131	2
6132	1
6133	1
6134	2
6135	6
6137	2
22521	1
6142	2
22526	1
6144	1
6150	1
6155	1
6156	1
6160	2
6162	1
6163	2
6165	2
6168	1
6170	1
6173	2
6175	2
6176	1
6178	1
6179	1
6180	1
6182	1
6183	1
6185	3
6187	1
6188	1
6189	2
6190	3
6192	3
6193	2
6194	1
6195	2
6196	2
6198	1
6199	1
6201	1
6202	1
6203	1
6205	3
6206	3
6211	2
6212	1
6214	1
6215	3
6216	4
6217	1
6220	1
6221	3
6222	1
6224	2
6225	2
6226	1
6227	1
6228	1
6229	1
6230	1
6231	1
6234	2
6235	1
6236	1
6238	1
6239	1
6240	1
6241	3
6242	1
6245	2
6247	1
6248	2
6250	1
6252	2
6254	3
6257	2
6258	1
6259	2
6260	1
6261	2
6262	2
6264	2
6266	1
6267	1
6271	1
6272	2
6273	1
6274	1
6275	1
6276	1
6277	1
6279	3
6281	1
6282	2
6285	2
6287	1
6288	2
6289	1
6290	2
6292	2
6293	2
6296	1
6298	1
6299	1
6302	1
6304	1
6305	4
6306	1
6307	2
6310	1
6311	1
6312	1
6313	1
6314	2
6315	1
6316	1
6317	1
6319	1
6321	1
6322	1
6324	3
6326	1
6327	2
6328	1
6330	2
6333	2
6336	3
6337	1
6338	1
6341	1
22725	1
6342	1
6343	2
6344	1
6345	1
22730	1
6346	2
6347	1
6348	2
6352	1
6353	1
6354	1
6356	1
6357	1
6360	3
6361	1
6362	1
6363	2
6364	2
6366	1
6367	2
6368	1
6369	2
6371	1
6374	1
6378	1
6381	1
6382	1
6383	2
6385	2
6387	1
6389	2
6392	1
6394	2
6395	1
6396	2
6398	2
6399	2
6400	2
6408	1
6412	2
6414	2
6415	1
6416	1
6418	2
6419	1
6420	5
6423	1
6426	1
6430	1
6433	1
6434	1
6435	1
6437	1
6438	1
6440	1
6444	1
6447	2
6448	1
6449	1
6450	1
6451	1
6454	1
6455	2
6456	1
6457	3
6458	2
6459	2
6460	1
6461	3
6462	1
6463	2
6468	1
6471	1
6473	5
6474	1
6475	2
6476	1
6477	1
6478	2
6479	1
6480	1
6481	2
6482	1
6486	2
6488	1
6490	1
6491	1
6493	3
6495	2
6496	1
6500	1
6501	1
6504	1
6505	2
6510	2
6512	2
22899	1
6515	1
6516	1
6517	1
6521	3
6523	1
6524	1
6526	1
6528	1
6529	1
6530	1
6533	1
6534	1
6545	1
22929	1
6547	1
6548	3
6549	1
6550	1
6553	1
6554	2
6556	2
6558	2
6561	2
6563	1
6564	1
6567	1
6568	1
6572	1
6573	1
6574	1
6575	2
6579	1
6580	1
6581	2
6582	2
6584	3
6585	1
6587	1
6588	2
6589	1
6591	1
6592	1
6593	1
6598	1
6602	1
6603	2
6605	2
6607	1
6608	1
6609	3
6611	1
6612	1
6616	1
6617	1
6618	2
6621	1
6623	1
6624	2
6626	2
6628	1
23015	1
6633	1
6638	2
6639	4
6640	1
6641	1
6642	1
6645	3
6646	2
6658	2
6660	2
6661	2
6663	1
6664	1
6665	1
6667	1
6668	1
6671	1
6674	1
6675	1
23059	1
6677	1
6678	1
6679	1
6680	1
6681	1
6685	1
6687	1
6688	2
6695	1
6698	2
6701	1
6702	1
6703	2
6704	1
6709	1
6710	1
23094	1
6712	3
6713	2
6714	1
6716	1
6718	2
6720	1
6721	1
6723	1
6724	1
6725	1
6727	1
6728	1
6729	1
6730	1
6733	1
6736	1
6739	3
6741	1
6743	1
6744	1
6746	3
6747	1
6748	3
6749	1
6750	1
6751	1
6752	1
6755	3
6756	1
6758	1
6759	2
6762	3
6764	1
23148	1
6767	1
6768	1
6769	1
6771	1
6774	1
6775	2
6776	1
6778	1
6779	2
6780	1
6781	1
6782	2
6784	1
6785	1
6787	1
6788	2
6789	1
6791	1
6792	1
6793	1
6794	1
6798	1
6800	1
6801	1
6802	3
6803	2
6804	2
6811	1
6817	1
6819	1
6820	1
6821	2
6822	1
6823	1
6824	1
6825	2
6826	1
6828	3
6830	1
6832	1
6833	1
6835	1
6837	1
6838	1
6841	1
6842	1
6843	1
6847	1
6849	2
6851	1
6853	1
6854	1
6857	1
6859	2
6862	2
6863	1
6864	1
6865	1
6866	1
6871	1
6874	1
6880	1
6882	1
6885	1
6888	3
6889	1
6890	1
6895	3
6896	1
6898	2
6899	1
6900	2
6902	1
6903	1
6904	1
6908	1
6910	1
23295	1
6916	1
23302	1
6918	2
6921	2
6925	1
6927	1
6928	1
6929	1
6932	1
6933	1
6935	1
6938	1
23323	1
6941	1
6943	1
6944	1
6945	2
6958	2
23342	1
6960	2
6961	1
6964	1
6968	1
6969	1
6970	1
6971	1
6972	3
6973	1
6977	1
6981	1
6984	2
6985	1
6986	1
6987	2
6988	1
6989	1
6991	1
6993	1
6994	1
6995	2
6996	1
6997	2
6998	1
7000	1
7002	1
7003	1
7004	1
7005	1
7006	1
23390	1
7007	1
7009	2
7011	1
7012	2
7016	1
7017	2
7020	2
7023	1
7028	2
7031	1
7034	1
7035	1
7036	1
7040	1
7046	2
7053	1
7055	2
7058	1
7059	2
7062	1
7064	2
7065	2
7066	1
7067	1
7068	1
7071	1
7073	1
7075	2
7079	1
7080	1
7081	1
7082	1
7083	1
7087	1
7088	1
7090	1
7092	1
7094	1
7095	1
7097	2
7099	1
7100	1
7103	1
7104	1
7107	2
7108	1
7109	1
7110	1
7111	1
7113	1
7116	2
7117	1
7118	3
7119	1
7130	1
7131	1
7132	2
7133	1
7134	2
7135	2
7136	2
7137	1
7141	1
7144	1
7145	1
7147	1
7148	1
7149	1
7151	2
7153	2
7154	1
7155	1
7157	1
7158	1
7159	1
7162	1
7163	1
7168	1
7170	2
7171	1
7174	1
7175	1
7176	1
7177	1
7179	1
7182	1
7184	1
7192	2
7199	1
7200	1
7202	1
7203	2
7204	1
7206	1
7208	1
7209	1
7210	1
23595	1
7211	2
7214	1
7217	1
7218	1
7221	1
7223	1
7225	2
7226	1
7227	2
23617	1
7233	1
7234	1
7236	1
7239	2
7243	1
7245	1
23636	1
7253	1
7254	1
7255	1
7259	1
7260	1
7261	1
7264	1
7267	1
7270	1
7272	1
7273	1
7274	1
7279	1
7280	1
7281	2
7282	1
7284	2
7288	1
7290	1
7291	1
7292	1
7295	1
7302	2
7304	1
7307	1
7308	1
7312	3
7315	2
7318	1
7319	1
7320	1
7321	1
7323	1
7324	1
7325	2
7326	1
7329	1
7330	1
7338	1
7339	1
23726	1
7342	1
23727	1
7343	2
7344	1
23729	1
7345	1
23730	1
7346	1
23731	1
23732	1
7349	1
23733	1
7350	1
23734	1
23735	1
23736	1
7355	2
7356	3
7358	2
7359	2
23743	1
7364	2
7365	2
23750	1
7366	1
7370	1
7372	1
7376	2
7378	1
7380	1
7382	1
7383	1
7384	2
7385	1
7386	2
23770	1
7388	1
23772	1
7389	2
7394	1
23779	1
7398	1
7400	1
23785	1
7403	1
7408	1
23793	1
7411	1
7412	1
23798	1
7418	1
7419	2
7420	1
7425	1
7426	1
7429	3
7430	1
7434	2
7435	1
7436	2
7438	1
7439	1
7441	1
23826	1
7443	1
7444	1
7446	1
7447	1
23831	1
23832	1
23833	1
7449	1
23834	1
23835	1
23836	1
23837	1
23838	1
23839	1
23840	1
23841	1
23842	1
23843	1
23844	1
23845	1
23846	1
7463	1
23847	1
7464	1
7466	1
7472	1
7473	1
7476	1
7478	2
7482	1
7488	1
7490	2
7491	1
7494	1
7495	2
7498	1
7500	1
7503	1
7507	2
7508	1
7509	1
23894	1
7510	1
7513	1
7516	1
7520	1
7522	2
7524	1
7527	1
7530	1
7531	1
7532	2
23918	1
23919	1
7537	1
7538	1
7541	2
7544	1
7545	1
7549	1
7550	1
7551	1
7553	2
7555	2
7556	2
7558	2
7560	1
7563	1
7566	1
7569	1
7571	1
7573	2
23959	1
7578	2
7579	1
7581	1
7582	1
23967	1
7586	1
7588	1
23973	1
7590	1
7591	1
23976	1
7592	1
7594	2
7596	1
7601	1
7602	2
7603	2
7604	1
7605	1
7606	1
7607	1
7609	1
7611	1
7613	1
7615	1
7616	1
7618	1
7619	1
7620	2
7623	1
7624	3
7628	1
7630	1
7637	1
7640	1
7641	1
7642	1
7645	1
7647	1
7649	1
7651	1
7652	1
7656	1
7659	1
7661	1
7664	3
7667	1
7669	1
7671	1
7674	1
7683	1
7685	1
7690	1
7693	2
7695	1
7697	2
24082	1
7698	1
7699	1
24085	1
7701	1
7709	1
7710	1
7715	1
7717	1
7718	1
7720	1
7722	2
7725	1
7728	1
7731	2
7736	2
7739	1
7740	1
7746	2
7747	1
7751	2
7752	1
24138	1
7754	1
24147	1
7763	1
7764	1
7766	2
7768	3
7771	2
24156	1
7772	1
7774	2
7775	1
7776	1
7779	2
7781	1
7786	1
7789	1
7790	1
7792	1
7796	2
7799	2
7803	1
7806	2
7807	1
7809	1
7810	2
7811	1
7813	2
7815	1
7818	2
7820	1
24205	1
7822	2
7823	1
7826	1
7833	1
7835	1
7840	1
7841	1
7842	1
7843	1
7845	2
7847	3
7849	1
7856	1
7860	2
7861	1
7863	1
7865	1
7867	2
7868	1
7871	1
7876	1
7877	2
7880	1
7882	1
7883	2
7884	1
7885	1
7888	1
7891	2
7893	1
7897	1
7905	1
7911	1
7912	1
7914	1
7915	1
7916	1
7918	1
7921	2
7922	1
7923	1
7924	1
7925	1
7930	2
7936	1
7943	1
7947	1
7951	2
7958	1
7959	1
7960	1
7964	1
7965	1
7969	2
7970	2
7973	2
7974	1
24360	1
7977	1
7981	1
7984	1
7985	1
7986	1
24374	1
7990	1
7995	2
24379	1
7996	1
7997	1
7999	2
8000	1
8001	1
8002	1
8003	1
8008	1
8016	1
8017	1
8018	1
8021	2
8023	1
24412	1
8031	1
8032	1
8038	1
8040	1
8042	1
8043	1
8045	1
8051	1
8053	2
8055	1
8056	1
8060	1
8063	1
8068	2
8073	1
8078	1
8079	1
8080	2
8085	1
8089	1
8094	1
8097	2
8098	1
8100	1
8102	1
8103	1
8104	1
8107	1
8110	1
8112	1
8113	1
8115	1
8117	4
8121	1
8122	1
8126	1
8127	1
8130	1
8135	1
8137	1
8140	1
8143	2
8148	1
8158	1
8163	1
8166	1
8167	1
8169	1
8171	1
8177	2
24567	1
8185	2
8186	2
24572	1
8192	1
8193	1
8195	1
8197	1
8199	1
8200	2
8204	1
8205	1
8209	2
8210	2
8211	1
8212	1
8215	1
8230	1
8232	1
8234	1
8239	2
8240	2
8241	1
8245	1
8249	1
8255	2
8257	1
8262	3
8263	1
8268	1
8274	2
8275	1
8276	1
8277	1
8284	1
8288	2
8293	2
8294	1
8299	2
8302	1
8305	2
24697	1
8321	2
24713	1
8330	1
8342	1
8343	1
8349	1
8350	1
8356	2
8363	1
8365	1
8376	1
8377	1
8380	1
8386	2
8388	1
8389	1
8394	1
8395	2
8396	1
8399	1
8402	1
8408	1
8410	1
8411	1
24805	1
8422	1
8425	1
8429	1
8434	1
8435	1
8438	1
8444	1
8448	1
8454	1
8455	1
8457	1
8462	1
8464	1
8466	1
8467	1
8469	1
8472	1
8477	1
8482	1
8483	1
8486	1
8489	1
8490	1
8492	1
8494	1
8499	1
8506	1
8507	2
8514	1
8515	1
8517	1
8518	1
8519	1
8521	1
8522	1
8524	1
8525	2
8527	1
8532	1
8540	1
8543	1
8545	1
8548	1
8549	2
8558	1
8559	1
8563	1
24948	1
8577	2
8583	1
8591	1
8597	1
8598	1
8599	1
8604	1
8611	1
8613	1
8618	1
8621	1
8625	2
8628	1
8629	1
8632	1
25018	1
8640	1
8643	2
8645	1
8646	2
8649	1
8651	1
8652	1
8654	2
8656	1
8661	2
8662	1
8664	2
8670	1
8675	1
8678	1
8681	1
8683	1
8691	1
8692	1
8694	2
8701	1
8708	1
8711	1
8713	2
8718	1
8719	1
8720	1
8730	1
8733	2
8738	1
8739	1
8743	1
8744	1
8745	1
8754	1
8756	1
8757	2
8759	1
8760	1
8768	1
8770	3
8775	2
8776	1
8779	1
8792	1
8794	1
8800	1
8804	1
8811	1
8813	1
8815	1
8818	1
8821	1
8822	2
8825	1
8832	1
8833	2
8834	1
8842	1
25232	1
8854	1
8855	1
8857	1
8864	1
8867	1
8868	1
8871	1
8879	1
8880	1
8887	1
8888	1
8889	1
8890	2
8891	1
8893	1
8898	1
8901	1
8902	1
8906	1
8909	1
8911	1
8914	2
8926	1
8927	1
8932	1
8936	1
8940	1
8945	1
8955	1
8960	3
8964	1
8971	1
8975	1
8976	1
8985	1
8987	1
8997	1
9001	1
9003	1
9004	1
9005	1
9009	1
9027	1
9029	1
9033	1
9035	2
9036	1
9037	1
9043	1
9047	1
9048	1
9049	1
9054	1
9056	1
9067	1
9069	1
9071	1
9072	1
9073	2
9075	1
9077	1
9079	1
9084	1
9094	1
25484	1
9104	1
9109	1
9111	1
9112	1
9113	1
9120	1
9122	1
9134	1
9135	1
9139	1
9143	1
9146	1
9150	1
9156	1
9159	1
9161	2
9167	1
9168	1
9170	1
9171	3
9173	1
9175	1
9176	1
9179	1
9180	1
9182	1
9187	2
9191	1
9196	1
9199	1
9203	1
9210	1
9212	1
9216	1
9217	1
9218	1
9219	1
9226	1
9228	1
9232	2
9233	1
9234	2
9236	1
9248	1
9252	1
9263	2
9265	2
9267	1
9271	1
9272	1
9281	1
9282	1
9289	1
9293	2
9297	1
9298	1
9300	1
9305	1
9314	1
9315	1
9317	1
9318	1
9327	1
9328	1
9329	1
9332	1
9335	1
9337	1
25722	1
9338	2
25725	1
9343	1
9349	1
9364	1
9367	1
9374	1
9378	1
9381	2
25768	1
9386	1
9387	1
9402	1
9403	1
9406	1
9409	1
9410	1
9417	1
9427	1
9429	3
9434	1
9435	1
9436	2
9439	2
9446	1
9448	1
9461	1
9465	1
9468	1
9470	1
9479	1
9480	1
9482	1
9489	1
9490	1
9498	1
9499	1
9500	2
9506	1
9507	2
9510	1
9511	1
9513	1
9514	1
9515	1
9526	1
9530	1
9531	1
9532	1
9537	2
9540	2
9541	1
9550	1
9554	1
9563	1
9564	1
9566	1
9580	1
9585	1
9587	1
9590	1
9593	1
9597	2
9600	1
9601	1
9603	1
9604	1
9609	1
9610	1
9613	1
9614	1
9622	1
9630	1
9634	1
9643	1
9650	2
9658	1
9660	1
9668	1
9670	1
9673	1
9674	1
9685	1
9691	2
9699	1
9701	1
9703	1
9704	1
9706	1
9710	1
9711	1
9712	1
9716	1
9721	1
9728	1
9729	1
9730	1
9732	1
9736	1
9739	1
9744	1
9751	1
9757	1
9775	1
9777	1
9784	3
9792	1
9797	1
9812	1
9813	1
9818	1
9826	1
9827	1
9835	1
9841	1
9846	2
9855	2
9856	1
9862	1
9865	1
9867	1
9870	1
9883	1
9884	1
9895	1
9896	1
9900	1
9902	1
9904	1
9912	1
9913	1
9915	1
9921	1
9924	1
9925	1
9928	1
9935	1
9938	1
9939	1
9941	1
9943	1
9949	1
9958	1
9962	1
9965	2
9966	1
9969	1
9970	1
9971	1
9972	1
9973	1
9977	1
9986	1
9990	1
9992	1
9996	1
9999	1
10004	1
10005	1
10007	1
10013	2
10022	1
10026	1
10039	1
10056	2
10058	1
10059	1
10071	1
10072	1
10076	1
10083	1
10090	1
10097	1
10100	1
10101	1
10110	1
10114	1
10126	1
10130	2
10133	1
10153	1
10156	1
10158	1
10165	1
10169	1
10170	1
10181	1
10187	1
10190	1
10192	1
10199	1
10228	1
10230	1
10234	1
10238	1
10244	1
10246	1
10252	1
10257	1
10260	1
10276	1
10280	1
10285	1
10287	1
10288	2
10299	1
10304	1
10307	1
10312	1
10315	1
10319	1
10325	1
10331	1
10346	1
10351	1
10356	1
10364	1
10368	1
10373	1
10374	1
10378	1
10379	1
10381	1
10389	1
10393	1
10397	2
10398	1
10420	1
10426	1
10435	1
10447	3
10458	1
10467	1
10471	1
10480	1
10484	1
10487	1
10491	1
10511	1
10519	1
10520	2
10527	2
10529	2
10542	1
10549	1
10552	1
10555	1
10568	1
10570	1
10576	1
10579	1
10596	1
10602	1
10606	1
10609	1
10620	1
10621	2
10627	1
10634	1
10639	2
10641	1
10643	1
10647	1
10649	1
10655	1
10662	1
10665	1
10669	1
10672	1
10676	1
10681	1
10687	1
10696	1
10698	1
10710	1
10712	1
10714	1
10718	1
10721	1
10726	1
10735	1
10746	1
10747	1
10749	1
10752	1
10754	1
10768	1
10772	1
10784	2
10785	1
10791	2
10792	1
10793	1
10798	1
10799	1
10800	1
10801	1
10803	1
10821	1
10822	1
10826	1
10831	1
10846	1
10849	1
10860	1
10864	1
10874	2
10881	1
10891	2
10915	1
10921	1
10923	1
10924	1
10942	1
10954	1
10955	2
10958	1
10959	1
10966	1
10970	1
10976	1
10982	1
10985	1
10987	1
10991	1
10993	1
10996	1
11010	1
11022	1
11024	1
11029	1
11046	1
11053	1
11054	1
11072	1
11074	1
11085	1
11094	1
11101	1
11104	1
11114	1
11117	1
11123	1
11128	1
11129	1
11133	1
11137	1
11140	1
11144	1
11149	1
11155	1
11160	1
11163	1
11164	1
11175	1
11177	1
11179	1
11183	1
11189	1
11190	1
11200	1
11201	1
11208	1
11209	1
11212	1
11213	1
11217	1
11233	1
11234	1
11236	1
11245	1
11247	1
11249	1
11252	1
11260	1
11266	1
11272	1
11280	2
11286	1
11287	1
11288	1
11299	1
11300	1
11305	1
11309	1
11314	2
11317	2
11321	1
11355	1
11360	1
11361	1
11368	1
11377	1
11380	1
11386	1
11388	1
11390	1
11391	1
11403	1
11405	1
11406	1
11410	1
11412	1
11429	1
11433	1
11435	1
11440	1
11441	2
11444	1
11450	1
11459	1
11470	1
11472	1
11478	1
11485	1
11493	1
11497	1
11501	1
11511	1
11513	1
11526	1
11531	1
11535	1
11536	2
11539	1
11544	1
11545	1
11550	1
11552	1
11554	1
11563	1
11568	1
11572	1
11581	1
11589	2
11595	1
11602	2
11621	1
11630	1
11632	1
11634	1
11637	1
11644	1
11654	1
11658	1
11665	1
11669	1
11676	1
11679	1
11683	1
11686	1
11687	1
11691	1
11692	1
11708	1
11720	1
11727	1
11729	2
11730	1
11739	3
11748	1
11758	1
11759	1
11772	1
11784	1
11786	1
11799	1
11805	1
11812	1
11826	1
11827	1
11829	1
11831	2
11833	1
11838	1
11839	1
11844	1
11848	1
11850	1
11855	2
11857	2
11878	1
11880	1
11885	1
11890	1
11902	1
11921	1
11927	2
11932	1
11938	1
11951	1
11953	1
11955	1
11964	1
11970	1
11975	1
11980	1
11991	1
11994	1
11996	1
12008	1
12009	1
12031	1
12032	2
12037	1
12047	1
12057	1
12063	1
12071	1
12093	1
12097	1
12108	1
12114	1
12117	1
12119	2
12127	1
12128	1
12137	1
12148	1
12151	1
12163	1
12167	1
12168	1
12173	1
12179	1
12188	1
12190	1
12192	1
12193	1
12200	1
12202	1
12205	1
12212	1
12237	1
12246	1
12253	1
12263	1
12276	2
12286	1
12297	1
12299	1
12307	1
12317	1
12320	1
12323	1
12324	1
12325	1
12345	1
12350	1
12358	1
12361	2
12364	1
12373	1
12385	1
12397	1
12399	2
12406	1
12407	1
12412	1
12428	1
12432	1
12440	1
12446	1
12456	1
12458	1
12499	1
12501	1
12506	1
12514	1
12540	1
12549	1
12553	1
12554	2
12558	1
12559	1
12572	1
12583	1
12587	1
12590	1
12594	1
12600	1
12609	1
12618	1
12624	1
12634	1
12638	1
12654	1
12655	1
12673	2
12676	1
12692	1
12693	1
12701	1
12709	1
12714	1
12723	1
12725	1
12737	1
12739	1
12755	2
12782	1
12800	1
12804	1
12805	1
12807	1
12810	1
12837	1
12841	1
12844	1
12845	1
12846	1
12854	1
12873	1
12901	1
12918	1
12941	1
12967	1
12977	1
12985	1
12988	1
12999	1
13002	1
13003	1
13007	1
13030	1
13036	1
13039	2
13041	1
13046	1
13047	1
13054	1
13059	1
13063	1
13066	1
13067	1
13072	1
13075	1
13083	1
13086	1
13089	1
13094	2
13103	1
13104	1
13116	1
13120	1
13129	1
13143	1
13151	1
13158	1
13160	1
13161	1
13171	1
13177	1
13179	1
13182	1
13183	1
13192	1
13203	1
13208	1
13211	1
13213	1
13214	1
13224	1
13234	1
13235	1
13240	1
13246	1
13252	1
13254	1
13256	2
13257	1
13280	1
13282	1
13283	1
13286	1
13296	1
13310	1
13321	1
13322	1
13325	1
13329	1
13335	1
13360	1
13367	2
13379	1
13383	1
13385	1
13394	1
13396	1
13400	1
13405	1
13407	1
13418	1
13426	1
13428	1
13437	1
13453	1
13454	1
13456	1
13467	1
13470	1
13479	1
13480	1
13486	1
13506	1
13514	1
13515	1
13516	1
13519	1
13530	1
13533	1
13539	1
13541	1
13544	1
13552	1
13553	1
13554	2
13556	2
13561	1
13569	1
13574	1
13575	1
13578	1
13579	1
13584	1
13587	1
13607	1
13632	1
13634	1
13642	1
13653	1
13654	1
13657	1
13659	1
13665	1
13673	1
13676	1
13678	1
13682	1
13690	1
13700	1
13706	1
13714	1
13716	1
13717	1
13721	1
13723	1
13724	1
13732	1
13746	1
13756	1
13760	1
13764	2
13778	1
13779	2
13805	1
13806	1
13811	1
13812	1
13822	1
13826	1
13827	1
13829	1
13832	1
13836	1
13842	1
13844	1
13847	1
13865	1
13869	1
13871	1
13873	1
13883	1
13889	1
13890	1
13900	1
13909	1
13910	1
13911	1
13912	1
13916	2
13922	1
13923	1
13933	2
13936	1
13947	1
13949	1
13955	1
13959	1
13962	1
13993	1
14003	1
14004	1
14008	1
14031	1
14035	1
14039	1
14050	1
14058	1
14059	3
14068	1
14077	1
14078	1
14080	1
14082	1
14087	1
14105	1
14110	1
14111	1
14120	1
14134	1
14135	1
14142	1
14151	1
14156	1
14164	1
14170	1
14178	1
14180	1
14184	1
14186	1
14190	1
14200	1
14219	2
14234	1
14240	1
14242	1
14246	1
14263	1
14276	1
14280	1
14291	1
14295	1
14301	1
14333	1
14336	1
14338	2
14355	1
14360	1
14361	1
14370	1
14375	2
14379	1
14381	1
14393	1
14402	1
14409	1
14415	1
14417	1
14428	1
14441	1
14442	1
14444	1
14445	1
14463	1
14464	1
14466	1
14471	1
14479	1
14483	1
14490	1
14493	1
14503	1
14507	2
14511	2
14517	1
14518	1
14519	1
14523	1
14528	1
14529	1
14541	1
14542	1
14544	1
14547	1
14552	1
14578	1
14582	1
14583	1
14584	1
14585	2
14606	1
14607	1
14621	1
14624	3
14643	1
14646	1
14648	1
14653	1
14666	1
14668	1
14669	1
14670	1
14671	1
14693	1
14699	1
14705	1
14707	1
14711	1
14718	1
14724	1
14726	1
14728	1
14733	1
14738	1
14744	2
14755	1
14761	1
14768	1
14774	2
14776	1
14786	1
14793	1
14796	1
14798	1
14800	2
14802	2
14816	1
14821	1
14822	1
14823	2
14829	2
14830	1
14833	1
14835	2
14851	1
14856	1
14857	1
14858	2
14860	1
14862	1
14863	1
14865	1
14876	1
14879	1
14880	1
14881	1
14883	1
14884	1
14885	1
14890	1
14893	1
14900	1
14903	2
14911	1
14924	2
14926	1
14927	1
14937	1
14943	1
14944	1
14945	1
14948	1
14959	2
14961	1
14966	1
14969	1
14972	1
14978	1
14979	1
14992	1
14993	1
14996	1
14997	1
15001	1
15002	1
15009	1
15013	1
15015	1
15021	1
15030	2
15038	1
15041	1
15047	1
15053	1
15067	2
15073	1
15089	1
15091	2
15099	1
15106	1
15109	1
15110	1
15119	1
15123	1
15128	1
15135	1
15136	1
15137	1
15140	1
15141	1
15148	2
15149	1
15153	1
15156	1
15160	2
15165	1
15173	1
15179	1
15180	2
15189	1
15195	3
15198	1
15201	1
15202	1
15206	1
15209	1
15220	1
15234	1
15241	1
15248	1
15252	1
15254	1
15255	1
15260	1
15266	1
15268	1
15270	1
15277	1
15278	1
15289	2
15290	1
15292	1
15294	1
15314	2
15323	1
15329	2
15337	1
15339	1
15345	1
15353	1
15360	1
15373	1
15374	1
15377	1
15387	1
15389	1
15400	1
15402	1
15409	1
15415	2
15419	1
15423	1
15432	2
15437	1
15442	1
15453	1
15456	1
15459	1
15461	1
15467	1
15469	1
15476	1
15478	1
15483	1
15493	1
15494	1
15501	1
15513	2
15516	2
15522	1
15526	1
15527	1
15529	1
15531	1
15533	1
15534	2
15537	1
15539	1
15541	1
15544	1
15548	1
15553	1
15554	1
15556	1
15557	1
15568	1
15571	1
15573	1
15578	2
15580	1
15581	1
15582	1
15590	1
15609	1
15612	1
15614	1
15616	1
15617	1
15627	1
15635	1
15636	2
15640	1
15644	1
15646	1
15650	1
15660	1
15667	1
15677	1
15682	1
15684	1
15688	1
15689	1
15700	1
15703	1
15714	1
15719	2
15724	1
15728	1
15732	2
15733	1
15745	2
15746	1
15749	1
15756	1
15757	2
15763	1
15771	1
15774	1
15777	1
15778	1
15780	1
15781	1
15783	1
15784	1
15785	2
15789	1
15791	1
15795	1
15797	1
15805	1
15815	1
15816	1
15822	1
15823	1
15829	1
15830	1
15831	1
15835	1
15853	2
15858	2
15864	1
15871	1
15872	1
15873	1
15875	1
15876	2
15877	1
15879	1
15888	1
15893	1
15894	1
15902	1
15903	1
15906	1
15910	1
15915	1
15920	1
15923	1
15931	1
15941	1
15942	1
15945	2
15951	1
15956	2
15957	1
15959	1
15962	1
15964	1
15966	1
15970	1
15979	2
15981	1
15982	1
15984	1
15988	1
15997	1
15999	2
16000	1
16004	1
16011	1
16021	1
16022	1
16024	1
16030	1
16036	1
16044	1
16047	2
16050	3
16062	1
16084	1
16086	1
16093	1
16099	1
16117	1
16118	1
16124	2
16126	1
16139	1
16142	1
16145	1
16147	1
16148	1
16149	1
16153	1
16154	1
16156	1
16162	2
16163	2
16164	1
16170	1
16173	1
16193	1
16195	2
16201	1
16203	1
16204	2
16205	1
16210	1
16211	1
16214	1
16217	1
16227	1
16231	1
16232	1
16242	1
16244	1
16247	1
16250	1
16255	1
16262	2
16271	1
16272	2
16273	1
16278	1
16280	1
16285	1
16291	1
16292	1
16304	1
16306	1
16308	1
16317	1
16318	1
16320	1
16321	1
16330	1
16334	1
16336	2
16340	1
16343	1
16346	1
16347	1
16354	1
16361	1
16365	1
16366	1
16369	1
16380	1
16383	1
