16384	1
1	9
16385	1
2	6
3	5
16387	1
4	2
16389	1
5	12
6	9
7	4
8	5
16392	1
9	4
10	6
11	5
16396	1
12	9
13	11
14	9
16398	1
15	4
16	7
17	10
18	4
19	8
20	5
21	9
22	7
23	10
16407	1
24	10
25	14
26	6
16410	2
27	9
28	11
16413	1
29	14
30	13
16414	1
31	16
32	7
16416	1
33	9
34	10
35	7
16419	1
36	11
37	7
38	12
39	10
16424	2
40	5
41	6
16426	2
42	11
43	9
44	11
45	12
46	8
16430	1
47	8
48	9
16432	1
49	7
16433	1
50	8
51	7
16435	1
52	9
53	14
16437	1
54	12
16438	2
16439	2
55	6
56	3
57	8
16441	1
58	7
59	7
16443	1
60	10
61	7
16445	1
62	9
63	13
64	9
65	8
66	10
16450	1
67	11
68	7
69	3
16453	1
70	14
71	7
16455	1
72	10
16456	1
73	13
16457	1
74	8
75	12
76	10
77	16
16462	1
78	8
79	16
16463	1
80	7
16464	1
81	11
82	10
83	11
84	15
85	12
86	10
87	11
88	9
89	13
90	8
91	9
16475	1
92	3
93	6
94	11
95	7
96	11
97	6
98	6
16482	1
16483	1
99	12
100	10
101	11
16485	1
102	5
16486	1
103	11
16488	1
104	6
105	11
106	5
107	8
108	4
109	14
110	6
111	13
16495	1
112	5
113	12
114	6
115	12
16499	1
116	12
117	11
118	6
119	7
120	5
121	10
122	12
123	8
16508	1
124	9
125	3
126	7
127	8
128	6
16512	1
129	6
16513	1
130	9
131	4
132	3
16516	1
133	9
134	9
135	14
16519	1
136	11
137	9
138	9
139	10
16524	2
140	10
141	7
142	9
143	14
16527	1
144	9
16528	1
145	5
146	7
147	8
148	13
149	6
150	11
151	10
152	8
153	6
154	5
16538	1
155	5
156	7
157	6
158	7
159	9
160	9
161	7
16545	1
162	11
163	8
164	6
165	7
166	5
167	10
168	7
169	5
170	7
171	6
172	3
173	3
16557	1
174	7
175	6
176	8
177	7
178	5
16562	2
179	8
180	9
181	7
182	8
183	4
184	7
185	5
16569	1
186	2
187	6
16571	1
188	5
189	6
190	1
16574	1
191	3
16575	2
192	9
193	7
194	6
195	5
196	5
197	10
198	7
199	5
16583	1
200	6
201	4
202	2
203	2
204	4
205	5
16590	1
206	3
207	7
208	4
209	6
210	10
211	5
212	8
16596	1
213	4
214	5
215	5
16599	1
216	13
217	9
218	9
16603	1
219	7
220	6
16604	1
221	10
222	7
223	5
224	10
225	9
226	12
16610	1
227	5
228	4
16612	1
229	3
230	9
231	5
16615	1
232	4
16616	1
233	7
234	10
16618	1
235	5
16619	1
236	5
237	5
238	5
16622	1
239	6
16623	2
240	8
241	5
242	3
16626	1
16627	1
243	5
244	4
16628	2
245	12
246	8
247	5
248	7
249	9
250	13
16634	1
251	8
16635	1
252	9
16636	1
253	9
254	5
255	4
256	5
257	5
258	5
259	11
260	7
261	7
262	6
263	6
264	3
265	5
266	4
267	5
16651	1
268	11
16652	1
269	4
270	6
16654	2
271	13
16655	1
272	5
273	7
274	7
275	9
276	7
277	2
16661	1
278	1
16662	2
279	7
280	5
281	5
16665	1
282	4
283	8
284	9
285	8
286	8
287	8
288	5
289	3
16673	1
290	6
16674	1
291	4
292	3
294	2
295	8
296	4
297	5
298	4
299	11
300	5
301	8
302	8
303	9
304	12
305	3
306	4
307	2
308	5
309	4
310	7
311	11
16695	1
312	7
313	4
314	1
315	2
316	2
317	4
318	4
319	6
16703	1
320	4
321	7
322	3
323	3
324	5
325	9
326	7
327	7
328	7
329	4
330	7
16714	1
331	4
16715	1
332	4
333	4
334	5
335	4
336	6
16720	1
16721	1
337	5
338	7
339	4
340	7
341	4
16725	1
342	2
16727	1
343	1
344	8
16728	2
16729	2
345	10
346	6
347	7
348	9
16732	1
349	3
350	4
16734	1
351	4
352	5
353	6
354	5
355	4
356	6
357	6
16742	1
358	4
359	6
360	8
361	4
362	6
363	8
16747	1
364	7
365	6
366	2
367	5
368	4
369	2
16754	1
370	3
371	7
372	2
373	7
374	3
375	9
376	8
16760	1
377	5
378	4
379	4
16763	1
380	9
381	5
16765	1
382	9
383	7
384	6
385	4
386	5
387	5
388	4
16773	1
389	5
390	4
391	7
16775	1
392	5
393	7
16777	1
394	8
395	7
396	4
397	5
16781	1
398	2
399	7
400	9
401	5
402	4
403	8
404	5
16788	1
405	2
406	3
407	6
408	7
409	5
410	3
16794	1
411	5
16795	1
412	5
413	6
16797	1
414	6
415	5
416	3
417	4
418	5
16802	1
419	5
420	4
421	13
422	6
16806	1
423	4
424	4
425	5
426	1
16811	1
427	3
428	4
429	4
430	7
431	5
432	7
433	5
434	4
435	5
436	4
437	8
438	3
16822	1
439	2
16823	1
440	2
441	8
442	5
16826	1
443	3
444	5
445	5
446	8
16830	1
16831	1
447	4
448	5
449	7
450	1
451	3
452	7
453	5
16837	1
454	4
16838	1
455	5
16839	1
456	2
457	2
458	2
459	6
460	5
461	3
462	1
16846	1
463	4
464	5
465	5
16850	1
466	4
467	4
16851	1
468	6
469	7
470	6
471	4
472	8
473	3
16857	1
474	5
16858	1
475	7
16859	1
476	3
477	2
478	6
479	2
480	4
481	4
482	3
483	4
484	6
16868	1
485	2
486	2
487	3
488	4
489	5
490	2
16874	1
491	5
492	7
493	6
494	4
495	3
496	4
497	6
498	3
16883	1
499	6
500	6
501	7
502	3
503	5
16888	1
504	3
505	5
506	3
507	5
508	5
16892	1
509	6
510	5
511	6
512	5
513	3
514	5
515	8
516	1
517	4
16901	1
518	5
519	2
520	12
521	6
523	3
524	4
525	6
526	4
527	2
528	4
529	1
530	3
531	4
16915	1
532	5
533	5
534	3
535	5
536	2
537	1
538	4
539	2
540	5
541	6
542	3
543	3
544	4
545	6
546	6
547	2
548	5
549	7
16934	2
550	5
551	3
552	5
553	5
16937	1
554	3
556	3
16940	1
557	3
558	5
16942	1
559	4
560	4
561	5
562	5
563	6
564	5
565	7
566	7
567	4
568	2
569	5
16953	1
570	5
571	9
572	2
573	2
574	4
576	3
16960	1
577	2
16961	1
578	3
579	3
580	6
581	2
582	7
583	1
584	1
585	8
586	3
587	2
588	7
589	4
16973	1
590	2
591	5
592	4
16977	1
593	2
16978	1
594	1
595	2
16979	1
596	4
597	4
598	3
599	5
600	1
601	1
16985	1
602	6
603	6
16987	1
604	3
605	2
606	4
16990	1
607	6
608	2
609	5
610	5
16994	1
611	8
612	1
613	5
614	1
615	5
616	7
617	1
618	3
619	3
620	3
17005	1
622	2
623	3
624	4
17008	1
625	3
17009	1
626	2
17010	1
627	4
628	1
629	4
17013	1
630	6
631	1
632	7
633	4
634	2
635	5
636	2
637	2
638	7
639	4
640	4
641	8
642	3
643	2
644	4
645	4
646	4
17031	1
647	3
648	7
649	5
650	9
651	2
17035	1
652	3
653	3
654	5
655	2
656	4
17040	1
657	3
658	8
17042	1
659	6
660	1
661	3
17045	1
662	4
663	3
664	6
665	5
666	5
667	4
668	4
669	2
670	5
671	1
672	2
673	5
674	3
675	1
676	4
17060	1
677	3
17061	1
678	2
679	3
680	3
681	6
682	5
683	4
684	2
17068	1
685	5
686	3
687	4
688	5
689	2
690	3
691	2
692	7
17077	2
693	5
694	2
695	3
17079	1
696	4
697	6
698	5
699	5
700	1
701	7
702	4
17086	1
703	4
17087	1
704	2
705	2
17089	1
706	4
707	1
708	4
709	1
710	4
711	8
17095	1
712	3
713	2
17097	1
714	9
715	7
17099	1
716	3
717	4
718	5
719	4
720	3
721	4
17105	1
722	6
723	9
724	2
725	1
17110	1
726	3
17111	1
727	3
728	3
729	6
730	6
731	6
17116	1
732	4
733	1
734	9
735	3
736	5
737	6
738	11
739	6
17123	2
740	5
741	4
17125	1
742	5
743	3
744	3
745	4
746	4
17130	1
747	5
748	5
749	1
750	1
751	4
752	4
753	1
754	1
17138	1
755	6
756	5
17141	1
757	2
758	8
17143	1
759	5
760	3
761	2
17145	1
762	2
17146	1
763	6
764	6
765	6
766	12
767	3
17151	1
768	4
769	4
770	6
771	2
772	4
17156	1
773	1
774	3
775	5
776	5
17161	1
777	3
778	5
17162	1
17163	1
780	6
781	4
782	7
783	4
784	5
785	4
786	5
787	3
788	3
789	3
790	4
791	2
792	5
793	4
794	1
795	4
796	6
797	5
17181	1
798	3
799	1
800	3
801	3
802	10
803	3
804	2
17188	2
805	6
806	9
807	4
17191	1
808	1
809	2
810	6
811	4
812	2
813	6
814	3
815	5
816	6
817	7
818	6
819	2
821	2
822	4
823	3
824	3
825	2
826	7
17210	1
827	6
828	4
829	5
830	1
831	4
832	1
834	7
835	7
836	4
837	2
838	3
839	7
17224	1
840	6
841	2
842	5
843	3
844	4
17228	1
845	6
846	2
17230	1
847	1
848	8
849	5
850	4
17235	1
851	4
852	6
853	6
17237	1
854	7
855	9
856	4
857	9
17241	1
858	4
859	2
17243	1
860	4
861	7
862	4
863	4
864	5
865	8
866	5
867	4
868	2
869	3
870	2
871	2
872	4
17256	1
873	3
17257	1
874	6
17258	1
875	4
17259	1
876	3
877	7
17261	1
878	7
879	5
880	6
881	6
882	2
883	5
17267	1
884	5
885	5
886	8
887	5
17271	1
888	3
889	5
890	1
891	4
892	2
893	2
894	4
895	1
896	10
897	6
898	4
899	5
900	2
901	4
17285	2
902	5
17287	2
903	7
904	6
905	3
906	5
907	3
908	6
17292	1
909	6
910	2
911	5
912	9
913	1
914	7
915	3
17299	1
916	4
917	5
918	1
17302	1
919	7
920	3
921	5
922	3
923	4
924	2
925	6
926	4
927	3
928	3
929	2
930	7
931	5
932	3
933	3
934	4
935	5
936	6
17320	1
937	4
938	5
939	1
940	6
941	3
942	3
943	9
944	1
945	6
946	3
947	4
948	5
949	3
950	8
951	5
952	6
953	11
954	3
955	2
17339	1
956	7
957	4
958	6
959	2
960	4
961	1
962	3
963	3
964	3
965	2
966	3
967	4
968	5
969	2
970	5
971	5
972	3
973	3
974	5
975	3
976	5
17360	1
977	5
978	2
979	3
17363	1
980	3
981	3
982	5
983	3
984	2
985	8
986	7
987	3
988	1
989	2
990	2
991	6
992	4
993	3
994	5
995	3
996	3
997	5
998	2
999	2
1000	5
1001	6
1002	6
17387	1
1003	3
1004	1
1005	4
1006	4
1007	1
1008	3
1009	6
1010	2
17394	1
1011	5
1012	2
1013	3
17397	1
1014	7
1015	5
1016	5
1017	5
1018	3
17402	1
1019	5
1020	1
1021	6
1022	8
1023	4
1024	1
17408	1
1025	4
1026	4
17411	1
1027	4
1028	2
1029	4
1030	5
1031	4
1032	6
1033	5
1034	4
1035	2
1036	2
1037	4
1038	5
1039	3
1040	4
1041	2
1042	6
1043	1
1044	5
1045	11
1046	4
1047	3
1048	8
1049	3
1050	3
1051	1
1052	5
1053	6
1054	6
1055	2
1056	2
1057	9
1058	9
1059	4
1060	4
1061	3
1063	3
1064	5
1065	2
1066	5
17450	1
1067	1
1068	3
1069	5
1070	2
1071	4
1072	5
17457	1
1073	3
1074	4
1075	6
17459	2
1076	2
1077	6
1078	2
1079	3
1080	6
1081	1
1082	5
1083	4
1084	2
17469	1
1085	1
1086	5
1087	1
1088	2
1089	3
1090	3
17474	1
1091	4
1092	9
1093	5
1094	2
1095	3
1096	2
17480	1
1097	5
1098	8
1099	3
1100	5
17484	1
1101	3
1102	2
1103	2
17487	1
1104	3
1105	5
17490	2
1106	5
1107	5
1108	4
1109	10
1110	4
1111	6
1112	2
1113	2
1114	3
17498	1
1115	2
1116	7
17500	1
1117	8
1118	4
1119	4
1120	3
1121	8
17505	2
1122	2
1123	3
1124	1
1125	4
1126	5
1127	2
1128	5
1129	1
1131	3
1132	3
17516	1
1133	1
1134	3
1135	2
1136	6
17520	1
1138	10
1139	6
1141	5
1142	2
1143	6
1144	3
17528	1
1145	6
1146	5
1147	5
1148	3
1149	6
1150	3
1151	8
1152	7
17536	1
17537	1
1153	4
1154	4
1155	5
1156	3
1157	6
1158	2
17542	1
1159	2
1160	1
1161	5
1162	5
1163	5
1164	3
1165	5
1166	2
1167	1
1168	1
1169	2
1170	5
1171	5
1172	3
1173	5
1174	3
17558	1
1175	5
1176	5
1177	2
17562	1
1178	3
1179	3
1180	4
1181	8
1182	4
1183	3
1184	4
1185	1
1186	4
1187	3
1188	7
1189	5
1190	5
1191	4
1192	5
1193	6
1194	5
1195	5
17579	1
1196	2
1197	5
1198	1
1199	5
1200	2
1201	2
1202	1
1203	5
1204	3
1205	1
1206	7
1207	1
1208	2
1209	4
1210	4
1211	3
1212	1
1213	1
17597	1
1215	5
1216	3
1217	7
1218	4
1219	1
1220	1
1221	3
1222	3
1223	3
1224	5
1225	2
1226	6
1227	4
1228	4
17613	1
1229	1
1230	7
1231	4
1232	5
1233	5
17617	1
1235	4
1236	6
1237	5
1238	3
1239	7
1240	3
17624	1
1241	6
1242	6
17626	1
1243	2
1244	3
1245	3
1246	5
1247	1
1248	5
1249	3
1250	6
1251	6
1252	6
1253	1
17637	1
1254	4
1255	2
1256	2
17640	1
1257	2
17642	1
1258	3
1259	2
1260	5
1262	2
1263	3
1264	1
1265	3
1266	2
1268	5
17652	1
1269	1
1270	4
1271	1
1272	4
1273	8
1274	4
1275	7
1276	4
1277	5
1278	4
1279	5
1280	7
1281	4
1282	6
1283	2
1284	1
1285	6
1286	1
1287	5
1288	3
1289	1
1290	4
1291	2
1292	6
1293	1
1294	4
1295	5
1296	2
1297	9
1298	8
1299	3
1300	3
1301	1
1302	7
1303	4
1304	5
1305	4
17689	1
1306	4
1307	3
1308	5
17692	1
1309	3
17693	2
1310	4
1311	3
1312	4
1313	7
1314	5
1315	4
1316	7
17700	1
1317	5
1318	1
1319	6
1320	4
1321	6
1322	3
1323	2
1324	7
17708	1
1325	4
1326	3
1327	3
1328	4
1329	5
1330	4
1331	2
1332	5
1333	3
17717	2
1334	4
17718	1
1335	8
1336	5
1337	3
1338	4
1339	1
1340	5
1341	5
1342	2
1343	6
1344	8
1345	3
1346	3
1347	2
1348	5
1349	2
1350	4
1351	4
1352	7
1353	2
1354	2
1355	4
17739	1
1356	2
1357	3
1358	7
1359	10
1360	5
1361	4
17746	1
1362	1
1363	2
1364	2
1365	4
1366	3
1367	1
1368	2
1369	8
1370	4
1371	4
1372	3
1374	2
17758	1
1375	7
17759	1
1376	6
1377	4
1378	3
1379	3
1380	5
17764	1
1381	2
1382	4
1383	5
1384	3
1385	2
1386	4
17770	1
1387	4
1388	2
1389	3
1391	2
1392	2
1393	5
1394	5
1395	3
17779	1
1396	9
1397	3
17781	1
1398	5
1399	7
17784	1
1400	2
1401	3
1402	9
1403	6
1404	4
1405	9
1406	5
1407	5
17791	1
1408	4
1409	6
1410	2
1411	2
1412	1
17796	1
1413	5
1414	5
1415	4
17799	1
1416	9
1417	2
17801	1
1418	3
1420	4
1421	6
1422	4
1423	4
1424	3
1425	7
17809	1
1426	6
17810	2
1427	6
1428	3
1429	5
1430	5
1431	5
1432	1
1433	6
1434	4
17818	1
1435	2
1436	2
1437	2
1438	4
1439	8
1440	6
1441	6
17825	1
1442	3
1443	5
1444	2
1445	9
1446	6
1447	2
17831	1
1448	5
1449	3
1450	3
1451	2
1452	7
1453	1
1454	2
1455	3
1456	5
1457	3
1458	7
17842	1
1459	6
1460	4
1461	4
1462	3
1463	4
1464	3
1465	2
1466	5
1467	7
1468	5
1469	5
1470	2
1471	5
17855	1
1472	6
1473	5
1474	4
1475	4
1476	8
1477	5
1478	2
1479	6
1480	7
1481	5
1482	3
1483	4
1484	1
1485	3
17870	2
1486	6
1487	3
17872	3
1488	4
17873	2
1489	5
17874	1
1490	2
17875	2
1491	4
1492	3
1493	3
1494	4
1495	2
1496	4
1498	4
17883	1
1499	2
1500	3
1501	1
1502	6
1503	5
1504	3
17888	1
1505	5
1506	3
1507	4
1508	5
1509	7
1510	7
1511	1
1512	5
17896	2
1513	3
1514	4
17899	1
1515	5
1516	4
17900	1
1517	4
1518	2
1519	3
1520	4
1521	2
1522	5
1523	3
1524	4
1525	3
1526	5
1527	1
1528	4
1529	4
17913	1
1530	7
1531	3
1532	3
1533	4
1534	2
1535	9
1536	4
1537	2
1538	6
1539	1
1540	4
1541	3
17926	1
1542	2
1543	8
1544	3
1545	7
1546	4
1547	3
1548	4
1549	3
1550	5
1551	2
1552	5
1553	4
17938	1
1554	4
1555	2
17940	3
1556	6
17941	1
1557	4
17942	2
1558	3
1559	2
1560	2
17944	3
1561	5
1562	8
17946	1
1563	5
1564	4
1565	7
1566	3
1567	3
1568	6
17953	6
1569	5
1570	2
1571	4
1572	3
1573	5
1574	1
1575	2
1576	5
1577	6
1578	7
17963	3
1579	5
17964	3
1580	9
1581	5
1582	2
1583	4
1584	6
17968	1
1585	4
1586	8
1587	8
1588	3
1589	7
1590	6
1591	5
1592	8
1593	3
1594	2
1595	4
1596	4
17982	5
1598	4
17983	1
1599	6
1600	3
17984	1
1601	6
17986	2
1602	5
1603	2
17988	3
1604	4
17989	1
1605	6
1606	3
1607	7
1608	4
1609	2
1610	3
17994	1
1611	7
1612	5
17997	4
1613	4
17998	1
1614	4
1615	6
1616	4
18000	1
1617	1
1618	1
1619	2
18003	1
1620	6
1621	5
1622	2
1623	6
1624	2
1625	4
1626	1
1627	6
1628	5
1629	3
1630	6
1631	7
1632	6
1633	4
1634	5
1635	2
18019	1
1636	3
1637	4
1638	6
1639	2
18024	1
1640	5
1641	5
1642	5
1643	4
1644	2
1645	2
18030	1
1646	4
1647	4
18032	2
1648	4
1649	3
18034	1
1650	6
1651	6
1652	6
1653	6
1654	2
1655	12
1656	2
1657	4
18041	1
1658	8
18042	1
1659	7
18044	2
1660	4
1661	5
1662	6
1663	2
1664	5
18049	1
1665	2
1666	3
1667	5
1668	10
1669	6
1670	5
1671	4
1672	2
1673	1
1674	4
1675	9
1676	3
1677	3
18061	1
1678	1
1679	4
1680	4
1681	6
1682	1
1683	5
1685	6
1686	4
1687	6
1688	6
1689	7
1690	7
1691	3
1692	6
1693	5
1694	3
1695	8
1696	3
1697	6
1698	3
18082	1
1699	5
1700	4
1701	4
1702	5
1703	5
1704	5
1705	7
1706	6
1707	5
18092	1
1708	1
1709	7
1710	4
1711	6
1712	7
1713	9
1714	8
1715	6
1716	7
1717	5
18101	1
1718	4
1719	10
1720	5
1721	4
1722	5
18106	1
1723	3
1724	3
1725	3
1726	4
1727	8
1728	2
1729	4
1730	4
1731	3
1732	5
1733	5
1734	6
1735	7
1736	6
1737	6
1738	5
18122	1
1739	10
1740	3
1741	6
1742	4
18126	1
1743	11
1744	4
1745	6
1746	10
1747	3
1748	3
18132	1
1749	3
1750	4
1751	7
1752	7
1753	4
1754	8
1755	10
1756	5
1757	1
1758	5
1759	4
1760	5
1761	4
1762	8
1763	6
1764	7
1765	7
1766	5
1767	7
1768	5
1769	7
1770	7
1771	6
1772	3
1773	4
1774	7
1775	5
1776	6
18161	1
1777	4
1778	6
1779	4
1780	5
18164	1
1781	4
1782	2
1783	4
1784	6
1785	2
1786	7
1787	3
1788	5
1789	6
1790	6
1791	4
1792	4
1793	4
1794	3
1795	5
1796	7
1797	5
1798	8
1799	8
1800	6
1801	3
1802	6
1803	5
1804	3
1805	4
1806	2
1807	9
1808	10
1809	4
1810	9
1811	4
1812	7
1813	7
18197	1
1814	9
1815	3
1816	4
1817	6
1818	5
1819	9
1820	4
1821	5
1822	6
1823	4
1824	7
1825	13
1826	6
1827	7
1828	3
1829	3
1830	5
1831	7
1832	10
1833	4
1834	5
1835	9
1836	2
1837	4
1838	7
1839	4
1840	5
1841	5
1842	9
1843	5
1844	3
1845	3
1846	5
1847	7
1849	5
1850	8
1851	5
1852	4
1853	4
1854	2
1855	4
1856	6
1857	4
1858	4
1859	6
1860	4
1861	8
1862	7
1863	7
1864	3
1865	2
1866	2
18251	1
1867	2
1868	6
1869	10
18253	1
1870	7
1871	5
18255	1
1872	3
1873	6
1874	4
1875	7
1876	4
1877	3
1878	10
18262	1
1879	4
1880	4
1881	3
1882	3
1883	7
18267	1
1884	6
1885	4
1886	4
1887	7
1888	7
1889	4
1890	5
1891	5
1892	6
18276	1
1893	3
1894	3
1895	7
1896	7
1897	7
1898	4
1899	9
1900	4
1901	2
1902	6
1903	2
1904	5
1905	6
1906	5
18290	1
1907	6
1908	11
1909	5
1910	5
1911	4
1912	3
1913	6
1914	3
1915	5
1916	7
1917	2
1918	3
1919	6
1920	3
1921	3
1922	3
1923	9
1924	5
1925	2
1926	3
1927	4
1928	9
1929	6
18313	1
1930	5
18314	1
1931	6
1932	7
1933	7
1934	7
1935	3
1936	5
1937	2
1938	6
1939	6
1940	5
1941	5
1942	6
1943	4
1944	8
1945	7
1946	11
1947	5
1948	8
1949	3
1950	9
1951	7
1952	9
1953	3
1954	8
1955	5
1956	3
1957	4
1958	7
1959	5
1960	5
1961	3
1962	3
1963	2
18347	1
1964	6
1965	6
1966	2
1967	6
1968	1
1969	6
1970	7
1971	4
1972	9
1973	4
1974	4
1975	3
1976	4
1977	3
1978	6
1979	3
1980	5
1981	1
1982	4
18366	1
1983	1
1984	5
1985	5
1986	3
1987	2
1988	2
1989	3
1990	6
1991	5
1992	6
1993	5
1994	8
1995	5
1996	5
1997	9
1998	6
1999	10
2000	6
2001	2
2002	5
2003	5
2004	10
18388	1
2005	6
2006	7
2007	3
2008	5
2009	4
2010	4
2011	9
2012	6
2013	6
2014	5
2015	4
2016	4
2017	5
2018	6
2019	3
2020	10
2021	4
2022	7
18406	1
2023	4
2024	11
2025	4
2026	5
2027	6
2028	4
2029	2
2030	4
2031	6
2032	4
2033	6
2034	5
2035	7
18419	1
2036	3
2038	5
2039	3
2040	3
2041	4
2042	4
2043	7
2044	3
2045	3
18429	1
2046	8
2047	9
2048	5
2049	7
2050	7
2051	9
2052	8
2053	9
2054	2
2055	5
2056	6
2057	4
2058	5
18442	1
2059	6
2060	1
2061	9
2062	1
2063	7
2064	5
2065	5
2066	5
2067	8
2068	2
2069	11
2070	7
2071	1
2072	5
2073	8
2074	7
2075	4
2076	1
2077	3
2078	4
2079	4
18463	1
2080	6
2081	13
2082	5
18467	1
2083	8
2084	4
2085	7
2086	6
2087	7
2088	6
2089	4
2090	4
2091	6
2092	4
2093	11
2094	5
2095	7
18479	1
2096	4
2097	8
2098	9
2099	7
2100	3
2101	7
2102	7
2103	4
2104	4
2105	3
2106	2
2107	11
2108	6
2109	8
2110	13
2111	5
2112	7
2113	9
2114	6
2115	4
2116	3
2117	3
2118	6
18502	1
2119	5
2120	9
2121	7
2122	4
18506	1
2123	4
2124	4
2125	1
2126	5
2127	5
2128	4
18512	1
2129	4
2130	7
2131	5
2132	6
18516	1
2133	2
2134	11
2135	4
2136	8
2137	5
2138	4
2139	5
2140	3
2141	7
2142	4
2143	8
2144	7
2145	9
2146	7
2147	5
2148	5
2149	3
2150	5
2151	4
2152	2
2153	6
2154	7
2155	6
2156	8
2157	1
2158	10
2159	8
2160	3
2161	3
2162	2
2163	9
18547	1
2164	6
2165	4
2166	3
2167	4
2168	9
2169	7
2170	6
2171	5
2172	5
2173	2
2174	8
2175	8
2176	3
2177	5
2178	3
2179	7
2180	7
2181	8
2182	5
2183	1
2184	1
2185	3
2186	7
2187	4
2188	3
18572	1
2189	6
2190	3
2191	7
2192	4
2193	2
2194	3
2195	3
2196	4
2197	5
2198	4
2199	4
2200	5
2201	9
2202	3
2203	5
2204	5
2205	6
2206	3
2207	5
2208	5
2209	2
2210	3
2211	7
2212	5
2213	4
2214	4
18598	1
2215	7
2216	4
2217	8
2218	5
2219	5
2220	5
2221	8
2222	8
2223	5
2224	5
2225	7
2226	5
2227	4
2228	7
2229	5
2230	5
18615	1
2231	4
2232	6
2233	5
2234	4
2235	8
2236	9
2237	4
2238	9
2239	5
2240	7
2241	5
2242	8
2243	6
2244	8
2245	8
18629	1
2246	8
2247	2
2248	4
2249	4
2250	6
2251	1
2252	1
2253	3
2254	7
2255	1
2256	4
2257	4
2258	7
2259	6
2261	1
2262	8
2263	2
2264	4
2265	2
2266	3
2267	8
2268	6
2269	5
2270	6
2271	2
2272	10
2273	5
2274	4
2275	9
2276	2
2277	3
2278	7
2279	8
2280	6
18664	1
2281	7
2282	9
2283	4
2284	6
2285	3
2286	5
2287	3
2288	1
2289	8
2290	3
2291	2
2292	4
2293	6
2294	6
2295	3
2296	5
2297	7
2298	4
2299	5
2300	8
2301	5
2302	2
2303	5
2304	9
2305	4
2306	3
2307	5
2308	5
2309	3
18693	1
2310	1
2311	6
2312	6
2313	6
2314	4
2315	4
2316	6
2317	4
2318	1
2319	8
2320	7
2321	5
2322	8
2323	6
2324	6
2325	1
2326	5
2327	4
2328	10
2329	4
2330	5
2331	3
2332	3
2333	5
2334	5
2335	4
2336	7
2337	8
2338	4
2339	4
2340	3
2341	5
2342	5
2343	2
2344	7
2345	2
2346	8
2347	6
2348	5
2349	6
2350	4
2351	4
2352	4
2353	2
2354	1
2355	3
2356	7
2357	2
2358	4
2359	3
2360	10
2361	5
2362	4
2363	6
2364	4
2365	3
2366	3
2367	3
2368	4
2369	4
2370	5
2371	4
2372	7
2373	3
2374	8
2375	7
2376	6
2377	4
18761	1
2378	8
2380	1
2381	7
2382	4
2383	6
2384	5
2385	6
2386	6
2387	4
2388	5
2389	6
2390	5
2391	5
2392	4
2393	4
2394	6
2395	2
2396	7
2397	4
2398	6
2399	5
2400	8
2401	3
2402	5
2403	5
2404	2
2405	13
2406	5
2407	2
2408	9
2409	3
2410	9
2411	3
2412	4
2413	6
2414	2
2415	3
2416	8
2417	4
2418	2
2419	3
2420	6
2421	4
2422	5
2423	7
2424	6
2425	3
2426	4
2427	6
2428	6
2429	5
2430	6
2431	4
2432	4
2433	2
2434	7
2435	8
2436	1
2437	2
2438	6
2439	8
2440	2
2441	8
2442	3
2443	5
2444	6
2445	3
2446	6
2447	12
2448	6
18832	1
2449	1
2450	6
2451	2
2452	6
2453	3
2454	3
2455	7
2456	3
2457	1
2458	6
18842	1
2459	3
2460	1
2461	5
2462	5
2463	7
2464	2
2465	6
2466	6
2467	4
2468	2
2469	6
2470	1
2471	2
2472	3
2473	3
2474	4
2475	6
2476	5
2477	8
18861	1
2478	5
2479	5
2480	1
2481	5
2482	3
2483	4
2484	12
2485	5
2486	6
2487	3
2488	7
2489	2
2490	1
2491	9
2492	2
2493	5
2494	4
2495	10
2496	3
18880	1
2497	3
2498	3
2499	4
2500	4
2501	10
2502	7
2503	3
2504	4
2505	3
2506	3
2507	6
2508	5
2509	9
2510	6
2511	2
2512	3
2513	3
2514	3
2515	3
2516	9
2517	5
2518	2
2519	5
2520	4
2521	3
2522	8
2523	3
2524	9
2525	5
2526	1
2527	5
2528	6
2529	4
2530	8
2531	5
2532	3
2533	6
2534	5
2535	6
2536	3
2537	4
18922	1
2538	5
2539	5
2540	3
2541	6
2542	3
2543	2
2544	6
2545	7
2546	3
2547	7
2548	6
2549	5
2550	7
2551	7
2552	4
2553	7
2554	7
2555	4
2556	4
2557	2
2558	5
2559	2
2560	6
2561	2
2562	5
2563	5
2564	5
2565	1
2566	5
2567	4
2568	4
2569	2
2570	3
2571	4
2572	8
2573	8
2574	4
2575	7
2576	6
2577	5
2578	4
2579	4
18963	1
2580	7
2581	2
2582	4
2583	4
2584	4
2585	4
2586	6
2587	2
2588	5
2589	6
2590	8
2591	5
2592	3
2593	6
2594	7
2595	8
2596	4
2597	12
2598	5
2599	5
2600	10
2601	4
2602	9
2603	3
2604	7
2605	3
2606	11
2607	2
2608	4
2609	5
2610	4
2611	3
2612	5
2613	5
2614	4
2615	4
2616	5
2617	4
2618	4
2619	4
2620	2
2621	6
2622	3
2623	7
2624	4
2625	7
2626	4
2627	2
2628	3
2629	3
2630	5
2631	7
2632	9
2633	7
2634	1
2635	8
2636	5
2637	3
2638	5
2639	4
2640	2
2641	3
2642	6
2643	7
2644	5
2645	2
2646	2
2647	7
2648	4
2649	3
2650	3
2651	2
2652	5
2653	4
2654	6
2655	6
2656	2
2657	3
2658	5
2659	7
2660	2
2661	4
2662	3
2663	4
2664	3
2665	5
2666	2
2667	4
2668	1
2669	8
2670	6
2671	7
2672	4
2673	9
2674	5
19058	1
2675	4
2676	4
2677	4
2678	8
2679	4
2680	7
2681	2
2682	4
2683	4
2684	6
2685	7
2686	2
2687	3
2688	6
2689	6
2690	5
2691	2
2692	6
2693	4
2694	1
2695	7
2696	8
2697	2
2698	6
2699	3
2700	4
2701	5
2702	3
2703	1
2704	7
2705	4
2706	3
2707	4
2708	1
2709	2
2710	4
2711	6
2712	4
2713	11
2714	2
2715	5
2716	5
2717	11
2718	6
2719	8
2720	4
2721	3
2722	3
2723	2
2724	3
2725	6
2726	5
2727	4
2728	4
2729	4
2730	4
2731	5
2732	4
2733	3
2734	2
19118	1
2735	2
2736	2
2737	4
2738	4
2739	2
2740	8
2741	5
2742	5
2743	3
2744	3
2745	3
2746	4
2747	1
2748	3
2749	7
2750	2
2751	3
2752	6
19136	1
2753	5
2754	7
2755	3
2756	4
2757	4
2758	2
2759	9
2760	4
2761	6
2762	4
2763	1
2764	4
2766	6
2767	4
2768	6
2769	7
19153	1
2770	3
2771	3
2772	1
2773	8
2774	5
2776	3
2777	5
2778	6
2779	6
2780	7
2781	3
2782	4
2783	3
2784	4
2785	7
2786	6
2787	6
2788	5
2789	5
2790	2
2791	7
2792	9
2793	9
2794	6
2795	4
2796	3
2797	6
2798	2
2799	5
2800	5
2801	6
2802	6
2803	7
2804	7
2805	2
2806	3
2807	3
2808	2
2809	5
2810	6
2811	3
2812	6
19196	1
2813	2
2814	7
2815	4
2816	1
2817	13
2818	5
2819	2
2820	6
2821	3
2822	4
2823	5
2824	2
2826	4
19210	1
2827	5
2828	4
2829	7
2830	8
2831	8
2832	6
2833	3
2834	5
2835	2
2836	2
2837	5
2838	7
2839	7
2840	3
2841	8
2842	6
2843	8
2844	7
2845	4
2846	4
2847	2
2848	11
2849	7
2850	7
2851	1
2852	4
2853	1
2854	5
2855	6
2856	3
2857	7
2858	5
2859	3
2860	5
2861	4
2862	7
2863	1
2864	9
2865	5
2866	6
2867	2
2868	5
2869	2
2870	2
2871	2
2872	5
19256	1
2873	4
2874	1
2875	4
2876	6
2877	5
2878	8
2879	8
2880	5
2881	3
2882	5
2883	7
2884	4
2885	5
2886	8
2887	2
2888	4
2889	3
2890	4
2891	5
2892	11
2893	4
2894	5
2895	7
2896	2
2897	5
2898	2
2899	3
2900	3
2901	1
19286	1
2902	4
2903	10
2904	4
2905	5
2906	7
2907	5
2908	8
2909	4
2910	3
2911	3
2912	5
2913	2
2914	1
2915	5
2916	2
2917	4
2918	5
2919	3
2920	1
2921	5
2922	7
2923	5
2924	5
2925	5
2926	4
2927	5
2928	6
2929	2
2930	4
2931	3
2932	6
2933	4
2934	4
2935	5
2936	3
19320	1
2937	4
2938	3
2939	4
2940	4
2941	3
2942	3
2943	7
2944	5
2945	4
2946	3
2947	1
2948	1
2949	8
2950	3
2951	5
19335	1
2952	4
2953	4
2954	6
2955	4
2956	2
2957	7
2958	3
2959	2
2960	3
2961	8
2962	4
2963	7
2964	3
2965	2
2966	2
2967	2
2968	3
2969	6
2970	3
2971	4
2972	3
2973	7
2975	6
2976	4
2977	6
2978	6
2979	2
2980	4
2981	5
2982	2
2983	5
2984	6
2985	2
2986	7
2987	1
2988	3
2989	4
2990	2
2991	2
2992	5
2993	5
2994	5
2995	7
2996	3
2997	1
2998	3
2999	5
3000	3
3001	3
3002	8
3003	3
3004	4
3005	4
3006	5
3007	3
3008	3
3010	2
3011	4
3012	1
3014	4
3015	6
3016	2
3017	6
3018	4
3019	5
3020	5
3021	3
3022	1
3023	6
3024	8
3025	3
3026	4
3027	5
3028	4
3029	7
3030	7
3031	5
19416	1
3032	5
3033	4
3034	5
19418	1
3035	5
3036	4
3037	5
3038	7
3039	5
3040	2
3041	5
3043	7
3044	2
3045	3
3046	4
3047	7
3048	3
3049	6
3050	6
3051	6
3052	3
3053	7
3054	2
3055	4
3056	5
3057	5
3058	3
3059	4
3060	2
3061	3
3062	5
3063	4
3064	4
3065	2
3066	4
3067	7
3068	2
3069	6
3070	7
3071	5
3072	3
3073	4
3074	3
3075	2
3076	3
19460	1
3077	3
3078	8
19463	1
3079	2
3080	3
3081	3
3082	4
3083	2
3084	1
3085	6
3086	3
3087	3
3088	5
3089	4
3090	2
3091	5
3092	1
3093	3
3094	4
3095	3
3096	3
3097	7
3098	3
3099	5
3100	2
3101	2
3102	1
3103	3
3104	1
3105	3
3106	4
3107	6
3108	6
3109	1
3110	1
3111	3
3112	4
3113	5
3114	2
3115	4
3116	5
3117	4
3118	1
3119	1
3120	3
3121	8
3122	2
3123	5
3124	1
3125	3
3126	5
3127	7
3128	1
3129	2
3130	4
3131	7
3132	1
3133	1
3134	8
3135	3
3136	4
3137	4
3138	5
3139	3
3140	3
3141	5
3142	2
19526	1
3143	5
3144	4
3145	3
3146	2
3147	2
3148	4
3149	3
3150	4
3151	5
3152	5
3153	4
3154	3
3155	4
3156	6
3157	7
3158	4
19543	1
3159	2
3160	1
3161	5
3162	3
3163	1
3164	6
3165	3
3166	2
3167	5
3168	4
3169	3
3170	2
3171	5
3172	2
3173	7
3174	8
3175	3
19559	1
3176	6
3177	3
3178	5
3179	3
3180	3
3181	1
3182	3
3183	2
3184	2
3185	1
3186	7
3187	1
3188	3
3189	4
3190	2
3191	7
3192	5
3193	4
3194	3
3195	2
3196	3
3197	3
3198	7
3199	3
3200	3
3201	5
3202	3
3203	7
3204	3
3205	6
3206	1
3207	7
3208	4
3209	3
3210	3
3211	2
3212	5
3213	4
3214	3
3215	4
3217	1
3218	3
3219	4
3221	3
3222	3
3223	3
3224	4
3225	3
3226	3
3227	3
3229	2
3230	5
3231	1
3232	1
3233	4
3234	3
3235	3
3236	3
3237	2
3238	3
3240	4
3241	4
3242	3
3243	3
3244	2
3245	5
3246	5
3247	5
3248	5
3249	1
3250	5
3251	4
3252	2
3253	1
3254	4
3255	3
3256	3
3257	3
3258	2
19642	1
3259	9
3260	6
3261	2
3262	4
3263	2
3264	2
3265	5
3266	1
3267	2
3268	4
3269	4
3270	3
3271	4
3272	3
3273	6
3274	2
3275	2
3276	2
3277	4
3278	1
3280	4
3281	3
3282	5
3283	4
3284	2
3285	3
3286	3
3287	3
3288	1
3289	4
3290	1
19674	1
3291	5
3292	5
3293	4
3295	6
3296	3
3297	3
3298	5
3299	2
3300	3
3301	7
3302	2
3303	3
3304	1
3305	4
3306	2
3307	5
3308	4
3309	1
3310	3
3311	5
3312	4
3313	1
3314	6
3315	4
3316	4
3317	3
3318	3
3319	5
3320	2
3321	4
19705	1
3322	3
3324	3
3325	7
3327	3
3328	1
3329	1
3330	3
3331	4
3332	3
3333	2
3334	5
3335	1
3336	4
3337	1
3338	3
3339	5
3340	2
3341	4
3342	3
3343	2
3344	4
3345	3
3346	5
3347	2
3348	3
3349	4
3350	1
3351	7
3352	2
3354	2
3355	8
3356	3
3357	3
3359	2
3360	3
3361	7
3362	2
3363	3
3364	4
3365	3
3366	5
3367	2
3368	3
3369	4
3370	1
3371	4
3372	6
3373	3
3374	4
3375	3
3376	4
3377	6
3378	3
3379	4
3380	2
3381	5
3382	1
3383	6
19767	1
3385	4
3386	1
3387	3
3388	7
3389	4
3390	3
3391	1
3392	3
3393	4
3394	6
3395	4
3396	3
3397	2
3398	4
3399	3
3400	1
3401	8
3402	3
3403	1
3404	3
3405	5
3406	6
3407	4
3408	4
3409	6
3410	3
3411	1
3412	4
3413	4
3414	2
3415	4
3416	4
3417	1
3418	3
3419	1
3420	3
3421	7
3422	6
3423	4
3424	6
3425	4
3426	2
19810	1
3427	4
3428	3
3429	3
3430	4
3431	1
3432	4
3433	5
3434	5
3435	4
3436	3
3437	8
3438	2
3439	6
3440	4
3441	5
3442	3
3443	1
3444	1
3446	3
3447	5
3448	2
3450	4
3451	5
3452	3
3453	4
3454	2
3455	1
3456	4
3457	4
3458	1
3459	2
3460	5
3461	2
19845	1
3462	2
3463	3
3464	2
3465	3
3466	4
3467	3
3468	4
3469	3
3470	5
3471	5
3472	4
3473	3
3474	4
3475	5
3476	4
3477	5
3478	1
3479	4
3480	4
3481	6
19865	1
3482	5
3483	1
3484	2
3485	1
3486	3
3487	2
3488	4
3489	3
3490	2
3491	3
3492	5
3493	1
3494	3
3495	6
3496	6
3497	1
3498	3
3499	4
3500	2
3501	2
3502	5
3503	1
3504	5
3505	4
3506	1
3507	2
3508	3
3509	2
3510	4
3511	2
3512	6
3513	4
3514	2
3515	7
3516	1
19900	1
3517	4
3518	3
3519	4
3520	3
3521	3
3522	2
3523	2
3524	3
3525	5
3526	2
3527	2
3528	2
3529	3
3530	3
3531	2
3533	5
3534	2
3535	3
3536	4
3537	5
3538	4
3540	2
3541	1
3542	3
3543	7
3544	5
3545	5
19929	2
3546	2
3547	2
19931	1
3548	1
3549	3
3550	3
3552	2
3553	2
3554	7
3555	3
3556	4
3557	2
3558	6
3559	1
3560	1
3561	4
3562	4
3563	3
3564	2
3565	4
3566	5
3567	5
3568	2
19952	1
3569	5
3570	2
3571	4
3572	3
3573	2
3574	4
3575	4
3576	1
3577	4
3578	2
3579	5
3581	4
3582	6
3583	3
3584	3
3585	2
19970	1
3587	1
3588	4
3589	4
3590	3
3591	2
3592	5
3593	3
3594	4
3595	5
3596	5
3597	2
3598	1
3599	1
3600	1
3601	4
3602	1
3603	4
3604	6
3605	3
3606	4
3607	2
3608	2
3609	2
3610	3
3611	2
3612	4
3613	2
3614	1
3615	6
3616	4
3617	2
3618	4
3619	4
3620	8
3621	2
3622	3
3623	1
3624	3
3625	1
3626	4
3627	3
20011	1
3629	3
3630	5
3631	3
3632	5
3633	2
3634	6
3635	7
3636	2
3637	4
3638	5
3639	6
3640	6
3641	4
3642	4
3643	2
3644	4
3645	2
3646	3
3647	2
3648	3
3649	8
3651	5
3652	4
3653	3
3654	1
3655	3
3656	3
3657	2
3658	8
3659	4
3661	2
3662	1
3663	2
3664	3
3665	3
3666	6
3667	8
3668	2
3669	4
3670	7
3671	2
3672	6
3673	1
3674	2
3675	2
3676	2
3677	6
3678	1
3679	3
3680	4
3681	4
3682	1
3683	3
3684	1
3685	4
3686	4
3687	5
3688	2
3689	1
3690	3
3691	6
3692	4
3693	2
3694	3
3695	3
3696	3
3697	6
3698	2
3699	3
3700	7
3701	5
3702	2
3703	5
3704	6
3705	2
3706	3
20090	1
3707	4
3708	1
3709	3
3710	3
3711	2
20095	1
3712	4
3713	4
3714	5
20098	1
3715	4
3716	2
3717	3
3718	2
3719	3
3720	1
3721	3
3722	1
3723	7
3725	3
3726	1
3727	4
3728	1
3729	1
3730	3
3731	2
3732	2
3733	2
3734	8
3735	3
3736	3
3737	3
3738	3
3740	3
3741	1
3742	3
3743	3
3744	1
3745	5
3746	2
3747	2
3748	4
3749	1
3750	2
3751	7
3752	5
3753	1
3754	4
3755	4
3756	1
3757	3
3758	3
3759	5
3760	1
3761	12
3762	3
3763	4
3764	5
3765	3
3766	4
3768	1
3769	3
3770	2
3771	1
3772	5
3773	1
3774	2
3775	3
3776	3
20160	1
3777	4
3779	1
3780	3
3781	1
3782	4
3783	4
3784	4
3785	4
3786	4
3787	4
3788	6
3789	3
3790	2
3791	3
3792	3
3793	1
3794	3
3795	1
3796	1
3797	5
3798	4
3799	5
3800	2
3801	4
3802	1
3803	3
3804	4
3806	4
3807	3
3808	1
3809	3
3810	5
3811	4
3812	3
3813	4
3814	5
3815	5
3816	5
3817	4
3818	2
3819	2
3820	3
3821	2
3822	3
3823	2
3824	3
3825	3
3826	3
3828	4
3829	4
3830	1
3831	1
3832	6
3833	4
3834	3
3835	2
3836	3
3837	2
3838	7
3839	2
3840	1
3841	3
3842	4
3844	3
3845	2
3846	2
3847	1
3848	4
3849	4
3850	2
3851	1
20235	1
3852	3
3853	1
3854	5
3855	3
3856	4
3857	5
3858	4
3859	2
3860	2
3861	4
3862	3
3863	4
3864	3
3865	5
3866	3
3867	4
3868	2
3869	5
3871	2
3872	3
3873	7
3874	3
3875	4
3876	3
3877	1
3878	2
20263	1
3879	1
3880	4
3881	7
3882	5
3883	6
3884	4
3885	1
3887	5
3888	3
3889	4
3890	3
3891	1
3892	6
3893	3
3894	4
3895	4
3896	8
3897	1
3898	2
3899	3
3900	3
3901	3
3902	2
3903	2
3904	1
3905	5
3906	2
3907	3
3908	3
3909	4
3910	1
3911	2
3912	5
3913	5
3914	5
3915	1
3916	1
3917	3
3918	1
3919	2
3920	5
3921	4
3922	3
3923	5
3924	6
3925	6
3926	5
3927	3
3928	1
3929	3
3930	4
3931	1
3932	2
3933	3
3934	4
3935	6
3936	2
3937	2
3938	4
3939	2
3940	3
3941	1
3943	3
3944	5
3945	4
3946	4
3947	1
3948	5
3949	4
3950	4
3951	3
3952	2
3953	3
3954	2
3955	2
3956	4
3957	2
3958	2
3959	3
3960	5
3961	4
3963	2
3965	3
3966	4
3967	5
3968	3
3969	2
20353	1
3970	2
3971	3
3972	4
3973	1
3974	3
3975	3
3976	3
3977	1
3978	4
3980	2
3981	1
3982	6
3983	3
3984	2
3985	2
3987	2
3988	4
3989	1
3990	1
3991	4
3993	1
3995	4
3996	2
3997	4
3998	1
3999	3
4000	4
4001	1
4002	3
4003	5
4004	4
4005	3
4006	3
4007	4
4008	1
4009	6
20394	1
4010	2
4011	4
4012	2
4013	1
4014	2
4015	5
4016	2
4017	4
4018	1
4019	3
4020	2
4021	4
4022	1
4023	2
4024	1
4025	1
4026	3
4028	1
4029	2
4030	2
4031	1
4032	7
4033	3
4034	3
4035	2
4036	1
4037	5
4038	1
4039	1
4040	3
4041	4
4042	5
4043	1
4044	1
4045	3
4046	3
4047	5
4049	5
4051	2
4052	2
4053	1
4054	4
4055	4
4056	2
4057	6
4058	1
20442	1
4059	6
4061	5
4062	1
4063	3
4064	3
4065	4
4067	1
4068	3
4069	3
4070	4
4071	2
4072	3
4073	3
4074	2
4075	4
4076	2
4077	6
4078	4
4079	1
4080	4
4081	2
4082	2
4083	4
4084	2
4085	5
4086	4
4087	4
4088	4
4089	1
4090	2
4091	1
4092	4
4093	2
4094	2
4095	3
4096	4
4097	2
4098	4
4099	1
4100	6
4101	4
4102	4
4103	5
4104	3
4105	4
4106	2
4107	3
4108	3
4109	2
4110	1
4111	7
4112	2
4113	3
4114	2
4115	3
4116	4
4117	4
4118	2
4119	1
4121	1
4122	5
4123	3
4124	1
4125	1
4126	5
4127	6
4128	1
4129	2
4130	3
4131	6
4133	4
4134	4
4135	2
4136	5
4137	5
4138	3
4139	5
4140	2
4141	2
4142	3
4143	5
4144	1
4145	2
4146	2
4147	4
4149	3
4151	3
4152	4
4153	5
4154	2
4155	4
4157	7
4158	2
4159	3
4160	2
4161	2
4162	3
4163	1
4164	3
4165	1
4166	1
4167	3
4168	1
4169	1
4170	4
4171	4
4172	1
4174	1
4175	2
4176	1
4177	2
4178	2
4179	1
4180	4
4181	3
4182	3
4183	4
4184	1
4185	4
4186	3
4187	3
4188	3
4190	2
4191	3
4192	3
4193	1
4194	2
4195	3
4196	3
4197	2
4199	5
4200	4
4201	3
4202	1
4205	3
4206	4
4207	1
4208	5
4209	2
4211	4
4212	5
4214	4
4215	1
4216	4
4217	1
4218	1
4219	1
4220	1
4223	3
4224	3
4225	2
4226	1
4227	5
4228	2
4230	1
4231	2
4232	2
4233	2
4234	1
4237	4
4238	3
4239	2
4240	5
4241	5
4242	5
4243	1
4245	2
4246	3
4248	6
4249	1
4250	3
4251	1
4252	3
4253	2
4254	5
4255	5
4256	2
4257	2
20641	1
4258	3
4259	3
4260	2
4261	1
4262	1
4263	3
4264	2
4265	1
4266	2
4267	3
4268	2
4269	2
4270	2
20654	1
4271	1
4272	3
4273	2
4274	1
4275	3
4276	10
4277	1
4278	4
4280	4
20664	1
4281	4
4282	3
4283	6
4284	4
4286	2
4287	3
4288	3
4289	4
4290	2
4291	2
4292	1
4293	2
4294	7
4295	4
4296	4
4297	3
4298	1
4299	1
4300	2
4301	1
4302	3
4303	4
4304	1
4305	3
4306	3
4307	1
4308	2
4309	4
4310	2
4311	3
4313	3
4314	1
4316	2
4317	1
4318	2
4319	1
4320	3
4321	2
4323	1
4324	2
4325	2
4326	2
4327	3
4328	1
4329	2
4330	1
4331	2
4332	4
4333	3
4334	3
4335	2
4336	4
4338	3
4339	4
4340	3
4341	2
4342	2
4343	1
4344	7
4345	2
4346	3
4347	2
4348	2
4349	3
4350	2
4351	1
4352	4
4353	4
4354	2
4356	5
4357	2
4358	2
4360	2
4361	2
4362	5
4363	1
4364	2
4365	2
4367	4
4368	1
4369	3
4370	2
4371	2
4372	1
4373	1
4374	3
4375	5
4376	3
4377	3
4378	7
4379	2
4380	1
4381	3
4382	3
4383	1
4384	4
4385	2
4386	1
4387	2
4388	2
4389	5
4391	1
4392	3
4393	1
4394	2
4395	2
4396	2
4397	3
4398	3
4399	7
4400	1
4401	4
4402	3
4404	3
4405	7
4406	3
4407	3
4408	3
4410	3
4411	2
4412	2
4413	1
4414	4
4415	1
4416	1
4417	3
4418	4
4419	1
4420	3
4421	7
4423	4
4424	1
4426	1
4427	1
4428	4
4429	4
4430	2
20814	1
4431	2
4432	4
20817	1
4433	2
4434	1
4435	3
4437	4
4438	1
4439	1
4440	4
4441	3
4442	2
4444	1
20829	1
4445	1
4446	1
4448	3
4449	1
4450	4
4451	1
4453	1
4454	3
4456	1
4457	3
4458	2
4459	2
4460	2
4461	5
4462	2
4463	4
4464	3
4465	2
4466	3
4467	2
4468	2
4469	3
4470	4
4471	3
4472	1
4473	1
4474	3
4475	2
4476	3
4477	2
4478	2
4479	2
4480	3
4481	1
4483	2
4484	4
4485	4
4486	1
4489	2
4490	2
4491	4
4492	4
4493	2
4494	3
4495	1
4496	4
4497	2
4499	5
4500	2
4501	2
4502	2
4503	2
4504	2
4505	1
4506	3
4507	1
4508	2
4509	2
4510	1
4511	2
4512	3
4513	1
4515	5
4516	2
4519	2
4520	5
4521	2
4522	3
4523	4
4524	2
4525	3
4526	4
4527	2
4528	1
4529	2
4530	2
4531	2
4532	3
4533	3
4535	2
4536	2
4537	3
4538	3
4539	4
4541	1
4543	4
4544	3
4545	4
4546	1
4547	4
4548	4
4549	1
4550	3
4551	6
4552	2
4553	6
4554	4
4555	1
4556	4
4557	1
4558	2
4559	3
4560	2
4561	1
4562	2
4563	4
4564	1
4565	4
4567	3
4569	3
4570	5
4571	1
4572	4
4573	5
4574	1
4575	3
4576	1
4577	2
4579	1
4580	3
4581	2
4582	4
4583	4
4584	2
4585	3
4586	3
4588	2
4589	2
4591	5
4592	1
4593	2
4594	1
4595	2
4596	3
4597	1
4598	4
4599	3
4600	5
4603	4
4604	3
4605	4
4606	2
4607	5
4608	2
4609	3
4610	9
4611	2
4612	1
4613	2
4614	1
4615	3
4616	3
4617	2
4618	2
4619	1
4620	2
4621	1
4623	3
4624	3
4625	5
4626	3
4627	3
4628	1
4629	1
4630	1
4631	2
4632	2
4633	1
4634	7
4635	1
4636	1
4637	2
4638	1
4639	2
4640	5
4641	2
4642	2
4643	3
4644	3
4645	1
4646	1
4647	2
4648	4
4650	2
4652	3
4653	2
4654	3
4655	1
4656	4
4657	4
4659	2
4660	2
4661	2
4662	1
4663	1
4664	1
4665	2
4667	2
4668	1
4669	2
4670	3
4671	1
4672	2
4675	3
4676	2
4677	4
4678	1
4679	3
4680	3
4681	1
4682	1
4683	3
4684	2
4685	2
4686	2
4687	5
4688	2
4689	1
4690	3
4691	3
4692	3
4694	5
4695	4
4696	2
4698	2
4699	2
4700	1
4701	2
21085	1
4702	2
4703	1
4704	3
21088	1
4706	1
4707	2
4708	3
4709	5
4710	1
4711	1
4712	4
4713	1
4714	3
4716	5
4717	1
4718	1
4719	4
4720	5
4721	4
4723	2
4725	1
4726	2
4727	2
4728	1
4729	2
4731	1
4732	1
4733	5
21117	1
4734	4
4735	3
4736	2
4737	1
4738	1
4740	2
4742	1
21127	1
4743	1
4744	3
4745	1
21130	1
4746	2
4747	1
4748	1
4749	1
4750	2
4751	1
4752	2
4753	2
4754	1
4755	2
4756	4
4757	4
4758	6
4759	1
4760	2
4761	4
4762	1
4763	3
4764	4
4765	1
4766	2
4768	1
4769	2
4770	6
4772	1
4773	2
4774	2
4775	1
4776	2
4777	2
4779	2
4781	3
4783	2
4784	3
4785	2
4786	1
4787	3
4788	1
4789	4
4790	4
4791	2
4792	4
4794	1
4795	4
4796	2
4797	2
4798	1
4799	1
4800	1
4802	4
4803	1
4804	6
4805	4
4806	1
4807	4
4810	2
4811	5
4812	2
4813	3
4814	5
4815	2
4816	2
4817	3
4818	2
4819	2
4820	1
4821	2
4822	1
4823	3
4824	4
4825	2
4826	1
4827	3
4828	2
4829	2
4830	2
4832	1
4833	3
4834	1
4835	5
4836	2
4837	3
4838	3
4840	1
4841	3
4842	2
4843	3
4844	2
4845	1
4846	4
4848	3
4849	1
4851	2
4852	2
4853	2
4854	4
4855	1
4856	2
4859	3
4860	2
21244	1
4862	2
4863	1
4864	2
4865	2
4866	3
4867	1
4868	2
4869	1
4870	5
4871	3
4872	2
4873	1
4874	5
4876	3
4877	3
4878	3
4879	3
4880	3
4881	3
4882	1
4883	1
4884	2
4885	3
4886	1
4887	2
4888	3
4889	4
4890	2
4891	2
4892	3
4893	4
4894	2
4896	2
4897	4
4898	2
4899	3
4901	2
4902	5
4903	2
4904	1
4905	1
4907	3
4908	4
4910	1
4912	5
4913	3
4914	2
4916	1
4917	3
4918	1
4919	1
4920	1
4921	1
4922	1
4923	2
4924	1
4925	3
4926	1
4927	5
4928	2
4929	2
4930	3
4931	2
4932	3
4933	3
4935	1
4936	3
4937	3
4939	4
4940	1
4941	3
4942	4
4943	1
4944	5
4945	3
4946	1
4947	1
4949	1
4950	1
4951	3
21335	1
4952	5
4953	3
4954	2
4955	1
4956	1
4957	2
4958	2
4959	1
4960	2
4961	1
4962	2
4964	2
4965	1
4966	2
4967	4
4968	2
4970	3
4971	2
4972	2
4973	2
4974	1
4975	2
4976	2
4977	2
4978	2
21362	1
4981	4
4983	1
4984	2
4985	1
4986	3
4987	2
4989	2
4990	1
4992	1
4993	3
4994	1
4995	4
4996	3
4997	4
4998	4
4999	4
5000	1
5001	4
5002	1
5003	2
5005	2
5006	2
5007	1
5008	2
5009	2
5010	1
5012	1
5015	3
5016	4
5017	2
5019	1
5020	2
5021	1
5022	2
5023	2
5024	2
5025	1
5026	1
5027	1
5029	5
5030	2
5033	1
5034	1
5035	2
5036	2
5038	2
5039	2
5040	1
5041	1
5043	2
5044	3
5045	1
5046	2
5047	4
5049	1
5050	2
5051	3
5052	1
5055	1
5056	3
5057	4
5058	2
5059	1
5060	2
5061	1
5062	1
5063	1
5064	4
5066	2
5067	2
5068	2
5069	1
5070	2
5072	4
5073	1
5074	2
5075	3
5076	2
5077	6
5078	3
5079	2
5080	1
5081	4
5082	3
5083	5
5084	1
5085	3
5086	2
5087	2
5088	1
5089	1
5090	2
5091	3
5092	4
5094	2
5095	1
5096	1
5097	2
5098	3
5099	1
5100	2
5103	3
5105	2
5106	2
5107	2
5108	1
5109	1
5112	4
5113	2
5114	2
5116	1
5117	3
5118	1
5119	2
5120	1
5122	2
5123	2
5124	1
5125	3
5126	1
5128	2
5129	1
5130	2
5131	1
5132	4
5133	2
5134	1
5135	1
5137	2
5138	3
5139	1
5141	1
5143	2
5145	2
5146	3
5147	3
5148	3
5149	3
5150	1
5152	3
5154	1
5156	3
5157	2
5158	1
5159	1
5160	1
5161	1
5162	1
5163	1
5164	4
5165	1
5166	2
5167	2
5168	4
5169	2
5170	3
5171	3
5173	3
5174	3
5176	1
5177	1
5178	3
5179	1
5180	3
5181	2
5182	2
5184	3
21568	1
5185	1
5186	4
5187	1
5188	3
5189	2
5190	1
5191	2
5192	2
5193	1
5194	4
5195	2
5196	1
5197	3
5198	1
5199	1
5200	2
5202	4
5203	3
5204	2
5205	1
5206	1
5207	3
5208	3
5209	4
5210	2
5212	2
5213	1
5214	2
5215	2
5216	1
21601	1
5217	4
5218	3
5219	3
5220	2
5221	3
5222	2
5223	1
5224	1
5225	5
5226	2
5227	3
5228	1
5229	3
5230	1
5231	1
5232	2
5233	2
5234	2
5235	1
5237	2
5238	2
5240	1
5241	2
5243	2
5244	4
5245	1
5247	2
5249	2
5250	2
5251	3
5252	1
5253	1
5254	3
5255	6
5256	1
5257	3
5258	2
5260	2
5261	2
5262	1
5264	2
5265	1
5266	2
5269	3
5271	4
5272	3
5273	3
5276	3
5277	3
5278	2
5279	3
5280	2
5281	3
5282	1
5283	2
5285	4
5286	4
5287	1
5289	4
5290	1
5291	2
5292	2
5293	2
5294	3
5295	2
5296	3
5297	3
5298	1
5299	1
5300	2
5301	2
5302	1
5303	1
5304	3
5306	2
5307	1
5308	2
5309	2
5310	1
5311	3
5312	2
5314	2
5315	2
5316	1
5317	4
5318	5
5319	1
5321	6
5322	1
5323	3
5324	3
5325	2
5326	2
5327	2
5328	2
5329	1
5330	3
5331	1
5332	1
5333	2
5334	1
5335	1
5336	1
5337	1
5339	2
5340	1
5341	1
5342	2
5343	3
5344	3
5345	1
5347	4
5348	3
5349	3
5350	3
5351	3
5352	3
5354	1
5357	3
5358	1
5360	1
5362	5
5363	1
5364	3
5365	1
5366	1
5367	1
5368	4
5369	1
5370	1
5371	2
5373	2
5374	3
5376	2
5377	1
5378	1
5379	1
5380	2
5381	1
5382	1
5383	4
5384	4
5385	2
5386	5
5387	1
5388	1
5389	3
5390	2
5391	1
5393	2
5394	1
5396	2
5397	2
5398	3
5399	2
5400	3
5401	3
5402	4
5404	2
5405	1
5406	1
5407	1
5408	1
5409	1
5410	1
5411	2
5413	1
5414	1
5415	1
5416	2
5417	2
5418	1
5419	2
5420	1
5421	4
5422	2
5424	3
5425	1
5427	2
5429	1
5430	4
5431	1
5432	6
5433	1
5434	1
5435	2
5436	2
5437	2
5439	1
5440	2
5441	2
5442	1
5444	1
5445	2
5446	2
5447	2
5449	1
5450	1
5451	1
5454	3
5455	1
5456	1
5457	1
5458	1
5460	2
5462	1
5463	2
5464	1
5466	1
5467	2
5468	3
5469	1
5470	1
21854	1
5471	2
5472	3
5473	2
21857	1
5474	2
5479	1
5480	3
5481	1
5482	3
5484	1
5485	1
5486	2
5487	3
5489	2
5492	3
5493	2
5495	1
5496	3
5498	1
5499	2
5500	1
5502	1
5504	1
5505	1
5507	4
5508	4
5509	1
5511	3
5512	2
5513	1
5514	3
5516	1
5517	3
5519	2
5520	4
5521	1
21905	1
5522	2
21907	1
5523	3
5524	1
5525	4
5526	2
5527	3
5528	4
21912	1
5529	1
5530	2
5531	3
5532	2
5533	2
5534	1
5535	1
5536	1
5537	2
5538	1
5539	6
5541	1
5542	2
5543	2
5544	4
5545	1
21930	1
5547	1
5548	1
5549	1
5550	1
5552	2
5553	3
5554	1
5555	2
5556	2
21940	1
5557	1
5558	5
5559	1
5560	1
5563	4
5565	1
5566	2
5567	3
5568	2
5569	1
5571	4
5572	1
5576	1
5577	1
5578	1
5579	1
5580	1
5581	3
5582	3
5584	2
5585	1
5586	1
5587	2
5589	2
21974	1
5591	1
5592	1
5594	2
5595	1
5596	1
5597	2
5598	4
5599	4
5600	3
5601	1
5602	4
5603	1
21987	1
5604	2
5605	2
5606	5
5607	1
5608	2
5609	1
5611	2
5612	1
5613	1
5614	1
5615	2
5616	1
5617	2
5619	1
5621	2
5622	1
5624	2
5625	1
5626	2
5627	3
5628	1
5629	1
5630	4
5631	2
5632	1
5633	1
5634	6
5635	2
5636	2
5638	1
5639	3
5640	1
5641	3
5642	1
5643	1
5645	3
5646	1
5648	2
5650	1
5651	2
5652	1
5653	1
5654	1
5655	1
5657	1
5658	2
5659	3
5660	1
5661	4
5662	3
5663	5
5664	4
5665	2
5667	1
5668	1
5669	2
5670	4
5671	2
5674	2
5675	1
5677	1
5678	2
5679	2
5680	3
5681	1
5684	1
5685	5
5686	2
5688	1
5689	2
5690	3
5692	2
5695	4
5696	2
5697	1
5699	3
5700	1
5701	3
5702	1
5703	3
5704	1
5705	3
5706	1
5707	2
5708	1
5709	1
5710	3
5711	4
5713	1
5715	2
5716	1
5717	1
5718	1
5719	3
22103	1
5720	1
5721	1
5722	1
5724	2
5726	1
5727	5
5730	1
5733	2
5734	3
22118	1
5736	1
5737	3
5738	3
5740	3
5741	1
5742	2
5743	1
5744	1
5745	1
5746	1
22130	1
5748	2
5749	2
5750	1
5752	3
5753	2
22137	1
5754	1
5755	1
5756	1
5757	5
5758	2
5759	1
5761	1
5764	5
5765	1
5766	3
5768	2
5770	1
5771	1
5772	2
5775	2
5776	1
5777	2
22162	1
5780	2
5781	2
5783	2
5784	1
5785	2
5786	2
5788	1
5789	6
5791	1
5792	3
5793	1
5794	1
5795	4
5796	3
22180	1
5797	1
5798	2
5801	2
5802	1
5805	3
5806	1
5807	2
5808	6
5810	1
5811	4
5812	1
5813	2
5816	1
5817	2
5818	2
5819	1
5822	1
5825	1
5828	2
5829	1
5830	2
5832	1
5833	3
5834	2
5835	3
5837	4
5838	2
5839	1
5840	6
5841	1
5842	1
5843	3
5845	1
5847	3
5849	2
5850	2
5851	2
5852	1
5853	2
5855	1
5856	2
5857	1
5859	1
22243	1
5860	4
5861	2
5862	4
5863	1
5864	1
5865	1
5867	3
5868	1
5871	2
22255	1
5873	1
5874	3
5875	1
5876	2
5877	2
22263	1
5880	2
5882	4
22266	1
5884	1
5885	1
5887	1
5888	1
5890	1
5891	3
5892	1
5894	2
5895	1
5896	1
5899	2
5900	2
5903	2
5904	2
5906	1
5907	3
5908	1
5909	2
5910	2
5912	2
5913	3
5915	1
5916	2
5917	1
5918	2
5919	1
5920	1
5921	2
5922	1
5923	1
5925	2
5926	1
5927	1
5928	1
5930	1
5931	2
5933	1
5937	1
5938	2
5940	3
5941	2
5942	3
5943	2
5944	3
5945	1
22330	1
5947	3
5948	1
5949	1
5950	1
5952	1
5953	2
5954	1
5955	2
5957	1
5958	1
5959	2
5961	1
5962	3
5963	3
5964	2
5965	2
5966	2
5970	4
5971	1
5972	1
5973	3
5974	2
5975	3
5976	1
5979	1
22363	1
5980	1
5982	6
5983	1
5986	1
5987	1
5988	1
5989	1
5991	3
22378	1
5998	1
6000	2
6001	3
6002	1
6004	1
6005	2
6006	1
6007	2
6009	1
6010	2
6011	2
6012	1
6013	1
6014	1
6015	1
6016	1
6017	1
6018	4
6021	1
6022	2
6025	1
6026	1
6028	1
6029	1
6031	1
6033	1
22418	1
6034	1
6040	1
6042	2
6044	2
6045	1
6047	1
6048	1
6049	1
6050	2
6051	3
6052	1
6054	1
6055	1
6057	1
6058	3
6059	2
6060	1
6061	1
6062	1
6063	2
6065	3
6067	1
6068	2
6070	1
6073	3
6074	3
6075	1
6076	2
6078	2
6079	2
6080	3
6081	2
6082	2
6083	4
6084	3
6085	1
6086	2
6087	2
6088	1
22473	1
6090	2
6091	2
6092	2
6094	1
6095	1
6096	2
6097	2
6098	1
6099	3
6100	1
6101	4
6102	3
6103	1
6104	2
22489	1
6106	3
6107	1
6108	2
6109	1
6110	1
6111	1
6112	1
6113	3
6114	2
6115	1
22499	1
6116	3
6119	1
6120	3
6121	1
6122	2
6123	1
6125	1
6126	2
6127	3
6129	1
6130	1
6131	4
6132	1
22517	1
6134	1
6135	1
6136	2
6137	3
6138	1
6140	1
6141	1
6143	1
22528	1
6145	1
6146	1
6148	1
6149	3
6150	1
22534	1
6151	2
6153	3
6154	1
22538	1
6155	1
6156	2
6157	1
6158	2
6159	1
6160	3
6161	1
6162	1
6163	2
6164	1
6165	1
6166	2
22550	1
6168	2
6169	2
6170	1
6171	3
6174	1
6176	3
6178	1
6179	2
6181	2
6183	1
6185	2
6186	1
6187	1
6190	1
6191	1
6192	5
6193	1
6194	1
6196	1
6200	1
6201	2
6202	1
6204	3
6205	1
6206	3
6207	2
6208	1
6210	1
22595	1
6211	1
6213	1
6214	2
6216	1
22600	1
6217	1
6218	3
6219	1
6221	1
6222	3
6223	3
6224	1
6225	2
6227	1
6229	1
6230	1
6231	1
6233	1
6234	3
22618	1
6235	2
6237	1
6239	2
6240	1
6243	1
6245	1
6246	3
6247	1
6248	1
6249	1
6252	1
6254	1
6255	2
6256	1
6257	2
6258	1
6259	4
6261	1
6263	1
6265	2
6266	1
6267	2
6269	1
6270	1
22655	1
6272	2
6275	1
6276	1
22661	1
6279	2
6280	2
6281	1
6282	2
6284	1
6285	1
6286	1
6287	3
6288	1
6290	3
6292	2
6293	1
6294	3
22678	1
6297	1
6298	2
6300	1
6301	1
6302	1
6303	2
6304	2
6305	2
6306	2
6307	1
6308	1
6310	3
22694	1
6314	1
6315	2
6316	2
6317	1
6318	1
6319	1
6320	3
6321	1
6322	2
6323	3
6324	3
6326	2
6327	1
6328	2
6329	1
6330	1
6331	2
6332	1
6333	3
6339	1
6341	2
6342	1
6343	1
6345	1
6346	2
6347	1
6348	1
22736	1
6352	1
6353	1
6354	2
6357	3
6359	1
22743	1
22744	1
6361	1
6362	2
6363	1
6364	2
6365	1
6367	1
6368	1
22756	1
6374	2
6375	1
6376	1
6377	2
6378	1
6379	1
6382	1
6383	1
6384	2
6385	4
6387	1
22771	1
6388	2
6390	1
6391	1
6392	2
6393	1
6394	2
6395	1
6396	3
6397	1
6398	2
6399	1
6400	1
6401	1
6402	2
6403	1
6405	1
22791	1
6407	3
6408	1
6409	1
6411	3
6412	3
6413	1
6414	1
6415	1
6416	1
6418	4
22802	1
6420	1
22806	1
6424	1
6425	1
6426	1
6427	3
6428	1
22812	1
6429	1
22814	1
6431	1
6432	1
6433	2
6434	2
6435	2
6439	3
6440	2
6441	4
6443	2
6444	2
6445	1
6446	1
6447	1
6449	1
6450	1
6451	3
6454	2
6455	4
6457	1
6458	1
6459	3
6461	1
22845	2
6463	1
6464	1
22849	1
6467	1
6469	3
6470	2
6472	3
6473	3
6474	3
6477	1
6479	3
6483	3
6487	1
6488	2
6491	1
6492	1
6493	1
6495	1
6496	1
6498	1
6499	2
6500	1
6502	1
6503	1
6505	2
6509	1
6510	1
6511	4
6512	1
22899	1
6516	2
6518	2
6520	2
6521	2
6525	1
6526	1
22910	1
6529	3
22913	1
6530	1
6531	1
6532	3
6533	2
6536	1
6540	1
6542	1
6543	1
6544	3
6545	2
6548	3
6549	1
6551	1
22935	1
6553	1
6554	1
6555	1
6556	1
6557	1
6560	1
6561	2
6566	4
6567	1
6568	3
6569	1
6570	1
6572	1
6573	3
6576	1
6577	1
6579	1
6580	2
6584	3
6585	1
6587	3
6588	1
6589	1
6592	2
6593	1
6594	2
6597	1
6598	1
6599	3
6604	2
6605	2
6607	1
6608	2
6610	1
6611	1
6612	1
6613	1
6616	2
6617	1
6619	1
6620	1
6621	3
6624	1
6625	1
6627	2
6628	3
6629	2
6630	1
6632	1
6633	2
6636	2
6637	1
6638	2
6639	1
6645	1
23031	1
6647	1
6648	1
6649	2
6650	2
6651	2
6653	1
6654	3
6655	2
6657	1
6658	1
6660	2
6661	2
23046	1
23049	1
6668	1
6671	1
6673	1
6675	1
6677	2
6678	3
6679	2
6681	2
23065	1
6684	1
6686	1
6687	2
6688	3
6689	1
6691	4
6692	1
6693	1
23077	1
6694	1
6697	2
6699	1
6700	1
6703	1
6704	2
6707	1
6708	2
6710	1
6712	1
6714	1
6715	1
6716	1
6717	2
6718	1
6719	1
6720	1
6721	1
6723	1
6724	1
6725	1
6728	1
6729	2
6730	1
6732	1
6733	2
6736	1
6737	3
6738	1
6739	1
6740	1
6741	1
6742	1
6744	1
6745	1
6752	4
6754	1
6755	1
6756	2
6757	1
6759	2
6761	3
6762	1
6763	1
6764	3
23148	1
6766	2
6769	2
6770	3
6771	1
6773	1
6775	4
6779	1
6780	1
6781	2
23165	1
6784	2
6788	1
6794	1
6798	1
23185	1
6801	1
6802	2
6803	2
6806	3
6807	1
6808	2
6809	1
23193	1
6811	2
6814	1
6818	2
6819	1
6820	2
6821	1
6822	1
6823	2
6825	1
6826	2
6827	1
6828	1
6829	1
23213	1
6830	1
6831	1
6833	2
23217	1
6834	2
6835	1
6836	1
6837	1
6838	1
6839	1
6840	1
6843	1
6844	1
6845	3
6846	1
6847	2
6848	1
6849	1
6850	2
6851	1
6852	2
6856	1
6857	2
6858	1
6861	1
6863	2
6866	2
6867	1
6868	1
6869	1
23254	1
6872	2
6875	1
6879	1
6880	1
23264	1
6881	1
23266	1
6882	1
6884	1
23268	1
6886	2
6887	1
6888	1
6890	2
6892	2
6893	3
6895	1
6898	1
6899	1
6900	1
23284	1
6901	1
6904	2
6906	1
6908	2
23292	1
6910	4
6912	2
6913	5
6918	1
6919	1
6920	1
6921	2
6922	1
6923	1
6926	1
6927	1
6928	1
6930	1
6931	2
6932	1
6933	1
6937	1
6939	2
6941	2
6942	2
6952	3
6956	1
6961	1
6962	1
6963	1
6966	2
6967	2
6969	1
6972	2
6974	1
6978	1
6979	1
6981	2
6983	2
23368	1
6984	2
6985	2
6989	1
6992	2
6993	1
6994	1
6999	2
7000	3
7001	2
7002	1
7004	1
7006	3
7010	1
7013	1
7014	1
7015	2
7017	1
7018	2
23403	1
7021	1
7023	1
7025	2
7028	1
7029	1
7030	1
7031	1
7033	1
7035	2
7038	2
7040	2
23427	1
7047	1
7049	1
7050	1
23436	1
7052	1
7055	1
7056	1
7058	1
7060	2
7061	1
7065	1
7066	1
7067	1
23454	1
7072	1
23459	1
7075	1
7076	1
7077	1
7078	1
7079	1
7080	2
7081	1
7082	2
7083	1
7084	1
7086	1
7087	1
7088	2
7089	1
7091	1
7092	1
7093	2
7094	2
7095	2
7096	1
7098	2
7099	1
7100	1
7101	1
7102	2
7103	1
7104	2
7105	2
7106	1
7107	1
7108	1
7109	1
7110	2
7111	2
7114	1
7117	1
7119	1
7120	1
7121	1
7123	3
7125	3
7128	1
23513	1
7130	1
7131	1
7132	1
7138	2
7140	1
7142	3
7144	2
7146	1
7147	1
7150	1
7153	1
7154	1
7156	1
7157	2
7159	1
7160	1
7161	3
7162	2
7163	1
7164	1
7165	2
7170	5
7172	2
7173	1
7175	3
7176	1
7179	2
7180	1
7182	1
7183	1
23567	1
7184	1
23568	1
7188	1
7190	1
7192	1
7194	2
7196	1
23581	1
7198	2
23582	1
7199	1
7201	1
7202	1
23587	2
7204	1
7205	1
7206	1
7207	2
7212	2
7213	1
7215	2
7217	1
7219	2
7221	1
7223	1
7225	1
7226	1
7231	1
7232	2
7233	1
7234	2
7236	1
7238	2
7239	1
7245	1
23630	1
23632	1
7251	1
7252	2
7254	1
7255	1
7258	1
7268	1
7269	1
7270	1
7271	1
7273	1
7275	1
7276	1
7279	1
7283	1
7285	2
7286	2
23676	1
7293	2
7294	1
7295	1
7296	1
7297	1
23681	1
7298	1
7300	1
7301	1
7302	1
7305	2
7307	1
7309	1
7311	1
7312	1
7313	1
7315	2
7318	1
7321	1
7323	1
7324	2
7325	2
23715	1
7332	2
7334	1
7335	1
7338	1
7339	3
23726	1
7342	2
23727	1
23729	1
23730	1
23731	1
23732	1
7349	1
23733	1
23734	1
23735	2
23736	1
7355	2
23739	1
7357	2
7359	2
7361	1
23749	1
23750	1
7369	1
7370	1
7372	1
7375	2
7376	2
23760	1
7377	1
7380	1
23765	1
7381	1
7385	2
23770	1
23772	2
7390	1
7392	1
23778	1
23779	1
7395	1
7396	1
23781	1
7397	1
7399	3
23785	1
7405	3
7406	2
7407	1
7408	1
23793	1
7410	1
7411	1
7412	2
7413	2
23798	1
23799	1
7415	1
7416	1
7418	3
23806	1
7422	1
7425	1
23809	1
7426	1
7430	2
7433	1
7439	1
23826	1
7443	1
7444	2
7446	2
7447	1
23831	1
23832	1
7448	2
7449	1
23833	1
23834	1
23835	1
23836	1
7452	2
23837	1
23838	2
23839	1
7456	1
23840	1
23841	1
23842	1
7458	1
23843	1
23844	1
23845	1
23846	1
23847	1
7464	1
7469	1
7470	1
7473	1
23860	1
7477	1
7480	1
23865	1
7481	1
7482	1
23867	1
7484	2
23868	1
7485	1
23875	1
7492	1
7493	1
7494	1
7495	1
7496	1
7497	2
7498	3
7499	1
7501	2
7506	2
7508	2
7509	1
23894	1
7513	1
7514	2
23899	1
7520	1
7521	1
7522	2
23906	1
7525	1
7526	3
7527	1
7528	2
7529	1
23914	1
7531	2
7532	1
23918	1
7534	1
23919	1
7536	1
7539	1
7540	2
23925	1
7543	1
7546	2
7547	2
7548	1
7552	1
7553	1
7554	1
7559	1
7562	1
23946	1
7564	1
7567	1
23951	1
7569	1
7570	1
7571	1
7572	1
7575	1
23959	1
7577	1
7578	1
7579	1
7582	1
7583	1
23967	1
7584	1
7585	1
7586	1
7587	1
7588	1
23976	2
7592	1
7595	1
23987	1
7604	2
7605	1
7607	1
7609	1
23993	1
7610	1
7612	1
7613	1
7615	1
7621	2
7622	1
7624	2
7625	1
7630	1
7631	1
24017	1
7634	1
7635	1
7636	1
7638	2
7639	1
7640	2
7641	2
7642	1
7644	1
7652	1
7653	1
7654	1
7657	1
7660	1
7661	2
7662	1
7663	1
7664	1
7666	1
7668	1
7669	1
7670	1
7674	1
7676	1
7678	3
7681	1
24067	1
7684	1
24072	1
7689	2
24074	1
7691	3
7693	1
7694	2
7695	1
24082	1
7701	3
7703	1
7704	1
7706	1
7708	1
7710	2
7712	1
7715	1
7716	1
7717	1
7719	1
7720	3
7721	1
7725	1
24109	1
7727	1
7728	2
7733	2
7735	3
7736	1
7737	1
7738	1
7740	1
7742	2
24127	1
7746	2
7749	2
7750	1
24134	2
7751	1
7754	1
24138	1
7755	2
7756	1
24140	1
7757	3
7760	3
24147	1
7763	1
7764	1
7768	2
7769	2
7770	1
7771	1
24156	1
7775	2
7776	2
7779	1
7780	1
7781	3
7782	1
24170	1
7789	1
7790	1
7792	2
7793	1
7794	1
7796	1
7797	1
7798	1
7800	1
7806	1
7807	1
7808	1
7812	1
7814	1
7819	1
7821	1
24205	1
7824	4
7827	1
7828	1
7832	1
7836	1
7839	2
7843	1
7846	1
7847	2
7848	1
7850	1
7852	1
7854	1
7857	1
24242	1
7862	1
7864	1
7866	1
7868	2
7869	1
24254	1
7878	2
7879	1
7881	1
7885	1
7887	2
7888	3
7890	1
7894	1
7895	1
7897	1
7898	2
7905	1
7907	1
7908	1
7909	1
7910	2
7911	3
7913	1
7914	1
7915	2
7916	2
7917	3
7918	1
7919	1
7920	1
7921	1
7922	2
7926	2
7929	1
7932	1
7938	1
7940	1
24326	1
7944	2
7945	1
7946	1
7948	1
7953	1
7954	2
7958	2
7960	1
7961	1
7962	1
7963	1
7964	1
7968	1
7971	1
24359	1
7985	1
7990	2
7993	1
7994	1
7996	1
7997	1
7998	2
8000	1
24390	1
8006	1
8013	1
8014	2
8017	1
8018	1
8023	1
8026	1
24412	1
8031	2
8032	1
8034	4
8035	2
8036	1
8037	1
8040	3
8042	2
8043	1
8044	1
8047	1
8049	1
8051	1
8053	1
8054	1
24440	1
8059	1
8061	1
8065	1
8066	1
24451	1
8068	2
8071	1
8075	1
8077	2
8078	1
8080	1
24464	1
8084	1
8085	1
8086	2
8090	1
24476	1
8095	2
8098	1
8101	1
8104	1
8111	1
24495	1
8115	1
8117	1
8118	2
8126	2
8134	1
8135	1
8136	2
8139	2
8140	2
8141	1
8142	2
8143	1
24527	1
8144	1
8149	2
8151	1
8153	1
8156	1
8158	2
8159	1
8167	1
8168	1
8174	2
8177	1
8178	1
24564	1
24567	1
8186	1
8188	1
24572	1
8189	1
8191	2
8192	3
8193	1
8197	1
8199	1
8200	1
8201	2
8202	1
8203	1
24588	1
8208	2
24596	1
8213	1
8214	1
8216	1
8219	1
8229	1
24613	1
8232	1
8233	1
8236	2
8237	1
24621	1
8239	1
8240	2
24626	1
8242	1
8246	1
8250	1
8251	1
8254	1
8256	1
24640	1
8261	2
8263	1
8264	1
8266	2
8268	1
8269	3
8273	1
24657	1
8275	1
8277	1
8279	2
8281	1
8283	1
8291	1
24678	1
8298	1
8299	1
8307	1
8309	1
8310	2
24697	1
8318	2
8320	1
8327	1
8329	1
24713	1
8331	1
8332	1
8333	2
8337	1
8338	3
8341	1
8343	1
8345	3
8346	1
24730	1
8347	2
8349	1
8350	1
8354	1
8357	1
8358	1
8364	1
8370	2
8383	1
8384	1
8386	1
8388	1
8389	1
8392	1
8397	1
8398	1
8399	1
8401	1
8405	1
8406	1
24791	1
8409	2
8411	1
8416	1
8417	1
8418	2
8423	1
8430	1
8432	1
8433	1
8437	1
8439	1
8451	1
8455	1
8460	1
8462	1
8464	1
8467	1
8470	1
8471	2
8472	1
8477	2
8482	1
8483	1
8487	2
24872	1
8489	1
8494	1
8495	1
8498	1
8502	1
8504	1
8508	1
8511	1
8518	2
8520	2
8521	1
8524	1
8528	1
8532	2
8533	1
24918	1
8541	1
8543	1
8547	1
8553	1
8554	1
8563	1
8564	1
24948	1
24949	1
8566	1
8573	2
8580	1
8581	1
8583	2
8590	1
8596	1
8599	1
8603	1
24992	1
8612	3
8613	1
8616	1
8618	2
25002	1
8621	1
8624	2
25008	1
8627	1
8632	1
25017	1
25018	1
25021	1
8638	1
8639	2
8640	1
8642	2
25037	1
8659	1
8660	1
8662	1
8663	1
8664	2
25048	1
8670	2
8674	1
8681	2
8683	2
8686	1
8689	1
8690	1
8691	1
8694	1
8695	3
8699	1
8701	1
8702	1
8706	1
8711	1
8714	1
8715	1
8719	1
8722	1
8733	1
8736	1
8737	1
8744	1
8748	1
8752	1
8754	1
8760	1
8762	1
8763	1
8765	1
8771	1
8776	2
25163	1
8780	1
8782	1
8784	1
8792	1
8793	1
8794	1
8797	1
8800	1
8810	1
8817	1
8823	1
8825	2
8828	1
8831	1
25215	1
8832	1
8834	2
8835	1
8837	1
8838	1
8852	1
8853	1
8857	1
8858	2
8867	2
8869	2
8870	2
8871	1
8872	2
8873	1
8879	1
8883	1
8891	1
8893	1
8895	2
8900	2
8901	1
8907	1
8910	1
8913	1
8918	1
8921	1
8934	1
8936	1
8939	1
8941	3
8942	1
8943	2
8946	1
8951	1
8952	2
8956	1
8957	1
8958	1
8967	1
8969	1
8973	1
8975	1
8977	1
8979	2
8980	1
8992	1
8996	1
9002	1
9003	1
9006	2
9008	1
9009	1
9012	1
9017	2
9018	1
9021	2
9029	1
9033	1
9036	1
9038	1
9044	1
9045	2
9053	1
9057	2
9059	1
9060	1
9062	1
9081	1
9082	2
9084	1
9089	1
9091	2
9093	1
9095	1
9096	1
25484	1
9103	2
9106	1
9117	1
9118	2
9120	1
9122	1
9123	1
9124	1
9129	2
25514	1
9130	1
9136	1
9137	1
9138	1
9139	2
9141	1
9146	1
9150	2
9155	2
9156	1
9157	1
9162	1
9166	1
9168	1
9172	1
9175	1
9177	1
9182	2
9184	1
9192	1
9193	1
9194	1
9195	1
9200	3
9201	1
9203	2
9205	1
9207	1
9208	1
9209	1
9212	1
9213	1
9215	1
9222	1
9223	1
9227	1
9228	1
9233	1
9236	1
9237	1
9238	1
9243	1
9251	1
9266	3
9267	1
9268	1
9273	1
9279	1
9282	1
9289	1
9292	1
9297	1
9301	2
9302	1
9304	2
9306	1
9307	1
9312	1
9314	1
9332	1
9333	1
25722	1
25725	1
9342	1
9351	1
9357	1
9364	1
9367	1
9369	1
9377	2
9378	1
9379	2
9381	1
9383	1
25768	1
9389	1
9392	2
9394	2
9395	2
9402	1
9406	1
9407	2
9408	2
9410	1
9413	2
9414	1
9416	1
9417	2
9424	1
9425	1
9426	2
9427	1
9428	1
9435	1
9437	1
9438	2
9442	1
9444	1
9448	1
9452	2
9458	1
9461	1
9464	1
9466	1
9468	1
9474	1
9479	1
9480	1
9485	2
9489	1
9490	1
9491	2
9493	2
9496	1
9499	1
9502	1
9510	1
9513	1
9518	1
9519	1
9520	1
9522	1
9531	1
9532	1
9538	3
9545	1
9546	1
9556	1
9563	1
9567	1
9571	1
9572	1
9583	1
9597	1
9598	1
9600	1
9601	1
9606	1
9609	2
9613	1
9616	2
9622	1
9634	1
9641	1
9643	1
9650	1
9666	1
9667	1
9675	1
9685	1
9689	1
9693	1
9701	1
9706	2
9715	1
9720	1
9725	1
9730	1
9738	1
9739	1
9741	1
9757	1
9761	1
9762	1
9765	1
9771	3
9773	1
9774	2
9777	1
9781	1
9782	1
9785	1
9788	1
9795	1
9800	1
9803	1
9805	3
9811	1
9816	1
9819	1
9823	1
9830	1
9836	1
9837	1
9840	2
9860	1
9861	2
9878	1
9882	1
9885	1
9891	1
9897	1
9915	1
9934	1
9935	1
9948	1
9951	1
9961	1
9966	1
9967	1
9970	1
9974	1
9976	2
9977	1
9980	2
9983	1
9985	1
9986	2
9987	1
9991	2
9993	1
9996	1
10002	1
10005	1
10006	1
10007	1
10013	1
10016	1
10019	2
10022	1
10036	1
10047	1
10050	2
10051	1
10055	1
10057	1
10060	1
10065	2
10066	1
10067	1
10080	1
10082	2
10085	1
10090	2
10105	2
10112	1
10120	1
10123	1
10127	1
10132	1
10136	1
10144	1
10145	2
10154	1
10155	1
10158	1
10162	1
10169	1
10175	1
10185	1
10186	1
10188	1
10189	2
10217	1
10218	1
10222	3
10228	1
10234	1
10236	1
10239	1
10243	1
10244	1
10245	1
10249	1
10250	1
10254	1
10257	2
10283	1
10286	1
10289	1
10292	1
10296	1
10303	1
10315	1
10325	2
10337	1
10339	1
10354	1
10357	1
10359	1
10368	1
10373	2
10374	1
10378	1
10379	1
10388	1
10391	1
10392	1
10393	1
10405	1
10408	1
10410	1
10420	1
10422	1
10426	1
10427	2
10432	1
10434	1
10442	1
10443	1
10447	1
10448	1
10449	1
10451	1
10457	2
10458	1
10462	2
10479	2
10482	1
10483	1
10487	1
10493	1
10495	1
10496	1
10497	1
10498	1
10499	1
10502	2
10504	1
10505	1
10509	1
10514	1
10516	1
10517	1
10527	1
10531	1
10538	1
10544	1
10555	1
10556	1
10558	1
10560	1
10562	1
10577	1
10578	1
10581	1
10582	1
10590	1
10597	1
10602	1
10603	1
10604	1
10613	1
10617	1
10621	1
10625	2
10632	1
10635	1
10636	1
10639	2
10640	1
10641	2
10651	1
10654	1
10661	1
10665	1
10669	1
10671	1
10676	1
10677	1
10682	1
10707	1
10710	2
10715	1
10716	1
10717	1
10720	1
10726	1
10731	1
10755	1
10767	1
10771	1
10772	1
10776	1
10778	1
10786	1
10787	1
10794	2
10813	1
10815	1
10828	1
10829	1
10831	1
10836	1
10844	1
10846	1
10849	1
10850	1
10855	1
10858	1
10874	1
10876	1
10884	1
10888	1
10889	1
10890	1
10893	1
10898	1
10902	1
10903	1
10904	1
10905	1
10907	1
10909	1
10935	1
10936	1
10955	1
10956	1
10963	1
10969	1
10976	1
10980	2
10984	1
10988	1
10993	1
11003	1
11005	1
11007	1
11026	1
11036	2
11037	1
11040	1
11055	1
11061	1
11072	1
11079	1
11082	1
11089	1
11101	1
11104	1
11121	1
11131	1
11133	1
11140	1
11148	1
11157	1
11165	1
11169	1
11170	1
11171	1
11173	1
11176	1
11197	1
11199	1
11202	1
11203	1
11220	1
11221	1
11223	1
11224	1
11226	1
11229	1
11232	1
11236	1
11253	1
11273	1
11279	1
11280	1
11282	1
11290	1
11292	2
11295	1
11297	1
11298	1
11304	1
11306	1
11308	1
11324	1
11327	1
11330	1
11333	1
11334	1
11344	1
11350	1
11360	2
11363	1
11367	1
11373	1
11374	1
11375	1
11376	1
11386	1
11388	1
11392	1
11405	1
11407	1
11410	1
11411	1
11418	3
11427	1
11432	2
11435	1
11441	1
11449	1
11454	1
11455	1
11458	1
11465	2
11470	1
11472	1
11477	1
11478	1
11481	1
11494	1
11497	1
11501	1
11502	1
11507	1
11513	1
11516	1
11527	1
11537	1
11540	1
11544	1
11549	1
11559	2
11562	1
11567	1
11575	1
11577	1
11578	1
11590	1
11597	1
11614	1
11620	1
11622	1
11633	1
11636	1
11639	1
11640	1
11649	1
11657	1
11666	1
11677	1
11686	1
11688	1
11705	1
11715	2
11727	1
11728	1
11731	1
11738	1
11762	1
11769	1
11771	1
11777	1
11784	1
11796	1
11828	1
11831	1
11837	2
11849	1
11859	1
11863	1
11898	1
11901	2
11902	1
11905	2
11913	1
11921	1
11929	1
11933	2
11938	1
11947	1
11952	2
11954	1
11959	1
11972	1
11974	1
11976	1
11977	1
11986	1
12002	1
12004	1
12006	1
12007	1
12010	1
12015	1
12016	1
12029	1
12038	1
12050	1
12066	1
12077	1
12089	1
12093	2
12094	1
12105	1
12106	1
12113	1
12118	1
12125	1
12126	2
12130	1
12140	1
12142	1
12145	1
12149	1
12156	1
12164	1
12165	1
12167	1
12168	1
12173	1
12175	1
12178	1
12182	2
12195	1
12208	1
12210	1
12211	1
12214	1
12221	2
12222	1
12228	1
12231	1
12233	1
12244	1
12248	1
12253	1
12254	2
12257	1
12268	1
12270	1
12278	1
12282	1
12285	1
12286	1
12288	1
12296	1
12299	2
12301	2
12307	1
12308	1
12319	1
12321	1
12332	1
12340	1
12341	1
12348	1
12350	1
12352	2
12353	1
12358	1
12359	1
12375	1
12384	1
12385	1
12391	1
12401	1
12408	1
12409	1
12411	1
12416	1
12420	1
12433	1
12451	2
12453	1
12455	1
12457	1
12468	1
12474	1
12480	1
12485	1
12489	1
12490	1
12499	1
12509	1
12517	1
12528	1
12536	1
12537	1
12540	1
12554	1
12559	1
12562	1
12566	1
12571	1
12575	2
12577	1
12580	1
12584	1
12594	1
12595	1
12598	1
12605	1
12606	1
12621	1
12629	1
12630	2
12632	1
12635	1
12640	1
12643	1
12646	1
12656	1
12661	1
12680	1
12689	1
12693	1
12700	1
12701	1
12706	2
12714	1
12717	1
12726	1
12727	1
12733	1
12736	1
12739	1
12746	1
12761	1
12763	1
12787	1
12793	1
12800	1
12804	1
12809	1
12811	1
12820	1
12839	1
12845	1
12852	1
12858	1
12877	1
12885	1
12898	1
12905	2
12916	1
12940	1
12950	1
12966	1
12980	1
12983	2
12987	1
13002	1
13007	1
13009	1
13031	1
13042	1
13043	1
13071	1
13075	2
13080	1
13081	1
13090	1
13094	1
13102	1
13104	2
13113	1
13118	1
13133	2
13138	1
13141	1
13145	1
13155	2
13168	1
13171	1
13180	1
13182	1
13196	1
13197	1
13201	1
13214	1
13231	1
13240	1
13244	2
13248	1
13277	1
13286	1
13289	1
13294	1
13297	1
13303	1
13321	1
13330	1
13351	1
13360	2
13362	1
13372	1
13375	2
13397	1
13404	1
13426	3
13427	1
13436	1
13437	1
13453	1
13464	1
13465	1
13472	1
13477	1
13480	1
13481	1
13486	1
13495	1
13496	1
13499	1
13506	1
13512	1
13518	1
13544	1
13549	1
13554	1
13557	1
13560	1
13561	2
13580	1
13581	2
13588	1
13591	1
13593	1
13597	1
13605	1
13611	2
13630	1
13634	1
13654	1
13660	2
13669	1
13671	1
13695	1
13709	1
13716	1
13759	1
13760	1
13762	1
13786	1
13788	1
13807	1
13823	1
13837	1
13862	1
13863	1
13877	1
13890	1
13907	1
13908	1
13912	1
13913	1
13917	2
13943	1
13949	1
13955	1
13970	1
13973	2
13974	1
13977	1
13988	1
14000	1
14013	1
14034	1
14035	1
14067	1
14080	1
14099	1
14103	1
14108	1
14110	1
14134	1
14145	1
14156	1
14157	1
14161	1
14166	1
14176	1
14198	1
14205	1
14217	1
14223	1
14225	2
14238	1
14241	1
14251	1
14277	1
14293	1
14304	1
14308	1
14314	1
14333	1
14334	1
14340	1
14348	1
14354	1
14359	1
14360	1
14361	1
14362	1
14367	1
14373	1
14387	1
14397	1
14404	1
14416	1
14421	1
14422	1
14425	1
14430	1
14432	1
14437	1
14442	1
14449	1
14450	1
14452	1
14459	1
14474	1
14477	1
14482	1
14485	1
14488	1
14517	1
14526	2
14527	1
14528	1
14533	1
14537	1
14540	1
14546	1
14552	1
14561	1
14582	1
14607	1
14626	1
14638	1
14639	1
14640	1
14649	1
14652	1
14655	1
14658	1
14666	1
14673	1
14674	1
14687	1
14690	1
14691	1
14699	1
14704	1
14709	1
14714	1
14715	1
14716	1
14722	1
14725	1
14738	1
14746	1
14747	1
14749	1
14760	1
14773	1
14774	1
14782	1
14791	1
14792	1
14793	1
14813	1
14816	1
14817	1
14837	1
14849	1
14850	2
14852	2
14859	1
14862	1
14863	1
14869	1
14870	1
14872	1
14875	1
14881	1
14885	1
14888	1
14889	2
14890	1
14898	1
14905	1
14911	1
14915	1
14917	1
14921	1
14935	1
14936	1
14941	1
14943	1
14951	1
14954	1
14955	1
14957	1
14959	2
14961	1
14962	1
14963	2
14965	1
14971	1
14996	1
14997	1
15004	1
15005	1
15006	1
15007	1
15011	1
15030	2
15035	1
15036	1
15037	1
15038	1
15044	1
15046	1
15053	1
15057	1
15059	1
15060	1
15062	1
15066	1
15071	1
15076	1
15082	1
15093	1
15096	1
15103	1
15106	3
15116	1
15117	1
15123	1
15129	2
15134	1
15142	1
15144	2
15150	1
15151	1
15156	1
15161	1
15162	1
15164	1
15165	1
15177	1
15180	1
15182	1
15183	1
15186	1
15188	1
15189	1
15196	1
15213	1
15221	1
15228	1
15237	1
15247	1
15249	1
15257	1
15258	1
15259	1
15261	1
15262	1
15263	2
15272	1
15273	1
15277	1
15280	2
15281	1
15287	1
15290	1
15306	1
15310	2
15311	1
15315	1
15318	1
15324	1
15330	1
15333	1
15338	1
15340	1
15345	1
15352	1
15355	1
15357	1
15360	1
15361	2
15365	1
15378	1
15379	1
15395	2
15399	1
15412	1
15417	1
15418	1
15419	1
15422	1
15425	1
15430	2
15442	1
15445	2
15447	1
15448	2
15449	1
15453	1
15455	2
15464	1
15465	1
15472	1
15473	1
15478	1
15482	1
15486	1
15490	1
15491	1
15495	1
15500	1
15503	1
15505	1
15513	1
15514	1
15515	1
15519	2
15527	1
15532	1
15534	1
15543	1
15545	1
15549	1
15550	1
15556	1
15559	1
15562	1
15566	1
15580	1
15588	1
15598	1
15604	1
15617	1
15623	1
15626	1
15627	1
15644	1
15651	1
15654	2
15665	1
15667	1
15668	1
15671	1
15677	1
15689	1
15696	1
15697	1
15698	1
15699	1
15701	1
15703	1
15705	3
15707	2
15711	2
15721	1
15728	1
15734	1
15742	1
15753	1
15755	1
15763	1
15768	1
15775	1
15776	1
15777	2
15780	1
15788	1
15796	1
15800	1
15801	1
15804	1
15812	1
15815	1
15819	1
15821	1
15822	1
15825	1
15829	2
15830	1
15831	1
15832	1
15836	1
15839	1
15843	2
15852	1
15856	1
15861	1
15862	1
15867	1
15868	1
15869	1
15871	2
15872	1
15874	1
15875	1
15884	2
15895	1
15896	1
15910	1
15912	1
15916	1
15922	1
15928	1
15932	1
15938	1
15941	1
15946	2
15951	1
15953	1
15959	1
15963	1
15964	1
15965	1
15969	1
15974	1
15975	1
15976	1
15978	2
15979	1
15980	1
15983	1
15984	2
15999	1
16002	1
16004	1
16007	1
16008	1
16015	2
16016	1
16022	1
16032	1
16034	2
16037	1
16039	1
16041	1
16047	1
16049	1
16051	1
16061	1
16072	1
16074	1
16076	1
16078	2
16081	1
16096	1
16100	1
16102	1
16107	1
16114	1
16120	2
16122	1
16129	1
16139	1
16145	2
16148	1
16150	1
16153	1
16154	1
16155	1
16157	1
16158	1
16165	1
16168	1
16174	1
16179	1
16181	1
16184	1
16185	1
16189	2
16190	2
16192	2
16196	1
16197	1
16200	1
16202	1
16203	1
16212	1
16213	1
16220	2
16221	1
16223	1
16224	1
16226	1
16228	1
16231	2
16232	1
16239	1
16249	1
16250	1
16252	1
16257	1
16264	1
16268	1
16276	1
16281	1
16286	1
16296	1
16300	1
16308	2
16309	1
16319	2
16325	3
16326	1
16332	1
16333	1
16335	1
16338	2
16344	1
16349	1
16354	1
16357	1
16359	1
16361	1
16364	1
16370	1
16371	1
16383	1
