16384	1
1	12
16385	1
2	6
3	9
4	11
5	8
16389	1
6	6
7	5
8	9
16392	1
9	11
10	8
11	12
12	13
16396	1
13	10
16397	1
14	7
15	7
16	6
17	15
18	10
19	12
16403	1
20	8
21	5
22	15
23	11
16407	1
24	11
25	13
26	10
16410	3
27	10
28	7
16413	1
29	10
30	9
16414	1
31	9
32	5
16416	1
33	6
34	19
35	16
16419	1
36	9
37	11
38	11
39	11
16424	1
40	9
41	12
16426	2
42	13
43	14
44	10
45	5
46	9
16430	1
47	11
48	11
49	6
16433	1
50	12
51	17
16435	1
52	9
53	5
54	15
16438	2
16439	2
55	7
56	17
57	9
16441	1
58	9
59	6
60	13
61	3
16445	1
62	21
63	11
64	14
65	11
16449	1
66	8
16450	1
67	10
68	12
69	14
16453	1
70	16
16454	1
71	7
16455	1
72	15
16456	1
73	9
16457	1
74	10
75	10
76	11
77	10
16462	1
78	9
79	17
16463	1
80	15
81	9
82	8
83	16
84	4
85	13
86	5
87	6
88	5
89	10
90	14
91	12
16475	1
92	19
93	6
94	12
95	8
96	9
97	13
16481	1
98	10
16483	1
99	11
100	7
101	5
16485	1
102	11
103	12
16488	1
104	12
105	11
106	11
107	7
108	4
109	9
110	11
16494	1
111	5
16495	1
112	12
113	10
114	12
115	8
16499	1
116	12
117	16
118	8
119	9
16503	1
120	9
121	6
122	9
123	4
16508	1
124	5
125	9
126	7
127	10
128	12
129	9
130	7
131	10
132	8
16516	1
133	11
134	4
135	13
16519	1
136	6
137	3
138	12
139	9
16524	2
140	7
141	10
142	11
16527	1
143	6
144	2
16528	1
145	3
146	7
147	8
148	9
149	10
150	4
151	9
152	6
153	5
154	10
155	13
156	7
157	8
158	10
159	4
160	5
161	7
16545	1
162	13
163	8
164	5
165	7
166	4
167	6
168	7
169	7
170	6
171	8
172	5
173	8
174	8
175	9
176	3
177	9
178	5
16562	2
179	7
180	5
181	7
182	6
183	8
184	6
185	7
16569	1
186	11
16571	2
187	10
188	8
189	8
190	6
16574	1
191	4
16575	2
192	8
193	5
194	13
195	7
196	10
197	8
198	6
199	9
200	3
201	7
202	8
203	2
204	7
205	9
16590	1
206	2
207	3
208	1
209	6
210	6
211	5
212	10
16596	1
213	6
214	6
215	6
16599	1
216	6
217	10
218	8
16603	1
219	6
220	5
16604	1
221	5
222	5
16606	1
223	10
224	5
225	7
226	8
227	5
228	7
16612	1
229	8
230	15
231	6
16615	1
232	9
16616	1
233	12
16618	1
235	2
16619	1
236	6
237	8
238	3
16622	1
16623	1
239	7
240	1
241	13
242	9
16627	1
243	6
244	3
16628	1
245	4
246	7
247	5
248	5
249	5
250	9
16634	1
251	7
252	12
16636	1
253	4
254	6
255	2
256	10
257	5
258	6
259	8
260	5
261	4
262	8
16646	1
263	5
264	7
265	6
266	6
267	6
16651	1
268	4
16652	1
269	7
270	6
16654	1
271	7
16655	1
272	5
273	9
274	6
275	6
276	4
277	9
16661	2
278	9
16662	1
279	7
280	4
281	4
16665	1
282	8
283	5
284	2
285	3
286	6
287	4
288	4
289	8
16673	1
16674	1
290	4
291	7
292	4
293	11
294	5
295	5
296	6
297	3
298	7
299	9
300	5
301	7
16685	1
302	11
303	3
304	4
305	7
306	12
307	9
308	6
309	11
310	11
311	8
16695	1
312	4
313	7
314	6
315	3
316	2
317	8
318	3
319	4
16703	1
320	11
321	8
322	5
323	5
324	4
325	5
326	6
327	8
328	12
329	6
330	9
16714	1
331	4
332	9
333	7
334	4
335	7
336	3
16721	1
337	5
338	5
339	3
340	5
16724	1
341	5
16725	1
342	6
343	5
344	5
16728	1
16729	2
345	7
346	5
347	9
348	7
16732	1
349	5
350	10
351	2
352	7
353	5
354	4
355	4
356	5
357	2
16741	1
16742	1
358	5
359	7
360	5
361	6
362	7
363	7
16747	1
364	6
16748	1
365	5
366	7
367	5
368	3
369	3
16754	1
370	8
371	9
372	6
373	11
374	6
375	7
376	7
16760	1
377	11
378	10
379	5
16763	1
380	4
381	8
16765	1
382	9
383	2
384	6
385	7
386	6
387	8
388	10
16773	1
389	5
390	3
391	5
392	3
393	6
16777	1
394	3
395	4
396	6
397	7
16781	1
398	1
399	5
400	1
401	1
402	6
403	3
404	7
16788	1
405	4
406	4
407	6
408	6
409	8
410	2
411	4
16795	1
412	6
413	8
16797	1
414	2
415	3
416	6
417	4
418	4
419	5
420	4
421	3
422	6
16806	1
423	7
16807	1
424	5
425	6
426	2
427	8
16811	1
428	3
16812	1
429	2
430	8
431	6
432	2
433	4
434	8
435	7
436	2
437	3
438	4
439	5
16823	1
440	6
441	4
442	7
16826	1
443	8
444	8
445	9
446	4
16830	1
16831	1
447	9
448	2
449	6
450	10
451	7
452	8
453	2
454	3
16838	1
455	5
16839	1
456	6
457	3
458	2
459	7
460	4
461	2
462	3
16846	1
463	4
464	4
465	2
16850	1
466	5
467	6
16851	1
468	6
469	10
470	2
471	3
472	4
473	2
474	3
475	3
476	9
477	5
478	6
479	3
480	2
481	3
482	7
483	1
484	3
16868	1
485	3
486	4
487	4
488	2
489	3
490	1
491	3
492	2
493	4
494	9
495	10
496	2
497	11
16882	1
498	3
16883	1
499	7
500	8
501	6
502	4
503	2
16888	1
504	3
505	4
506	7
507	3
508	1
16892	1
509	3
510	9
511	4
512	3
513	7
515	4
516	4
517	5
16901	1
518	3
519	3
520	6
521	3
522	4
523	4
524	3
525	5
526	9
527	4
528	9
529	2
530	4
531	2
532	3
533	3
534	4
535	5
536	4
16920	1
537	7
538	5
539	5
540	5
541	3
542	2
16926	1
543	4
544	1
545	6
546	5
547	6
548	5
549	4
16934	1
550	4
551	3
552	5
16936	1
553	7
16937	1
554	3
555	1
556	8
557	3
558	2
16942	1
559	5
560	5
561	3
562	5
563	4
564	5
565	5
566	1
567	4
568	1
569	5
16953	1
570	3
571	5
572	3
573	3
574	6
575	3
576	7
16960	1
577	7
578	5
579	7
580	6
581	2
582	3
583	5
584	4
586	6
587	10
588	3
589	3
590	5
591	4
592	5
593	2
16977	1
16978	1
594	2
595	6
16979	1
596	2
598	2
599	2
600	6
601	4
16985	1
602	6
603	7
604	9
16988	1
605	4
606	6
16990	1
607	5
16991	1
608	4
609	5
16994	1
610	2
611	3
612	8
613	2
614	5
615	7
616	3
617	6
618	6
619	5
620	2
621	2
17005	2
622	2
623	6
624	8
625	5
626	8
17010	1
627	7
628	5
17013	1
629	7
630	6
631	1
632	8
633	6
634	3
635	5
636	4
637	3
638	2
639	4
640	3
641	5
642	4
643	2
644	3
645	1
646	5
17031	1
647	1
648	4
649	6
650	5
651	1
17035	1
652	3
653	4
654	8
655	6
656	7
657	2
658	5
17042	1
659	1
660	7
661	6
17045	1
662	3
663	4
664	5
665	6
666	2
667	3
668	8
669	2
670	7
671	4
673	3
674	7
675	5
676	4
17060	1
677	10
17061	1
678	5
679	3
680	6
681	3
682	3
683	2
684	7
685	2
686	4
687	4
688	2
689	6
690	5
691	5
692	5
17077	2
693	6
694	5
695	4
17079	1
696	5
697	5
698	5
699	4
700	2
701	4
702	7
703	3
17087	1
704	1
705	2
706	9
707	1
708	4
709	5
710	7
711	7
17095	1
712	4
713	2
17097	1
714	8
715	3
17099	1
716	3
717	2
718	2
719	3
720	6
721	5
17105	1
722	6
723	3
724	6
725	5
726	7
17111	2
727	5
728	7
729	7
730	6
731	4
732	4
733	4
734	6
735	2
736	2
737	3
738	8
739	9
17123	1
740	4
741	4
742	5
743	4
744	4
745	6
746	3
17130	1
747	5
748	7
749	4
750	3
751	8
752	4
753	11
754	6
17138	1
755	7
756	4
17140	1
757	6
758	3
759	3
760	6
761	6
17145	1
762	6
17146	1
763	5
764	3
765	2
766	2
767	6
768	3
769	3
770	7
771	7
772	2
17156	1
773	5
774	7
775	2
776	1
777	6
17161	1
778	5
17162	1
779	5
17163	2
780	6
781	10
782	4
783	1
784	6
785	4
786	1
787	4
788	3
789	2
790	5
791	3
792	2
793	5
794	7
795	7
796	4
797	5
17181	1
798	1
799	6
800	2
801	7
802	6
803	8
804	2
805	5
806	11
807	3
808	2
809	7
810	4
811	5
812	2
813	2
814	6
815	3
816	3
817	2
818	4
819	8
820	8
821	6
17205	1
822	2
823	7
17208	1
824	4
825	1
826	3
827	4
828	3
829	3
830	5
831	2
832	4
833	2
834	3
835	6
836	4
837	7
838	4
839	9
17224	1
840	2
841	4
842	4
843	3
844	4
17228	1
845	2
846	4
17230	1
847	5
848	3
849	6
850	6
17235	1
851	1
852	4
853	3
17237	1
854	3
855	3
856	2
857	9
17241	1
858	4
17242	1
859	6
17243	1
860	5
862	8
863	7
864	10
865	3
866	3
867	2
868	8
869	3
870	7
871	4
872	4
17256	1
873	5
874	10
875	2
17259	1
876	4
877	2
17261	1
878	4
879	5
880	3
881	4
882	1
883	3
17267	1
884	6
885	3
886	5
887	9
17271	1
888	2
889	5
890	1
891	3
892	3
893	1
894	4
895	8
896	4
897	6
898	5
899	3
900	6
901	4
17285	2
902	4
17287	2
903	9
904	7
905	4
906	1
907	5
908	4
17292	1
909	8
910	2
911	5
912	5
913	4
914	3
915	4
17299	1
916	6
917	5
17302	1
918	1
919	4
920	9
921	4
922	3
923	4
924	6
925	3
926	3
927	5
928	6
929	6
930	3
931	4
932	2
933	1
934	3
935	1
936	3
937	3
938	6
939	2
940	3
941	3
942	4
943	4
944	8
945	4
946	7
947	8
948	3
949	8
950	4
951	2
952	5
953	3
954	9
955	2
17339	1
956	5
957	7
17341	1
958	3
959	5
960	9
961	4
962	2
963	5
964	8
965	3
966	2
967	2
968	3
969	4
970	6
971	3
972	1
973	5
974	6
975	2
976	1
977	1
978	4
979	6
980	5
981	2
982	5
983	8
984	6
985	4
986	3
17370	1
987	1
988	5
989	8
990	1
991	6
992	3
993	3
994	2
995	6
996	6
997	3
17381	1
998	2
999	4
1000	2
1001	3
1002	3
1003	6
1004	4
1005	4
1006	6
1007	4
1008	1
1009	6
1010	5
17394	1
1011	5
1012	3
1013	5
17397	1
1014	5
1015	5
1016	4
1017	7
1018	7
17402	1
1019	8
1020	4
1021	3
1022	3
17406	1
1023	4
1024	5
17408	1
1025	4
1026	5
17410	1
1027	3
1028	4
1029	3
1030	8
1031	1
1032	6
1033	10
1034	4
1035	4
1036	3
1037	4
1038	2
1039	5
1040	5
1041	2
1042	4
1043	2
1044	7
1045	4
1046	2
1047	6
1048	6
1049	4
1050	4
1051	3
1052	4
1053	4
1055	6
1056	7
1057	9
1058	3
1059	7
1060	5
1061	5
1062	4
1063	3
1064	6
1065	4
1066	3
17450	1
1067	5
1068	6
1069	5
1070	5
1071	5
1072	1
17457	1
1073	4
1074	3
1075	4
17459	1
1076	5
1077	5
1078	6
1079	7
1080	7
1081	7
1082	3
1083	4
1084	5
1085	6
17469	1
1086	1
1087	1
1088	4
1089	6
1090	3
1091	7
1092	6
1093	2
1094	7
1095	3
1096	4
17480	1
1097	11
1098	6
1099	2
1100	3
1101	2
1102	4
1103	5
1104	7
1105	4
17490	2
1106	9
1107	6
1108	5
1109	4
1110	2
1111	4
1112	10
1113	2
1114	5
1115	4
1116	6
1117	7
1118	3
1119	6
1120	3
17505	1
1122	3
1123	3
1124	3
1125	4
1126	3
1127	1
1128	2
1129	4
17513	1
1130	4
1131	4
1132	6
1133	2
1134	5
1135	5
1136	3
17520	1
1137	3
1138	4
1139	5
1140	1
1141	4
1142	9
17526	1
1143	5
1144	4
1145	5
1146	2
1147	7
1148	7
1149	4
1150	3
1151	3
1152	3
17536	1
17537	1
1153	4
17538	1
1154	2
1155	6
1156	3
1157	6
1158	5
17542	1
1159	3
17543	1
1160	6
1161	10
1162	3
1163	5
1164	6
1165	5
1166	2
1167	4
1168	7
1169	2
1170	5
1171	4
1172	4
1173	4
1174	5
17558	1
1175	1
1176	5
1177	3
17562	1
1178	5
1179	2
1180	1
1181	7
1182	1
1183	3
1184	3
1185	3
1186	4
1187	6
1188	1
1189	7
1190	3
1191	6
1192	5
1193	3
1194	3
1195	3
17579	1
1196	6
1197	3
1198	7
1199	5
1200	5
1201	6
1202	6
1203	4
1204	4
1205	4
1206	7
17590	1
1207	6
1208	5
1209	3
1210	2
1211	4
1212	4
17597	1
1213	2
1214	1
1215	5
1216	1
1217	5
1218	3
1219	4
1220	1
1221	5
1222	4
1223	3
1224	6
1225	5
1226	5
1227	4
1228	3
17613	1
1229	3
1230	3
1231	4
1232	4
1233	5
17617	1
1234	9
1235	11
1236	4
1237	5
1238	7
1239	2
1240	5
17624	1
1241	1
17625	1
17626	1
1242	5
1243	3
1244	3
1245	8
1246	1
1247	4
1248	9
1249	3
1250	8
1251	7
1252	4
1253	4
1254	6
1255	6
1256	6
17640	1
1257	7
17641	1
17642	1
1258	3
1259	2
1260	8
1261	7
1262	7
1263	3
1264	4
17648	1
1265	4
1266	3
1267	5
1268	5
1269	3
1270	8
1271	3
1272	7
1273	4
1274	5
1275	3
1276	4
1277	5
1278	2
1279	5
1280	5
1281	7
1282	5
1283	4
1284	2
1285	7
1286	8
1287	8
1288	3
1289	1
1290	4
1291	4
1292	3
1293	5
1294	2
1295	5
1296	2
1297	5
1298	7
1299	4
1300	2
1301	6
1302	5
1303	6
1304	3
1305	2
17689	1
1306	4
1307	4
1308	5
17692	1
1309	5
17693	2
1310	1
1311	7
17695	1
1312	3
1313	7
1314	3
1315	4
1316	7
1317	2
1318	2
1319	5
1320	9
1321	4
1322	2
1323	5
1324	5
17708	1
1325	6
1326	8
1327	2
1328	6
1329	3
1330	8
17714	1
1331	4
1332	5
1333	4
17717	3
1334	2
17718	1
1335	4
1336	7
1337	4
1338	8
1339	4
17723	2
1340	4
1341	5
1342	4
1343	11
1344	2
1345	6
1346	3
1347	7
1348	7
1349	6
1350	4
1351	7
1352	6
1353	7
1354	5
1355	5
17739	1
1356	9
1357	4
1358	5
1359	2
1360	10
1361	8
1362	6
1363	8
1364	6
1365	8
1366	5
1367	3
1368	1
1369	3
1370	5
1371	5
1373	6
1374	6
1375	5
17759	1
1376	4
1377	7
17762	1
1378	6
1379	6
1380	4
1381	3
1382	3
1383	6
1384	4
1385	10
1386	6
1387	4
1388	3
1389	4
1390	8
1391	3
1392	4
1393	5
1394	2
1395	5
17779	1
1396	4
1397	5
17781	1
1398	4
1399	8
17784	1
1400	5
1401	4
1402	4
1403	9
17787	1
1404	5
1405	4
1406	4
1407	5
17791	1
1408	2
1409	5
1410	3
1411	6
1412	4
1413	4
1414	9
1415	6
17799	1
1416	2
1417	2
1418	6
1419	8
1420	4
1421	3
1422	5
1423	9
1424	9
1425	8
17809	1
1426	1
17810	1
1427	8
1428	5
1429	5
1430	7
1431	6
1432	2
1433	5
1434	3
17818	1
1435	2
1436	6
1437	3
1438	6
17823	1
1439	1
1440	6
1441	5
17825	1
1442	5
1443	4
1444	6
1445	9
1446	7
1447	4
1448	5
1449	6
1450	3
1451	5
1452	3
1453	4
1454	3
1455	1
1456	5
1457	5
17841	1
1458	6
17842	1
1459	5
1460	5
1461	5
1462	6
1463	6
1464	5
1465	7
1466	4
1467	8
1468	4
1469	8
1470	6
1471	6
17855	1
1472	1
1473	7
1474	4
1475	4
1476	8
1477	2
1478	4
17863	1
1479	6
1480	7
1481	1
1482	7
1483	8
1484	6
1485	1
17870	2
1486	6
1487	5
17872	2
1488	5
17873	3
1489	4
17874	1
1490	3
17875	2
1491	6
1492	7
1493	3
1494	7
1495	5
1496	5
1497	1
1498	5
17883	1
1499	4
1500	3
1501	9
1502	5
1503	3
1504	4
1505	4
1506	5
1507	6
1508	6
1509	6
1510	4
1511	3
17896	2
1512	2
1513	7
17897	1
1514	4
17899	1
1515	2
1516	6
1517	6
1518	3
1519	4
1520	9
1521	7
1522	5
1523	1
1524	9
1525	7
1526	8
1527	6
1528	5
1529	1
17913	1
1530	4
1531	3
1532	12
1533	5
1534	4
1535	5
1536	4
1537	4
1538	5
1539	3
1540	7
1541	11
1542	4
17926	1
1543	8
1544	2
1545	3
1546	6
1547	3
1548	9
1549	2
17933	1
1550	9
1551	3
1552	5
1553	8
17938	1
1554	7
1555	4
17940	3
1556	4
17941	1
1557	11
1558	6
17942	2
1559	2
17944	3
1560	3
1561	4
17946	1
1562	4
1563	4
1564	6
1565	2
1566	4
1567	4
1568	6
17953	6
1569	4
1570	5
1571	6
1572	9
1573	6
1574	5
1575	8
1576	3
1577	8
1578	4
17963	3
1579	6
1580	13
17964	3
1581	4
1582	6
1583	1
1584	4
1585	7
1586	5
1587	6
1588	8
1589	5
1590	7
17974	1
1591	6
1592	4
1593	8
1594	5
1595	10
1596	6
1597	6
17982	5
1598	10
1599	6
17983	1
1600	2
17984	1
1601	9
17986	2
1602	6
1603	11
17988	3
1604	3
17989	1
1605	6
1606	7
1607	3
1608	5
1609	6
1610	7
1611	4
1612	8
17997	4
1613	4
17998	1
1614	6
1615	6
1616	3
1617	6
1618	6
18003	1
1619	3
1620	4
1621	5
1622	6
1623	4
1624	3
1625	7
1626	7
1627	13
1628	2
1629	4
1630	3
1631	6
1632	6
1633	11
1634	10
1635	3
18019	1
1636	2
18020	1
1637	7
1638	5
1639	4
18024	1
1640	7
1641	2
1642	9
1643	2
1644	6
1645	7
18030	1
1646	5
1647	7
18032	2
1648	5
1649	9
18034	1
1650	4
1651	6
1652	7
1653	4
1654	5
1655	7
1656	4
18041	1
1657	4
1658	5
1659	10
18044	2
1660	6
1661	7
1662	8
1663	6
1664	13
18049	1
1665	8
1666	4
1667	1
1668	8
1669	7
1670	4
1671	7
1672	5
1673	4
1674	6
1675	4
1676	7
1677	2
1678	4
1679	12
1680	3
1681	4
1682	4
1683	6
1684	2
1685	3
1686	4
1687	10
1688	3
1689	3
1690	1
1691	7
1692	4
1693	4
1694	8
1695	8
1696	9
1697	4
1698	8
18082	1
1699	7
1700	5
1701	7
1702	5
1703	5
1704	3
1705	7
1706	7
1707	6
18092	1
1709	11
1710	2
1711	7
1712	5
1713	1
1714	5
1715	5
1716	3
1717	10
18101	1
1718	6
1719	1
1720	3
1721	4
1722	8
18106	1
1723	8
1724	7
1725	4
1726	5
1727	4
1728	4
1729	3
1730	4
1731	5
1732	9
1733	3
1734	6
1735	6
1736	6
1737	7
1738	7
1739	6
1740	9
1741	7
1742	10
1743	7
1744	2
1745	8
1746	5
1747	7
1748	7
18132	1
1749	7
1750	5
1751	4
1752	8
1753	1
1754	8
1755	4
1756	1
1757	10
18141	1
1758	7
1759	7
1760	7
1761	8
1762	2
1763	4
1764	6
1765	2
1766	6
1767	5
1768	14
1769	3
1770	5
1771	4
1772	5
1773	4
1774	7
1775	2
1776	3
18161	1
1777	6
1778	6
1779	1
1780	8
1781	3
1782	6
18166	1
1783	5
1784	3
1785	4
1786	9
1787	5
1788	5
1789	2
1790	9
1791	7
1792	10
1793	5
1794	7
1795	9
1796	8
1797	6
1798	4
1799	4
1800	4
1801	4
1802	7
1803	4
1804	11
1805	4
1806	2
1807	7
1808	6
1809	7
1810	4
1811	3
1812	8
1813	6
1814	6
1815	10
1816	7
1817	6
1818	7
1819	8
1820	7
1821	5
1822	9
1823	4
1824	7
1825	8
1826	8
1827	4
1828	13
1829	2
1830	4
1831	6
1832	1
1833	6
1834	5
1835	7
1836	5
1837	6
18221	1
1838	2
1839	4
1840	7
1841	7
1842	7
1843	5
1844	6
1845	9
1846	5
1847	9
1848	12
1849	5
1850	3
1851	5
1852	6
1853	10
1854	5
1855	1
1856	4
1857	8
1858	3
1859	4
1860	5
1861	5
1862	4
1863	12
1864	4
1865	6
1866	6
1867	6
1868	6
1869	4
1870	11
1871	5
18255	1
1872	7
1873	6
1874	5
1875	6
1876	6
1877	4
1878	4
1879	6
1880	3
1881	3
1882	4
1883	8
1884	1
1885	4
1886	4
1887	4
1888	6
1889	5
1890	6
1891	7
1892	6
18276	1
1893	4
1894	3
1895	8
1896	4
1897	8
1898	5
1899	6
1900	6
1901	7
1902	11
1903	8
1904	6
1905	4
1906	6
18290	1
1907	11
1908	5
1909	7
1910	5
1911	6
1912	11
1913	5
1914	8
1915	6
1916	8
1917	10
1918	6
1919	4
1920	7
1921	3
1922	10
1923	5
1924	5
1925	7
1926	7
1927	3
1928	2
1929	3
18313	1
1930	8
1931	2
1932	5
1933	7
1934	2
1935	4
1936	3
1937	9
18321	1
1938	7
1939	8
1940	2
1941	4
1942	9
1943	2
1944	9
1945	9
1946	4
1947	6
1948	3
1949	5
1950	3
1951	6
1952	4
1953	10
1954	6
1955	5
1956	6
1957	6
1958	7
1959	7
1960	4
1961	3
1962	8
1963	6
1964	6
1965	9
1966	4
1967	6
1968	5
1969	7
1970	5
1971	3
1972	4
1973	3
1974	4
1975	3
1976	5
18360	1
1977	5
1978	2
1979	4
1980	2
1981	5
1982	7
1983	7
18367	1
1984	3
1985	2
1986	3
1987	3
1988	2
1989	3
1990	7
1991	6
1992	9
1993	6
1994	7
1995	10
1996	11
1997	5
1998	6
1999	9
2000	3
2001	8
2002	8
2003	4
2004	5
2005	6
2006	2
2007	3
2008	6
2009	6
2010	3
2011	8
2012	6
2013	7
2014	5
2015	10
2016	9
2017	4
2018	2
2019	8
2020	4
2021	6
2022	6
2023	1
2024	2
2025	6
2026	7
2027	6
2028	5
2029	8
2030	8
18414	1
2031	8
18415	1
2032	5
2033	4
2034	7
2035	7
2036	6
2037	7
2038	4
2039	7
2040	4
2041	4
2042	7
2043	3
18427	1
2044	6
2045	5
2046	3
2047	4
2048	7
2049	8
2050	4
2051	6
2052	4
2053	6
2054	3
2055	2
2056	8
2057	5
2058	4
2059	8
2060	4
2061	8
2062	6
2063	2
2064	5
2065	2
2066	4
2067	7
2068	6
2069	6
2070	5
2071	10
2072	1
2073	8
2074	5
2075	6
2076	2
2077	6
2078	6
2079	6
2080	8
18464	1
2081	7
2082	9
2083	5
2084	5
2085	8
2086	4
2087	5
2088	4
2089	3
2090	6
2091	2
2092	7
2093	5
2095	9
18479	1
2096	9
2097	5
2098	6
2099	5
2100	3
2101	7
2102	1
2103	6
2104	5
2105	5
2106	6
2107	8
2108	5
2109	12
2110	6
2111	7
2112	5
2113	6
2114	5
2115	6
2116	6
2117	5
18502	1
2118	1
2119	9
2120	8
2121	4
2122	2
2123	7
2124	3
2125	5
2126	6
2127	3
2128	7
18512	1
2129	5
2130	5
2131	8
2132	4
2133	7
2134	3
2135	5
2136	6
2137	3
2138	4
2139	5
2140	6
2141	5
2142	4
2143	8
2144	1
2145	4
2146	5
2147	10
2148	2
2149	2
2150	7
2151	9
2152	4
2153	5
2154	3
2155	6
2156	7
2157	9
2158	6
2159	6
2160	3
2161	4
2162	4
2163	6
2164	9
2165	4
2166	6
2167	2
2168	3
2169	6
2170	7
2171	4
2172	4
2173	8
2174	6
2175	3
2176	5
2177	6
2178	6
2179	4
2180	9
2181	2
2182	6
2183	7
2184	1
2185	8
2186	7
2187	9
18571	1
2188	3
2189	9
2190	5
2191	5
2192	4
2193	8
2194	9
2195	6
2196	3
2197	5
2198	3
2199	5
2200	5
2201	6
2202	9
2203	7
2204	6
2205	5
2206	7
18590	1
2207	6
2208	6
2209	5
2210	3
2211	8
2212	4
2213	5
2214	6
2215	8
2216	4
2218	6
2219	6
2220	6
2221	7
2222	4
2223	3
2224	3
2225	5
2226	11
2227	1
2228	7
2229	10
2230	4
2232	3
2233	3
2234	8
2235	6
2236	8
2237	8
2238	1
2239	4
2240	4
2241	5
2242	2
2243	6
2244	7
2245	3
2246	6
2247	2
2248	6
2249	7
2250	4
2251	9
2252	2
2253	4
2254	5
2255	5
2256	7
18641	1
2257	2
2258	7
2259	2
2260	4
2261	9
2263	1
2264	9
2265	4
2266	4
2267	8
2268	2
2269	3
2270	3
2271	11
2272	4
2273	4
2274	4
2275	8
2276	7
2277	6
2278	7
2279	9
18663	1
2280	7
2281	4
2282	5
2283	6
2284	3
2285	6
2286	9
2287	5
2288	5
2289	8
2290	7
2291	7
2292	4
2293	3
2294	5
2295	10
2296	5
18680	1
2297	3
2298	2
2299	10
2300	3
2301	4
2302	3
2303	4
18687	1
2304	7
2305	8
2306	6
2307	4
2308	7
2309	4
2310	3
2311	5
2312	6
2313	4
2314	5
2315	6
2316	3
2317	6
2318	10
2319	2
2320	8
2321	5
2322	5
2323	3
2324	3
2325	2
2326	4
2327	9
2328	4
2329	4
2330	7
2331	2
2332	5
2333	8
2334	8
2335	2
2336	2
2337	3
2338	5
2339	5
2340	5
2341	6
18725	1
2342	9
2343	4
2344	7
2345	3
2346	3
2347	3
2348	3
2349	8
2350	1
2351	5
2352	6
2353	4
18737	1
2354	5
2355	8
2356	8
2357	4
2358	6
2359	5
2360	3
2361	2
2362	2
2363	6
2364	3
2365	4
2366	5
2367	6
2368	3
2369	3
2370	4
2371	3
2372	5
2373	1
2374	3
2375	13
2376	1
2377	9
2378	10
2379	2
2380	4
2381	9
2382	6
2383	5
2384	6
2385	6
2386	8
2387	3
2388	6
2389	3
2390	6
2391	6
2392	3
2393	6
2394	3
2395	4
2396	7
2397	2
2398	5
2399	5
2400	3
2401	3
2402	8
2403	4
2404	6
2405	3
2406	5
2407	4
2408	2
2410	4
2411	5
2412	6
2413	7
2414	1
2415	7
2416	7
2417	6
2418	8
2419	4
18803	1
2420	8
2421	11
2422	6
2423	6
2424	9
2425	2
2426	8
2427	8
2428	4
2429	3
2430	5
2431	4
2432	7
2433	2
2434	2
2435	4
2436	1
2437	4
2438	2
2439	5
2440	5
2441	2
2442	6
2443	4
2444	4
2445	5
2446	2
2447	5
2448	3
2449	7
2450	3
18834	1
2451	5
2452	3
18836	1
2453	4
2454	6
18838	1
2455	10
2456	4
2457	4
2458	3
18842	1
2459	6
2460	1
18844	1
2461	3
2462	4
2464	9
2465	3
2466	5
2467	5
2468	7
2469	5
2470	3
2471	6
2472	5
2473	9
2474	3
2475	4
2476	4
2477	5
2478	1
2479	6
2480	6
2481	8
2482	4
2483	4
2484	6
2485	2
2486	3
2487	3
2488	3
2489	2
2490	5
2491	4
2492	6
2493	4
2494	2
2495	3
2496	7
2497	4
2498	4
2499	6
2500	6
2501	8
2502	5
2503	5
2504	6
2505	3
2506	4
2507	4
2508	6
2509	2
2510	2
2511	4
2512	2
2513	3
2514	7
2515	7
2516	6
2517	5
2518	4
2519	4
2520	4
2521	5
2523	3
2524	2
2525	5
2526	4
2527	2
2528	7
2529	5
2530	4
2531	2
2532	6
2533	5
2534	5
2535	3
2536	5
2537	4
2538	5
2539	3
2540	6
2541	5
2542	1
2543	1
2544	4
2545	4
2546	3
2547	2
2548	2
2549	3
2550	6
2551	6
2552	4
2553	3
2554	5
2555	5
2556	2
2557	4
2558	5
2559	1
2560	4
2561	6
2562	5
2563	8
2564	3
2565	2
2566	3
2567	8
2568	2
2569	6
2570	4
2571	2
2572	1
2573	5
2574	3
2575	3
2576	4
2577	5
2578	3
2579	2
2580	4
2581	4
2582	9
2583	5
2584	4
2585	1
2586	2
2587	2
18971	1
2588	2
2589	5
2590	3
2591	4
2592	1
2593	6
2594	5
2595	5
2596	6
2597	4
2598	3
2599	4
2600	3
2601	3
2602	5
2603	8
2604	6
2605	5
2606	3
2607	6
2608	9
2609	6
2610	5
2611	5
2612	3
2613	5
2614	3
2615	6
19000	1
2617	6
2618	3
2619	4
2620	10
2621	3
2622	3
2623	5
19007	1
2624	5
2625	4
2626	3
2627	6
2628	6
2629	4
19013	1
2630	6
2631	6
2632	3
2633	2
2634	5
19018	1
2635	6
2636	5
2637	7
2638	6
2639	3
2640	8
2641	5
2642	4
2643	5
2644	2
2645	5
2646	4
2647	5
2648	5
2649	5
2650	4
2651	8
2653	7
2654	6
2655	6
2656	3
2657	3
2658	7
2659	4
2660	6
2661	3
2662	5
2663	3
2664	2
2665	1
2666	3
2667	3
2668	4
2669	7
2670	7
2671	5
2672	2
2673	5
2674	3
2675	7
2676	6
2677	4
2678	7
2679	7
2680	5
2681	6
2682	5
2683	4
2684	4
2685	2
2686	6
2687	4
2688	4
2689	2
2690	4
2691	6
2692	8
19076	1
2693	3
2694	6
2695	3
2696	8
19080	1
2697	3
2698	2
2699	4
2700	5
2701	3
2702	3
2703	9
2704	8
2705	6
2706	5
2707	3
2708	2
2709	6
2710	6
2711	6
2712	4
2713	2
2714	2
2715	9
2716	7
2717	2
2718	3
2719	2
2720	2
19104	1
2721	4
2722	7
2723	5
2724	6
2725	2
2726	6
2727	8
2728	7
2729	8
2730	6
2731	2
2732	3
2733	5
19117	1
2734	6
2735	5
2736	7
2737	7
2738	3
2739	4
2740	3
2741	4
2742	4
2743	4
2744	4
2745	5
2746	4
2747	6
2748	5
2749	3
2750	5
2751	4
2752	6
2753	6
2754	5
2755	6
2756	9
2757	1
2758	2
2759	5
2760	4
2761	7
2762	5
2763	5
2764	1
2765	4
2766	5
2767	4
2768	4
2769	3
2770	5
2771	6
2772	1
2773	3
2774	5
2775	3
2776	5
2777	7
2778	7
2779	3
2780	2
2781	4
2782	4
2783	8
2784	7
2785	5
2786	4
2787	1
2788	6
2789	6
2790	5
2791	8
2792	2
2793	6
2794	4
2795	3
2796	3
2797	5
2798	5
2799	2
2800	6
2801	4
2802	2
2803	4
19187	1
2804	6
2805	4
2806	6
2807	5
2808	4
2809	3
2810	3
2811	4
2812	5
2813	3
2814	6
2815	5
2816	5
2817	3
2818	6
2819	3
2820	2
2821	4
19205	1
2822	4
2823	5
2824	2
2825	5
2826	9
2827	4
2828	5
2829	6
2830	5
2831	1
2832	5
2833	6
2834	1
2836	8
2837	3
2838	2
2839	6
2840	3
2841	5
2842	4
2843	5
2844	7
2845	1
2846	2
2847	3
2848	7
2849	6
2850	6
2851	6
2852	4
2853	5
2854	4
2855	6
2856	3
2857	6
2858	5
2859	4
2860	4
2861	6
19245	1
2862	3
2863	3
2864	6
2865	4
2866	5
2868	3
2869	6
2870	6
2871	3
19255	1
2872	5
19256	1
2873	4
2874	5
2875	2
2876	6
2877	4
2878	4
2879	1
2880	5
2881	7
2882	6
2883	1
2884	4
2885	3
2886	4
2887	3
2888	3
2889	3
2890	4
2891	6
2892	4
2893	5
2894	6
2895	5
2896	4
2898	2
2899	7
2900	1
2901	3
2902	7
2903	10
2904	1
2905	2
2906	4
2907	3
2908	5
2909	2
2910	4
2911	3
2912	6
2913	1
2914	5
2915	4
19299	1
2916	5
2917	4
2918	7
2919	4
2920	2
2921	2
2922	3
2923	5
2924	6
2925	3
2926	3
2927	1
2928	4
2929	2
2930	6
2931	6
19316	1
2932	2
2933	6
2934	2
2935	4
19319	1
2937	1
2938	3
2939	4
2940	2
2941	1
2942	3
2943	5
2944	5
2945	4
2946	5
2947	6
2948	8
2949	1
2950	3
2951	5
19335	1
2952	6
2953	8
2954	1
2955	5
2956	3
2957	4
2958	5
2959	5
2960	4
2962	3
2963	3
2964	2
2965	5
2966	3
2967	5
2968	4
2969	7
2970	7
2971	4
2972	5
2973	5
2974	4
2975	2
2976	7
2977	4
2978	6
2979	7
2981	1
2982	3
2983	4
2984	3
2985	3
2986	2
2987	3
2988	2
2989	5
2990	3
2991	5
2992	7
2993	5
2994	4
2995	3
2996	3
2997	5
2998	3
2999	3
3000	4
3001	2
3002	1
3003	7
3004	6
3005	2
3006	3
3007	2
3008	3
3009	3
3010	2
3011	2
3012	4
3013	4
3014	6
3015	5
3016	3
3017	5
3018	3
3019	8
3020	2
3021	6
3022	4
3023	10
3024	4
3025	4
19409	1
3026	1
3027	1
3028	2
3029	3
3030	2
3031	9
3032	4
3033	3
3034	2
3035	6
3036	3
3037	4
3038	2
3039	1
3040	4
3041	1
3042	1
3043	2
3044	2
3045	14
3046	4
3047	1
3048	5
3049	4
3050	3
3051	4
3052	7
3053	5
3054	2
3055	4
3056	5
3057	5
3058	1
3059	5
3060	5
19444	1
3061	2
3062	1
3063	1
3064	3
3065	4
3066	4
3067	4
3068	4
3069	2
3070	8
3071	2
3072	7
3073	3
3074	5
3075	5
3076	2
3077	5
3078	2
3079	4
3080	4
3081	3
3082	4
3083	3
3084	3
3085	6
3086	5
3087	5
3088	9
19473	1
3089	1
3090	3
3091	4
3092	4
3094	4
3095	3
3096	2
3097	4
3098	4
3099	2
3100	4
3101	1
3102	2
3103	5
3104	2
3105	1
3106	1
3107	2
3108	6
3109	1
3110	2
3111	4
3112	1
3113	3
3114	3
19498	1
3115	1
3116	4
3117	5
3118	1
3119	5
3120	4
3121	2
3122	3
3123	5
3124	3
3125	2
3126	5
3127	7
3128	8
3129	3
3130	4
3131	2
3132	1
3133	2
3134	4
3135	4
3136	4
3137	3
3138	1
3139	2
3140	7
3141	5
3142	5
3143	3
3144	5
3145	7
19529	1
3146	1
3147	1
3148	2
3149	2
3150	2
3151	5
3152	5
3153	3
3154	4
3155	1
3156	1
3157	3
3158	3
3159	6
3160	2
3161	5
3162	2
3163	2
3164	7
3165	3
3166	5
3167	6
3168	3
3169	1
3170	4
3171	3
3172	4
3173	7
3174	6
3175	3
3176	5
3177	3
3178	5
3179	3
3180	2
3181	2
3182	1
3183	5
19567	1
3184	4
3185	4
3186	4
3187	8
3188	4
3189	4
3190	4
3191	3
3192	2
3193	3
3194	6
3195	2
3196	1
3197	3
3198	6
3199	5
19583	1
3200	2
3201	4
3202	4
3203	6
3204	6
3206	4
3207	5
3208	3
3209	1
3210	4
3211	1
3212	2
3213	3
3214	4
3215	4
3216	2
3217	2
3218	1
3219	1
3220	4
3221	5
3222	6
3224	9
3225	2
3226	4
3227	2
3228	5
3229	3
3230	3
19614	1
3231	1
3232	2
3233	2
3234	4
3235	2
3236	3
3237	6
3238	1
3239	6
3240	3
3241	5
3242	2
3243	3
3244	5
3245	6
3246	4
3247	3
3248	7
3249	5
3251	2
3252	4
3253	5
3254	4
3255	7
3256	4
3257	2
3258	4
19642	1
3259	3
3260	4
3261	5
3262	5
3263	2
3264	4
3265	3
3266	5
3267	7
3268	1
3269	3
3270	1
3271	4
3272	10
3273	1
3274	5
3275	4
3276	3
3277	3
19662	1
3278	1
3279	4
3280	4
3281	2
3282	4
3283	1
3284	4
3285	1
3286	1
3287	4
3288	4
3289	2
3290	3
3291	3
3292	4
3293	4
3294	4
3295	4
3296	3
3297	1
3298	2
3299	3
3300	3
3301	4
3302	1
3303	3
3304	2
3305	4
3307	3
3308	3
3309	5
3310	3
3311	2
3312	2
3313	3
3314	2
3315	5
3316	2
3317	5
3318	3
3319	6
3320	3
3321	3
3322	4
3323	3
3324	6
3325	7
3326	3
3327	2
3328	2
19712	1
3329	6
3330	3
3331	1
3333	2
3334	5
3335	5
3336	2
3337	1
3338	7
3339	4
3340	1
3341	4
3342	3
3343	2
3344	5
3345	2
3346	4
3348	2
3349	6
3350	8
3351	3
3352	3
3353	5
3354	3
3355	6
3356	4
3357	2
3358	1
3359	4
3360	3
3361	1
3362	3
3363	4
3364	4
3367	1
3368	4
3369	4
3370	3
3371	1
3372	4
3373	3
3374	1
3375	2
3376	3
3377	4
3378	3
3379	1
3380	3
3381	3
3382	4
3383	4
3384	3
3385	4
3386	4
3387	2
3388	4
3389	2
3390	4
19774	1
3391	5
3392	4
3393	3
3394	4
3395	3
3397	3
3398	2
3399	6
3400	3
3401	3
3403	3
3404	3
3405	4
3406	2
3407	2
3408	3
3409	4
3410	4
3411	2
3412	3
3413	1
3414	2
3415	1
3416	2
3417	1
3418	3
3419	2
3420	5
3421	2
3423	1
3424	4
3425	3
3426	4
3427	4
3428	2
3429	3
3430	3
3431	3
3432	6
3433	5
3434	5
3435	4
3436	2
3437	7
3438	2
3440	2
3441	2
3442	4
3443	6
3444	7
3445	5
3446	3
3447	2
3448	2
3449	4
3450	3
3451	5
3452	3
3453	2
3454	4
3455	4
3456	3
3457	3
3458	1
3459	5
3460	3
3461	2
3462	2
3463	1
3464	6
3465	3
3466	4
3467	1
3468	2
3469	6
19853	1
3470	2
3471	6
3472	2
3473	3
3474	8
3475	4
3476	7
3477	3
3478	4
3480	2
3481	4
3482	1
3483	2
3484	3
3485	3
3486	4
3487	2
3488	6
3489	1
3490	2
3491	2
3492	3
3493	6
3494	8
3495	3
3496	2
3497	7
3498	4
3499	3
3500	1
3501	2
3502	4
3503	4
3504	7
3505	1
3506	3
3507	2
3508	3
3509	2
3510	6
3511	3
3512	4
3513	3
3514	4
3515	1
3516	4
3517	4
3518	2
3519	3
3520	2
3521	2
3522	1
3523	3
3524	5
3525	2
3526	4
3527	2
3528	3
3529	2
3530	2
3531	2
3532	1
3533	1
3534	5
3535	1
3536	3
3537	2
3538	4
3539	1
3540	3
3541	6
3543	2
3544	5
3545	6
3546	3
3547	2
3548	6
3549	2
3550	5
3551	4
3552	5
19936	1
3553	3
3554	2
3555	5
3556	4
3557	2
3558	5
3559	4
3560	3
3561	2
3562	4
3563	2
3564	5
3565	1
3566	5
3567	1
3568	2
3569	4
3570	4
3571	1
3572	6
3573	5
3574	1
3575	4
3576	6
3577	3
3578	3
3579	1
3580	7
3581	2
3582	4
3583	3
3584	1
3585	2
3586	5
3587	4
3588	4
3589	3
3590	4
3591	5
3592	5
3593	3
3594	1
3595	7
3596	1
3597	2
19981	1
3598	4
3599	3
3600	6
3601	6
3602	4
3604	3
3605	7
3606	4
3607	7
3608	1
3609	5
3610	5
3611	4
3612	3
3613	4
3614	3
3615	2
3617	4
3618	3
3619	3
3620	1
3621	2
3622	1
3623	4
3624	7
3626	4
3627	5
3628	4
3629	4
3630	2
3631	4
3632	3
3634	3
3635	1
3636	4
3637	5
3638	7
3639	2
3640	4
20024	1
3641	1
3642	5
3643	2
3644	4
3645	4
3646	1
3647	8
3648	3
3649	4
3650	5
3651	2
3652	2
3653	4
3654	2
3655	1
3656	4
3657	3
3658	2
3659	1
3660	3
3661	4
3662	4
3663	1
3664	5
3665	3
3666	4
3668	4
3669	4
3670	7
3671	1
3672	3
3673	2
3674	5
3675	3
3676	1
3677	3
3678	3
3679	2
3680	6
3681	1
3682	1
3683	3
3684	5
3685	1
3686	4
3687	6
3688	4
3689	2
3690	7
3691	1
3693	6
3694	4
3695	5
3696	2
3697	2
3699	2
3700	2
3701	2
3702	3
3703	5
3705	2
3706	5
3707	2
3708	2
3709	4
3710	4
3711	1
20095	1
3712	1
3713	1
3714	4
3715	5
3716	6
3717	1
3718	4
20102	1
3719	4
3720	2
3721	1
3722	5
3723	3
3724	2
3725	2
3726	2
3727	7
3728	4
3729	4
3730	2
3731	2
3732	6
20116	1
3733	1
3735	3
3736	4
20120	1
3737	1
3738	5
3739	4
3740	5
3741	2
3742	2
3743	3
3744	1
3745	3
3748	3
3749	2
3750	3
3751	3
3752	6
3753	3
3754	3
3755	4
3757	1
3758	6
3759	2
3760	5
3761	2
3762	4
3763	3
3764	2
3765	2
3766	5
20150	1
3767	3
3768	4
3769	3
3770	5
3771	2
3772	1
3773	5
3774	2
3775	4
3776	3
3777	7
3778	3
3780	1
3781	1
3782	3
3783	3
3784	5
3785	5
3786	4
3787	2
3788	1
3789	2
3790	3
3791	1
3793	3
3794	2
3795	3
3796	5
3798	2
3799	6
3800	2
3801	3
3802	1
3803	1
3804	1
3805	5
3806	6
3807	1
3808	5
3810	3
3811	3
3812	2
3813	3
3814	3
3815	3
3816	3
3817	3
3818	2
3819	3
3820	2
3821	1
3822	3
3823	3
3824	6
3825	3
3826	2
3827	4
3828	2
3829	2
3830	2
3831	2
3832	5
3833	1
3834	5
3835	2
3836	2
3837	5
3838	1
3839	2
3840	3
3841	2
3842	2
3843	1
3844	4
3845	3
3846	1
3847	2
3848	3
3849	3
3850	3
3851	4
3852	3
3853	4
3854	2
3855	1
3856	4
3857	5
3859	4
3860	5
3861	1
3862	6
3863	2
3864	4
3865	3
3866	1
3867	1
3868	3
3869	3
3870	3
3871	2
3872	1
3873	4
3875	5
3876	4
3877	1
3878	1
3879	2
20263	1
3880	8
3881	5
3882	3
3883	3
3884	1
3885	1
3886	1
3887	2
3888	2
3889	2
3890	4
3891	6
3892	2
3893	1
3894	5
3895	2
3896	1
3897	1
3898	2
3899	3
3901	1
3902	5
3903	10
3904	2
3905	5
3906	3
3907	2
3908	3
3909	3
3910	1
20294	1
3911	5
3912	4
3913	4
3914	8
3915	7
3916	5
3917	2
3918	4
3919	1
3920	2
3921	1
3922	2
3923	4
3924	4
3925	3
3926	4
3927	4
3928	2
3929	2
3931	1
3933	3
3934	4
3935	4
3936	2
3937	3
3938	1
3939	2
3940	7
3941	4
3942	1
3943	5
3944	2
3945	1
3946	4
3947	4
3948	3
3949	1
3950	4
3951	4
3953	2
3954	1
3955	2
3956	5
3957	2
3958	2
3959	3
3960	5
3961	4
3962	1
3963	1
3964	3
3965	1
3966	1
3967	3
3968	2
3969	3
3970	3
3971	2
3972	4
3973	1
3974	2
3975	2
3976	1
3977	3
3978	2
3979	2
3980	3
3981	4
3982	1
3983	3
3984	2
3985	1
3986	2
3987	2
3988	1
3989	2
3990	4
3991	2
3992	3
3993	3
3994	5
3995	2
3996	3
3997	2
3998	7
3999	5
4000	4
4001	2
4003	3
4004	4
4005	3
20389	1
4006	6
4007	5
4008	2
4009	3
4010	7
20395	1
4013	2
4014	4
4015	5
4016	3
4017	4
4018	2
4019	3
4020	3
4021	2
4022	7
4023	2
4025	2
4026	3
4027	2
4028	1
4029	2
4030	4
4031	3
4032	2
4033	1
4034	2
4035	1
4036	1
4037	5
4038	1
4039	1
4040	1
4041	1
4042	3
4043	1
4046	1
4047	1
4048	2
4049	2
4051	2
4052	4
4053	2
4054	4
4055	3
4056	3
4057	4
4058	6
4059	7
4060	4
4061	5
4062	4
4063	3
4064	1
4065	1
4066	2
4068	4
4069	4
4070	2
4071	3
4072	3
4073	4
4074	2
4075	1
4076	1
4077	2
4078	1
4079	1
4080	2
4081	1
4082	2
4083	3
20467	1
4084	1
4085	4
4086	4
4087	3
4088	1
4089	1
4090	5
4091	3
4092	2
4093	6
4094	3
4096	1
4097	1
4098	3
4099	4
4100	1
4101	3
4102	1
4103	1
4106	3
4108	3
4109	1
4110	5
4111	1
4112	3
4113	7
4114	2
4115	3
4116	4
4117	7
4118	3
4119	4
4121	5
4122	5
4123	5
4124	2
4125	8
4126	2
4127	5
4128	1
4129	2
4130	1
4132	2
4133	3
4134	2
4135	3
4136	4
4137	3
4138	1
4139	2
4140	1
4141	4
4142	1
4143	1
4144	1
4145	2
4146	2
4148	3
4149	2
4150	2
4151	1
4154	2
4155	6
4156	2
4157	3
4159	1
4160	3
4161	1
4162	5
4163	4
4164	1
4165	1
4166	3
4167	1
4168	4
4169	3
4170	2
4171	3
4172	4
4173	6
4174	4
4175	3
4176	1
4177	2
4178	6
4179	4
4180	1
4182	1
4183	3
4184	1
4185	2
4186	3
4187	2
4188	4
4189	3
4190	2
4191	3
4192	2
4193	1
4194	2
4195	2
4196	2
4197	2
4198	1
4199	1
4200	2
4201	2
4202	3
4204	2
4205	4
4206	4
4207	5
4208	3
4209	3
4210	2
4211	1
4212	2
4214	3
4215	2
4216	4
4217	1
4218	1
4219	2
4220	2
4221	2
4222	1
4224	2
4225	4
4226	1
4227	1
20612	1
4229	2
4231	1
4232	3
4233	3
4234	3
4235	1
4236	3
4237	4
4239	1
4240	4
4241	1
4242	3
4243	1
4244	2
4245	1
4246	5
4247	2
4248	2
4250	3
4251	1
4252	5
4253	4
4254	6
4255	3
4256	3
4257	2
20641	1
4258	5
4259	2
4260	1
4261	3
4262	4
4263	3
4264	4
4266	1
4267	1
4269	3
4270	2
4271	2
4272	4
4273	4
4274	1
4275	3
4276	1
4278	5
4280	1
4281	5
4282	5
4283	5
4284	2
4285	3
4286	1
4287	5
4288	2
4289	5
4290	1
4291	3
4292	2
4293	1
4294	1
4296	6
4297	3
4298	3
4299	1
4300	2
4301	2
4302	2
4305	2
4306	1
4307	3
4308	3
4309	3
4310	2
4311	4
4312	1
4313	1
4314	2
4315	5
4316	4
4317	2
4318	3
4319	4
4320	1
4321	2
4322	4
4323	3
4326	3
4327	2
4328	2
4329	2
4330	3
4331	3
4332	1
4333	1
4334	2
4335	4
4336	3
4337	1
4338	3
4339	2
4340	2
4341	3
4342	2
4343	3
4344	4
4345	2
4346	1
4347	3
4348	2
4349	2
4350	3
4351	4
4352	2
4353	3
4354	2
4355	5
4356	2
4357	3
4358	4
4359	5
4361	1
4362	3
4363	5
4364	1
4365	1
4366	3
4367	3
4368	2
4369	3
4370	3
4371	1
4372	3
4374	3
4375	1
4376	2
4378	2
4379	1
4380	2
4381	2
4382	4
4383	3
4384	5
4386	3
4388	2
4389	3
4391	2
4392	1
4394	2
4395	4
4396	2
4397	6
4398	1
4399	4
4400	3
4401	1
4402	1
4403	2
4404	2
4405	3
4406	1
4407	3
4408	3
4409	5
4410	4
4411	3
4412	1
4413	2
4415	1
4416	2
4417	3
4418	2
4419	1
4420	1
4421	3
4422	2
4423	3
4424	1
4425	2
4426	1
4428	2
4429	4
4430	1
4431	1
4432	5
4433	3
4434	1
4435	1
4436	2
4437	2
4439	2
4440	1
4441	5
4442	3
4443	1
4444	1
4445	2
4446	3
4447	4
4448	3
4449	3
4450	3
4451	3
4452	3
4453	1
4454	4
4455	3
4456	2
4457	3
4458	2
4459	1
4460	1
4461	1
4462	2
4463	3
4464	1
4465	4
4466	4
20850	1
4467	1
4468	3
4469	1
4470	4
4471	3
4472	3
4473	3
4474	3
4475	3
4476	2
4477	3
4478	2
4479	1
4481	3
4482	2
4483	4
4484	2
4485	2
4486	1
4487	2
4488	3
4490	1
4491	4
4492	7
4494	6
4495	2
4496	2
4497	3
4498	2
4500	1
4501	3
4502	2
4503	2
4504	4
4505	3
4506	1
4507	3
4508	4
4509	1
4510	1
4511	5
4512	4
4513	1
4514	1
4516	2
4517	1
4518	1
4519	1
4520	1
4521	1
4522	4
4523	1
4524	2
4525	3
4526	1
4527	2
4528	2
4529	1
4530	2
4531	3
4532	1
4533	1
4534	3
4535	2
4536	4
4537	4
4538	2
4539	3
4541	1
4542	1
4543	2
4544	1
4546	2
4547	1
4549	3
4550	4
4551	1
4552	1
4553	3
4554	3
4555	3
4556	3
4557	1
4558	6
4560	3
4561	2
4562	2
4563	3
4564	3
4565	1
4566	2
4567	2
4568	4
4569	5
4570	1
4571	3
4572	7
4573	3
4574	3
4575	5
4576	1
4577	1
4578	5
4579	2
4580	2
4581	1
4582	1
4583	1
4584	4
4585	1
4586	1
4587	1
4589	2
4590	2
4591	3
4592	2
4593	1
4594	7
4595	5
4596	2
4597	3
4598	2
4600	2
4601	4
4602	3
4603	3
4604	4
4606	2
4607	5
4608	1
20993	1
4610	1
4611	1
4613	1
4614	2
4615	1
4616	2
4617	2
4618	3
4619	3
4620	1
4621	1
4622	1
4623	1
4624	2
4625	4
4626	1
4627	4
4628	2
4629	2
4630	1
4631	1
4632	2
4633	2
4634	1
4636	1
4637	1
4638	2
4639	3
4640	5
4641	2
4642	1
4643	2
4645	2
4646	3
4647	3
4649	2
4650	1
4651	3
4652	2
4653	4
4654	1
4655	2
4656	3
4657	1
4658	5
4659	2
4660	1
4661	4
4662	1
4663	4
4664	6
21048	1
4665	1
4666	1
4667	3
4670	1
4671	2
4672	5
4675	3
4678	1
4680	2
4681	2
4682	1
4683	2
4684	1
4685	2
4686	2
4687	2
4688	1
4690	2
4691	2
4692	2
4693	2
4694	5
4695	2
4696	1
4698	4
4701	3
4702	2
4703	2
4704	2
4705	1
4706	1
4707	3
4708	2
4709	1
4710	1
4711	3
4712	3
4713	2
4714	4
4716	3
4717	1
4719	1
4721	1
4722	3
4723	2
4724	7
4725	2
4726	3
4727	1
4728	1
4729	2
4730	3
4731	4
4732	4
4733	4
4734	2
4735	5
4736	1
4737	1
4738	2
4739	2
4740	1
4741	1
4742	1
21130	1
4746	1
4747	3
4748	1
4749	2
4750	1
4751	2
4752	3
4753	2
4754	2
4755	2
4756	4
4757	1
4758	4
4759	6
4760	1
4761	1
4762	1
4764	2
4766	1
4767	2
4768	1
21152	1
4769	2
4770	3
4773	2
4774	4
4775	2
4776	5
4778	1
4779	2
4780	2
4781	1
4783	1
4784	2
4786	1
4788	4
4789	1
4790	2
4791	3
4792	3
4793	3
4796	1
4797	2
4799	3
4800	4
4801	4
4802	2
4803	1
4804	1
4805	1
4807	6
4808	1
4809	1
4810	4
4811	2
4813	1
4814	1
4815	2
4816	1
4817	2
4818	1
4819	5
21203	1
4820	1
4821	3
4825	1
4826	2
4827	3
4828	2
4829	1
4830	1
4831	3
4832	1
4834	2
4835	2
4837	3
4838	1
21222	1
4839	1
4841	3
4842	2
4844	5
4845	3
4846	2
4847	2
4848	3
4849	1
4850	1
4852	3
4853	2
4855	4
4856	4
4857	2
4858	2
4859	2
4860	1
4862	1
4863	3
4864	1
4865	1
4867	1
4868	4
4869	2
4871	1
4872	1
4874	4
4875	3
4876	1
4877	1
4878	1
4879	3
4880	2
4881	1
4882	3
4883	5
4884	1
4885	1
4886	1
4887	1
4889	3
4890	1
4891	2
4892	2
4893	1
4894	1
4895	1
4896	3
4898	3
4900	3
4902	3
4903	1
4904	3
4905	2
4906	2
4907	2
4908	3
4909	3
4910	2
4911	2
4912	5
4913	1
4914	1
4915	2
21299	1
4916	5
4917	2
4919	3
4920	1
4922	4
4923	1
4924	1
4925	3
4926	3
4927	3
4928	1
4929	2
4930	2
4931	2
4932	3
4933	4
4935	2
4936	1
4937	2
4940	1
4941	3
4942	1
4943	1
4945	2
4946	2
4949	1
4950	1
4951	4
4952	2
4953	4
4954	2
4955	1
4956	2
4957	3
4958	2
4959	4
4960	3
4961	2
4962	2
4963	3
4964	2
4965	2
4966	1
4967	2
4968	1
4969	1
4970	2
4971	2
4972	1
4973	4
4974	2
4975	2
4976	5
4977	3
4978	1
21362	1
4979	1
4980	1
4981	1
4982	1
4983	3
4984	1
4985	1
4986	3
4987	1
4988	4
4989	1
4990	2
4991	2
4992	3
4993	1
4994	3
4995	2
4996	1
4997	3
4998	4
4999	3
5000	2
5003	1
5004	1
5005	1
5006	1
5007	4
5008	1
5009	7
5010	2
5012	2
5013	2
5014	2
5015	1
5016	2
5017	1
5018	3
5019	2
5020	1
5021	1
5022	2
5023	1
5024	3
5025	1
5026	3
5027	1
5029	1
5030	1
5031	2
5033	1
5034	2
5035	1
5036	4
5039	3
5040	5
5041	1
5042	4
5043	2
5044	1
5045	1
5046	3
5047	2
5048	3
5050	1
5052	4
5053	1
5054	1
5055	1
5057	2
5058	1
5059	1
5060	2
5061	2
5062	1
5063	2
5064	2
5066	2
5068	1
5069	3
5070	1
5071	3
5072	1
5073	2
5074	3
5076	3
5077	2
5078	1
5079	4
5080	1
5081	3
5082	1
5083	3
5085	1
5086	3
5088	1
5089	2
5090	3
5091	2
5092	1
5093	1
5094	3
5095	1
5096	1
5097	2
5098	4
5100	1
5101	2
5102	1
5103	3
5104	3
5105	1
5107	3
5110	2
5111	5
5112	1
5113	1
5114	2
5115	1
5116	1
5117	2
5118	3
5120	1
5121	2
5122	1
5124	4
5125	2
5127	3
5128	3
5129	3
5130	2
5131	1
5132	3
5134	2
5135	2
5136	1
5137	1
5138	2
5139	1
5140	1
5141	3
5142	2
5143	1
5144	2
5145	2
5146	1
5147	1
5148	2
5149	1
5151	1
5152	2
5153	1
5156	3
5157	2
5158	2
5159	1
5161	1
5162	2
5164	1
5165	5
5166	1
5167	2
5169	2
5170	6
5171	2
5173	3
5175	3
5176	1
5177	1
5178	1
5179	1
5182	1
5183	3
5184	2
5187	2
5190	1
5191	1
5192	1
5194	2
5195	2
5196	4
5197	3
5198	3
5199	2
5200	1
5201	4
5202	2
5204	1
5205	2
5206	1
5207	5
5209	2
5211	1
5212	2
5213	1
5214	1
5215	2
5217	2
5218	2
5219	3
5220	5
21605	1
5221	1
5222	3
5223	2
5224	2
5226	1
5227	3
5229	4
5230	1
5233	1
5236	2
5237	1
5239	1
5240	2
5242	2
21626	1
5243	1
5244	1
5245	1
5247	1
5248	1
5249	3
5250	1
5253	4
5254	1
5255	1
5256	1
5257	3
5258	1
5259	1
5260	2
5262	3
5264	1
5265	1
5266	1
5267	2
5268	2
5269	3
5270	2
5271	1
5273	2
5274	2
5275	3
5276	2
5277	3
5278	2
5279	2
5280	1
5281	2
5282	3
5283	1
5284	1
21668	1
5285	2
5287	1
5288	2
5289	1
5290	2
5292	1
5294	2
5295	2
5297	1
5298	2
5299	1
5300	2
5301	1
5302	1
5303	2
5304	1
5305	3
5306	1
5307	1
5309	1
5311	2
5312	1
5313	2
5314	1
5315	2
5317	2
5318	3
5319	1
5320	3
5321	1
5322	1
21707	1
5324	2
5325	1
5326	1
5327	2
5328	5
5329	4
5331	1
5333	1
5334	4
5335	2
5336	4
5338	2
5341	3
5342	2
5345	2
5347	1
5348	2
5353	1
5354	2
5355	1
5356	2
5357	1
5358	3
5360	1
5361	2
5366	2
5367	1
5368	3
5369	4
5370	2
5371	1
5374	1
5375	3
5376	1
5377	2
5378	1
5380	1
5381	1
5382	4
5384	2
5388	3
5389	1
5390	3
5391	3
5392	3
5393	2
5394	1
5395	1
5397	2
5398	1
5399	2
5400	3
5402	1
5403	2
5404	1
5405	2
5406	2
5408	2
5410	3
5411	2
5413	1
5414	3
5415	1
5416	1
5417	1
5418	1
5419	1
5421	4
5422	4
5423	1
5427	1
5428	1
5430	1
5432	1
5433	1
5434	2
5435	1
5436	7
5437	2
5438	2
5439	2
5440	3
5441	2
5442	1
5443	4
5444	1
5446	1
5447	2
5448	1
5449	3
5452	2
5453	1
5454	2
5455	1
5457	2
5458	1
5459	1
5460	3
5464	1
5465	1
5466	2
5467	2
5469	2
5471	1
5472	4
21856	1
5474	1
5475	2
5477	2
5478	6
5479	2
5480	2
5482	2
5484	1
5485	1
5486	3
5487	1
5488	4
5489	1
5492	4
5493	1
5494	2
5495	1
5496	2
5497	1
5498	3
5499	2
5501	1
5502	2
5503	1
21887	1
5504	2
5506	1
21891	1
5508	2
5510	2
5511	2
5512	3
5514	3
5516	2
5518	3
5520	1
5521	1
5522	1
5523	2
5524	3
5525	1
5526	3
5528	2
5530	2
5531	4
5532	3
5534	3
5535	1
5536	2
5538	1
5542	1
5543	3
5544	1
5545	4
5546	1
5548	2
5549	1
5550	2
5551	2
5552	1
5553	1
5556	3
5559	1
5560	1
5562	3
5563	3
5564	2
5565	3
5567	1
5568	1
5570	1
5571	1
5573	2
5574	1
5578	1
5579	3
5580	1
5583	1
5585	3
5586	2
5588	2
5590	1
5591	2
5592	1
5593	2
5594	2
5595	1
5596	1
5597	2
5599	3
5600	1
5601	1
5602	1
5603	3
5604	1
5605	1
5606	1
5607	1
5608	4
5609	1
5610	1
5611	1
5613	1
5614	3
5618	1
5620	1
5621	2
5622	2
5623	4
5624	3
5625	3
5626	1
5627	2
5628	1
5629	1
5630	1
5631	1
5632	2
5634	3
5635	1
5636	1
5637	2
5638	2
5639	2
5640	4
5641	2
5642	2
5643	1
5644	1
5645	1
5646	1
5648	1
5649	1
5652	1
5653	2
5654	2
5655	1
22040	1
5658	1
5659	1
22044	1
5661	2
5662	1
5663	1
5665	3
5666	1
5668	2
5669	1
5670	1
5671	3
5674	1
5675	1
5676	1
5678	1
5680	1
5682	1
5683	1
5684	1
5685	1
5686	1
5687	1
5689	1
5690	2
5691	1
5693	1
5694	4
5696	1
5697	1
5699	3
5700	1
5701	2
5702	1
5703	2
5704	2
5706	1
5708	1
5709	1
5711	2
5713	3
5715	3
5716	1
5717	1
5719	2
5720	1
5722	1
5723	1
5727	3
5728	1
5729	1
5734	1
5735	1
5737	1
5739	1
5741	3
5742	2
5743	2
5744	1
5745	1
5746	1
5751	1
5753	3
5754	1
5755	1
5756	1
5757	1
5758	2
5760	1
5761	3
5762	2
5763	2
5764	3
5765	1
5766	1
5767	1
5770	1
5771	1
5773	1
5775	1
5776	1
5777	2
22161	1
5778	2
5779	2
5780	3
5781	2
5782	1
5785	1
5786	1
5787	1
5789	2
5790	2
5791	1
5792	2
5795	3
5796	1
5797	4
5800	1
5802	2
5803	1
5804	1
5805	1
5806	2
5807	1
5808	1
5809	1
5810	1
5811	1
5812	2
5813	2
5814	1
5816	1
5817	2
5819	1
5820	3
5821	1
5824	1
5825	1
5826	1
5827	2
5828	1
5830	2
5832	2
5836	1
5838	1
5840	4
5843	1
5844	1
5845	1
5846	1
5849	2
5856	2
5858	1
5860	4
22245	1
5862	1
5863	1
5864	2
5867	3
5868	1
5869	2
5870	2
22255	1
5874	1
5875	3
5876	2
5879	2
5880	1
5881	1
5882	3
5883	1
5884	1
5885	2
5887	5
5888	2
5889	1
5892	1
5893	3
5895	2
5896	1
5897	2
5899	1
5900	3
5901	1
5902	1
5904	1
5906	1
5908	2
5910	1
5911	3
5913	1
5914	2
5915	1
5916	1
5917	1
5918	1
5919	1
5921	1
5922	2
5923	2
5924	1
5925	2
5927	2
5928	1
5932	3
5933	1
5934	1
5935	1
5937	1
5938	2
5939	3
5940	1
5942	1
5943	1
5948	1
5949	1
5950	1
5952	1
5953	1
5954	2
5956	2
5957	1
5958	1
5959	3
5960	2
5961	3
5963	2
5965	2
5967	1
5969	1
5970	2
5972	1
5973	1
5974	2
5975	1
5977	1
5978	1
5980	1
5981	1
5983	2
22367	1
5984	1
5985	1
5986	1
5987	2
5988	3
5989	2
5991	4
5993	3
5994	1
5998	5
5999	1
6000	2
6001	2
6002	1
6004	1
6005	1
6006	2
6007	1
6008	1
6011	1
6013	1
6014	1
6018	1
6019	1
6020	1
6021	3
6022	1
6024	2
6026	1
6034	2
22424	1
6041	2
6042	1
6046	2
6047	1
6048	1
6050	1
6051	2
6052	1
6053	1
6054	2
6056	4
6062	1
6063	1
6064	3
6065	1
6070	1
6071	1
6072	1
6073	1
6074	1
6075	3
6076	1
6077	3
6078	2
6079	1
6080	1
6081	2
6083	2
6085	1
6086	1
6087	1
6088	2
6093	1
6094	2
6095	1
22479	1
6096	2
6097	1
6098	1
6099	1
6100	3
6101	1
6102	1
22487	1
6104	1
6108	5
6109	1
6113	1
6114	3
6115	1
6116	1
6117	2
6120	2
6121	1
6122	1
6123	1
6124	1
6125	2
6126	1
6127	1
6131	1
6132	1
6133	1
6135	2
6138	1
6140	2
6141	1
6142	2
6143	1
6144	1
6145	2
6146	1
6147	1
6151	2
6156	1
6157	2
6158	3
6161	2
6162	1
6163	2
6166	1
6170	1
6175	1
6177	1
22561	1
6178	1
6179	1
6180	2
6181	3
6186	1
6187	1
6190	1
6191	1
6192	1
22579	1
6196	2
6199	2
6202	2
6203	1
6204	1
22588	1
6206	1
6207	1
6208	2
6209	2
6211	1
6212	2
6213	1
6214	3
6215	3
6217	1
6218	2
6222	1
6223	2
6225	1
6226	1
6228	1
6229	1
6230	2
6231	2
6232	3
6234	1
6235	2
6236	1
6237	2
6238	1
6239	1
6240	1
6242	1
6244	2
6245	3
6248	1
6249	1
6251	1
6252	1
6253	1
6256	3
6257	1
6260	1
6261	1
6264	2
6266	1
6267	1
6268	1
6270	2
6271	2
6272	1
6273	2
6275	1
6277	1
6278	2
22662	1
6279	1
6280	2
6287	2
6288	2
6289	1
6290	2
6291	1
6292	1
6295	1
6296	1
6297	1
6299	2
6300	2
6303	1
6304	1
6306	3
6307	1
6308	1
6310	1
6313	2
6316	1
6319	1
6321	3
6323	2
6325	1
6327	1
6328	1
6330	1
6331	1
6332	2
6333	1
6337	2
6339	1
6341	2
6344	1
6345	1
6346	3
22730	1
6349	1
6351	1
6354	1
6355	1
6356	1
22741	1
6358	1
6359	1
6363	1
6364	1
6366	1
6367	1
6368	1
6369	2
6372	2
6373	1
6374	2
6376	1
6377	1
6378	1
6379	1
6380	1
6383	4
6385	1
6391	2
6392	2
6394	2
6397	4
6398	1
6401	1
6404	1
6411	2
6413	1
6414	2
6415	1
6416	1
6417	3
6418	1
6422	1
6423	1
6425	1
6427	1
6428	1
6429	1
6430	3
6432	1
6433	1
6434	2
6436	1
6437	2
6438	1
6439	2
6440	1
6443	1
6444	1
6445	1
6446	3
6448	1
6450	1
6451	1
6455	3
6456	1
6458	1
6462	1
6464	2
6467	1
6468	1
6473	2
6474	3
6475	1
6481	1
6482	2
6483	1
6484	2
6485	1
6486	1
6487	1
6488	1
6489	1
6491	2
6494	2
6497	1
6498	4
6499	1
6500	2
6501	2
6502	1
6503	1
6504	1
6505	1
6507	1
6508	1
6510	1
22894	1
6512	1
6513	1
22897	1
6516	2
6517	1
6518	1
6519	1
6520	1
6521	2
6522	1
6523	1
6524	2
6525	1
6529	2
6530	1
6532	2
6533	1
6535	1
6536	1
6537	1
6538	1
6539	1
6542	2
6547	1
6548	1
6550	1
6552	1
6553	1
6554	1
6555	1
6556	3
6558	1
6559	1
6560	1
6561	2
6562	1
6563	1
6569	1
6571	1
6572	4
6573	1
6576	1
6579	3
6581	1
6582	1
6586	2
6587	1
6589	2
6590	1
6594	2
6599	2
6603	3
6605	1
6606	2
6607	1
6608	1
6610	1
6612	1
6613	4
6614	2
6617	1
6618	2
6619	1
6620	1
6621	2
6622	1
23009	1
6626	1
6627	1
6629	1
6630	1
6631	2
6632	3
6635	1
6636	2
6637	1
6640	1
6643	2
6644	1
23031	1
6650	1
6652	1
6654	1
6656	1
6658	1
6660	1
6661	1
6662	1
6665	2
6668	2
6669	1
6672	1
6675	4
6677	1
6680	1
6682	2
6685	2
6687	2
6688	3
6689	1
6690	1
6691	1
6693	1
6695	2
6701	2
6706	1
6712	1
6713	1
6717	1
6718	2
6720	2
6722	2
6724	1
6726	2
6728	1
6729	1
6731	1
6732	4
6733	1
6737	1
6742	1
6743	2
6744	1
6745	2
6746	1
6747	1
6748	1
6749	1
6752	1
6753	2
6754	2
6756	2
6759	1
6761	1
23146	1
6766	1
6768	1
6770	2
6775	3
6776	1
6777	2
6780	1
6784	1
6785	1
6786	1
6790	1
6791	1
6793	1
6799	2
6802	4
6806	1
6808	1
6809	1
6811	1
6812	2
6813	1
6815	1
6816	1
6818	4
6819	1
6820	1
6823	1
6824	1
6825	1
6826	1
6827	2
6830	1
6831	1
6832	1
6834	1
6837	2
6840	1
6842	3
6846	1
6847	1
6850	3
6853	1
6855	2
6856	1
6858	2
6867	1
6874	1
6876	2
6879	2
6880	3
6882	2
6885	1
6888	1
6890	1
6893	1
6894	1
6897	1
6898	1
6899	1
6902	1
6904	2
6905	1
6906	1
6907	2
6908	1
6912	1
6913	2
6914	3
6920	1
6921	1
6934	1
6935	1
6941	1
6946	1
6948	1
6954	1
6957	3
6959	2
6961	1
6963	1
6965	1
6973	1
6974	1
6975	1
6976	1
6977	1
6978	1
6983	1
6984	2
6985	1
6986	2
6987	1
6991	3
6992	1
6993	2
6994	2
6997	1
6999	1
7000	1
7004	1
7006	2
7008	1
7010	1
7011	1
7012	3
7013	1
7014	1
7016	1
7017	1
7018	1
7019	1
7020	1
7023	1
7027	1
7030	1
7031	1
7034	2
7036	1
7037	1
7039	1
7041	2
7045	1
7047	1
7049	1
23434	1
7052	1
7055	2
7058	2
7059	1
7063	1
7064	1
7066	1
7067	1
7068	3
7070	1
7071	1
7072	1
7074	1
7079	1
7080	1
23466	1
7086	3
7090	1
7091	2
7092	1
7093	1
7096	1
7097	1
7099	1
7102	2
7110	1
7115	1
7116	1
7120	1
7123	1
7124	1
7125	2
7131	1
7135	1
7136	1
7137	1
7143	1
7144	1
7146	1
7150	2
7152	2
7157	2
7158	1
7159	1
7169	3
7171	1
7172	1
23557	1
7173	1
7175	1
7176	1
7179	2
7180	1
7181	1
23566	1
7183	1
7184	2
7187	2
7188	1
7189	1
7190	1
7192	1
7196	1
7200	1
7201	1
7202	3
7203	1
7205	1
7208	1
7209	2
7210	2
23594	1
23595	1
7211	1
7215	1
7216	2
7218	1
7222	1
7223	2
7224	1
7226	1
7232	1
7235	1
7236	1
7241	1
7246	1
7247	1
7248	3
23635	1
7251	1
7253	1
7254	1
23638	1
7256	1
7257	1
7261	1
7266	1
7268	1
7269	1
7270	1
7271	1
7273	2
7274	2
7275	1
7288	4
7291	1
7294	1
7296	2
7297	1
7298	1
7300	1
7301	2
7302	1
7303	1
7304	2
7306	1
7310	1
7311	1
7313	1
7314	2
7319	2
7320	1
7321	1
7331	1
23717	1
23719	1
7336	2
23726	1
7342	3
23727	1
7344	1
23729	1
23730	1
23731	1
23732	1
23733	1
7350	2
23734	1
23735	1
23736	1
23737	1
7355	1
7358	2
7363	1
23750	1
23752	1
7368	1
7369	1
7370	2
7371	1
7372	1
7374	1
7377	3
23761	1
7378	1
7384	2
23768	1
7385	1
23770	1
23772	1
23775	1
23776	1
7394	1
23779	1
7397	1
23782	1
23785	1
7403	1
23793	1
7412	2
7414	1
23798	1
23801	1
7421	1
7423	1
7424	2
7427	1
7428	1
7429	1
7430	1
7431	1
7435	1
7436	2
23820	1
7437	1
7438	1
7441	2
23826	1
7443	1
7444	1
7445	1
23831	1
23832	1
23833	1
23834	1
23835	1
23836	1
23837	1
7453	1
7454	3
23838	1
23839	1
7455	1
7456	2
23840	1
23841	1
23842	1
23843	1
23844	1
7461	1
23845	1
23846	1
23847	1
7465	1
7468	1
7469	2
23853	1
7473	1
23860	1
23861	1
7479	1
23865	1
7481	1
7482	1
7483	1
23868	1
23869	1
7487	1
7490	1
23875	1
7492	1
7493	1
7494	1
7495	1
7498	1
7499	1
7502	1
7506	1
23894	1
7512	1
7518	1
7519	1
7520	2
7523	1
7524	1
7525	1
23910	1
7527	1
23914	1
23918	1
23919	1
7537	1
7539	1
23925	1
7542	1
7543	1
23928	1
7548	1
7550	1
7551	1
7557	1
7558	2
23946	1
7568	1
7570	1
7571	1
7574	3
7575	1
23959	1
7577	1
23962	1
7581	1
7582	1
23967	1
7585	1
23969	1
23971	1
7589	1
23976	1
7592	1
7594	2
7595	1
23980	1
7598	1
23982	1
23983	1
7601	1
23987	1
7603	1
23988	1
7605	1
23992	1
7610	2
23994	1
7612	1
23997	1
7615	1
24000	1
24001	1
7619	1
24003	1
7621	1
24007	1
7623	1
7625	1
7626	2
24010	1
7627	1
7628	1
24012	1
7629	1
7630	1
24015	1
7631	1
24017	1
7637	1
7638	1
7639	2
7641	1
7642	1
7644	2
24029	1
7646	1
7654	1
7655	2
7656	1
7660	1
7665	1
7666	1
7667	1
7668	1
7669	2
7670	1
7673	1
7678	1
7681	1
24067	1
7688	2
24073	1
7689	1
7691	1
7694	1
24079	1
7696	1
24080	1
7697	1
24082	1
7700	1
7701	1
7702	1
7704	2
7708	1
7710	1
7711	1
7712	1
7714	1
7715	1
24100	1
7716	1
24101	1
7717	1
7718	2
7719	1
7723	3
7724	1
24110	1
24113	1
7730	1
7735	1
24125	1
7741	1
7742	1
24127	2
7744	1
7746	1
7749	1
24134	1
24137	1
24138	1
7756	1
7757	1
7758	1
24142	1
7762	1
24147	1
7765	2
7767	1
7770	2
7771	1
24156	1
7773	1
24159	1
7775	3
7777	1
7780	1
7783	1
24170	1
7786	1
7790	1
7796	2
7798	1
24189	1
7808	2
7809	1
7812	1
7816	1
24201	1
7820	2
24205	1
7821	1
7824	1
24208	1
7826	1
7828	1
7833	1
7838	1
24224	1
7841	1
7844	1
7848	1
7852	1
7859	1
7862	1
7863	2
7864	1
7865	1
7869	1
7870	2
7875	1
7876	1
7877	1
7878	1
7880	1
7881	3
7883	1
7891	1
7892	1
7893	1
7895	1
24283	1
7901	2
24292	1
7908	1
24295	2
7913	1
7915	1
24299	1
7917	1
7920	1
7922	1
24308	1
7927	1
7932	1
7933	1
7934	1
7937	1
7939	1
7940	1
7943	1
7946	1
7953	2
7954	2
7960	1
7964	1
7968	1
7970	1
7981	1
7985	1
7989	2
24373	1
7994	2
7995	1
7998	1
8003	1
8007	1
8017	1
8018	1
8021	1
8023	1
8026	1
8031	2
8032	1
8035	2
8036	1
8037	1
8038	1
8040	1
8042	1
8043	2
8047	1
8049	1
8057	1
8065	1
8066	1
8068	2
8075	1
8078	1
8080	2
8081	1
8086	1
8088	2
8091	1
8092	1
8093	1
8094	1
8096	5
8101	2
8103	1
8107	1
24491	1
8112	1
8115	1
8118	2
8119	1
8121	1
8126	1
8127	1
8129	1
8132	1
8133	2
8143	1
8147	1
8148	1
8151	1
8153	1
8157	1
8158	1
8159	1
8170	1
8172	1
8173	1
8175	1
8177	2
8181	1
8183	1
24567	1
8185	1
8187	1
8188	1
24572	1
8189	1
8195	1
8197	1
24588	2
8205	1
8206	1
8207	1
8208	1
8209	1
8210	2
8213	2
8214	1
8222	1
8223	1
8228	1
8230	1
8232	1
8233	1
24620	1
24621	1
8239	1
8240	1
8244	1
8247	1
8252	2
8253	1
8254	2
8258	1
24643	1
8261	1
8269	1
8273	2
8274	1
24660	1
8279	1
24664	1
8283	1
8284	1
24669	1
8287	2
8290	1
24679	1
8299	1
8301	1
8302	1
8305	1
8306	1
8307	2
8309	1
24697	1
24699	1
8317	1
8319	1
8320	1
8322	1
8325	1
8326	1
8327	1
8328	1
24712	1
24713	1
8330	2
8333	2
8337	1
24725	1
8347	2
8348	1
8349	1
8350	2
24736	1
8353	1
8357	3
24743	1
8360	1
24747	1
8365	1
8370	1
8372	1
8374	2
8375	1
8383	1
24770	1
8387	1
8388	1
8389	1
8398	1
8400	1
8408	1
8413	1
8417	1
8418	2
24804	1
8423	1
8426	1
8429	1
8431	2
8437	1
24825	2
8442	1
8444	1
8445	1
8448	1
8455	1
8458	1
8459	1
24843	1
8460	1
8461	1
8466	1
8469	1
8472	1
24861	1
8480	1
8483	1
8487	1
24875	1
8491	1
8493	1
8494	1
24884	1
24885	1
8502	1
8506	1
8513	1
24899	1
8517	1
8520	1
8521	1
8525	1
8532	1
8539	1
8541	1
8543	1
8545	1
8546	1
8551	1
8552	1
8553	1
8554	1
8558	1
8562	1
8564	2
24948	1
24951	1
8568	1
8569	1
8578	1
24963	1
8580	1
24970	1
8590	1
8591	1
8594	2
8595	1
8596	1
8597	1
8600	2
8601	1
24985	1
8602	1
8603	1
8605	1
8608	1
8611	1
8612	1
8614	1
8618	2
8622	1
8624	1
25008	1
8625	1
8627	1
25012	1
8632	2
8634	1
25018	1
8640	1
8646	1
25032	1
8649	1
8651	1
8652	2
25038	1
8655	1
8656	1
8658	1
8659	1
8660	2
8664	1
25051	1
8669	1
8673	1
25057	1
8681	1
8682	1
8691	1
8692	2
25077	1
8695	1
8696	2
8701	1
8702	2
8706	1
8708	1
8709	1
25093	1
8710	1
8711	1
8713	1
8714	2
8715	2
8719	2
8721	1
8724	1
8727	1
8728	2
8731	1
8738	1
8742	1
8746	1
8748	2
8751	1
8754	1
8758	1
8759	1
8760	2
8762	1
8763	1
8764	1
25152	1
8772	1
8780	1
8785	2
25170	1
8787	1
8789	1
25179	1
25182	1
8799	1
8802	1
8808	2
8810	1
8811	1
8815	1
25199	1
8817	2
8818	1
8825	1
8828	1
8829	1
8835	1
8837	1
8839	1
8849	1
8851	1
8852	2
8855	1
8857	1
8864	1
8865	2
8867	1
8869	1
8870	1
8871	1
8879	1
8885	1
8891	1
25276	1
8893	2
8894	1
25284	1
8901	1
25285	1
8903	2
8906	1
8911	2
8912	1
8913	1
8915	2
8921	1
8923	1
25311	1
8928	1
8932	1
8935	1
8938	2
8939	1
25324	1
8941	1
8942	1
25328	1
8946	1
8950	1
8951	1
8952	1
8954	1
8955	2
8957	1
8959	1
8962	1
8963	1
8971	1
8972	1
8973	1
8974	1
25358	1
25359	1
8977	1
8982	1
8985	1
25372	1
8993	1
9002	1
9004	1
9008	1
9009	1
9011	1
9013	1
25405	1
9024	1
25410	1
9030	1
9034	1
25421	1
9041	1
9043	1
9045	1
25431	1
25432	1
9050	1
25438	1
25439	1
25440	1
9057	1
9058	2
9060	1
9073	1
9075	1
9079	2
9081	1
9082	2
9084	1
9095	2
9096	1
25484	1
9108	1
9115	2
9117	1
9118	3
9123	1
9124	1
9125	1
9130	2
25514	1
9133	1
9141	1
25532	1
9148	1
9152	1
9156	1
9157	1
9162	1
9164	1
9166	2
25550	1
9167	1
9175	1
9177	1
9179	1
9180	1
25565	1
9182	2
9186	1
25571	1
9191	1
9193	1
9194	2
9196	1
9200	1
9202	1
9203	1
9205	1
9218	1
25602	1
9222	1
9223	2
9231	1
9233	1
9234	1
9241	1
9248	1
9253	1
9266	2
9267	1
25658	1
9276	1
9278	2
9282	1
9283	2
9293	1
9294	1
9302	1
9304	1
9306	1
9307	1
9312	1
9315	1
9316	1
9321	1
9330	1
25722	1
25725	1
9346	1
9354	1
9356	1
9361	2
9364	1
9366	1
9373	1
9377	1
9379	2
25768	1
9385	2
9386	1
9388	2
9389	1
9391	2
9392	1
9402	1
9403	1
9407	1
9409	1
9412	1
9416	1
9426	1
9427	2
9428	1
9430	1
9432	1
9434	1
9437	1
9438	1
9440	1
9442	2
9443	1
9444	1
9448	1
9460	1
9465	1
9467	1
9468	1
9469	1
9470	1
9480	1
9483	1
9486	1
9487	1
9488	1
9492	1
9494	1
9498	1
9499	1
9505	1
9507	1
9508	1
9512	1
9513	1
9517	1
9525	1
9526	1
9534	1
9538	1
9541	1
9542	1
9545	2
9556	1
9573	1
9574	1
9581	1
9588	2
9589	1
9590	1
9591	1
9597	1
9599	1
9602	1
9606	1
9608	1
9609	3
9610	1
9612	1
9616	1
9627	1
9630	1
9637	1
9638	1
9643	1
9647	2
9649	1
9653	1
9655	1
9657	1
9663	1
9669	1
9676	1
9685	1
9693	2
9705	1
9706	1
9715	1
9718	1
9719	1
9720	1
9724	1
9728	1
9729	1
9733	1
9738	1
9739	1
9745	1
9753	1
9758	1
9769	1
9771	1
9772	1
9776	1
9777	1
9779	1
9781	1
9785	1
9786	2
9800	1
9801	2
9805	1
9806	1
9809	1
9810	1
9815	2
9819	1
9822	1
9826	1
9828	1
9829	1
9830	1
9838	1
9840	1
9845	1
9857	1
9862	1
9870	1
9872	1
9877	1
9883	2
9885	1
9886	1
9892	1
9896	1
9901	1
9907	1
9908	1
9912	1
9924	1
9928	2
9933	1
9935	1
9937	1
9939	1
9953	1
9956	1
9959	2
9961	1
9963	2
9964	2
9976	1
9981	1
9983	1
9986	1
9987	1
9992	1
9996	1
9999	1
10000	1
10001	1
10003	1
10007	1
10019	1
10020	1
10029	1
10038	1
10045	1
10055	1
10057	1
10059	1
10061	1
10064	1
10066	1
10072	1
10076	1
10080	1
10087	1
10107	1
10134	1
10135	1
10140	1
10142	1
10143	1
10144	1
10155	1
10163	1
10165	1
10167	1
10187	3
10188	1
10194	2
10200	1
10206	1
10211	1
10221	1
10223	1
10224	1
10238	1
10242	1
10247	1
10249	1
10254	1
10260	1
10262	1
10266	1
10267	1
10268	1
10278	1
10284	2
10287	1
10289	1
10297	1
10298	1
10300	1
10302	1
10305	1
10307	1
10316	1
10320	2
10331	1
10336	1
10337	1
10350	1
10357	2
10362	1
10364	1
10367	1
10368	1
10369	1
10371	1
10383	1
10387	1
10393	1
10394	1
10398	1
10400	3
10402	1
10403	1
10422	1
10447	1
10448	1
10455	1
10456	1
10457	1
10459	1
10465	1
10470	1
10476	1
10480	1
10483	1
10488	2
10490	1
10507	1
10509	1
10511	1
10519	1
10530	1
10531	1
10539	1
10540	1
10542	2
10549	1
10550	1
10558	1
10565	1
10566	2
10568	1
10570	1
10575	1
10576	2
10595	1
10597	1
10615	1
10629	1
10639	1
10645	1
10650	1
10658	1
10661	1
10662	1
10669	1
10672	1
10679	1
10682	1
10693	1
10697	2
10701	1
10711	1
10715	1
10719	1
10725	1
10726	1
10730	1
10734	1
10740	1
10748	1
10754	1
10762	1
10767	1
10768	1
10772	1
10780	1
10782	1
10786	1
10790	2
10797	2
10799	1
10804	1
10810	1
10815	2
10823	1
10839	1
10848	1
10849	1
10858	1
10860	1
10868	1
10873	1
10881	1
10885	1
10887	1
10889	2
10898	1
10899	1
10909	1
10913	1
10916	1
10918	1
10924	1
10925	1
10930	1
10932	1
10936	1
10945	1
10952	1
10954	1
10957	1
10961	1
10963	1
10965	1
10967	1
10980	1
10983	1
10987	1
10995	1
10997	1
11000	1
11001	1
11005	1
11013	1
11018	2
11020	1
11026	1
11033	1
11035	1
11045	1
11052	1
11058	1
11078	1
11079	2
11086	1
11087	1
11097	1
11105	1
11112	1
11116	1
11121	1
11125	2
11129	1
11133	1
11136	1
11147	1
11150	1
11154	1
11157	1
11170	1
11171	1
11175	1
11176	2
11178	1
11186	1
11196	1
11197	1
11205	1
11206	2
11209	1
11226	1
11231	1
11243	1
11251	1
11255	1
11258	1
11261	1
11278	1
11280	1
11282	1
11287	1
11289	1
11301	1
11303	1
11325	1
11327	2
11328	1
11348	1
11352	1
11353	1
11360	1
11363	1
11386	1
11388	1
11389	1
11395	1
11401	1
11404	1
11409	1
11410	1
11418	1
11420	1
11435	1
11436	1
11437	1
11447	1
11454	1
11458	1
11460	2
11472	1
11503	1
11507	1
11513	1
11515	1
11516	2
11534	2
11538	1
11543	1
11545	1
11549	1
11553	2
11557	1
11559	1
11560	1
11567	1
11573	1
11575	1
11577	1
11581	1
11591	1
11598	1
11601	1
11611	1
11620	1
11634	1
11642	1
11645	2
11647	1
11655	1
11667	1
11670	1
11685	1
11686	1
11689	1
11691	1
11698	1
11701	1
11716	1
11720	2
11721	1
11727	1
11733	1
11740	1
11742	1
11746	1
11747	1
11754	1
11759	1
11760	1
11761	1
11764	2
11781	1
11785	1
11801	1
11805	1
11806	1
11831	1
11839	1
11843	1
11845	1
11851	1
11868	1
11870	1
11877	1
11880	1
11886	1
11894	1
11895	1
11901	1
11902	1
11921	1
11928	1
11933	2
11947	1
11954	2
11957	1
11960	1
11981	1
12002	1
12004	1
12011	1
12035	1
12042	1
12050	1
12054	1
12060	1
12075	1
12076	1
12083	1
12084	1
12104	1
12108	1
12109	1
12111	1
12113	1
12155	1
12157	1
12171	1
12175	2
12185	1
12193	1
12194	1
12205	1
12208	1
12216	1
12224	1
12228	1
12229	1
12235	1
12245	1
12248	1
12250	1
12254	1
12257	1
12268	1
12275	1
12280	1
12281	1
12282	1
12284	2
12287	1
12288	1
12293	1
12302	1
12325	1
12330	1
12335	1
12349	1
12350	1
12352	1
12358	1
12365	1
12369	1
12395	1
12402	1
12403	1
12410	1
12411	1
12418	1
12431	1
12437	1
12447	1
12462	1
12468	1
12474	1
12485	1
12490	2
12495	1
12500	1
12512	1
12521	1
12524	1
12531	1
12534	1
12540	1
12543	1
12551	1
12553	1
12554	1
12559	1
12565	1
12571	1
12573	1
12575	1
12597	1
12608	1
12613	1
12618	1
12624	1
12630	1
12635	1
12640	2
12666	1
12675	1
12686	1
12700	1
12726	1
12740	1
12742	1
12749	1
12756	1
12757	1
12763	1
12768	1
12791	1
12792	1
12793	1
12795	1
12801	1
12802	1
12807	1
12808	1
12813	1
12837	1
12847	1
12848	1
12849	1
12855	1
12858	1
12866	1
12867	1
12871	1
12882	1
12892	1
12899	1
12906	1
12910	1
12918	1
12926	1
12929	1
12932	1
12938	1
12948	1
12969	1
12983	1
13002	1
13003	1
13007	1
13015	1
13021	1
13025	1
13042	1
13047	1
13056	1
13061	1
13081	1
13084	1
13089	1
13100	1
13104	1
13109	1
13110	1
13112	1
13125	1
13132	1
13146	1
13149	1
13158	1
13161	2
13168	2
13171	1
13177	1
13182	1
13198	1
13201	2
13214	1
13216	1
13217	1
13221	1
13234	1
13240	1
13244	1
13245	2
13247	1
13253	1
13254	1
13266	2
13276	1
13279	1
13289	1
13295	1
13297	1
13305	1
13314	1
13320	1
13321	1
13323	1
13330	1
13331	2
13335	1
13337	1
13343	1
13346	1
13362	1
13363	1
13365	1
13373	1
13376	1
13377	1
13384	1
13391	1
13392	1
13400	1
13419	1
13422	1
13437	1
13442	1
13446	1
13453	1
13454	1
13455	1
13465	1
13471	1
13480	1
13483	1
13484	1
13486	1
13495	1
13497	1
13509	1
13510	1
13512	1
13513	1
13519	1
13540	1
13544	1
13549	1
13554	1
13555	1
13557	1
13561	1
13571	1
13572	1
13583	1
13584	1
13598	1
13608	1
13611	1
13614	1
13627	1
13630	1
13634	1
13645	1
13653	1
13654	1
13673	1
13677	1
13695	1
13700	1
13724	1
13738	1
13753	1
13768	1
13807	1
13812	1
13827	1
13828	1
13837	1
13858	1
13862	1
13871	1
13891	1
13893	1
13904	1
13905	1
13912	1
13931	1
13949	1
13961	1
13972	1
13986	1
13988	1
14002	1
14008	1
14025	1
14028	1
14057	1
14080	1
14104	1
14108	1
14110	1
14117	1
14126	2
14136	1
14141	1
14156	1
14160	1
14196	1
14202	1
14221	1
14229	1
14232	1
14238	1
14245	1
14247	1
14263	1
14271	1
14310	1
14312	1
14317	1
14323	1
14335	1
14340	1
14353	1
14362	1
14373	1
14380	1
14381	1
14388	1
14395	1
14415	1
14416	1
14422	1
14437	1
14440	1
14447	1
14455	1
14472	1
14480	1
14481	1
14485	1
14487	1
14488	1
14508	1
14514	1
14517	1
14526	2
14527	1
14537	1
14540	1
14546	1
14549	1
14566	1
14568	1
14571	1
14582	1
14584	1
14597	1
14622	1
14624	1
14636	1
14638	1
14639	1
14640	1
14655	1
14690	2
14691	1
14695	1
14696	1
14697	1
14699	1
14709	1
14713	1
14714	1
14715	1
14720	1
14722	3
14725	1
14734	1
14739	1
14746	1
14749	1
14757	1
14760	1
14769	1
14773	2
14774	2
14776	1
14777	1
14780	1
14781	1
14790	1
14792	1
14793	1
14817	1
14837	1
14850	2
14852	2
14859	1
14862	1
14863	1
14870	1
14872	1
14878	1
14879	1
14883	1
14884	1
14885	1
14888	1
14889	1
14890	1
14895	1
14898	1
14917	1
14932	1
14935	1
14941	1
14943	1
14944	1
14946	1
14951	2
14954	1
14957	1
14960	1
14961	1
14963	1
14965	1
14976	1
14985	1
14987	1
15004	1
15007	1
15010	1
15011	1
15025	1
15030	1
15031	1
15036	1
15038	1
15044	1
15059	1
15062	1
15067	1
15071	1
15080	1
15082	2
15103	1
15116	1
15119	1
15123	2
15125	1
15131	1
15134	1
15136	1
15144	2
15150	1
15151	1
15156	2
15161	1
15162	1
15167	1
15177	1
15179	1
15180	1
15182	1
15183	1
15186	1
15188	1
15196	1
15204	1
15205	1
15222	1
15235	1
15236	1
15237	1
15243	1
15247	1
15249	1
15252	1
15257	1
15258	1
15259	1
15261	1
15263	1
15270	1
15272	1
15273	1
15279	1
15281	1
15290	1
15302	1
15306	1
15308	1
15310	1
15311	1
15330	2
15333	1
15338	1
15340	1
15343	1
15344	1
15345	1
15349	1
15352	1
15355	1
15360	1
15361	1
15365	1
15378	1
15380	1
15395	2
15399	1
15412	1
15418	1
15419	1
15427	1
15429	1
15430	2
15441	1
15445	2
15447	1
15448	2
15453	1
15454	1
15455	2
15464	1
15465	1
15472	1
15482	1
15490	1
15500	1
15502	1
15503	1
15511	1
15513	1
15514	1
15515	1
15519	2
15527	1
15528	1
15534	1
15543	1
15544	1
15545	1
15546	1
15549	1
15556	1
15559	1
15566	1
15580	2
15598	1
15604	1
15617	1
15623	1
15626	1
15627	2
15631	1
15634	1
15644	1
15653	1
15654	2
15668	1
15671	1
15677	1
15689	1
15696	1
15697	1
15698	1
15699	1
15701	1
15705	1
15707	1
15709	1
15711	1
15719	1
15721	1
15726	1
15728	2
15752	1
15755	1
15758	1
15760	1
15775	2
15776	1
15777	2
15780	1
15785	2
15788	1
15796	1
15800	1
15801	1
15804	1
15812	1
15815	1
15821	1
15822	1
15825	1
15829	2
15830	1
15831	1
15832	1
15835	2
15836	2
15839	1
15843	2
15861	1
15862	1
15867	1
15868	1
15869	1
15871	1
15874	1
15875	2
15878	1
15882	1
15883	1
15884	2
15887	1
15889	1
15895	1
15896	1
15904	1
15910	1
15912	1
15922	1
15928	1
15932	1
15938	1
15941	1
15946	2
15953	1
15959	1
15962	1
15963	2
15964	1
15965	1
15974	2
15975	1
15978	3
15979	2
15980	1
15983	1
15984	1
15987	1
15988	1
15991	2
16004	1
16008	1
16009	1
16015	1
16016	2
16022	1
16032	1
16034	2
16039	1
16040	1
16041	1
16053	1
16059	1
16061	1
16072	1
16076	1
16078	2
16081	1
16083	1
16102	1
16103	1
16107	1
16114	1
16120	2
16122	1
16139	1
16145	1
16148	1
16149	1
16153	1
16154	1
16155	1
16158	2
16165	1
16168	1
16173	1
16174	1
16179	1
16181	1
16185	1
16189	1
16190	2
16192	2
16196	1
16197	1
16200	1
16203	1
16207	1
16209	1
16212	1
16213	1
16220	2
16223	1
16224	1
16226	1
16228	1
16231	3
16239	1
16249	1
16250	1
16252	1
16257	1
16264	1
16268	1
16277	1
16281	1
16286	1
16300	1
16308	1
16309	1
16312	1
16314	1
16319	1
16325	3
16326	1
16332	1
16333	1
16335	1
16347	1
16349	1
16354	1
16357	1
16359	1
16361	1
16364	1
16367	1
16370	1
16371	2
16380	1
