16384	1
1	38
2	28
3	22
4	22
5	16
16389	1
6	35
7	17
8	23
9	21
10	13
11	25
16395	1
12	23
13	19
14	22
15	21
16	21
17	23
18	20
19	20
16403	2
20	21
16404	1
21	15
22	13
23	15
24	15
25	16
26	22
27	20
28	20
29	15
30	15
16414	1
31	20
32	28
16416	1
33	12
16417	2
34	14
35	19
36	15
16420	2
37	17
38	9
39	18
40	11
41	13
42	19
16427	2
43	14
44	22
45	15
46	14
47	14
16431	1
48	12
49	12
50	17
16434	1
51	19
52	16
53	22
16437	1
54	15
55	13
56	16
57	16
16441	1
58	13
59	15
60	18
16444	1
61	17
62	12
63	12
64	12
65	16
16449	1
66	14
67	20
16452	2
68	22
69	10
70	13
71	23
72	17
73	9
74	11
75	14
76	10
77	17
78	12
79	14
80	9
81	21
82	13
83	15
84	18
16468	1
85	18
86	14
87	11
88	15
89	9
90	14
91	17
16475	1
92	17
93	9
94	11
95	14
16479	1
96	14
16480	1
97	9
98	12
99	12
100	8
101	11
102	4
16486	1
103	11
16487	1
104	11
105	12
106	8
16490	1
107	15
108	4
109	5
16493	2
110	11
111	4
16496	1
112	7
113	11
16497	1
114	10
115	6
116	13
117	9
16501	1
118	8
119	12
120	10
121	7
122	13
123	5
124	6
125	15
126	10
16510	1
127	11
16511	1
16512	3
128	13
129	12
16513	1
130	12
131	7
132	11
16516	1
133	12
134	11
135	8
16519	1
136	3
137	9
16521	1
138	16
139	10
140	9
141	4
16525	1
142	9
143	6
144	12
16528	1
145	8
146	6
16530	1
147	10
148	9
149	7
16533	1
150	7
16534	1
151	7
152	8
153	9
16537	1
154	11
16538	1
155	12
16539	1
156	8
157	8
158	4
159	12
160	5
161	7
16546	1
162	5
163	5
164	7
165	7
166	8
167	9
168	7
16552	2
169	11
16553	1
170	7
171	3
172	8
173	13
174	9
175	10
176	8
177	8
178	5
179	7
180	4
181	11
16566	2
182	2
183	8
184	8
185	10
16570	1
186	5
187	7
188	6
189	8
16573	1
190	7
191	10
192	7
193	10
194	8
16578	1
195	7
196	5
16580	1
197	9
198	2
16582	1
199	6
200	8
201	5
202	7
203	7
16587	1
204	7
205	4
206	12
207	10
208	6
16592	1
209	7
210	11
16594	1
211	15
212	9
213	8
214	11
215	7
16599	1
216	6
217	7
218	8
16602	1
219	9
220	5
16604	1
221	5
222	6
16606	2
223	9
16607	1
224	6
16608	1
225	7
226	7
16610	1
227	6
228	9
229	6
230	9
231	11
232	2
233	6
234	6
235	9
236	13
237	11
238	12
239	6
240	6
241	10
16626	1
242	10
243	9
244	7
245	8
246	3
16630	2
247	7
248	7
16632	1
249	6
250	2
251	12
252	4
16636	2
253	5
254	8
255	7
256	10
257	6
258	5
259	5
16643	1
260	11
16644	1
261	6
262	8
16646	1
263	6
264	5
265	8
266	12
16650	1
267	7
16651	1
268	4
269	8
270	11
271	7
16656	2
272	3
273	4
274	7
275	7
276	8
277	7
278	5
279	10
280	4
281	4
282	6
283	5
284	5
285	9
286	4
287	10
16671	1
288	8
289	5
290	3
291	8
292	8
293	4
294	8
295	6
296	5
297	6
298	4
299	5
300	5
301	4
302	5
303	3
16688	1
304	5
305	7
16689	1
306	4
307	9
308	5
309	3
16693	1
310	11
311	6
312	7
313	4
314	8
16698	1
315	7
316	7
317	5
318	6
319	2
320	7
16705	1
321	1
322	6
323	4
324	4
16708	1
325	14
16709	1
326	12
327	7
328	5
329	6
330	6
331	4
16715	1
332	5
16716	1
333	4
334	4
335	8
336	10
16720	1
337	11
16721	3
338	5
339	3
340	9
341	1
342	7
343	5
344	4
16728	1
345	5
16730	1
346	3
347	2
348	5
16732	1
349	6
350	6
351	7
16735	1
352	4
353	9
354	8
355	11
16739	2
356	4
357	8
358	3
359	5
360	6
361	4
362	5
16746	1
363	6
364	4
16748	1
365	6
16749	1
366	2
367	5
368	5
369	5
370	8
371	8
372	4
16756	1
373	5
374	3
375	6
376	5
16760	1
377	7
378	4
379	6
16764	1
380	7
16765	1
381	5
382	3
16766	1
383	4
384	4
385	4
386	2
387	9
388	3
16772	1
389	7
390	6
391	3
392	5
393	7
394	3
395	3
396	7
397	6
398	4
399	2
400	1
401	5
402	2
403	4
404	8
16788	1
405	7
406	4
407	8
408	11
409	6
410	4
411	5
16795	2
16796	1
413	4
414	7
415	5
416	6
417	6
418	3
419	3
420	6
421	4
422	1
423	5
16807	1
424	4
16808	1
425	4
427	1
428	5
429	6
430	3
432	5
433	7
434	2
435	6
436	3
437	7
16822	1
438	5
439	5
440	5
441	5
442	5
443	3
16827	1
444	4
445	2
446	3
447	6
448	3
449	3
450	8
451	9
452	3
453	3
454	6
455	5
456	6
457	5
458	8
459	5
460	2
16844	1
461	4
16845	1
462	3
463	8
464	7
465	3
466	5
467	3
468	7
469	7
470	6
471	8
472	7
473	5
474	5
475	6
16859	1
476	6
477	3
478	8
16862	1
479	5
480	11
481	5
482	5
483	9
484	10
485	7
486	8
487	4
488	9
489	7
490	6
491	9
492	2
493	6
16877	2
494	6
495	4
496	6
497	4
498	7
500	8
16884	2
501	3
502	3
16886	1
503	2
504	3
505	4
506	7
507	12
508	2
509	6
510	10
511	5
512	9
16896	1
513	3
514	9
515	9
516	4
517	8
518	11
519	4
520	3
521	5
522	8
523	9
524	12
525	4
526	7
527	9
16911	1
528	5
16912	1
529	3
530	8
531	6
532	4
533	6
16917	1
534	3
535	2
536	8
16920	1
537	6
538	10
16922	1
539	6
540	4
541	6
542	5
543	8
544	4
545	6
546	9
547	10
548	8
549	5
550	4
551	7
552	3
553	7
16937	1
554	9
555	5
16939	2
556	9
557	4
558	5
559	9
560	6
561	10
562	9
16946	1
563	12
564	8
16948	1
565	6
566	7
16950	1
567	4
568	5
569	6
570	9
571	5
572	11
573	4
574	6
575	8
16959	1
576	2
577	6
578	10
579	7
16963	1
580	6
581	7
16965	1
582	9
583	8
16967	1
584	7
585	7
586	7
587	6
588	4
589	7
590	3
591	3
592	9
593	10
594	7
595	9
596	7
597	4
598	7
599	7
600	5
601	7
16985	2
602	8
16986	1
603	1
604	8
16988	1
605	7
606	11
607	5
608	10
609	9
610	8
16994	1
611	7
612	5
613	8
16998	1
614	8
615	3
616	4
617	7
618	5
619	3
620	8
621	5
622	10
623	9
624	9
625	7
626	6
627	7
628	5
17013	1
629	7
630	10
631	3
632	10
633	4
634	7
635	7
636	7
637	8
638	9
639	9
640	7
641	4
642	8
643	12
644	13
645	3
646	10
647	6
648	8
649	7
650	6
651	5
17035	1
652	6
653	8
654	8
655	6
17039	1
656	10
657	7
658	8
659	11
660	4
661	6
662	8
663	4
664	4
665	5
666	8
667	3
668	12
669	6
670	5
671	6
672	8
673	6
674	2
675	6
676	9
677	11
678	6
679	8
680	9
681	6
682	3
683	9
684	4
17068	1
685	7
686	7
687	6
688	2
689	4
690	6
691	4
692	5
693	2
694	4
695	5
696	4
697	3
698	4
699	6
17084	1
700	8
701	6
702	7
703	11
704	5
705	7
706	3
707	8
708	4
709	5
17093	1
710	9
711	7
712	5
713	9
714	4
715	9
716	6
717	7
718	5
719	4
720	8
721	5
17105	1
722	4
723	3
17107	1
724	3
17108	1
725	3
726	3
727	5
728	6
729	4
17113	1
730	5
731	6
732	7
733	2
734	5
735	6
17120	1
736	6
737	6
738	7
739	2
740	10
741	10
742	7
743	6
744	4
745	7
17129	1
746	2
747	5
748	8
749	4
750	5
751	4
752	1
753	3
754	9
755	6
756	6
757	1
758	3
759	6
760	6
761	9
762	4
763	6
764	4
765	5
17149	1
766	11
767	10
768	4
769	7
770	10
771	4
772	8
773	11
774	4
775	3
776	5
777	8
778	8
779	2
780	8
781	6
782	8
783	9
784	4
785	5
786	4
787	8
788	2
789	4
790	6
791	9
792	2
793	9
794	4
795	5
796	4
797	7
798	5
799	8
800	8
801	4
17185	1
802	9
803	5
804	3
17188	1
805	6
806	6
807	7
808	6
809	9
810	2
811	4
812	2
813	6
814	5
815	7
816	5
817	10
818	2
819	7
820	5
821	8
822	2
823	6
17207	1
824	5
825	4
826	4
827	3
828	10
829	4
830	7
831	6
832	3
833	4
834	5
835	4
17219	1
836	4
837	4
838	4
839	5
840	4
841	3
842	2
843	3
844	3
845	5
846	2
847	6
848	5
849	6
850	5
851	3
852	6
853	4
854	7
855	3
856	8
857	3
858	5
859	7
17243	1
860	4
861	4
862	4
863	5
864	8
865	9
866	6
867	6
868	4
869	4
870	5
871	2
872	8
873	4
874	5
875	8
876	4
877	7
878	7
879	3
17263	1
880	12
881	6
882	7
883	7
884	6
885	3
886	9
887	8
888	7
889	2
890	4
891	5
892	5
893	5
894	6
895	3
896	7
897	9
898	4
17282	1
900	7
901	4
902	3
903	7
904	5
17288	1
905	8
906	4
907	5
908	4
909	2
910	10
911	7
912	4
913	5
914	7
915	6
916	3
917	4
918	8
919	5
17303	1
920	10
921	5
922	8
17306	1
923	1
924	8
925	5
926	8
927	3
928	5
929	7
930	7
931	3
932	4
933	5
934	3
935	4
936	6
937	6
938	5
939	5
940	3
941	5
942	4
943	3
944	6
945	5
946	1
947	3
948	6
949	3
950	6
951	5
952	4
953	8
954	5
955	1
956	6
957	5
958	4
959	4
960	9
961	7
962	7
963	4
964	10
965	4
966	6
967	6
968	6
969	4
970	4
971	14
17355	1
972	7
973	7
974	3
975	4
976	7
977	8
978	6
17362	1
979	7
980	3
981	7
982	7
17366	1
983	5
984	8
985	3
986	8
987	9
988	7
17372	1
989	8
990	4
17374	1
991	4
992	7
993	4
994	13
995	6
996	4
997	10
998	3
999	7
1000	7
1001	11
1002	5
1003	1
1004	5
1005	2
1006	3
1007	12
1008	7
1009	8
17394	1
1010	7
1011	4
1012	6
1013	5
1014	4
1015	3
1016	6
17400	1
1017	5
1018	8
1019	8
1020	8
1021	6
17405	1
1022	3
1023	5
1024	5
17408	1
1025	4
1026	9
1027	3
1028	6
1029	5
1030	4
1031	8
1032	4
1033	5
1034	1
1035	9
1036	7
1037	4
1038	4
1039	6
1040	8
1041	4
1042	12
1043	4
1044	6
17428	1
1045	8
1046	6
1047	5
1048	4
1049	9
1050	7
17434	1
1051	4
1052	3
1053	6
1054	4
1055	6
1056	9
17440	1
1057	10
17441	1
1058	6
1059	9
1060	8
1061	5
1062	7
1063	2
1064	10
1065	7
1066	9
1067	4
1068	6
1069	2
1070	7
1071	4
1072	3
1073	6
1074	9
1075	4
1076	6
1077	4
1078	2
1079	1
1080	2
1081	7
1082	13
1083	9
17467	1
1084	3
1085	5
1086	5
1087	3
1088	4
1089	6
1090	7
1091	7
1092	10
1093	4
1094	6
1095	9
1096	10
1097	8
1098	8
1099	10
1100	2
1101	5
1102	3
1103	7
1104	4
1105	5
1106	3
1107	12
17491	1
1108	3
17492	1
1109	11
1110	8
1111	10
1112	4
1113	12
1114	7
1115	6
1116	8
1117	7
1118	8
1119	6
1120	12
1121	3
1122	4
17506	1
1123	7
1124	5
1125	4
17509	1
1126	4
1127	3
1128	5
1129	8
1130	13
1131	8
1132	14
1133	3
1134	2
1135	3
1136	7
17520	1
1137	7
1138	9
1139	6
17523	1
1140	13
1141	9
1142	4
1143	7
1144	5
17529	1
1145	10
1146	7
1147	11
17531	1
1148	7
1149	2
1150	7
1151	5
1152	1
1153	5
1154	7
1155	6
17539	1
1156	10
1157	6
1158	10
1159	10
1160	5
1161	7
1162	6
1163	2
1164	9
17548	1
1165	12
1166	5
1167	5
1168	9
1169	8
1170	9
1171	5
1172	5
1173	9
1174	9
1175	5
1176	10
1177	7
17561	1
1178	7
1179	13
1180	9
1181	5
1182	3
1183	8
1184	14
1185	4
1186	5
1187	13
1188	8
1189	6
1190	6
1191	7
1192	3
1193	5
1194	6
1195	6
17579	2
1196	9
1197	6
1198	2
1199	9
1200	6
1201	7
1202	9
1203	10
17587	1
1204	2
1205	4
1206	6
1207	7
1208	7
1209	4
1210	4
1211	5
1212	8
17596	1
1213	8
1214	6
1215	10
1216	8
1217	4
1218	8
1219	9
1220	12
1221	4
1222	10
1223	9
1224	6
1225	4
1226	10
1227	7
1228	6
1229	6
1230	3
1231	4
1232	7
1233	6
1234	7
1235	14
1236	8
1237	9
1238	5
1239	9
1240	7
1241	5
1242	11
1243	4
17627	1
1244	6
1245	10
17629	1
1246	9
1247	9
1248	10
1249	8
1250	12
1251	7
1252	4
1253	4
1254	6
1255	10
1256	5
1257	6
1258	10
1259	11
1260	8
1261	9
1262	4
1263	4
1264	9
1265	7
1266	4
1267	4
1268	5
1269	11
1270	7
1271	7
1272	7
1273	10
1274	6
1275	6
1276	5
1277	10
1278	6
1279	5
1280	5
1281	7
1282	7
1283	3
1284	7
1285	9
1286	12
1287	8
1288	8
1289	8
1290	4
1291	6
1292	2
1293	4
1294	1
1295	11
1296	4
1297	6
1298	5
1299	5
1300	4
1301	8
1302	8
1303	7
1304	4
1305	10
17689	1
1306	10
17690	1
1307	10
1308	4
1309	4
1310	4
1311	9
1312	4
1313	7
1314	7
1315	9
1316	9
1317	7
1318	12
1319	7
1320	5
17704	1
1321	8
17705	1
1322	2
1323	8
1324	12
1325	9
1326	9
1327	7
1328	6
1329	6
1330	7
1331	8
1332	9
1333	6
1334	13
1335	6
1336	8
1337	6
1338	7
1339	7
1340	7
1341	10
1342	9
1343	9
1344	11
17728	1
1345	7
1346	5
1347	2
17731	1
1348	4
1349	7
1350	2
1351	4
1352	5
1353	7
1354	6
1355	9
1356	4
1357	10
1358	6
1359	9
1360	4
1361	13
1362	3
1363	5
1364	8
1365	4
1366	10
1367	5
1368	5
1369	12
1370	4
1371	10
1372	13
1373	13
1374	3
1375	6
1376	12
1377	4
1378	6
1379	4
1380	9
1381	5
1382	14
1383	7
1384	7
1385	8
17769	1
1386	6
17770	1
1387	8
1388	7
1389	6
1390	8
1391	2
1392	5
17776	1
1393	5
1394	5
1395	6
1396	10
1397	3
1398	11
1399	12
1400	8
1401	4
1402	7
1403	6
17787	1
1404	6
1405	9
1406	4
1407	5
1408	10
1409	7
1410	5
1411	3
1412	5
17796	1
1413	8
17797	1
1414	7
1415	6
1416	7
1417	10
1418	10
17802	1
1419	6
1420	6
1421	10
17805	1
1422	10
1423	11
17807	1
1424	6
1425	3
1426	5
1427	7
1428	8
1429	6
1430	6
1431	12
17815	1
1432	9
1433	5
1434	3
1435	7
1436	12
1437	8
1438	2
1439	6
1440	6
1441	10
1442	8
17826	1
1443	3
1444	5
1445	13
1446	11
1447	7
1448	10
1449	9
1450	9
1451	7
1452	13
1453	6
1454	6
1455	11
17839	1
1456	6
17840	1
1457	7
1458	7
1459	4
1460	10
1461	6
1462	7
1463	4
1464	4
1466	10
1467	4
1468	5
1469	4
1470	14
1471	6
1472	4
1473	5
1474	6
1475	8
1476	6
1477	7
1478	7
17862	1
1479	9
1480	9
1481	6
1482	10
1483	4
1484	7
17868	1
1485	7
1486	6
1487	3
1488	10
1489	5
1490	4
1491	8
1492	6
1493	8
17877	1
1494	8
1495	8
1496	5
1497	10
1498	8
1499	5
1500	6
1501	8
1502	9
1503	9
1504	7
1505	6
1506	9
1507	8
1508	4
1509	8
1510	10
1511	2
1512	6
1513	7
1514	10
1515	6
1516	7
1517	5
1518	12
1519	3
1520	5
1521	4
1522	9
1523	4
1524	9
1525	7
1526	6
1527	7
1528	8
1529	3
1530	10
1531	2
1532	7
1533	3
1534	6
1535	6
1536	7
1537	6
1538	4
1539	10
1540	9
1541	6
1542	7
1543	7
17927	1
1544	5
1545	4
1546	3
1547	5
1548	3
1549	9
1550	9
1551	3
1552	7
1553	2
1554	12
1555	6
17940	1
1556	5
1557	8
1558	4
1559	7
1560	7
1561	7
1562	8
1563	5
1564	7
1565	6
1566	9
1567	7
1568	7
17952	1
1569	5
1570	9
1571	6
1572	4
1573	7
1574	2
1575	8
1576	12
1577	9
1578	10
1579	5
1580	8
1581	11
1582	7
1583	9
1584	4
1585	5
1586	6
1587	8
17971	1
1588	6
1589	8
1590	5
1591	6
1592	8
1593	3
1594	6
1595	3
1596	9
1597	8
1598	9
1599	9
1600	7
1601	6
1602	4
1603	6
1604	4
1605	5
1606	3
1607	6
1608	6
1609	4
1610	8
1611	7
1612	13
1613	10
1614	6
1615	8
1616	10
1617	3
1618	2
1619	5
1620	9
1621	8
1622	6
1623	2
1624	6
1625	10
1626	9
1627	8
1628	4
1629	7
1630	7
1631	3
1632	11
1633	8
1634	1
1635	9
1636	6
1637	6
1638	9
1639	8
1640	3
1641	5
1642	5
1643	4
1644	6
1645	7
1646	4
1647	12
1648	9
1649	8
1650	6
1651	7
1652	5
1653	7
1654	8
1655	6
1656	3
1657	2
1658	8
1659	4
1661	9
1662	6
1663	1
1664	5
1665	3
1666	5
1667	5
1668	11
1669	7
1670	6
1671	7
1672	2
1673	4
1674	9
1675	5
1676	6
1677	4
1678	4
1679	5
1680	3
1681	9
1682	4
1683	5
1684	4
1685	8
1686	9
1687	9
1688	5
1689	8
1690	2
1691	3
1692	5
1693	3
1694	3
1695	3
1696	3
1697	10
1698	5
1699	6
1700	7
1701	6
1702	4
1703	5
1704	11
1705	5
1706	9
1707	5
1708	7
1709	2
1710	6
1711	3
1712	6
1713	1
1714	5
1715	6
1716	11
1717	8
1718	9
1719	7
1720	5
1721	3
1722	7
1723	8
1724	9
1725	11
1726	8
1727	5
1728	8
1729	5
1730	9
1731	4
1732	2
1733	7
1734	3
1735	6
1736	8
1737	6
1738	8
1739	9
1740	8
1741	9
1742	10
1743	8
1744	6
1745	7
1746	10
1747	7
1748	5
1749	6
1750	6
18134	1
1751	6
1752	11
1753	8
1754	3
1755	6
1756	7
1757	5
1758	3
1759	7
1760	3
1761	5
1762	4
1763	5
1764	4
1765	6
1766	8
1767	8
1768	7
1769	3
1770	5
1771	2
18155	1
1772	3
1773	4
18157	1
1774	3
1775	1
1776	4
1777	3
1778	3
1779	7
1780	7
1781	10
1782	6
1783	6
1784	5
1785	4
1786	10
1787	7
1788	6
1789	7
1790	5
1791	5
1792	9
1793	5
1794	7
1795	6
1796	5
1797	6
1798	4
1799	4
1800	10
1801	8
1802	12
1803	6
18187	1
1804	3
1805	4
1806	3
1807	5
1808	7
1809	4
1810	9
1811	6
1812	4
1813	7
1814	4
1815	13
1816	8
1817	5
1818	5
1819	3
1820	4
1821	8
1822	2
1823	8
1824	3
1825	4
1826	4
1827	9
1828	7
1829	7
1830	11
1831	5
1832	10
1833	5
1834	6
1835	10
1836	8
1837	8
1838	10
1839	3
1840	4
1841	6
1842	8
1843	3
1844	5
1845	8
1846	12
1847	5
1848	10
1849	7
1850	6
1851	4
1852	4
1853	5
1854	8
1855	2
1856	9
1857	7
1858	5
1859	9
18243	1
1860	5
1861	3
1862	7
1863	6
1864	1
1865	5
1866	5
1867	3
18251	1
1868	3
1869	4
1870	13
1871	4
1872	3
1873	6
1874	7
1875	3
1876	4
1877	2
1878	4
1879	2
1880	7
1881	4
1882	7
1883	3
1884	5
1885	4
1886	6
1887	9
1888	5
1889	5
18273	1
1890	4
1891	3
1892	5
1893	10
1894	6
1895	8
1896	4
1897	7
1898	7
1899	12
1900	7
1901	6
1902	8
1903	10
1904	3
1905	7
1906	9
1907	10
1908	9
1909	6
1910	4
1911	3
1912	3
1913	4
1914	4
18299	1
1916	4
1917	6
1918	7
1919	5
1920	5
1921	6
1922	6
1923	6
1924	6
1925	6
1926	3
1927	9
1928	4
1929	6
1930	7
1931	12
1932	8
1933	3
1934	2
1935	7
1936	9
1937	8
1938	3
1939	9
1940	4
1941	5
1942	5
1943	4
1944	1
18328	1
1945	5
1946	4
1947	4
1948	4
1949	4
1950	4
1951	9
1952	4
1953	9
1954	3
1955	6
1956	5
1957	4
1958	6
1959	5
1960	4
1961	3
1962	4
1963	3
1964	5
1965	9
1966	9
1967	7
1968	9
1969	6
18353	1
1970	7
1971	9
1972	3
1973	10
1974	11
1975	4
1976	6
1977	6
1978	5
1979	5
1980	4
18364	1
1981	9
18365	1
1982	4
1983	7
1984	4
1985	9
18369	1
1986	1
1987	6
1988	5
1989	7
1990	4
1991	7
1992	2
1993	5
1994	5
1995	4
1996	5
1997	3
1998	5
1999	5
2000	8
2001	10
2002	6
2003	4
2004	3
18388	1
2005	4
2006	7
2007	5
2008	6
2009	1
2010	4
2011	1
2012	2
2013	8
2014	9
2015	8
2016	6
2017	6
2018	2
2019	9
2020	5
2021	2
2022	6
2023	6
2024	7
2025	3
2026	5
2027	5
2028	4
18412	1
2029	7
2030	4
2031	6
2032	6
2033	8
2034	5
2035	4
2036	8
2037	2
2038	5
2039	7
2040	7
2041	5
2042	7
2043	4
2044	6
2045	3
2046	5
2047	2
2048	2
2049	9
2050	4
2051	2
2052	4
2053	11
2054	10
2055	6
2056	5
2057	6
2058	10
2059	10
2060	5
2061	5
2062	3
18447	1
2063	3
2064	5
2065	6
2066	4
2067	6
2068	5
2069	4
2070	4
2071	4
2072	5
2073	2
2074	6
2075	9
2076	5
2077	5
2078	2
2079	2
2080	5
2081	7
2082	5
2083	5
2084	10
2085	4
2086	5
2087	7
2088	3
2089	9
2090	7
2091	4
2092	5
2093	3
2094	6
2095	4
2096	4
2097	6
2098	2
2099	4
2100	5
2101	7
2102	7
2103	9
2104	9
2105	10
2106	2
2107	6
2108	9
2109	9
2110	6
2111	3
2112	5
2113	7
2114	7
2115	5
2116	6
2117	3
2118	4
2119	4
2120	3
2121	4
2122	4
2123	5
2124	8
2125	9
2126	5
2127	3
2128	3
2129	8
2130	4
2131	6
2132	3
2133	5
2134	3
2135	2
2136	5
2137	5
2138	7
18522	1
2139	7
2140	1
2141	7
2142	5
2143	3
2144	6
2145	3
2146	4
2147	1
2148	6
2149	10
2150	5
18534	1
2151	1
2152	10
2153	5
2154	6
2155	3
2156	6
2157	8
2158	8
2159	4
2160	5
2161	7
2162	2
2163	4
2164	7
2165	3
2166	5
2167	2
2168	6
2169	6
2170	7
2171	5
2172	8
2173	3
2174	3
2175	6
2176	11
2177	4
2178	1
2179	9
2180	7
2181	6
2182	3
2183	5
2184	6
2185	6
2186	6
2187	1
2188	7
2189	6
2190	6
2191	6
2192	5
2193	9
2194	7
2195	8
2196	5
2197	2
18581	1
2198	3
2199	4
2200	5
2201	4
2202	3
2203	3
2204	6
2205	3
2206	7
2207	9
2208	9
2209	2
2210	7
2211	4
2212	6
2213	3
2214	6
2215	3
2216	2
2217	5
2218	5
2219	3
2220	2
18604	1
2221	9
2222	12
2223	5
2224	10
2225	5
2226	3
2227	5
2228	7
2229	4
2230	7
2231	6
18615	1
2232	9
2233	3
2234	9
2235	4
2236	4
2237	8
2238	5
2239	8
2240	5
2241	3
2242	2
2243	4
2244	3
2245	11
2246	3
2247	4
2248	4
2249	5
2250	5
2251	3
2252	3
2253	3
2254	4
18638	1
2255	12
2256	6
2257	7
2258	4
2259	5
2260	2
2261	3
2262	7
2263	7
2264	7
2265	7
2266	7
2267	4
2268	5
2269	4
2270	4
2271	8
2272	6
2273	10
2274	5
2275	4
2276	4
2277	3
2278	10
2279	7
2280	7
2281	1
2282	4
2283	6
2284	5
2285	4
2286	4
2287	8
2288	7
2289	7
2290	3
2291	5
2292	6
2293	6
2294	2
18678	1
2295	4
2296	6
2297	5
2298	7
2299	4
2300	7
2301	5
2302	3
2303	5
2304	6
2305	7
2306	3
2307	6
2308	8
2309	5
18693	1
2310	2
2311	9
2312	4
2313	2
2314	8
2315	3
2316	6
2317	5
2318	6
2319	3
2320	8
2321	10
2322	4
2323	2
2324	3
2325	6
2326	2
2327	7
2328	7
2329	7
2330	2
2331	4
2332	1
2333	4
2334	4
2335	6
2336	3
2337	4
2338	5
2339	8
2340	3
2341	4
2342	3
2343	4
2344	3
2345	6
2346	9
2347	1
2348	3
2349	2
2350	3
2351	3
2352	4
2353	5
2354	7
2355	2
2356	5
2357	4
2358	4
2359	3
2360	7
2361	6
2362	7
2363	7
2364	7
2365	12
18749	1
2366	5
2367	2
2368	6
2369	6
2370	5
2371	7
2372	3
2373	6
2374	3
2375	2
2376	7
2377	4
2378	2
2379	7
2380	4
2381	6
2382	4
2383	2
2384	1
2385	6
2386	7
2387	2
2388	2
2389	5
2390	3
2391	7
2392	1
2393	8
2394	3
2395	9
2396	6
2397	4
2398	4
2399	3
2400	3
2401	3
2402	3
2403	8
2404	4
2406	4
2407	2
2408	5
2409	1
2410	2
2411	4
2412	8
2413	6
2414	3
2415	5
2416	4
2417	5
2418	6
2419	3
2420	4
2421	4
2422	5
2423	7
2424	2
2425	8
2426	2
2427	5
2428	4
2429	5
2430	9
18814	1
2431	7
2432	3
2433	6
2434	2
2435	5
2436	7
2437	7
2438	5
2439	4
2440	7
2441	2
2443	4
2444	3
2445	5
2446	3
2447	5
2448	8
2449	5
2450	7
2451	6
18836	1
2452	4
2453	3
2454	5
2455	7
2456	1
2457	4
2458	4
18842	1
2459	4
2460	6
2461	8
2462	6
2463	4
2464	4
2465	3
2466	2
2467	2
2468	8
2469	5
2470	6
2471	4
2472	3
18856	1
2473	9
2474	6
2475	4
2476	1
2477	1
2478	5
2479	4
2480	3
2481	3
2482	5
2483	1
2484	1
2485	5
2486	3
2487	4
2488	3
2489	3
2490	3
2491	2
2492	2
2493	4
2494	6
2495	5
2496	5
2497	5
2498	6
2499	8
2500	3
2501	3
2502	7
2503	4
2504	7
2505	3
2506	7
18890	1
2507	10
2508	10
2509	2
2510	7
2511	5
2512	5
2513	5
2514	3
2515	5
2516	11
2517	5
18901	1
2518	5
2519	1
2520	6
2521	4
2522	8
2523	7
2524	5
2525	2
2526	4
2527	4
2528	3
18912	1
2529	7
2530	5
2531	2
2532	2
2533	7
2534	2
2535	3
2536	4
2537	10
2538	4
2539	3
2540	6
2541	7
2542	3
2543	5
2544	4
2545	8
2546	5
2547	4
2548	6
2549	5
2550	3
18934	1
2551	4
2552	3
2553	7
2554	5
2555	6
2556	3
2557	2
2558	4
2559	3
2560	6
2561	6
2562	4
2563	7
2564	5
2565	2
2566	3
2567	4
18951	1
2568	6
2569	2
2570	2
2571	3
2572	5
18956	1
2573	6
2574	2
2575	5
2576	4
2577	4
2578	5
2579	8
2580	4
2581	3
2582	8
2583	1
2584	6
2585	4
18969	1
2586	4
2587	3
2588	5
2589	4
2590	7
2591	3
2592	3
2593	2
2594	6
2595	2
2596	5
2597	2
2598	5
2599	6
2600	1
2601	3
2602	2
2603	7
2604	3
2605	7
2606	5
2607	5
2608	1
2609	5
2610	10
2611	4
2612	3
2613	6
2614	5
2615	3
2616	11
2617	3
2618	7
2619	5
2620	7
2621	5
2622	6
2623	4
2624	7
2625	2
2626	2
2627	5
2628	2
2629	7
2630	4
2631	5
2632	8
2633	7
2634	5
2635	5
2636	4
2637	4
2638	2
2639	1
2640	5
2641	5
2642	4
2643	3
2644	3
2645	3
2646	6
2647	1
2648	5
2649	4
2650	3
2651	3
2652	3
2653	2
2654	2
2655	4
2656	2
2657	5
2658	3
2659	5
2660	3
2661	7
2662	8
2663	1
2664	6
2665	2
2666	4
2667	3
2668	7
2669	3
2670	6
2671	3
2672	4
2673	4
2674	3
19058	1
2675	4
2676	2
2677	2
2678	1
2679	5
2680	4
2681	6
2682	6
2683	3
2684	8
2685	7
2686	3
2687	4
2688	2
2689	1
2690	4
2691	6
2692	4
2693	3
2694	6
2695	4
2697	4
2698	5
2699	4
2700	1
19084	1
2701	4
2702	5
2703	4
2704	3
2705	3
2706	4
2707	1
2708	4
2709	3
2710	5
2711	5
2712	5
2713	2
2714	3
2715	5
2716	6
2717	5
2718	2
2719	4
2720	7
2721	4
2722	2
2723	8
2724	3
2725	2
2726	3
2727	2
2728	7
2729	3
2730	4
2731	4
2732	4
2734	6
2735	2
2736	3
2737	1
2738	1
2739	4
2740	3
2741	4
2742	5
2743	3
2744	4
2745	6
2746	6
2747	5
2748	1
2749	1
2750	3
2751	2
2752	4
2753	5
2754	3
19138	1
2755	3
2756	1
2757	2
2758	8
2759	3
2760	2
2761	5
2763	6
2764	1
2765	5
2766	3
2767	5
2768	2
19153	2
2769	2
2770	7
2771	7
2772	4
2774	7
2775	6
2776	2
2777	7
2778	5
2779	7
2780	7
2781	1
2782	6
2783	2
2784	3
2785	3
2786	7
2788	5
2789	4
2790	1
2791	2
2792	7
2793	6
2794	3
2795	3
2796	5
2797	5
2798	4
2799	1
2800	6
2801	5
2802	5
2803	1
2804	11
2805	6
2806	5
2807	4
2808	5
2809	6
2810	7
2811	4
19195	1
2812	2
2813	4
2814	6
2815	3
2816	5
2817	2
2818	1
2819	4
2820	5
2821	4
2822	5
2823	4
2824	4
2825	5
2826	5
2827	3
2828	2
2829	4
2830	4
2831	1
2832	1
2833	1
19217	1
2834	9
2835	7
2836	7
2837	3
2838	4
2839	2
2840	3
2841	4
2842	3
2843	4
2844	6
2845	2
2846	2
2847	2
2848	3
2849	1
2850	2
2851	1
2852	2
2853	4
2855	6
2856	4
2857	4
2858	5
2859	6
2860	6
2861	5
2862	4
2863	4
2864	3
2865	5
2866	3
2867	5
2868	4
2869	3
2870	2
2871	1
2872	5
2873	6
2874	7
2875	1
2876	3
2877	5
2878	4
2879	2
2880	1
2881	4
2882	3
2883	5
2884	1
2885	6
2886	4
2887	3
2888	1
2889	6
2890	1
2891	4
2892	6
2893	4
2894	6
2895	5
2897	5
2898	4
2899	4
2900	3
2901	4
2902	4
2903	7
2904	2
2905	3
19289	1
2906	3
2907	7
2908	6
2909	4
2910	4
2911	2
2912	4
2913	4
2914	2
2915	7
2917	5
2918	2
2919	7
2920	5
2921	4
2922	4
2923	1
2924	3
2925	3
2926	4
2927	1
2928	5
2929	5
2930	4
2931	2
2932	4
2933	5
2934	8
2935	3
2936	4
2937	6
2938	1
2939	3
2940	4
2941	1
2942	2
2943	2
2944	3
19328	1
2945	5
2946	2
2947	3
2948	7
2949	3
2950	2
2951	8
2952	2
2953	2
19337	1
2954	3
2955	4
2956	3
2957	2
2958	3
2959	5
2960	1
2961	1
2963	3
2964	6
2965	6
2966	5
2967	4
2968	3
2969	4
2970	4
2971	5
2972	4
2973	3
2974	4
2975	3
2976	4
2977	5
2978	3
2979	2
2980	6
2981	4
2982	3
2983	2
2984	1
2985	9
2986	3
2987	2
2988	1
2989	4
2990	9
2991	2
2992	5
2994	2
2995	5
2996	3
2997	5
2998	3
2999	4
3000	3
3001	2
3002	2
3003	3
3004	4
3005	2
3006	5
3008	1
3009	3
3010	1
3011	2
3012	4
3013	3
19397	1
3014	1
3015	2
3016	3
3017	2
3018	5
3019	2
3020	4
3021	2
3022	8
3023	3
3024	5
3025	5
3027	7
3028	3
3029	1
3030	5
3031	5
3032	1
3033	7
3034	4
3035	2
3036	1
3037	2
3038	4
3039	3
3040	2
3041	8
3042	1
3043	4
3044	5
3045	2
3046	3
3047	6
3048	7
3050	3
3051	3
3052	4
3053	5
3054	3
3055	3
3056	5
3057	4
3058	5
3059	2
3060	4
3061	4
19445	1
3062	2
3064	6
3065	2
3066	1
3067	3
3068	3
3069	6
19453	1
3070	4
3071	4
3072	2
3073	4
3074	2
3075	3
3076	4
3077	1
3078	2
3079	3
3080	4
3081	4
3082	1
3083	2
3084	5
3085	5
3086	3
3087	3
3088	5
3089	1
3090	5
3091	9
3093	2
3095	3
3096	4
3097	3
3098	1
3099	2
3100	1
3101	7
3102	5
3103	3
3104	5
3105	2
3106	4
3107	3
3108	4
3109	3
3110	1
3111	2
3112	3
3113	4
3114	4
3115	5
3116	2
3117	3
3119	2
3120	2
3121	4
3122	2
3123	5
3124	2
3125	7
3126	3
3127	3
3128	5
3129	1
3130	1
3131	3
3132	6
3133	1
3134	5
3135	4
3136	3
3137	1
3138	4
3139	3
3140	1
3141	3
3142	4
3143	5
3144	3
3145	3
3148	4
3149	5
3150	3
3151	1
3152	2
3153	6
3154	7
3155	1
3156	6
3157	4
3158	4
3159	1
3160	3
3161	2
3162	3
3163	7
3164	3
3166	4
3167	6
3169	5
3170	5
3171	6
3172	1
3173	3
3174	8
3175	2
3176	2
3177	7
3178	2
3179	7
3180	2
3181	4
3182	1
3183	4
3184	3
3185	6
3186	5
3188	4
3189	1
3191	4
3192	3
3193	5
3194	5
3195	2
3197	2
3198	2
3199	2
3200	5
3201	2
3202	1
3203	1
3204	1
3205	5
3206	4
3208	2
3209	4
3210	3
3212	4
3213	2
3214	5
3215	3
3216	4
3217	3
3218	2
3219	6
3220	4
19604	1
3221	2
3222	3
3224	2
3225	5
3226	2
19610	1
3227	3
3228	4
3229	2
3230	3
19614	1
3231	4
3232	5
3233	4
3234	3
3235	1
3236	5
3237	1
3238	1
3239	2
3240	5
3241	1
3242	1
3243	4
3244	5
3245	4
3246	3
3247	2
3248	1
3249	4
3250	3
3251	3
3252	3
3253	2
3254	2
3256	7
3257	3
19641	1
3258	4
3259	5
3260	1
3262	1
3263	3
3264	3
3265	3
3266	3
3267	1
3268	6
3269	2
3270	1
3271	1
3272	2
3274	6
3275	5
3277	3
3278	5
3279	5
3280	2
3281	4
3282	5
3283	3
3284	3
3285	2
3286	3
3287	2
3288	3
3289	3
3290	6
3291	2
3292	3
3293	7
3294	5
3295	1
3296	3
3297	3
3298	3
3299	2
3300	2
3301	4
3303	2
3304	3
3305	2
3306	5
3307	1
3308	3
3309	3
3310	2
3311	1
3312	4
3313	2
3314	5
3315	3
3316	4
3317	2
3318	1
3319	6
3320	4
3321	2
3322	3
3323	4
3324	2
3325	1
3326	3
3327	5
3328	1
3329	2
3330	4
3331	2
3332	3
3333	3
3334	1
3335	6
3336	1
3337	3
3338	1
3339	3
3340	3
3341	3
3342	8
3343	1
3344	5
3345	3
3346	5
3347	2
3350	1
3351	4
3352	2
3354	4
19739	1
3355	2
3356	4
3357	2
3358	3
3359	4
3360	3
3361	3
3362	2
3363	3
3364	1
3365	6
3366	2
3367	2
3368	1
3369	3
3370	1
3371	4
3372	3
3373	3
19757	1
3374	3
3375	2
3376	2
3377	2
3378	7
3379	6
3380	2
3381	1
3382	1
3383	1
3384	2
3385	2
3386	4
3387	3
3388	2
3389	6
3390	2
3391	1
3392	2
3393	4
3394	5
3395	1
3396	2
3397	6
3398	4
3399	3
3400	1
3401	4
3404	1
3405	1
3406	2
3407	3
3408	3
3409	2
3410	3
3411	3
3412	3
3413	2
3414	2
3415	1
3417	3
3418	4
3419	1
3420	2
3421	1
3422	2
3423	2
3424	3
3425	3
3426	3
3427	2
3428	6
3429	4
3430	2
3431	2
3432	5
19816	1
3433	2
3434	4
3435	2
3436	1
3437	2
3438	2
3439	3
3441	3
3442	3
3443	2
3444	2
3445	4
3446	3
3447	4
3448	3
3449	4
3451	1
3452	3
3453	3
3454	4
3455	2
3456	5
3457	3
3458	1
3460	2
3461	2
3462	4
3463	6
3464	5
3466	2
3467	4
3468	2
3469	3
3470	3
3471	1
3472	4
3473	3
3474	3
19858	1
3475	2
3476	3
3477	7
3478	1
3479	2
3480	2
3482	3
3483	2
3484	1
3485	4
3486	2
3487	3
3488	3
3489	4
3490	4
3491	4
3492	1
3493	3
3494	3
3495	4
3496	1
19881	1
3497	4
3498	3
3499	4
3500	2
3501	5
3502	2
3503	1
3504	2
3505	6
3507	2
3508	2
3509	5
3510	3
3511	2
3512	4
3513	3
3514	4
3515	1
3516	3
3517	2
3518	4
3519	1
3520	3
3521	3
3522	2
3523	5
3524	2
3525	2
3526	1
3527	2
3529	3
3530	3
3531	7
3532	2
3533	3
3534	5
3535	6
3536	2
3537	3
3538	3
3539	2
3540	1
3541	2
3542	6
3543	1
3544	1
3545	2
3546	3
3547	1
3548	1
3549	5
3550	6
3551	1
3552	2
3553	1
3554	3
3555	6
19939	1
3556	4
3557	2
3558	2
3559	2
3560	1
3561	4
3562	1
3563	5
3564	2
3565	1
3566	2
3567	2
3568	2
3569	2
3570	2
3571	3
3572	1
3573	1
3574	3
3575	2
3576	3
3577	2
3578	4
3579	3
3580	1
3581	4
3582	2
3583	4
3584	1
3585	1
3587	4
3588	1
3590	3
3591	1
3592	4
3593	4
3594	3
3595	3
3596	3
3597	5
3598	4
3600	3
3603	2
3604	4
3606	1
3607	1
3608	1
3609	4
3610	2
3612	5
19996	1
3613	3
3614	2
3615	6
3616	1
3617	3
3618	1
3619	2
3620	3
3622	3
3623	1
3624	2
20008	1
3625	6
3626	2
3627	2
3628	4
3630	2
20014	1
3631	5
3633	1
3634	2
3636	3
3637	5
3638	4
3639	5
3640	1
3641	4
3642	1
3643	7
3644	1
3645	5
3646	4
3647	2
3648	2
3649	4
3651	3
3652	3
3653	1
3654	4
3655	2
3656	2
3657	1
3658	1
3659	4
3660	3
3661	6
3662	1
3663	1
3664	4
3665	4
3666	3
3667	2
3668	2
3669	1
3671	1
3672	2
3673	2
3674	4
3675	4
3676	1
3677	2
3678	2
3679	6
3680	3
3681	1
3682	2
3683	4
3684	4
3685	2
3686	2
3687	2
3689	5
3690	3
3691	1
3692	3
3693	3
3695	2
3696	2
3697	4
3698	1
3699	4
3700	4
20084	1
3702	3
3703	2
3704	3
3705	1
20090	1
3707	3
3708	2
3709	4
3710	2
3711	2
3712	1
3713	1
3714	1
3716	4
3717	1
3718	1
3719	3
3720	4
3721	2
3722	1
3724	4
3726	2
3728	2
3729	3
3730	1
3731	2
3732	2
3733	5
3734	1
3735	2
3737	2
3738	2
3739	2
3741	2
3742	3
3745	6
3746	1
3747	3
3748	1
3749	3
3750	3
3751	4
3752	1
3753	1
3754	3
3755	2
3756	3
3757	3
3758	1
3760	1
3761	4
3762	2
3763	3
3764	2
3765	6
3766	3
3767	2
3768	2
3770	1
3771	3
3772	5
3773	2
3774	2
3775	4
3776	1
3777	2
3778	3
3779	4
3780	3
3781	4
3782	1
3783	2
3784	1
3785	2
3786	3
3787	2
3788	1
3789	2
3790	1
3791	3
3792	4
3793	2
3794	3
3795	8
3796	1
3797	3
3798	2
3799	1
3800	1
3801	3
3802	2
3803	6
3804	1
3805	1
3806	6
3807	2
3808	1
3809	1
3810	3
3811	5
3812	2
3814	2
3815	2
3816	2
3817	1
3818	1
3820	3
3821	1
3822	2
3823	3
3824	2
3825	3
3826	1
3827	3
3829	4
3830	2
3831	2
3832	2
3834	2
3835	4
3836	4
3837	2
3838	2
3839	1
3840	1
3841	1
3842	1
3844	4
3845	3
3846	1
3847	3
3848	5
3849	5
3850	1
3851	4
3852	4
3853	1
3854	1
3855	3
3856	2
3857	1
3858	2
3859	3
3860	6
3861	3
3862	1
3863	1
3864	1
3865	1
3866	2
3867	3
3868	1
3869	4
3870	1
3871	2
3872	2
3873	4
3875	3
3876	2
3877	1
3878	2
3879	2
20263	1
3880	3
3881	1
3882	3
3884	4
3885	1
3886	1
3887	2
3888	3
3889	4
3890	3
3891	2
3892	4
3894	1
3895	1
3896	1
3897	2
3898	2
3900	3
3902	1
3903	4
3904	1
3906	2
3907	1
3908	2
3909	4
3910	2
3912	2
3913	2
3914	5
3915	1
3916	1
3917	1
3918	2
3919	1
3920	2
3921	1
3922	1
3923	3
3924	4
3925	1
3926	3
3927	1
3928	1
3929	2
3930	1
3931	1
3932	2
3933	3
3934	4
3935	2
3936	1
3937	1
3938	2
20322	1
3939	3
3940	2
20324	1
3941	2
3942	2
3943	3
3944	1
3945	4
3946	1
3947	1
3948	3
3949	2
3950	4
3951	2
3952	3
3953	2
3954	2
3955	3
3957	2
3959	3
3960	2
3961	2
3962	2
3965	1
3966	6
3967	1
3968	3
3969	2
3970	5
3971	1
3972	1
3973	1
3974	2
3975	3
3976	5
3977	1
20361	1
3978	3
3979	2
3980	1
3981	2
3983	1
3984	2
3985	1
20370	1
3986	1
3987	2
3988	1
3989	1
3991	1
3992	3
3993	3
3994	3
3995	2
3998	4
3999	3
4000	2
4001	3
4003	2
4004	5
4005	4
4006	1
4007	2
4008	2
4010	1
4011	2
4012	4
4013	2
4014	3
4015	3
4017	2
4018	4
4019	2
4020	3
4021	1
4022	2
4023	2
4024	1
4025	2
4026	1
4027	2
4028	2
4029	1
4030	1
4031	2
4032	5
4033	1
4034	1
4035	1
4036	1
4037	1
4038	2
4039	1
4041	3
4042	2
4043	3
4045	1
4046	1
4047	3
4048	1
4049	1
4050	1
4051	3
4052	1
4053	1
4054	1
4055	1
4056	3
4057	3
4058	1
4059	2
4061	1
4062	2
4063	3
4066	3
4067	3
4068	1
4069	2
4071	1
4072	2
4073	1
4074	2
4075	1
4076	1
4077	1
4078	1
4079	2
4081	1
4082	1
4083	3
4084	3
4085	4
4087	1
4088	3
4090	3
4091	4
4092	3
4093	3
4094	1
4095	1
4097	3
4099	4
4100	3
4101	2
4103	2
4104	5
4105	1
4106	2
4107	1
4108	1
4109	1
4111	2
4112	4
4113	3
4114	2
4116	3
20500	1
4118	1
4119	1
4121	1
4122	4
4123	3
4124	4
4125	3
4126	1
4127	1
4128	4
4129	3
4131	2
4132	2
4133	3
4134	2
4135	2
4137	3
4139	2
4140	1
4141	3
4142	2
4144	3
4145	4
4146	2
4147	2
4148	4
4150	6
4151	2
20535	1
4154	2
4156	2
4157	1
4159	1
4160	4
4161	1
4162	2
4163	1
4164	2
4165	1
4166	1
4167	1
4168	1
4169	5
4170	1
4171	2
4172	1
20557	1
4173	1
4174	1
4175	4
4177	3
4179	4
4181	4
4182	2
4183	1
4185	2
4186	5
4187	3
4188	1
4190	3
4191	2
4192	2
4193	1
4197	1
4198	1
4199	4
4200	2
4201	1
20585	1
4202	4
20586	1
4203	1
4204	1
4206	2
4207	2
4208	1
4209	4
4210	2
4211	1
4212	1
20597	1
4214	3
4215	2
20599	1
4217	2
4218	2
4219	2
4221	1
4222	1
4223	1
4224	1
4225	2
20609	1
4226	3
4227	5
4228	3
4229	3
4231	1
4232	2
4233	2
4235	1
4236	3
4237	3
4238	2
4239	1
4240	2
4241	2
4243	1
4244	3
4245	3
4247	1
4249	1
4250	1
20636	1
4252	2
4254	1
4255	2
4256	1
4257	1
4258	2
4259	1
4261	3
20645	1
4262	1
4264	3
4266	2
4267	5
4268	1
4269	3
4270	3
4272	1
4273	1
4274	1
4275	1
4276	3
4277	2
20661	1
4278	1
4279	1
4280	1
4281	2
4284	2
4285	2
4286	2
4287	1
4288	1
4289	3
4290	1
4291	1
4292	2
4294	2
4296	2
4297	6
4298	3
4300	2
4301	2
4302	2
20688	1
4304	2
4305	3
4307	3
4308	2
4309	1
4310	2
4311	2
4312	4
4313	2
4314	1
4315	4
4316	2
4317	2
4318	1
4319	1
4321	2
4322	2
4324	1
4325	1
4326	2
4327	3
20712	1
4329	3
4331	4
4332	3
4333	2
4334	1
4335	3
4336	2
4337	3
4338	3
4339	1
4340	2
4341	1
4342	1
4343	2
4344	1
4345	1
4347	1
4348	2
4349	2
4351	2
4352	1
4353	2
4354	1
4355	2
4356	1
4357	1
4358	1
4359	1
4360	2
4361	2
4362	1
4363	2
4365	5
4366	4
20750	1
4367	1
4368	1
4369	3
4370	4
4371	2
4373	1
4374	3
4375	4
4376	2
4377	2
4378	1
4379	1
4380	3
4382	1
4383	1
4384	2
4385	1
4386	1
4387	1
4388	1
4391	4
4392	2
4393	2
4394	3
4395	1
4396	1
4397	2
4398	2
4399	1
4400	2
4401	4
4403	2
4404	1
4405	3
4406	1
4407	1
4408	1
4410	2
4411	1
4412	2
4415	1
4416	2
4417	1
4418	2
4419	1
4420	5
4421	1
4422	2
4423	2
4424	2
4425	1
4426	2
4427	1
4428	1
4429	3
4431	1
4432	4
4433	1
4434	1
4436	1
4437	1
4438	1
4440	1
4442	1
4443	1
4444	2
4445	3
4447	1
4449	2
4450	2
4451	2
4452	1
4453	1
4454	3
4455	3
4456	2
4458	1
4459	1
4460	1
4461	2
4462	2
4464	3
4465	1
4466	3
4467	1
4468	1
4469	1
4472	3
4473	2
4474	1
4475	2
4478	1
4479	2
4480	1
4482	2
4483	2
4484	1
4485	1
4486	2
4487	2
4491	2
4492	2
4493	1
4494	1
4495	1
4496	2
4497	1
4498	1
4499	2
4500	2
4501	3
4503	4
4504	2
4506	2
4507	2
4508	2
4510	1
4511	2
4513	1
4514	1
4515	2
4518	1
4519	2
4520	1
4521	2
4522	2
4523	1
4524	3
4526	2
4527	1
4528	2
4529	1
4530	1
4533	1
4535	1
4536	2
4537	4
4538	4
4539	2
4540	2
4541	2
4543	4
4544	2
4545	1
4546	1
4547	2
4548	2
4549	1
4550	6
4552	2
4553	1
4554	1
4555	2
4556	2
4557	4
4558	2
4559	1
4560	3
4561	2
4563	2
4564	1
4565	1
4566	1
4567	1
4568	1
4569	3
4570	2
4571	1
4572	1
4573	2
4574	3
4575	1
4576	1
4578	1
4580	2
4581	1
4582	1
4583	1
4584	1
4585	1
4586	1
4587	2
4588	1
4589	1
4590	2
4591	3
4592	3
4593	2
4594	2
4595	2
4596	1
4597	1
4598	2
4599	2
4600	3
4601	1
4602	2
4603	1
4604	1
4605	3
4606	3
4607	1
4608	3
4609	2
4610	1
4611	1
4612	1
4613	2
4616	3
4617	3
4618	2
4619	1
4621	4
4622	1
4623	3
4624	4
4625	3
4626	1
4627	3
4628	4
4629	6
4630	5
4631	6
4632	5
4633	6
4634	3
4635	3
4636	6
4637	1
4638	3
4639	5
4640	1
4641	8
4642	4
4643	3
4644	1
4645	1
4646	4
4647	3
4648	1
4650	2
4651	2
4652	1
4654	2
4655	1
4656	1
4658	1
4659	4
4660	2
4661	2
4663	2
4664	1
4665	2
21049	1
4666	2
4667	2
4670	1
4672	1
4673	2
4674	1
4675	1
4676	2
4677	3
4678	1
4679	1
4680	1
4685	1
4686	1
4687	2
4688	2
4690	1
4694	3
4695	2
4696	1
4697	1
4698	2
4699	1
4700	1
4701	2
4703	3
4704	3
4705	4
4706	2
4708	2
4709	1
4710	2
4711	3
4712	2
4713	3
4714	1
4715	1
21099	1
4716	3
4719	2
4720	1
4721	1
4723	1
4724	2
4726	2
4727	3
4728	4
4729	2
4732	1
4733	2
4734	2
4735	1
4737	2
21122	1
4741	2
4742	1
4743	1
4744	1
4745	4
4746	1
4747	1
4748	1
4749	2
4752	2
4753	1
4754	5
4755	1
4756	1
4757	1
4759	1
4760	1
4761	1
4762	2
4763	2
4764	2
4765	3
4766	1
4767	2
4769	2
4770	3
4772	1
4773	2
4775	4
4777	3
4779	3
4781	2
4782	2
4784	1
21168	1
4785	1
4786	1
4787	1
4788	2
4790	1
4791	1
4792	2
4795	2
4796	1
4798	2
4799	1
4800	1
4801	4
21185	1
4802	2
4803	1
4804	1
4806	2
4807	1
4808	1
4809	3
4811	2
4813	2
4814	2
21203	1
4819	1
4821	2
4823	1
4824	2
4825	2
4826	2
4828	1
4829	1
4830	1
4831	2
4832	1
4833	1
4834	2
4835	1
4837	1
4840	1
4841	1
4842	3
4843	1
4844	1
4845	1
4846	1
4847	2
4848	2
4850	1
4851	1
4852	1
4854	4
4855	1
4856	1
4859	1
4861	1
4863	1
4865	1
4866	1
4868	2
4869	1
4870	2
4871	1
4872	2
4876	3
4877	2
4878	1
4880	2
4881	2
4882	1
4883	1
4885	2
4887	1
4891	1
4892	2
21276	1
4894	1
4895	2
4897	1
4898	2
4900	1
21284	1
4902	1
4904	2
4905	1
4906	1
4907	1
4908	1
4910	1
4911	1
4912	3
4913	4
4914	1
4915	2
4917	1
4918	3
4919	1
4921	1
21305	1
4922	1
4924	1
4925	2
4927	2
4929	1
4930	1
4932	1
4933	1
4935	2
4937	1
4939	1
4940	1
4941	1
4942	1
4946	1
4950	2
4951	3
4952	1
4953	5
4954	2
4955	1
4956	1
4958	1
4959	1
4960	1
4962	1
4963	1
4965	2
4966	1
21351	1
4968	1
4969	1
4970	1
4971	1
21356	1
4973	1
4974	2
4975	1
4977	3
4978	1
4979	1
4981	1
4982	1
4983	2
4984	1
4985	2
4987	3
4988	1
4989	1
4990	1
4991	2
4992	1
4993	2
4994	2
4995	1
4996	1
4997	1
4999	2
5000	3
5001	1
5005	2
5006	1
5007	2
5008	1
5010	1
5012	1
5013	3
5015	2
5016	2
5017	1
5019	1
5020	1
5022	2
5023	1
5025	2
5027	2
5029	2
5030	1
21414	1
5031	1
5032	1
5035	1
5036	1
5037	1
5038	3
5040	1
5041	2
5042	2
5045	2
5046	1
5047	1
5049	1
5052	2
5053	1
5054	1
5055	1
5058	1
5061	2
5063	1
5064	1
5065	1
5067	1
5068	2
5069	1
21454	1
5070	1
5071	1
5073	2
5074	1
5075	2
5078	2
5079	2
5080	1
5081	1
5083	2
5084	1
5085	1
5087	1
5088	1
5089	3
5090	2
5092	2
5096	4
5098	1
5101	2
5102	1
5105	2
5107	2
5108	1
5109	1
5111	2
5112	2
5115	2
5117	1
21505	1
5121	1
5123	1
5124	1
5125	1
5126	1
5127	1
5128	2
5129	1
5131	2
5134	1
5135	1
5136	1
5137	1
5140	2
5143	1
5144	1
5145	1
5149	3
5150	2
5151	1
5152	1
5155	2
5156	1
5158	2
5159	2
5164	2
5165	1
5166	1
5168	1
5169	2
5171	2
5172	2
5176	1
5178	1
5180	2
5182	2
5183	1
5185	1
5186	1
5188	3
5189	1
5194	1
5198	1
5200	3
5203	1
5204	3
5205	1
5207	1
5210	1
5211	1
5212	2
5213	1
5214	1
5215	2
5216	1
5217	1
5219	2
5223	1
5225	2
5227	2
5229	1
5230	1
5234	2
5235	1
5237	1
5239	1
21623	1
5240	2
5241	1
5242	1
5246	1
5248	2
5249	1
5251	2
5255	2
5256	1
5259	4
5260	1
5261	5
5263	1
5264	3
5266	1
5267	1
21651	1
5268	3
5269	2
5270	2
5271	1
5273	3
5274	1
5276	3
5277	3
5278	1
5279	1
5281	3
5282	1
5284	3
5286	1
5287	1
5289	1
5290	1
5291	2
5294	1
5295	1
21679	1
5298	1
5300	1
5301	2
5303	1
5304	2
5305	1
5307	1
5308	1
5309	1
5310	2
5311	2
5312	1
5314	1
5315	1
5316	1
5321	1
5324	2
5327	1
5329	1
5332	1
5334	1
5335	1
5336	1
5341	1
5342	3
5343	1
5344	1
5345	1
5348	1
5350	1
5351	1
5352	1
5353	1
5355	1
5356	1
5357	1
5358	2
5371	2
5375	1
5379	1
5380	2
5381	2
5383	1
5386	2
5387	1
5389	1
5392	2
5395	1
5396	3
5397	4
5400	1
5401	1
5404	2
5405	1
5407	2
5412	1
5413	2
5414	1
5415	1
5416	1
5417	1
5418	1
5420	1
5421	1
5422	2
5423	1
5424	2
5426	1
5427	1
5428	2
5429	1
5430	1
5435	2
5438	1
5439	1
5441	2
5443	1
21827	1
5444	1
5447	1
5450	1
5451	1
5453	1
5455	1
5456	1
5457	1
5460	1
5461	1
5465	1
5468	1
5471	1
5473	1
5478	1
5482	1
5483	1
5484	2
5486	1
5489	1
5490	1
5491	1
5493	1
5495	1
5496	1
5497	1
5498	3
5500	1
5502	1
5504	1
5505	1
5506	1
21890	1
5507	2
5509	1
5511	1
5513	1
5516	2
5518	2
21903	1
5520	1
21907	1
5524	2
5527	1
5528	2
5529	3
5531	1
5532	1
5536	1
5538	3
5540	1
5542	1
5546	1
5547	2
5548	1
5550	2
5556	1
5558	1
21943	1
5560	1
5561	1
5563	3
5567	1
5568	1
5576	1
5578	1
5584	1
5585	3
5589	1
5590	1
5592	2
5600	2
5604	1
5606	3
5608	1
5611	1
5612	2
5613	3
5615	1
5619	1
5620	2
5621	2
5625	1
5626	1
5627	1
22012	1
5629	1
5630	1
5632	1
5633	2
5635	1
5636	3
5639	1
5640	1
5641	1
5642	2
5644	2
5646	1
5647	2
5650	1
5651	1
5654	2
5655	1
22040	1
5660	1
5661	1
5662	1
5663	2
5665	1
5666	3
5667	1
5668	2
5670	1
5673	1
5674	2
5675	1
5676	1
5679	1
5680	1
5681	2
5684	2
5686	1
5688	1
5689	2
5690	1
5697	1
5700	1
5701	1
5702	1
5705	1
5707	1
5709	1
5712	2
5713	1
5716	1
5718	1
5720	1
5723	2
5725	1
5726	3
5727	2
5728	1
5731	1
5736	3
5737	1
5738	3
5740	1
5744	1
5745	1
5748	1
5751	1
5756	1
5757	1
5758	1
5759	1
5763	2
5764	1
5765	2
5767	1
5768	2
5769	1
5770	2
5771	1
5772	1
5774	2
5776	3
5778	2
5779	1
5780	1
5781	1
5782	1
5785	1
5789	1
5790	1
5795	2
5796	1
5798	2
5799	2
5801	1
5803	1
5807	1
5812	1
5814	1
5816	3
5820	1
5822	1
5823	1
5827	1
5829	1
5832	1
5834	2
5835	1
5838	1
5840	1
5841	1
5842	1
5843	2
5844	1
5846	2
5847	1
5848	1
5851	1
5852	2
5853	2
5854	2
5856	1
5857	1
5858	1
5860	2
5861	1
5864	2
5866	1
5869	1
5871	1
5872	1
5874	2
5877	2
5879	2
5880	2
5882	2
5887	2
5890	1
5892	2
5894	1
5904	1
5906	2
5907	1
5908	1
5910	1
5912	1
5915	1
5918	1
5919	1
5920	1
5921	3
5923	1
5927	1
5928	1
5929	2
5930	1
5935	2
5936	1
5937	1
5938	1
5944	2
5946	1
5952	2
5953	1
5954	3
5959	1
5960	1
5961	3
5962	1
5966	1
5967	3
5970	2
5971	1
5972	1
5974	2
5975	3
5977	1
5978	2
5980	1
5981	1
5983	1
5984	1
5987	1
5989	1
5990	1
5992	2
5993	1
5994	1
5996	1
6002	1
6006	1
6007	1
6011	1
6012	1
6013	2
6014	1
6015	1
6016	1
6020	1
6021	1
6024	3
6027	1
6029	3
6031	1
6032	1
22418	1
6034	1
6040	1
6046	1
6048	1
6050	3
6052	1
6053	2
22438	1
6055	1
6058	1
6059	1
6060	1
6061	1
6067	1
6068	2
6070	1
6074	1
6075	4
22461	1
6079	1
6081	1
6086	1
6092	2
6093	1
6095	1
6096	1
6098	1
6100	1
6102	1
6103	1
6106	1
6108	1
6110	2
6112	1
6114	3
6115	1
6116	2
6124	1
6125	2
6127	1
6131	1
6132	1
6134	1
6137	1
6139	1
6142	1
6146	1
6149	1
6150	1
6153	1
22544	1
6161	1
6162	1
6165	1
6166	2
6171	1
6173	2
6180	1
6183	1
22570	1
6189	1
6193	1
6196	2
6198	1
6199	1
6203	1
6206	1
6208	1
6210	1
6212	1
6213	1
6216	2
6217	1
6218	1
6219	1
6220	1
6225	1
6226	1
6229	1
6233	1
6235	1
6238	1
6240	1
6241	1
6242	1
6248	1
6249	1
6250	1
6255	2
6257	1
6259	2
6260	2
6262	1
6266	1
6267	1
6268	1
6272	1
6274	1
6276	1
6277	3
6281	1
6284	1
6285	1
6291	1
6292	1
6293	1
6297	1
6303	1
6305	2
6307	3
6313	1
6316	1
6317	2
6318	1
6319	1
6320	3
6322	1
6323	1
6325	1
6326	1
6327	2
6331	1
6333	1
6339	1
6342	1
6354	1
6356	1
6357	1
6358	2
6361	1
6363	1
6365	1
6374	1
6379	1
6381	1
6383	3
6385	1
22771	1
6390	2
6393	2
6394	1
6395	2
6396	1
6397	1
6398	1
6399	2
6400	1
6402	1
6405	1
6406	1
22791	1
6407	2
6408	1
6411	1
6414	1
6418	2
6419	3
6420	1
6425	1
6427	1
6429	1
6432	1
6440	1
6441	1
6452	1
6455	1
6457	1
6461	1
6462	1
6464	1
22849	1
6465	2
6467	1
6470	1
6473	3
6480	2
6483	1
6488	1
6491	1
6493	1
6494	1
6498	1
6500	1
6503	1
6504	3
6507	1
6508	1
6510	1
6512	1
6513	1
6514	1
6515	1
6516	1
6517	1
6520	2
6521	1
6524	1
6535	1
6536	1
6542	1
6543	1
6544	2
6550	1
6555	1
6557	1
6558	2
6560	1
6561	1
6566	1
6567	1
6568	1
6571	2
6572	1
6574	3
6578	2
6579	1
6580	1
6589	1
6595	1
6596	1
6597	1
6598	1
6599	1
6603	3
6604	1
6606	2
6607	1
6612	1
6613	1
6620	1
6622	1
6623	1
6624	1
6628	1
6629	1
6631	1
6634	1
6635	1
6639	1
6640	2
6641	1
6642	1
23026	1
23027	1
6645	1
6646	1
6648	1
6650	4
6652	1
6657	1
6660	2
6662	1
6663	1
6664	1
6665	1
6669	1
6674	1
6675	1
6676	1
6677	1
6681	1
6687	1
6688	1
6700	2
6705	1
6706	1
6713	1
6716	2
6717	1
6722	1
6726	1
6727	1
6728	1
6731	1
6733	2
6734	2
6737	1
6738	1
6740	1
6741	1
6755	1
6756	1
6757	2
6758	2
6763	1
6767	1
6772	1
6775	1
6779	1
6781	1
23166	1
6784	1
6785	1
6786	2
6789	1
6790	3
6793	1
6795	1
6796	1
6802	2
6806	1
6807	1
6813	1
6814	1
6818	1
6822	1
6823	1
6827	1
23217	1
6833	1
6835	1
6841	1
6845	1
6855	1
6857	1
6862	1
6871	2
6873	1
6875	1
6876	1
6881	1
6882	1
6883	1
6888	3
6892	1
23281	1
6898	1
6901	2
6905	1
6910	2
6915	2
6917	1
6921	2
6925	1
6926	2
6928	2
6938	1
6940	1
6941	1
6942	1
6943	2
6955	1
6957	3
6964	1
6965	1
6968	2
6976	1
6982	1
6984	1
6989	1
6992	1
6993	1
6994	1
6995	2
6997	2
7000	1
7004	1
7007	1
7009	1
7010	1
7011	1
7012	1
7017	1
7018	1
7020	1
7022	1
7024	1
7025	1
7027	2
7029	1
7030	1
7035	1
7036	1
7043	1
7044	1
7049	1
7050	1
7051	1
7052	1
7053	1
7054	1
7055	1
7057	1
7058	1
7059	1
7062	2
7064	1
7065	1
7067	1
7068	2
7070	1
23454	1
7072	1
7075	1
7077	1
7079	1
7081	1
7086	1
7091	1
7092	2
7094	2
7095	2
7096	1
7097	2
7098	1
7100	1
7102	1
7104	1
7110	1
7115	1
7117	1
7118	2
7119	1
7120	1
7122	1
7124	1
7126	1
7127	1
7128	1
7129	1
7134	1
7141	1
7146	1
7148	1
7149	1
7150	1
7160	2
7161	1
7162	1
7163	2
7166	1
7168	1
7170	2
7172	1
7175	1
7176	2
7178	1
7183	1
23568	1
7185	1
7189	1
7193	1
7194	1
7195	1
7198	1
7199	1
7203	1
7204	1
7206	2
7209	1
7210	1
7221	1
7222	2
7225	1
7227	1
7229	2
7230	1
7233	2
7234	1
7235	1
7236	2
7239	1
7243	1
7244	1
7249	1
7250	1
7253	1
7259	1
7261	1
7265	2
7274	2
7275	1
7284	1
7287	1
7288	1
7290	1
7292	2
7298	1
7299	1
7300	1
7305	1
7307	1
7312	1
7313	1
7315	3
7321	1
7329	1
7330	4
7332	1
7339	1
7340	1
23726	1
7342	1
23727	1
23729	2
23730	1
7346	1
23731	1
7348	1
23732	1
7349	1
23733	1
7350	1
23734	1
23735	1
23736	1
7358	2
7359	1
7361	1
7364	2
23750	1
7367	1
7374	1
7376	1
7378	1
23764	1
7382	1
23768	1
7385	1
23770	1
7387	1
7388	1
23772	1
7389	1
23779	1
7400	1
23785	1
7404	1
23793	1
7410	1
7412	1
23798	1
7416	1
7420	1
7426	1
7427	1
7429	1
7434	1
7435	2
7438	1
23826	1
7445	1
23831	1
23832	1
7448	1
23833	1
23834	1
7450	1
23835	1
23836	1
23837	1
23838	1
23839	1
23840	1
7457	2
23841	1
23842	1
23843	1
7460	2
23844	1
23845	1
23846	1
23847	1
7468	1
7469	1
7473	3
7475	2
7477	1
7487	1
7493	1
23882	1
7500	2
7505	1
7506	1
7508	2
23894	1
7514	1
7516	1
7517	1
7522	1
7524	1
7525	1
7532	1
7533	1
23918	1
23919	1
23920	1
7540	3
7544	1
7546	1
7554	1
7555	1
7558	1
7559	1
7562	1
7567	2
7569	1
7573	2
23959	2
7577	1
7578	1
7579	2
7580	1
7581	1
23967	1
7586	1
7589	1
7590	2
7591	1
23976	1
7592	1
7597	1
7600	1
7601	2
7602	1
7603	1
7606	1
7611	1
7619	1
7631	3
7632	1
7633	1
7635	1
7637	1
7641	1
7643	1
24029	1
7647	2
7649	1
7653	1
7656	1
7661	1
7666	1
7676	2
7677	1
7679	1
7683	1
7689	1
7697	1
24082	1
7698	1
7699	1
7700	1
7701	1
7703	2
7704	1
7705	1
7706	1
7715	1
7718	1
7722	1
7727	1
7735	2
7737	2
7738	1
7739	1
7741	1
7745	1
7748	1
24138	1
7756	2
7757	1
24147	1
7764	1
7768	4
7770	1
7771	1
24156	1
7774	2
7775	1
7778	1
7779	1
7781	1
7788	1
7792	1
7800	1
7801	1
7803	1
7809	1
7813	1
7819	1
24205	1
7822	1
7824	1
7825	1
7826	1
7831	2
7836	2
7841	2
7850	2
7856	1
7860	1
7865	1
7868	2
7872	1
7877	1
7881	2
7884	1
7886	1
7887	1
7896	1
7898	1
7900	1
7903	1
7908	1
7918	2
7924	1
7928	1
7929	1
7930	1
7936	1
7939	1
7949	1
7953	1
7954	1
7956	2
7962	1
7964	1
7965	1
7966	1
7969	1
7977	2
7978	1
7986	1
7987	1
7989	1
7995	1
7998	1
8002	1
8004	1
8006	1
24390	1
8010	1
8013	1
8015	1
8016	1
8017	1
8021	1
8022	1
8023	1
8027	1
8031	1
8032	1
8036	1
8039	1
8041	1
8042	1
8045	1
8047	2
8050	2
8053	1
8059	1
8065	1
8068	1
8069	1
8071	1
8072	1
8080	1
8081	1
8082	1
8083	1
8092	1
24478	1
8094	1
8097	2
24481	1
8100	1
8101	1
8105	1
8107	1
8108	1
8109	1
8110	1
8112	2
8117	1
8119	1
8120	1
8124	1
8126	1
8131	1
8134	1
8140	2
8141	1
8143	1
8144	2
8146	1
8147	2
8149	1
8150	1
24535	1
8165	1
8168	2
8170	1
8177	1
24567	1
8183	1
8186	1
24572	1
8190	1
8197	1
8200	1
8202	1
8203	1
8206	1
8209	1
8223	1
8226	1
8234	1
8239	1
8240	1
8251	2
8256	1
8261	1
8262	1
8263	1
8269	1
8270	1
8273	1
8274	2
8281	1
8298	1
8301	2
8302	1
8307	1
8311	1
8313	1
24697	1
8324	1
8325	1
8327	1
8328	1
8329	1
24713	1
8330	2
8333	1
8347	1
8349	1
8356	1
8357	2
8367	1
8369	1
8373	1
8387	1
8389	2
8393	1
8397	1
8400	1
8402	1
8405	1
8406	1
8407	1
8408	1
8409	1
8410	1
8411	1
8422	3
8424	1
8426	1
8433	1
8437	1
8444	1
8447	2
8448	1
8451	1
8453	1
8455	1
8462	1
8463	1
8468	1
8469	1
8473	1
8494	2
8502	1
8505	1
8511	2
8529	1
8535	1
8542	1
8550	1
8553	1
8554	1
8555	1
8556	1
8560	1
8563	1
8564	1
24948	1
8575	1
8579	2
8580	2
8583	1
8585	1
8590	2
8595	1
8597	1
8599	2
8604	1
8606	2
8611	1
8615	1
8619	1
8622	1
8625	1
25018	1
8646	1
8656	1
8657	1
8659	3
8661	1
8668	1
8678	1
8679	2
8683	1
8686	1
8689	1
8693	1
8707	1
8710	1
8711	1
8713	2
8719	1
8724	1
8726	1
8728	1
8730	1
8733	2
8739	1
8740	2
8747	2
8753	1
8757	1
8758	1
8759	1
8760	2
8767	1
8768	1
8769	1
8770	1
8772	1
8779	1
8785	1
8787	1
8788	2
8789	1
8796	1
8799	1
8800	1
8801	1
8805	1
8806	1
8814	2
8820	1
8823	1
8831	1
8833	1
8851	2
8856	1
8857	1
8867	1
8868	1
8871	1
8879	1
8880	1
8891	1
8892	1
8893	2
8896	1
8897	1
8901	1
8906	2
8915	1
8917	1
8919	1
8923	1
8927	1
8932	1
8933	1
8935	1
8939	1
8940	1
8941	1
8942	1
8943	1
8957	1
8958	1
8959	1
8962	1
8964	2
8965	1
8966	1
8972	1
8979	1
8985	1
9001	2
9006	1
9008	1
9013	1
9019	1
9030	1
9033	1
9036	2
9043	1
9044	1
9050	1
9051	1
9056	1
9060	1
9064	1
9070	1
9071	1
9072	1
9076	1
9081	1
9082	1
9087	2
25484	1
9105	1
9118	1
9131	1
9137	1
9141	1
9147	1
9157	1
9159	1
9164	1
9171	1
9179	1
9182	1
9183	2
9196	1
9200	1
9203	2
9209	1
9214	1
9222	1
9223	1
9224	1
9226	2
9231	1
9232	1
9241	1
9254	1
9256	2
9260	1
9264	1
9265	1
9267	1
9271	1
9272	1
9274	1
9278	1
9279	1
9281	2
9289	1
9291	1
9297	1
9298	2
9299	1
9302	1
9305	1
9312	1
9321	1
9326	1
9331	1
25722	1
25725	1
9343	1
9364	1
9365	1
9366	2
9381	2
25768	1
9391	1
9392	1
9409	1
9420	1
9421	1
9435	1
9440	1
9446	1
9449	1
9452	1
9454	2
9461	1
9462	2
9464	1
9467	1
9468	1
9471	1
9475	1
9477	1
9496	1
9499	1
9500	2
9515	1
9517	1
9526	1
9530	2
9536	1
9538	1
9539	1
9540	1
9549	1
9555	1
9566	1
9574	1
9580	1
9582	1
9587	1
9590	1
9596	1
9599	1
9600	1
9604	1
9609	1
9620	1
9630	1
9647	1
9651	1
9654	1
9655	1
9656	1
9676	1
9677	1
9697	1
9706	1
9718	1
9744	2
9746	1
9748	1
9758	1
9766	1
9771	2
9775	1
9779	1
9782	1
9783	1
9785	1
9792	1
9798	1
9807	1
9809	1
9821	1
9825	1
9828	1
9832	1
9835	1
9837	1
9843	1
9847	1
9848	1
9857	1
9868	1
9883	1
9886	1
9901	1
9902	1
9907	1
9922	1
9927	1
9930	1
9933	2
9934	1
9935	1
9937	1
9941	1
9942	1
9951	1
9954	1
9956	1
9961	1
9965	1
9967	1
9971	1
9983	1
9985	1
9986	1
9991	1
9993	1
9994	1
9997	1
9999	1
10020	1
10025	2
10026	1
10031	1
10044	1
10049	1
10056	2
10058	1
10060	1
10064	1
10065	1
10068	1
10075	1
10088	1
10104	1
10109	1
10111	1
10118	1
10125	1
10131	1
10135	1
10138	1
10142	1
10147	1
10165	1
10167	1
10192	1
10200	1
10205	1
10206	1
10215	1
10233	1
10254	1
10271	1
10279	1
10282	1
10290	1
10291	1
10292	1
10295	1
10303	1
10304	1
10313	1
10317	1
10337	1
10343	1
10345	1
10348	1
10361	1
10369	1
10380	1
10392	1
10398	1
10399	1
10411	1
10414	1
10419	1
10423	1
10425	1
10427	1
10434	1
10447	1
10454	1
10456	1
10467	2
10469	1
10470	1
10476	2
10486	1
10487	1
10494	1
10502	1
10503	1
10504	1
10509	2
10520	1
10522	2
10526	1
10528	1
10534	1
10545	1
10556	1
10557	1
10558	1
10564	1
10565	1
10566	1
10588	1
10623	1
10624	1
10639	1
10649	1
10666	1
10681	1
10687	1
10692	1
10693	2
10703	1
10710	1
10714	1
10734	1
10744	1
10749	1
10767	1
10769	1
10771	1
10772	1
10779	1
10781	1
10794	1
10812	1
10831	1
10839	1
10846	1
10852	1
10855	1
10864	1
10877	1
10879	1
10889	1
10890	1
10891	1
10894	1
10896	1
10897	1
10918	1
10926	1
10950	1
10951	1
10954	1
10971	1
10976	2
10980	1
10987	1
10990	1
10994	1
10996	1
11009	1
11011	1
11026	2
11030	1
11036	1
11065	1
11071	1
11086	1
11087	1
11097	1
11100	1
11102	1
11104	1
11111	1
11114	1
11122	2
11139	1
11145	1
11151	1
11165	1
11178	1
11186	1
11196	1
11210	1
11234	1
11238	1
11252	1
11259	1
11273	1
11280	1
11292	1
11304	1
11307	1
11309	1
11310	1
11316	1
11323	1
11328	1
11333	1
11371	1
11381	1
11398	1
11399	1
11401	1
11408	1
11410	1
11419	1
11428	1
11435	1
11439	1
11446	1
11484	1
11488	1
11494	1
11499	1
11501	1
11503	1
11513	1
11515	1
11517	1
11524	1
11540	1
11564	1
11566	1
11567	1
11570	1
11573	1
11574	1
11575	1
11580	1
11587	1
11591	1
11597	1
11610	1
11616	1
11619	2
11620	1
11622	1
11631	1
11640	1
11647	1
11649	1
11659	1
11666	1
11675	1
11686	1
11690	1
11696	1
11697	1
11716	1
11731	1
11736	1
11739	1
11748	1
11750	1
11751	2
11761	1
11786	1
11800	1
11801	1
11818	1
11820	1
11822	1
11826	1
11831	1
11838	1
11849	1
11858	1
11859	1
11865	1
11866	1
11892	1
11900	1
11904	1
11907	1
11910	1
11921	1
11928	1
11935	1
11951	1
11961	1
11990	2
12001	1
12012	1
12017	1
12020	1
12034	1
12043	1
12054	1
12056	1
12065	1
12066	1
12071	1
12086	1
12093	1
12095	1
12106	1
12114	1
12134	1
12146	1
12152	1
12155	1
12160	1
12161	1
12182	1
12205	1
12221	1
12230	1
12231	1
12236	1
12253	1
12254	1
12255	1
12257	1
12270	1
12277	1
12295	1
12308	1
12318	1
12327	1
12333	1
12343	1
12350	1
12354	1
12358	1
12359	1
12372	1
12373	2
12379	1
12406	1
12411	1
12426	1
12437	1
12442	1
12444	1
12445	1
12453	1
12456	1
12469	1
12476	1
12484	1
12485	1
12489	1
12490	1
12512	1
12517	1
12523	1
12529	1
12534	1
12535	1
12536	1
12540	1
12559	1
12564	1
12582	1
12585	1
12587	1
12590	1
12594	1
12598	1
12602	1
12618	1
12621	1
12643	1
12656	1
12659	1
12678	1
12699	1
12700	1
12701	1
12706	1
12707	1
12711	1
12717	1
12724	1
12737	1
12742	2
12744	1
12748	1
12772	1
12785	1
12790	1
12806	2
12807	1
12812	1
12819	1
12822	1
12853	1
12866	1
12873	1
12882	1
12890	1
12892	1
12901	1
12907	1
12938	1
12942	1
12950	1
12960	2
12969	2
12976	1
12980	1
12983	1
12994	1
13002	1
13007	1
13011	1
13031	1
13049	1
13052	1
13056	1
13065	1
13075	1
13080	2
13085	1
13089	1
13097	1
13102	1
13105	1
13110	1
13112	1
13113	1
13114	1
13116	1
13129	1
13155	1
13166	1
13171	1
13173	1
13182	1
13191	1
13197	1
13214	2
13219	1
13231	2
13235	1
13240	1
13246	1
13249	1
13250	1
13253	1
13259	1
13272	1
13290	1
13294	1
13296	1
13322	1
13326	1
13329	1
13333	1
13340	1
13341	1
13342	1
13350	1
13363	1
13370	1
13397	1
13418	1
13433	1
13434	1
13452	1
13453	1
13462	1
13464	1
13465	1
13485	1
13486	1
13494	1
13533	1
13534	1
13536	1
13537	1
13538	1
13542	1
13544	1
13546	1
13551	1
13554	1
13556	1
13561	1
13573	1
13584	1
13591	1
13613	1
13618	2
13634	1
13642	1
13696	1
13708	1
13709	1
13711	1
13733	1
13739	1
13751	1
13755	1
13763	1
13767	1
13779	1
13782	1
13784	1
13806	1
13807	1
13841	1
13844	1
13845	1
13850	1
13873	1
13882	1
13890	1
13891	1
13912	1
13915	1
13924	1
13941	1
13975	1
13982	1
13989	1
14005	1
14013	1
14041	1
14044	1
14048	1
14075	1
14079	1
14114	1
14121	1
14156	2
14161	1
14171	1
14184	1
14196	1
14204	1
14221	1
14235	1
14237	2
14238	1
14242	1
14249	1
14258	2
14272	1
14280	1
14290	2
14294	1
14314	1
14316	1
14319	1
14323	1
14325	1
14326	1
14332	1
14342	1
14345	1
14355	1
14364	1
14382	1
14400	3
14415	1
14427	1
14430	1
14438	1
14443	1
14460	1
14464	1
14466	1
14473	1
14477	1
14480	1
14481	1
14484	1
14498	1
14508	1
14515	1
14518	1
14524	1
14546	1
14550	1
14569	1
14584	1
14585	1
14591	1
14614	2
14628	1
14630	1
14633	1
14637	1
14643	1
14647	1
14648	1
14655	1
14657	1
14660	1
14664	2
14667	1
14669	1
14682	1
14686	1
14698	1
14705	1
14717	1
14719	1
14724	1
14735	1
14742	1
14745	1
14748	2
14755	1
14760	1
14764	2
14768	1
14769	1
14773	1
14776	1
14786	1
14790	1
14792	1
14793	1
14795	1
14805	1
14814	1
14825	1
14828	1
14832	1
14840	2
14841	1
14843	1
14854	1
14855	1
14856	1
14862	1
14863	1
14867	1
14875	1
14878	1
14882	1
14887	1
14893	1
14897	1
14901	1
14904	1
14918	1
14922	1
14930	1
14931	1
14932	1
14942	3
14951	1
14952	1
14954	1
14956	2
14961	2
14966	1
14969	1
14977	1
14982	1
14990	1
14994	1
14997	1
15005	2
15012	1
15014	3
15018	2
15021	1
15025	2
15027	1
15037	1
15045	2
15046	1
15053	1
15055	2
15060	2
15061	1
15070	1
15076	1
15078	1
15079	1
15084	1
15088	1
15090	2
15092	1
15104	1
15107	1
15109	1
15112	1
15115	1
15117	1
15120	1
15122	1
15130	1
15139	1
15140	1
15142	1
15143	1
15144	1
15152	2
15155	1
15157	1
15165	1
15169	1
15171	1
15172	1
15178	2
15186	2
15188	2
15192	1
15195	1
15198	1
15200	1
15201	1
15205	1
15210	1
15212	1
15213	1
15218	1
15220	1
15221	3
15222	2
15223	2
15224	1
15227	1
15237	2
15238	1
15239	1
15241	1
15249	1
15250	1
15253	1
15261	1
15263	1
15264	1
15270	1
15271	1
15274	1
15275	1
15279	1
15280	1
15281	1
15289	3
15292	1
15295	1
15296	1
15300	1
15301	1
15302	1
15307	1
15308	1
15315	1
15316	1
15319	1
15321	1
15322	1
15327	1
15328	2
15329	1
15334	1
15336	1
15337	1
15338	1
15343	1
15348	1
15353	1
15359	1
15360	1
15361	1
15362	1
15363	2
15364	1
15367	1
15370	1
15381	1
15387	1
15396	1
15399	1
15402	1
15405	1
15406	1
15410	1
15412	1
15413	1
15414	1
15420	1
15422	1
15425	2
15427	1
15431	1
15432	1
15433	1
15435	1
15439	2
15440	1
15443	1
15446	2
15449	1
15451	1
15454	1
15457	1
15464	2
15466	1
15467	1
15468	1
15471	1
15472	1
15474	1
15476	1
15479	1
15483	1
15491	1
15497	1
15498	1
15505	1
15510	1
15511	1
15513	1
15516	1
15517	1
15523	1
15532	1
15533	1
15534	1
15538	1
15539	1
15540	1
15544	1
15548	1
15553	1
15556	1
15558	1
15569	2
15570	1
15579	2
15586	1
15589	2
15591	2
15596	1
15599	1
15607	1
15611	1
15612	1
15613	1
15614	1
15617	2
15619	2
15620	1
15621	1
15622	1
15631	1
15632	1
15638	1
15642	1
15644	1
15645	1
15648	1
15652	1
15656	1
15658	3
15664	2
15670	1
15672	1
15682	1
15684	1
15686	1
15689	2
15690	1
15692	1
15695	1
15701	1
15702	1
15705	1
15707	1
15711	2
15714	1
15716	1
15719	1
15723	1
15727	1
15728	1
15729	1
15731	2
15734	1
15736	1
15738	1
15742	2
15744	1
15752	1
15754	2
15756	1
15757	1
15758	2
15759	1
15761	1
15766	2
15770	1
15776	1
15781	1
15782	1
15784	2
15791	2
15796	1
15800	1
15803	1
15804	1
15807	3
15815	1
15816	1
15820	1
15821	1
15826	1
15829	2
15834	1
15840	1
15848	1
15849	1
15855	3
15864	1
15877	1
15879	2
15881	1
15887	1
15889	1
15890	1
15896	1
15898	1
15899	1
15900	1
15909	2
15925	1
15928	1
15938	1
15941	1
15946	1
15948	1
15949	2
15952	1
15953	2
15954	2
15956	1
15958	1
15960	1
15962	1
15969	1
15974	1
15975	1
15983	1
15987	2
15989	1
15991	1
15992	1
15993	1
15996	2
15999	1
16002	1
16004	2
16005	1
16008	1
16014	1
16020	1
16021	1
16026	1
16027	1
16028	1
16033	1
16035	1
16041	1
16043	1
16046	1
16049	1
16053	1
16054	1
16056	1
16058	1
16062	1
16072	1
16077	1
16080	1
16081	1
16082	1
16085	1
16088	1
16095	1
16098	2
16099	2
16101	1
16105	1
16108	1
16109	1
16112	1
16121	1
16124	1
16125	1
16129	1
16135	1
16142	1
16143	1
16145	2
16147	2
16161	1
16168	2
16170	1
16174	1
16179	1
16180	2
16185	1
16186	1
16190	1
16194	1
16197	2
16198	1
16201	1
16204	1
16205	1
16207	1
16209	1
16214	1
16222	1
16227	1
16234	1
16239	1
16244	1
16248	2
16259	1
16262	2
16267	1
16268	1
16271	1
16273	1
16275	1
16278	1
16283	1
16284	1
16285	1
16290	1
16291	1
16292	1
16293	2
16294	2
16299	1
16303	2
16304	1
16309	1
16310	1
16317	1
16319	2
16321	1
16325	1
16328	1
16335	1
16338	1
16340	1
16341	1
16343	1
16347	1
16350	1
16352	1
16361	1
16368	1
16374	1
