1	29
2	40
3	28
4	23
5	17
16389	1
6	20
7	18
16391	1
8	17
9	25
10	19
16395	1
11	15
12	13
16396	1
13	23
14	11
16398	1
15	10
16	9
17	16
18	13
19	8
16403	1
20	22
16404	1
21	14
22	22
23	19
24	10
25	16
26	10
27	21
28	10
29	13
30	16
31	15
32	14
33	7
34	18
35	10
36	11
37	9
16421	1
38	12
16422	1
39	12
40	16
41	12
16425	1
42	18
16426	1
43	14
44	11
45	16
46	16
47	11
48	13
49	11
50	7
51	6
16435	1
52	16
53	19
54	12
55	13
56	6
16440	1
57	11
58	9
16442	1
59	9
60	13
61	19
16445	1
62	12
63	13
64	10
16448	1
65	10
66	10
67	8
68	6
69	12
70	12
71	11
72	9
16456	1
73	12
74	12
16458	1
75	6
76	18
77	13
78	12
79	16
80	12
16464	1
81	12
82	15
83	14
84	11
85	8
86	7
87	14
16471	1
88	10
89	8
90	7
91	7
16475	1
92	12
93	13
94	5
95	14
16479	1
96	12
97	8
98	8
99	8
100	23
101	9
16485	2
102	12
103	18
104	6
105	18
106	8
107	20
108	14
109	10
110	14
111	15
16495	2
112	8
16496	1
113	9
114	7
16498	1
115	16
116	8
117	8
16501	1
118	7
119	9
16503	1
120	15
121	8
122	12
123	9
124	7
125	11
126	12
127	14
128	13
129	6
130	14
131	11
132	11
133	11
134	16
135	6
136	6
137	9
138	4
139	10
16523	1
140	10
16524	1
141	12
142	10
143	7
144	10
16528	1
16529	1
145	6
146	13
147	9
148	4
16532	1
149	4
150	10
151	12
152	15
153	11
16537	1
154	9
155	11
156	11
157	13
158	10
159	8
160	8
161	8
162	11
163	10
164	10
165	11
166	10
167	8
168	9
169	11
170	10
171	8
172	13
173	9
174	13
175	14
176	10
177	8
178	7
179	12
180	9
181	6
16565	1
182	8
16566	1
183	10
184	11
185	10
186	8
187	7
188	9
189	9
16573	1
190	13
191	17
192	8
193	10
194	9
195	6
196	13
197	9
198	7
199	6
16583	1
200	3
201	6
202	8
16586	1
203	12
16587	1
204	9
205	5
206	7
207	1
208	6
209	4
210	16
211	5
212	10
213	7
214	4
215	13
216	7
217	3
218	8
219	12
220	5
221	11
222	13
223	8
224	12
225	12
226	7
227	11
228	7
229	7
230	8
231	9
16615	1
232	9
233	13
234	6
235	7
236	8
237	6
238	9
239	5
240	10
241	6
242	15
16626	1
243	13
244	8
16628	1
245	8
16629	1
246	5
247	5
248	6
249	7
16633	1
250	10
251	10
252	10
253	7
254	8
16638	2
255	7
256	6
16640	1
257	4
258	10
259	7
260	11
261	10
262	12
263	5
264	5
265	9
266	6
267	7
268	6
269	10
270	7
271	7
272	6
273	9
274	5
275	9
276	9
277	4
278	2
16662	1
279	10
280	7
281	7
282	9
283	4
284	12
285	6
286	6
287	6
288	7
289	6
16673	1
290	8
291	4
16675	1
292	4
16676	1
293	14
294	6
16678	1
295	6
16679	1
296	8
297	11
298	7
299	7
300	6
301	5
16685	1
302	8
303	4
304	11
305	2
306	3
16690	1
307	6
308	5
309	9
310	11
311	3
312	4
313	4
314	10
315	5
316	7
317	3
318	6
319	4
320	5
16704	1
321	5
322	9
323	5
324	8
325	1
326	6
327	9
328	2
329	2
330	3
331	7
332	7
333	5
334	9
335	5
336	5
337	5
338	5
339	5
340	7
341	4
342	10
16726	1
343	3
344	7
345	9
346	5
347	5
16731	1
348	9
349	8
350	2
351	8
352	8
353	7
354	4
355	9
356	9
357	8
358	4
16743	1
359	9
360	2
361	5
362	5
363	5
364	9
365	1
366	3
367	7
16751	1
368	2
369	6
370	6
371	4
372	6
373	1
374	5
375	1
376	5
377	4
378	7
379	6
380	7
381	6
382	7
383	7
384	3
385	4
386	5
387	4
388	7
389	4
390	6
391	5
392	6
393	8
394	2
395	4
396	3
397	5
398	2
399	9
400	9
401	6
402	5
16786	1
403	7
16787	1
404	3
405	3
406	5
407	7
408	2
409	5
410	2
411	7
412	1
413	12
414	2
415	7
416	2
417	5
418	6
419	6
420	2
421	4
16805	1
16806	1
422	6
423	2
424	4
425	8
426	6
427	3
428	4
16812	1
429	11
430	4
431	2
432	10
433	3
16817	1
434	7
16818	1
435	8
436	3
437	4
438	10
16822	1
439	2
440	5
441	4
442	5
16826	1
443	3
444	5
445	9
16829	1
446	2
447	5
448	2
449	2
450	7
451	4
452	5
453	4
16837	1
454	7
16838	1
455	6
456	10
457	4
458	9
459	5
460	4
461	4
16845	1
462	4
16847	1
463	1
464	5
16848	1
465	4
16849	1
466	7
467	7
468	2
469	5
470	4
471	4
16855	1
472	5
473	6
474	6
16858	1
475	6
476	4
477	4
478	4
479	3
480	1
481	4
482	5
483	5
484	2
485	1
486	3
487	6
488	1
489	3
490	4
491	5
492	3
493	5
16877	1
494	4
495	4
496	7
497	2
16881	1
498	7
16882	1
499	4
500	2
501	8
504	7
16888	1
505	4
506	5
16890	1
507	2
508	2
509	6
510	2
511	5
512	1
513	6
514	4
16898	1
515	6
517	5
518	3
519	2
520	4
521	1
522	1
523	4
524	6
525	3
526	6
16910	2
527	7
16911	1
528	5
529	4
530	3
531	3
532	1
533	3
534	3
535	1
536	2
537	5
538	1
539	1
540	2
541	4
542	4
543	4
16928	1
544	3
545	5
546	4
547	3
548	1
549	5
16933	1
550	5
551	7
552	5
553	4
554	3
555	6
556	5
557	3
558	4
559	9
560	4
561	4
562	9
563	3
564	6
565	7
566	7
567	3
568	5
569	4
570	2
571	2
572	3
573	1
574	4
16958	1
575	5
576	6
577	8
578	5
579	2
580	3
581	4
582	2
583	4
584	6
585	4
16969	1
586	3
587	6
588	1
589	4
16973	1
590	7
591	4
592	9
593	6
594	2
595	6
596	1
597	3
16982	1
598	2
599	4
600	5
601	7
602	8
603	3
604	3
16988	1
605	6
606	4
607	5
608	2
609	5
610	4
16994	1
611	2
612	5
613	3
16998	1
614	1
615	3
616	2
617	3
17001	1
618	5
619	6
620	4
17004	1
621	4
622	1
623	5
624	2
625	5
626	2
627	3
628	1
17013	1
629	4
630	1
17014	1
631	3
632	4
634	3
635	6
636	3
17020	1
637	8
17022	1
638	1
639	5
640	3
17024	1
641	4
642	1
17026	1
643	1
644	7
645	6
646	3
647	8
648	1
649	5
650	2
651	8
652	2
653	4
654	5
655	10
656	3
657	3
658	6
659	7
660	4
661	2
662	2
663	4
664	4
665	4
666	6
667	4
668	5
17052	1
669	3
670	2
671	5
672	5
673	2
674	8
675	2
17059	1
676	3
677	4
17061	1
678	3
679	6
680	1
681	8
682	3
683	6
684	7
685	4
686	5
687	4
688	5
689	3
690	4
691	3
692	2
693	5
694	6
695	2
696	5
697	6
698	9
699	2
700	4
701	4
702	6
703	8
704	1
17089	1
705	2
706	3
707	8
708	8
709	7
710	4
711	8
712	5
713	6
17097	1
714	5
715	4
17099	1
716	3
717	3
718	5
719	4
720	2
721	2
722	5
723	5
724	5
725	2
726	8
727	5
728	4
729	5
730	11
731	4
732	1
733	4
734	5
735	7
736	7
737	7
738	1
739	3
740	5
741	7
742	3
743	5
744	3
745	13
746	4
747	4
748	3
749	6
750	5
751	3
752	5
17136	1
753	3
754	2
755	3
756	6
757	2
758	7
759	5
760	4
17144	2
761	3
762	6
763	3
764	3
765	5
766	7
767	7
768	7
769	4
770	7
771	7
772	5
773	5
774	8
775	4
776	3
777	3
778	3
779	5
780	8
781	7
782	1
783	6
784	6
785	3
786	8
787	2
788	3
789	4
790	4
791	7
17175	1
792	2
793	5
794	5
795	2
796	3
797	5
798	4
799	7
800	8
801	6
802	8
803	7
804	8
17188	1
805	3
17189	1
806	6
807	6
808	6
809	5
810	5
811	6
812	6
813	1
814	10
815	4
816	5
817	5
17201	1
818	5
819	10
820	5
821	5
822	2
823	6
824	5
825	4
826	5
827	4
17211	1
828	9
829	5
830	3
831	5
832	4
833	7
835	5
836	4
837	8
838	4
839	5
17223	1
840	2
841	8
842	6
843	6
17227	1
844	6
845	5
846	5
847	8
848	10
849	6
850	5
851	7
852	6
17236	1
853	3
854	7
855	5
856	4
857	6
858	8
859	8
860	6
861	3
862	6
863	5
864	4
865	9
866	4
867	10
868	3
869	4
870	3
871	2
872	12
873	6
874	3
875	5
876	13
877	9
878	6
879	7
880	8
881	2
882	5
883	8
884	10
885	11
886	8
17270	2
887	3
888	4
889	8
890	6
891	3
892	5
893	4
894	3
895	2
896	3
897	5
898	6
17282	1
899	3
900	5
901	10
902	4
903	7
904	3
905	8
906	4
907	2
908	4
909	7
910	6
911	9
912	6
913	3
914	4
915	14
916	5
917	6
918	3
17302	1
919	2
920	6
921	7
922	6
923	3
924	5
925	4
926	3
927	2
928	9
929	11
930	9
931	8
932	3
933	4
934	5
935	6
936	5
17320	1
937	9
938	7
939	5
17323	1
940	5
941	12
17325	1
942	9
17326	1
943	3
944	8
945	3
946	5
947	5
948	8
949	3
950	5
951	6
952	9
953	2
954	7
955	5
956	3
957	7
958	6
959	9
960	8
961	9
17345	1
962	4
963	10
964	6
965	5
966	6
967	3
968	4
969	6
970	6
17354	1
971	7
972	4
973	1
974	3
975	7
976	5
977	8
978	5
979	4
980	2
981	3
17365	1
982	3
983	8
984	3
985	5
986	7
17370	1
987	8
988	7
989	5
990	4
991	6
992	3
993	7
994	13
17378	1
995	10
996	2
997	5
998	6
999	5
1000	5
1001	4
1002	2
1003	6
1004	6
1005	13
1006	2
1007	8
1008	3
1009	5
1010	5
1011	7
1012	8
1013	6
1014	7
1015	10
1016	6
1017	10
1018	6
1019	6
1020	9
1021	5
1022	10
1023	6
1024	2
17408	1
1025	5
1026	9
1027	5
1028	9
1029	7
1030	7
1031	11
17416	1
1032	4
1033	8
1034	9
1035	4
1036	5
1037	5
1038	9
1039	7
1040	5
1041	7
1042	7
1043	12
1044	4
1045	7
1046	2
1047	7
1048	6
1049	8
1050	4
17434	1
1051	7
1052	5
1053	6
1054	6
1055	7
1056	5
1057	7
1058	6
1059	3
1060	4
1061	4
1062	7
1063	4
1064	4
1065	8
1066	6
1067	2
1068	4
1069	8
1070	6
1071	7
1072	7
1073	9
1074	4
1075	7
1076	7
1077	6
1078	8
1080	10
1081	3
1082	5
1083	6
1084	8
1085	5
1086	8
1087	6
1088	10
1089	6
1090	10
1091	8
17475	1
1092	5
1093	3
1094	9
1095	5
1096	7
1097	4
1098	7
1099	4
1100	2
1101	5
1102	5
1103	3
1104	11
1105	5
1106	10
1107	5
1108	9
1109	7
1110	8
1111	7
1112	12
1113	3
1114	10
1115	6
1116	5
1117	6
1118	6
1119	5
1120	8
1121	8
1122	6
1123	4
1124	9
1125	8
1126	7
1127	2
1128	5
1129	5
1130	5
17515	1
1131	8
1132	5
1133	5
17517	1
1134	10
1135	7
1136	8
1137	3
1138	2
1139	6
1140	6
17524	2
1141	4
1142	7
1143	3
1144	5
1145	8
1146	6
1147	5
1148	7
1149	7
1150	4
1151	4
1152	8
1153	6
1154	4
1155	3
1156	4
1157	4
1158	4
1159	5
1160	2
1161	7
1162	8
1163	10
1164	6
1165	6
1166	3
1167	7
1168	10
1169	7
1170	7
1171	11
1172	7
1173	8
1174	5
1175	5
1176	5
1177	6
17561	1
1178	1
1179	8
17563	1
1180	7
1181	5
1182	5
1183	4
1184	4
17568	1
1185	4
1186	5
1187	6
1188	7
1189	4
1190	5
1191	3
1192	11
1193	5
1194	9
1195	7
17579	1
1196	3
1197	6
1198	5
17582	1
1199	4
1200	9
1201	6
1202	4
1203	9
1204	6
1205	8
1206	8
1207	3
1208	6
1209	4
1210	7
1211	5
1212	7
1213	4
1214	4
1215	2
1216	5
1217	4
1218	7
1219	8
1220	4
1221	6
1222	3
17606	1
1223	5
1224	5
1225	3
1226	3
17611	1
1227	3
1228	6
1229	10
1230	4
1231	4
1232	5
1233	6
1234	3
1235	6
1236	4
1237	3
1238	3
1239	9
1240	7
1241	10
1242	5
1243	5
1244	5
1245	6
1246	5
1247	9
1248	7
1249	5
1250	5
1251	8
1252	8
1253	8
1254	5
1255	11
1256	10
17640	1
1257	7
1258	7
1259	4
1260	5
1261	6
1262	4
1263	8
1264	6
17648	1
1265	3
1266	7
1267	5
1268	3
1269	4
1270	4
1271	3
17655	1
1272	7
1273	6
1274	1
1275	5
1276	8
1277	4
1278	2
1279	4
1280	4
1281	3
1282	3
1283	9
1284	7
1285	7
1286	7
1287	5
1288	6
1289	4
1290	2
1291	7
1292	9
1293	1
1294	9
1295	2
1296	8
1297	11
1298	5
1299	6
1300	6
1301	6
1302	2
1303	5
1304	6
1305	6
1306	4
1307	9
1308	5
1309	7
1310	2
17695	1
1311	4
1312	6
1313	5
1314	6
1315	6
1316	9
1317	3
1318	6
1319	7
1320	4
1321	2
1322	6
1323	7
1324	6
1325	3
1326	6
1327	7
1328	5
1329	4
1330	6
1331	8
1332	10
17716	1
1333	3
1334	5
1335	6
1336	5
1337	5
1338	6
17723	1
1340	5
1341	5
17725	1
1342	7
1343	3
1344	6
1345	4
1346	5
1347	3
1348	6
1349	6
1350	4
1351	5
1352	9
1353	6
1354	7
1355	5
1356	5
1357	4
1358	2
1359	7
1360	12
1361	5
1362	4
1363	5
1364	12
17748	1
1365	2
1366	10
1367	4
1368	8
1369	6
1370	8
1371	4
1372	9
1373	5
1374	5
1375	5
1376	3
1377	9
1378	7
1379	9
17763	1
1380	3
1381	8
1382	4
1383	3
1384	5
1385	6
1386	5
1387	6
1388	5
1389	4
1390	10
1391	5
1392	9
1393	2
1394	7
1395	6
1396	6
1397	3
1398	7
1399	3
1400	7
1402	6
1403	9
1404	1
1405	6
1406	4
1407	3
1408	7
1409	5
1410	5
1411	5
1412	3
1413	6
1414	4
1415	5
1416	6
1417	7
1418	8
17802	1
1419	5
1420	7
1421	4
1422	6
1423	8
1424	4
1425	6
1426	3
1427	3
1428	4
1429	8
1430	10
1431	6
1432	4
1433	4
1434	5
1435	3
1436	7
17820	1
1437	8
1438	6
1439	5
1440	5
1441	8
1442	2
1443	6
1444	3
1445	10
1446	4
1447	7
1448	8
1449	4
1450	5
1451	4
1452	2
1453	6
1454	8
1455	2
1456	3
1457	11
1458	9
1459	5
1460	7
1461	3
1462	6
17846	1
1463	5
17847	1
1464	6
1465	3
1466	2
1467	4
1468	3
1469	10
1470	4
1471	9
1472	6
1473	5
1474	6
1475	6
1476	6
1477	2
1478	4
17862	1
1479	5
1480	4
1481	2
1482	5
1483	3
1484	2
17868	1
1485	5
1486	6
1487	5
1488	4
1489	6
1490	5
17874	1
1491	4
1492	5
1493	8
1494	3
1495	8
1496	6
1497	8
1498	3
1499	5
1500	6
1501	5
1502	9
1503	5
1504	9
1505	11
1506	7
1507	7
1508	3
1509	9
1510	7
1511	7
1512	7
1513	7
1514	6
1515	4
1516	9
1517	5
1518	2
1519	2
1520	5
1521	7
1522	6
1523	3
1524	2
1525	4
1526	4
17910	1
1527	7
1528	5
1529	5
1530	5
17914	1
1531	7
1532	6
1533	6
1534	4
17918	1
1535	7
17919	1
1536	7
1537	8
1538	5
1539	9
1540	4
1541	5
1542	4
1543	6
1544	6
1545	2
1546	8
1547	3
1548	5
1549	4
1550	10
1551	5
1552	6
17936	1
1553	7
1554	6
1555	4
1556	2
1557	5
1558	5
1559	3
1560	3
1561	6
1562	5
1563	6
1564	5
1565	8
1566	9
1567	5
1568	5
1569	4
1570	5
1571	10
1572	7
1573	7
1574	3
1575	7
1576	6
1577	2
1578	3
1579	7
1580	3
1581	8
1582	8
1583	7
1584	5
1585	5
1586	7
1587	3
1588	9
1589	7
1590	4
17974	1
1591	7
1592	4
1593	9
1594	7
1595	6
1596	9
1597	4
1598	5
1599	6
1600	4
1601	7
1602	5
1603	11
1604	5
1605	4
1606	8
1607	4
1608	9
1609	3
1610	9
1611	5
1612	8
1613	3
1614	6
1615	8
1616	2
1617	4
1618	8
1619	5
1620	6
1621	12
1622	10
1623	3
1624	5
1625	4
1626	2
1627	4
1628	9
1629	5
1630	5
1631	2
1632	5
1633	6
1634	4
1635	9
1636	5
1637	7
1638	5
1639	8
1640	8
1641	7
1642	5
1643	7
18027	1
1644	3
18028	1
1645	3
1646	5
1647	5
1648	7
1649	3
1650	3
18034	1
1651	8
1652	5
1653	2
1654	5
1655	1
1656	5
1657	7
1658	11
1659	6
1660	2
1661	1
1662	5
1663	8
1664	6
1665	7
1666	3
1667	3
1668	4
1669	2
1670	7
1671	7
1672	5
1673	5
1674	5
1675	10
1676	6
18060	1
1677	2
1678	5
1679	4
1680	5
1681	6
1682	8
1683	9
1684	10
1685	6
1686	3
1687	4
1688	4
1689	2
1690	3
1691	4
1692	5
1693	3
1694	3
1695	7
1696	3
1697	5
18081	1
1698	4
1699	5
1700	3
1701	6
1702	4
1703	3
1704	6
1705	7
1706	6
1707	5
1708	10
1709	3
1710	5
1711	7
1712	7
18096	1
1713	6
1714	12
1715	1
1716	10
1717	7
1718	10
1719	4
1720	7
1721	3
1722	9
1723	7
1724	7
1725	2
1726	5
1727	4
1728	6
1729	8
1730	1
1731	7
1732	2
1733	3
1734	7
18118	1
1735	4
1736	6
1737	7
1738	9
1739	3
1740	6
1741	11
1742	9
1743	5
1744	2
1745	7
1746	7
1747	4
1748	4
1749	10
1750	5
18134	1
1751	7
1752	5
1753	6
1754	3
1755	4
1756	3
1757	4
1758	2
1759	7
1760	6
1761	8
1762	7
1763	5
1764	7
1765	5
1766	5
1767	7
1768	1
1769	5
1770	5
18154	1
1771	7
18155	1
1772	2
1773	7
1774	14
1775	5
1776	7
1777	10
1778	8
1779	3
1780	1
1781	8
1782	6
1783	1
1784	4
1785	5
1786	3
1787	6
1788	8
1789	8
1790	5
1791	4
1792	4
1793	3
1794	5
1795	3
1796	8
1797	8
1798	9
1799	2
1800	10
1801	3
1802	7
1803	5
1804	8
1805	5
1806	7
1807	3
1808	3
1809	4
1810	4
1811	3
1812	8
1813	8
1814	3
1815	6
1816	7
1817	6
1818	7
1819	4
1820	5
1821	1
1822	6
1823	4
1824	7
1825	4
1826	3
1827	5
1828	4
1829	6
1830	10
1831	8
1832	3
1833	2
1834	2
1835	3
1836	7
1837	8
18221	1
1838	4
1839	8
1840	2
1841	7
1842	2
1843	7
18227	1
1844	4
1845	2
1846	6
1847	8
1848	5
1849	8
1850	6
1851	4
1852	2
1853	6
1854	4
1855	11
1856	3
1857	2
1858	8
1859	5
1860	9
1861	7
1862	7
18247	1
1863	10
1864	6
1865	10
1866	5
18250	1
1867	6
1868	7
1869	3
1870	8
1871	7
1872	8
1873	5
18257	1
1874	4
1875	4
1876	7
1877	5
1878	6
1879	9
1880	7
1881	3
1882	11
1883	13
18267	1
1884	6
1885	3
1886	7
1887	5
1888	8
1889	6
1890	6
1891	7
1892	5
1893	5
1894	5
1895	8
1896	8
18280	1
1897	3
1898	5
1899	10
1900	3
1901	7
1902	8
1903	9
1904	5
1905	8
1906	5
1907	6
1908	3
1909	8
1910	6
1911	5
1912	5
1913	4
1914	7
1915	4
1916	6
1917	8
1918	3
1919	8
1920	8
1921	8
1922	7
1923	11
1924	7
1925	5
1926	8
18310	1
1927	9
1928	9
1929	6
1930	8
1931	4
1932	8
1933	8
1934	11
18318	1
1935	4
1936	7
1937	3
1938	10
1939	3
1940	4
1941	5
1942	7
1943	6
18327	1
1945	6
1946	3
1947	1
1948	9
1949	2
1950	8
1951	7
1952	5
1953	7
1954	2
1955	3
1956	3
1957	9
1958	3
1959	4
1960	3
1961	9
1962	5
1963	6
1964	5
1965	4
1966	4
1967	4
1968	8
1969	6
1970	6
1971	1
1972	4
1973	6
1974	6
1975	9
1976	5
1977	4
1978	4
1979	3
1980	4
1981	2
1982	5
1983	4
1984	8
1985	9
1986	9
1987	5
1988	5
1989	1
1990	5
1991	4
1992	3
1993	9
1994	6
1995	4
1996	6
1997	4
1998	3
1999	4
2000	9
2001	6
2002	8
2003	6
2004	6
2005	5
2006	8
2007	7
2008	1
2009	6
2010	9
2011	5
2012	5
2013	6
2014	11
2015	7
2016	3
2017	7
2018	5
2019	7
2020	13
2021	6
2022	2
2023	7
2024	3
18408	1
2025	13
2026	7
2027	4
2028	7
2029	6
2030	5
2031	9
2032	6
2033	4
2034	11
2035	8
2036	9
2037	6
2038	5
2039	6
18423	1
2040	7
2041	7
2042	4
2043	1
2044	2
2045	4
2046	7
2047	2
2048	3
2049	11
2050	4
2051	3
2052	10
2053	8
2054	6
18438	1
2055	9
2056	6
2057	6
2058	8
2059	6
2060	4
2061	8
2062	10
2063	4
2064	5
2065	6
2066	5
2067	6
2068	8
2069	5
2070	3
2071	10
2072	5
2073	6
2074	6
2075	5
2076	8
2077	4
2078	3
2079	4
2080	2
2081	4
2082	6
2083	4
2084	4
2085	3
2086	5
2087	7
2088	4
2089	4
2090	5
18474	1
2091	7
2092	7
2093	5
2094	6
2095	5
2096	6
2097	3
2098	5
2099	4
2100	1
2101	8
2102	6
2103	7
18487	1
2104	7
2105	8
2106	9
2107	8
2108	6
2109	4
2110	3
2111	8
2112	6
2113	6
2114	8
2115	7
2116	6
18500	1
2117	3
2118	2
2119	5
2120	5
2121	9
2122	5
2123	8
2124	6
2125	3
2126	4
2127	7
2128	7
2129	2
2130	5
2131	4
2132	9
2133	4
2134	3
2135	7
18519	1
2136	4
2137	6
2138	9
2139	5
2140	4
2141	6
2142	4
2143	4
2144	4
2145	4
2146	6
2147	10
2148	5
2149	2
2150	5
2151	7
2152	6
2153	8
2154	7
2155	6
2156	10
18540	1
2157	6
2158	2
2159	8
18543	2
2160	7
2161	3
2162	5
2163	7
2164	4
2165	3
2166	4
2167	5
2168	2
2169	3
2170	4
2171	2
2172	7
18556	1
2173	5
2174	3
2175	5
2176	6
2177	7
2178	6
18562	1
2179	6
2180	8
2181	3
2182	7
2183	3
2184	4
2185	6
2186	1
2187	5
18571	1
2188	5
2189	3
2190	4
2191	6
18575	1
2192	5
2193	4
2194	6
2195	3
2196	4
2197	6
2198	5
2199	4
2200	6
2201	3
2202	6
2203	4
2204	5
2205	6
2206	8
2207	5
2208	3
2209	6
2210	10
2211	8
18595	1
2212	8
2213	8
2214	5
2215	3
2216	6
2217	3
2218	3
2219	7
2220	5
2221	4
18605	1
2222	5
2223	8
2224	5
18608	1
2225	6
2226	7
2227	6
2228	3
2229	7
2230	6
2231	5
2232	5
2233	1
2234	5
2235	7
2236	7
2237	10
2238	4
18622	1
2239	7
2240	5
2241	6
2242	4
2243	2
2244	6
2245	3
2246	1
2247	8
2248	4
2249	5
2250	3
2251	3
2252	8
18636	1
2253	4
2254	5
2255	6
2256	3
2257	6
2258	6
2259	4
2260	3
2261	6
2262	3
2263	5
2264	5
2265	3
2266	5
2267	2
2268	7
2269	3
18654	1
2270	3
2271	5
2272	2
2273	4
2274	4
2275	3
2276	7
2277	5
2278	7
2279	9
18663	1
2280	3
2281	4
2282	6
2283	3
2284	6
18668	1
2285	5
2286	3
2287	5
2288	3
2289	3
2290	8
18674	1
2291	7
2292	4
2293	5
18677	1
2294	8
2295	4
2296	3
18680	1
2297	6
2298	3
2299	3
2300	6
2301	2
2302	3
2303	6
18687	1
2304	3
2305	9
2306	5
2307	4
2308	7
2309	2
2310	5
2311	2
2312	5
2313	4
2314	4
2315	6
2316	6
2317	9
2318	3
2319	5
2320	3
2321	4
2322	4
2323	6
2324	4
2325	5
2326	2
2327	6
2328	6
2329	4
2330	7
2331	4
2332	6
2333	4
2334	12
2335	6
2336	4
2337	1
2338	10
2339	9
2340	6
2341	2
2342	6
2343	9
18727	1
2344	5
2345	3
2346	4
2347	5
2348	5
2349	5
2350	5
2351	2
2352	3
2353	5
2354	4
2355	3
2356	8
2357	6
2358	6
2359	5
2360	4
2361	9
2362	5
2363	5
2364	5
2365	2
2366	2
2367	5
2368	7
2369	10
18753	1
2370	8
2371	4
2372	7
2373	4
18757	1
2374	9
2375	5
2376	4
2377	9
2378	2
2379	10
2380	5
2381	4
2382	2
2383	5
2384	8
2385	5
2386	4
2387	5
2388	3
2389	7
2390	8
2391	3
2392	4
2393	6
18778	1
2394	1
2395	5
2396	9
2397	8
2398	2
2399	5
2400	4
2401	9
2402	7
2403	6
2404	6
2405	3
2406	4
2407	7
2408	7
2409	2
18793	1
2410	5
2411	6
2412	4
2413	6
2414	4
2415	5
2416	5
2417	6
2418	6
2419	9
2420	4
18804	1
2421	3
2422	6
2423	6
2424	3
2425	3
2426	8
2427	4
2428	4
2429	9
2430	3
2431	3
2432	5
2433	2
18817	1
2434	4
2435	3
2436	3
2437	4
2438	9
2439	2
2440	1
2441	7
2442	5
2443	6
2444	4
2445	4
2446	6
2447	5
2448	3
2449	5
2450	8
2451	4
2452	6
2453	2
2454	3
2455	5
2456	4
2457	3
2458	7
18842	1
2459	3
2460	6
2461	7
2462	1
2463	4
2464	4
2465	8
2466	2
2467	3
2468	4
2469	4
2470	5
2471	6
2472	5
2473	7
2474	7
2475	4
2476	2
2477	6
2478	6
2479	7
2480	4
2481	7
2482	1
2483	3
2484	4
2485	6
2486	6
2487	6
2488	6
2489	2
2490	3
2491	4
2492	8
2493	5
18877	1
2494	2
2495	3
2496	7
2497	7
2498	5
2499	3
2500	8
2501	3
2502	4
2503	3
2504	1
2505	7
2506	4
2507	6
2508	8
2509	7
2510	3
2511	3
2512	4
2513	8
2514	5
2515	4
2516	6
2517	7
2518	4
18902	1
2519	2
2520	3
2521	8
2522	5
2523	3
2524	3
2525	4
2526	4
2527	10
2528	9
2529	2
2530	6
2531	6
2532	6
2533	8
2534	9
2535	6
2536	5
2537	10
2538	4
2539	5
2540	5
2541	6
2542	5
2543	4
2544	11
2545	6
2546	7
2547	3
2548	4
2549	2
2550	8
2551	3
2552	6
2553	6
2554	8
2555	3
2556	4
2557	8
2558	1
2559	7
2560	7
18944	1
2561	3
2562	3
2563	13
2564	6
2565	5
2566	3
2567	8
2568	8
2569	6
2570	3
2572	3
2573	2
2574	5
2575	4
2576	4
2577	5
2578	4
2579	7
2580	5
2581	3
2582	3
2583	9
2584	7
2585	4
2586	8
2587	9
2588	4
2589	6
2590	11
2591	1
2592	4
2593	5
2594	3
2595	5
2596	1
2597	10
2598	7
2599	5
2600	8
2601	3
2602	8
2603	4
2604	6
2605	1
2606	6
2607	3
2608	4
18993	1
2609	2
2610	4
2611	4
2612	7
2613	4
2614	9
2615	6
2616	4
2617	5
2618	6
2619	7
2620	3
2621	7
2622	7
2623	4
19007	1
2624	6
2625	6
2626	9
2627	3
2628	7
2629	3
2630	8
2631	2
2632	6
2633	3
19017	1
2634	3
2635	4
2636	5
2637	7
2638	3
2639	4
2640	8
19024	1
2641	4
2642	6
19027	1
2643	4
2644	4
2645	4
2646	5
2647	3
2648	6
2649	2
2650	6
2651	5
2652	6
2653	8
2654	5
2655	3
19039	1
2656	4
2657	6
2658	3
19042	1
2659	4
2660	1
2661	4
2662	7
2663	1
2664	4
2665	8
2666	2
2667	8
2668	4
2669	6
2670	4
2671	6
2672	3
2673	3
2674	2
2675	7
2676	2
2677	4
2678	6
2679	3
2680	8
2681	5
2682	4
2683	3
2684	6
2685	2
2686	1
2687	6
2688	3
2689	5
2690	5
2691	4
2692	3
2693	8
2694	6
2695	7
19079	1
2696	3
2697	6
19082	1
2698	5
2699	7
2700	7
2701	4
2702	4
2703	7
2704	5
2705	5
2706	8
2707	1
2708	4
2709	5
2710	4
19094	1
2711	7
2712	6
2713	7
2714	3
2715	7
2716	4
2717	4
2718	5
2719	7
2720	4
2721	5
2722	4
2723	3
2724	3
2725	2
2726	3
2727	6
2728	2
2729	4
2730	5
2731	9
2732	5
2733	9
2734	4
2735	1
2736	7
2737	10
2738	4
2739	5
2740	4
2741	2
2742	4
2743	3
2744	3
2745	2
2746	4
2747	4
2748	5
2749	6
2750	1
2751	8
2752	6
2753	4
2754	5
2755	2
2756	5
2757	3
2758	2
2759	3
2760	2
2761	5
2762	6
2763	3
2764	3
2765	5
2766	4
2767	9
2768	5
2769	1
2770	3
2771	2
2772	5
2773	3
2774	3
2775	5
2776	6
2777	6
2778	6
2779	5
2780	5
2781	3
2782	7
2783	8
2784	4
2785	2
2787	7
2788	4
2789	1
2790	4
2791	4
2792	5
2793	3
2794	8
2795	8
2796	3
2797	3
2798	6
2799	1
2800	3
2801	2
2802	2
2803	7
2804	1
2805	7
2806	4
2807	2
2808	7
2809	5
19193	1
2810	6
2811	5
2812	4
2813	2
2814	3
2815	2
2816	3
2817	3
2818	2
2819	3
2820	3
2821	5
2822	7
2823	3
2824	4
2825	3
2826	3
2827	5
2828	5
2829	3
2830	1
2831	6
2832	7
2833	5
19217	1
2834	4
2835	3
2836	4
2837	5
2838	6
2839	4
2840	1
2841	2
2842	3
2843	2
2844	5
2845	4
2846	6
2847	8
2848	5
2849	4
2850	5
2851	7
2852	2
2853	3
2854	3
2855	9
2856	4
2857	6
2858	3
2859	5
2860	5
2861	3
2862	2
2863	5
2864	9
2865	3
2866	3
2867	2
2868	8
2869	4
2871	4
2872	3
2873	3
2874	3
2875	12
2876	7
2877	1
2878	6
2879	2
2880	5
2881	4
2882	4
2883	5
2884	5
2885	3
2886	7
2887	4
2888	6
2889	2
2890	6
2891	6
2892	2
2893	4
2894	2
2895	2
2896	4
2897	7
2898	3
2899	2
2900	7
2901	3
2902	3
2904	2
2905	5
2906	2
2907	3
2908	5
2909	2
2910	5
2911	11
2912	4
2913	6
2914	6
2915	5
2916	2
2917	4
2918	7
19302	1
2919	2
2920	2
2921	5
2922	1
2923	2
2924	5
2925	4
2926	5
2927	3
2928	4
2929	4
2930	4
2931	4
2932	7
2933	1
2934	4
2935	4
2936	4
2937	1
2938	4
2939	6
2940	5
2941	3
2942	5
2943	3
2944	3
2945	3
2946	9
2947	1
2948	3
2949	3
2950	6
2952	6
2953	1
19338	1
2954	2
2955	4
2956	4
2957	8
2958	12
2959	3
2960	2
2961	2
2962	2
2963	5
2965	3
2966	3
2967	5
2968	7
2969	8
19353	1
2970	2
2971	4
2972	4
2973	3
2974	1
19359	1
2975	3
2976	3
2977	5
2978	6
2979	3
2980	5
2981	3
2982	8
2983	3
2984	4
2985	4
2986	2
2987	7
2988	2
2989	1
2990	2
2991	1
2992	2
2993	2
2994	3
2995	3
2996	5
2997	8
2998	2
2999	2
3000	2
3001	8
3002	2
3003	4
3004	2
3005	6
3006	3
3007	6
3009	4
3010	4
3011	2
3012	2
3013	3
3014	4
3015	5
3016	2
3017	2
3018	3
3019	5
3020	7
3022	2
3023	1
3024	1
3025	4
3026	5
3027	3
3028	3
3029	2
3030	2
19414	1
3031	5
3032	3
3033	2
3034	4
3035	8
3036	2
3037	8
3038	2
3039	5
3040	3
3041	6
3042	4
19426	1
3043	2
3044	4
3045	5
3046	1
3047	4
3048	3
3049	1
3050	5
3051	5
3052	3
3053	6
3054	10
3055	1
3056	2
3057	7
3058	3
3060	3
3061	3
3062	2
3063	4
3064	6
3065	5
3066	2
3067	5
3068	2
3069	3
3070	5
3071	6
3072	3
3073	1
3074	2
3075	5
3076	5
3077	3
3078	3
3079	2
3080	5
3081	6
3082	2
3083	1
3084	4
3085	2
3086	4
3087	4
3088	7
3089	3
3090	1
3091	5
3093	3
3094	2
3095	2
3096	6
3097	4
3098	2
3099	10
3100	3
3101	1
3102	4
3103	5
3104	5
3105	3
3106	5
3107	4
3108	1
3109	4
3110	4
3111	3
3112	1
3113	4
3114	6
3115	4
3116	4
3117	3
3118	5
3119	1
3120	4
3121	3
3122	3
3123	6
3124	1
3125	3
3126	2
3127	3
3128	2
3129	2
3130	3
3131	3
3132	5
3133	2
3134	4
3135	2
3136	5
3137	8
3138	2
3139	3
3140	3
19524	1
3141	3
3142	4
3143	3
3144	3
3145	2
3146	2
3148	7
3149	4
3150	4
3151	5
3152	4
3153	4
3154	9
3155	1
3156	5
3157	3
3158	4
3159	2
19544	1
3160	1
3161	3
3162	4
3163	5
3164	5
3165	2
3166	6
3167	2
3168	1
3169	1
3170	2
3171	4
3172	6
3173	3
3174	3
3175	5
3176	1
3177	4
3178	6
3179	3
3180	1
3182	3
3183	1
3184	6
3185	5
3186	2
3187	5
3188	4
3189	2
3190	3
3191	4
3192	2
3193	4
3194	4
3195	2
3196	7
3197	4
3198	4
3199	4
3200	2
3201	2
3202	5
3203	3
3204	4
3205	2
3206	3
3207	3
3208	3
3209	5
3210	2
3211	1
3212	8
3213	2
3214	3
3215	6
3216	3
3217	2
3219	3
3220	2
3221	7
3222	1
3223	1
3224	3
3225	3
3226	2
3227	4
3228	3
3229	6
3230	6
3231	3
3232	4
3233	9
19617	1
3234	4
19618	1
3235	4
3237	4
3238	4
3239	2
3240	3
3241	5
3242	2
19626	1
3243	6
3244	5
3245	4
3246	4
3247	2
3248	2
3249	6
3250	6
3252	3
3253	2
19637	1
3254	3
3255	6
3256	4
3257	4
3258	3
3259	4
3260	2
3261	2
3262	3
3263	2
3264	1
3265	1
3266	4
3267	3
3268	3
3269	5
3270	3
3271	1
3273	1
3274	4
3275	2
3276	3
3277	4
3278	5
3279	3
3280	4
3281	5
3282	5
3283	3
19668	1
3284	1
3285	3
3286	3
3287	5
3288	4
3289	3
3290	4
3291	8
3292	2
3293	4
3294	2
3295	1
3296	4
3297	3
3298	3
3299	4
3301	3
3302	4
3303	6
3304	4
3305	2
3306	4
3307	5
3308	6
3309	2
3310	5
3311	3
3312	3
3313	3
19698	1
3314	4
3315	4
3316	1
3317	1
3318	4
3319	3
3320	4
3321	2
3322	2
3323	3
3324	6
19708	1
3325	4
3326	2
3327	4
3329	2
3330	4
3331	5
3332	3
3333	4
3334	5
3335	3
3336	4
3337	2
3338	1
3339	3
3340	3
3341	4
3342	4
3343	3
3344	3
3345	2
3346	6
3347	2
3348	3
3349	5
3351	1
3352	1
3353	2
3354	1
3356	1
3357	4
3358	6
3359	5
19743	1
3360	2
3361	4
3362	3
3363	6
3364	3
3365	1
3366	3
3367	3
3368	2
3369	2
3370	4
3371	2
3372	4
3373	1
3374	3
3375	3
3376	3
3377	3
3379	3
3380	3
3381	5
3382	4
3383	3
3384	2
3385	7
3386	5
3387	1
3388	2
3390	2
3391	4
3392	4
3393	1
3394	6
3395	1
3396	4
3397	1
3399	7
3400	1
3401	2
3402	3
3403	2
3405	1
3406	2
3407	1
3408	2
3409	1
19793	1
3411	4
3412	1
3413	3
3414	6
3415	3
3416	5
3417	1
3419	2
3420	4
3421	4
3422	2
3423	4
3425	5
3426	3
3427	3
3428	6
3429	2
3430	6
3431	4
3432	5
3433	5
3434	3
3435	1
19819	1
3436	2
3437	5
3438	1
3439	1
3440	6
3441	4
3442	4
3443	6
3444	8
3445	2
3446	4
3447	4
3448	3
3449	4
3450	2
3451	6
3452	4
3453	4
3454	4
3456	1
19840	1
3457	2
3458	3
19842	1
3459	4
3460	2
3461	2
3462	1
3463	4
3464	1
3465	4
3466	3
19851	1
3467	2
3468	3
3469	5
3470	2
3471	1
3472	5
3473	5
3474	7
3475	4
3476	2
3477	3
3478	3
3479	5
3480	3
3481	2
3482	3
3483	3
3484	2
3485	4
3486	3
3487	4
3488	5
3489	2
3490	1
3491	3
3492	4
3493	3
3494	1
3495	2
3496	5
3497	2
3498	2
3499	3
3500	10
3501	2
3502	4
3503	7
3504	2
3505	5
19889	1
3506	3
3507	3
3508	2
3509	4
3510	4
3511	2
3512	2
3513	6
3515	4
3516	4
3517	3
3518	3
3519	1
3520	3
3521	2
3522	2
3523	1
3524	2
3525	4
3526	4
3527	5
3528	3
3531	1
3532	4
3533	3
3534	2
3535	2
3536	4
3537	3
3538	3
3539	3
3540	8
3541	3
3542	4
3543	4
3544	2
3545	5
3546	2
3547	4
3548	1
3550	4
3551	4
3552	5
3553	3
3554	3
3555	1
3556	3
3557	3
3558	2
3560	1
3561	2
3562	2
3563	3
3564	3
3565	1
3566	3
3567	4
3568	2
3569	4
3570	3
3571	2
3572	2
3573	3
3574	3
3575	1
3576	1
3577	4
3578	5
3579	4
3580	1
3581	2
3583	4
3585	1
3586	3
3587	2
3588	1
3589	4
3591	3
3592	2
3593	2
3595	2
3596	3
3598	2
3599	6
3600	3
3601	1
3604	4
3605	5
3606	1
3607	5
3608	1
3609	2
3610	5
19995	1
3611	3
3612	3
3614	2
3615	4
3616	3
20000	1
3617	4
20001	1
3618	3
3619	2
3620	1
3621	4
3623	5
3624	4
3625	2
3626	1
3627	1
3628	4
3630	2
20014	1
3631	2
3632	2
3633	3
3634	2
3636	7
3637	3
3638	1
3639	5
3640	2
3641	5
3642	3
3643	3
3644	3
3645	1
3646	3
3647	4
3648	3
3649	3
3651	3
3652	2
3653	2
3654	2
3655	2
3656	2
3657	2
3658	4
3659	1
3660	3
3661	3
3663	3
20048	1
3664	3
3665	4
3666	2
3667	3
3668	4
20052	1
3669	2
3670	3
3671	1
3672	2
3673	1
20057	1
3675	1
3676	1
3677	1
3678	3
3679	2
3680	1
3682	2
3683	5
3684	3
3685	5
3686	3
3687	6
3688	3
3689	1
3690	7
3691	2
3692	6
3694	2
3695	3
3696	2
3697	5
3698	4
3699	2
3700	3
3701	4
3702	2
3703	3
3704	2
3705	5
3706	2
3707	1
3708	1
3709	1
3710	4
3711	3
3712	3
3713	1
3714	3
3715	3
3716	4
3717	6
3718	3
3719	2
20105	1
3722	2
3723	2
3724	4
3725	3
3726	2
3727	3
3728	2
3729	2
3730	1
3731	3
3732	6
3734	3
3735	3
3736	4
3737	2
3738	2
3739	4
3740	3
3741	2
3742	2
3743	2
3744	3
3745	5
3746	7
3748	2
3749	2
3750	5
3751	4
3752	5
3755	3
3756	3
3757	5
3760	2
3761	3
3762	2
3764	5
3765	1
3766	6
3767	4
3768	3
3769	5
3770	2
3771	1
3772	3
3773	4
3774	2
3775	5
3776	1
3777	6
3778	1
3779	3
3780	2
3781	2
3782	1
3783	5
3784	1
3785	4
3786	3
3788	2
3789	5
3790	1
3791	2
3792	2
3794	2
3795	2
3796	3
3797	1
3798	5
3799	1
3800	1
3801	3
3802	2
3803	4
3804	3
3805	2
3806	2
3807	1
3808	5
3809	5
3810	1
3811	1
3812	4
3813	1
3814	5
3815	1
3816	2
3817	3
3818	2
3819	3
3820	6
3821	3
3822	4
3823	2
3824	2
3825	2
3826	4
3827	4
3828	2
3829	2
3830	1
3831	1
3832	3
3833	2
3834	3
3835	4
3836	2
3837	1
3838	5
3839	1
3840	5
3841	3
3842	2
3844	3
3845	2
3846	3
3848	6
20232	1
3849	2
3851	3
3852	1
3853	2
3854	2
3855	2
3856	3
3857	2
3858	2
3859	1
3860	1
3861	3
3862	2
3863	3
3864	2
3865	6
3866	1
3867	2
3868	2
3869	6
3870	3
3871	1
3872	2
3873	2
3874	2
3875	2
3876	3
3877	2
3878	3
3879	5
20263	1
3880	1
3882	1
3883	3
3884	2
3885	2
3886	3
3887	1
3888	2
3889	2
3890	3
3891	1
3892	3
3894	4
3895	5
3896	2
3897	3
20282	1
3898	1
3899	1
3900	3
3901	1
3902	4
3903	1
3904	2
3905	3
3906	4
3907	1
3908	2
3909	3
3911	1
3912	2
3913	2
3914	1
3915	2
3917	1
3918	2
3919	1
3920	2
3921	1
3922	3
3923	2
3924	4
3925	6
3926	4
3927	1
3928	2
3929	2
3930	2
3931	2
3932	2
3933	1
3934	2
3935	1
3936	3
3937	4
3938	2
3940	3
3941	2
3942	1
3943	1
3944	2
3945	3
3946	3
3947	1
3948	2
3949	3
3950	1
3951	5
20336	1
3952	1
3953	2
3954	3
3955	2
3956	6
3957	2
3958	1
3959	3
3960	4
3961	2
3962	1
3963	6
3964	2
3965	3
3966	2
3967	1
3968	2
3969	3
3970	1
3971	2
3972	1
3973	4
3974	2
3975	3
3976	3
3977	2
3978	4
3979	5
3980	3
3981	5
3983	4
3985	2
3986	4
3987	3
3988	3
3990	2
3991	2
3992	3
3993	2
3995	1
3996	1
3997	1
3998	4
3999	1
4000	3
4001	2
4002	4
4003	3
4004	2
4007	1
4008	1
4009	4
4010	1
4011	3
4012	4
4013	4
4014	4
4015	1
4016	2
4017	4
4018	1
4019	3
4020	1
4021	2
4022	3
4025	3
4027	2
4028	2
4029	3
4030	2
4031	4
4032	3
4033	1
4034	2
4035	1
4036	3
4037	2
4038	2
4039	3
4040	3
4041	2
4042	4
4043	2
4044	1
4045	1
4046	4
4047	1
4048	3
4049	1
4050	4
4051	4
4052	2
4053	2
4054	4
4055	5
4056	1
4057	2
4058	4
4059	2
4060	1
4062	4
4063	3
4064	1
4065	1
4066	2
4067	2
4068	1
4069	2
4070	1
4071	3
4072	1
4073	2
4074	2
4075	2
4076	1
4077	2
4079	4
4080	2
4081	2
4082	1
4083	3
4084	4
4085	2
4086	4
4087	2
20471	1
4088	2
4090	3
4091	2
4092	2
4093	5
4094	1
4095	2
4096	2
4097	4
4098	2
4099	2
4100	1
4101	2
4102	1
20487	1
4104	2
4105	3
4106	4
4107	2
4108	2
4109	4
4110	2
4111	1
4112	2
4113	3
4114	3
4116	4
4117	2
4118	3
4120	1
4121	4
4122	4
4123	1
4124	1
4125	2
4126	2
4127	3
4128	3
4129	1
4130	4
4131	4
4133	2
4135	2
4137	2
4138	1
4139	1
4140	2
4141	2
4142	3
4143	1
4145	2
4146	2
4147	3
4149	2
4150	1
4151	2
4152	3
4153	1
4154	4
4155	1
4156	2
4157	1
4158	4
4159	1
4160	1
4161	4
4162	1
4164	1
4165	1
4167	2
4168	2
4169	2
4170	1
4171	1
4172	1
4173	1
4174	4
4176	1
4177	1
4178	5
4179	1
4180	2
4181	1
4182	3
4185	2
4186	1
4189	2
4190	1
4192	1
4193	2
4195	2
4196	1
4197	3
4198	1
4199	1
4200	3
4201	5
4202	2
4203	3
4204	1
4205	2
4206	2
4207	3
4208	1
4209	8
4210	5
4211	3
4212	1
4215	4
4216	4
4217	3
4218	2
4219	1
4220	3
4221	1
4222	1
4224	1
4225	3
4226	1
4227	2
4231	3
4232	1
4233	1
4234	3
4236	2
4237	1
4238	2
4239	2
4240	1
4241	1
4242	1
4243	1
4244	2
4245	4
4246	3
4247	1
4248	1
4249	2
4250	1
4251	1
4252	1
4253	2
20637	1
4255	4
4256	2
4258	1
4260	2
4261	2
4263	3
4264	1
4265	1
4266	1
4267	5
4268	2
4269	4
4271	1
4272	1
4273	2
4276	2
4277	2
4278	3
4279	1
4280	1
4281	4
4282	2
4283	2
4285	1
4286	1
4288	4
4289	5
4290	2
4291	1
4293	1
4294	2
4295	3
4296	3
4299	1
4300	2
4301	2
4302	2
4303	2
4304	3
4306	3
4309	1
4310	1
20696	1
4312	1
4313	2
4314	2
4316	1
4317	1
4318	1
4319	3
4320	1
4321	3
4322	1
4323	1
4324	1
4325	4
4326	3
4327	3
4329	4
4330	1
4331	6
4332	3
4334	3
4335	1
4337	2
4338	1
4340	2
4341	2
4342	3
4343	2
20728	1
4344	1
4345	2
4346	2
4347	1
4348	5
4349	1
4350	2
4352	2
4353	3
4354	1
4355	2
4356	1
4357	1
4360	2
4361	1
4363	3
4364	1
4367	1
4369	2
4370	1
4371	2
4372	5
4373	1
4374	2
4375	1
4376	1
4377	2
4378	2
4379	1
4380	3
4381	1
4382	1
4383	1
4384	2
4385	1
4388	2
4389	3
4390	1
4393	3
4394	2
4395	1
4396	4
4397	5
4398	1
4399	5
4400	3
4401	2
4402	1
4404	2
4406	2
4407	4
4408	2
4409	3
4410	6
4411	3
4412	2
4413	2
4415	2
4416	2
4417	1
4418	2
4419	3
4420	8
4421	1
4423	2
4424	1
4426	2
4427	3
4428	3
4430	1
4431	1
4432	1
4433	6
4434	4
4435	1
4436	1
4437	1
4438	1
4439	1
4440	1
4441	1
4442	3
4443	3
20827	1
4444	1
20829	1
4445	3
4446	3
4447	3
4448	3
4449	3
4450	1
4452	3
4453	2
4454	3
4455	1
4457	1
4459	3
4460	1
4461	2
4462	1
4464	2
4465	2
4467	1
4469	2
4470	1
4471	3
4472	3
4473	3
4474	1
4476	1
4479	2
4480	3
4481	1
4482	3
4483	1
4484	4
4485	1
4486	1
4487	3
4488	3
4490	1
4492	2
4493	1
4494	1
4495	2
4496	4
4498	4
4499	2
4500	2
4502	3
4503	3
4504	2
4506	4
4507	1
4509	1
4510	2
4511	1
4514	2
4516	1
4517	2
4518	2
4519	2
4520	4
4521	1
4523	2
4527	2
4528	1
4530	3
4532	1
4533	3
4534	2
4535	3
4537	1
4540	2
4542	2
4543	1
4545	2
4546	3
4547	1
4548	2
4549	1
4550	1
4551	5
4552	3
4554	3
4556	3
4558	1
4559	1
4560	2
4561	1
4562	2
4563	2
4564	1
4565	1
4566	4
4567	3
4568	2
4569	2
4570	1
4571	2
4572	2
4574	3
4575	4
4576	4
4577	2
4578	2
4579	2
4580	2
4583	1
4585	1
4587	5
4589	1
20973	1
4590	2
4591	2
4592	3
4593	2
4594	3
4595	2
4596	1
4597	1
4598	1
4600	3
4601	1
4604	1
4605	1
4606	3
4607	2
4608	2
4609	2
20993	1
4610	3
4611	2
4612	1
4613	3
4615	3
4617	1
4618	1
4619	3
4621	3
4624	4
4625	2
4626	1
4627	2
4628	4
4629	6
4630	6
4631	6
4632	5
4633	6
4634	4
4635	2
4636	2
4637	5
4638	2
4639	3
4640	2
4641	2
4642	1
4643	5
4645	1
4646	1
4647	6
4648	2
4649	2
4651	2
4652	3
4653	2
4654	1
4655	1
4656	3
4657	3
4658	2
4659	2
4660	4
4661	1
4662	1
4663	3
4664	1
4665	4
4666	1
4667	1
4668	3
4671	2
4672	2
4673	4
4674	3
4675	2
4677	1
4678	3
4679	1
4680	4
4683	2
4684	2
4686	3
4687	1
4688	4
4689	1
4690	2
4691	3
4692	3
4693	1
4695	4
4697	1
4698	2
4699	2
4700	2
4701	2
4702	1
4703	1
4704	2
4705	1
4708	2
4709	2
4710	1
4711	1
4712	3
4713	1
4715	2
4717	3
4718	1
4720	3
4721	2
4722	3
4723	1
4725	4
4727	2
4728	1
4729	1
4730	1
4731	3
4732	2
4733	1
4734	2
4735	1
4738	1
4739	3
4740	3
4741	1
4742	1
4743	1
4744	2
4745	2
4748	2
4749	1
4751	1
4754	1
4755	1
4756	2
4757	1
4758	2
4760	3
4763	2
4766	2
4768	2
4770	4
4771	2
4772	2
4774	1
4775	1
4776	1
4777	3
4779	4
21163	1
4781	1
21165	1
4782	1
4783	2
4786	2
4787	3
4788	1
4789	1
4790	1
4791	3
4792	1
4793	1
4795	1
4796	2
4797	1
4798	2
4799	3
4801	1
4802	1
4806	2
4809	1
4810	3
4811	1
4812	2
4814	1
4815	1
4816	1
4817	3
21201	1
4818	3
4819	1
4822	2
4823	3
4824	1
4826	4
4828	3
4829	1
4830	3
4831	2
4832	2
4833	2
4834	1
4835	1
4836	1
4837	1
4839	3
4840	1
4841	2
4843	1
4844	1
4846	3
4847	2
4849	2
4850	3
4851	3
4852	1
4854	1
4856	2
4857	4
4859	1
4860	2
4861	3
4862	5
4863	2
4864	2
4866	1
4867	1
4868	1
4869	2
4870	1
4871	3
4872	1
4874	2
4875	1
4876	1
4877	2
4879	2
4880	2
4882	1
4883	1
4884	1
4885	1
4888	3
4889	1
4890	1
4891	1
4892	2
4894	1
4896	1
4899	1
4901	2
21285	1
4902	1
4904	2
4905	1
4906	1
4907	1
4913	1
4914	2
4915	1
4917	1
4918	1
4919	4
4921	1
4922	2
4924	1
4925	2
4928	2
4932	1
4933	1
4934	2
4936	1
4938	1
4939	1
4940	2
4941	4
4942	2
4943	2
4944	2
4945	2
4947	1
4949	3
4950	1
4951	1
4952	1
4953	1
4955	1
4956	1
4957	2
4958	1
4960	2
4961	1
4962	1
21346	1
21347	1
4964	1
4965	1
4968	1
4969	2
4972	2
4973	1
4974	2
4975	2
4976	2
4978	1
4979	2
4981	1
4983	4
4984	1
4985	3
4986	2
4987	1
4989	4
4990	1
4992	1
4993	2
4994	2
4995	1
4996	1
21380	1
4997	2
4998	3
4999	1
5000	1
5001	1
5003	1
5004	1
5007	2
5010	1
5011	5
5012	1
5013	1
5014	1
5017	1
5020	1
5021	2
5023	2
5024	1
5025	1
5027	1
5028	3
5029	1
5030	2
5031	1
5032	1
5033	3
5035	2
5037	2
5038	1
5039	1
5040	1
5041	1
5043	1
5045	4
5046	1
5047	1
5050	1
5051	1
5053	1
5055	4
5056	2
5057	1
5058	1
5059	2
5060	2
5062	1
5063	4
5066	1
5069	1
5070	3
5072	2
5074	1
5075	1
5076	3
5077	1
5078	1
5079	1
5080	3
5081	2
5082	3
5083	2
5084	1
5085	4
5088	1
5089	1
5090	1
5092	1
5093	3
5095	1
5096	1
21481	1
5097	1
5098	1
5099	1
5100	3
5101	1
5102	2
5103	1
5109	3
5111	3
5114	2
5116	4
5118	1
5120	1
5121	2
5123	1
5125	1
5127	2
5128	2
5131	1
5132	2
5133	2
5137	1
5139	1
5142	1
5144	1
5145	2
5146	3
5147	2
5149	1
5150	1
5151	7
5152	2
5153	1
5154	2
5155	1
5156	1
5159	1
5161	3
5163	3
5165	2
5166	1
5168	1
5174	2
5175	2
5176	3
5178	3
5179	1
5180	2
5181	3
5183	2
5184	1
5185	2
5186	1
5187	1
5188	3
5189	1
5190	1
5192	2
5193	2
5194	5
5195	2
5197	2
5200	1
5203	1
5206	1
5207	2
5209	2
5210	1
5211	2
5212	3
5215	1
5216	3
5217	2
5218	1
5219	1
5222	1
5223	1
5224	2
5225	1
5228	4
21614	1
5231	2
5232	1
5236	1
5237	1
5240	1
5241	1
5246	1
5251	1
5252	2
21637	1
5255	2
5258	2
5259	2
5260	1
5261	3
5262	2
5263	2
5264	1
5265	1
5267	1
5268	1
5269	3
5270	1
5272	1
5274	1
5275	1
5276	3
5277	2
21661	1
5279	5
5280	1
5281	1
5282	3
5283	2
5285	1
5286	1
5292	1
5295	1
5297	1
5298	2
5300	1
5302	1
5304	3
5307	2
5308	1
5309	2
5312	1
5315	1
5316	1
5323	1
5324	1
5326	1
5327	1
5328	1
5330	1
5331	2
5332	1
5333	3
5334	2
5335	1
5336	1
5337	1
5338	1
5339	1
5341	1
5342	1
5343	3
5344	1
5346	2
5347	3
5348	1
5350	1
5351	1
5353	1
5354	1
5355	1
5356	2
5358	3
5361	1
5362	1
5364	1
5365	1
5367	2
5368	1
5371	1
5372	1
21757	1
5374	1
5375	2
5376	1
5378	3
21762	1
5380	1
5382	2
5384	1
5385	1
5387	3
5388	3
5389	1
5390	1
5391	1
5394	2
5395	2
5396	3
5397	3
5401	4
5406	1
5407	1
5409	2
5411	1
5412	2
5415	1
5417	1
5418	3
5419	2
5423	1
5424	1
5425	1
5427	2
5428	1
5430	2
5432	2
5435	2
5436	1
5437	3
5438	3
5441	1
5442	1
21828	1
5444	1
5447	1
5448	1
21835	1
5452	2
5453	1
5454	2
5455	1
5456	1
5458	1
5460	1
5461	1
5462	3
5463	1
5464	1
5465	2
21849	1
5466	1
5467	1
5469	2
5471	1
5480	2
5484	1
5486	1
5488	2
5489	2
5490	1
5491	1
5492	1
5493	1
5494	1
5498	1
5500	1
5501	2
5503	4
5505	2
5506	3
5508	2
5512	1
21896	1
5513	2
5514	1
5515	1
5516	3
5517	1
5518	4
5519	1
5520	1
5523	2
5524	1
5525	3
5528	1
5529	2
5532	1
5533	1
5534	1
5535	1
5536	1
5538	2
5539	1
5541	1
5543	1
5546	2
5548	2
5549	1
5550	1
21934	1
5552	2
5557	2
5558	2
5562	3
5563	1
5564	1
5565	1
5567	3
5573	2
5581	2
5582	2
5584	1
5589	2
5590	2
5593	2
5594	1
5598	1
5601	2
5603	1
5604	1
5606	1
5610	2
5614	2
5616	1
5620	3
5622	1
5625	1
5627	1
5630	1
5633	1
5634	1
5635	1
5636	1
5637	1
5638	1
5641	1
5642	3
5644	1
5646	1
5647	2
5649	1
5650	2
5651	1
5654	1
5656	1
5659	1
5660	1
5661	1
5663	4
5665	1
5667	2
5668	1
5670	2
5676	2
5677	1
5682	1
5683	1
5684	1
5685	2
5689	2
5690	2
5692	1
5695	2
5697	1
5699	1
5701	2
5702	1
5707	1
5710	1
5713	4
5714	1
5715	3
5719	1
5720	1
5722	1
5726	1
5727	2
22112	1
5730	1
5731	1
5732	1
5735	1
5737	1
5739	1
5741	1
5742	1
5744	1
5745	1
5746	1
5750	1
5752	1
5754	2
5756	1
5757	1
5758	2
5760	2
5761	1
5763	1
5765	1
5767	2
5769	1
5770	1
5771	1
5772	1
5774	1
5776	1
5777	2
5778	1
5781	1
5784	1
5787	1
5788	2
5789	1
5793	1
5796	1
5799	1
5800	1
5802	1
5803	1
5804	1
5806	1
5808	2
5810	2
5811	1
5812	1
5813	2
5814	2
5815	2
5816	2
5817	1
5819	3
5820	1
5821	1
5822	2
5825	1
5826	2
5827	1
5829	1
5832	1
5833	1
5834	3
5835	1
5837	1
5838	1
5839	1
5841	1
22226	1
5843	2
5844	1
5845	1
5846	2
5848	1
5852	1
5854	2
5855	1
5857	1
5858	1
5860	1
5861	2
5863	2
5864	1
5866	2
5869	1
5870	2
5871	2
5873	1
5874	3
5879	2
22264	1
5882	1
5884	1
22270	1
5886	1
5890	1
5893	1
5894	1
5897	2
5898	2
22284	1
5900	1
5901	2
5904	1
5905	1
5906	1
5908	1
5909	1
5910	1
5912	1
5915	3
5916	1
5918	1
5920	3
5921	2
5922	1
5923	1
5924	2
5925	2
5926	3
5927	1
5929	2
5930	1
5935	1
5936	3
5940	1
5942	2
5943	2
5944	1
5945	1
5947	2
5948	2
5950	1
5957	1
5960	2
5964	1
5965	1
5967	3
5970	1
5974	2
5975	2
5978	1
5979	1
5981	1
5984	1
5986	1
5987	1
5988	1
5989	2
5994	1
22381	1
5997	1
5998	4
6002	1
6003	3
6005	1
6010	1
6015	1
6017	1
6021	3
6022	3
6024	1
6026	1
6027	2
6029	1
6033	1
6035	1
6037	2
6040	1
6041	2
6043	1
6045	1
6047	1
6050	2
6054	1
6055	3
6056	2
6058	1
6063	1
6065	1
6068	1
6070	1
6073	1
6075	1
6076	1
6077	1
6078	2
6079	1
6081	1
6082	2
6083	1
6085	1
6086	1
6087	2
6089	2
6091	1
6093	2
6095	1
6097	1
6098	1
6099	1
6100	1
6101	1
6104	1
6105	2
6106	1
6108	3
6110	1
6112	1
6115	1
6116	2
6119	1
6122	1
6124	1
6125	1
22509	1
6128	2
6130	1
6132	2
6134	2
6136	1
6137	2
6142	2
6143	1
6147	1
6149	1
6153	2
6157	1
6163	2
6164	1
6166	1
6167	2
6168	1
6170	1
6171	1
6172	1
6175	3
6179	1
6181	1
6182	3
6183	2
6185	1
6187	2
6188	1
6189	1
6191	1
6193	1
6194	1
6195	1
6196	1
6198	2
6199	1
6200	1
6203	1
6206	1
6207	1
6209	1
6210	1
6216	1
6217	1
6218	1
6222	1
6224	2
6226	2
6227	1
6228	2
6229	1
22614	1
6232	1
6234	1
6240	1
6241	1
6243	2
6244	1
6245	1
6247	1
6250	1
22634	1
6251	1
6257	1
6260	2
6262	1
22648	1
6264	1
6266	1
6268	2
6272	1
6273	2
6274	2
6276	1
6280	2
6281	1
6282	1
6283	1
6285	1
6286	1
6287	1
6289	1
6291	1
6292	1
6293	1
6296	2
6297	1
6298	2
6300	1
6302	1
6305	1
6306	1
6307	1
6314	1
6315	2
6317	1
6318	1
6323	3
6324	1
6327	1
6328	1
6330	1
6333	2
6334	2
6335	1
6336	1
6337	2
6338	1
6342	3
6343	1
6345	1
6346	1
6348	1
6350	1
6356	1
6358	1
6360	1
6361	1
6365	1
6367	1
6374	2
6376	1
6380	1
6382	2
6383	1
6385	1
6386	1
6387	1
6389	2
6395	1
6396	2
6398	1
6399	1
6404	3
6406	1
6407	3
6409	1
6412	1
6413	1
6415	1
6417	1
6418	2
6419	1
6420	1
6421	1
6422	1
6424	1
6425	2
6426	1
6427	1
6429	1
6433	1
6435	1
6436	2
6439	1
6440	1
6443	2
6444	1
6445	2
6448	1
6450	2
6451	2
6453	2
6455	2
6458	1
6462	1
6464	1
6465	2
6468	1
6470	1
6471	1
6474	1
6479	1
6482	1
6484	1
6486	1
6488	1
6490	1
6491	1
6494	4
6497	1
6502	2
6503	1
6504	4
6506	1
6507	1
6508	1
6510	1
6513	1
6516	3
6519	2
6520	1
6521	1
6523	1
6525	1
6528	1
6533	1
6536	1
6537	2
6538	1
6543	1
6544	1
6547	1
6549	2
6550	1
6552	1
6553	1
6554	1
6555	1
6558	2
6561	1
6566	1
6567	2
6572	1
6573	1
6574	1
6575	1
6576	1
6578	1
6579	1
6580	1
6583	1
6589	1
6591	3
22977	1
6597	1
6598	1
6600	2
6603	3
6609	1
6612	1
6614	1
6616	2
6618	1
6619	1
6622	1
6623	1
6628	1
6631	1
6632	1
6633	1
6635	1
6637	1
6638	1
6639	2
6640	1
6642	1
6643	1
6645	2
6646	1
6649	1
6650	1
6651	1
6653	1
6655	1
6658	1
6659	1
6660	1
6662	1
6663	2
6665	1
6667	1
6668	1
6670	2
6675	1
6676	1
6677	1
6683	1
6687	1
6688	1
6689	1
6691	1
6695	1
6698	2
6700	1
6701	1
6703	1
6704	1
6708	1
23094	1
6710	2
6711	1
6714	1
6715	1
6717	1
6718	1
6719	1
6720	1
6724	1
6727	1
6731	1
6735	2
6736	2
6749	1
6750	1
6755	1
6757	2
6761	1
6766	1
6767	1
6770	1
6772	1
6775	1
6779	1
6781	1
6788	1
6789	2
6790	1
6795	1
6797	1
23184	1
6801	1
6802	2
6810	1
6814	1
6817	2
6819	1
6820	2
6823	1
6824	1
6827	1
6829	1
6831	1
6834	1
6835	2
6838	2
6840	2
6842	2
6843	2
6846	1
6847	1
6849	1
6850	1
6853	1
6855	2
6857	1
6858	1
6859	1
6860	1
6861	1
23246	1
6862	1
6863	1
6864	1
6872	1
6875	1
6878	1
6882	1
6885	1
6888	2
6895	2
6898	1
6899	1
6900	1
6903	1
6906	1
6909	1
6910	1
23295	1
23301	1
6918	1
6919	1
6920	2
6927	1
6929	1
6932	1
6934	1
23323	1
6942	1
6944	1
6949	1
6952	1
6961	1
6963	1
6964	1
6967	1
6970	1
6972	1
6975	1
6981	1
6984	2
6988	1
6993	1
6994	1
6995	1
23383	1
7000	1
7003	1
7004	1
7005	2
7007	1
7010	1
7012	2
7014	1
7017	1
7020	1
7024	3
7029	1
7034	1
7035	1
7037	1
7042	1
7045	1
7050	1
7051	1
7055	1
7056	1
7057	1
7058	1
7059	1
7062	1
7066	2
7068	1
7069	1
7070	2
7072	1
7073	1
7075	1
7078	1
7079	2
7080	1
7085	1
7088	1
7091	1
7092	2
7103	1
7104	1
7105	1
7110	1
7115	1
7117	1
7118	2
7120	1
7123	2
7129	2
7130	1
7134	1
7136	1
7140	2
7142	1
7144	2
7145	1
7149	1
7151	2
7154	1
7156	1
7159	1
7161	1
7162	1
7163	1
7164	1
7165	1
7166	1
7170	1
7174	2
7176	2
7179	1
7181	1
7182	1
7184	3
7186	1
7189	1
7190	2
7192	1
7193	1
7198	1
7199	1
7201	1
7202	1
7204	1
7206	2
7210	1
7212	1
7213	1
7217	1
7219	1
7229	1
7233	1
7234	1
7236	1
7239	1
7242	1
7244	1
7245	2
7246	1
7247	1
7250	1
23636	1
7254	1
7257	2
7259	1
7261	1
7266	1
7273	1
7274	1
7281	1
7283	1
7284	1
7285	2
7288	1
7289	1
7290	1
7291	1
7292	2
7293	1
7297	1
7298	1
7301	1
7302	2
7303	1
7305	1
7306	1
7309	1
23697	1
7315	3
7317	1
7324	1
7327	1
7329	1
7330	1
7333	1
7334	1
7335	1
7336	1
7338	1
7339	2
7341	2
23726	1
7342	1
23727	1
23729	1
23730	1
7346	1
23731	1
7348	1
23732	1
23733	1
23734	1
7351	1
23735	1
7352	1
23736	1
7353	2
7355	1
7357	1
7358	1
7359	1
7363	1
7364	1
7365	1
23750	1
7371	1
7377	2
7378	1
7380	1
7382	2
7385	2
7386	1
23770	1
7387	1
7388	1
23772	1
7392	1
23779	1
7396	1
7397	1
23785	1
7404	2
7406	2
23793	1
7409	1
7410	1
7414	1
23798	1
7418	1
7420	3
7422	2
7426	1
7428	1
7429	1
7430	1
7434	1
7435	2
7437	1
23826	1
23831	1
23832	1
7449	2
23833	1
23834	1
7450	1
23835	1
23836	1
23837	1
23838	1
23839	1
23840	1
23841	1
23842	1
23843	1
7460	1
23844	1
23845	1
7461	1
23846	1
23847	1
7469	1
7472	1
7473	1
7483	1
7486	1
7493	2
7502	1
7503	2
7505	1
7507	1
7509	1
23894	1
7514	1
7515	1
7516	2
7518	1
7519	1
23904	1
7522	1
7523	1
7530	1
7531	1
23918	1
23919	1
7536	1
7538	2
7540	1
7546	2
7551	1
7556	1
7562	1
7563	1
7569	1
7571	1
7573	2
23959	2
7577	1
7579	1
7581	1
23967	1
7584	2
7586	2
7587	1
23972	1
7590	1
7591	1
23976	1
7592	1
7593	3
7601	1
7602	2
23988	1
7606	2
7607	1
7610	1
7611	3
7613	1
7614	1
7615	1
7619	1
7631	1
7636	1
7637	1
7646	1
7647	1
7649	2
7650	1
7655	3
7658	1
7660	1
7661	1
7667	1
7673	2
7674	1
7677	1
7678	1
7682	1
7683	2
7688	1
7690	1
7691	1
7695	2
7696	2
7697	1
24082	1
7700	1
7710	1
24096	1
7713	1
7717	2
7718	1
7726	1
7727	2
7732	2
7740	1
7741	1
7744	2
7745	1
7747	2
7748	1
24138	1
7754	1
7757	1
24147	1
7767	1
7768	1
7771	1
24156	1
7780	1
7786	1
7788	1
7793	1
7796	1
7797	1
7798	1
7799	1
7803	1
7804	1
7806	1
7808	1
24196	1
7813	1
7819	1
24205	1
7839	1
7841	1
7845	1
7854	1
7855	1
7856	1
7860	2
7862	1
7866	1
7868	1
7870	2
7874	1
7877	2
7879	1
7888	1
7889	1
7892	1
7899	1
7907	1
7909	2
7913	2
7914	2
7922	1
7924	2
7925	1
7928	1
7930	1
7934	1
7941	2
7945	1
24332	1
7952	2
7962	1
7968	1
7973	1
7977	1
7978	3
7985	3
7986	1
7987	1
7990	1
8000	1
8007	1
8013	1
8014	1
8016	1
8018	1
24404	1
8021	2
8023	1
8035	1
8037	1
8039	1
8042	2
8045	1
8057	1
8059	1
8063	2
8065	2
8066	1
8067	1
8068	1
8078	1
8080	1
8082	2
8084	1
8085	1
8089	1
8090	1
8095	1
8100	1
8102	1
8103	1
8105	1
8107	1
8111	1
8113	1
8116	1
8117	1
8118	1
8127	1
8130	1
8131	1
8132	1
8133	1
8135	2
8136	1
8138	1
8140	1
8143	1
8144	1
8145	1
8157	1
8159	1
8160	2
8164	1
8165	1
8169	1
8173	1
8177	1
8179	1
8180	1
24567	1
24572	1
8189	1
8190	1
8194	1
8197	1
8198	1
8199	1
8202	1
8207	1
8218	1
8220	1
8222	1
8224	1
8226	1
8229	1
8230	1
8231	1
8232	2
8234	1
8235	1
8238	2
8239	1
8240	1
8243	1
8257	1
8260	1
8262	2
8266	1
8269	2
8271	1
8274	2
8279	1
8284	1
8288	1
8293	1
8294	1
8306	1
8307	1
8309	1
8311	1
24697	1
8314	1
8321	1
8327	1
8329	1
24713	1
8330	2
8333	1
8334	1
8335	1
8336	1
8340	1
8343	2
8347	2
8350	1
8355	1
8356	1
8368	1
8372	1
8375	1
8378	1
8391	1
8392	1
8394	1
8404	1
8406	1
8415	2
24803	1
8420	1
8421	2
8422	1
8423	1
8428	2
8429	1
8430	1
8432	1
8435	1
8439	1
8442	1
8444	1
8455	3
24839	1
8456	1
8460	1
8462	1
8463	1
8467	1
8469	1
8471	4
8475	2
8476	1
8477	1
8478	1
8481	1
8485	1
8486	1
8489	1
8493	1
8495	1
8498	2
8502	1
8505	1
8507	1
8509	1
8510	1
8511	1
8517	1
8519	1
8522	2
8524	1
8525	1
8529	1
8540	1
8544	1
8549	2
8551	2
8556	1
8557	1
8559	2
8560	1
8563	1
24948	1
8572	1
8575	1
8580	1
8583	1
8586	1
8587	2
8591	1
8592	1
8597	1
8599	1
8601	1
8604	1
8616	1
8622	1
8626	1
8628	1
8630	2
8632	1
8633	1
8634	1
25018	1
8635	1
8638	1
8642	2
8643	1
8647	1
8650	1
8653	1
8656	2
8660	1
8663	1
8666	1
8672	1
8673	1
8674	1
8676	1
8680	1
8687	1
8693	1
8694	2
8699	1
8703	1
8704	1
8705	1
8711	1
8713	1
8715	1
8724	1
8727	1
8733	2
8734	1
8735	1
8736	1
8737	1
8738	1
8739	1
8741	1
8743	1
8751	3
8756	2
8757	1
8759	1
8760	2
8761	1
8765	1
8767	1
8768	2
8770	1
8776	1
8777	1
8778	1
8779	1
8784	1
8788	1
8803	1
8810	1
8817	1
8824	1
8825	1
8826	1
8827	1
8840	1
8848	1
8850	2
8858	1
8878	1
8879	2
8883	1
8884	2
8890	1
8900	1
8905	1
8906	1
8907	1
8912	1
8914	1
8917	1
8919	1
8920	1
8927	1
8929	1
8931	1
8933	2
8936	1
8937	1
8938	1
8940	1
8945	1
8954	1
8959	1
8961	1
8977	1
8984	1
8985	1
8991	1
8998	3
9001	2
9006	1
9008	1
9009	1
9014	1
9015	1
9025	1
9030	2
9035	1
9036	1
9037	1
9038	2
9042	1
9043	1
9044	1
9047	1
9048	1
9050	1
9051	1
9055	1
9056	2
9071	1
9073	1
9076	1
9082	1
9090	1
9093	3
9094	1
25484	1
9102	2
9105	1
9114	2
9121	1
9127	1
9130	1
9136	2
9147	1
9149	1
9159	1
9164	1
9166	1
9167	1
9171	1
9174	1
9175	1
9176	1
9179	1
9182	1
9186	1
9190	1
9191	1
9204	1
9208	1
9209	2
9217	1
9223	1
9231	1
9232	1
9233	1
9237	1
9241	1
9243	1
9248	2
9249	1
9251	1
9254	1
9259	1
9266	1
9267	1
9272	1
9273	1
9279	1
9281	1
9283	1
9286	1
9288	1
9289	1
9290	1
9291	2
9296	1
9297	1
9301	1
9307	1
9308	1
9318	1
9322	1
9328	1
9330	1
9334	1
9335	1
9337	1
25722	1
9338	1
9340	1
9341	1
25725	1
9342	1
9343	1
9347	1
9357	1
9358	1
9363	1
9368	2
9369	1
9371	1
9374	1
9381	1
9382	1
25768	1
9385	1
9388	1
9389	1
9396	1
9398	1
9407	1
9412	1
9415	1
9424	1
9425	1
9435	1
9445	1
9446	2
9450	1
9451	1
9454	1
9460	1
9461	1
9463	1
9475	1
9481	1
9490	1
9492	2
9495	1
9499	1
9500	1
9503	1
9511	2
9512	2
9521	1
9530	2
9534	1
9535	1
9538	1
9540	1
9544	1
9545	1
9553	1
9558	1
9562	1
9563	1
9568	1
9571	1
9575	2
9577	1
9580	1
9588	1
9597	2
9601	1
9609	1
9613	1
9624	1
9627	1
9629	1
9647	1
9648	1
9649	1
9660	1
9661	1
9665	1
9668	1
9669	1
9674	1
9687	1
9688	1
9689	1
9690	1
9694	1
9696	1
9700	1
9702	1
9706	1
9723	1
9729	1
9730	1
9731	1
9734	1
9746	1
9750	1
9765	1
9767	1
9771	1
9782	1
9790	1
9792	1
9798	1
9803	2
9806	1
9820	1
9821	2
9827	2
9829	1
9831	1
9835	1
9841	2
9845	1
9847	1
9851	1
9852	1
9864	1
9871	1
9879	2
9892	2
9896	1
9899	1
9903	1
9906	1
9909	1
9910	1
9915	1
9917	1
9921	1
9922	1
9935	1
9947	1
9950	1
9963	1
9970	2
9971	1
9973	1
9975	1
9980	1
9985	1
9995	1
10005	1
10011	1
10013	2
10015	1
10027	1
10036	1
10042	1
10048	1
10051	1
10056	2
10063	2
10064	1
10067	1
10088	1
10093	1
10094	1
10095	1
10099	1
10101	1
10113	1
10119	1
10123	1
10125	1
10126	1
10127	1
10130	1
10132	1
10139	1
10144	1
10149	1
10160	1
10165	1
10171	1
10187	1
10190	2
10193	1
10199	1
10200	1
10201	1
10202	1
10207	1
10210	1
10212	1
10222	2
10225	1
10228	1
10233	1
10239	1
10240	1
10241	3
10249	1
10257	1
10261	1
10263	1
10267	1
10278	1
10282	1
10290	1
10304	1
10312	1
10324	1
10325	1
10327	1
10336	1
10343	1
10346	1
10370	1
10375	1
10377	1
10379	1
10383	1
10389	1
10391	1
10394	1
10396	1
10402	1
10405	1
10410	1
10413	1
10423	1
10435	1
10436	1
10445	1
10447	1
10459	3
10489	1
10512	1
10517	1
10518	1
10525	1
10526	1
10528	1
10534	1
10535	1
10538	1
10539	1
10543	1
10547	1
10548	1
10549	1
10565	1
10571	1
10573	1
10581	1
10609	1
10628	1
10629	1
10633	1
10635	1
10639	1
10648	1
10655	1
10658	1
10659	1
10663	1
10680	1
10685	1
10699	1
10700	1
10708	1
10713	1
10719	1
10733	1
10736	1
10768	1
10771	1
10773	2
10778	2
10781	1
10785	2
10792	1
10799	1
10811	1
10821	1
10829	1
10834	1
10835	1
10839	1
10840	1
10847	1
10854	1
10860	1
10861	1
10863	1
10866	1
10874	1
10883	1
10888	1
10892	1
10894	2
10901	1
10911	1
10915	1
10920	1
10921	1
10935	1
10944	1
10947	1
10948	1
10963	1
10964	1
10976	1
10979	1
10983	1
10987	1
10992	1
10993	1
10994	1
11007	1
11008	1
11010	1
11014	1
11019	1
11020	1
11022	2
11029	1
11037	2
11044	1
11045	1
11057	2
11059	1
11065	1
11067	1
11070	1
11073	1
11074	1
11075	1
11080	1
11083	1
11084	1
11094	2
11103	2
11108	2
11110	1
11116	2
11117	1
11120	1
11121	1
11134	1
11141	1
11144	1
11151	1
11152	1
11156	1
11178	1
11179	1
11185	1
11187	1
11193	1
11195	2
11199	2
11200	1
11202	1
11212	1
11214	1
11218	1
11229	1
11236	1
11238	1
11243	1
11244	1
11251	1
11255	1
11260	1
11262	1
11278	1
11280	1
11286	1
11294	1
11306	2
11310	1
11314	1
11319	1
11332	1
11340	1
11343	1
11350	1
11358	1
11364	1
11371	1
11373	1
11385	1
11390	1
11393	1
11400	1
11403	1
11407	1
11412	1
11418	2
11426	1
11429	1
11430	1
11435	1
11444	1
11448	1
11451	1
11459	1
11462	1
11479	1
11491	2
11499	1
11500	1
11517	2
11518	1
11520	1
11531	1
11532	1
11536	1
11545	1
11548	1
11552	1
11560	1
11568	1
11578	1
11587	1
11623	1
11627	1
11634	1
11642	1
11643	1
11644	1
11648	1
11655	1
11656	1
11677	1
11678	1
11685	1
11686	1
11689	1
11703	1
11706	2
11711	2
11719	1
11721	2
11724	1
11727	1
11728	1
11729	1
11739	1
11740	1
11743	1
11758	1
11766	3
11771	1
11772	2
11778	1
11782	1
11788	1
11807	2
11811	1
11812	1
11828	1
11831	1
11832	1
11839	1
11840	1
11842	1
11847	1
11853	1
11854	1
11855	2
11865	1
11867	1
11874	1
11878	1
11883	1
11888	1
11892	1
11899	1
11900	1
11918	1
11921	1
11925	1
11926	1
11928	1
11930	1
11935	1
11944	1
11950	1
11951	1
11953	1
11961	1
11964	1
11973	2
12001	1
12004	1
12010	1
12011	1
12019	1
12029	1
12032	1
12058	1
12073	1
12077	1
12086	1
12092	1
12112	1
12135	1
12143	1
12145	1
12146	1
12163	1
12164	1
12172	1
12175	1
12207	1
12209	1
12212	1
12222	1
12225	1
12234	1
12235	1
12243	2
12271	1
12273	1
12288	1
12293	1
12298	1
12305	1
12306	1
12307	1
12312	1
12314	1
12325	1
12328	1
12332	1
12339	1
12340	1
12343	1
12346	2
12350	1
12354	1
12358	1
12365	1
12368	1
12376	2
12401	1
12413	1
12418	1
12423	1
12429	1
12431	1
12445	1
12452	1
12467	1
12470	1
12477	1
12480	1
12487	1
12490	1
12506	1
12507	1
12516	1
12525	1
12528	1
12533	1
12540	1
12547	1
12550	1
12551	1
12555	1
12556	1
12559	1
12582	1
12583	1
12584	1
12589	1
12590	1
12623	1
12628	1
12637	1
12644	1
12649	1
12659	1
12662	1
12665	1
12668	1
12691	1
12709	1
12719	1
12720	1
12728	1
12764	1
12765	1
12775	1
12781	1
12783	1
12785	1
12788	1
12789	1
12795	1
12796	2
12802	1
12805	1
12818	1
12820	1
12824	1
12830	1
12840	1
12843	1
12846	1
12855	1
12858	1
12860	1
12868	1
12877	1
12879	1
12880	1
12914	1
12918	1
12931	1
12948	1
12951	1
12954	1
12956	1
12960	1
12963	1
12976	1
12985	1
12992	1
13002	2
13004	1
13007	2
13008	1
13011	2
13015	1
13025	1
13027	1
13028	1
13033	1
13036	1
13052	1
13064	1
13068	1
13071	1
13072	1
13076	1
13084	1
13088	1
13089	1
13090	1
13094	1
13095	1
13110	1
13122	1
13135	1
13151	1
13153	1
13155	1
13162	2
13167	2
13169	1
13171	1
13182	2
13191	1
13193	1
13203	1
13206	1
13210	1
13212	1
13214	1
13217	2
13224	1
13226	1
13227	1
13228	1
13234	1
13239	1
13240	1
13252	1
13291	1
13298	1
13300	1
13306	1
13316	1
13337	1
13353	1
13364	1
13367	1
13399	1
13402	1
13407	1
13408	1
13425	1
13426	1
13441	1
13450	1
13466	1
13477	1
13480	1
13481	1
13483	1
13485	1
13486	1
13493	1
13499	1
13500	1
13505	1
13521	1
13532	1
13543	1
13544	1
13546	1
13548	1
13554	1
13559	1
13561	1
13565	1
13576	1
13578	1
13579	1
13584	1
13591	1
13593	1
13596	1
13597	1
13609	1
13611	1
13616	2
13632	1
13633	1
13634	1
13637	1
13638	1
13655	1
13657	1
13666	1
13690	1
13709	1
13713	1
13715	1
13726	2
13727	2
13745	1
13751	1
13758	1
13768	1
13778	1
13791	1
13794	1
13811	1
13820	1
13833	1
13834	1
13853	1
13861	1
13878	1
13881	1
13882	1
13883	1
13905	1
13909	1
13912	1
13918	1
13920	1
13922	1
13941	1
13942	1
13955	1
13956	1
13963	1
13968	4
13973	1
13978	1
13980	1
13981	1
13985	1
14004	1
14005	1
14006	1
14009	1
14023	1
14030	1
14031	1
14036	1
14040	1
14041	1
14044	1
14045	1
14051	1
14071	2
14073	1
14074	1
14079	3
14087	2
14098	1
14103	1
14105	1
14112	1
14119	1
14126	1
14132	1
14134	1
14147	1
14149	1
14156	1
14159	1
14160	2
14163	1
14171	2
14177	2
14181	1
14187	1
14198	1
14203	1
14206	1
14208	1
14210	1
14219	1
14226	1
14227	1
14229	1
14233	1
14240	1
14253	2
14263	1
14264	1
14268	1
14269	1
14271	1
14272	1
14273	1
14284	1
14285	2
14294	2
14299	1
14304	1
14305	1
14306	1
14312	1
14313	1
14314	2
14328	1
14329	2
14331	2
14334	1
14346	2
14355	1
14361	1
14366	1
14369	2
14374	1
14378	1
14384	1
14385	1
14391	1
14398	2
14401	1
14402	1
14403	1
14414	1
14415	1
14420	1
14422	1
14426	1
14427	1
14428	2
14433	1
14434	1
14440	1
14442	1
14448	1
14451	1
14452	1
14460	2
14462	1
14469	1
14470	1
14471	1
14473	1
14474	1
14476	1
14483	1
14485	1
14489	1
14494	2
14507	1
14509	1
14511	1
14512	1
14515	1
14518	1
14535	1
14539	1
14546	1
14550	1
14553	2
14557	1
14558	1
14559	1
14563	1
14568	1
14572	1
14575	1
14582	1
14586	1
14587	1
14597	1
14601	1
14602	1
14605	1
14608	1
14612	1
14614	1
14621	1
14624	1
14630	1
14635	1
14642	1
14644	1
14650	2
14659	1
14663	1
14664	1
14666	1
14668	1
14671	1
14678	2
14680	1
14681	1
14682	1
14691	1
14692	1
14702	1
14703	1
14705	1
14709	2
14719	2
14728	1
14731	1
14734	1
14736	1
14751	1
14763	1
14768	1
14769	1
14771	2
14775	1
14780	1
14789	1
14790	2
14792	1
14794	1
14802	1
14806	2
14822	1
14823	1
14828	1
14829	1
14830	2
14836	1
14839	3
14844	1
14846	1
14847	1
14852	1
14857	2
14858	1
14861	2
14862	1
14863	2
14864	1
14867	1
14869	1
14884	1
14885	1
14887	2
14888	1
14890	1
14894	1
14896	1
14900	1
14919	1
14920	1
14921	1
14923	2
14925	1
14927	1
14929	2
14932	2
14933	1
14940	1
14941	2
14942	3
14943	1
14944	1
14945	1
14947	1
14948	1
14949	1
14952	1
14953	1
14954	1
14957	2
14960	1
14961	1
14962	1
14969	1
14976	1
14977	1
14981	1
14984	1
14993	1
14996	1
14997	1
14999	1
15001	2
15003	1
15005	1
15006	1
15008	1
15010	2
15011	1
15017	1
15019	2
15021	1
15022	1
15023	1
15025	1
15026	1
15029	1
15030	1
15031	1
15036	2
15044	2
15045	2
15046	2
15048	1
15050	1
15052	1
15053	1
15059	1
15066	1
15073	2
15076	2
15079	2
15082	1
15085	1
15088	2
15090	1
15093	1
15094	2
15102	2
15106	1
15110	1
15112	1
15114	1
15115	1
15127	1
15129	1
15130	1
15131	1
15133	1
15134	1
15136	1
15137	1
15143	1
15144	2
15147	3
15150	1
15151	1
15152	1
15157	1
15159	1
15161	1
15165	1
15169	1
15173	1
15174	1
15176	1
15179	1
15181	1
15182	1
15184	1
15190	2
15194	1
15197	1
15198	1
15199	1
15203	1
15204	1
15205	1
15212	2
15216	1
15217	2
15223	1
15227	2
15229	1
15233	1
15239	1
15241	2
15243	1
15246	1
15247	1
15252	1
15256	1
15258	1
15264	1
15277	1
15278	1
15279	1
15282	1
15288	1
15300	1
15302	1
15303	1
15305	2
15308	1
15309	1
15310	1
15315	1
15325	2
15327	1
15328	2
15330	1
15335	2
15339	1
15341	1
15345	2
15353	1
15355	1
15358	1
15361	1
15366	1
15367	1
15368	1
15374	1
15377	1
15380	1
15384	1
15385	1
15386	1
15390	1
15398	1
15400	1
15403	3
15404	1
15405	1
15409	2
15415	1
15422	1
15428	1
15430	1
15431	1
15438	2
15439	1
15444	1
15446	1
15447	1
15454	1
15462	1
15463	1
15464	2
15471	1
15476	1
15477	1
15478	1
15480	1
15481	1
15483	1
15484	1
15485	1
15488	1
15493	1
15501	1
15503	2
15504	1
15507	1
15508	1
15510	1
15511	1
15516	1
15534	2
15535	1
15540	1
15544	1
15546	1
15548	1
15557	1
15559	1
15563	1
15565	2
15569	1
15571	1
15575	1
15584	1
15585	2
15588	2
15589	1
15592	1
15594	1
15600	1
15606	1
15607	1
15609	1
15614	1
15615	1
15617	1
15619	1
15620	1
15624	1
15625	1
15628	2
15629	1
15631	1
15632	1
15633	1
15634	2
15645	1
15646	1
15648	1
15649	1
15652	1
15653	1
15655	3
15664	1
15667	1
15671	1
15672	1
15673	1
15676	1
15678	1
15682	1
15684	2
15686	1
15688	1
15689	1
15694	2
15695	1
15701	1
15702	1
15705	1
15706	1
15708	1
15714	1
15715	1
15718	1
15719	3
15720	1
15726	3
15740	1
15742	1
15743	1
15751	2
15754	1
15759	2
15764	1
15766	2
15768	1
15771	1
15772	1
15776	1
15779	1
15791	1
15793	1
15797	1
15803	2
15805	2
15807	1
15809	1
15811	1
15813	1
15816	1
15821	2
15829	2
15830	1
15853	1
15854	1
15856	1
15863	1
15864	1
15868	1
15870	1
15871	1
15874	1
15875	1
15876	3
15878	1
15881	1
15885	1
15890	1
15902	1
15903	1
15910	1
15914	1
15916	2
15917	1
15919	1
15920	1
15921	2
15922	1
15923	1
15926	1
15929	1
15930	1
15932	1
15942	1
15953	1
15955	2
15957	1
15959	1
15962	1
15963	2
15966	2
15967	1
15968	1
15970	1
15982	1
15985	1
15987	1
15990	1
16002	1
16008	1
16013	1
16014	1
16021	1
16023	1
16027	1
16033	1
16035	1
16041	1
16046	1
16047	1
16048	1
16051	1
16054	1
16060	1
16076	1
16080	1
16086	1
16089	1
16096	1
16101	1
16105	1
16111	1
16114	2
16115	1
16125	1
16131	1
16135	1
16137	1
16142	2
16143	1
16150	1
16157	1
16158	1
16161	1
16164	1
16165	1
16166	1
16168	1
16176	1
16185	1
16193	1
16195	1
16202	1
16204	1
16208	1
16217	1
16221	1
16232	1
16233	2
16234	1
16239	1
16240	1
16246	1
16248	1
16252	1
16253	1
16257	1
16258	1
16260	1
16267	1
16271	1
16273	1
16277	1
16278	2
16283	1
16286	1
16293	1
16295	1
16296	1
16301	1
16305	1
16309	1
16316	1
16323	1
16327	1
16333	3
16345	1
16351	1
16363	1
16365	1
