16385	1
1	4
2	3
3	5
4	8
16388	1
5	6
6	6
7	4
8	4
9	4
10	3
16394	1
11	9
12	5
16396	1
13	9
16397	1
14	3
15	7
16	6
17	3
18	12
19	5
20	8
21	9
22	5
23	10
24	8
16409	2
25	10
26	7
16411	1
27	5
28	7
29	16
30	10
31	3
16415	1
32	3
33	9
34	13
35	9
36	7
37	9
38	5
39	9
40	11
16424	2
41	8
42	6
43	13
44	9
45	7
46	5
47	12
16431	2
48	11
49	8
50	9
51	11
52	8
53	11
54	7
55	9
16439	1
56	9
16440	1
57	10
58	7
59	4
60	7
61	6
16445	2
16446	1
62	7
63	7
64	9
65	14
66	12
67	11
16451	1
68	14
69	9
70	5
71	6
16456	1
72	10
73	9
74	8
75	6
76	5
77	7
16461	1
78	8
16462	1
79	13
80	12
81	4
16466	1
82	11
83	6
84	8
85	11
86	10
16470	2
87	7
16472	1
88	6
89	4
90	7
91	9
16475	1
16476	2
92	9
93	5
16477	1
94	12
95	11
96	2
97	15
16481	1
98	8
99	9
100	12
101	5
102	5
103	9
104	8
105	7
106	4
16490	1
16491	1
107	7
108	2
109	6
110	15
111	6
112	12
113	14
114	4
115	10
116	6
117	10
16501	1
118	13
119	9
120	5
121	7
122	8
123	6
124	6
16508	1
125	4
126	8
127	9
16511	1
128	6
129	6
16513	1
130	5
131	10
132	8
16516	1
133	6
134	6
135	8
136	4
137	5
16521	1
138	9
139	7
140	6
141	9
16525	1
142	11
143	10
144	7
145	7
146	10
147	7
16531	1
148	5
149	8
150	10
151	7
152	7
16537	1
153	6
154	7
155	7
156	6
16540	1
16541	1
157	6
158	8
159	7
160	10
161	6
162	5
163	7
164	6
165	7
166	11
16551	1
167	8
168	14
169	4
170	5
171	5
172	6
173	8
16557	1
174	5
175	3
176	3
177	11
178	6
179	10
16564	1
180	5
181	5
182	7
16566	1
183	5
184	11
185	5
186	7
16570	1
187	6
188	10
189	6
16573	1
190	6
16574	1
191	4
192	10
193	11
194	4
16578	1
195	3
196	4
16580	1
197	6
198	5
199	7
200	3
201	11
202	7
203	6
204	5
16588	2
205	6
206	7
207	7
208	6
209	9
210	6
16594	1
211	3
212	5
213	3
214	4
215	11
16599	1
216	6
217	6
218	7
16602	1
219	4
220	7
221	5
222	6
223	7
16607	1
224	6
225	5
226	5
227	5
16611	1
228	3
229	5
230	12
231	5
232	2
16616	1
16617	2
233	6
234	10
16618	1
235	4
236	7
237	7
16621	1
238	2
239	1
240	5
16624	1
241	6
242	8
243	7
244	2
16629	1
245	5
246	5
247	4
248	3
16632	1
249	3
16633	1
250	4
251	4
252	3
253	6
254	10
16638	1
255	4
256	6
257	4
258	2
260	10
16644	1
261	8
262	3
263	2
264	2
265	6
16649	1
266	2
267	6
268	10
269	5
270	4
271	4
272	6
273	6
274	7
275	3
276	3
277	6
278	5
16662	1
279	4
280	2
281	5
282	7
283	6
16667	1
284	2
285	3
286	5
287	6
288	2
289	5
290	6
291	2
292	1
293	3
294	5
295	4
296	2
16680	1
297	4
298	6
299	6
300	2
16684	1
301	5
302	5
303	3
304	4
305	6
306	3
307	5
308	6
309	4
310	4
311	9
312	4
313	4
16697	1
314	5
16699	1
315	4
316	7
317	6
318	6
319	7
320	6
321	9
16705	2
322	5
323	5
16707	1
324	10
16708	1
325	9
16709	1
326	2
327	5
328	3
329	7
16713	1
330	9
331	4
332	9
16716	2
333	4
334	2
16718	1
335	3
336	7
337	4
16721	1
338	8
339	2
16723	1
340	12
16724	2
341	1
342	7
16726	1
343	6
344	5
345	8
346	6
16730	1
347	6
348	6
349	7
350	5
16735	1
351	5
352	6
353	7
354	5
355	3
356	4
357	6
358	6
359	6
16744	2
360	4
361	3
362	8
363	5
364	6
16748	1
365	7
366	4
367	3
368	5
369	2
16754	1
370	9
371	8
372	4
373	7
374	7
375	8
376	6
377	5
378	3
379	6
380	1
16764	1
381	11
382	6
383	6
384	5
16768	1
385	3
386	6
387	8
388	3
389	4
390	4
16774	2
391	4
392	4
393	3
394	6
16779	1
395	3
396	3
397	6
398	3
399	3
400	5
401	4
402	4
16786	1
16787	1
403	4
404	3
405	4
406	6
407	8
408	4
409	4
410	11
16794	1
411	5
412	5
16797	2
413	5
414	9
415	7
416	3
417	6
418	2
419	6
420	6
421	5
422	3
16806	1
423	4
424	5
16808	1
425	6
426	3
427	5
428	2
429	6
430	5
16815	1
431	3
432	3
433	5
434	1
435	4
436	6
437	6
438	5
439	4
440	7
441	5
442	4
443	4
444	4
445	8
446	8
447	5
448	5
449	2
450	7
451	8
452	4
453	7
16837	1
454	6
16838	1
455	6
456	5
16841	2
457	4
458	1
459	10
460	1
461	2
462	7
463	3
464	3
465	1
466	2
467	4
16851	1
468	5
469	8
470	9
16854	1
471	11
472	5
16856	1
473	4
16857	1
474	6
475	2
476	6
477	6
478	6
479	2
480	4
16865	1
481	2
482	3
483	4
484	3
485	2
486	4
487	7
488	7
489	5
490	11
491	7
493	1
494	8
495	3
496	4
497	7
16881	1
498	2
499	1
500	4
501	5
16886	1
502	6
503	2
504	6
16889	1
505	7
506	6
507	8
508	5
509	9
510	2
511	5
16895	1
512	7
513	2
514	4
515	8
516	9
517	1
16901	1
518	4
519	3
520	6
521	2
16906	1
522	2
523	6
524	2
16909	2
525	1
526	1
16910	2
527	2
528	4
529	4
530	2
531	6
532	2
16916	1
533	4
16917	1
534	3
535	4
536	4
537	5
538	6
16922	1
539	4
540	2
541	2
16926	1
542	5
543	6
544	6
545	8
546	5
547	3
548	5
549	5
550	3
16934	1
551	3
552	6
553	4
554	5
555	3
556	3
557	7
16942	2
558	4
559	6
560	2
561	6
16945	1
16946	1
562	8
563	8
564	8
16948	1
565	4
566	3
567	3
568	6
569	2
570	3
571	3
572	4
16956	1
573	4
574	2
575	5
16959	1
576	2
577	2
578	6
579	9
580	4
581	4
582	2
16966	2
583	3
16967	1
584	4
585	5
586	4
587	4
588	4
589	5
16973	1
590	8
591	4
592	3
593	5
594	4
595	2
596	5
597	5
598	2
599	1
600	1
16984	1
601	9
602	4
603	5
604	4
605	2
606	5
16990	1
607	3
608	4
609	3
610	4
16994	3
612	3
613	5
614	3
615	5
616	2
617	8
618	3
17002	1
619	6
620	5
621	6
17005	1
622	3
17006	1
623	6
17007	2
624	4
17008	1
625	4
626	3
627	7
628	5
17013	1
629	2
630	4
631	5
632	7
633	7
634	5
635	6
17019	1
636	2
637	3
638	7
639	6
640	8
641	2
17026	1
642	2
643	4
644	2
645	4
646	4
647	2
648	5
650	3
651	6
652	11
17036	1
653	6
654	5
655	3
656	3
657	3
17041	2
658	3
659	5
660	2
661	4
662	6
663	3
664	9
665	4
17049	1
666	3
667	7
668	3
17052	1
669	2
670	6
671	3
17055	2
672	5
673	6
674	3
675	5
17060	1
676	2
677	6
678	6
679	5
680	1
681	3
682	3
683	1
684	2
685	2
17069	1
686	6
687	6
688	9
689	7
690	1
691	1
692	4
17076	1
693	4
694	7
695	4
696	4
17080	1
697	5
698	6
699	1
700	3
701	4
702	1
17086	1
703	1
704	3
705	3
706	3
17091	1
707	3
708	6
709	3
17093	1
710	2
711	4
17096	1
712	2
713	6
714	6
715	5
716	5
717	5
718	4
719	2
720	5
721	4
17105	1
722	5
723	3
724	9
725	3
726	2
727	7
728	5
17112	1
729	1
730	4
731	5
732	3
733	6
734	7
735	5
736	3
737	5
738	4
17122	1
739	7
740	7
741	1
17125	1
742	6
17127	1
743	3
744	1
745	8
17129	1
746	5
747	3
748	2
749	5
750	2
751	3
752	1
753	5
754	6
755	5
756	3
757	7
758	5
759	3
760	3
761	2
762	2
763	3
764	4
765	1
766	3
767	3
768	2
769	4
770	7
771	5
772	4
773	4
774	4
775	3
776	3
777	5
17161	1
778	3
17162	1
779	3
780	1
17164	2
781	4
782	3
783	3
785	8
786	9
787	3
788	4
790	4
17174	1
791	3
792	4
793	3
794	5
795	6
797	3
798	3
799	3
800	2
17184	1
801	4
802	4
17186	1
803	5
804	6
805	2
806	7
807	4
808	1
809	5
17193	1
810	4
811	4
812	5
813	3
814	3
815	2
816	1
817	3
818	5
819	5
820	5
821	3
822	5
823	1
17208	2
824	3
825	4
826	3
827	3
828	7
17212	1
829	3
830	2
17214	1
831	3
17216	1
832	2
833	5
834	5
835	5
836	2
837	3
17221	1
838	4
17222	1
839	4
840	4
17224	1
841	6
842	9
843	1
17227	1
844	5
845	6
846	8
17230	1
847	3
848	3
17232	1
849	2
850	3
852	3
853	3
854	5
855	5
856	8
857	6
858	2
859	2
860	2
861	7
17245	1
862	7
863	4
864	2
865	3
17249	1
866	1
867	3
868	1
869	3
870	4
871	6
17255	1
872	2
873	5
874	1
875	4
876	4
877	5
878	8
879	8
17263	1
880	4
881	4
882	3
883	3
884	4
17268	1
885	4
886	2
887	8
888	5
889	6
17273	1
890	2
891	5
892	2
17277	1
893	2
17278	1
894	7
895	5
896	6
897	5
17281	1
898	2
17282	1
899	2
900	6
901	3
902	4
17286	1
903	2
904	5
905	5
906	4
907	4
908	5
909	5
910	5
911	5
17296	3
912	3
913	5
914	5
915	5
916	2
917	2
918	5
919	7
920	5
921	6
922	3
923	6
924	6
925	4
926	3
927	3
928	2
929	1
930	4
931	4
932	4
17316	2
933	7
934	5
935	5
936	5
17320	1
937	4
938	1
939	2
940	1
941	4
942	2
943	3
944	2
945	3
946	2
947	8
948	2
949	3
950	2
951	1
952	2
17336	1
953	6
954	6
955	2
956	4
957	7
958	5
959	5
960	8
17344	1
961	5
17345	1
963	2
964	2
17348	1
965	4
966	6
967	2
968	4
969	2
970	9
971	4
972	5
973	4
974	1
975	5
17359	1
976	2
977	6
978	1
979	5
980	1
981	4
982	6
983	4
984	2
985	4
986	6
17370	1
987	3
988	8
989	3
990	2
17374	1
991	5
992	3
993	4
994	6
17378	1
995	4
17380	1
996	3
997	5
998	1
999	3
1000	3
1001	5
1002	9
1003	2
1004	3
17388	1
1005	5
1006	4
1007	5
1008	6
1009	5
1010	3
1011	4
1012	5
1013	2
1014	6
1015	1
1016	1
1017	4
1018	2
1019	3
1020	1
1021	2
1022	2
1023	6
1024	3
17408	1
1025	1
17409	2
1026	6
1027	4
1028	7
1029	4
1030	3
1031	9
1032	3
1033	3
1034	4
1035	2
1036	1
17420	1
1037	6
1038	4
1039	4
1040	5
1041	3
1042	5
1043	7
1044	4
1045	5
1046	2
1047	6
1048	3
1049	1
1050	4
1051	4
1052	3
1053	3
1054	4
1055	2
1056	4
1057	3
1058	4
1059	7
1060	4
17445	1
1061	4
1062	2
17446	1
1063	4
1064	3
17448	1
1065	3
17449	1
1066	4
1067	3
1068	3
1069	7
1070	5
1071	5
1072	2
1073	4
17457	1
1074	5
1075	1
1076	2
1077	2
1078	2
1079	4
1080	4
17464	1
1081	1
1082	4
1083	3
1084	4
1085	4
1086	1
1087	2
1088	6
1089	3
1091	3
17475	1
1092	3
1093	2
1094	2
1095	2
1096	4
1097	2
1098	2
1099	10
1100	1
1101	4
1102	5
1103	5
1104	3
1105	3
1106	2
1107	5
17491	1
1108	4
1109	2
1110	2
1111	8
1112	5
17496	1
1113	6
1114	2
1115	3
1116	4
1117	2
1118	3
1119	5
1120	2
1122	2
1123	1
17507	1
1124	6
17509	1
1126	2
1127	4
17511	1
1128	4
17512	1
1129	3
1130	2
1131	1
1132	3
1133	2
1134	6
1135	2
1136	3
1137	3
1138	6
1139	2
1140	2
17524	1
1141	2
1142	5
1143	4
17527	1
1144	4
1145	5
1146	5
1147	2
17532	1
1148	4
1149	3
1150	3
1151	1
1152	5
1153	3
1154	5
17539	1
1156	6
1157	1
1158	4
1159	4
1160	8
17544	1
1161	3
1162	3
1163	5
17547	1
1164	3
1165	6
1166	9
1167	5
1168	3
1169	2
1170	6
1171	5
17555	1
1172	3
1173	5
1174	7
1175	7
1176	4
1177	2
1178	3
1179	4
1180	2
1181	6
1182	4
1183	2
1184	1
1185	5
1187	1
1188	4
1189	3
1190	5
1191	5
1192	4
17576	1
1193	6
1194	2
1195	2
17579	1
1196	5
1197	5
1198	2
1199	2
1200	8
1201	6
1202	2
1203	4
1204	4
1205	6
1206	4
1207	4
1208	2
1209	5
1210	4
1211	3
1212	5
1213	1
1214	3
1215	5
1216	4
17600	1
1217	1
1218	1
17603	1
1219	3
1220	3
1221	6
1222	3
1223	2
17607	1
1224	3
1225	5
1226	4
1228	7
1229	4
1230	4
1231	4
1232	2
1233	3
17617	1
1234	4
1235	6
1236	2
1237	4
1238	8
1239	1
1240	4
1241	4
1242	3
1243	6
1244	2
1245	1
1246	2
1247	2
1248	7
1249	5
1251	4
1252	4
1253	2
1254	4
1255	6
1256	4
17640	1
1257	7
17641	1
1258	5
17642	1
1259	2
1260	3
1261	4
1262	3
1263	5
17647	1
1264	5
1265	4
1266	2
1267	5
17651	1
1268	5
1269	4
1270	3
1271	4
1272	2
1273	5
1275	3
1276	4
1277	1
1278	9
1279	2
1280	3
17664	1
1281	5
1282	7
1283	4
17667	1
1284	3
1285	6
17670	1
1286	2
1287	4
1288	2
17672	1
1289	5
17673	1
1290	2
1291	5
1292	5
1293	5
17677	1
1294	4
1295	4
1296	3
1297	5
1298	2
1299	4
1300	2
1301	3
1302	2
1303	4
17687	1
1304	2
1305	1
1306	3
1307	2
1308	1
1309	2
17693	1
1310	5
1311	6
1312	3
1313	7
1314	4
1315	8
1316	4
1317	6
1318	5
1319	5
1320	1
1321	2
1322	4
1323	3
1324	3
1325	3
1326	6
1327	2
1328	5
17712	1
1329	9
17714	1
1330	1
1331	5
1332	3
1333	7
1334	3
17718	1
1335	6
1336	4
17720	1
1337	6
1338	5
1339	4
1340	2
1341	3
1342	2
1343	5
1344	4
1345	7
1346	7
1347	5
1348	1
1349	3
1350	6
1351	5
1352	5
17736	1
1353	1
1354	5
1355	3
1356	2
1357	3
1358	6
1359	3
1360	5
1361	6
1362	6
1363	7
1364	7
17748	1
1365	4
1366	7
1367	4
1368	7
17752	1
1369	5
1370	8
1371	5
1372	3
1373	2
1374	5
17758	1
1375	6
1376	5
17760	1
1377	3
17761	1
1378	4
1379	3
1380	5
1381	4
1382	7
1383	3
1384	1
1385	5
17769	1
1386	3
1387	4
1388	4
17772	1
1389	4
1390	2
1391	7
1392	8
1393	5
1394	7
1395	2
1396	2
1398	6
1399	1
1400	6
1401	1
1402	7
1403	6
1404	5
1406	2
17790	1
1407	2
1408	3
1409	4
17793	1
1410	3
1411	7
1412	4
1413	3
1414	3
17798	1
1416	2
1417	2
1418	4
1419	3
1420	6
1421	4
1422	3
1423	1
1424	2
1425	4
17809	1
1426	5
1427	4
1428	4
1429	6
1430	7
1432	2
1433	5
1434	4
17818	1
1435	5
1436	3
1437	5
1438	4
1439	3
1440	5
1441	7
17825	1
1442	3
1443	5
1444	6
1445	2
1446	9
1447	2
1448	3
1449	1
1450	3
17834	1
1451	5
1452	5
17836	1
1453	4
1454	4
17838	1
1455	6
1456	4
1457	3
1458	1
1459	4
17843	1
17844	2
1460	2
1461	7
1462	3
1463	4
1464	6
1465	8
1466	5
17850	1
1467	7
1468	2
1469	3
1470	2
1471	4
17856	1
1472	2
1473	3
17857	1
1475	4
1476	6
1477	6
1478	6
1479	4
1480	1
17864	1
1481	7
1482	2
1483	2
1484	5
1485	1
1486	4
17870	1
1487	5
17871	1
1488	4
17872	1
1489	7
1490	3
1491	4
1492	6
17876	1
1493	8
1494	6
1495	4
1496	5
1497	3
1498	5
1499	2
1500	4
1501	5
1502	4
17886	1
1503	4
1504	4
1505	4
1506	6
1507	4
1508	1
1509	5
1510	5
1511	5
1512	7
1513	9
1514	2
1515	6
1516	1
1517	1
1518	1
1519	7
1520	7
1521	4
1522	9
1523	6
1524	8
1525	3
1526	2
1527	5
1528	3
1529	3
1530	6
1531	5
1532	4
1533	8
1534	1
1535	2
1536	1
1537	2
1538	5
1539	3
1540	7
1541	11
17926	1
1542	6
1543	5
1544	7
1545	2
1546	3
1547	2
1548	2
17932	1
1549	4
1550	5
1551	7
1552	9
1553	4
17938	1
1554	4
1555	3
1556	4
1557	3
1558	5
1559	6
1560	5
1561	4
1562	8
1563	5
1564	4
1565	7
1566	5
1567	6
1568	3
1569	7
1570	8
1571	4
1572	2
1573	6
1574	9
1575	3
1576	5
17960	1
1577	3
1578	3
1579	2
1580	3
1581	5
1582	6
17966	1
1583	6
1584	3
1585	6
17970	1
1586	3
1587	4
17972	2
1588	1
1589	4
1590	6
1591	4
1592	3
1593	8
1595	3
1596	4
1597	4
1598	4
1599	2
1600	7
1601	5
1602	3
1603	5
1604	2
1605	3
1606	2
1607	5
17991	1
1608	9
17992	1
1609	3
1610	5
1611	6
1612	6
1613	7
1614	12
1615	7
1616	5
1617	8
1618	5
18002	1
1619	11
1620	5
1621	5
1622	2
1623	5
1624	7
1625	3
1626	7
1627	7
1628	2
18013	1
1629	3
1630	7
1631	7
18015	1
1632	3
1633	8
18018	1
1634	1
1635	6
1636	6
1637	3
1638	7
1639	6
1640	6
18024	1
1641	6
1642	4
1643	4
1644	5
18028	1
1645	1
1646	4
1647	3
1648	7
1649	7
1650	5
1651	3
1652	1
1653	7
1654	3
1655	4
1656	2
1657	4
1658	2
1659	7
18043	1
1660	6
1661	5
1662	7
1663	8
1664	3
1665	6
1666	4
1667	4
1668	1
1669	9
1670	5
1671	4
18055	1
1672	6
1673	2
1674	6
1675	6
1676	4
1677	7
1678	3
1679	3
1680	6
1681	1
1682	2
1683	4
1684	2
1685	11
18069	1
1686	4
1687	5
1688	5
1689	4
1690	4
1691	3
1692	5
1693	7
1694	5
18078	1
1695	10
1696	3
1697	6
1698	5
1699	5
18083	1
1700	1
1701	5
1702	8
1703	5
18087	1
1704	5
1705	2
1706	4
1707	8
1708	5
1709	6
1710	6
1711	3
1712	7
18096	1
1713	6
1714	5
1715	4
18099	1
1716	3
1717	6
1718	6
1719	3
1720	3
1721	2
1722	4
1723	4
1724	5
1725	5
1726	6
1727	4
1728	3
1729	5
1730	8
1731	3
1732	4
1733	3
1734	2
1735	3
1736	6
1737	5
1738	5
1739	2
18123	1
1740	5
1741	5
1742	4
1743	3
1744	3
1745	7
1746	3
1747	6
1748	7
1749	4
1750	5
1751	8
1752	4
18136	1
1753	3
1754	5
1755	3
1756	11
1757	8
1758	7
1759	3
1760	5
1761	8
1762	5
1763	5
1764	6
1765	5
1766	6
1767	8
1768	8
1769	5
1770	3
1771	6
1772	4
1773	5
1774	5
1775	2
1776	5
1777	4
1778	5
1779	5
1780	6
1781	3
1782	10
1783	3
1784	4
1785	5
18169	1
1786	3
1787	4
1788	8
1789	6
18173	1
1790	6
1791	5
1792	5
1793	4
1794	3
1795	10
1796	7
1797	7
1798	4
1799	7
1800	5
1801	4
1802	4
1803	6
1804	5
1805	4
1806	6
1807	5
1808	13
1809	7
18193	1
1810	8
18194	1
1811	4
1812	6
1813	5
1814	7
1815	5
1816	7
1817	7
1818	5
1819	5
1820	4
1821	7
1822	9
1823	4
1824	8
1825	4
1826	7
18210	1
1827	5
1828	3
1829	4
1830	9
1831	6
1832	10
1833	9
1834	8
18218	1
1835	9
1836	8
1837	5
1838	8
1839	4
1840	5
1841	6
1842	2
1843	2
1844	4
1845	7
1846	5
1847	6
1848	5
1849	5
18234	2
1850	1
1851	5
1852	6
1853	2
1854	7
1855	6
1856	7
18240	1
1857	5
1858	2
1859	4
1860	7
1861	6
1862	6
1863	4
1864	7
1865	8
18250	1
1866	7
1867	6
1868	5
1869	3
1870	9
1871	8
1872	5
1873	2
1874	8
1875	4
1876	8
1877	9
18261	1
1878	9
1879	8
1880	5
1881	6
1882	5
1883	6
18267	1
1884	5
1885	5
1886	5
1887	6
1888	7
1889	4
1890	2
1891	5
1892	5
1893	3
1894	3
18278	1
1895	12
1896	2
1897	6
1898	3
1899	5
1900	5
1901	3
1902	2
1903	5
1904	10
1905	7
1906	3
1907	7
1908	3
1909	6
1910	9
1911	3
1912	5
1913	4
1914	4
1915	3
1916	6
18300	1
1917	2
1918	7
1919	6
1920	10
1921	6
1922	3
1923	6
18307	1
1924	2
1925	10
1926	3
1927	5
1928	7
1929	6
1930	2
1931	7
18315	1
1932	5
1933	2
1934	3
1935	13
1936	6
1937	9
1938	5
1939	6
1940	4
18324	1
1941	5
1942	11
1943	3
1944	6
1945	3
1946	6
1947	4
1948	5
1949	4
1950	11
1951	3
1952	5
1953	9
18337	1
1954	5
1955	9
1956	1
18340	1
1957	3
1958	5
1959	6
18343	1
1960	3
1961	5
1962	7
1963	6
1964	9
1965	5
1966	7
1967	7
1968	4
1969	2
1970	9
1971	5
1972	4
1974	5
1975	3
1976	6
1977	5
1978	3
1979	2
1980	9
1981	7
1982	5
1983	5
18367	1
1984	2
1985	7
1986	6
18370	1
1987	5
1988	5
18372	1
1989	11
1990	3
1991	5
1992	2
1993	3
1994	5
1995	3
18380	1
1996	4
1997	2
1998	7
1999	3
2000	4
2001	7
2002	7
2003	3
2004	8
2005	6
2006	2
2007	4
2008	6
2009	3
2010	5
2011	7
2012	6
2013	4
2014	8
2015	2
2016	7
2017	7
2018	6
2019	7
2020	1
2022	7
2023	5
18408	1
2024	2
2025	4
2026	2
2027	9
2028	7
2029	3
2030	8
2031	6
2032	5
2033	6
2034	6
2035	10
2036	9
2037	4
18421	1
2038	3
2039	6
2040	8
2041	4
2042	3
2043	4
2044	6
2045	5
2046	6
2047	6
2048	6
2049	2
2050	6
2051	5
2052	6
2053	3
2054	3
2055	5
2056	4
2057	6
2058	4
2059	3
2060	5
2061	6
2062	4
2063	5
2064	6
2065	4
2066	2
2067	9
2068	6
2069	4
2070	3
18454	1
2071	2
2072	5
18456	1
2073	7
2074	6
18458	1
2075	5
2076	8
2077	2
18462	1
2078	4
2079	5
2080	8
2081	7
2082	7
18466	1
2083	3
2084	10
2085	6
2086	6
2087	6
2088	4
2089	7
2090	6
2091	5
2092	4
2093	4
2094	8
18478	1
2095	3
2096	6
2097	5
2098	5
2099	5
2100	13
2101	4
2102	3
18486	1
2103	3
2104	3
2105	5
2106	5
2107	6
2109	2
2110	3
2111	4
2112	3
2113	8
2114	5
2115	4
2116	10
2117	8
2118	5
2119	8
2120	6
2121	4
2122	4
2123	6
2124	10
2125	3
2126	3
2127	6
2128	5
2129	4
2130	6
2131	1
2132	3
2133	7
2134	5
2135	9
2136	3
18521	1
2137	7
2138	5
2139	4
2140	7
2141	4
2142	6
2143	1
2144	3
2145	2
2146	2
2147	2
2148	4
18532	1
2149	6
2150	5
2151	8
2152	9
2153	4
2154	1
2155	7
2156	4
2157	10
2158	3
2159	7
2160	4
2161	2
2162	4
2163	3
2164	8
2165	3
2166	11
2167	4
2168	8
2169	6
2170	8
2171	7
2172	3
2173	3
2174	3
2175	11
2176	2
2177	8
2178	6
2179	5
2180	2
2181	4
2182	5
2183	4
2184	4
2185	5
2186	10
2187	6
2188	10
2189	5
2190	3
18574	1
2191	5
2192	4
2193	4
2194	7
2195	5
2196	6
2197	8
2198	6
2199	6
18583	1
2200	9
2201	12
2202	6
2203	8
2204	7
2205	9
2206	5
2207	3
2208	6
2209	5
2210	8
2211	9
2212	6
2213	4
2214	8
2215	4
2216	8
18600	1
2217	7
2218	5
2219	11
2220	1
2221	7
2222	3
2223	8
2224	4
2225	4
2226	6
2227	3
2228	6
2229	4
2230	4
2231	4
2232	5
2233	8
2234	7
2235	3
2236	5
2237	4
2238	4
2239	1
2240	5
2241	7
2242	8
2243	4
2244	3
2245	4
2246	3
2247	3
2248	5
2249	1
2250	5
2251	6
2252	6
2253	7
2254	3
2255	9
2256	5
2257	5
2258	2
2259	4
2260	3
2261	7
2262	4
2263	2
2264	4
2265	4
2266	7
2267	5
18651	1
2268	3
2269	7
2270	4
2271	6
2272	7
2273	2
2274	2
2275	7
2276	3
18660	1
2277	4
2278	7
2279	4
18663	1
2280	5
2281	5
2282	3
2283	2
2284	2
2285	2
2286	6
2287	5
2288	4
2289	3
2290	9
2291	5
2292	4
2293	3
2294	7
2295	7
2296	2
2297	7
2298	10
2299	8
2300	8
2301	7
18685	1
2302	4
2303	4
2304	5
2305	8
2306	6
2307	1
2308	2
2309	6
2310	2
2311	5
2312	5
2313	7
2314	5
2315	3
2316	8
2317	6
2318	2
2319	6
2320	4
2321	3
2322	7
2323	9
2324	3
2325	4
2326	2
2327	6
2328	6
2329	4
2330	6
2331	6
2332	2
2333	10
2334	7
2335	6
2336	4
2338	2
2339	2
2340	7
2341	7
18725	1
2342	6
2343	4
2344	3
2345	2
2346	7
2347	3
2348	4
2349	2
2350	12
2351	6
2352	6
18736	2
2353	4
2354	2
2355	3
2356	6
2357	3
2358	3
2359	7
2360	3
2361	6
2362	4
2363	8
2364	4
2365	2
2366	3
2367	5
2368	6
2369	7
2370	6
2371	3
18756	1
2372	6
2373	3
2374	8
2375	4
2376	5
2377	3
2378	5
2379	4
2380	5
2381	4
2382	3
2383	3
2384	3
2385	5
2386	7
18770	1
2387	6
2388	5
2389	4
2390	4
2391	3
2392	4
2393	5
2394	1
18779	1
2395	7
2396	6
2397	3
2398	4
2399	1
2400	7
2401	4
2402	9
2403	3
2404	7
2405	2
2406	7
2407	8
2408	4
2409	6
2410	2
2411	3
2412	4
2413	3
2414	2
2415	9
2416	4
2417	10
2418	5
2419	4
2420	8
2421	1
2422	6
2423	4
2424	4
2425	4
2426	6
2427	4
2428	2
2429	11
2430	5
2431	6
2432	3
2433	2
2434	5
2435	6
2436	5
2437	5
2438	4
2439	5
2440	4
2441	4
2442	6
18826	1
2443	1
2444	3
2445	5
2446	6
2447	3
2448	4
18832	1
2449	6
2450	4
2451	7
2452	7
2453	5
2454	4
2455	3
2456	9
2457	7
2458	3
18842	1
2459	2
2460	5
2461	6
2462	5
2463	7
2464	6
2465	6
2466	5
2467	6
2468	4
2469	4
2470	5
2471	6
2472	2
2473	4
2474	3
2475	3
2476	6
2477	4
2478	7
2479	2
2480	7
2481	2
2482	7
2483	4
2484	6
2485	4
2486	6
2487	3
2488	10
2489	6
2490	3
2491	3
2492	9
2493	4
2494	3
2495	4
2496	4
2497	4
2498	4
2499	4
2500	2
2501	4
2502	7
2503	4
2504	5
2505	5
2506	7
2507	6
2508	6
2509	7
2510	5
18894	1
2511	4
2512	4
2513	6
2514	7
2515	3
2517	2
2518	4
2519	4
2520	4
2521	4
2522	4
2523	5
2524	2
2525	6
2526	4
2527	6
2528	5
2529	3
2530	5
2531	3
2532	7
2533	5
2534	6
2535	4
2536	6
2537	4
2538	4
2539	1
2540	3
2541	5
2542	2
2543	5
2544	9
2545	4
2546	3
2547	2
2548	4
2549	4
2550	2
2552	4
2553	8
2554	2
2555	3
2556	5
2557	7
2558	2
2559	6
2560	5
2561	9
2562	2
2563	7
2564	3
18948	1
2565	2
18949	1
2566	7
2567	3
2568	5
2569	1
2570	1
2571	2
2572	3
2573	4
2574	3
2575	3
2576	4
2577	5
2578	5
2579	2
2580	4
18964	1
2581	5
2582	3
2583	1
2584	7
2585	2
2586	4
2587	3
2588	3
2589	3
2590	12
2591	5
18975	1
2592	4
2593	5
2594	4
2595	6
2596	4
2597	6
2598	4
2599	3
2600	6
2601	5
2602	5
2603	6
2604	7
2605	7
2606	3
2607	6
18991	1
2608	4
2609	2
2610	4
2611	3
2612	5
2613	5
2614	4
2616	3
2617	4
2618	5
2619	3
2620	1
2621	8
2622	5
2623	2
19007	1
2624	6
2625	4
2626	4
2627	3
2628	5
2629	5
2630	5
2631	6
2632	7
2633	7
2634	4
2635	3
2636	2
2637	1
2638	9
2639	5
2640	4
2641	7
2642	6
2643	5
2644	6
2645	3
2646	5
2648	3
2649	4
2650	4
2651	5
19035	1
2652	4
2653	5
2654	6
2655	4
2656	4
2657	3
2658	7
19042	1
2659	1
2660	6
2661	6
2662	5
2663	6
2664	7
2665	2
2666	4
2667	6
2668	5
2669	6
19053	1
2670	5
2671	3
2672	8
2673	1
2674	4
2675	3
2676	5
2677	6
2678	3
2679	5
2680	3
2681	7
2682	6
2683	4
2684	5
2685	5
2686	4
2687	10
2688	5
2689	5
2690	3
2691	1
2692	2
2693	3
2694	8
2695	11
2696	6
2697	4
2698	5
2699	6
2700	5
2701	2
2702	4
2703	6
2704	2
2705	5
2706	3
2707	8
2708	1
2709	4
2710	6
2711	1
2712	5
19097	1
2713	5
2714	3
2715	5
2716	2
2717	1
2718	5
2719	4
2720	4
2721	2
2722	2
2723	1
2724	2
2725	4
2726	12
2727	4
2728	7
2729	7
2730	3
2731	7
2732	3
2733	4
2734	5
2735	3
2736	5
2737	2
2738	9
2739	7
2740	1
2741	10
2742	4
2743	4
2744	2
2745	5
2746	3
2747	4
2748	5
2749	5
2750	3
2751	3
2752	3
2753	5
2754	3
2755	8
2756	5
2757	2
2758	9
2759	4
2760	3
2761	6
2762	5
2763	2
2764	1
2765	4
2766	4
2767	6
2768	3
2769	7
2770	7
2771	6
2772	4
2773	5
2774	9
2775	5
2776	4
2777	6
2778	5
2779	2
2780	6
2781	2
2782	2
2783	4
2784	6
2785	4
2786	7
2787	1
2788	4
2789	4
2790	2
2791	4
2792	6
2793	6
2794	1
2795	5
2796	2
2797	6
2798	2
2799	2
2800	4
2801	3
2802	2
2803	5
2804	5
2805	3
2806	4
2807	5
2808	4
2809	4
2810	5
2811	2
2812	5
2813	3
2814	3
2815	1
2816	5
2817	3
2818	5
2819	6
2820	6
2821	5
2822	7
2823	3
2824	2
2825	7
2826	2
2827	3
2828	5
2829	6
2830	3
2831	5
2832	7
2833	3
2834	4
2835	6
2836	5
2837	3
2838	6
2839	3
2840	6
2841	6
2842	4
2843	1
2844	8
2845	8
2846	5
2847	3
19231	1
2848	2
2849	3
2850	6
2851	7
2852	4
2853	8
2854	4
2855	5
2856	4
2857	9
19242	1
2859	5
2860	7
2861	3
2862	7
2863	4
2864	5
2865	4
2866	3
2867	2
2868	7
2869	6
2870	6
2871	6
2872	4
2873	3
2874	7
2875	7
2876	5
2877	6
2878	2
2879	5
2880	5
2881	6
2882	5
2883	11
2884	1
2885	4
2886	5
2887	4
2888	4
2889	6
2890	7
2891	5
2892	2
2893	11
2894	6
2895	3
2896	6
2897	8
2898	4
2899	2
2900	3
2901	5
2902	4
2903	7
2904	5
2905	2
2906	1
2907	1
2908	3
2909	7
2910	5
2911	5
2912	6
2913	2
2914	6
2915	8
2916	5
2917	5
2918	2
2919	2
2920	2
2921	3
2922	5
2923	4
2924	4
2925	5
2926	7
2927	5
2928	7
2929	8
2930	5
2931	3
2932	5
2933	6
2934	2
2935	2
2936	2
2937	6
2938	2
2939	3
2940	4
2941	4
2942	5
2943	7
2944	6
2945	6
2946	3
2947	2
2948	8
2949	2
2950	1
2951	3
19336	1
2952	2
2953	6
2954	2
2955	4
2956	3
2957	3
2958	5
2959	4
2960	5
2961	7
2962	2
2963	4
2964	2
2965	2
2966	2
2967	3
2968	4
2969	5
2970	4
2971	7
19355	1
2972	5
2973	3
2974	4
2975	1
2976	2
2977	6
2978	5
2979	3
2980	2
2981	2
2982	5
19366	1
2983	3
2984	6
2985	5
2986	7
2987	3
2988	3
2989	7
2990	4
2991	1
2992	7
2993	5
2994	3
2995	3
2996	5
2997	7
2998	3
2999	2
3000	4
3001	6
3002	5
3003	4
3004	3
3005	3
3006	5
3007	2
3008	5
3009	2
3010	2
3011	6
3012	4
3013	1
3014	3
3015	3
3016	5
3017	6
3018	4
3019	5
3020	7
3021	5
3022	1
3023	7
3024	3
3025	2
3026	7
3027	3
3028	4
3029	2
3030	5
3031	2
3032	2
3033	3
3034	5
3035	3
3036	1
3037	4
3038	4
19422	1
3039	1
3040	5
3041	3
3042	5
3043	4
3044	2
3045	4
3047	3
3048	5
3049	6
3050	8
3051	2
3052	2
3053	2
3054	1
3055	6
3056	3
3057	4
3058	2
3059	2
3060	7
3061	6
3062	5
3063	3
3064	6
3065	5
3067	3
3068	6
3069	4
3070	2
3072	2
3073	4
3074	2
3075	4
3076	7
3077	3
3078	2
3079	7
3080	4
3081	5
3082	3
3083	6
3084	3
3085	5
3086	5
3087	4
3088	3
3089	2
3090	3
3091	4
3092	1
3093	4
3094	3
3095	5
3096	1
3097	4
3098	6
3099	8
3100	2
3101	3
3102	3
3103	1
3104	4
3105	2
3106	1
3107	4
3108	5
3109	6
3110	4
3111	5
3112	2
3113	4
3114	3
3115	1
3116	3
3117	5
3118	1
3119	4
3120	4
3121	2
3122	6
3123	2
3124	7
3125	4
3126	3
3127	3
3128	3
3129	3
3130	5
3131	3
3132	4
3133	2
3134	3
3135	5
3136	1
3137	4
3138	2
3139	2
3140	6
3141	2
3142	2
3143	3
3144	3
3145	2
3146	1
3147	2
3148	6
3149	4
3150	3
3151	4
3152	3
3153	3
3154	3
3155	6
3156	5
3157	2
3158	3
3159	4
3160	2
3161	8
3162	2
3163	3
3164	1
3165	4
3166	5
3167	5
3168	4
3170	4
3171	3
3172	5
3173	5
3174	3
3175	4
3177	4
3178	3
3179	3
3180	3
3181	2
3182	4
3183	2
3184	7
3185	7
3187	5
3188	4
3189	3
3190	3
3191	2
3192	2
3193	4
3194	13
3195	5
3196	4
3197	3
3198	4
3199	3
3200	8
3201	4
3202	5
3203	4
3204	8
3205	2
3206	2
3207	7
3208	3
3209	3
3210	7
3211	7
3212	6
3213	4
3214	3
3215	4
3216	2
3217	2
3218	3
3219	3
3220	1
3221	2
3222	1
3223	3
3224	4
3225	5
3226	5
3227	5
3228	5
3229	2
3230	6
19614	1
3231	2
3232	2
3233	2
3234	1
3235	5
3236	1
3237	3
3238	4
3239	1
3240	9
3241	1
3242	2
3243	2
3244	4
3245	8
3246	3
3247	5
3248	4
3249	7
3250	3
3251	5
3252	6
3253	6
3254	2
3255	1
3256	7
3257	1
3258	3
3259	1
3260	3
3261	6
3262	2
3263	5
3264	3
3265	5
3266	4
3267	5
3268	7
3269	6
3270	7
3271	2
3272	4
3273	1
3274	3
3275	4
3276	3
3277	2
3278	9
3279	5
3280	3
3281	4
3282	2
3283	4
3284	4
3285	2
3286	4
3287	4
3288	3
3289	2
3290	1
3291	5
3292	2
3293	2
3294	2
3295	3
3296	5
3297	2
3298	4
3299	2
3300	3
3301	1
3302	6
3303	2
3304	4
3305	4
3306	1
3307	8
3308	2
3309	2
3310	4
3311	2
3312	5
3313	1
3314	5
3315	2
3316	1
3317	4
3318	4
3319	4
19703	1
3320	5
3321	4
3322	4
3323	6
3324	1
3325	2
3326	4
3327	1
3328	2
3329	2
3330	1
3331	2
3332	3
3333	5
3334	5
3335	3
3336	2
3337	3
3338	2
3339	3
3340	7
3341	1
3342	4
3343	4
3344	4
3345	2
3346	3
3347	5
3348	3
3349	4
3350	3
3351	4
3352	3
3353	4
3354	4
3355	2
3356	8
3357	3
3358	6
3359	4
3360	2
3361	2
3362	2
3363	1
3364	1
3365	1
3366	4
3367	7
3368	3
3369	1
3370	3
3371	3
3372	7
3373	3
3374	4
3375	5
3376	4
3377	7
3378	3
3379	3
3381	1
3382	6
3383	4
3384	2
3385	3
3386	3
3387	2
3388	2
3389	4
3390	4
3391	5
3393	4
3394	4
3395	2
3396	3
3397	2
3398	4
3399	5
3400	2
3401	2
3402	6
3403	4
3404	3
3406	1
3407	2
3408	3
3409	6
3410	3
3411	3
3412	2
3413	4
3414	5
3415	3
3416	2
3417	3
3418	3
3419	3
3420	6
3421	4
3422	3
3423	2
3424	2
3425	4
3426	3
3427	1
3428	2
3429	3
3430	4
3431	5
3432	5
3433	2
3434	5
3435	3
3436	4
3437	2
3438	1
3439	4
3440	6
3441	1
3442	4
3443	3
3445	2
3446	3
3447	5
3448	4
3449	3
3450	3
3451	4
3452	3
3453	1
19837	1
3454	2
3455	2
3456	3
3458	4
3459	2
3460	3
3461	5
3462	5
3463	3
3464	4
3465	6
3466	5
3467	2
3468	6
3469	4
3470	1
3471	5
3472	1
3473	4
3474	3
3475	3
3476	3
3478	3
3479	2
3480	3
19864	1
3481	7
3482	1
3483	1
3484	1
3485	6
3487	2
3488	6
3489	4
3490	6
3491	3
3492	4
3493	1
3494	4
3495	3
3496	4
3497	3
3498	5
3499	5
3500	7
3501	5
3502	2
3503	6
3504	3
3505	5
3506	1
3507	3
3508	3
3509	3
3510	3
3511	2
3512	4
3513	5
3514	3
3515	3
3516	3
3517	1
3518	2
3519	2
3520	5
3521	5
3522	3
3523	4
3524	3
3525	4
3526	5
3527	2
3528	1
3529	1
3530	2
3531	4
3532	5
3533	4
3534	1
3535	4
3536	3
3537	5
3538	3
3539	2
3540	6
3541	7
3542	6
19926	1
3543	3
3544	3
3546	1
3547	2
3548	2
3549	3
3550	3
3551	2
3552	6
3553	1
3554	2
3555	3
3556	1
3557	6
3558	8
3560	4
3561	5
3562	3
3563	6
3564	2
3565	1
3566	1
3567	5
3568	1
3569	1
19954	1
3570	2
3571	2
3572	6
3573	3
3574	2
3575	2
3576	5
3577	1
3578	4
3579	3
3580	4
3581	1
3582	1
3583	7
3584	2
3585	3
3586	3
3587	4
3588	8
3589	3
3590	8
3592	4
3593	6
3594	1
3595	4
3596	3
3598	5
3599	5
3600	7
3602	2
3603	5
3604	4
3606	3
3607	3
3608	1
3609	3
3610	5
3611	6
3612	3
3613	3
3614	3
3615	3
3616	3
3617	1
3618	5
3619	3
3620	4
3621	1
3622	2
3623	4
3624	3
3625	6
3626	5
3627	2
3628	1
3629	3
3630	4
3631	3
3632	2
3633	3
3634	5
3635	2
3636	1
3637	6
3638	5
3639	4
3640	3
3641	3
3642	3
3643	1
3644	3
3645	2
3646	4
3647	4
3648	2
3649	3
3650	2
3651	4
3652	2
3653	6
3654	2
3655	3
3656	6
3658	5
3659	2
3660	1
3661	4
3662	3
3663	3
3664	2
3665	1
3666	1
20050	1
3667	5
3668	3
3669	1
3670	5
3671	2
3672	5
3673	4
3674	5
3675	3
3677	1
3678	3
3679	3
3680	4
3681	3
3682	2
3683	8
3684	1
3685	5
3686	4
3687	4
3688	5
3689	6
20073	1
3690	3
3691	1
3692	6
3693	4
3694	1
3695	5
3696	6
3697	2
3698	4
3699	5
3700	2
3701	2
3702	2
3703	2
3704	5
3705	3
3706	3
3707	2
3708	7
3709	2
3710	3
3711	5
3712	2
3713	5
3714	4
3715	5
3716	4
3717	2
3718	1
3719	4
3720	5
3722	1
3723	3
3724	2
3725	5
3726	7
3727	1
3728	2
3729	3
3730	4
3731	3
3732	2
3733	4
3734	3
3735	4
3736	2
3737	3
3738	3
3739	2
3740	1
3741	4
3742	5
3743	1
3744	3
3745	4
3746	4
3747	3
3748	4
3749	1
3750	6
3751	4
3752	3
3753	7
3754	1
3755	2
3756	4
3757	2
3758	3
3759	3
3760	4
3761	6
3762	3
3763	3
3764	5
3765	2
3767	3
3768	3
3769	2
3770	4
3772	2
3773	5
3774	4
3777	2
3778	2
3779	2
3780	3
3781	3
3782	8
3783	6
3784	2
3785	1
3786	4
3787	2
3788	2
3789	2
3790	1
3791	1
3792	4
3793	3
3794	7
3796	2
3797	3
3798	2
3799	5
3800	3
3801	2
3802	7
3803	2
3804	2
3805	1
3806	5
3807	4
3808	3
3809	2
3810	3
3811	3
3812	3
3813	2
3814	2
3815	2
3816	4
3817	5
3818	2
3819	1
3820	5
3821	5
3823	8
3824	3
3825	2
3826	8
3827	3
3828	3
3829	3
3831	2
3832	4
3833	3
3834	1
3835	4
3836	4
3837	3
3838	4
3839	5
3840	1
3841	2
3842	5
3844	3
3845	3
3846	4
3847	3
3848	3
3849	4
3850	2
3851	5
3852	3
3853	3
3854	2
3855	4
3856	1
3857	1
3858	6
3859	3
3860	2
3861	1
3863	1
3864	1
3867	1
3868	1
3869	2
3870	6
3871	1
3872	5
3873	4
3874	5
3875	3
3876	4
3877	1
3878	7
3879	5
20263	1
3880	1
3881	2
3882	5
3884	2
3885	1
3886	2
3887	2
3888	2
3889	2
3890	2
3891	6
3892	5
3893	4
3894	4
3895	2
3896	4
3897	1
3898	5
3899	6
3900	4
3901	2
3902	3
3903	2
3904	2
3905	3
3907	3
3908	3
3909	4
3910	1
3911	5
3912	2
3913	4
3914	4
3916	4
3917	2
3918	6
3919	3
3920	4
3921	2
3922	1
3924	5
3925	3
3926	4
3928	2
3930	2
3931	2
3932	4
3933	4
3934	3
3936	5
3937	2
3938	2
3939	3
3940	2
3941	2
3942	2
3943	1
3944	2
3945	1
3947	3
3948	4
3949	1
3950	2
3951	3
3953	1
3954	3
3955	3
3959	2
3960	1
3961	3
3962	1
3963	3
3964	1
3965	4
3966	5
3967	3
3968	5
3969	3
3970	6
3971	3
3972	4
3973	3
3974	2
3975	6
3976	2
3977	2
3978	3
3979	4
3980	2
3981	5
3982	1
3983	7
3984	2
3985	1
3986	2
3987	5
3988	5
3989	1
3991	3
3992	3
3993	4
3995	4
3996	1
3997	4
3998	3
3999	3
4000	5
4001	1
4002	2
4003	2
4004	5
4005	3
4006	3
4007	6
4008	3
4009	3
4010	3
4011	3
4012	4
4013	4
4014	1
4015	2
4016	3
4017	4
4018	3
20402	1
4019	3
4020	3
4021	2
4022	3
4024	5
4026	4
4027	1
4028	3
4029	2
4030	2
4031	7
4032	2
4034	4
4035	1
4036	5
4037	3
4038	4
4039	3
4040	3
4041	4
4043	3
4044	3
4045	3
4046	2
4047	3
20432	1
4048	2
4050	4
4051	2
4052	6
4053	1
4054	3
4055	3
4056	2
4058	5
4059	4
4060	3
4061	8
20445	1
4062	4
4063	3
4064	3
4065	4
4066	1
4067	2
4068	6
4069	1
4070	2
4071	1
4072	1
4075	4
4076	2
4077	4
4078	3
4079	5
4080	2
4081	1
4082	1
4083	2
4084	2
4085	3
4086	3
4087	3
4088	2
4089	8
4090	1
4091	2
4092	2
4093	1
4094	2
4095	7
4096	1
4097	5
4098	2
4099	3
4100	4
4101	3
4102	5
4103	6
4104	3
4105	2
4106	3
4107	3
4108	3
4109	4
4110	3
4111	2
4112	1
4113	4
4114	3
4115	5
4117	1
4118	3
4119	6
4120	3
4121	4
4122	3
4123	4
4124	3
4125	2
4126	3
4127	2
4128	3
4129	3
4130	2
4131	6
4132	5
4135	3
4136	4
4137	2
4138	3
4139	2
4140	2
4141	3
4142	5
4144	2
4145	3
4146	2
4147	4
4148	1
4149	2
4150	2
4151	2
4152	5
4153	7
4154	2
4155	4
4156	2
4157	2
4158	2
4159	2
4160	3
4161	2
4162	2
4163	1
4164	2
4165	4
4166	2
4167	2
4168	3
4169	3
4170	1
4171	4
4172	1
4173	4
4174	1
4175	5
4176	6
4177	5
4178	4
4179	5
4180	4
4181	2
4182	2
4183	2
4184	4
4185	1
4186	1
4187	4
4188	1
4189	3
4190	3
4191	6
4192	2
4193	2
4195	1
4197	8
4198	1
4199	7
4200	2
4201	3
4202	5
4203	1
4204	3
4205	2
4206	3
4207	3
4208	3
4209	2
4210	1
4211	4
4212	3
4213	2
4214	4
4215	1
4216	1
4217	3
4218	4
4219	3
4221	1
4222	6
4223	1
20607	1
4224	2
4225	3
4226	2
4227	1
4228	2
4229	1
4230	3
4231	2
4232	4
4233	3
4234	3
4235	2
4236	1
4237	3
4238	3
4239	3
4241	4
4242	2
4243	3
4244	2
4245	4
4246	3
4247	4
4248	5
4249	2
4251	2
4252	3
4253	2
4254	2
4255	1
4256	5
4257	2
4258	6
4259	1
4260	2
4261	3
4262	3
4263	7
4264	5
4265	1
4267	4
4268	2
4269	3
4271	3
4272	3
4274	4
4275	4
4276	1
4277	2
4278	2
4279	3
4280	5
4281	2
4282	1
4283	6
4284	8
4285	4
4286	2
4287	2
4288	2
4289	1
4290	1
4291	2
4292	2
4293	2
4294	1
4295	2
4296	2
4297	1
4298	1
4299	3
4300	3
4301	1
4302	1
4303	1
4304	1
4305	2
4306	3
4307	1
4308	1
4309	1
4310	2
4311	1
4312	1
4313	4
4315	3
4316	5
20700	1
4317	4
4318	6
4319	1
4320	5
4321	1
4322	3
4323	2
4325	2
4326	2
4327	1
4328	5
4329	1
4330	3
4331	3
4332	4
4333	2
4334	2
4335	2
4336	1
4337	1
4338	1
4339	3
4340	1
4341	5
4342	3
4343	2
4344	8
4345	2
4346	4
4347	2
4348	6
4349	2
4350	1
4351	2
4352	3
4353	3
4354	2
4355	2
4356	3
4357	1
4358	3
4359	2
4360	2
4361	3
4362	1
4363	3
4364	4
4365	1
4366	2
4367	3
4368	3
4369	3
4370	2
4371	4
4372	3
4373	2
4374	2
4375	2
4376	1
4377	3
4378	2
4379	3
4380	1
4381	2
4382	1
4383	5
4384	1
4385	1
4386	3
4387	1
4388	3
4389	5
4390	1
4392	5
4393	4
4394	2
4395	2
4396	2
4397	1
4398	3
4399	5
4400	5
4401	1
4402	5
4403	2
20787	1
4405	1
4406	1
4407	3
4408	1
4409	2
4410	3
4411	3
4412	7
4413	2
4414	1
4416	2
4418	4
4419	1
4420	2
4421	3
4422	3
4423	2
4424	1
4425	3
4426	1
4427	2
4428	5
4429	4
4431	3
4432	3
4433	4
4434	5
4436	4
4438	3
4439	4
4440	2
4441	3
4442	4
4443	4
4444	1
4446	1
4448	4
4449	3
4450	6
4451	3
4452	3
4454	1
4455	3
4456	4
4457	8
4458	4
4459	2
4460	1
4461	3
4462	2
4463	2
4464	1
4465	2
4466	5
4467	1
4468	3
4469	2
4470	3
4471	2
4472	2
4473	3
4475	5
4476	2
4477	6
4478	4
4479	4
4480	3
4481	1
4482	1
4483	5
4484	3
4485	2
4486	2
4487	2
4488	2
4489	1
4490	3
4491	2
4492	1
4493	4
4495	1
4496	1
4497	2
4498	4
4499	1
4500	3
4502	3
4503	2
20888	1
4504	1
4506	5
4507	6
4508	2
4509	2
4510	2
4511	2
4512	1
4513	4
4514	4
4515	1
4516	6
4517	3
4518	3
4519	5
4520	5
4521	2
4522	1
20906	1
4523	4
4524	2
4525	5
4526	2
4527	5
4528	2
4529	3
4530	3
4531	2
4532	5
4533	1
4534	2
4535	1
4536	4
4537	2
4538	4
4539	2
4540	4
4541	3
4542	2
4543	4
4544	4
4545	1
4547	2
4548	1
4549	2
4550	3
4551	1
4552	1
4553	2
4554	1
4555	3
4556	1
4557	1
4558	3
4559	1
4560	2
4561	6
4562	1
4564	1
20948	1
4565	1
4567	3
4568	5
4569	4
4571	1
4572	6
4573	1
4574	8
4575	2
4577	1
4579	4
4580	5
4581	4
4582	2
4583	1
4584	2
4585	2
4586	6
4587	4
4588	3
4589	1
4590	5
4591	3
4592	3
4593	4
4594	3
4595	3
4596	4
4597	2
4598	2
4599	2
4600	3
4601	2
4602	1
4603	4
4604	3
4605	3
4606	1
4607	3
4608	1
4609	2
4610	4
4611	3
4612	5
4613	1
4614	4
4615	2
4616	2
4617	1
4618	1
4619	2
4620	2
4621	1
4622	1
4623	1
4624	5
4625	6
4626	5
4627	4
4628	7
4629	7
4630	3
4631	7
4632	8
4633	4
4634	6
4635	7
4636	3
4637	1
4638	4
4639	6
4640	1
4641	5
4642	3
4643	3
4644	1
4645	5
4646	7
4647	1
4648	1
4649	1
4650	3
4652	2
4655	3
4656	2
4657	2
4658	2
4659	1
4660	2
4661	1
4663	2
4664	1
4665	2
4668	5
4669	3
4670	4
4671	2
4672	2
4673	8
4674	3
4675	1
4676	2
4677	2
4678	1
4679	3
4680	3
4681	2
4684	3
4685	2
4686	3
4687	2
4688	5
4689	1
4690	3
4691	2
4693	2
4694	2
4695	1
4696	4
4697	2
4699	4
4700	4
4701	3
4702	2
4703	2
4704	6
4705	2
4706	3
4707	3
4708	3
4709	4
4710	2
4711	1
4712	1
4713	3
4715	1
21099	1
4716	4
4717	1
4718	1
4719	2
4720	1
4721	3
4722	5
4723	3
4724	2
4725	3
4726	3
4727	1
4728	3
4730	3
4731	3
4732	2
4733	4
4734	2
4735	3
4736	3
4737	1
4739	3
4740	2
4741	1
4742	3
4743	3
4744	3
4745	2
4746	2
4747	3
4748	1
4749	2
4750	4
4751	1
4752	2
4753	3
4754	1
4757	2
4758	1
4759	5
4760	1
4761	5
4762	2
4763	3
4765	3
4766	3
4767	3
4768	2
4769	3
4770	4
4772	1
4773	3
4774	2
4775	3
4776	3
4777	3
4778	3
4779	3
4780	1
4781	4
4782	3
4785	4
4787	2
4788	5
4789	1
4790	2
4791	4
4792	4
4793	1
4794	4
4795	2
4796	1
4797	1
4798	1
4799	1
4800	1
4801	2
4802	3
4804	1
4806	1
4807	1
4808	2
4809	1
4810	1
4811	3
4812	2
4813	1
4814	2
4815	3
4816	4
4818	4
4819	3
4820	2
4823	3
4824	2
4825	2
4827	2
4828	1
4830	1
4833	2
4834	1
4835	2
4836	7
4837	2
4838	2
4839	2
4840	5
4841	3
4842	2
4843	1
4844	1
4845	2
4846	4
4847	1
4849	3
4850	1
21234	1
4851	1
4852	2
4853	2
4854	2
4855	2
4856	3
4857	2
4858	3
4859	3
4860	1
4861	4
4862	2
4863	2
4864	3
4865	3
4867	3
4868	6
21252	1
4871	3
4873	1
4874	1
4875	1
4877	1
4878	1
4879	2
4880	2
4881	4
4882	2
4883	5
4885	2
4886	2
4887	2
4888	1
4889	1
4890	1
4891	2
4892	1
4893	1
4894	1
4895	1
4896	4
4897	3
4898	2
4899	3
4900	2
4901	3
4902	1
4903	1
4906	1
4907	1
4908	1
4909	1
4911	1
4912	3
4913	3
21300	1
4917	3
4918	1
4919	2
4921	4
4922	3
4923	3
4924	4
4925	2
4926	2
4927	3
4928	4
4929	1
4930	3
4931	5
4932	1
4933	1
4934	2
4935	4
4936	6
4937	2
4938	3
4939	1
4940	5
4941	4
4942	1
4943	2
4944	3
4945	1
4946	3
4947	4
4948	3
4949	1
4950	1
4951	1
4953	2
4954	1
4955	3
4956	1
4957	2
4958	1
4959	2
4960	2
4961	1
4962	2
4963	2
4964	1
4965	1
4966	3
4968	1
4969	1
4970	2
4972	4
4973	1
4974	2
4975	1
4976	2
4977	4
4978	2
4980	1
4981	1
4982	2
4983	1
4984	3
4985	4
4986	2
4987	3
4988	3
4989	1
4990	8
4991	4
4992	3
4993	3
4995	3
4996	3
4997	3
4998	3
4999	1
5001	6
5002	2
5003	1
5004	3
5005	1
5006	1
5007	3
5008	1
5009	2
5010	1
5011	2
5012	1
5014	2
5015	1
5016	3
5017	2
5018	4
5019	3
5020	4
5021	3
5023	4
5026	3
5027	3
5028	2
5029	2
5030	2
5031	4
5033	2
5034	5
5035	1
5036	2
5037	3
5038	1
5039	3
5040	2
5041	3
5042	5
5043	3
5044	3
5045	2
5046	1
5047	1
5048	3
5049	4
5050	1
5051	1
5052	1
5054	1
5055	3
5056	2
5057	1
5060	1
5061	1
5062	1
5063	2
5065	3
5066	2
5067	4
5068	3
5069	3
5070	1
5071	1
5072	2
5074	3
5075	3
5076	3
5077	3
5078	2
5079	4
5080	3
5081	4
5082	2
5083	1
5084	2
5085	3
5086	1
5087	1
5088	3
5090	2
5092	1
5093	5
5094	4
5096	1
5097	1
5099	3
5100	3
5101	3
5102	2
5103	1
5105	3
5106	2
5107	5
5108	1
5109	2
5110	4
5112	1
5113	2
5115	1
5116	4
5117	1
5118	2
5119	3
5120	5
5121	2
5123	3
5124	1
5125	1
5126	3
5127	2
5128	4
5130	3
5131	3
5132	5
5133	1
5134	6
5135	2
5137	1
5139	2
5140	1
5142	1
5143	3
5144	1
5145	1
5146	4
5147	1
5148	4
5149	2
5150	2
5151	1
5152	1
5154	4
5155	1
5156	3
5157	2
5158	5
5159	3
5160	2
5161	3
5162	2
21547	1
5164	1
5166	1
5167	5
5168	3
5169	2
5170	3
5171	3
5172	5
5173	1
5174	2
5175	2
5176	4
5178	3
5179	3
5180	2
5182	2
5183	1
5184	3
5185	3
5186	2
5187	1
5188	2
5189	2
5190	1
21575	1
5191	1
5192	2
5193	2
5194	3
5196	2
5197	2
5198	2
5199	2
5201	1
5202	6
5203	2
5204	3
5207	2
5208	4
5209	4
5210	3
5211	2
5212	5
5213	3
5214	1
5215	3
5216	3
5217	3
5218	1
5219	1
5220	1
5221	2
5222	3
5223	2
5224	3
5225	4
5226	1
5227	2
5228	1
5229	1
5230	1
5231	2
5232	5
5233	2
5234	3
5235	3
5236	1
5237	6
5238	2
21622	1
5239	1
5240	1
5241	1
5242	2
5243	2
5244	1
5245	1
5247	1
5248	1
5249	1
5250	4
5251	1
5252	1
5253	3
5254	5
5255	1
5256	3
5257	2
5258	5
5261	2
5262	2
5263	4
5264	1
5265	4
5266	3
5267	1
5268	1
5269	1
5270	1
5271	2
5273	3
5274	1
5275	1
5276	5
5277	5
5278	2
5279	3
5280	1
5281	3
5282	3
5283	6
5284	2
5285	3
5286	3
5287	2
5288	2
5289	2
5291	1
5292	7
5293	1
5294	2
5295	1
5296	2
21680	1
5297	1
5298	1
5299	2
5300	2
5301	3
5304	1
5305	3
5306	3
5307	3
5308	2
5309	1
5310	2
5311	3
5312	3
5313	1
5314	1
5315	1
5316	2
5317	3
5318	4
5319	2
5320	1
5321	2
5322	3
5323	2
5324	3
5325	2
5326	1
5327	3
5328	1
5329	1
5330	6
5331	1
5332	1
5333	2
5334	3
5335	3
5337	1
5338	3
5340	1
5341	2
5342	3
5343	2
5345	3
5346	1
5347	2
5349	2
5350	2
5351	1
5352	1
5353	1
5354	1
5355	3
5357	1
5358	3
5359	1
5362	6
5364	2
5366	8
5367	1
5368	2
5369	4
5370	2
5371	3
5372	4
5373	2
5374	1
5375	1
5376	3
5377	1
5378	1
5380	1
5381	3
5383	2
5384	1
5385	1
5386	2
5388	2
5391	3
5392	3
5393	4
5394	1
5395	1
5397	4
5398	1
21783	1
5399	1
5400	2
5401	3
5403	1
5404	1
5405	2
5406	3
5408	2
5409	4
5410	1
5411	3
5412	5
5413	5
5415	1
5417	1
5418	2
5420	2
5421	3
5423	1
5424	2
5425	3
5426	2
5429	4
5430	2
5431	1
5432	3
5434	3
5435	1
5436	2
5437	3
5438	4
5439	1
5441	4
21827	1
5444	2
5445	1
5446	1
5447	1
5448	3
5449	3
5450	2
5451	2
5452	1
5453	1
5454	1
5455	2
5456	1
21841	1
5458	3
5459	2
5460	2
5461	2
5463	2
5464	1
5465	5
5466	1
5468	1
5469	3
5470	2
5471	2
5473	1
5474	1
5475	2
5476	3
5477	2
5479	3
5480	2
5481	4
5482	3
5483	2
5484	5
5486	2
5488	3
5491	3
5492	2
5494	3
5495	2
5496	1
5497	1
5498	4
5499	1
5500	1
5501	2
5502	1
5503	2
5504	1
5505	3
5506	1
5507	3
5508	1
5509	5
5510	2
5511	2
5512	2
5514	3
5515	4
5516	4
5517	3
5518	3
5519	2
5520	3
5521	3
5522	1
5523	1
5524	1
5526	2
5527	2
5528	1
5529	6
5530	2
5531	2
5532	4
5535	2
5536	2
5537	2
5538	1
5539	1
5540	1
5542	2
5544	1
5545	2
5546	1
5547	1
5549	4
5550	2
5551	1
5552	1
5553	2
5554	2
5555	1
5556	3
5557	3
5558	2
5559	3
5560	2
5561	4
5562	1
5563	1
5564	2
5565	2
5566	1
5567	3
5572	2
5573	3
5574	1
5577	2
5578	1
5579	1
5580	2
5581	2
5582	2
5583	2
5585	1
5586	1
5587	2
5588	2
5589	1
5590	1
5592	3
5593	1
5594	2
5595	3
5596	3
5597	1
5598	3
5600	1
5603	3
5604	3
5605	2
5606	4
5607	1
5608	2
5609	1
5610	4
5611	3
5613	1
5614	2
5615	2
5616	2
5617	2
5618	2
5619	1
5620	1
5621	2
5622	3
5623	2
5624	1
5625	4
5626	4
5627	2
5628	3
5629	2
5630	1
5631	3
5632	1
5633	4
5634	1
5635	1
5637	1
5638	1
5640	2
5641	2
5642	3
5644	1
5645	2
5646	1
5647	2
5648	1
5649	3
22033	1
5651	2
5652	1
5653	4
5654	5
5656	1
5657	2
5658	2
5659	1
5660	1
5661	2
5662	1
5663	1
5664	3
5665	1
5667	1
5668	2
5669	4
5670	3
5671	1
5672	1
5673	2
5674	4
5675	2
5677	1
5678	1
5679	1
5680	2
5681	2
5682	2
5683	2
5684	1
5685	1
5686	2
5687	1
5689	2
5690	1
5691	2
5692	3
5693	2
5694	4
5696	1
5697	1
5699	1
5700	1
5702	4
5704	1
5705	1
5706	1
5707	2
5708	3
5711	3
5712	1
5713	1
5714	1
5715	1
5716	4
5717	2
5718	2
5719	2
5720	1
5721	3
5722	1
5723	2
5724	3
5726	6
5727	1
5728	1
5729	1
5730	2
5731	2
5733	1
5734	2
5735	2
5737	1
5738	2
5740	1
5741	4
5742	2
5743	1
5744	1
5746	2
5747	1
5748	3
5749	1
5750	2
5752	2
5754	2
5755	1
5758	1
5760	2
5761	3
5762	2
5763	1
5764	2
5765	1
5766	1
5767	1
5769	1
5770	3
5771	1
5772	2
5773	2
5774	3
5775	2
22159	1
5776	4
5777	1
5778	2
5779	2
5780	1
5781	5
5782	1
5784	4
5785	1
5786	2
5788	3
5789	2
5791	2
5792	1
5793	1
5794	2
5795	3
5796	3
5797	2
5798	2
5799	2
5800	2
5802	2
5803	3
5804	2
5805	2
5806	1
5807	3
5808	3
5809	2
5810	3
5811	3
5812	1
5813	1
5814	1
5815	3
5817	3
5818	1
5819	2
5820	1
5821	2
5822	2
5823	5
5824	1
5825	2
5826	1
5828	2
5829	2
5830	1
5834	2
5835	1
5837	3
5838	3
5839	4
5840	2
5842	2
5843	3
5844	2
5846	1
5847	2
5848	1
5850	1
5851	1
5852	3
5854	1
5855	2
5856	4
5857	6
5858	2
5859	2
5860	2
5861	1
5862	1
5863	4
5865	3
5866	2
5867	4
5868	2
5869	1
5870	2
5871	2
5872	2
22256	1
5873	3
5874	3
5875	3
5876	2
5877	1
5880	1
5881	1
5882	4
5884	3
5885	2
5886	2
5887	1
5888	1
5889	2
5891	1
5894	3
5895	3
5896	1
5897	1
5899	3
5900	2
5903	2
5906	1
5907	3
5908	2
5909	2
5911	2
5912	2
5914	4
5915	1
5916	2
5917	4
5918	2
5919	1
5920	4
5921	3
5922	1
5923	1
5924	2
5925	1
5927	1
5928	2
5929	1
5930	1
5935	3
5936	1
5937	1
5939	1
5940	2
5941	1
5942	2
5943	3
5944	2
5945	3
5946	1
5948	1
5949	3
5950	1
5951	4
5952	2
5953	1
5955	1
5956	1
5958	2
5960	1
5961	2
5962	3
5963	1
5964	2
5966	2
5970	2
5971	2
5972	1
5974	2
5975	1
5977	3
5978	3
5979	4
5980	1
5982	1
5983	1
5984	1
5985	1
5987	3
5988	3
5989	1
5990	2
5993	1
5994	1
5995	1
5996	1
5997	2
5998	2
5999	1
6000	4
6001	2
6002	2
6003	1
6004	1
6005	2
6006	3
6007	1
6009	2
6010	1
6012	3
6014	1
6015	1
6016	2
6018	1
6019	1
6020	1
6021	2
6022	1
6023	2
6025	1
6026	1
6027	1
6028	2
6029	5
6030	1
6031	1
6032	2
6033	2
6034	1
6035	1
6036	2
6037	1
6038	1
6039	1
6041	2
6043	2
6044	3
6047	3
6048	2
6050	2
6052	1
6053	2
6054	1
22438	1
6055	2
6056	4
6057	1
6058	1
6059	1
6060	2
6061	1
6062	1
6064	2
6065	1
6066	3
6067	3
6068	4
6070	3
6071	1
6072	1
6074	2
6075	2
6076	4
6077	1
6078	2
6079	3
6080	2
6081	2
6082	1
6083	2
6086	2
6088	2
6089	1
6091	1
22475	1
6092	1
6093	1
6094	1
6095	1
6097	1
6098	1
6099	3
6100	1
6101	1
6102	1
6103	1
6104	1
6105	1
6106	3
6108	2
6109	4
6110	3
6111	2
6112	1
6114	1
6115	2
6116	1
6117	1
6118	1
6119	1
6121	1
6122	1
6123	3
6124	3
6125	2
6128	2
6130	1
6131	2
6133	1
6134	4
6136	1
6137	1
6138	3
6139	2
6142	2
6143	1
6146	3
6147	2
22531	1
6149	1
6151	3
6152	3
6153	1
6154	1
6155	1
6157	3
6158	1
6159	1
6160	2
6161	3
6162	2
6163	1
6164	1
6165	1
6167	2
6168	2
6170	3
6171	1
6174	1
6176	2
6177	1
6178	2
6179	2
6180	2
6181	1
6182	1
6183	7
6186	1
6188	2
6189	3
6190	3
6191	3
6192	3
6193	1
6194	2
6195	1
6196	3
6197	1
6198	2
6199	4
6200	1
6203	1
6204	2
6205	1
6206	2
6209	1
6210	1
6211	2
6213	1
6214	1
6215	2
6216	1
6217	1
6218	1
6219	2
6220	2
6221	1
6224	1
6225	1
6226	1
6228	3
6229	3
6230	1
6232	1
6234	1
6235	2
6236	4
6237	2
6238	2
6239	5
6240	2
6242	1
6243	3
6245	1
6247	1
6250	3
6251	3
6252	2
6253	1
6254	1
6256	1
6258	1
6259	2
6260	2
6261	3
6262	1
6263	1
6265	2
6267	1
6269	1
6273	3
6274	1
6277	1
6278	1
6279	2
6280	3
6282	2
6286	1
6287	1
6288	1
6289	3
6291	1
6292	1
6293	1
6294	2
6295	1
6297	1
6299	2
6300	1
6301	1
6303	2
6304	4
6305	4
6306	2
6309	1
6310	1
6312	2
6314	1
6315	1
6316	1
6317	3
6318	2
6319	1
6320	2
6321	1
6323	3
6324	1
6325	1
6326	2
6327	3
6330	3
6331	3
6332	1
6333	3
6334	1
6335	1
6337	2
6338	1
6339	2
6341	1
6342	2
6343	1
6344	2
6345	1
6346	1
6347	1
6349	4
6350	1
6352	1
6353	1
6354	1
6355	2
6356	1
6359	2
6360	1
6361	2
6363	1
6364	2
6365	3
6367	1
6369	2
6370	1
6371	1
6373	1
6374	3
6375	1
6376	1
6379	1
6380	3
6381	1
6382	1
6383	1
6384	2
6385	1
6386	2
6387	1
6388	2
6389	2
6390	1
6391	2
6394	2
6395	4
6396	4
6399	3
6400	2
6401	1
6406	1
6407	4
6409	1
6412	1
6413	4
6414	1
6415	3
6418	3
6419	1
6420	3
6421	1
6426	2
6427	1
6429	1
6430	1
6431	1
6432	4
6434	1
6436	1
6439	4
6440	1
6441	1
6442	1
6443	3
6444	1
6447	1
6448	1
6449	2
6452	1
6453	1
22837	1
6455	3
6456	2
6457	3
6458	1
6460	1
6461	1
6462	2
6463	1
6464	2
6465	3
6467	1
6468	1
6470	1
6471	2
6475	2
6476	2
6479	1
6480	1
6481	1
6482	2
6484	1
6486	1
6487	1
6488	3
6489	2
6491	2
6492	2
6493	2
6495	2
6496	1
6497	1
6499	1
6501	2
6503	1
6504	1
6505	6
6506	1
6510	2
6511	2
6512	2
6513	3
6515	1
6516	1
6519	1
6520	2
6521	1
6522	1
6524	1
6525	2
6526	2
6528	2
6531	1
22916	1
6533	2
6534	1
6536	2
6537	2
22923	1
6540	1
6541	1
6542	1
6543	2
6544	1
6546	3
6549	2
6552	1
6553	1
6556	2
6557	2
6558	2
22943	1
6560	1
6561	2
6562	1
6563	2
6566	1
6567	3
6568	2
6570	1
6572	3
6574	1
6575	3
6577	1
6578	3
6579	2
6580	1
6581	3
6582	1
6584	1
6586	4
6587	3
6589	2
6590	1
6592	1
6593	1
6594	1
6596	2
6597	4
6602	2
6603	2
6604	1
6605	1
6606	1
6608	4
6610	1
6612	1
6613	1
6615	1
6616	1
6618	2
6619	1
6621	1
6623	2
6624	1
6625	1
6626	1
6628	1
6629	2
6632	2
6633	1
6635	2
6638	1
6639	2
6640	1
6642	1
6643	1
6645	2
6650	1
6651	1
6652	1
6655	1
6656	1
6657	2
6658	1
6660	2
6661	1
6662	1
6663	2
6665	1
6669	2
6670	2
6671	3
6672	1
6673	1
6674	1
6676	2
6677	4
6678	3
6680	2
6681	2
6684	1
6685	1
6688	1
6689	1
6691	3
6692	3
6693	2
6695	2
6700	1
6701	2
6704	1
6705	1
6707	1
6708	2
6709	1
6710	2
6711	3
6712	2
6713	1
6716	3
6717	2
6718	1
6721	1
6724	1
6726	2
6727	3
6729	1
6731	1
6733	2
6735	2
6736	1
6737	2
6739	2
23123	1
6741	1
6746	3
6747	2
6748	1
6749	1
6751	2
6753	1
6754	1
6755	1
6757	2
6758	1
6760	1
6762	1
23146	1
6765	1
6766	2
6767	1
6769	1
6770	1
6771	1
6772	2
6773	2
6775	1
6777	1
6778	3
6779	1
6781	2
6782	2
6786	1
6791	1
6792	1
6796	2
6797	1
6798	1
6799	1
6800	3
6801	2
6802	4
6804	2
6808	1
6809	1
6811	2
6812	1
6813	3
6815	1
6816	1
6818	1
6820	2
6822	1
6823	1
6827	2
6828	1
6833	1
6835	2
6838	2
6839	2
6841	2
6843	3
6846	1
6847	2
6851	1
6852	1
6853	1
6854	1
6855	2
6856	2
6858	3
6861	3
6863	2
6864	2
6866	2
6867	1
6868	1
6871	1
6873	1
6874	1
6876	1
6877	1
6879	1
6882	2
6884	1
6886	1
6887	1
6888	3
6891	1
6892	1
6894	1
6895	2
6898	1
6899	2
6900	2
6902	1
6904	1
6905	1
6906	1
6910	2
6913	1
6915	1
6917	1
6918	3
6924	4
6925	1
6927	2
6928	1
6930	3
6931	2
6936	1
6939	1
6940	1
6943	3
6944	1
6945	3
6946	3
6948	2
6949	1
6950	1
6951	1
6953	1
6956	2
6957	1
6962	2
6965	1
6967	2
6971	2
6975	1
6976	2
6978	1
6979	1
6980	1
6981	4
6982	1
6983	1
6984	2
6986	2
6987	1
6988	1
6990	1
6994	1
6995	2
6996	1
7000	3
7002	1
7003	1
7004	2
7005	1
7006	1
7010	2
7012	1
7014	2
7015	3
7016	1
7017	2
7019	1
7020	1
7022	1
7023	1
7024	1
7026	1
7028	1
7029	3
7031	2
7032	1
7033	1
7034	1
7035	1
7038	2
23424	1
7042	3
7044	1
7045	3
7046	1
7048	1
7049	1
7050	2
7051	1
7053	1
7054	3
7055	1
7056	1
7057	1
7058	2
7059	1
7061	2
7062	1
7064	1
7066	1
7067	1
7068	2
7073	1
7074	1
7075	1
7076	2
7077	1
7079	1
7080	2
7082	1
7084	2
7085	1
7086	1
7087	1
7088	1
7089	1
7091	1
7092	1
7093	1
7094	1
7101	1
7102	2
7103	1
7107	2
7110	1
7114	1
7117	1
7118	2
7120	1
7123	3
7126	1
7129	1
7131	1
7136	2
7137	1
7139	2
7142	2
7143	1
7144	1
7146	1
7147	2
7149	2
7150	1
7154	1
7156	1
7158	1
7159	2
7160	2
7161	2
7162	2
7163	2
7164	2
7166	2
7167	2
7168	3
7169	3
7170	2
7173	1
7175	1
7176	1
7177	1
7178	2
7179	4
7180	1
7182	1
7184	2
7186	1
7187	1
7188	2
7189	2
7193	1
7194	1
7195	1
7196	2
7197	1
7201	1
7202	1
7206	1
7208	2
7209	1
7210	1
7211	2
7213	2
7214	3
7217	2
7219	1
7220	1
7221	1
7222	1
7224	1
7226	1
7227	1
7230	1
7232	1
7233	1
7234	2
7235	1
7236	1
7238	1
7239	2
7240	1
7242	1
7246	2
7247	2
7249	1
7251	1
7253	1
7254	1
7256	1
7258	1
7259	2
7260	2
7262	1
7263	1
7266	2
7267	2
7268	1
7270	1
7271	1
7272	1
7273	1
7275	2
7276	1
7279	1
7281	2
7283	1
7286	1
7287	1
7290	1
7294	1
7295	1
7300	1
7301	1
7305	1
7308	1
7309	3
7311	2
7312	1
7315	2
7318	2
7319	1
7321	1
7322	1
7326	1
7327	1
7329	4
7330	1
7331	1
7334	1
7335	1
7338	2
7339	3
7341	1
7342	3
23726	1
23727	1
23729	1
23730	1
7346	1
7347	1
23731	1
23732	1
7348	1
7349	1
23733	1
23734	1
23735	1
23736	1
7353	1
7358	1
7359	1
7360	1
7361	1
7364	1
23750	1
7367	1
7368	1
7370	1
7371	2
7373	1
7375	1
7378	1
7379	2
7380	1
7382	2
7383	1
7385	3
23770	1
7387	1
7388	1
23772	1
7391	1
7392	2
7394	1
23779	1
7396	1
7398	1
7401	1
23785	1
7403	1
7404	1
7405	1
7407	1
23793	1
7409	1
7411	1
7412	1
23798	1
7415	2
7417	1
7419	1
7420	1
7421	1
7422	1
7426	1
7428	1
7429	2
7430	1
7431	2
7434	2
7436	1
7440	1
7441	1
23826	1
7443	1
7446	1
23831	1
23832	1
7449	1
23833	1
23834	1
23835	1
7452	2
23836	1
23837	1
23838	1
7454	1
23839	1
23840	1
7457	1
23841	1
23842	1
7459	2
23843	1
23844	1
23845	1
7461	1
23846	1
7462	1
23847	1
7468	1
7470	1
7471	1
7472	2
7477	1
7478	2
7479	1
7480	1
7483	1
7484	1
7485	1
7487	1
7488	2
7491	2
7496	1
7500	1
7504	1
7505	1
7507	1
23894	1
7511	1
7513	4
7515	1
7516	2
7518	1
7520	2
7522	2
7524	2
7527	3
7528	2
7532	2
7533	3
7534	1
23918	1
23919	1
7540	1
7541	1
7542	1
7544	1
7545	1
7546	2
7548	2
23933	1
7550	1
7551	3
7555	1
7558	2
7559	1
7561	1
7564	1
7571	1
7573	2
23959	1
7576	3
7577	1
7579	2
7580	1
7582	1
23967	1
7584	1
7586	1
7588	1
7589	2
7590	4
23976	1
7592	2
7593	1
7595	2
7597	1
7598	1
7599	3
7601	1
7602	1
7605	1
7606	1
7607	1
7608	1
7609	1
7610	1
7611	2
7612	1
7613	1
7616	2
7618	1
7619	3
7620	1
7622	1
7623	2
7625	1
7626	1
24011	1
7628	1
7629	1
7631	1
7632	1
7634	1
7635	1
7636	1
7642	2
7645	1
7647	1
7648	1
7649	1
7657	1
7660	2
7661	1
7662	2
7664	1
7665	1
7666	2
7668	2
7671	1
7673	1
7676	1
7679	1
7680	1
7681	2
7682	1
7683	2
7686	1
7687	2
7688	2
7689	4
7691	1
7692	4
7694	1
7697	2
24082	1
24086	1
7705	1
7713	1
7714	1
7718	1
7720	1
7725	1
7726	1
7729	1
7731	1
7732	1
7737	1
7740	2
7741	1
7743	1
7745	1
7749	1
7751	1
24138	1
24146	1
24147	1
7764	1
7766	1
7768	3
7769	1
7771	1
24156	1
7773	1
7774	2
7778	1
7780	1
7781	2
7785	1
7790	2
7794	1
7795	1
7796	1
7797	1
7798	1
7799	1
7800	1
7801	2
7803	1
7805	1
7807	1
24191	1
7809	1
7811	1
7812	1
7816	1
7818	1
7819	1
24205	1
7822	3
7824	1
7828	1
7832	3
7833	1
24217	1
7837	1
7838	2
7839	2
7840	1
7841	1
7843	2
7849	1
7850	1
7859	1
7860	1
7867	2
7868	2
7873	1
7877	2
7880	1
7881	1
7883	1
7884	1
7888	1
7890	1
7891	1
7892	2
7898	1
7901	1
7905	1
7909	1
7910	1
7913	1
7916	1
7919	2
7922	1
7923	1
7924	2
7926	1
7927	1
7930	1
7932	1
24317	1
7940	1
7944	1
24328	1
7945	1
7950	1
7952	1
7953	1
7955	1
7960	1
7962	1
7963	1
7964	1
7965	1
7966	1
7967	1
7968	1
7970	1
7973	1
7975	1
7977	1
7978	1
7983	1
7986	2
7989	2
7990	1
7991	2
7993	1
7995	2
7997	1
7999	1
8000	1
8001	1
8003	1
8004	1
8006	1
8012	1
8013	1
8014	1
8015	1
8016	1
8017	1
8019	1
8021	1
8023	1
8026	1
8032	1
8034	1
8036	1
8037	1
8038	3
8042	1
8043	1
8045	1
8047	2
8051	1
8054	1
8057	1
8061	1
8066	3
8070	1
8072	1
8073	2
8074	2
8075	1
8076	1
8077	1
8078	2
8080	1
8081	1
8082	1
8085	1
8090	1
8091	1
8093	1
8094	1
8097	1
8098	1
24483	1
8107	1
8116	1
8117	2
8121	1
8122	2
8123	1
8124	1
8126	1
8136	1
8138	1
8140	2
8147	1
8148	2
8150	2
8153	1
8155	1
8157	1
8159	2
8161	2
8169	2
8172	1
8176	1
8177	1
8178	1
8179	1
8180	1
24567	1
8185	2
24572	1
8190	1
8193	1
8199	2
8201	1
8202	1
8208	1
8209	1
8210	2
8219	1
8220	1
8221	2
8222	2
8223	2
8226	1
8233	1
8234	1
8236	1
8238	1
8239	2
8240	1
8241	1
8245	1
8247	1
8249	1
8250	1
8260	2
8262	1
8266	2
8267	2
8268	1
8269	1
8270	3
8272	1
8273	1
8274	1
8276	1
8283	2
8284	1
8285	1
8287	1
8288	1
8290	1
8293	1
8294	1
8296	1
8299	1
8303	1
8304	1
8306	1
24697	1
8317	2
8318	1
8320	1
8323	1
8326	3
8328	1
24713	1
8330	1
8331	1
8335	1
8342	1
8348	1
8350	1
8352	1
8356	1
8362	1
8368	1
8370	1
8374	1
8377	1
8378	1
8383	1
8384	1
8388	1
8392	1
8394	1
8396	1
24782	1
8399	1
8400	1
8401	1
8403	1
8406	1
8407	1
8408	1
8414	2
8415	1
8420	1
8422	1
8423	1
8424	1
8429	1
8436	1
8438	1
8440	1
8442	1
8444	2
8450	1
8451	2
8453	1
8456	1
8457	1
8459	1
8464	1
8472	1
8476	1
8478	1
8486	1
8488	2
8489	1
8491	1
8494	1
8495	1
8496	1
8511	1
8514	1
8520	1
8521	1
8524	1
8526	1
8527	1
8530	1
8531	1
8535	1
8541	1
8543	1
8544	1
8545	1
8548	1
8551	1
8552	2
8559	1
8561	1
24948	1
8573	1
8574	1
8575	1
8580	1
8581	1
8582	3
8585	1
8586	1
8587	1
8588	1
8589	1
8591	1
8592	1
8594	1
8595	1
8596	1
8597	1
8600	1
8601	1
8604	1
8607	1
8610	1
8617	1
8620	1
8621	1
8629	1
8630	2
8632	1
8633	1
25018	1
8638	1
8640	1
8641	1
8642	2
8643	1
8646	1
8648	1
8649	1
8652	1
8653	1
8654	1
8662	1
8663	1
8664	1
8665	1
8667	1
8673	1
8675	1
8684	1
8687	1
8694	3
8696	1
8697	1
8701	1
8705	1
8706	1
8711	1
8713	1
8719	1
8723	1
8726	1
8729	1
8730	1
8732	2
8733	1
8738	1
8739	1
8741	1
8747	1
8751	1
8758	1
8759	1
8760	1
8761	1
8763	1
8764	1
8765	1
8768	1
8770	1
8773	1
8779	1
8783	3
8784	1
8788	1
8789	2
8791	2
8792	1
8801	1
8803	1
8807	1
8809	2
8810	1
8811	2
8816	1
8817	1
8819	2
8822	2
8827	1
8831	2
8834	2
8840	1
8851	2
8852	1
8853	1
8856	1
8857	1
8858	1
8863	1
8864	1
8867	1
8873	1
8874	1
8879	1
8880	2
8884	2
8885	1
8888	1
8889	1
8890	1
8892	1
8893	1
8900	1
8906	2
8908	1
8909	1
8910	1
8914	1
8921	2
8927	1
8933	1
8937	1
8940	1
8945	1
8955	1
8960	2
8963	1
8967	1
8971	1
8973	1
8976	1
8977	1
8985	1
8988	1
8991	1
8995	1
9001	1
9003	2
9005	2
9007	2
9009	1
9010	1
9016	1
9020	1
9025	1
9027	1
9028	1
9035	2
9036	2
9037	1
9041	1
9048	1
9050	1
9053	1
9055	2
9056	1
9061	1
9063	1
9067	1
9071	1
9073	2
9074	1
9079	1
9081	1
9086	1
9087	1
25484	1
9111	1
9113	1
9122	1
9125	1
9127	1
9131	1
9135	1
9139	1
9141	3
9151	1
9152	1
9155	1
9157	1
9160	1
9161	1
9162	1
9163	1
9165	1
9171	1
9174	1
9177	1
9179	1
9180	1
9182	2
9191	1
9192	1
9200	1
9203	1
9206	1
9211	1
9212	2
9213	2
9217	2
9218	1
9221	1
9227	1
9231	1
9234	3
9235	1
9236	1
9238	1
9246	1
9248	1
9253	1
9256	1
9259	1
9260	1
9262	1
9267	1
9272	1
9273	1
9279	1
9281	1
9284	1
9286	1
9289	2
9291	2
9296	2
9298	1
9301	1
9304	1
9310	1
9315	1
9322	1
9326	3
9328	1
9329	1
9330	1
9331	1
9337	1
25722	1
9339	2
9341	2
25725	1
9343	1
9347	1
9353	1
9355	1
9367	1
9368	2
9369	1
9381	2
25768	1
9385	1
9387	1
9391	1
9396	1
9399	2
9402	1
9403	1
9405	1
9406	1
9407	2
9412	1
9413	1
9416	1
9418	1
9420	1
9430	1
9432	1
9436	2
9439	2
9446	1
9447	2
9448	1
9455	1
9463	1
9465	1
9466	1
9475	1
9482	2
9487	1
9490	1
9494	1
9499	2
9500	2
9503	1
9515	1
9530	1
9532	1
9534	1
9535	1
9536	1
9540	1
9541	1
9544	1
9545	1
9553	2
9556	1
9559	1
9560	1
9561	1
9563	1
9568	1
9569	1
9573	1
9580	2
9582	2
9586	1
9594	1
9595	2
9596	1
9599	1
9601	1
9606	1
9609	1
9610	1
9612	1
9614	1
9616	1
9617	1
9622	1
9623	1
9625	1
9633	1
9638	1
9645	1
9647	1
9649	1
9652	1
9657	1
9669	1
9680	1
9685	1
9688	1
9691	1
9694	2
9696	2
9703	1
9705	2
9714	2
9732	2
9733	1
9735	1
9736	1
9743	1
9746	2
9751	1
9752	1
9787	1
9791	2
9804	1
9805	1
9810	1
9811	1
9818	1
9823	1
9841	1
9846	1
9847	1
9858	1
9863	1
9867	1
9868	1
9873	1
9888	1
9895	2
9902	1
9904	1
9909	1
9925	1
9935	1
9938	2
9941	1
9942	1
9947	1
9948	1
9949	1
9951	1
9956	2
9957	2
9958	1
9963	1
9968	1
9977	1
9987	1
9989	1
9990	1
9995	1
9996	1
10005	2
10010	1
10013	1
10014	1
10016	1
10031	1
10032	1
10036	1
10041	1
10044	2
10046	1
10056	2
10058	1
10059	1
10063	1
10071	1
10073	1
10076	2
10078	1
10083	1
10087	1
10088	1
10090	1
10094	1
10097	1
10099	2
10107	1
10108	2
10114	1
10120	1
10121	1
10130	1
10133	1
10134	2
10135	2
10136	1
10141	1
10151	1
10158	1
10173	1
10175	1
10182	1
10183	1
10187	1
10190	1
10212	1
10218	1
10230	1
10235	1
10240	1
10255	1
10262	1
10266	1
10275	1
10290	1
10314	1
10317	1
10320	1
10324	1
10339	1
10341	1
10345	1
10356	1
10357	2
10358	1
10359	1
10369	1
10374	1
10380	1
10389	1
10402	1
10405	2
10415	1
10417	1
10427	1
10436	1
10447	1
10456	1
10462	1
10465	2
10470	1
10488	1
10491	1
10493	1
10498	1
10533	1
10541	1
10543	1
10547	1
10554	1
10558	1
10563	1
10570	1
10571	1
10573	1
10581	1
10592	1
10608	1
10613	1
10616	1
10621	1
10630	1
10633	1
10635	1
10637	1
10638	2
10639	1
10641	1
10648	1
10665	1
10668	1
10669	1
10670	1
10672	1
10673	1
10675	1
10681	2
10687	1
10690	1
10692	1
10694	1
10700	1
10705	1
10713	1
10721	1
10723	1
10731	1
10746	1
10749	2
10755	1
10757	1
10764	1
10778	1
10780	1
10781	1
10782	1
10785	2
10787	2
10797	1
10802	1
10808	1
10809	1
10816	1
10826	1
10832	1
10840	1
10852	1
10854	1
10858	1
10860	1
10884	1
10888	1
10893	1
10894	1
10901	1
10906	1
10908	1
10912	1
10917	1
10920	2
10922	2
10929	1
10933	1
10935	1
10940	1
10952	2
10953	1
10960	1
10968	1
10984	1
10990	2
10992	1
10997	1
11000	1
11018	2
11034	1
11035	1
11047	1
11061	1
11068	1
11076	1
11084	1
11088	1
11094	1
11097	1
11112	1
11120	1
11129	2
11137	1
11139	1
11142	1
11144	1
11147	1
11148	1
11149	2
11151	1
11153	1
11156	1
11161	1
11162	1
11164	1
11166	1
11173	1
11175	1
11186	1
11197	1
11205	1
11207	1
11209	1
11221	1
11228	1
11229	1
11231	1
11235	1
11249	1
11257	1
11259	1
11261	1
11270	1
11272	1
11280	2
11291	1
11297	2
11298	1
11300	1
11302	1
11305	1
11313	1
11319	1
11320	2
11326	1
11327	1
11332	1
11341	1
11342	1
11364	1
11373	1
11375	1
11378	1
11380	1
11385	1
11388	1
11390	1
11391	2
11393	1
11430	1
11434	1
11435	1
11452	1
11457	1
11459	1
11462	1
11465	1
11477	1
11495	1
11507	1
11508	1
11512	1
11516	1
11518	2
11533	1
11547	1
11555	1
11557	1
11563	1
11564	1
11570	1
11577	1
11589	1
11594	1
11604	1
11606	1
11616	1
11630	1
11631	1
11632	1
11637	1
11640	1
11643	1
11644	1
11648	1
11654	1
11658	1
11660	1
11672	1
11686	1
11704	1
11706	1
11713	1
11714	1
11724	1
11730	1
11732	1
11739	1
11742	1
11743	1
11744	1
11751	1
11752	1
11769	1
11785	1
11787	1
11791	1
11792	1
11805	1
11811	1
11812	1
11813	2
11817	1
11825	1
11831	1
11832	1
11834	1
11840	1
11842	1
11850	1
11851	1
11858	1
11869	1
11871	1
11877	1
11879	1
11897	1
11904	1
11920	1
11921	1
11922	1
11923	1
11925	1
11934	1
11941	1
11947	2
11951	1
11955	1
11958	1
11961	1
11965	1
11972	1
11978	1
11989	1
11997	1
11998	1
12004	1
12009	1
12022	1
12028	1
12030	1
12045	1
12047	1
12054	1
12060	1
12062	1
12065	2
12077	1
12101	1
12102	1
12109	1
12117	1
12143	2
12149	1
12164	1
12169	1
12173	1
12190	2
12202	1
12203	1
12206	1
12207	1
12212	1
12216	1
12217	2
12218	1
12235	1
12241	1
12253	1
12261	1
12268	1
12270	1
12272	1
12276	1
12283	1
12285	1
12292	1
12309	1
12312	1
12315	1
12316	1
12317	1
12320	1
12328	1
12333	1
12336	1
12340	1
12342	2
12344	1
12347	1
12348	1
12350	1
12355	2
12356	2
12358	1
12361	2
12365	1
12367	1
12368	1
12372	1
12375	1
12377	1
12385	1
12400	1
12403	1
12405	1
12407	1
12414	1
12417	1
12434	1
12441	1
12446	1
12450	1
12458	2
12459	1
12469	1
12474	1
12477	1
12479	1
12483	1
12526	1
12528	1
12536	1
12540	1
12541	1
12545	1
12547	1
12553	1
12555	1
12556	1
12559	1
12563	1
12569	1
12580	1
12582	1
12590	1
12603	1
12611	1
12616	1
12623	1
12635	1
12645	1
12658	1
12662	1
12665	1
12670	1
12673	1
12686	1
12687	1
12699	1
12729	1
12748	1
12753	1
12754	1
12755	1
12768	1
12775	1
12780	1
12782	1
12787	1
12788	1
12794	1
12796	1
12801	1
12804	1
12808	1
12810	1
12814	1
12817	2
12827	1
12845	1
12853	1
12861	1
12876	1
12898	1
12899	1
12906	1
12909	1
12915	1
12921	1
12932	1
12940	2
12944	1
12945	1
12955	1
12956	1
12962	1
12964	1
12966	1
12969	1
12974	1
12975	2
12984	1
12988	1
12990	1
12998	1
13002	1
13007	1
13013	1
13021	1
13022	1
13029	1
13033	2
13039	1
13041	1
13066	1
13071	1
13072	1
13089	1
13092	1
13096	1
13106	1
13108	1
13132	1
13150	1
13164	1
13167	1
13171	1
13172	1
13174	1
13180	1
13182	2
13189	1
13209	1
13214	1
13217	1
13228	1
13240	1
13246	1
13247	1
13250	1
13271	1
13284	1
13289	1
13297	1
13322	1
13324	1
13325	1
13326	1
13336	1
13345	1
13370	1
13373	1
13391	1
13397	1
13398	1
13432	1
13436	1
13446	1
13450	1
13470	1
13472	1
13486	2
13489	1
13491	1
13508	1
13516	1
13544	1
13552	1
13554	1
13561	1
13565	1
13587	1
13589	1
13594	1
13601	1
13609	1
13630	1
13631	1
13634	1
13639	1
13640	1
13643	1
13656	1
13661	1
13663	1
13667	1
13682	1
13683	1
13688	1
13694	1
13713	1
13715	1
13717	1
13723	1
13746	1
13771	3
13774	1
13775	1
13780	1
13802	1
13807	1
13822	1
13825	1
13836	1
13843	1
13873	1
13881	1
13888	1
13893	1
13894	1
13898	1
13912	1
13916	1
13923	1
13924	1
13939	1
13941	1
13942	1
13943	1
13949	1
13960	1
13962	1
13985	1
13993	1
13995	1
13998	1
14005	1
14011	1
14023	1
14026	1
14030	1
14036	1
14050	1
14060	1
14070	1
14073	1
14080	1
14110	1
14116	1
14118	1
14130	1
14132	1
14139	1
14142	1
14156	1
14168	1
14171	1
14172	1
14174	1
14177	1
14180	1
14183	1
14185	1
14187	1
14188	1
14194	1
14205	1
14208	2
14209	2
14213	1
14227	1
14230	1
14233	1
14237	1
14240	1
14252	2
14256	1
14298	1
14306	2
14321	1
14327	1
14338	1
14362	1
14369	1
14373	1
14375	1
14379	1
14382	1
14387	1
14393	1
14408	1
14413	1
14417	1
14441	1
14457	1
14458	2
14461	3
14463	1
14477	1
14480	1
14490	1
14491	1
14494	1
14499	1
14501	1
14502	1
14504	1
14505	1
14518	1
14528	2
14529	1
14541	1
14542	1
14546	1
14552	1
14557	1
14559	1
14567	1
14569	1
14574	2
14578	1
14584	1
14587	1
14589	1
14592	1
14598	1
14600	1
14613	1
14626	2
14630	1
14644	2
14648	1
14655	1
14657	1
14671	1
14675	1
14678	1
14691	1
14693	1
14699	2
14712	1
14718	1
14719	1
14724	1
14726	1
14727	1
14733	1
14742	1
14755	1
14761	1
14765	1
14775	1
14785	1
14787	1
14797	1
14798	1
14800	1
14802	1
14804	1
14816	1
14821	2
14829	2
14839	2
14840	1
14841	1
14857	1
14858	2
14862	1
14863	2
14865	1
14871	1
14879	1
14888	1
14890	1
14892	1
14893	1
14895	2
14900	1
14903	1
14907	1
14911	1
14921	1
14926	2
14930	1
14937	1
14941	1
14942	1
14944	1
14948	1
14953	1
14958	1
14959	2
14961	1
14969	1
14972	1
14979	1
14984	1
14990	1
14996	1
14998	1
15001	1
15002	1
15003	1
15009	1
15013	1
15015	1
15028	1
15030	2
15035	2
15041	1
15042	1
15047	1
15051	1
15052	1
15053	1
15067	1
15070	1
15091	1
15092	1
15103	1
15109	1
15110	1
15114	1
15118	1
15134	1
15137	2
15140	1
15141	1
15148	1
15149	1
15150	1
15152	1
15153	1
15156	1
15157	1
15158	1
15160	1
15161	1
15164	1
15165	2
15179	2
15180	1
15181	2
15189	1
15195	1
15197	1
15198	2
15201	1
15203	1
15206	1
15209	1
15222	1
15237	1
15241	1
15248	1
15252	1
15255	1
15258	1
15260	1
15263	1
15264	1
15265	1
15266	1
15270	1
15290	1
15294	2
15296	2
15298	1
15303	1
15308	1
15314	2
15327	1
15329	2
15339	2
15345	1
15346	1
15349	1
15353	2
15360	1
15363	1
15374	1
15377	1
15382	1
15387	1
15389	1
15402	1
15403	1
15409	1
15411	1
15413	1
15415	2
15421	1
15432	2
15438	1
15456	1
15460	1
15461	1
15467	1
15469	1
15476	1
15478	1
15480	1
15483	1
15489	1
15493	1
15494	1
15502	1
15506	2
15508	1
15515	1
15516	1
15527	1
15529	1
15531	1
15533	2
15534	2
15539	1
15541	1
15548	1
15553	2
15554	1
15556	1
15557	1
15573	1
15582	1
15590	1
15595	1
15614	1
15617	1
15627	1
15635	1
15636	1
15646	1
15650	2
15652	1
15660	1
15667	1
15668	1
15683	1
15688	1
15694	1
15695	1
15699	1
15700	1
15703	1
15712	1
15714	1
15719	1
15724	2
15732	1
15733	1
15734	1
15739	1
15743	1
15745	1
15756	1
15758	1
15763	2
15771	1
15774	1
15775	1
15780	1
15781	1
15782	1
15784	1
15785	1
15789	1
15795	1
15800	1
15816	1
15822	1
15823	1
15829	1
15830	1
15835	1
15840	1
15850	1
15853	1
15856	1
15858	2
15863	1
15864	1
15870	1
15871	1
15872	1
15873	1
15875	1
15876	2
15879	1
15888	1
15889	1
15893	1
15895	1
15902	1
15906	2
15910	1
15915	1
15920	1
15931	1
15938	1
15941	1
15942	1
15945	2
15951	1
15954	1
15956	1
15957	1
15959	1
15964	1
15966	1
15968	1
15970	1
15973	1
15978	1
15979	2
15981	1
15984	1
15988	1
15989	1
15990	1
15997	1
15999	1
16000	1
16004	1
16005	1
16019	1
16021	1
16022	1
16024	1
16025	1
16028	1
16029	1
16030	1
16047	2
16050	2
16053	1
16061	1
16062	1
16084	3
16086	1
16093	1
16096	1
16099	2
16117	1
16121	1
16123	1
16124	1
16126	1
16127	1
16130	1
16139	1
16147	1
16149	1
16153	1
16154	1
16156	1
16162	1
16166	1
16170	2
16172	1
16173	1
16193	1
16195	3
16196	1
16201	1
16203	1
16204	1
16205	1
16206	1
16210	1
16214	1
16217	1
16226	1
16231	1
16232	2
16244	1
16247	1
16250	2
16255	1
16262	1
16267	1
16271	1
16272	2
16273	1
16278	1
16280	1
16291	1
16292	2
16304	1
16306	1
16308	1
16317	1
16320	1
16321	1
16330	1
16334	1
16336	1
16338	1
16343	1
16346	1
16347	1
16353	1
16354	2
16359	1
16365	1
16366	1
16369	1
16378	1
16383	1
